FoamFile
{version 2.0; format ascii;class vectorField; location 0;object  v;}
28
(
( 0.00746001 0.00280957 -0.00135608 )  
( -1.71634e-07 3.72521e-07 -5.78284e-08 )  
( -2.71693e-09 1.29427e-07 8.69431e-08 )  
( 0.00204519 0.00244034 -4.11567e-05 )  
( 0.000607108 0.000195334 -1.8486e-05 )  
( -0.000221882 -0.000392956 2.05431e-05 )  
( -0.00946986 0.0117076 -0.00221208 )  
( 0.00142972 -0.000868628 -0.000202613 )  
( 0.00844374 -0.0127873 -0.00339981 )  
( 0.000658033 0.000403086 1.75908e-05 )  
( -0.00768391 0.0027998 0.000398665 )  
( -0.0101347 0.00415854 -0.00418909 )  
( -0.00664544 0.000977227 -7.0543e-06 )  
( 0.00314524 -0.00569279 0.000190646 )  
( 0.0178196 -0.0144343 0.00587872 )  
( -0.00228742 0.000405101 -3.91487e-05 )  
( -8.42108e-08 4.0074e-07 1.09778e-08 )  
( -0.000693548 -0.0117694 0.00319368 )  
( 0.000735147 0.00130086 2.25374e-05 )  
( 0.00371537 -0.00261769 -0.0011784 )  
( 0.00135077 0.00923807 -0.00233925 )  
( 1.90566e-05 -8.22454e-05 2.81966e-06 )  
( 0.0137327 0.00841571 0.00241914 )  
( -3.49345e-05 0.000184196 -8.22307e-07 )  
( -0.00123704 -0.0014468 -8.54693e-05 )  
( -0.000701883 -0.000372091 1.82375e-05 )  
( 0.00635741 0.00734907 0.000696402 )  
( -0.00133451 -0.00281488 -1.31575e-05 )  
)
