/*--------------------------------*- C++ -*----------------------------------*\
  =========                 |
  \\      /  F ield         | OpenFOAM: The Open Source CFD Toolbox
   \\    /   O peration     | Website:  https://openfoam.org
    \\  /    A nd           | Version:  6
     \\/     M anipulation  |
\*---------------------------------------------------------------------------*/
FoamFile
{
    version     2.0;
    format      ascii;
    class       volScalarField;
    location    "0.08";
    object      p;
}
// * * * * * * * * * * * * * * * * * * * * * * * * * * * * * * * * * * * * * //

dimensions      [0 2 -2 0 0 0 0];

internalField   nonuniform List<scalar> 
1152
(
1.01111
1.01153
1.01525
1.01513
1.01314
1.014
1.01505
1.01308
1.01719
1.0155
1.01413
1.01337
1.01317
1.01079
1.01513
1.01257
1.00565
1.00594
1.00567
1.00588
1.00554
1.0055
1.00559
1.00605
1.00544
1.00522
1.00542
1.00595
1.00517
1.00509
1.00536
1.00606
1.00724
1.00736
1.0074
1.00745
1.00734
1.0074
1.00745
1.00754
1.00741
1.00741
1.00747
1.00754
1.00741
1.0074
1.0074
1.00753
1.00693
1.007
1.00706
1.0071
1.00699
1.00704
1.0071
1.00713
1.00703
1.00707
1.00712
1.00716
1.007
1.00706
1.00711
1.00716
1.00658
1.00662
1.00666
1.00669
1.00661
1.00664
1.00668
1.00671
1.00664
1.00666
1.0067
1.00673
1.00664
1.00667
1.00671
1.00674
1.00627
1.00629
1.00632
1.00635
1.00629
1.00631
1.00634
1.00636
1.00631
1.00633
1.00635
1.00637
1.00632
1.00634
1.00636
1.00639
1.00595
1.00597
1.00598
1.006
1.00596
1.00598
1.006
1.00601
1.00597
1.00599
1.00601
1.00602
1.00598
1.006
1.00602
1.00603
1.00562
1.00563
1.00565
1.00566
1.00563
1.00564
1.00565
1.00567
1.00564
1.00565
1.00566
1.00567
1.00565
1.00566
1.00567
1.00568
1.00529
1.0053
1.00531
1.00532
1.00529
1.0053
1.00531
1.00532
1.0053
1.00531
1.00532
1.00533
1.00531
1.00531
1.00532
1.00533
1.00495
1.00496
1.00497
1.00497
1.00496
1.00496
1.00497
1.00498
1.00496
1.00497
1.00497
1.00498
1.00497
1.00497
1.00498
1.00498
1.00462
1.00462
1.00462
1.00463
1.00462
1.00462
1.00463
1.00463
1.00462
1.00463
1.00463
1.00463
1.00462
1.00463
1.00463
1.00464
1.00428
1.00428
1.00428
1.00429
1.00428
1.00428
1.00429
1.00429
1.00428
1.00428
1.00429
1.00429
1.00428
1.00429
1.00429
1.00429
1.00394
1.00394
1.00394
1.00394
1.00394
1.00394
1.00394
1.00394
1.00394
1.00394
1.00394
1.00395
1.00394
1.00394
1.00395
1.00395
1.0036
1.0036
1.0036
1.0036
1.0036
1.0036
1.0036
1.0036
1.0036
1.0036
1.0036
1.0036
1.0036
1.0036
1.0036
1.0036
1.00325
1.00326
1.00326
1.00326
1.00325
1.00326
1.00326
1.00326
1.00326
1.00326
1.00326
1.00326
1.00326
1.00326
1.00326
1.00326
1.00291
1.00291
1.00291
1.00291
1.00291
1.00291
1.00291
1.00292
1.00291
1.00291
1.00292
1.00292
1.00291
1.00291
1.00292
1.00292
1.00257
1.00257
1.00257
1.00257
1.00257
1.00257
1.00257
1.00257
1.00257
1.00257
1.00257
1.00257
1.00257
1.00257
1.00257
1.00257
1.00223
1.00223
1.00223
1.00223
1.00223
1.00223
1.00223
1.00223
1.00223
1.00223
1.00223
1.00223
1.00223
1.00223
1.00223
1.00223
1.00189
1.00189
1.00189
1.00189
1.00189
1.00189
1.00189
1.00189
1.00189
1.00189
1.00189
1.00189
1.00189
1.00189
1.00189
1.00189
1.00154
1.00154
1.00154
1.00154
1.00154
1.00154
1.00154
1.00154
1.00154
1.00154
1.00154
1.00154
1.00154
1.00154
1.00154
1.00154
1.0012
1.0012
1.0012
1.0012
1.0012
1.0012
1.0012
1.0012
1.0012
1.0012
1.0012
1.0012
1.0012
1.0012
1.0012
1.0012
1.00086
1.00086
1.00086
1.00086
1.00086
1.00086
1.00086
1.00086
1.00086
1.00086
1.00086
1.00086
1.00086
1.00086
1.00086
1.00086
1.00051
1.00051
1.00051
1.00051
1.00051
1.00051
1.00051
1.00051
1.00051
1.00051
1.00051
1.00051
1.00051
1.00051
1.00051
1.00051
1.00017
1.00017
1.00017
1.00017
1.00017
1.00017
1.00017
1.00017
1.00017
1.00017
1.00017
1.00017
1.00017
1.00017
1.00017
1.00017
1.01126
1.01158
1.01002
1.01048
1.01036
1.01446
1.00305
1.0097
1.00845
1.00999
1.01522
1.01064
1.0079
1.00923
1.01242
1.00987
1.00517
1.00522
1.00569
1.00689
1.00578
1.00566
1.0058
1.00725
1.00634
1.00642
1.00758
1.00754
1.00633
1.0058
1.0074
1.00699
1.00746
1.00741
1.00741
1.00758
1.00741
1.00738
1.00743
1.00758
1.00737
1.0075
1.00759
1.00761
1.00736
1.00755
1.00768
1.00758
1.00696
1.00704
1.00709
1.00716
1.00693
1.00704
1.0071
1.00717
1.00691
1.00705
1.00714
1.00718
1.00688
1.00704
1.00716
1.00716
1.00665
1.00668
1.00671
1.00676
1.00664
1.00669
1.00673
1.00677
1.00664
1.00669
1.00675
1.00678
1.00663
1.0067
1.00676
1.00678
1.00632
1.00635
1.00637
1.0064
1.00632
1.00635
1.00638
1.00641
1.00632
1.00635
1.00639
1.00641
1.00632
1.00636
1.00639
1.00642
1.00599
1.00601
1.00602
1.00604
1.00599
1.00601
1.00603
1.00605
1.00599
1.00601
1.00603
1.00605
1.00599
1.00601
1.00604
1.00606
1.00565
1.00566
1.00567
1.00569
1.00565
1.00566
1.00568
1.00569
1.00565
1.00566
1.00568
1.0057
1.00565
1.00567
1.00568
1.0057
1.00531
1.00532
1.00533
1.00534
1.00531
1.00532
1.00533
1.00534
1.00531
1.00532
1.00533
1.00534
1.00531
1.00532
1.00533
1.00534
1.00497
1.00497
1.00498
1.00499
1.00497
1.00498
1.00498
1.00499
1.00497
1.00498
1.00498
1.00499
1.00497
1.00498
1.00498
1.00499
1.00463
1.00463
1.00464
1.00464
1.00463
1.00463
1.00464
1.00464
1.00463
1.00463
1.00464
1.00464
1.00463
1.00463
1.00464
1.00464
1.00428
1.00429
1.00429
1.00429
1.00428
1.00429
1.00429
1.0043
1.00428
1.00429
1.00429
1.0043
1.00428
1.00429
1.00429
1.0043
1.00394
1.00394
1.00395
1.00395
1.00394
1.00394
1.00395
1.00395
1.00394
1.00394
1.00395
1.00395
1.00394
1.00394
1.00395
1.00395
1.0036
1.0036
1.0036
1.0036
1.0036
1.0036
1.0036
1.00361
1.0036
1.0036
1.0036
1.00361
1.0036
1.0036
1.0036
1.00361
1.00326
1.00326
1.00326
1.00326
1.00326
1.00326
1.00326
1.00326
1.00326
1.00326
1.00326
1.00326
1.00326
1.00326
1.00326
1.00326
1.00291
1.00292
1.00292
1.00292
1.00291
1.00292
1.00292
1.00292
1.00291
1.00292
1.00292
1.00292
1.00291
1.00292
1.00292
1.00292
1.00257
1.00257
1.00257
1.00257
1.00257
1.00257
1.00257
1.00257
1.00257
1.00257
1.00257
1.00257
1.00257
1.00257
1.00257
1.00257
1.00223
1.00223
1.00223
1.00223
1.00223
1.00223
1.00223
1.00223
1.00223
1.00223
1.00223
1.00223
1.00223
1.00223
1.00223
1.00223
1.00189
1.00189
1.00189
1.00189
1.00189
1.00189
1.00189
1.00189
1.00189
1.00189
1.00189
1.00189
1.00189
1.00189
1.00189
1.00189
1.00154
1.00154
1.00154
1.00154
1.00154
1.00154
1.00154
1.00154
1.00154
1.00154
1.00154
1.00154
1.00154
1.00154
1.00154
1.00154
1.0012
1.0012
1.0012
1.0012
1.0012
1.0012
1.0012
1.0012
1.0012
1.0012
1.0012
1.0012
1.0012
1.0012
1.0012
1.0012
1.00086
1.00086
1.00086
1.00086
1.00086
1.00086
1.00086
1.00086
1.00086
1.00086
1.00086
1.00086
1.00086
1.00086
1.00086
1.00086
1.00051
1.00051
1.00051
1.00051
1.00051
1.00051
1.00051
1.00051
1.00051
1.00051
1.00051
1.00051
1.00051
1.00051
1.00051
1.00051
1.00017
1.00017
1.00017
1.00017
1.00017
1.00017
1.00017
1.00017
1.00017
1.00017
1.00017
1.00017
1.00017
1.00017
1.00017
1.00017
1.01419
1.01394
1.01391
1.01205
1.0133
1.01195
1.01204
1.01316
1.0143
1.01226
1.01233
1.01669
1.00906
1.00936
1.01081
1.01534
1.00697
1.00624
1.00564
1.00527
1.00631
1.00583
1.00601
1.00559
1.00576
1.00577
1.00588
1.00558
1.00665
1.00655
1.00609
1.00545
1.00752
1.00725
1.00715
1.00713
1.00745
1.00728
1.00731
1.00731
1.00754
1.00739
1.00743
1.00745
1.00754
1.00749
1.00751
1.00752
1.00698
1.00694
1.00691
1.0069
1.00696
1.00696
1.00696
1.00696
1.00697
1.00698
1.00698
1.007
1.00694
1.00695
1.00695
1.00697
1.00658
1.00657
1.00655
1.00655
1.00659
1.00659
1.00659
1.00659
1.00662
1.00662
1.00662
1.00662
1.00664
1.00664
1.00663
1.00663
1.00625
1.00625
1.00625
1.00625
1.00627
1.00627
1.00627
1.00628
1.00629
1.00629
1.00629
1.0063
1.0063
1.00631
1.00631
1.00631
1.00593
1.00593
1.00593
1.00594
1.00594
1.00594
1.00595
1.00595
1.00596
1.00596
1.00596
1.00597
1.00597
1.00597
1.00597
1.00598
1.0056
1.0056
1.00561
1.00561
1.00561
1.00561
1.00562
1.00562
1.00562
1.00563
1.00563
1.00563
1.00564
1.00564
1.00564
1.00564
1.00527
1.00527
1.00528
1.00528
1.00528
1.00528
1.00528
1.00529
1.00529
1.00529
1.00529
1.0053
1.0053
1.0053
1.0053
1.0053
1.00494
1.00494
1.00494
1.00495
1.00495
1.00495
1.00495
1.00495
1.00495
1.00495
1.00496
1.00496
1.00496
1.00496
1.00496
1.00496
1.00461
1.00461
1.00461
1.00461
1.00461
1.00461
1.00461
1.00462
1.00462
1.00462
1.00462
1.00462
1.00462
1.00462
1.00462
1.00462
1.00427
1.00427
1.00427
1.00427
1.00427
1.00427
1.00427
1.00428
1.00428
1.00428
1.00428
1.00428
1.00428
1.00428
1.00428
1.00428
1.00393
1.00393
1.00393
1.00393
1.00393
1.00393
1.00394
1.00394
1.00394
1.00394
1.00394
1.00394
1.00394
1.00394
1.00394
1.00394
1.00359
1.00359
1.00359
1.00359
1.00359
1.00359
1.00359
1.0036
1.0036
1.0036
1.0036
1.0036
1.0036
1.0036
1.0036
1.0036
1.00325
1.00325
1.00325
1.00325
1.00325
1.00325
1.00325
1.00325
1.00325
1.00325
1.00325
1.00325
1.00326
1.00326
1.00326
1.00326
1.00291
1.00291
1.00291
1.00291
1.00291
1.00291
1.00291
1.00291
1.00291
1.00291
1.00291
1.00291
1.00291
1.00291
1.00291
1.00291
1.00257
1.00257
1.00257
1.00257
1.00257
1.00257
1.00257
1.00257
1.00257
1.00257
1.00257
1.00257
1.00257
1.00257
1.00257
1.00257
1.00223
1.00223
1.00223
1.00223
1.00223
1.00223
1.00223
1.00223
1.00223
1.00223
1.00223
1.00223
1.00223
1.00223
1.00223
1.00223
1.00188
1.00188
1.00188
1.00188
1.00188
1.00188
1.00188
1.00189
1.00189
1.00189
1.00189
1.00189
1.00189
1.00189
1.00189
1.00189
1.00154
1.00154
1.00154
1.00154
1.00154
1.00154
1.00154
1.00154
1.00154
1.00154
1.00154
1.00154
1.00154
1.00154
1.00154
1.00154
1.0012
1.0012
1.0012
1.0012
1.0012
1.0012
1.0012
1.0012
1.0012
1.0012
1.0012
1.0012
1.0012
1.0012
1.0012
1.0012
1.00086
1.00086
1.00086
1.00086
1.00086
1.00086
1.00086
1.00086
1.00086
1.00086
1.00086
1.00086
1.00086
1.00086
1.00086
1.00086
1.00051
1.00051
1.00051
1.00051
1.00051
1.00051
1.00051
1.00051
1.00051
1.00051
1.00051
1.00051
1.00051
1.00051
1.00051
1.00051
1.00017
1.00017
1.00017
1.00017
1.00017
1.00017
1.00017
1.00017
1.00017
1.00017
1.00017
1.00017
1.00017
1.00017
1.00017
1.00017
)
;

boundaryField
{
    inlet
    {
        type            zeroGradient;
    }
    outlet
    {
        type            fixedValue;
        value           uniform 1;
    }
    wall
    {
        type            zeroGradient;
    }
    procBoundary2to0
    {
        type            processor;
        value           nonuniform List<scalar> 
192
(
1.01136
1.01462
1.01464
1.0127
1.00522
1.00564
1.00565
1.00547
1.00706
1.00722
1.00731
1.0073
1.00686
1.00695
1.00702
1.00705
1.00654
1.00659
1.00664
1.00667
1.00625
1.00628
1.00631
1.00633
1.00594
1.00596
1.00598
1.00599
1.00561
1.00563
1.00564
1.00565
1.00528
1.00529
1.0053
1.00531
1.00495
1.00496
1.00496
1.00497
1.00461
1.00462
1.00462
1.00463
1.00427
1.00428
1.00428
1.00428
1.00394
1.00394
1.00394
1.00394
1.00359
1.0036
1.0036
1.0036
1.00325
1.00325
1.00326
1.00326
1.00291
1.00291
1.00291
1.00291
1.00257
1.00257
1.00257
1.00257
1.00223
1.00223
1.00223
1.00223
1.00188
1.00189
1.00189
1.00189
1.00154
1.00154
1.00154
1.00154
1.0012
1.0012
1.0012
1.0012
1.00086
1.00086
1.00086
1.00086
1.00051
1.00051
1.00051
1.00051
1.00017
1.00017
1.00017
1.00017
1.00855
1.01027
1.00949
1.01051
1.00497
1.00553
1.00569
1.00517
1.00705
1.00696
1.00699
1.00697
1.00676
1.00679
1.0068
1.00681
1.00648
1.00649
1.0065
1.00651
1.00621
1.00621
1.00622
1.00623
1.0059
1.00591
1.00591
1.00592
1.00559
1.00559
1.0056
1.0056
1.00527
1.00527
1.00527
1.00528
1.00494
1.00494
1.00494
1.00494
1.0046
1.0046
1.00461
1.00461
1.00427
1.00427
1.00427
1.00427
1.00393
1.00393
1.00393
1.00393
1.00359
1.00359
1.00359
1.00359
1.00325
1.00325
1.00325
1.00325
1.00291
1.00291
1.00291
1.00291
1.00257
1.00257
1.00257
1.00257
1.00223
1.00223
1.00223
1.00223
1.00188
1.00188
1.00188
1.00188
1.00154
1.00154
1.00154
1.00154
1.0012
1.0012
1.0012
1.0012
1.00086
1.00086
1.00086
1.00086
1.00051
1.00051
1.00051
1.00051
1.00017
1.00017
1.00017
1.00017
)
;
    }
    procBoundary2to3
    {
        type            processor;
        value           nonuniform List<scalar> 
192
(
1.01042
1.01136
1.01391
1.01442
1.0072
1.00682
1.00614
1.0062
1.0076
1.00766
1.00759
1.00759
1.00714
1.00718
1.0072
1.00722
1.00672
1.00674
1.00676
1.00678
1.00637
1.00638
1.0064
1.00641
1.00602
1.00603
1.00604
1.00605
1.00567
1.00568
1.00568
1.00569
1.00532
1.00533
1.00533
1.00534
1.00498
1.00498
1.00499
1.00499
1.00463
1.00464
1.00464
1.00464
1.00429
1.00429
1.00429
1.0043
1.00395
1.00395
1.00395
1.00395
1.0036
1.0036
1.0036
1.00361
1.00326
1.00326
1.00326
1.00326
1.00292
1.00292
1.00292
1.00292
1.00257
1.00257
1.00257
1.00257
1.00223
1.00223
1.00223
1.00223
1.00189
1.00189
1.00189
1.00189
1.00154
1.00154
1.00154
1.00154
1.0012
1.0012
1.0012
1.0012
1.00086
1.00086
1.00086
1.00086
1.00051
1.00051
1.00051
1.00051
1.00017
1.00017
1.00017
1.00017
1.01138
1.01124
1.01238
1.01262
1.00718
1.00753
1.00715
1.00659
1.0077
1.00773
1.00769
1.00773
1.00724
1.00726
1.00728
1.00727
1.0068
1.00683
1.00684
1.00684
1.00643
1.00644
1.00645
1.00645
1.00606
1.00607
1.00607
1.00608
1.0057
1.0057
1.00571
1.00571
1.00534
1.00535
1.00535
1.00535
1.00499
1.005
1.005
1.005
1.00464
1.00465
1.00465
1.00465
1.0043
1.0043
1.0043
1.0043
1.00395
1.00395
1.00395
1.00395
1.00361
1.00361
1.00361
1.00361
1.00326
1.00326
1.00326
1.00326
1.00292
1.00292
1.00292
1.00292
1.00257
1.00257
1.00257
1.00257
1.00223
1.00223
1.00223
1.00223
1.00189
1.00189
1.00189
1.00189
1.00154
1.00154
1.00154
1.00154
1.0012
1.0012
1.0012
1.0012
1.00086
1.00086
1.00086
1.00086
1.00051
1.00051
1.00051
1.00051
1.00017
1.00017
1.00017
1.00017
)
;
    }
}


// ************************************************************************* //
