/*--------------------------------*- C++ -*----------------------------------*\
  =========                 |
  \\      /  F ield         | OpenFOAM: The Open Source CFD Toolbox
   \\    /   O peration     | Website:  https://openfoam.org
    \\  /    A nd           | Version:  6
     \\/     M anipulation  |
\*---------------------------------------------------------------------------*/
FoamFile
{
    version     2.0;
    format      ascii;
    class       surfaceScalarField;
    location    "0.08";
    object      phi;
}
// * * * * * * * * * * * * * * * * * * * * * * * * * * * * * * * * * * * * * //

dimensions      [0 3 -1 0 0 0 0];

internalField   nonuniform List<scalar> 
3120
(
2.16733e-09
-6.44243e-09
5.17902e-08
-2.38101e-09
3.40767e-09
-9.6512e-09
5.85077e-08
7.25114e-09
-3.51544e-09
4.5089e-08
9.79492e-10
3.72508e-08
7.86467e-10
-4.42946e-09
4.70773e-08
-1.05489e-09
1.38404e-09
-6.98402e-09
4.55832e-08
2.21707e-09
-1.48876e-10
4.46006e-08
-1.17873e-10
4.7013e-08
-2.32852e-09
-3.44178e-09
4.75943e-08
1.71232e-09
3.23904e-09
-6.74086e-09
4.07446e-08
2.50636e-09
5.81014e-09
4.31723e-08
3.33329e-09
4.72698e-08
6.64623e-09
3.83603e-08
-3.08636e-09
5.10617e-10
1.53464e-08
3.78591e-08
-5.1336e-09
4.95421e-09
3.59717e-08
2.66447e-08
4.51557e-08
1.46684e-08
-4.00731e-09
1.15664e-09
4.96598e-08
3.42781e-09
-2.36964e-10
4.75664e-09
5.21609e-08
-3.12351e-09
3.27237e-09
4.99527e-08
1.94801e-10
4.76943e-08
-1.52049e-09
-1.15365e-09
5.08408e-08
6.72175e-11
-3.47332e-09
7.10765e-10
5.15819e-08
-7.25274e-09
1.03785e-09
5.06145e-08
1.63733e-10
4.91147e-08
-3.17033e-10
-3.25987e-09
5.10771e-08
-1.05955e-09
-4.95346e-09
-4.58629e-09
5.0678e-08
-8.69242e-09
-2.75738e-09
5.07065e-08
-4.05826e-09
4.90619e-08
-4.51848e-10
4.65037e-08
-7.47049e-09
-3.481e-09
-5.23735e-09
4.7577e-08
-9.51874e-09
-1.08281e-08
4.7184e-08
-8.37886e-09
4.85305e-08
-1.14175e-08
-2.62491e-09
-1.56192e-09
5.01592e-08
2.12461e-09
-1.56128e-09
-1.5858e-10
5.09009e-08
-1.53105e-09
3.08888e-10
5.05208e-08
1.3844e-10
4.91732e-08
-2.23811e-09
-1.74485e-09
5.13753e-08
1.88658e-09
-2.10012e-09
-6.25786e-10
5.19112e-08
-2.31964e-09
-8.04878e-11
5.12234e-08
-2.82429e-13
4.96389e-08
-1.99527e-09
-1.75791e-09
5.16393e-08
1.44607e-09
-2.50527e-09
-1.30741e-09
5.18697e-08
-2.84225e-09
-2.00603e-10
5.11636e-08
-5.78443e-10
4.96515e-08
-2.30917e-09
4.92768e-08
-3.05892e-09
8.37155e-10
-2.84395e-09
4.98789e-08
-3.07453e-09
-4.0868e-09
4.99571e-08
-1.73085e-09
4.90744e-08
-1.5834e-09
-1.0469e-09
-1.46e-09
4.99319e-08
9.40229e-10
-5.58257e-10
-1.24919e-09
5.01005e-08
-2.50971e-11
-9.01855e-10
4.9729e-08
-6.98811e-10
4.88838e-08
-1.27634e-09
-8.27623e-10
5.05675e-08
1.45172e-09
-7.39057e-10
-6.06566e-10
5.07313e-08
-2.90663e-10
-3.45495e-10
5.02187e-08
-2.77418e-10
4.92463e-08
-1.59299e-09
-2.29983e-11
5.05562e-08
1.87154e-09
-1.11188e-09
5.54999e-11
5.07265e-08
-7.53327e-10
2.37074e-10
5.02225e-08
1.75724e-10
4.93034e-08
-2.21845e-09
4.95398e-08
-2.59832e-10
2.19223e-09
-1.82391e-09
4.98759e-08
-3.3597e-10
-1.4915e-09
4.96844e-08
1.77354e-10
4.89994e-08
3.01559e-10
-7.74612e-12
-1.34763e-09
4.94148e-08
1.68755e-10
3.29717e-10
-1.39646e-09
4.93871e-08
6.39653e-10
-1.3149e-09
4.90674e-08
-1.2392e-09
4.85408e-08
-2.28391e-10
-8.30118e-10
4.97597e-08
5.18718e-10
1.8735e-10
-8.39136e-10
4.97582e-08
4.94666e-10
-8.03294e-10
4.93998e-08
-8.2566e-10
4.8818e-08
-4.84567e-10
-3.42248e-10
4.97559e-08
7.9694e-10
-6.57822e-11
-3.36504e-10
4.98051e-08
2.12945e-10
-3.37034e-10
4.94775e-08
-4.11809e-10
4.89269e-08
-8.25263e-10
4.93785e-08
-3.68047e-10
1.0124e-09
-4.39178e-10
4.95113e-08
-3.58018e-10
-1.64778e-10
4.929e-08
-2.16987e-10
4.88462e-08
-2.12252e-10
4.46619e-10
-1.18472e-09
4.89797e-08
-2.40503e-10
6.69282e-10
-1.28098e-09
4.89171e-08
8.13102e-10
-1.30874e-09
4.86955e-08
-1.31083e-09
4.8372e-08
2.95581e-10
-8.67044e-10
4.91802e-08
-3.37434e-11
5.66365e-10
-9.41119e-10
4.91476e-08
7.28067e-10
-9.92588e-10
4.89219e-08
-1.04916e-09
4.85815e-08
1.30711e-10
-5.81976e-10
4.92021e-08
1.38101e-10
4.12974e-10
-6.33661e-10
4.92154e-08
5.72673e-10
-6.93278e-10
4.90185e-08
-7.77565e-10
4.87002e-08
-5.82953e-11
4.90506e-08
-4.88551e-10
2.92719e-10
2.23758e-10
4.91238e-08
-5.2821e-10
3.82622e-10
4.89806e-08
-5.42777e-10
4.87125e-08
-5.95307e-10
5.28779e-10
-9.58494e-10
4.86927e-08
-3.72503e-10
6.58108e-10
-1.04599e-09
4.86497e-08
7.16281e-10
-1.099e-09
4.8511e-08
-1.13102e-09
4.83167e-08
4.22066e-10
-7.77131e-10
4.88145e-08
-2.37707e-10
5.81544e-10
-8.55531e-10
4.87976e-08
6.57978e-10
-9.21493e-10
4.8668e-08
-9.81379e-10
4.84737e-08
3.11228e-10
-6.02277e-10
4.88339e-08
-1.1797e-10
4.84143e-10
-6.67911e-10
4.88548e-08
5.68102e-10
-7.37652e-10
4.87507e-08
-8.10553e-10
4.85745e-08
1.95968e-10
4.8749e-08
-4.87567e-10
-9.05746e-12
3.77942e-10
4.88185e-08
-5.44624e-10
4.68416e-10
4.8752e-08
-5.99476e-10
4.86048e-08
-6.60375e-10
4.51385e-10
-7.41838e-10
4.85109e-08
-3.46767e-10
5.24223e-10
-8.08132e-10
4.84988e-08
5.43588e-10
-8.57528e-10
4.84213e-08
-8.92479e-10
4.8308e-08
3.76409e-10
-6.33595e-10
4.85867e-08
-2.56907e-10
4.67073e-10
-6.97162e-10
4.8596e-08
5.00532e-10
-7.53748e-10
4.85307e-08
-8.02834e-10
4.84233e-08
2.99983e-10
-5.18837e-10
4.85922e-08
-1.72953e-10
4.01401e-10
-5.76473e-10
4.86327e-08
4.44021e-10
-6.35361e-10
4.85897e-08
-6.91117e-10
4.84971e-08
2.2417e-10
4.85179e-08
-4.15837e-10
-9.60884e-11
3.34988e-10
4.86005e-08
-4.69237e-10
3.86858e-10
4.85875e-08
-5.2273e-10
4.85153e-08
-5.74353e-10
3.40248e-10
-5.62648e-10
4.83952e-08
-2.73146e-10
3.81735e-10
-6.1008e-10
4.84101e-08
3.87025e-10
-6.48782e-10
4.8374e-08
-6.77846e-10
4.83099e-08
2.87805e-10
-4.93082e-10
4.84415e-08
-2.12181e-10
3.40003e-10
-5.40274e-10
4.8474e-08
3.55346e-10
-5.83145e-10
4.84497e-08
-6.19411e-10
4.83925e-08
2.34591e-10
-4.13208e-10
4.8431e-08
-1.53308e-10
2.94542e-10
-4.57835e-10
4.84903e-08
3.17768e-10
-5.02098e-10
4.84854e-08
-5.4157e-10
4.84405e-08
1.82823e-10
4.83503e-08
-3.29157e-10
-9.92315e-11
2.50117e-10
4.84474e-08
-3.72048e-10
2.81282e-10
4.84683e-08
-4.14068e-10
4.84392e-08
-4.518e-10
2.43486e-10
-4.23154e-10
4.83199e-08
-2.00543e-10
2.68191e-10
-4.56522e-10
4.8355e-08
2.69591e-10
-4.84866e-10
4.83458e-08
-5.0663e-10
4.83113e-08
2.06874e-10
-3.75661e-10
4.83457e-08
-1.5856e-10
2.38399e-10
-4.09611e-10
4.83956e-08
2.46913e-10
-4.40532e-10
4.83969e-08
-4.66209e-10
4.83688e-08
1.69689e-10
-3.17948e-10
4.83208e-08
-1.17173e-10
2.06771e-10
-3.50849e-10
4.83945e-08
2.21445e-10
-3.8265e-10
4.84129e-08
-4.10043e-10
4.8395e-08
1.33793e-10
4.82299e-08
-2.52126e-10
-7.91933e-11
1.76272e-10
4.83386e-08
-2.84505e-10
1.97156e-10
4.838e-08
-3.15302e-10
4.83754e-08
-3.42017e-10
1.70998e-10
-3.16966e-10
4.82696e-08
-1.42956e-10
1.86672e-10
-3.40355e-10
4.83188e-08
1.87572e-10
-3.6052e-10
4.8327e-08
-3.76049e-10
4.83106e-08
1.45425e-10
-2.83367e-10
4.82804e-08
-1.13708e-10
1.65712e-10
-3.07512e-10
4.83424e-08
1.71704e-10
-3.29376e-10
4.83598e-08
-3.47227e-10
4.83489e-08
1.19378e-10
-2.40959e-10
4.82435e-08
-8.451e-11
1.43704e-10
-2.64722e-10
4.83274e-08
1.54346e-10
-2.87197e-10
4.83601e-08
-3.06114e-10
4.8358e-08
9.42998e-11
4.81429e-08
-1.90541e-10
-5.77862e-11
1.22538e-10
4.82599e-08
-2.14314e-10
1.37828e-10
4.83139e-08
-2.36335e-10
4.83234e-08
-2.55066e-10
1.19648e-10
-2.3676e-10
4.82351e-08
-1.00807e-10
1.30248e-10
-2.53174e-10
4.82941e-08
1.31444e-10
-2.67347e-10
4.83134e-08
-2.78179e-10
4.83084e-08
1.01737e-10
-2.1256e-10
4.82347e-08
-8.02391e-11
1.156e-10
-2.29675e-10
4.83051e-08
1.20488e-10
-2.45024e-10
4.83326e-08
-2.57351e-10
4.83322e-08
8.34271e-11
-1.8122e-10
4.81883e-08
-5.95421e-11
1.00267e-10
-1.98244e-10
4.82791e-08
1.08624e-10
-2.14051e-10
4.83207e-08
-2.27125e-10
4.83281e-08
6.57966e-11
4.80797e-08
-1.43115e-10
-4.06406e-11
8.54841e-11
4.82023e-08
-1.6035e-10
9.72675e-11
4.8264e-08
-1.75969e-10
4.8282e-08
-1.89089e-10
8.39277e-11
-1.76402e-10
4.82111e-08
-7.09148e-11
9.14629e-11
-1.87957e-10
4.82766e-08
9.29345e-11
-1.97879e-10
4.83033e-08
-2.0536e-10
4.83056e-08
7.13296e-11
-1.58829e-10
4.82021e-08
-5.63404e-11
8.12385e-11
-1.70964e-10
4.82782e-08
8.54135e-11
-1.81725e-10
4.83122e-08
-1.90229e-10
4.83185e-08
5.84033e-11
-1.35656e-10
4.81483e-08
-4.15964e-11
7.05256e-11
-1.47818e-10
4.82438e-08
7.72759e-11
-1.58935e-10
4.82912e-08
-1.68e-10
4.83046e-08
4.5936e-11
4.80333e-08
-1.07111e-10
-2.81479e-11
6.01456e-11
4.81598e-08
-1.1953e-10
6.94106e-11
4.82264e-08
-1.30593e-10
4.82497e-08
-1.39805e-10
5.91358e-11
-1.31106e-10
4.8194e-08
-4.99495e-11
6.46671e-11
-1.3927e-10
4.82641e-08
6.62263e-11
-1.46217e-10
4.82957e-08
-1.5137e-10
4.83027e-08
5.02338e-11
-1.18306e-10
4.81787e-08
-3.95584e-11
5.75174e-11
-1.26924e-10
4.82585e-08
6.10655e-11
-1.3448e-10
4.82969e-08
-1.40359e-10
4.83076e-08
4.1068e-11
-1.01197e-10
4.81191e-08
-2.90086e-11
5.00034e-11
-1.09882e-10
4.82179e-08
5.54585e-11
-1.17716e-10
4.8269e-08
-1.24029e-10
4.82862e-08
3.22062e-11
4.79993e-08
-7.99445e-11
-1.93886e-11
4.26789e-11
4.81284e-08
-8.88686e-11
4.99783e-11
4.81981e-08
-9.67147e-11
4.82248e-08
-1.03205e-10
4.18606e-11
-9.71948e-11
4.81818e-08
-3.52749e-11
4.5991e-11
-1.02985e-10
4.82549e-08
4.74772e-11
-1.07861e-10
4.82899e-08
-1.11412e-10
4.83002e-08
3.55429e-11
-8.78655e-11
4.81616e-08
-2.78317e-11
4.09747e-11
-9.39996e-11
4.82441e-08
4.39271e-11
-9.93198e-11
4.82854e-08
-1.03398e-10
4.82991e-08
2.90175e-11
-7.52603e-11
4.80978e-08
-2.02559e-11
3.56823e-11
-8.14672e-11
4.81987e-08
4.00442e-11
-8.70039e-11
4.82523e-08
-9.14197e-11
4.82722e-08
2.26918e-11
4.79742e-08
-5.95111e-11
-1.33455e-11
3.04914e-11
4.8105e-08
-6.59181e-11
3.62055e-11
4.81769e-08
-7.14943e-11
4.82058e-08
-7.60835e-11
2.97477e-11
-7.18543e-11
4.81731e-08
-2.4981e-11
3.28522e-11
-7.59734e-11
4.82483e-08
3.41711e-11
-7.94053e-11
4.82855e-08
-8.18605e-11
4.8298e-08
2.5248e-11
-6.50592e-11
4.81492e-08
-1.96323e-11
2.93202e-11
-6.94343e-11
4.82335e-08
3.172e-11
-7.31913e-11
4.82768e-08
-7.60323e-11
4.82925e-08
2.05877e-11
-5.57959e-11
4.80821e-08
-1.41787e-11
2.55783e-11
-6.02363e-11
4.81845e-08
2.90175e-11
-6.41604e-11
4.82398e-08
-6.72621e-11
4.82615e-08
1.6058e-11
4.79557e-08
-4.41703e-11
-9.2005e-12
2.18865e-11
4.80877e-08
-4.87693e-11
2.63167e-11
4.8161e-08
-5.27409e-11
4.81916e-08
-5.59962e-11
2.11935e-11
-5.29352e-11
4.81668e-08
-1.77275e-11
2.35259e-11
-5.58714e-11
4.82434e-08
2.46382e-11
-5.82929e-11
4.82822e-08
-5.99952e-11
4.82962e-08
1.79815e-11
-4.7995e-11
4.81402e-08
-1.38779e-11
2.10321e-11
-5.11194e-11
4.82257e-08
2.29398e-11
-5.37785e-11
4.82704e-08
-5.57643e-11
4.82875e-08
1.4647e-11
-4.12094e-11
4.80706e-08
-9.94794e-12
1.83793e-11
-4.43875e-11
4.8174e-08
2.10514e-11
-4.71742e-11
4.82305e-08
-4.93598e-11
4.82535e-08
1.1398e-11
4.79421e-08
-3.26619e-11
-6.35743e-12
1.57478e-11
4.80749e-08
-3.59622e-11
1.91452e-11
4.81493e-08
-3.87948e-11
4.81809e-08
-4.11087e-11
1.51046e-11
-3.88017e-11
4.81622e-08
-1.25841e-11
1.68476e-11
-4.08946e-11
4.82399e-08
1.77499e-11
-4.26045e-11
4.82797e-08
-4.3787e-11
4.82949e-08
1.28115e-11
-3.52228e-11
4.81336e-08
-9.81567e-12
1.50851e-11
-3.74527e-11
4.822e-08
1.65702e-11
-3.93359e-11
4.82657e-08
-4.07264e-11
4.82837e-08
1.04263e-11
-3.02751e-11
4.80622e-08
-6.98691e-12
1.3203e-11
-3.25474e-11
4.81663e-08
1.5248e-11
-3.45267e-11
4.82237e-08
-3.60686e-11
4.82475e-08
8.09715e-12
4.79322e-08
-2.40233e-11
-4.40016e-12
1.13272e-11
4.80655e-08
-2.63877e-11
1.39012e-11
4.81406e-08
-2.84073e-11
4.8173e-08
-3.00524e-11
1.07319e-11
-2.82134e-11
4.81589e-08
-8.90776e-12
1.20217e-11
-2.96998e-11
4.82373e-08
1.27299e-11
-3.09042e-11
4.82779e-08
-3.1725e-11
4.82938e-08
9.10063e-12
-2.56377e-11
4.81288e-08
-6.92575e-12
1.07789e-11
-2.7223e-11
4.82158e-08
1.19111e-11
-2.85529e-11
4.82622e-08
-2.95252e-11
4.82809e-08
7.401e-12
-2.20574e-11
4.80561e-08
-4.89916e-12
9.4474e-12
-2.3675e-11
4.81607e-08
1.09864e-11
-2.50765e-11
4.82187e-08
-2.6162e-11
4.82431e-08
5.73808e-12
4.79249e-08
-1.75212e-11
-3.04441e-12
8.11477e-12
4.80587e-08
-1.92073e-11
1.00372e-11
4.81342e-08
-2.06419e-11
4.81672e-08
-2.18077e-11
7.56201e-12
-2.0236e-11
4.81566e-08
-6.25626e-12
8.50181e-12
-2.12817e-11
4.82354e-08
9.04045e-12
-2.2123e-11
4.82766e-08
-2.26892e-11
4.8293e-08
6.41253e-12
-1.84047e-11
4.81255e-08
-4.85216e-12
7.63263e-12
-1.95207e-11
4.82128e-08
8.47557e-12
-2.0452e-11
4.82596e-08
-2.11271e-11
4.82789e-08
5.21325e-12
-1.58474e-11
4.80518e-08
-3.41566e-12
6.69875e-12
-1.69875e-11
4.81567e-08
7.83337e-12
-1.79712e-11
4.8215e-08
-1.87295e-11
4.824e-08
4.0379e-12
4.79197e-08
-1.26e-11
-2.0999e-12
5.76081e-12
4.80538e-08
-1.37902e-11
7.1698e-12
4.81296e-08
-1.48e-11
4.8163e-08
-1.56191e-11
5.25144e-12
-1.41828e-11
4.8155e-08
-4.3336e-12
5.92133e-12
-1.4904e-11
4.82341e-08
6.31754e-12
-1.54812e-11
4.82756e-08
-1.58657e-11
4.82925e-08
4.45707e-12
-1.29077e-11
4.81231e-08
-3.35906e-12
5.32433e-12
-1.36783e-11
4.82108e-08
5.93388e-12
-1.43187e-11
4.82579e-08
-1.47802e-11
4.82775e-08
3.62719e-12
-1.11208e-11
4.80487e-08
-2.36139e-12
4.68116e-12
-1.19092e-11
4.81539e-08
5.495e-12
-1.25874e-11
4.82125e-08
-1.31085e-11
4.82377e-08
2.81269e-12
4.79161e-08
-8.84791e-12
-1.44676e-12
4.03322e-12
4.80503e-08
-9.67217e-12
5.03891e-12
4.81264e-08
-1.03704e-11
4.81601e-08
-1.09363e-11
3.59266e-12
-9.58098e-12
4.81539e-08
-2.96036e-12
4.05916e-12
-1.00619e-11
4.82333e-08
4.34143e-12
-1.04456e-11
4.8275e-08
-1.06991e-11
4.82921e-08
3.06135e-12
-8.7201e-12
4.81215e-08
-2.30644e-12
3.66178e-12
-9.23574e-12
4.82093e-08
4.08838e-12
-9.66347e-12
4.82567e-08
-9.97068e-12
4.82765e-08
2.50481e-12
-7.5118e-12
4.80467e-08
-1.63564e-12
3.23179e-12
-8.04148e-12
4.8152e-08
3.79642e-12
-8.49658e-12
4.82108e-08
-8.84609e-12
4.82362e-08
1.95698e-12
4.79136e-08
-5.97415e-12
-1.01817e-12
2.79677e-12
4.8048e-08
-6.52979e-12
3.49083e-12
4.81242e-08
-7.00079e-12
4.81581e-08
-7.38278e-12
2.50166e-12
-6.17926e-12
4.81531e-08
-2.06197e-12
2.82804e-12
-6.4844e-12
4.82327e-08
3.02824e-12
-6.72802e-12
4.82746e-08
-6.88858e-12
4.82918e-08
2.16164e-12
-5.61747e-12
4.81204e-08
-1.64269e-12
2.57463e-12
-5.94676e-12
4.82084e-08
2.86798e-12
-6.2217e-12
4.82559e-08
-6.42031e-12
4.82759e-08
1.80428e-12
-4.83173e-12
4.80453e-08
-1.21359e-12
2.29806e-12
-5.17159e-12
4.81507e-08
2.67976e-12
-5.46694e-12
4.82096e-08
-5.69634e-12
4.82352e-08
1.45291e-12
4.7912e-08
-3.83627e-12
-8.1799e-13
2.01704e-12
4.80464e-08
-4.19211e-12
2.48025e-12
4.81228e-08
-4.49926e-12
4.81568e-08
-4.753e-12
1.98988e-12
-4.01248e-12
-1.64939e-12
2.24522e-12
-4.21697e-12
2.40303e-12
-4.38028e-12
-4.48817e-12
1.75915e-12
-3.61027e-12
-1.36283e-12
2.07417e-12
-3.8439e-12
2.29532e-12
-4.03781e-12
-4.179e-12
1.50594e-12
-3.058e-12
-1.05399e-12
1.87901e-12
-3.31398e-12
2.16172e-12
-3.53356e-12
-3.7043e-12
1.2431e-12
-2.37343e-12
-7.52439e-13
1.66973e-12
-2.65031e-12
2.01259e-12
-2.8939e-12
-3.09101e-12
9.69788e-10
6.68634e-09
1.87612e-08
-1.56818e-10
7.09468e-09
-7.76903e-10
2.96801e-08
-2.42488e-09
4.44275e-08
3.84752e-08
1.21886e-08
6.35873e-08
-2.47201e-09
1.50387e-08
3.14776e-08
-1.94078e-09
6.36027e-09
-1.57589e-09
3.84847e-08
-9.28965e-09
8.72598e-08
2.04854e-08
6.42419e-09
7.16557e-08
7.76619e-09
8.922e-09
4.59489e-08
-6.0645e-09
9.47251e-09
-2.00189e-08
7.13485e-08
2.926e-08
3.57042e-08
9.23389e-08
2.39106e-08
8.29401e-08
1.43233e-08
5.07578e-08
-8.24973e-09
3.72386e-08
6.77686e-08
2.83424e-08
8.3759e-08
5.26424e-08
-5.17064e-09
-1.32583e-08
2.82249e-08
1.49482e-09
-8.67709e-09
-1.46732e-08
3.83409e-08
-1.56749e-08
-7.34411e-09
4.44383e-08
-6.75789e-09
5.21383e-08
-4.20682e-09
-1.1587e-08
3.28846e-08
1.12848e-09
-5.13328e-09
-1.93877e-08
4.41257e-08
-1.52977e-08
-2.6437e-08
4.97427e-08
-1.91461e-09
5.89789e-08
-5.83798e-10
-2.99895e-09
3.7564e-08
3.80675e-10
-2.79517e-09
-2.78797e-09
5.69602e-08
-1.49441e-10
-3.71697e-09
6.69731e-08
1.31937e-08
6.70223e-08
5.3846e-09
4.23344e-08
3.99105e-11
3.32482e-09
6.70404e-08
5.10828e-09
7.82586e-08
6.83989e-08
-2.89985e-09
-2.19511e-09
2.84628e-08
1.7981e-09
-3.56896e-09
-3.95959e-09
3.98951e-08
-5.03467e-09
-2.9734e-09
4.71466e-08
-1.06419e-09
5.10463e-08
-3.56515e-09
-1.55952e-09
3.38983e-08
1.91592e-09
-3.84998e-09
-6.21239e-09
4.66634e-08
-4.62507e-09
-6.37698e-09
5.39214e-08
-3.03009e-10
5.78103e-08
-4.29782e-09
-6.9849e-10
3.91404e-08
1.86042e-09
-3.47544e-09
-4.40792e-09
5.43333e-08
-2.29234e-09
-4.40704e-09
6.382e-08
1.49634e-09
6.5472e-08
-4.07317e-09
4.38157e-08
1.89332e-09
-2.78447e-09
6.13438e-08
-1.07799e-09
7.21451e-08
7.116e-08
-2.19286e-09
-1.09188e-10
2.93506e-08
1.1544e-09
-2.10499e-09
-9.87872e-10
4.04591e-08
-1.9963e-09
-5.56695e-10
4.7772e-08
1.85933e-10
5.11649e-08
-2.79735e-09
1.86904e-10
3.50859e-08
1.3136e-09
-2.57742e-09
-1.43093e-09
4.68865e-08
-2.12792e-09
-1.59784e-09
5.4513e-08
4.46388e-12
5.79394e-08
-3.27238e-09
5.25268e-10
4.06831e-08
1.39123e-09
-2.9411e-09
-9.46963e-10
5.35181e-08
-1.74362e-09
-1.16066e-09
6.21854e-08
4.11404e-10
6.50883e-08
-3.33355e-09
4.62222e-08
1.45238e-09
-3.02039e-09
6.00837e-08
-1.5004e-09
6.94644e-08
7.16332e-08
-9.14891e-10
-2.25546e-10
2.94946e-08
6.28378e-10
-7.11178e-10
-5.46571e-10
4.0444e-08
-4.74361e-10
-4.56896e-10
4.77751e-08
-2.60934e-10
5.12094e-08
-1.18631e-09
-7.59282e-11
3.5408e-08
7.1464e-10
-9.63712e-10
-6.61851e-10
4.67792e-08
-5.85231e-10
-7.89329e-10
5.4467e-08
-3.6299e-10
5.80004e-08
-1.39817e-09
3.01011e-11
4.12139e-08
7.61422e-10
-1.1662e-09
-5.04208e-10
5.31285e-08
-4.99674e-10
-6.25238e-10
6.13548e-08
-1.75083e-10
6.48476e-08
-1.43329e-09
4.69006e-08
7.84957e-10
-1.20288e-09
5.93491e-08
-3.95995e-10
6.80323e-08
7.13768e-08
-3.30239e-10
-3.86035e-10
2.93787e-08
3.43657e-10
-7.80272e-11
-5.52887e-10
4.02164e-08
1.61441e-10
-5.94332e-10
4.75871e-08
-5.784e-10
5.11496e-08
-4.38524e-10
-2.5698e-10
3.53362e-08
3.81207e-10
-1.85917e-10
-5.2378e-10
4.64975e-08
1.12158e-10
-6.29711e-10
5.42043e-08
-5.38785e-10
5.79075e-08
-5.18282e-10
-1.07464e-10
4.11861e-08
3.96582e-10
-2.54704e-10
-3.50606e-10
5.26917e-08
1.45859e-10
-4.47699e-10
6.07722e-08
-3.29862e-10
6.45739e-08
-5.20466e-10
4.69179e-08
3.95681e-10
-2.47153e-10
5.87251e-08
2.1188e-10
6.71256e-08
7.0969e-08
-1.10379e-10
-4.22942e-10
2.92204e-08
2.04101e-10
1.05189e-10
-5.27747e-10
3.9984e-08
3.02574e-10
-5.9077e-10
4.73811e-08
-6.18497e-10
5.10466e-08
-1.51239e-10
-3.14396e-10
3.51619e-08
2.17038e-10
6.34414e-11
-4.4756e-10
4.62026e-08
2.84726e-10
-5.2456e-10
5.39168e-08
-5.2076e-10
5.77477e-08
-1.77476e-10
-1.65003e-10
4.09961e-08
2.18033e-10
4.35372e-11
-2.73846e-10
5.2297e-08
3.03429e-10
-3.33663e-10
6.03214e-08
-3.08506e-10
6.42948e-08
-1.6803e-10
4.67116e-08
2.09302e-10
5.91218e-11
5.82241e-08
3.41383e-10
6.65096e-08
7.05875e-08
-4.12454e-11
-3.70589e-10
2.90823e-08
1.3407e-10
1.16904e-10
-4.4128e-10
3.97979e-08
2.63584e-10
-4.9555e-10
4.72072e-08
-5.28011e-10
5.09355e-08
-5.63296e-11
-2.83573e-10
3.49949e-08
1.36337e-10
1.00124e-10
-3.57746e-10
4.59626e-08
2.55789e-10
-4.10616e-10
5.36762e-08
-4.25378e-10
5.75813e-08
-6.40259e-11
-1.55713e-10
4.08002e-08
1.32082e-10
9.4773e-11
-2.10028e-10
5.19905e-08
2.65634e-10
-2.46324e-10
5.99862e-08
-2.45513e-10
6.40495e-08
-5.42082e-11
4.64878e-08
1.2229e-10
1.07461e-10
5.78524e-08
2.86959e-10
6.60838e-08
7.02743e-08
-2.37128e-11
-2.95098e-10
2.89762e-08
9.57528e-11
8.57829e-11
-3.43356e-10
3.96597e-08
1.90135e-10
-3.83646e-10
4.70724e-08
-4.096e-10
5.08339e-08
-2.86742e-11
-2.27689e-10
3.48622e-08
9.38878e-11
7.86285e-11
-2.72097e-10
4.5784e-08
1.85719e-10
-3.07278e-10
5.34927e-08
-3.22384e-10
5.74362e-08
-2.99056e-11
-1.27011e-10
4.0641e-08
8.83985e-11
7.76602e-11
-1.56656e-10
5.17675e-08
1.90815e-10
-1.78876e-10
5.97447e-08
-1.83401e-10
6.38523e-08
-2.17988e-11
4.63028e-08
7.98401e-11
8.67508e-11
5.75872e-08
2.03215e-10
6.57885e-08
7.00319e-08
-2.00271e-11
-2.258e-10
2.8898e-08
7.18749e-11
5.53938e-11
-2.59206e-10
3.9559e-08
1.30249e-10
-2.87955e-10
4.69702e-08
-3.07317e-10
5.07483e-08
-2.10661e-11
-1.74394e-10
3.47631e-08
6.87724e-11
5.20842e-11
-2.02641e-10
4.56543e-08
1.26954e-10
-2.26246e-10
5.33562e-08
-2.38548e-10
5.73179e-08
-2.01738e-11
-9.77109e-11
4.05209e-08
6.36143e-11
5.23509e-11
-1.15336e-10
5.16076e-08
1.29344e-10
-1.29423e-10
5.95709e-08
-1.3441e-10
6.36988e-08
-1.39028e-11
4.61622e-08
5.67883e-11
5.8699e-11
5.73993e-08
1.36791e-10
6.5581e-08
6.98481e-08
-1.85059e-11
-1.70091e-10
2.88409e-08
5.51601e-11
3.42439e-11
-1.93532e-10
3.94854e-08
8.8823e-11
-2.13875e-10
4.68932e-08
-2.27899e-10
5.06791e-08
-1.8139e-11
-1.31175e-10
3.46903e-08
5.2046e-11
3.25783e-11
-1.50019e-10
4.55601e-08
8.62162e-11
-1.66164e-10
5.32548e-08
-1.75475e-10
5.72246e-08
-1.6745e-11
-7.35479e-11
4.04323e-08
4.77373e-11
3.30885e-11
-8.48012e-11
5.14926e-08
8.72092e-11
-9.4078e-11
5.94447e-08
-9.82816e-11
6.35811e-08
-1.20542e-11
4.60582e-08
4.25338e-11
3.74954e-11
5.72649e-08
9.18206e-11
6.54326e-08
6.97097e-08
-1.66118e-11
-1.27309e-10
2.87991e-08
4.25873e-11
2.10051e-11
-1.43944e-10
3.94314e-08
6.13788e-11
-1.58365e-10
4.68352e-08
-1.68404e-10
5.06246e-08
-1.58603e-11
-9.79751e-11
3.46369e-08
3.99111e-11
2.00791e-11
-1.10992e-10
4.54912e-08
5.93245e-11
-1.22242e-10
5.31794e-08
-1.29079e-10
5.71524e-08
-1.45481e-11
-5.48975e-11
4.03672e-08
3.652e-11
2.0526e-11
-6.24817e-11
5.1409e-08
5.96287e-11
-6.8799e-11
5.93521e-08
-7.20454e-11
6.34917e-08
-1.11165e-11
4.59817e-08
3.26512e-11
2.35705e-11
5.71678e-08
6.25507e-11
6.53248e-08
6.96056e-08
-1.42703e-11
-9.49911e-11
2.87685e-08
3.28267e-11
1.29833e-11
-1.0689e-10
3.93915e-08
4.31142e-11
-1.17155e-10
4.67916e-08
-1.24309e-10
5.05825e-08
-1.35199e-11
-7.29576e-11
3.45977e-08
3.06879e-11
1.2412e-11
-8.2155e-11
4.54405e-08
4.15203e-11
-9.01075e-11
5.31233e-08
-9.50571e-11
5.70973e-08
-1.24551e-11
-4.08404e-11
4.03195e-08
2.81071e-11
1.27301e-11
-4.61367e-11
5.13478e-08
4.15033e-11
-5.05455e-11
5.92838e-08
-5.29591e-11
6.34242e-08
-9.97905e-12
4.59256e-08
2.5271e-11
1.4827e-11
5.70968e-08
4.33865e-11
6.52457e-08
6.95274e-08
-1.18211e-11
-7.07235e-11
2.87459e-08
2.51824e-11
8.13192e-12
-7.928e-11
3.9362e-08
3.07027e-11
-8.66157e-11
4.6759e-08
-9.17073e-11
5.05504e-08
-1.11924e-11
-5.42279e-11
3.45689e-08
2.35386e-11
7.74744e-12
-6.08176e-11
4.54031e-08
2.94845e-11
-6.64946e-11
5.30814e-08
-7.00534e-11
5.70556e-08
-1.03828e-11
-3.03285e-11
4.02843e-08
2.16126e-11
7.95082e-12
-3.41077e-11
5.13028e-08
2.93349e-11
-3.72356e-11
5.92331e-08
-3.89967e-11
6.33734e-08
-8.60965e-12
4.58843e-08
1.95496e-11
9.39501e-12
5.70447e-08
3.05662e-11
6.51873e-08
6.94688e-08
-9.5257e-12
-5.25448e-11
2.87292e-08
1.92034e-11
5.16616e-12
-5.87187e-11
3.93401e-08
2.20767e-11
-6.39784e-11
4.67345e-08
-6.76035e-11
5.05261e-08
-9.03644e-12
-4.02356e-11
3.45476e-08
1.79683e-11
4.89236e-12
-4.49953e-11
4.53755e-08
2.11573e-11
-4.90741e-11
5.30503e-08
-5.16246e-11
5.70242e-08
-8.44027e-12
-2.24866e-11
4.02585e-08
1.65477e-11
5.01327e-12
-2.52163e-11
5.12695e-08
2.09695e-11
-2.74588e-11
5.91956e-08
-2.87314e-11
6.33353e-08
-7.17462e-12
4.5854e-08
1.5053e-11
6.01045e-12
5.70063e-08
2.17852e-11
6.5144e-08
6.94251e-08
-7.51524e-12
-3.89413e-11
2.8717e-08
1.45497e-11
3.32552e-12
-4.34046e-11
3.93239e-08
1.59677e-11
-4.71845e-11
4.67163e-08
-4.97679e-11
5.05079e-08
-7.14806e-12
-2.97881e-11
3.4532e-08
1.36344e-11
3.12476e-12
-3.32408e-11
4.5355e-08
1.52812e-11
-3.61824e-11
5.30271e-08
-3.80077e-11
5.70007e-08
-6.71615e-12
-1.66386e-11
4.02394e-08
1.25942e-11
3.19238e-12
-1.86228e-11
5.1245e-08
1.50994e-11
-2.02402e-11
5.91677e-08
-2.11552e-11
6.33069e-08
-5.81354e-12
4.58316e-08
1.15135e-11
3.88378e-12
5.6978e-08
1.56467e-11
6.5112e-08
6.93925e-08
-5.82789e-12
-2.87623e-11
2.8708e-08
1.09465e-11
2.16488e-12
-3.19903e-11
3.93119e-08
1.15782e-11
-3.47093e-11
4.67028e-08
-3.65514e-11
5.04943e-08
-5.55771e-12
-2.19844e-11
3.45205e-08
1.02747e-11
2.01615e-12
-2.44924e-11
4.534e-08
1.10703e-11
-2.66171e-11
5.301e-08
-2.79222e-11
5.69832e-08
-5.24742e-12
-1.22747e-11
4.02255e-08
9.5168e-12
2.05168e-12
-1.37202e-11
5.12269e-08
1.09128e-11
-1.48899e-11
5.91471e-08
-1.55457e-11
6.32859e-08
-4.60377e-12
4.58152e-08
8.73671e-12
2.53321e-12
5.69571e-08
1.12843e-11
6.50884e-08
6.93683e-08
-4.44939e-12
-2.11369e-11
2.87014e-08
8.1674e-12
1.42192e-12
-2.34674e-11
3.93031e-08
8.3885e-12
-2.54211e-11
4.66929e-08
-2.67334e-11
5.04842e-08
-4.25303e-12
-1.61463e-11
3.45121e-08
7.67822e-12
1.31188e-12
-1.79653e-11
4.53289e-08
8.01619e-12
-1.94983e-11
5.29973e-08
-2.04298e-11
5.69703e-08
-4.0313e-12
-9.01238e-12
4.02152e-08
7.12895e-12
1.32913e-12
-1.00641e-11
5.12137e-08
7.88803e-12
-1.09096e-11
5.9132e-08
-1.13782e-11
6.32703e-08
-3.57274e-12
4.58032e-08
6.56729e-12
1.66557e-12
5.69418e-08
8.14247e-12
6.5071e-08
6.93505e-08
-3.34038e-12
-1.54065e-11
2.86965e-08
6.02621e-12
9.40578e-13
-1.70802e-11
3.92967e-08
6.04863e-12
-1.84776e-11
4.66856e-08
-1.94089e-11
5.04769e-08
-3.19921e-12
-1.17639e-11
3.4506e-08
5.67339e-12
8.59842e-13
-1.30761e-11
4.53208e-08
5.77869e-12
-1.41769e-11
5.29881e-08
-1.48387e-11
5.69609e-08
-3.0418e-12
-6.56502e-12
4.02078e-08
5.27822e-12
8.67176e-13
-7.32607e-12
5.1204e-08
5.67881e-12
-7.93448e-12
5.91209e-08
-8.26762e-12
6.3259e-08
-2.71644e-12
4.57945e-08
4.87605e-12
1.10208e-12
5.69307e-08
5.85379e-12
6.50583e-08
6.93375e-08
-2.45199e-12
-1.10754e-11
2.86931e-08
4.37128e-12
6.28974e-13
-1.22643e-11
3.92921e-08
4.31974e-12
-1.32535e-11
4.66804e-08
-1.39082e-11
5.04716e-08
-2.35219e-12
-8.45501e-12
3.45016e-08
4.12048e-12
5.7037e-13
-9.39093e-12
4.53151e-08
4.12673e-12
-1.01729e-11
5.29815e-08
-1.06385e-11
5.69541e-08
-2.24201e-12
-4.71823e-12
4.02025e-08
3.83989e-12
5.72275e-13
-5.26271e-12
5.11971e-08
4.05134e-12
-5.69591e-12
5.9113e-08
-5.93037e-12
6.32508e-08
-2.01381e-12
4.57882e-08
3.55525e-12
7.34642e-13
5.69227e-08
4.1708e-12
6.50492e-08
6.93281e-08
-1.7325e-12
-7.77922e-12
2.86907e-08
3.08144e-12
4.39327e-13
-8.60616e-12
3.92889e-08
3.04545e-12
-9.2926e-12
4.66767e-08
-9.74433e-12
5.04679e-08
-1.6644e-12
-5.94045e-12
3.44985e-08
2.90774e-12
3.96865e-13
-6.59355e-12
4.5311e-08
2.90963e-12
-7.13753e-12
5.29768e-08
-7.45854e-12
5.69494e-08
-1.58994e-12
-3.31704e-12
4.01987e-08
2.71349e-12
3.94989e-13
-3.69782e-12
5.11922e-08
2.85357e-12
-3.99961e-12
5.91074e-08
-4.16111e-12
6.32451e-08
-1.43432e-12
4.57838e-08
2.51684e-12
5.03629e-13
5.69171e-08
2.93226e-12
6.50428e-08
6.93215e-08
-1.13259e-12
-5.26194e-12
2.8689e-08
2.06361e-12
3.58437e-13
-5.8191e-12
3.92867e-08
2.14102e-12
-6.28106e-12
4.66742e-08
-6.58377e-12
5.04653e-08
-1.09098e-12
-4.02368e-12
3.44964e-08
1.94927e-12
3.25491e-13
-4.46486e-12
4.53082e-08
2.04558e-12
-4.83104e-12
5.29736e-08
-5.04498e-12
5.69461e-08
-1.04602e-12
-2.24751e-12
4.01962e-08
1.82154e-12
3.18157e-13
-2.50696e-12
5.11889e-08
2.002e-12
-2.71169e-12
5.91036e-08
-2.81959e-12
6.32412e-08
-9.47707e-13
4.57809e-08
1.69239e-12
3.83168e-13
5.69132e-08
2.04729e-12
6.50384e-08
6.9317e-08
-5.93259e-13
-3.39727e-12
2.86879e-08
1.25707e-12
4.16232e-13
-3.74998e-12
3.92852e-08
1.59812e-12
-4.04804e-12
4.66726e-08
-4.24425e-12
5.04637e-08
-5.74331e-13
-2.61602e-12
3.4495e-08
1.18934e-12
3.8649e-13
-2.89379e-12
4.53064e-08
1.52736e-12
-3.12623e-12
5.29716e-08
-3.26055e-12
5.6944e-08
-5.55744e-13
-1.48891e-12
4.01945e-08
1.11402e-12
3.7003e-13
-1.6523e-12
5.11867e-08
1.48794e-12
-1.7788e-12
5.91011e-08
-1.84205e-12
6.32387e-08
-5.05141e-13
4.57788e-08
1.03791e-12
3.98349e-13
5.69107e-08
1.50427e-12
6.50355e-08
6.93141e-08
-1.8712e-13
-2.1578e-12
6.75658e-13
5.54181e-13
-2.41876e-12
1.39954e-12
-2.63423e-12
-2.7743e-12
-1.99481e-13
-1.6724e-12
6.41275e-13
5.08504e-13
-1.87096e-12
1.33165e-12
-2.0328e-12
-2.12433e-12
-2.03993e-13
-9.01818e-13
6.03488e-13
4.77386e-13
-1.00569e-12
1.28496e-12
-1.09182e-12
-1.1402e-12
-1.86638e-13
5.64881e-13
4.71103e-13
1.26754e-12
-1.94965e-08
2.11605e-08
1.01386e-07
-2.08298e-08
1.48017e-09
7.02834e-08
-7.97938e-10
-2.0074e-09
4.30592e-08
1.12564e-08
3.63509e-08
-2.30499e-08
9.77446e-09
6.71893e-08
-2.62039e-09
-2.80675e-09
4.51551e-08
-5.5819e-09
-3.82986e-09
5.92302e-08
9.15018e-09
4.25197e-08
2.18939e-09
1.04489e-08
5.28598e-08
-4.54579e-10
7.66678e-09
4.45469e-08
-8.16553e-09
2.34533e-09
4.79225e-08
4.46032e-09
3.799e-08
-3.96529e-09
5.37988e-08
-9.61094e-09
4.87818e-08
-1.16221e-08
3.7852e-08
2.2489e-08
8.83415e-09
3.69276e-09
7.67088e-08
1.03045e-08
2.20128e-09
6.23516e-08
5.5256e-09
-3.77813e-09
5.32769e-08
-1.67981e-09
4.74459e-08
5.31344e-09
1.03961e-09
6.4529e-08
5.89604e-10
-2.12599e-09
5.42062e-08
5.66128e-09
-2.076e-09
5.24564e-08
-6.65991e-10
4.72343e-08
1.16614e-09
-4.25788e-09
5.69912e-08
9.70575e-10
-5.22635e-09
4.78428e-08
4.41551e-09
-3.31987e-09
4.57214e-08
-9.9007e-10
4.16701e-08
4.18356e-09
4.53973e-08
8.70963e-09
3.941e-08
9.86353e-09
3.45068e-08
2.93763e-08
4.78691e-09
-7.56301e-12
7.07832e-08
2.99953e-09
-2.78632e-10
6.40909e-08
6.14437e-10
-1.73856e-09
5.7311e-08
-2.39398e-09
5.14601e-08
2.11873e-09
-1.71162e-09
6.41143e-08
-5.67801e-10
-2.30109e-09
5.89152e-08
-9.24723e-10
-2.71515e-09
5.37899e-08
-2.76176e-09
4.8564e-08
1.45017e-09
-2.00542e-09
5.58348e-08
-1.29861e-09
-2.59459e-09
5.08851e-08
-1.64439e-09
-2.61997e-09
4.5972e-08
-2.33919e-09
4.10492e-08
5.67972e-10
4.47172e-08
-3.84856e-10
3.96287e-08
-8.32104e-10
3.425e-08
2.88403e-08
4.5175e-10
2.37336e-11
7.02586e-08
3.37048e-10
-1.34177e-10
6.42574e-08
-3.62818e-10
-6.54519e-10
5.81114e-08
-1.2683e-09
5.19405e-08
-6.62341e-10
-6.16112e-10
6.54165e-08
-1.01955e-09
-7.42602e-10
5.98808e-08
-1.32048e-09
-8.79123e-10
5.43154e-08
-1.07587e-09
4.85028e-08
-9.53387e-10
-9.66212e-10
5.71383e-08
-1.54327e-09
-9.79899e-10
5.17123e-08
-1.87474e-09
-9.13359e-10
4.63377e-08
-8.19123e-10
4.07892e-08
-9.85683e-10
4.61891e-08
-1.55238e-09
4.06067e-08
-1.96047e-09
3.50583e-08
2.94073e-08
-4.10153e-11
-4.34698e-10
7.03433e-08
-7.3271e-11
-5.19272e-10
6.43046e-08
-1.59392e-10
-7.59607e-10
5.81213e-08
-1.08539e-09
5.16985e-08
-4.07708e-10
-6.09599e-10
6.59991e-08
-5.92398e-10
-6.35872e-10
6.01821e-08
-6.23318e-10
-6.86116e-10
5.42728e-08
-7.86007e-10
4.80988e-08
-4.91792e-10
-7.34478e-10
5.7755e-08
-8.16198e-10
-7.18832e-10
5.21196e-08
-9.08414e-10
-6.64684e-10
4.64085e-08
-6.08176e-10
4.04999e-08
-4.14165e-10
4.66537e-08
-7.85836e-10
4.1021e-08
-9.76206e-10
3.52986e-08
2.94637e-08
6.69153e-12
-5.90447e-10
7.03104e-08
4.19264e-11
-6.5035e-10
6.42169e-08
1.3051e-10
-7.77894e-10
5.79153e-08
-9.53508e-10
5.13669e-08
-1.30956e-10
-5.36755e-10
6.60764e-08
-1.7066e-10
-5.68994e-10
6.01404e-08
-9.54023e-11
-6.11028e-10
5.40307e-08
-6.72837e-10
4.7689e-08
-1.75611e-10
-4.84783e-10
5.78786e-08
-2.67142e-10
-4.93728e-10
5.21359e-08
-2.40509e-10
-4.81637e-10
4.62525e-08
-4.64282e-10
4.0189e-08
-1.45053e-10
4.67097e-08
-2.52006e-10
4.10308e-08
-2.96606e-10
3.52428e-08
2.93392e-08
6.83054e-11
-5.60852e-10
7.01661e-08
1.62376e-10
-6.02466e-10
6.40334e-08
2.76626e-10
-6.75072e-10
5.76758e-08
-7.72371e-10
5.10943e-08
1.1023e-11
-4.43507e-10
6.5948e-08
6.33809e-11
-4.72502e-10
5.99581e-08
1.53468e-10
-5.06779e-10
5.37723e-08
-5.50019e-10
4.73824e-08
-1.05957e-11
-3.33217e-10
5.77789e-08
9.54383e-12
-3.48711e-10
5.1992e-08
6.2297e-11
-3.55081e-10
4.60481e-08
-3.57593e-10
3.99409e-08
7.10879e-12
4.65786e-08
9.79057e-12
4.08974e-08
1.41181e-11
3.51004e-08
2.91908e-08
9.36614e-11
-4.67421e-10
6.99843e-08
1.92253e-10
-4.97699e-10
6.38424e-08
2.84785e-10
-5.43553e-10
5.74744e-08
-6.02455e-10
5.08993e-08
6.61562e-11
-3.4862e-10
6.5763e-08
1.39388e-10
-3.73661e-10
5.97609e-08
2.11297e-10
-4.01988e-10
5.35589e-08
-4.34175e-10
4.71685e-08
5.1811e-11
-2.34296e-10
5.76128e-08
1.03067e-10
-2.51218e-10
5.18183e-08
1.49108e-10
-2.64201e-10
4.58642e-08
-2.74335e-10
3.97572e-08
5.6583e-11
4.641e-08
9.28817e-11
4.0742e-08
1.0808e-10
3.49574e-08
2.90625e-08
8.89869e-11
-3.70107e-10
6.98168e-08
1.7052e-10
-3.92337e-10
6.36815e-08
2.3649e-10
-4.23481e-10
5.73217e-08
-4.61708e-10
5.07647e-08
7.39534e-11
-2.69413e-10
6.55884e-08
1.39598e-10
-2.8946e-10
5.95923e-08
1.90308e-10
-3.11952e-10
5.33966e-08
-3.36227e-10
4.70212e-08
6.34881e-11
-1.70189e-10
5.74501e-08
1.13787e-10
-1.85182e-10
5.16637e-08
1.46838e-10
-1.98654e-10
4.57179e-08
-2.10207e-10
3.96247e-08
6.21087e-11
4.62576e-08
1.00711e-10
4.06066e-08
1.1413e-10
3.48392e-08
2.89629e-08
7.28538e-11
-2.86338e-10
6.96806e-08
1.34463e-10
-3.02759e-10
6.35571e-08
1.79513e-10
-3.24832e-10
5.72107e-08
-3.50933e-10
5.06724e-08
6.40795e-11
-2.06571e-10
6.54445e-08
1.15471e-10
-2.22035e-10
5.94602e-08
1.49529e-10
-2.39467e-10
5.32772e-08
-2.57827e-10
4.6919e-08
5.63904e-11
-1.26607e-10
5.73137e-08
9.70672e-11
-1.3874e-10
5.15397e-08
1.19022e-10
-1.50485e-10
4.56069e-08
-1.61008e-10
3.95297e-08
5.29942e-11
4.61348e-08
8.49218e-11
4.04996e-08
9.41658e-11
3.47482e-08
2.88888e-08
5.56582e-11
-2.18826e-10
6.95764e-08
1.00416e-10
-2.31018e-10
6.34647e-08
1.30855e-10
-2.47041e-10
5.71312e-08
-2.65434e-10
5.06087e-08
5.03685e-11
-1.57696e-10
6.5333e-08
8.84135e-11
-1.69399e-10
5.93606e-08
1.10957e-10
-1.8272e-10
5.31903e-08
-1.96554e-10
4.68474e-08
4.48191e-11
-9.5596e-11
5.72068e-08
7.53836e-11
-1.04978e-10
5.14448e-08
8.95455e-11
-1.14473e-10
4.55245e-08
-1.23194e-10
3.94614e-08
4.13202e-11
4.60404e-08
6.54919e-11
4.04181e-08
7.12234e-11
3.46801e-08
2.88342e-08
4.10605e-11
-1.65938e-10
6.94992e-08
7.30153e-11
-1.75005e-10
6.33973e-08
9.3661e-11
-1.8677e-10
5.70746e-08
-1.99955e-10
5.05644e-08
3.78244e-11
-1.19929e-10
6.52492e-08
6.52934e-11
-1.28689e-10
5.92868e-08
8.0248e-11
-1.3876e-10
5.31274e-08
-1.49114e-10
4.67966e-08
3.38855e-11
-7.26683e-11
5.71257e-08
5.61326e-11
-7.97437e-11
5.13736e-08
6.52119e-11
-8.71184e-11
4.54638e-08
-9.39901e-11
3.9412e-08
3.09471e-11
4.59694e-08
4.85874e-11
4.03573e-08
5.19319e-11
3.46295e-08
2.8794e-08
2.97371e-11
-1.25113e-10
6.94429e-08
5.23931e-11
-1.3185e-10
6.33487e-08
6.65296e-11
-1.40525e-10
5.70344e-08
-1.50057e-10
5.05332e-08
2.77467e-11
-9.0861e-11
6.51872e-08
4.73643e-11
-9.73663e-11
5.92327e-08
5.73782e-11
-1.04915e-10
5.30818e-08
-1.12609e-10
4.67602e-08
2.49901e-11
-5.53189e-11
5.70651e-08
4.09564e-11
-6.05757e-11
5.13208e-08
4.68022e-11
-6.61704e-11
4.54192e-08
-7.14259e-11
3.9376e-08
2.27356e-11
4.59166e-08
3.54046e-11
4.03122e-08
3.72607e-11
3.45922e-08
2.87646e-08
2.13291e-11
-9.38909e-11
6.94023e-08
3.73617e-11
-9.88841e-11
6.33139e-08
4.71422e-11
-1.05283e-10
5.70057e-08
-1.12202e-10
5.05111e-08
2.01041e-11
-6.85695e-11
6.51418e-08
3.40554e-11
-7.33739e-11
5.91932e-08
4.08372e-11
-7.89916e-11
5.30487e-08
-8.46743e-11
4.67339e-08
1.81953e-11
-4.20401e-11
5.70204e-08
2.95864e-11
-4.59108e-11
5.1282e-08
3.33816e-11
-5.00937e-11
4.53865e-08
-5.40396e-11
3.93497e-08
1.65456e-11
4.58776e-08
2.55837e-11
4.02788e-08
2.65546e-11
3.45647e-08
2.87429e-08
1.52262e-11
-7.01659e-11
6.93731e-08
2.65767e-11
-7.38567e-11
6.32889e-08
3.34071e-11
-7.85718e-11
5.69852e-08
-8.36021e-11
5.04954e-08
1.44731e-11
-5.15376e-11
6.51087e-08
2.43851e-11
-5.50709e-11
5.91645e-08
2.90281e-11
-5.92283e-11
5.30247e-08
-6.3405e-11
4.67149e-08
1.3161e-11
-3.18377e-11
5.69875e-08
2.12719e-11
-3.46719e-11
5.12534e-08
2.37589e-11
-3.77705e-11
4.53626e-08
-4.06983e-11
3.93305e-08
1.19858e-11
4.58488e-08
1.8419e-11
4.02543e-08
1.8882e-11
3.45444e-08
2.87269e-08
1.08468e-11
-5.22212e-11
6.93522e-08
1.88934e-11
-5.49409e-11
6.3271e-08
2.36994e-11
-5.8408e-11
5.69705e-08
-6.20659e-11
5.04842e-08
1.0385e-11
-3.85679e-11
6.50846e-08
1.74299e-11
-4.11576e-11
5.91437e-08
2.06383e-11
-4.422e-11
5.30073e-08
-4.72776e-11
4.67011e-08
9.48695e-12
-2.39999e-11
5.69635e-08
1.52609e-11
-2.60676e-11
5.12326e-08
1.69055e-11
-2.83484e-11
4.53451e-08
-3.05036e-11
3.93165e-08
8.66249e-12
4.58277e-08
1.32403e-11
4.02362e-08
1.34229e-11
3.45295e-08
2.87152e-08
7.71866e-12
-3.86881e-11
6.93372e-08
1.34297e-11
-4.0685e-11
6.32582e-08
1.6829e-11
-4.32268e-11
5.69601e-08
-4.58839e-11
5.04761e-08
7.43621e-12
-2.87169e-11
6.50672e-08
1.24459e-11
-3.06085e-11
5.91286e-08
1.46788e-11
-3.28543e-11
5.29947e-08
-3.50842e-11
4.66911e-08
6.82303e-12
-1.79886e-11
5.69459e-08
1.09336e-11
-1.94923e-11
5.12174e-08
1.20299e-11
-2.11627e-11
4.53323e-08
-2.27395e-11
3.93062e-08
6.24971e-12
4.58122e-08
9.50739e-12
4.0223e-08
9.54356e-12
3.45186e-08
2.87066e-08
5.484e-12
-2.84921e-11
6.93266e-08
9.53646e-12
-2.99509e-11
6.32491e-08
1.19464e-11
-3.18057e-11
5.69526e-08
-3.37301e-11
5.04703e-08
5.31173e-12
-2.12431e-11
6.50547e-08
8.87176e-12
-2.26186e-11
5.91177e-08
1.04324e-11
-2.42567e-11
5.29856e-08
-2.58753e-11
4.66839e-08
4.89361e-12
-1.33842e-11
5.69332e-08
7.81714e-12
-1.44735e-11
5.12063e-08
8.55246e-12
-1.56901e-11
4.5323e-08
-1.68368e-11
3.92987e-08
4.49707e-12
4.58009e-08
6.81311e-12
4.02133e-08
6.77958e-12
3.45106e-08
2.87003e-08
3.8814e-12
-2.07982e-11
6.9319e-08
6.748e-12
-2.18554e-11
6.32426e-08
8.45348e-12
-2.31986e-11
5.69472e-08
-2.45834e-11
5.04662e-08
3.77668e-12
-1.5566e-11
6.50457e-08
6.29781e-12
-1.6559e-11
5.91099e-08
7.38884e-12
-1.77444e-11
5.2979e-08
-1.89106e-11
4.66787e-08
3.49216e-12
-9.8555e-12
5.6924e-08
5.56386e-12
-1.06394e-11
5.11983e-08
6.05879e-12
-1.15186e-11
4.53163e-08
-1.23456e-11
3.92933e-08
3.21922e-12
4.57927e-08
4.85993e-12
4.02063e-08
4.79978e-12
3.45048e-08
2.86957e-08
2.72476e-12
-1.49654e-11
6.93137e-08
4.73626e-12
-1.57213e-11
6.3238e-08
5.93418e-12
-1.66808e-11
5.69435e-08
-1.76651e-11
5.04633e-08
2.66137e-12
-1.12351e-11
6.50393e-08
4.43225e-12
-1.1943e-11
5.91043e-08
5.19119e-12
-1.27892e-11
5.29744e-08
-1.36185e-11
4.6675e-08
2.46869e-12
-7.14093e-12
5.69174e-08
3.92493e-12
-7.69821e-12
5.11926e-08
4.25838e-12
-8.32522e-12
4.53115e-08
-8.91371e-12
3.92895e-08
2.28197e-12
4.57868e-08
3.43536e-12
4.02013e-08
3.37255e-12
3.45007e-08
2.86925e-08
1.88667e-12
-1.05158e-11
6.931e-08
3.27806e-12
-1.10437e-11
6.32349e-08
4.10767e-12
-1.17128e-11
5.69409e-08
-1.23966e-11
5.04612e-08
1.84875e-12
-7.91065e-12
6.50348e-08
3.07529e-12
-8.40368e-12
5.91005e-08
3.59821e-12
-8.99355e-12
5.29712e-08
-9.56959e-12
4.66724e-08
1.71998e-12
-5.03953e-12
5.69128e-08
2.72995e-12
-5.42671e-12
5.11886e-08
2.95571e-12
-5.8633e-12
4.53081e-08
-6.27196e-12
3.92868e-08
1.59396e-12
4.57827e-08
2.39478e-12
4.01978e-08
2.34366e-12
3.44978e-08
2.86902e-08
1.28767e-12
-7.11779e-12
6.93074e-08
2.23491e-12
-7.4712e-12
6.32327e-08
2.8015e-12
-7.91863e-12
5.69391e-08
-8.37526e-12
5.04599e-08
1.26431e-12
-5.35026e-12
6.50318e-08
2.10237e-12
-5.68029e-12
5.90978e-08
2.46239e-12
-6.07484e-12
5.2969e-08
-6.45911e-12
4.66706e-08
1.17757e-12
-3.40173e-12
5.69097e-08
1.8718e-12
-3.65986e-12
5.11859e-08
2.03191e-12
-3.95145e-12
4.53058e-08
-4.22356e-12
3.92849e-08
1.09008e-12
4.57799e-08
1.64491e-12
4.01954e-08
1.6186e-12
3.44958e-08
2.86886e-08
9.02283e-13
-4.60442e-12
6.93057e-08
1.54676e-12
-4.82236e-12
6.32313e-08
1.94114e-12
-5.10079e-12
5.69379e-08
-5.38694e-12
5.04589e-08
8.91992e-13
-3.43841e-12
6.50297e-08
1.46252e-12
-3.64224e-12
5.90961e-08
1.72316e-12
-3.88786e-12
5.29675e-08
-4.12645e-12
4.66694e-08
8.38672e-13
-2.15966e-12
5.69076e-08
1.31276e-12
-2.31891e-12
5.11841e-08
1.44403e-12
-2.49956e-12
4.53043e-08
-2.66634e-12
3.92837e-08
7.80371e-13
4.5778e-08
1.1639e-12
4.01938e-08
1.17596e-12
3.44945e-08
2.86876e-08
6.53567e-13
-2.97057e-12
1.21184e-12
-3.10474e-12
1.54258e-12
-3.27128e-12
-3.44884e-12
6.30064e-13
-2.13288e-12
1.14631e-12
-2.25544e-12
1.3907e-12
-2.40193e-12
-2.5528e-12
5.78046e-13
-1.26404e-12
1.02682e-12
-1.35231e-12
1.18451e-12
-1.45773e-12
-1.56247e-12
5.22812e-13
8.9229e-13
9.63141e-13
)
;

boundaryField
{
    inlet
    {
        type            calculated;
        value           nonuniform List<scalar> 
48
(
-4.88186e-08
-4.88218e-08
-4.79658e-08
-4.58725e-08
-4.87878e-08
-4.8848e-08
-4.65553e-08
-4.81665e-08
-4.86117e-08
-4.88002e-08
-4.83987e-08
-4.64141e-08
-4.88561e-08
-4.87997e-08
-4.87955e-08
-4.85704e-08
-2.93469e-08
-3.54172e-08
-4.15339e-08
-4.76343e-08
-4.01616e-08
-4.6518e-08
-5.46118e-08
-7.45816e-08
-4.67385e-08
-4.76677e-08
-6.05708e-08
-6.73659e-08
-5.12112e-08
-5.81238e-08
-6.49647e-08
-7.1565e-08
-7.16322e-08
-6.66218e-08
-5.78509e-08
-4.76343e-08
-6.59595e-08
-6.12977e-08
-5.23765e-08
-4.15339e-08
-5.869e-08
-5.44462e-08
-4.63868e-08
-3.54364e-08
-5.12927e-08
-4.70503e-08
-3.97534e-08
-2.9297e-08
)
;
    }
    outlet
    {
        type            calculated;
        value           nonuniform List<scalar> 
48
(
4.81525e-08
4.81196e-08
4.80443e-08
4.79108e-08
4.82322e-08
4.82077e-08
4.81498e-08
4.80453e-08
4.82742e-08
4.82553e-08
4.82088e-08
4.81218e-08
4.82917e-08
4.82755e-08
4.82346e-08
4.81559e-08
2.86872e-08
3.44941e-08
4.01933e-08
4.57776e-08
3.92843e-08
4.53051e-08
5.11852e-08
5.6909e-08
4.66715e-08
5.29702e-08
5.90994e-08
6.50336e-08
5.04626e-08
5.69426e-08
6.32369e-08
6.93122e-08
6.93045e-08
6.50283e-08
5.69061e-08
4.57768e-08
6.32301e-08
5.90947e-08
5.11827e-08
4.01927e-08
5.69369e-08
5.29664e-08
4.53032e-08
3.44936e-08
5.04582e-08
4.66686e-08
3.92828e-08
2.86869e-08
)
;
    }
    wall
    {
        type            calculated;
        value           nonuniform List<scalar> 
192
(
-2.75028e-10
2.46011e-25
-2.32261e-25
2.45831e-25
-1.17371e-25
-2.61765e-25
3.2752e-26
-2.71397e-26
4.06975e-28
-1.83466e-26
9.52296e-27
-6.48914e-27
1.39444e-27
-5.83099e-27
-4.36795e-27
-2.84909e-29
7.44012e-28
-2.63643e-28
-1.17264e-28
-2.98035e-28
-6.97215e-28
-1.21173e-28
1.67139e-28
-6.45339e-29
-3.61213e-08
-1.47198e-24
-5.58811e-25
-1.25373e-24
-7.73407e-25
1.21923e-25
1.60083e-26
1.61826e-26
4.94784e-26
1.39721e-26
-8.90105e-28
1.20905e-26
7.31252e-27
-2.00741e-27
-8.82008e-28
1.73928e-27
-2.18287e-28
1.04703e-27
-1.54819e-29
3.26471e-28
-3.15396e-28
-1.3133e-28
1.57835e-28
3.44378e-29
2.82073e-08
1.88231e-25
3.19328e-25
-4.79103e-25
-1.37155e-25
-2.23563e-27
-5.41058e-27
6.79951e-28
-2.25852e-27
-1.34976e-26
4.03077e-27
-1.37763e-26
-2.54022e-27
-3.34855e-27
-4.8677e-27
8.43234e-28
3.40628e-27
-1.60752e-27
2.99052e-28
-2.53745e-28
3.32572e-28
-3.07483e-28
2.16125e-28
-2.81543e-28
6.21621e-08
-2.20492e-24
1.58689e-25
1.84398e-25
-3.68065e-26
5.7859e-27
-2.52793e-26
7.36918e-27
-2.28164e-26
-1.54286e-26
-1.44453e-26
-1.45927e-27
7.39323e-28
-2.33072e-27
-2.74599e-27
-6.29529e-28
-5.70344e-28
-8.66113e-28
-1.10182e-27
-1.08407e-27
-5.53309e-29
1.20807e-28
-3.19746e-31
-4.62521e-29
1.06529e-08
3.38685e-08
2.12719e-09
4.28617e-24
4.71875e-25
-3.73627e-25
-1.6302e-25
-3.26512e-25
-2.8945e-25
1.82011e-25
-1.8815e-25
5.09681e-25
-3.67872e-26
9.87516e-26
2.29618e-25
-3.16332e-25
7.86612e-27
-1.68818e-25
-2.99834e-25
2.71956e-25
-4.61948e-28
-5.16875e-26
-3.08554e-26
1.20181e-26
-2.39488e-26
-7.27929e-26
4.643e-26
-1.96627e-25
2.65708e-26
6.26862e-27
1.88524e-26
9.22788e-27
1.13583e-26
-8.58366e-27
3.35848e-26
-6.2796e-26
2.48094e-26
2.7763e-26
-3.79879e-26
-1.20383e-26
1.45386e-26
1.73689e-26
1.94166e-26
4.15011e-27
-4.40698e-27
2.43253e-26
2.93667e-27
-1.45607e-27
2.214e-27
-1.00179e-26
1.32848e-26
-1.72268e-26
-3.11032e-27
8.59213e-28
4.05372e-27
7.55005e-27
9.59493e-27
-6.83217e-27
-1.04297e-26
-9.32508e-27
2.90092e-27
9.43237e-27
5.86429e-27
4.36483e-27
-1.74117e-27
1.6615e-27
-1.5141e-27
1.69375e-27
1.37589e-27
5.68927e-27
4.53042e-27
1.08978e-27
1.22364e-27
9.91688e-28
9.53675e-28
-3.50194e-27
-1.9111e-27
3.01591e-27
-2.52377e-27
-6.29405e-28
8.01919e-28
1.53212e-27
2.94807e-28
-6.94072e-29
-2.32305e-28
-4.47311e-28
5.15149e-28
-2.69393e-28
1.22379e-29
-5.99101e-28
-3.06598e-28
-2.99903e-28
-1.04078e-30
6.87426e-28
2.23812e-29
1.24864e-28
)
;
    }
    procBoundary2to0
    {
        type            processor;
        value           nonuniform List<scalar> 
192
(
3.68453e-09
-1.30904e-09
3.19464e-09
8.43598e-10
1.55321e-09
-2.18013e-09
-5.2495e-09
-5.10311e-09
1.56283e-09
3.54964e-10
-9.07152e-10
-9.93761e-10
1.79397e-09
1.56092e-09
1.16041e-09
8.96603e-10
1.70375e-09
1.77233e-09
1.66662e-09
1.51318e-09
1.41365e-09
1.52839e-09
1.53679e-09
1.48798e-09
1.08931e-09
1.18406e-09
1.22534e-09
1.22888e-09
8.1896e-10
8.86163e-10
9.27853e-10
9.47043e-10
6.11242e-10
6.5729e-10
6.90765e-10
7.10992e-10
4.55519e-10
4.86966e-10
5.11687e-10
5.28252e-10
3.39245e-10
3.60845e-10
3.78463e-10
3.90761e-10
2.52373e-10
2.67325e-10
2.79691e-10
2.88413e-10
1.87448e-10
1.97878e-10
2.0651e-10
2.12562e-10
1.38961e-10
1.46286e-10
1.5231e-10
1.56471e-10
1.02798e-10
1.07972e-10
1.12185e-10
1.15036e-10
7.58569e-11
7.95292e-11
8.24849e-11
8.44399e-11
5.57956e-11
5.84097e-11
6.04893e-11
6.18334e-11
4.08428e-11
4.27048e-11
4.417e-11
4.50966e-11
2.9663e-11
3.0985e-11
3.2015e-11
3.26537e-11
2.12554e-11
2.21849e-11
2.29029e-11
2.33402e-11
1.48865e-11
1.5527e-11
1.60182e-11
1.63123e-11
1.00544e-11
1.048e-11
1.08043e-11
1.09952e-11
6.49125e-12
6.75861e-12
6.96107e-12
7.07769e-12
4.24684e-12
4.41602e-12
4.54394e-12
4.61545e-12
-4.20711e-08
-4.47086e-09
-2.39361e-09
5.06478e-10
1.21507e-08
4.26015e-09
-1.66063e-09
-4.61797e-10
1.14629e-09
3.26746e-10
8.94673e-11
1.11881e-09
4.91376e-11
8.23698e-11
5.53981e-10
1.36536e-09
3.91029e-10
5.04379e-10
8.35849e-10
1.33674e-09
6.16675e-10
7.0275e-10
8.95355e-10
1.17512e-09
6.36824e-10
6.91929e-10
8.00255e-10
9.49021e-10
5.55546e-10
5.90131e-10
6.52516e-10
7.355e-10
4.48634e-10
4.71651e-10
5.10149e-10
5.59644e-10
3.49666e-10
3.65572e-10
3.90821e-10
4.22244e-10
2.67339e-10
2.78712e-10
2.96074e-10
3.17022e-10
2.02098e-10
2.10397e-10
2.22705e-10
2.37148e-10
1.51651e-10
1.5777e-10
1.66653e-10
1.7683e-10
1.13191e-10
1.17723e-10
1.24196e-10
1.31465e-10
8.41283e-11
8.74866e-11
9.22262e-11
9.74609e-11
6.22889e-11
6.47742e-11
6.82497e-11
7.20367e-11
4.59294e-11
4.77629e-11
5.0309e-11
5.30531e-11
3.36841e-11
3.503e-11
3.68886e-11
3.88742e-11
2.45004e-11
2.54799e-11
2.68269e-11
2.82558e-11
1.75781e-11
1.82809e-11
1.9244e-11
2.02602e-11
1.23269e-11
1.28189e-11
1.3491e-11
1.41976e-11
8.34364e-12
8.67324e-12
9.12264e-12
9.59501e-12
5.42171e-12
5.62507e-12
5.90451e-12
6.20167e-12
3.59002e-12
3.71658e-12
3.88306e-12
4.06392e-12
)
;
    }
    procBoundary2to3
    {
        type            processor;
        value           nonuniform List<scalar> 
192
(
1.70333e-08
5.10118e-09
5.80818e-10
-2.96617e-09
-8.65872e-09
-9.32344e-09
-6.26245e-09
-6.84368e-09
-2.1546e-09
-2.7051e-09
-2.85371e-09
-3.62575e-09
6.64531e-11
-3.19479e-10
-8.58375e-10
-1.54237e-09
7.08696e-10
5.09398e-10
1.75608e-10
-2.11077e-10
8.04765e-10
7.02934e-10
5.27772e-10
3.34041e-10
6.73736e-10
6.16182e-10
5.22973e-10
4.25894e-10
4.97704e-10
4.61271e-10
4.09645e-10
3.59655e-10
3.51987e-10
3.27671e-10
2.96581e-10
2.67635e-10
2.46548e-10
2.30247e-10
2.10744e-10
1.92842e-10
1.73598e-10
1.62795e-10
1.50297e-10
1.38786e-10
1.2342e-10
1.16338e-10
1.08231e-10
1.00658e-10
8.85491e-11
8.39336e-11
7.86265e-11
7.357e-11
6.39685e-11
6.09644e-11
5.74609e-11
5.40475e-11
4.64175e-11
4.44592e-11
4.21276e-11
3.98028e-11
3.37592e-11
3.24778e-11
3.09141e-11
2.93193e-11
2.45585e-11
2.37155e-11
2.26594e-11
2.15591e-11
1.78253e-11
1.72676e-11
1.65505e-11
1.57887e-11
1.28629e-11
1.24931e-11
1.20053e-11
1.14778e-11
9.17943e-12
8.93526e-12
8.60462e-12
8.24154e-12
6.43821e-12
6.27904e-12
6.05771e-12
5.81108e-12
4.43579e-12
4.33462e-12
4.18941e-12
4.02479e-12
3.09818e-12
3.03601e-12
2.94198e-12
2.83204e-12
2.45864e-12
2.41703e-12
2.34814e-12
2.26334e-12
-1.23212e-08
-1.70572e-08
-6.20179e-09
9.01348e-09
-8.88565e-09
-7.46411e-09
6.60072e-10
2.54547e-09
-4.4619e-09
-4.21773e-09
-2.54135e-09
-2.34273e-09
-1.99927e-09
-2.07556e-09
-1.76695e-09
-1.56225e-09
-4.70148e-10
-5.44092e-10
-4.46803e-10
-3.14625e-10
2.04311e-10
1.65419e-10
2.10588e-10
2.89783e-10
3.63732e-10
3.46819e-10
3.70342e-10
4.14409e-10
3.28365e-10
3.19524e-10
3.30998e-10
3.54638e-10
2.49506e-10
2.43593e-10
2.4909e-10
2.62197e-10
1.81169e-10
1.76506e-10
1.78704e-10
1.86143e-10
1.30865e-10
1.27084e-10
1.27647e-10
1.32002e-10
9.5161e-11
9.21635e-11
9.20001e-11
9.46317e-11
6.97179e-11
6.74019e-11
6.69701e-11
6.86048e-11
5.13352e-11
4.95811e-11
4.90963e-11
5.01376e-11
3.78874e-11
3.65779e-11
3.61322e-11
3.68108e-11
2.79641e-11
2.69967e-11
2.66222e-11
2.70735e-11
2.05995e-11
1.98908e-11
1.95918e-11
1.98972e-11
1.51097e-11
1.45948e-11
1.4364e-11
1.45736e-11
1.09993e-11
1.06287e-11
1.04554e-11
1.06002e-11
7.90726e-12
7.64405e-12
7.51695e-12
7.61649e-12
5.58111e-12
5.3973e-12
5.30587e-12
5.37184e-12
3.86903e-12
3.74204e-12
3.67581e-12
3.71424e-12
2.72489e-12
2.63409e-12
2.58178e-12
2.5952e-12
2.17702e-12
2.10176e-12
2.04934e-12
2.03144e-12
)
;
    }
}


// ************************************************************************* //
