/*--------------------------------*- C++ -*----------------------------------*\
  =========                 |
  \\      /  F ield         | OpenFOAM: The Open Source CFD Toolbox
   \\    /   O peration     | Website:  https://openfoam.org
    \\  /    A nd           | Version:  6
     \\/     M anipulation  |
\*---------------------------------------------------------------------------*/
FoamFile
{
    version     2.0;
    format      ascii;
    class       volVectorField;
    location    "0.08";
    object      U;
}
// * * * * * * * * * * * * * * * * * * * * * * * * * * * * * * * * * * * * * //

dimensions      [0 1 -1 0 0 0 0];

internalField   nonuniform List<vector> 
1152
(
(0.000391739 -0.00181258 0.00658892)
(-0.000249113 -0.000922629 0.00827676)
(0.00388612 -0.00203018 0.00234721)
(0.000422677 -7.66096e-05 0.00127887)
(-1.83158e-05 -0.00151916 0.00359155)
(0.000811935 -0.00236274 0.00252015)
(0.00046169 -0.000386059 0.00196594)
(0.000664841 0.000143948 0.00425844)
(-0.00174682 -0.000253429 0.00173055)
(0.000523679 -0.0017681 -0.000205481)
(0.00157204 4.20769e-05 0.00141232)
(0.000220638 0.000526175 0.00379312)
(-0.000672155 -0.00342366 -0.0001516)
(0.00510432 -0.00340438 0.00076401)
(0.0012971 0.00275398 -0.000616424)
(-4.84386e-05 0.00164119 0.0039743)
(-0.00103046 -2.76532e-05 0.0249967)
(-0.000645206 0.000914262 0.0262076)
(-0.00025918 0.0010907 0.0279953)
(-0.00183566 0.00071399 0.0260566)
(-0.000269281 1.27167e-05 0.0274434)
(-0.000618174 0.000671014 0.0287474)
(-0.00135596 0.000580876 0.0288765)
(-0.00224322 5.97558e-05 0.0258045)
(7.88492e-06 -0.000393612 0.0307163)
(-0.000634101 -0.000362665 0.0302321)
(-0.00172028 -0.000218168 0.0290691)
(-0.00204858 -0.000497829 0.026339)
(0.000347722 -0.0015756 0.0260414)
(-0.000534107 -0.00192277 0.0261405)
(-0.00219625 -0.00140794 0.0284057)
(-0.00236709 -0.00210822 0.0251795)
(-0.000681124 -0.000390057 0.0154493)
(-0.000555912 -5.23513e-05 0.0158824)
(-0.000318691 0.000162228 0.0156574)
(-0.000522743 0.000163532 0.0151005)
(-0.000557645 -0.000436403 0.0158028)
(-0.000544986 -0.000107874 0.016036)
(-0.000525961 2.48543e-05 0.0158186)
(-0.000682182 -4.82661e-06 0.0153384)
(-0.000433268 -0.000408504 0.0158464)
(-0.000548556 -0.000195358 0.0158384)
(-0.000673234 -1.80797e-05 0.0156804)
(-0.000754646 -4.38963e-05 0.0153106)
(-0.000379357 -0.000574607 0.0145382)
(-0.000641133 -0.000495744 0.0148065)
(-0.000907282 -0.000215844 0.01522)
(-0.00099441 -0.000307698 0.0151659)
(-0.000282755 -0.00042317 0.0167471)
(-0.000209013 -0.000363458 0.0168632)
(-4.73667e-05 -0.000264865 0.0166912)
(3.81019e-06 -0.000198773 0.0163502)
(-0.000360417 -0.000295413 0.0170188)
(-0.000253123 -0.000239711 0.0170869)
(-0.000105143 -0.000168917 0.0168764)
(-7.46164e-05 -0.000137628 0.0165073)
(-0.00044621 -6.99635e-05 0.0170304)
(-0.000340359 -3.54985e-05 0.0170571)
(-0.000215221 9.48433e-06 0.0168552)
(-0.000193032 4.66927e-06 0.0165041)
(-0.000578543 2.10254e-05 0.0166319)
(-0.000515371 2.50145e-05 0.0166962)
(-0.000405615 9.83388e-05 0.0165937)
(-0.000371734 8.06538e-05 0.0163649)
(-2.93465e-05 -0.000395259 0.01674)
(3.97972e-05 -0.000408428 0.0167496)
(0.000134421 -0.000382278 0.0166257)
(0.000180579 -0.000350402 0.0164007)
(-9.93338e-05 -0.000277846 0.0168937)
(-2.28984e-06 -0.000286275 0.0169101)
(0.000101775 -0.000272827 0.0167639)
(0.000140918 -0.000267533 0.0165108)
(-0.000166826 -0.000125985 0.0168841)
(-6.61759e-05 -0.000128154 0.0169188)
(3.59784e-05 -0.000129007 0.0167824)
(6.6238e-05 -0.00014728 0.0165419)
(-0.000243943 -5.87109e-05 0.0166797)
(-0.000157685 -5.20543e-05 0.0167562)
(-5.91157e-05 -4.10806e-05 0.0166699)
(-3.06654e-05 -5.93237e-05 0.0164827)
(8.69296e-05 -0.000333921 0.0165179)
(0.000144259 -0.000360009 0.0164965)
(0.00019544 -0.000363473 0.0164085)
(0.000213414 -0.000356435 0.0162734)
(4.218e-05 -0.000259853 0.0166032)
(0.000113293 -0.000282192 0.0165926)
(0.000174143 -0.000292766 0.0164987)
(0.000192058 -0.000301141 0.0163531)
(-5.87819e-07 -0.000172583 0.0166107)
(7.34061e-05 -0.000189511 0.0166169)
(0.000136461 -0.000205949 0.0165323)
(0.000151697 -0.000226663 0.0163946)
(-4.66066e-05 -0.000122978 0.016539)
(2.52317e-05 -0.000130858 0.0165682)
(8.86592e-05 -0.00014272 0.0165069)
(0.000103397 -0.000163955 0.0163917)
(0.000115517 -0.00026172 0.016398)
(0.000153591 -0.000284482 0.0163792)
(0.000179472 -0.000295979 0.0163211)
(0.000181817 -0.000300123 0.0162392)
(8.54695e-05 -0.000219501 0.0164493)
(0.000130737 -0.000240878 0.0164397)
(0.000163488 -0.000256254 0.0163834)
(0.000168316 -0.000268464 0.0162999)
(5.66031e-05 -0.00016992 0.0164584)
(0.000104511 -0.000188673 0.0164624)
(0.000140445 -0.000206848 0.0164151)
(0.000145975 -0.000224964 0.0163382)
(2.72769e-05 -0.000133676 0.0164258)
(7.65157e-05 -0.000146909 0.0164474)
(0.000114604 -0.000163545 0.0164143)
(0.000121273 -0.00018217 0.0163493)
(0.0001026 -0.000198733 0.0163257)
(0.000126131 -0.00021553 0.0163169)
(0.000138801 -0.000226917 0.0162828)
(0.00013552 -0.000233685 0.0162346)
(8.22388e-05 -0.000174001 0.0163573)
(0.000109475 -0.000190636 0.0163563)
(0.000126537 -0.000204227 0.0163262)
(0.000126002 -0.000215172 0.0162795)
(6.24037e-05 -0.000143989 0.0163621)
(9.15086e-05 -0.000159588 0.0163724)
(0.000111317 -0.000174631 0.0163502)
(0.000112647 -0.000188453 0.016309)
(4.28284e-05 -0.000117067 0.0163377)
(7.3551e-05 -0.000129714 0.016363)
(9.57186e-05 -0.000144278 0.0163517)
(9.92341e-05 -0.000158721 0.0163184)
(7.8931e-05 -0.000149172 0.0162787)
(9.32034e-05 -0.000160992 0.0162799)
(9.95639e-05 -0.000170103 0.0162625)
(9.57341e-05 -0.00017635 0.0162349)
(6.50154e-05 -0.000133646 0.0162984)
(8.12736e-05 -0.000145739 0.016306)
(9.04179e-05 -0.000156164 0.0162927)
(8.88807e-05 -0.000164599 0.0162675)
(5.1286e-05 -0.000114016 0.0162975)
(6.87685e-05 -0.000125762 0.0163148)
(7.99822e-05 -0.000136989 0.0163084)
(8.0332e-05 -0.000146841 0.0162877)
(3.79332e-05 -9.37165e-05 0.0162721)
(5.66132e-05 -0.000103918 0.0163027)
(6.97444e-05 -0.000114996 0.0163055)
(7.20926e-05 -0.000125224 0.0162906)
(5.71527e-05 -0.00011156 0.0162483)
(6.59439e-05 -0.000119783 0.0162574)
(6.94261e-05 -0.000126513 0.0162509)
(6.65914e-05 -0.000131394 0.0162357)
(4.75576e-05 -0.000101191 0.01626)
(5.75142e-05 -0.000109785 0.0162744)
(6.28244e-05 -0.000117346 0.0162716)
(6.1749e-05 -0.000123441 0.0162587)
(3.79988e-05 -8.75769e-05 0.0162539)
(4.87817e-05 -9.60968e-05 0.0162767)
(5.5606e-05 -0.000104135 0.01628)
(5.61074e-05 -0.000110983 0.0162708)
(2.87905e-05 -7.21888e-05 0.0162251)
(4.03812e-05 -7.9893e-05 0.0162601)
(4.86505e-05 -8.79042e-05 0.0162715)
(5.0774e-05 -9.50282e-05 0.0162671)
(4.04039e-05 -8.32926e-05 0.0162283)
(4.60181e-05 -8.90114e-05 0.016243)
(4.81793e-05 -9.38148e-05 0.0162435)
(4.64416e-05 -9.73648e-05 0.0162357)
(3.37349e-05 -7.60922e-05 0.0162341)
(4.01063e-05 -8.2157e-05 0.0162534)
(4.352e-05 -8.75146e-05 0.0162572)
(4.30965e-05 -9.1789e-05 0.0162514)
(2.70451e-05 -6.63384e-05 0.0162236)
(3.40039e-05 -7.24295e-05 0.0162504)
(3.85249e-05 -7.80957e-05 0.0162596)
(3.93297e-05 -8.28177e-05 0.016257)
(2.06456e-05 -5.47084e-05 0.0161913)
(2.81471e-05 -6.03585e-05 0.0162295)
(3.37291e-05 -6.6046e-05 0.0162461)
(3.57751e-05 -7.09904e-05 0.0162476)
(2.83592e-05 -6.20861e-05 0.0162147)
(3.21012e-05 -6.60774e-05 0.0162332)
(3.36112e-05 -6.94551e-05 0.0162383)
(3.26863e-05 -7.19508e-05 0.0162352)
(2.36894e-05 -5.69781e-05 0.0162162)
(2.7964e-05 -6.12549e-05 0.0162387)
(3.0362e-05 -6.50161e-05 0.0162467)
(3.04104e-05 -6.7975e-05 0.0162453)
(1.89805e-05 -4.98824e-05 0.016202)
(2.36909e-05 -5.42161e-05 0.0162316)
(2.69037e-05 -5.8191e-05 0.0162445)
(2.7881e-05 -6.14441e-05 0.0162458)
(1.44975e-05 -4.11425e-05 0.0161668)
(1.95829e-05 -4.52308e-05 0.0162072)
(2.3572e-05 -4.92459e-05 0.016227)
(2.54746e-05 -5.26834e-05 0.016232)
(1.99075e-05 -4.61892e-05 0.0162052)
(2.24989e-05 -4.89881e-05 0.0162264)
(2.36393e-05 -5.13506e-05 0.0162344)
(2.32297e-05 -5.30777e-05 0.0162342)
(1.66152e-05 -4.25263e-05 0.0162035)
(1.95993e-05 -4.55474e-05 0.0162283)
(2.13835e-05 -4.81815e-05 0.0162389)
(2.16926e-05 -5.02208e-05 0.0162402)
(1.32815e-05 -3.7333e-05 0.0161865)
(1.65969e-05 -4.0414e-05 0.016218)
(1.89838e-05 -4.32026e-05 0.0162332)
(1.99855e-05 -4.54487e-05 0.0162369)
(1.01171e-05 -3.08031e-05 0.0161488)
(1.37e-05 -3.37425e-05 0.0161908)
(1.66562e-05 -3.65758e-05 0.0162126)
(1.83403e-05 -3.89747e-05 0.0162198)
(1.40157e-05 -3.42889e-05 0.0161986)
(1.58623e-05 -3.62613e-05 0.0162215)
(1.67556e-05 -3.7913e-05 0.0162315)
(1.66411e-05 -3.9101e-05 0.0162333)
(1.16806e-05 -3.16488e-05 0.0161944)
(1.38234e-05 -3.37887e-05 0.0162207)
(1.51893e-05 -3.56351e-05 0.016233)
(1.56046e-05 -3.70408e-05 0.0162361)
(9.30832e-06 -2.78415e-05 0.0161752)
(1.17052e-05 -3.00342e-05 0.016208)
(1.3518e-05 -3.19947e-05 0.0162247)
(1.44461e-05 -3.35514e-05 0.01623)
(7.06013e-06 -2.29872e-05 0.0161356)
(9.65243e-06 -2.50949e-05 0.0161787)
(1.18837e-05 -2.70975e-05 0.0162017)
(1.33126e-05 -2.8779e-05 0.0162103)
(9.90419e-06 -2.53956e-05 0.0161938)
(1.12446e-05 -2.67918e-05 0.016218)
(1.19513e-05 -2.79491e-05 0.0162293)
(1.19891e-05 -2.87653e-05 0.0162323)
(8.23994e-06 -2.34884e-05 0.0161878)
(9.80551e-06 -2.50086e-05 0.0162151)
(1.08608e-05 -2.63063e-05 0.0162286)
(1.12889e-05 -2.72778e-05 0.0162328)
(6.54456e-06 -2.06983e-05 0.0161669)
(8.30508e-06 -2.22614e-05 0.0162006)
(9.69189e-06 -2.36438e-05 0.0162182)
(1.0498e-05 -2.47276e-05 0.0162246)
(4.9391e-06 -1.71048e-05 0.0161259)
(6.84431e-06 -1.86148e-05 0.0161697)
(8.53921e-06 -2.00339e-05 0.0161936)
(9.71208e-06 -2.12175e-05 0.016203)
(7.02279e-06 -1.87591e-05 0.0161904)
(8.00577e-06 -1.97512e-05 0.0162154)
(8.56245e-06 -2.05644e-05 0.0162276)
(8.66761e-06 -2.11263e-05 0.0162315)
(5.83227e-06 -1.73807e-05 0.0161829)
(6.98634e-06 -1.84635e-05 0.016211)
(7.80072e-06 -1.93782e-05 0.0162253)
(8.1928e-06 -2.00521e-05 0.0162303)
(4.61689e-06 -1.53389e-05 0.0161609)
(5.91984e-06 -1.64551e-05 0.0161951)
(6.97974e-06 -1.74328e-05 0.0162134)
(7.64961e-06 -1.81907e-05 0.0162205)
(3.46621e-06 -1.26887e-05 0.0161188)
(4.87698e-06 -1.37705e-05 0.016163)
(6.16363e-06 -1.47786e-05 0.0161875)
(7.10172e-06 -1.5615e-05 0.0161975)
(4.99146e-06 -1.38101e-05 0.016188)
(5.71512e-06 -1.45167e-05 0.0162135)
(6.14904e-06 -1.50896e-05 0.0162264)
(6.27414e-06 -1.54776e-05 0.0162309)
(4.13809e-06 -1.28146e-05 0.0161794)
(4.99114e-06 -1.35871e-05 0.016208)
(5.61532e-06 -1.42335e-05 0.0162229)
(5.95072e-06 -1.47025e-05 0.0162284)
(3.26538e-06 -1.13241e-05 0.0161564)
(4.23136e-06 -1.21219e-05 0.016191)
(5.03686e-06 -1.28151e-05 0.0162099)
(5.57576e-06 -1.33468e-05 0.0162174)
(2.43908e-06 -9.37744e-06 0.0161135)
(3.48545e-06 -1.01523e-05 0.0161581)
(4.45757e-06 -1.08697e-05 0.0161829)
(5.19225e-06 -1.14622e-05 0.0161934)
(3.54914e-06 -1.01166e-05 0.0161862)
(4.08118e-06 -1.06201e-05 0.0162122)
(4.41477e-06 -1.10241e-05 0.0162254)
(4.53536e-06 -1.12927e-05 0.0162304)
(2.93758e-06 -9.39965e-06 0.0161769)
(3.56675e-06 -9.9506e-06 0.0162058)
(4.04025e-06 -1.04076e-05 0.016221)
(4.31425e-06 -1.07347e-05 0.016227)
(2.31131e-06 -8.31609e-06 0.0161531)
(3.02538e-06 -8.88588e-06 0.016188)
(3.63216e-06 -9.3774e-06 0.0162072)
(4.05456e-06 -9.75107e-06 0.0162151)
(1.71822e-06 -6.89346e-06 0.0161097)
(2.492e-06 -7.44765e-06 0.0161544)
(3.22078e-06 -7.95809e-06 0.0161795)
(3.7856e-06 -8.37815e-06 0.0161903)
(2.51628e-06 -7.35211e-06 0.0161849)
(2.90494e-06 -7.70957e-06 0.0162112)
(3.15719e-06 -7.99387e-06 0.0162247)
(3.26193e-06 -8.1796e-06 0.01623)
(2.07973e-06 -6.83869e-06 0.016175)
(2.54048e-06 -7.23015e-06 0.0162042)
(2.8948e-06 -7.55249e-06 0.0162197)
(3.11067e-06 -7.78032e-06 0.0162259)
(1.63219e-06 -6.05654e-06 0.0161508)
(2.15602e-06 -6.46182e-06 0.0161859)
(2.60751e-06 -6.80937e-06 0.0162053)
(2.93081e-06 -7.07153e-06 0.0162134)
(1.20827e-06 -5.02516e-06 0.0161068)
(1.77607e-06 -5.41973e-06 0.0161518)
(2.31625e-06 -5.7817e-06 0.0161771)
(2.74248e-06 -6.07869e-06 0.0161881)
(1.76972e-06 -5.27099e-06 0.016184)
(2.0501e-06 -5.52237e-06 0.0162104)
(2.23694e-06 -5.72075e-06 0.0162242)
(2.3218e-06 -5.8484e-06 0.0162297)
(1.46117e-06 -4.90747e-06 0.0161737)
(1.79418e-06 -5.18294e-06 0.016203)
(2.05445e-06 -5.40837e-06 0.0162187)
(2.21885e-06 -5.56605e-06 0.0162251)
(1.14459e-06 -4.34996e-06 0.0161491)
(1.52366e-06 -4.63541e-06 0.0161843)
(1.8538e-06 -4.87903e-06 0.0162038)
(2.095e-06 -5.06163e-06 0.0162122)
(8.44665e-07 -3.6122e-06 0.0161048)
(1.25562e-06 -3.89033e-06 0.0161498)
(1.6494e-06 -4.1447e-06 0.0161753)
(1.96408e-06 -4.35292e-06 0.0161864)
(1.22707e-06 -3.69308e-06 0.0161834)
(1.42544e-06 -3.86637e-06 0.0162099)
(1.56028e-06 -4.00227e-06 0.0162238)
(1.62526e-06 -4.08857e-06 0.0162294)
(1.01326e-06 -3.44079e-06 0.0161727)
(1.24907e-06 -3.63088e-06 0.0162022)
(1.43552e-06 -3.78572e-06 0.016218)
(1.5562e-06 -3.89315e-06 0.0162245)
(7.93718e-07 -3.05189e-06 0.0161479)
(1.06229e-06 -3.24908e-06 0.0161832)
(1.29779e-06 -3.41683e-06 0.0162028)
(1.47216e-06 -3.54197e-06 0.0162113)
(5.85725e-07 -2.53596e-06 0.0161034)
(8.76816e-07 -2.72829e-06 0.0161485)
(1.15689e-06 -2.90385e-06 0.016174)
(1.38256e-06 -3.04736e-06 0.0161853)
(8.38418e-07 -2.49468e-06 0.0161829)
(9.75886e-07 -2.61005e-06 0.0162096)
(1.07067e-06 -2.70008e-06 0.0162236)
(1.11813e-06 -2.75659e-06 0.0162293)
(6.94986e-07 -2.3246e-06 0.0161721)
(8.58167e-07 -2.45158e-06 0.0162016)
(9.87944e-07 -2.55475e-06 0.0162175)
(1.07308e-06 -2.62595e-06 0.0162241)
(5.47443e-07 -2.06182e-06 0.016147)
(7.33083e-07 -2.19404e-06 0.0161824)
(8.96068e-07 -2.30633e-06 0.0162021)
(1.01745e-06 -2.38996e-06 0.0162107)
(4.07395e-07 -1.71325e-06 0.0161024)
(6.08432e-07 -1.84267e-06 0.0161475)
(8.01563e-07 -1.9606e-06 0.0161731)
(9.57508e-07 -2.05701e-06 0.0161845)
(5.8315e-07 -1.60991e-06 0.0161826)
(6.79306e-07 -1.68277e-06 0.0162093)
(7.46037e-07 -1.7395e-06 0.0162234)
(7.80122e-07 -1.77473e-06 0.0162292)
(4.90955e-07 -1.49857e-06 0.0161717)
(6.04089e-07 -1.57941e-06 0.0162012)
(6.93447e-07 -1.64535e-06 0.0162172)
(7.51844e-07 -1.69094e-06 0.0162239)
(3.9624e-07 -1.32769e-06 0.0161465)
(5.23775e-07 -1.4122e-06 0.0161819)
(6.34317e-07 -1.48465e-06 0.0162017)
(7.15937e-07 -1.53911e-06 0.0162102)
(3.06871e-07 -1.10266e-06 0.0161017)
(4.43686e-07 -1.18542e-06 0.0161469)
(5.73007e-07 -1.26169e-06 0.0161725)
(6.76499e-07 -1.32482e-06 0.0161839)
(4.63852e-07 -1.04995e-06 0.0161824)
(5.39152e-07 -1.09737e-06 0.0162091)
(5.91592e-07 -1.13429e-06 0.0162232)
(6.1856e-07 -1.15703e-06 0.0162291)
(4.00047e-07 -9.6871e-07 0.0161713)
(4.88119e-07 -1.02447e-06 0.0162009)
(5.56223e-07 -1.06981e-06 0.0162169)
(5.99634e-07 -1.10138e-06 0.0162237)
(3.31151e-07 -8.46951e-07 0.016146)
(4.31041e-07 -9.09082e-07 0.0161815)
(5.14486e-07 -9.61794e-07 0.0162013)
(5.73977e-07 -1.00151e-06 0.0162099)
(2.62305e-07 -6.91675e-07 0.0161012)
(3.70899e-07 -7.56835e-07 0.0161464)
(4.68818e-07 -8.15079e-07 0.0161721)
(5.44284e-07 -8.62163e-07 0.0161835)
(-0.000754919 0.00055009 0.000777441)
(0.00202899 -0.000670855 0.00139447)
(0.000942153 0.0058854 0.00335051)
(-0.00256977 0.00342252 0.0130537)
(-0.00196435 0.00191514 0.0071203)
(0.000525228 0.0015696 0.00240817)
(-0.000914838 0.0118022 -0.00195601)
(-0.00548369 0.00175884 0.0151995)
(-0.0014089 0.00322832 0.0146152)
(0.00838559 0.00352045 0.0185936)
(0.00394335 -0.00216517 0.0148139)
(0.00153873 0.00398084 0.0156767)
(0.000246031 0.00118758 0.0160731)
(0.0233648 0.00404255 0.0234677)
(0.00659046 0.00863104 0.0131741)
(0.00391523 0.013838 0.00567405)
(0.000203418 -0.0026761 0.0231698)
(-0.000932534 -0.00316756 0.0245347)
(-0.00288668 -0.00225204 0.0224609)
(-0.00317033 -0.00242131 0.02228)
(0.000391255 -0.00276444 0.0210646)
(4.63891e-05 -0.00366092 0.0258588)
(-0.00194851 -0.00351936 0.0190384)
(-0.00297993 -0.00130574 0.0208029)
(5.12782e-06 -0.00154411 0.0186519)
(0.00118355 -0.0019169 0.0246065)
(-6.26368e-05 -0.00345577 0.0255781)
(-0.000156933 0.00111175 0.0210488)
(-6.02894e-06 -0.000378531 0.0172842)
(0.00318018 0.00075157 0.0259767)
(0.000490592 0.000284871 0.0245079)
(0.000621054 0.0023111 0.0187408)
(-0.000614687 -0.00072619 0.0139752)
(-0.000726547 -0.000920933 0.0144488)
(-0.00108116 -0.000565437 0.0146611)
(-0.00124896 -0.000388847 0.01542)
(-0.000797924 -0.000744658 0.0139068)
(-0.000700047 -0.00137864 0.0149651)
(-0.000897635 -0.00118761 0.0147237)
(-0.00117937 -0.000245462 0.0156393)
(-0.00100467 -0.000761416 0.0138266)
(-0.000733074 -0.00145571 0.0157517)
(-0.000534778 -0.00132713 0.0169534)
(-0.000615336 0.000124447 0.0160682)
(-0.0010613 -0.000796578 0.0135573)
(-0.000808946 -0.000875543 0.0157896)
(-0.000423326 -0.000450643 0.0173125)
(-0.000416909 0.000281315 0.0153918)
(-0.000711074 -0.000139613 0.0163978)
(-0.000655332 -0.000218223 0.0165031)
(-0.000542977 -4.88942e-05 0.016369)
(-0.000513126 5.7312e-05 0.0162857)
(-0.000804891 -0.000255129 0.0162136)
(-0.000764284 -0.000481159 0.0165307)
(-0.000564772 -0.000330694 0.0163935)
(-0.000532658 -7.30683e-06 0.016282)
(-0.000863982 -0.000363203 0.0160317)
(-0.00088751 -0.000619319 0.0167474)
(-0.000542097 -0.000442411 0.0169049)
(-0.000422791 1.02215e-05 0.0164346)
(-0.000815448 -0.000510584 0.0158706)
(-0.000972205 -0.000577029 0.0168897)
(-0.00053715 -0.000268296 0.0171717)
(-0.000349887 2.48846e-05 0.0163867)
(-0.00030836 -0.000113854 0.0165152)
(-0.000229823 -0.000129011 0.0166342)
(-0.000130248 -7.73768e-05 0.0165631)
(-0.000101544 -4.69178e-05 0.0164125)
(-0.00035648 -0.000154872 0.016378)
(-0.000298643 -0.000214678 0.0165989)
(-0.000163032 -0.000162495 0.016561)
(-0.000120303 -7.25779e-05 0.0163945)
(-0.000378715 -0.000203324 0.0162338)
(-0.000363857 -0.000271114 0.016603)
(-0.000173855 -0.000197083 0.016669)
(-9.05918e-05 -6.57221e-05 0.0164242)
(-0.000361087 -0.000250395 0.0160842)
(-0.000407226 -0.000250068 0.0165636)
(-0.000178358 -0.00011543 0.0166924)
(-5.80019e-05 -1.92292e-05 0.0163585)
(-8.53132e-05 -0.000122445 0.0164682)
(-1.48596e-05 -0.000135216 0.0165227)
(5.2594e-05 -0.000131221 0.016476)
(6.9999e-05 -0.000133475 0.0163727)
(-0.000121167 -0.000116374 0.0163907)
(-5.59811e-05 -0.000136465 0.0164925)
(3.02054e-05 -0.000129757 0.0164702)
(6.00287e-05 -0.000116217 0.0163607)
(-0.000143436 -0.00011609 0.0162939)
(-9.04281e-05 -0.000129685 0.0164517)
(1.95416e-05 -0.000109848 0.0164715)
(7.11882e-05 -8.28739e-05 0.01634)
(-0.000146413 -0.000114992 0.0161831)
(-0.00011405 -9.03751e-05 0.0163743)
(1.43753e-05 -4.00075e-05 0.016416)
(8.84358e-05 -2.07416e-05 0.0162547)
(2.10714e-06 -0.000116303 0.0163789)
(5.27862e-05 -0.000129102 0.0164194)
(9.49377e-05 -0.000138373 0.0163997)
(0.000105036 -0.000148832 0.0163413)
(-2.48008e-05 -9.54145e-05 0.0163151)
(2.67607e-05 -0.000103538 0.0163794)
(8.03622e-05 -0.000109725 0.0163763)
(0.000100035 -0.000116287 0.0163177)
(-4.50276e-05 -7.73707e-05 0.0162275)
(4.67512e-06 -7.49374e-05 0.0163137)
(7.12623e-05 -7.2075e-05 0.0163293)
(0.0001044 -7.40246e-05 0.0162648)
(-5.631e-05 -5.76868e-05 0.0161218)
(-1.19495e-05 -3.23501e-05 0.0162153)
(6.51279e-05 -1.30133e-05 0.0162375)
(0.000112321 -1.63399e-05 0.0161614)
(2.5206e-05 -9.7434e-05 0.0162937)
(5.81964e-05 -0.000108506 0.0163339)
(8.36701e-05 -0.000119013 0.0163343)
(9.05696e-05 -0.000129474 0.0163068)
(5.44575e-06 -7.55063e-05 0.0162317)
(4.06542e-05 -7.98611e-05 0.0162839)
(7.34266e-05 -8.75723e-05 0.0162955)
(8.70532e-05 -9.68867e-05 0.0162699)
(-1.10321e-05 -5.50362e-05 0.0161455)
(2.51109e-05 -5.00732e-05 0.0162045)
(6.5804e-05 -5.13885e-05 0.0162245)
(8.81126e-05 -5.85913e-05 0.0161976)
(-2.30671e-05 -3.31473e-05 0.0160408)
(1.25024e-05 -1.39025e-05 0.0160956)
(5.99412e-05 -5.574e-06 0.0161148)
(9.13319e-05 -1.26109e-05 0.0160821)
(2.5367e-05 -7.65313e-05 0.0162256)
(4.61184e-05 -8.51346e-05 0.0162684)
(6.15919e-05 -9.36078e-05 0.0162814)
(6.66099e-05 -0.000101543 0.0162717)
(1.12378e-05 -5.80311e-05 0.0161618)
(3.40136e-05 -6.06695e-05 0.0162107)
(5.41266e-05 -6.68192e-05 0.0162318)
(6.38754e-05 -7.43868e-05 0.0162249)
(-1.20417e-06 -4.04083e-05 0.0160744)
(2.29646e-05 -3.59763e-05 0.0161235)
(4.81134e-05 -3.76173e-05 0.0161482)
(6.36133e-05 -4.39575e-05 0.0161416)
(-1.12958e-05 -2.17025e-05 0.0159691)
(1.36065e-05 -8.11178e-06 0.0160091)
(4.32901e-05 -3.80863e-06 0.0160298)
(6.47715e-05 -9.65897e-06 0.0160191)
(1.98172e-05 -5.84236e-05 0.0161752)
(3.30276e-05 -6.47933e-05 0.0162207)
(4.29044e-05 -7.1002e-05 0.0162411)
(4.70147e-05 -7.66983e-05 0.0162415)
(9.79773e-06 -4.4003e-05 0.0161091)
(2.4541e-05 -4.56697e-05 0.0161576)
(3.73815e-05 -5.0027e-05 0.0161841)
(4.47487e-05 -5.55199e-05 0.0161877)
(6.92086e-07 -3.01622e-05 0.0160201)
(1.6656e-05 -2.66828e-05 0.0160655)
(3.2765e-05 -2.7823e-05 0.0160936)
(4.3971e-05 -3.24402e-05 0.0160976)
(-7.07898e-06 -1.55568e-05 0.0159137)
(9.81221e-06 -5.99354e-06 0.0159481)
(2.90254e-05 -3.27063e-06 0.0159707)
(4.42385e-05 -7.35385e-06 0.0159712)
(1.42257e-05 -4.40883e-05 0.0161384)
(2.29295e-05 -4.87004e-05 0.016186)
(2.96165e-05 -5.31046e-05 0.0162107)
(3.31123e-05 -5.71127e-05 0.0162168)
(7.08957e-06 -3.32065e-05 0.0160703)
(1.68951e-05 -3.42532e-05 0.016119)
(2.55229e-05 -3.72183e-05 0.0161489)
(3.12764e-05 -4.10684e-05 0.016158)
(4.75152e-07 -2.27285e-05 0.0159798)
(1.12221e-05 -2.00491e-05 0.016024)
(2.20264e-05 -2.0684e-05 0.0160542)
(3.03901e-05 -2.38665e-05 0.0160638)
(-5.33451e-06 -1.17242e-05 0.0158725)
(6.21905e-06 -4.85937e-06 0.0159048)
(1.9185e-05 -2.8625e-06 0.0159287)
(3.02974e-05 -5.56421e-06 0.0159351)
(9.88758e-06 -3.30975e-05 0.0161114)
(1.58494e-05 -3.64042e-05 0.0161605)
(2.06107e-05 -3.94974e-05 0.0161879)
(2.35693e-05 -4.23046e-05 0.0161972)
(4.76025e-06 -2.5004e-05 0.0160418)
(1.15045e-05 -2.56446e-05 0.0160909)
(1.75759e-05 -2.76363e-05 0.0161226)
(2.2126e-05 -3.03134e-05 0.0161349)
(-5.46949e-08 -1.71974e-05 0.0159502)
(7.3826e-06 -1.51258e-05 0.015994)
(1.49417e-05 -1.54097e-05 0.0160254)
(2.13068e-05 -1.75738e-05 0.016038)
(-4.3588e-06 -9.03059e-06 0.0158421)
(3.70532e-06 -3.99683e-06 0.0158736)
(1.27933e-05 -2.42209e-06 0.0158984)
(2.10887e-05 -4.18687e-06 0.0159078)
(6.7942e-06 -2.47707e-05 0.0160917)
(1.1012e-05 -2.71307e-05 0.0161417)
(1.45174e-05 -2.93002e-05 0.0161706)
(1.69734e-05 -3.12683e-05 0.0161819)
(3.07994e-06 -1.87928e-05 0.0160209)
(7.85409e-06 -1.91692e-05 0.0160703)
(1.22684e-05 -2.0504e-05 0.0161031)
(1.58646e-05 -2.23679e-05 0.0161172)
(-4.39463e-07 -1.30194e-05 0.0159284)
(4.83582e-06 -1.14092e-05 0.015972)
(1.02892e-05 -1.14832e-05 0.0160041)
(1.51724e-05 -1.29565e-05 0.0160185)
(-3.62165e-06 -6.99789e-06 0.0158199)
(2.11888e-06 -3.25004e-06 0.0158509)
(8.66692e-06 -1.98023e-06 0.0158762)
(1.49311e-05 -3.13593e-06 0.0158874)
(4.65736e-06 -1.84927e-05 0.0160771)
(7.70887e-06 -2.01742e-05 0.0161278)
(1.0336e-05 -2.16986e-05 0.0161577)
(1.23314e-05 -2.30826e-05 0.0161702)
(1.95079e-06 -1.40935e-05 0.0160055)
(5.4e-06 -1.43026e-05 0.0160551)
(8.67096e-06 -1.51988e-05 0.0160886)
(1.14932e-05 -1.65021e-05 0.0161037)
(-6.30198e-07 -9.83973e-06 0.0159125)
(3.17913e-06 -8.58705e-06 0.0159559)
(7.18774e-06 -8.54934e-06 0.0159884)
(1.09358e-05 -9.55824e-06 0.0160038)
(-2.98226e-06 -5.41297e-06 0.0158035)
(1.16561e-06 -2.59909e-06 0.0158342)
(5.96492e-06 -1.57672e-06 0.0158599)
(1.07136e-05 -2.33975e-06 0.0158721)
(3.19781e-06 -1.37711e-05 0.0160664)
(5.43516e-06 -1.49691e-05 0.0161175)
(7.41799e-06 -1.60434e-05 0.0161481)
(9.00755e-06 -1.702e-05 0.0161613)
(1.21856e-06 -1.0541e-05 0.0159942)
(3.74184e-06 -1.06479e-05 0.0160439)
(6.18718e-06 -1.1252e-05 0.0160777)
(8.38098e-06 -1.21675e-05 0.0160935)
(-6.77704e-07 -7.41387e-06 0.0159007)
(2.10415e-06 -6.44249e-06 0.015944)
(5.0791e-06 -6.35426e-06 0.0159768)
(7.94513e-06 -7.04994e-06 0.0159928)
(-2.41556e-06 -4.16459e-06 0.0157915)
(6.10634e-07 -2.04566e-06 0.0158219)
(4.16007e-06 -1.23111e-06 0.0158478)
(7.75679e-06 -1.73982e-06 0.0158606)
(2.20287e-06 -1.02254e-05 0.0160585)
(3.85393e-06 -1.10795e-05 0.0161099)
(5.35103e-06 -1.18388e-05 0.0161408)
(6.59585e-06 -1.25301e-05 0.0161546)
(7.53418e-07 -7.85825e-06 0.0159859)
(2.61101e-06 -7.90524e-06 0.0160356)
(4.4433e-06 -8.31432e-06 0.0160697)
(6.13137e-06 -8.9601e-06 0.0160859)
(-6.40172e-07 -5.5636e-06 0.0158921)
(1.4033e-06 -4.81499e-06 0.0159352)
(3.61855e-06 -4.7114e-06 0.0159681)
(5.79727e-06 -5.1942e-06 0.0159846)
(-1.92276e-06 -3.18185e-06 0.0157826)
(2.96566e-07 -1.58755e-06 0.0158129)
(2.9306e-06 -9.47031e-07 0.0158388)
(5.64496e-06 -1.28944e-06 0.0158521)
(1.52274e-06 -7.56441e-06 0.0160527)
(2.74286e-06 -8.17357e-06 0.0161042)
(3.86907e-06 -8.71148e-06 0.0161355)
(4.82927e-06 -9.2019e-06 0.0161496)
(4.61888e-07 -5.83377e-06 0.0159797)
(1.83161e-06 -5.84769e-06 0.0160294)
(3.20177e-06 -6.12597e-06 0.0160637)
(4.48733e-06 -6.58284e-06 0.0160803)
(-5.60848e-07 -4.15401e-06 0.0158857)
(9.42667e-07 -3.58178e-06 0.0159288)
(2.59071e-06 -3.48144e-06 0.0159617)
(4.23502e-06 -3.81824e-06 0.0159785)
(-1.50519e-06 -2.41169e-06 0.0157761)
(1.24746e-07 -1.21646e-06 0.0158062)
(2.07836e-06 -7.1959e-07 0.0158322)
(4.1156e-06 -9.51996e-07 0.0158457)
(1.05511e-06 -5.56596e-06 0.0160485)
(1.95426e-06 -6.0001e-06 0.0161001)
(2.79566e-06 -6.38132e-06 0.0161315)
(3.5257e-06 -6.72933e-06 0.0161459)
(2.81017e-07 -4.30561e-06 0.0159752)
(1.28854e-06 -4.30278e-06 0.0160249)
(2.30751e-06 -4.49273e-06 0.0160593)
(3.27579e-06 -4.81626e-06 0.0160761)
(-4.66858e-07 -3.08078e-06 0.015881)
(6.3694e-07 -2.64778e-06 0.015924)
(1.85754e-06 -2.55947e-06 0.015957)
(3.08769e-06 -2.79513e-06 0.0159739)
(-1.15918e-06 -1.81086e-06 0.0157713)
(3.53566e-08 -9.20465e-07 0.0158013)
(1.4785e-06 -5.40444e-07 0.0158273)
(2.99621e-06 -6.99179e-07 0.015841)
(7.31182e-07 -4.06092e-06 0.0160453)
(1.38893e-06 -4.36918e-06 0.016097)
(2.01096e-06 -4.63862e-06 0.0161286)
(2.55737e-06 -4.88483e-06 0.0161432)
(1.70032e-07 -3.14945e-06 0.0159719)
(9.06014e-07 -3.13943e-06 0.0160216)
(1.65668e-06 -3.26925e-06 0.016056)
(2.37638e-06 -3.49782e-06 0.016073)
(-3.73044e-07 -2.26257e-06 0.0158776)
(4.31977e-07 -1.93924e-06 0.0159205)
(1.32831e-06 -1.86622e-06 0.0159536)
(2.23806e-06 -2.03109e-06 0.0159706)
(-8.76819e-07 -1.34323e-06 0.0157678)
(-6.95954e-09 -6.86505e-07 0.0157977)
(1.05053e-06 -4.00531e-07 0.0158238)
(2.16937e-06 -5.09302e-07 0.0158376)
(5.05381e-07 -2.9211e-06 0.0160431)
(9.80129e-07 -3.13804e-06 0.0160948)
(1.43266e-06 -3.32695e-06 0.0161265)
(1.8336e-06 -3.49973e-06 0.0161412)
(1.03525e-07 -2.27018e-06 0.0159696)
(6.34213e-07 -2.25844e-06 0.0160192)
(1.17891e-06 -2.34694e-06 0.0160537)
(1.70431e-06 -2.50725e-06 0.0160708)
(-2.85985e-07 -1.63603e-06 0.0158752)
(2.93778e-07 -1.39914e-06 0.015918)
(9.4259e-07 -1.34187e-06 0.015951)
(1.60428e-06 -1.4567e-06 0.0159682)
(-6.47957e-07 -9.78653e-07 0.0157653)
(-2.23273e-08 -5.01963e-07 0.0157951)
(7.41844e-07 -2.91335e-07 0.0158212)
(1.55371e-06 -3.65885e-07 0.0158351)
(3.49351e-07 -2.05132e-06 0.0160415)
(6.84761e-07 -2.20132e-06 0.0160933)
(1.00606e-06 -2.33177e-06 0.016125)
(1.29224e-06 -2.45121e-06 0.0161398)
(6.74049e-08 -1.59657e-06 0.0159679)
(4.4214e-07 -1.58598e-06 0.0160175)
(8.28132e-07 -1.646e-06 0.016052)
(1.20172e-06 -1.75698e-06 0.0160692)
(-2.06358e-07 -1.15282e-06 0.0158734)
(2.02682e-07 -9.84168e-07 0.0159162)
(6.61648e-07 -9.41945e-07 0.0159493)
(1.13092e-06 -1.02138e-06 0.0159665)
(-4.61393e-07 -6.92542e-07 0.0157635)
(-2.04374e-08 -3.5536e-07 0.0157933)
(5.19453e-07 -2.05304e-07 0.0158193)
(1.09433e-06 -2.56594e-07 0.0158333)
(2.47621e-07 -1.38405e-06 0.0160404)
(4.78337e-07 -1.48542e-06 0.0160922)
(6.99515e-07 -1.57385e-06 0.0161239)
(8.96434e-07 -1.65504e-06 0.0161388)
(5.52081e-08 -1.07729e-06 0.0159667)
(3.12936e-07 -1.0698e-06 0.0160163)
(5.78216e-07 -1.11076e-06 0.0160509)
(8.34504e-07 -1.18676e-06 0.0160681)
(-1.32229e-07 -7.76987e-07 0.0158722)
(1.4893e-07 -6.62643e-07 0.015915)
(4.63998e-07 -6.34756e-07 0.015948)
(7.854e-07 -6.90129e-07 0.0159653)
(-3.07284e-07 -4.65623e-07 0.0157623)
(-4.73383e-09 -2.37004e-07 0.015792)
(3.65432e-07 -1.35958e-07 0.015818)
(7.58883e-07 -1.72551e-07 0.015832)
(2.01718e-07 -8.8412e-07 0.0160397)
(3.58903e-07 -9.49372e-07 0.0160915)
(5.06112e-07 -1.00922e-06 0.0161233)
(6.35678e-07 -1.06503e-06 0.0161382)
(7.32408e-08 -6.85521e-07 0.015966)
(2.49026e-07 -6.80081e-07 0.0160156)
(4.25266e-07 -7.09967e-07 0.0160501)
(5.93462e-07 -7.63523e-07 0.0160673)
(-5.22496e-08 -4.90714e-07 0.0158714)
(1.39296e-07 -4.16756e-07 0.0159141)
(3.48418e-07 -4.02893e-07 0.0159472)
(5.59256e-07 -4.44374e-07 0.0159645)
(-1.72159e-07 -2.86182e-07 0.0157615)
(3.43746e-08 -1.38878e-07 0.0157912)
(2.80479e-07 -7.8458e-08 0.0158172)
(5.39002e-07 -1.08938e-07 0.0158312)
(1.89232e-07 -5.44724e-07 0.0160391)
(3.05351e-07 -5.98677e-07 0.0160909)
(4.16876e-07 -6.47648e-07 0.0161227)
(5.12323e-07 -6.92804e-07 0.0161377)
(9.70182e-08 -4.18275e-07 0.0159653)
(2.24282e-07 -4.23641e-07 0.0160149)
(3.5669e-07 -4.5044e-07 0.0160495)
(4.7983e-07 -4.9405e-07 0.0160668)
(4.85085e-09 -2.86141e-07 0.0158708)
(1.4213e-07 -2.43113e-07 0.0159135)
(2.98151e-07 -2.39499e-07 0.0159466)
(4.51826e-07 -2.7694e-07 0.0159639)
(-7.82971e-08 -1.54761e-07 0.0157608)
(6.77272e-08 -6.31783e-08 0.0157905)
(2.47199e-07 -2.84901e-08 0.0158165)
(4.31996e-07 -5.90475e-08 0.0158306)
(-0.00179867 0.000250735 0.0126966)
(-0.00486346 0.000151974 0.00645)
(-0.00068313 -0.000282156 0.00148367)
(-1.31638e-05 -0.000399436 0.00105431)
(-0.00358617 0.00908545 0.0051495)
(0.00204567 0.00012618 0.00217504)
(-0.00139091 -0.000167848 0.00758294)
(0.000328144 0.00535372 0.0027155)
(-0.0014141 -0.00256831 0.00316697)
(-0.000112766 -0.00181863 0.00315815)
(-0.00173564 -2.88177e-05 0.00610759)
(-0.000419989 0.0034431 0.00249099)
(0.0033513 0.00553462 0.0156392)
(0.00039434 0.00493506 0.0146053)
(-0.00316584 0.00292177 0.0102699)
(-0.000351419 0.000257534 0.00121233)
(0.000751275 -0.00158452 0.0258032)
(0.00171081 -0.00065804 0.0259006)
(0.00174887 -0.00040002 0.0242618)
(0.00029061 -0.000279378 0.0245755)
(0.000424872 0.00143469 0.0233195)
(0.000854235 2.77353e-06 0.0235857)
(0.000596856 -0.000867684 0.0240824)
(0.000681282 -0.00032108 0.0258744)
(-0.000530383 -0.00121883 0.0247296)
(-0.000342691 -0.00159268 0.0240296)
(0.00027991 -0.0012708 0.0248451)
(0.000707995 -0.000669422 0.0287216)
(0.00017906 -0.000568392 0.0191158)
(0.000885664 -0.0012904 0.0200728)
(0.00168368 -0.00162458 0.0219979)
(0.00171177 -0.00147445 0.025246)
(0.000414017 -0.000398298 0.0154026)
(0.000818327 -0.000232158 0.0151147)
(0.000433998 -0.00027765 0.0146079)
(-0.000231048 -0.000439382 0.0147869)
(0.000129426 -9.5772e-05 0.014171)
(0.000117593 -0.000353518 0.0142843)
(-0.000222022 -0.000601504 0.0148317)
(-0.000393688 -0.00065607 0.0152063)
(-0.000196106 -0.000703981 0.0137564)
(-0.000274754 -0.000841099 0.0140466)
(-0.000493656 -0.000751163 0.0146355)
(-0.000456281 -0.00066806 0.0152789)
(-0.000294523 -0.000500396 0.0141088)
(-0.000304432 -0.000660279 0.014195)
(-0.000336968 -0.0006795 0.0142526)
(-0.000271815 -0.000660995 0.0143935)
(4.59584e-05 -0.000102047 0.0160506)
(9.26272e-05 -8.50263e-05 0.0160423)
(-5.12448e-06 -0.000172515 0.0161763)
(-0.000177253 -0.00033508 0.0164534)
(-6.58601e-05 -2.92989e-05 0.0158273)
(-0.000183043 -6.79502e-05 0.0159547)
(-0.000289695 -0.000154151 0.0163394)
(-0.00035752 -0.000252519 0.0167125)
(-0.000181442 -0.000199397 0.0158257)
(-0.0003203 -0.000156171 0.0159716)
(-0.000425288 -0.000107708 0.0163454)
(-0.000464419 -9.36616e-05 0.0167446)
(-0.000308383 -0.000274297 0.0159431)
(-0.00040896 -0.000214922 0.0160615)
(-0.000479218 -0.000145317 0.0162572)
(-0.000517433 -7.72251e-05 0.0164811)
(-1.71971e-05 -0.000147381 0.0160969)
(-2.67174e-05 -0.00015662 0.016276)
(-4.10364e-05 -0.000216219 0.0164635)
(-4.99772e-05 -0.000316356 0.01663)
(-7.16516e-05 -0.0001174 0.0160442)
(-0.000135787 -0.000123622 0.0162619)
(-0.000166117 -0.000160514 0.0165155)
(-0.000157732 -0.000223101 0.016739)
(-0.000127561 -0.000165273 0.0159919)
(-0.000193659 -0.000134478 0.0162018)
(-0.000231274 -0.000112038 0.0164509)
(-0.000226327 -0.000115224 0.0166927)
(-0.000194225 -0.000204238 0.0160073)
(-0.000231787 -0.00017131 0.0161626)
(-0.000259271 -0.000129219 0.0163328)
(-0.000264253 -9.68572e-05 0.0165082)
(-1.6648e-05 -0.00017243 0.0160736)
(-1.50103e-05 -0.000185352 0.016237)
(1.84125e-06 -0.00022304 0.0163788)
(3.67025e-05 -0.000281544 0.0164769)
(-5.17808e-05 -0.000140504 0.0160789)
(-6.9621e-05 -0.000150551 0.0162503)
(-6.21653e-05 -0.000176476 0.0164134)
(-2.32483e-05 -0.000218688 0.0165359)
(-8.07117e-05 -0.000131688 0.0160662)
(-9.95239e-05 -0.000128848 0.0162272)
(-9.59687e-05 -0.000133 0.0163862)
(-6.4165e-05 -0.000150716 0.0165188)
(-0.000110197 -0.000129546 0.0160998)
(-0.000116391 -0.000126377 0.0162228)
(-0.000111497 -0.000122733 0.0163413)
(-9.35033e-05 -0.000125251 0.0164451)
(-9.71002e-06 -0.000160916 0.0160464)
(5.66018e-06 -0.000172208 0.0161885)
(3.37468e-05 -0.000195591 0.0163021)
(7.26018e-05 -0.000229005 0.0163726)
(-3.52842e-05 -0.000129752 0.0160603)
(-2.75951e-05 -0.00014148 0.0162042)
(-4.05488e-06 -0.000161875 0.0163262)
(3.52148e-05 -0.000190492 0.0164093)
(-5.16616e-05 -0.000105339 0.0160535)
(-4.60121e-05 -0.000114436 0.0161907)
(-2.6801e-05 -0.000128342 0.0163118)
(6.75189e-06 -0.000148538 0.016402)
(-6.14216e-05 -8.56166e-05 0.0160653)
(-5.23654e-05 -9.65535e-05 0.0161796)
(-3.67556e-05 -0.00010857 0.0162805)
(-1.54684e-05 -0.000123522 0.0163595)
(-4.47492e-06 -0.00013421 0.0160048)
(1.48771e-05 -0.000143084 0.0161386)
(4.12924e-05 -0.000158173 0.0162405)
(7.21581e-05 -0.000178282 0.0163018)
(-2.36056e-05 -0.000107239 0.0160166)
(-7.73789e-06 -0.000118503 0.0161496)
(1.6526e-05 -0.000134382 0.0162554)
(4.766e-05 -0.000154188 0.0163239)
(-3.4028e-05 -8.17464e-05 0.0160098)
(-2.06816e-05 -9.40452e-05 0.0161363)
(-6.95281e-08 -0.000109206 0.0162415)
(2.72456e-05 -0.000126918 0.0163159)
(-3.60412e-05 -5.83121e-05 0.0160072)
(-2.36133e-05 -7.27256e-05 0.0161167)
(-7.5744e-06 -8.82666e-05 0.0162102)
(1.06019e-05 -0.00010495 0.0162804)
(-2.05155e-06 -0.000106374 0.015963)
(1.56048e-05 -0.000113093 0.0160935)
(3.6492e-05 -0.00012326 0.0161913)
(5.86411e-05 -0.000136029 0.0162512)
(-1.65576e-05 -8.48093e-05 0.0159707)
(-5.66183e-07 -9.42473e-05 0.0160993)
(1.94533e-05 -0.000106252 0.0161991)
(4.20877e-05 -0.000120115 0.0162638)
(-2.37159e-05 -6.28071e-05 0.0159614)
(-1.00956e-05 -7.42242e-05 0.0160836)
(7.17417e-06 -8.7315e-05 0.0161829)
(2.74316e-05 -0.000101331 0.0162527)
(-2.30844e-05 -4.13759e-05 0.0159496)
(-1.1774e-05 -5.46185e-05 0.0160576)
(1.41217e-06 -6.87245e-05 0.0161488)
(1.5221e-05 -8.32121e-05 0.0162168)
(-1.12644e-06 -8.2297e-05 0.015928)
(1.30442e-05 -8.72924e-05 0.0160577)
(2.84722e-05 -9.43627e-05 0.016155)
(4.38247e-05 -0.000102843 0.0162164)
(-1.21309e-05 -6.56786e-05 0.0159315)
(1.2631e-06 -7.30876e-05 0.0160589)
(1.64627e-05 -8.20174e-05 0.0161574)
(3.24067e-05 -9.18359e-05 0.0162224)
(-1.73122e-05 -4.80311e-05 0.0159193)
(-5.83896e-06 -5.7374e-05 0.0160402)
(7.41161e-06 -6.77409e-05 0.0161381)
(2.19122e-05 -7.83709e-05 0.0162074)
(-1.60575e-05 -3.0326e-05 0.0159021)
(-6.98116e-06 -4.1093e-05 0.0160098)
(3.04589e-06 -5.24945e-05 0.0161008)
(1.30798e-05 -6.39823e-05 0.0161691)
(-8.00199e-07 -6.28109e-05 0.0159008)
(9.9172e-06 -6.65092e-05 0.0160309)
(2.0999e-05 -7.15393e-05 0.0161289)
(3.15671e-05 -7.73606e-05 0.0161924)
(-9.13515e-06 -5.02905e-05 0.0159008)
(1.26374e-06 -5.59229e-05 0.0160282)
(1.24158e-05 -6.25197e-05 0.0161269)
(2.35774e-05 -6.95444e-05 0.0161935)
(-1.30097e-05 -3.66477e-05 0.0158858)
(-4.04636e-06 -4.3883e-05 0.0160066)
(5.77146e-06 -5.17879e-05 0.0161046)
(1.60687e-05 -5.97033e-05 0.016175)
(-1.18339e-05 -2.27183e-05 0.0158651)
(-4.89654e-06 -3.10223e-05 0.0159731)
(2.51683e-06 -3.97953e-05 0.0160647)
(9.726e-06 -4.85545e-05 0.016134)
(-6.72165e-07 -4.75273e-05 0.0158805)
(7.19794e-06 -5.02606e-05 0.0160112)
(1.50759e-05 -5.38896e-05 0.0161104)
(2.23867e-05 -5.79737e-05 0.0161758)
(-6.96952e-06 -3.82243e-05 0.0158774)
(8.1878e-07 -4.24335e-05 0.0160053)
(8.89023e-06 -4.72901e-05 0.0161049)
(1.67383e-05 -5.23512e-05 0.016173)
(-9.91595e-06 -2.78916e-05 0.0158601)
(-3.15201e-06 -3.3344e-05 0.0159813)
(4.02499e-06 -3.9261e-05 0.0160799)
(1.13602e-05 -4.51047e-05 0.0161516)
(-9.00235e-06 -1.72148e-05 0.0158372)
(-3.80875e-06 -2.34579e-05 0.0159456)
(1.62428e-06 -3.00526e-05 0.0160378)
(6.81224e-06 -3.66082e-05 0.0161082)
(-5.93887e-07 -3.57409e-05 0.0158657)
(5.09898e-06 -3.77578e-05 0.015997)
(1.06857e-05 -4.03961e-05 0.0160972)
(1.57877e-05 -4.33012e-05 0.0161642)
(-5.33824e-06 -2.88911e-05 0.0158601)
(3.89878e-07 -3.20054e-05 0.0159885)
(6.20475e-06 -3.55724e-05 0.0160889)
(1.17644e-05 -3.92342e-05 0.0161585)
(-7.59337e-06 -2.1162e-05 0.0158408)
(-2.57553e-06 -2.52109e-05 0.0159624)
(2.64708e-06 -2.95955e-05 0.0160618)
(7.90438e-06 -3.38898e-05 0.0161345)
(-6.93991e-06 -1.30993e-05 0.0158163)
(-3.08752e-06 -1.77315e-05 0.0159251)
(8.8716e-07 -2.26296e-05 0.0160179)
(4.63957e-06 -2.74887e-05 0.0160892)
(-5.20599e-07 -2.6747e-05 0.0158549)
(3.56654e-06 -2.82325e-05 0.0159868)
(7.53203e-06 -3.01581e-05 0.0160878)
(1.11243e-05 -3.22424e-05 0.016156)
(-4.08403e-06 -2.17347e-05 0.0158473)
(8.95821e-08 -2.40245e-05 0.0159762)
(4.27536e-06 -2.66392e-05 0.0160773)
(8.24238e-06 -2.92947e-05 0.016148)
(-5.81077e-06 -1.59988e-05 0.0158265)
(-2.12067e-06 -1.89806e-05 0.0159485)
(1.67571e-06 -2.22104e-05 0.0160485)
(5.46572e-06 -2.53572e-05 0.0161221)
(-5.36358e-06 -9.96482e-06 0.0158009)
(-2.51879e-06 -1.33775e-05 0.01591)
(3.89967e-07 -1.69917e-05 0.0160033)
(3.11717e-06 -2.05738e-05 0.0160752)
(-4.44751e-07 -1.99332e-05 0.0158472)
(2.47951e-06 -2.10253e-05 0.0159795)
(5.30013e-06 -2.2433e-05 0.0160811)
(7.84839e-06 -2.39361e-05 0.0161502)
(-3.11247e-06 -1.62813e-05 0.015838)
(-8.61569e-08 -1.7958e-05 0.0159672)
(2.92874e-06 -1.98714e-05 0.0160689)
(5.77571e-06 -2.17993e-05 0.0161404)
(-4.43072e-06 -1.20477e-05 0.015816)
(-1.72972e-06 -1.42327e-05 0.0159383)
(1.03011e-06 -1.66028e-05 0.0160387)
(3.77436e-06 -1.8904e-05 0.0161131)
(-4.13247e-06 -7.55863e-06 0.0157894)
(-2.03713e-06 -1.00627e-05 0.0158988)
(9.26457e-08 -1.2719e-05 0.0159925)
(2.08148e-06 -1.53509e-05 0.0160649)
(-3.69479e-07 -1.47967e-05 0.0158416)
(1.7199e-06 -1.55977e-05 0.0159743)
(3.73054e-06 -1.66268e-05 0.0160763)
(5.54825e-06 -1.77138e-05 0.016146)
(-2.35936e-06 -1.21443e-05 0.0158313)
(-1.70702e-07 -1.33684e-05 0.0159608)
(2.00252e-06 -1.47661e-05 0.0160628)
(4.0537e-06 -1.6166e-05 0.0161349)
(-3.3608e-06 -9.03246e-06 0.0158083)
(-1.38948e-06 -1.06283e-05 0.0159308)
(6.16892e-07 -1.23625e-05 0.0160316)
(2.60921e-06 -1.40423e-05 0.0161064)
(-3.16496e-06 -5.70798e-06 0.0157811)
(-1.62489e-06 -7.54033e-06 0.0158906)
(-6.56816e-08 -9.48713e-06 0.0159845)
(1.38715e-06 -1.14158e-05 0.0160574)
(-2.99094e-07 -1.0936e-05 0.0158376)
(1.19262e-06 -1.1522e-05 0.0159705)
(2.62786e-06 -1.22732e-05 0.0160728)
(3.92876e-06 -1.30599e-05 0.016143)
(-1.7768e-06 -9.01534e-06 0.0158264)
(-1.97113e-07 -9.9064e-06 0.015956)
(1.3695e-06 -1.09249e-05 0.0160584)
(2.85005e-06 -1.19405e-05 0.0161309)
(-2.53273e-06 -6.73691e-06 0.0158027)
(-1.09767e-06 -7.89898e-06 0.0159254)
(3.59773e-07 -9.16424e-06 0.0160263)
(1.80719e-06 -1.03877e-05 0.0161016)
(-2.40538e-06 -4.28566e-06 0.0157749)
(-1.27636e-06 -5.62286e-06 0.0158846)
(-1.364e-07 -7.04562e-06 0.0159787)
(9.24696e-07 -8.45502e-06 0.0160518)
(-2.36389e-07 -8.03693e-06 0.0158348)
(8.26949e-07 -8.46377e-06 0.0159678)
(1.85106e-06 -9.01018e-06 0.0160704)
(2.78259e-06 -9.57851e-06 0.0161409)
(-1.32718e-06 -6.65131e-06 0.0158228)
(-1.90257e-07 -7.29737e-06 0.0159526)
(9.37183e-07 -8.03678e-06 0.0160552)
(2.00502e-06 -8.77147e-06 0.016128)
(-1.89314e-06 -4.99122e-06 0.0157986)
(-8.52259e-07 -5.83408e-06 0.0159214)
(2.03699e-07 -6.75343e-06 0.0160225)
(1.25337e-06 -7.64122e-06 0.016098)
(-1.81086e-06 -3.19368e-06 0.0157704)
(-9.86592e-07 -4.16577e-06 0.0158802)
(-1.55902e-07 -5.20134e-06 0.0159744)
(6.17104e-07 -6.22707e-06 0.0160478)
(-1.82378e-07 -5.85605e-06 0.0158328)
(5.72516e-07 -6.16468e-06 0.0159659)
(1.30064e-06 -6.5594e-06 0.0160686)
(1.96544e-06 -6.96772e-06 0.0161393)
(-9.80322e-07 -4.86272e-06 0.0158203)
(-1.66448e-07 -5.32803e-06 0.0159502)
(6.41009e-07 -5.86118e-06 0.0160529)
(1.4077e-06 -6.38945e-06 0.0161259)
(-1.39928e-06 -3.66221e-06 0.0157956)
(-6.49084e-07 -4.26953e-06 0.0159185)
(1.11564e-07 -4.93294e-06 0.0160198)
(8.68683e-07 -5.57287e-06 0.0160955)
(-1.34636e-06 -2.35486e-06 0.0157671)
(-7.48825e-07 -3.05683e-06 0.015877)
(-1.47483e-07 -3.80535e-06 0.0159713)
(4.12235e-07 -4.54665e-06 0.0160448)
(-1.36738e-07 -4.20756e-06 0.0158314)
(3.94537e-07 -4.42787e-06 0.0159646)
(9.07656e-07 -4.70937e-06 0.0160674)
(1.37782e-06 -4.99932e-06 0.0161382)
(-7.11942e-07 -3.50342e-06 0.0158184)
(-1.35195e-07 -3.83459e-06 0.0159484)
(4.37266e-07 -4.21431e-06 0.0160513)
(9.82154e-07 -4.58968e-06 0.0161244)
(-1.0168e-06 -2.64616e-06 0.0157935)
(-4.82139e-07 -3.07867e-06 0.0159164)
(5.97366e-08 -3.55155e-06 0.0160178)
(5.99861e-07 -4.00723e-06 0.0160936)
(-9.82756e-07 -1.70814e-06 0.0157648)
(-5.54824e-07 -2.20901e-06 0.0158746)
(-1.24669e-07 -2.74344e-06 0.0159691)
(2.75953e-07 -3.27253e-06 0.0160427)
(-9.83477e-08 -2.95368e-06 0.0158304)
(2.70039e-07 -3.10743e-06 0.0159636)
(6.25956e-07 -3.3036e-06 0.0160665)
(9.5308e-07 -3.50505e-06 0.0161375)
(-5.02996e-07 -2.46401e-06 0.0158172)
(-1.01008e-07 -2.69489e-06 0.0159472)
(2.97837e-07 -2.95951e-06 0.0160501)
(6.78282e-07 -3.22059e-06 0.0161233)
(-7.18675e-07 -1.86461e-06 0.015792)
(-3.4435e-07 -2.16646e-06 0.015915)
(3.45784e-08 -2.49643e-06 0.0160164)
(4.1278e-07 -2.81403e-06 0.0160923)
(-6.96219e-07 -1.20639e-06 0.0157631)
(-3.95433e-07 -1.55656e-06 0.015873)
(-9.36526e-08 -1.93008e-06 0.0159675)
(1.87696e-07 -2.29966e-06 0.0160412)
(-6.57381e-08 -1.99965e-06 0.0158297)
(1.854e-07 -2.10287e-06 0.015963)
(4.27575e-07 -2.23427e-06 0.0160659)
(6.50789e-07 -2.36914e-06 0.0161369)
(-3.39448e-07 -1.66775e-06 0.0158163)
(-6.48924e-08 -1.82355e-06 0.0159463)
(2.0689e-07 -2.00161e-06 0.0160493)
(4.66602e-07 -2.17709e-06 0.0161226)
(-4.84708e-07 -1.26069e-06 0.0157909)
(-2.28614e-07 -1.46498e-06 0.0159139)
(3.00665e-08 -1.6878e-06 0.0160154)
(2.88535e-07 -1.90198e-06 0.0160914)
(-4.68396e-07 -8.14104e-07 0.0157619)
(-2.62355e-07 -1.05112e-06 0.0158719)
(-5.58548e-08 -1.30382e-06 0.0159664)
(1.37062e-07 -1.5536e-06 0.0160401)
(-3.71167e-08 -1.2973e-06 0.0158292)
(1.36013e-07 -1.36223e-06 0.0159625)
(3.00917e-07 -1.44486e-06 0.0160655)
(4.53925e-07 -1.5304e-06 0.0161366)
(-2.12958e-07 -1.07724e-06 0.0158157)
(-2.43159e-08 -1.17787e-06 0.0159458)
(1.59398e-07 -1.29188e-06 0.0160488)
(3.36134e-07 -1.40457e-06 0.0161221)
(-3.03628e-07 -8.09197e-07 0.0157903)
(-1.27579e-07 -9.43015e-07 0.0159133)
(4.66459e-08 -1.08699e-06 0.0160148)
(2.22289e-07 -1.22544e-06 0.0160908)
(-2.86817e-07 -5.15435e-07 0.0157612)
(-1.44821e-07 -6.714e-07 0.0158711)
(-5.66176e-09 -8.35171e-07 0.0159657)
(1.26445e-07 -9.97368e-07 0.0160394)
(-1.8935e-08 -8.50005e-07 0.0158288)
(1.13427e-07 -8.91799e-07 0.0159622)
(2.46781e-07 -9.43511e-07 0.0160652)
(3.66055e-07 -9.97727e-07 0.0161363)
(-1.30005e-07 -6.84437e-07 0.0158152)
(1.06531e-08 -7.51223e-07 0.0159453)
(1.55516e-07 -8.27362e-07 0.0160483)
(2.88824e-07 -9.03037e-07 0.0161217)
(-1.77907e-07 -4.90649e-07 0.0157897)
(-4.98371e-08 -5.79447e-07 0.0159127)
(8.39415e-08 -6.78013e-07 0.0160142)
(2.12267e-07 -7.72996e-07 0.0160903)
(-1.57259e-07 -2.96188e-07 0.0157605)
(-5.73839e-08 -3.97624e-07 0.0158705)
(4.64194e-08 -5.08746e-07 0.0159651)
(1.42331e-07 -6.17531e-07 0.0160389)
)
;

boundaryField
{
    inlet
    {
        type            uniformFixedValue;
        uniformValue    table
        
2
(
(0 (0 0 0.002))
(0.1 (0 0 0.02))
)
;
        value           uniform (0 0 0.0164);
    }
    outlet
    {
        type            zeroGradient;
    }
    wall
    {
        type            slip;
    }
    procBoundary2to0
    {
        type            processor;
        value           nonuniform List<vector> 
192
(
(-0.00015033 8.33561e-05 0.00120513)
(-0.000289228 1.32904e-05 0.00276864)
(0.000483943 -0.000622854 0.00251012)
(0.000308414 -0.000161609 0.00163344)
(-0.00112986 0.00062061 0.0246833)
(-0.00140145 0.00135902 0.0276753)
(-0.000959836 0.0020961 0.0280825)
(-0.00219783 0.00157257 0.0265591)
(-0.000641771 -0.000211647 0.0149058)
(-0.000726789 6.90462e-05 0.0157364)
(-0.000439985 0.000356705 0.0158375)
(-0.000579644 0.000305427 0.0155235)
(-0.000204351 -0.000480088 0.0163559)
(-0.000212627 -0.000432867 0.0165712)
(-5.87322e-05 -0.000332655 0.0165525)
(1.98468e-05 -0.000269191 0.0163386)
(4.31726e-05 -0.000459761 0.0165061)
(7.00958e-05 -0.000486386 0.016537)
(0.000140985 -0.000461165 0.0164694)
(0.000188255 -0.000418631 0.0163077)
(0.000137231 -0.000375159 0.0163874)
(0.000171365 -0.000408254 0.0163659)
(0.000204372 -0.000410578 0.0162958)
(0.000216139 -0.000394642 0.0161863)
(0.000148768 -0.000285554 0.0163186)
(0.00017492 -0.000310946 0.0162953)
(0.000189353 -0.000320767 0.0162416)
(0.000185334 -0.000318987 0.0161688)
(0.000124294 -0.000212999 0.016274)
(0.000141845 -0.000230206 0.0162608)
(0.000147904 -0.000239999 0.0162263)
(0.000139968 -0.0002431 0.0161804)
(9.32609e-05 -0.00015823 0.0162429)
(0.000104433 -0.000169647 0.0162407)
(0.000106966 -0.00017746 0.0162218)
(9.99692e-05 -0.000181476 0.0161941)
(6.67809e-05 -0.000117564 0.0162225)
(7.38367e-05 -0.000125187 0.0162291)
(7.50009e-05 -0.000130927 0.0162211)
(7.00145e-05 -0.000134416 0.0162051)
(4.69773e-05 -8.73606e-05 0.0162092)
(5.15247e-05 -9.25169e-05 0.0162222)
(5.21973e-05 -9.65901e-05 0.0162215)
(4.89686e-05 -9.92423e-05 0.016213)
(3.29079e-05 -6.4873e-05 0.0162005)
(3.59372e-05 -6.84058e-05 0.0162179)
(3.64401e-05 -7.12542e-05 0.016222)
(3.446e-05 -7.31531e-05 0.0162183)
(2.30895e-05 -4.81107e-05 0.0161946)
(2.51765e-05 -5.05584e-05 0.016215)
(2.56094e-05 -5.25404e-05 0.0162224)
(2.44409e-05 -5.3861e-05 0.0162217)
(1.6261e-05 -3.56195e-05 0.0161907)
(1.77384e-05 -3.73312e-05 0.0162131)
(1.81226e-05 -3.87104e-05 0.0162226)
(1.74565e-05 -3.96163e-05 0.016224)
(1.14991e-05 -2.632e-05 0.0161879)
(1.2565e-05 -2.7526e-05 0.0162117)
(1.29002e-05 -2.84882e-05 0.0162227)
(1.25349e-05 -2.91062e-05 0.0162255)
(8.16121e-06 -1.94032e-05 0.016186)
(8.93888e-06 -2.02577e-05 0.0162108)
(9.22279e-06 -2.09312e-05 0.0162227)
(9.0324e-06 -2.13525e-05 0.0162265)
(5.80633e-06 -1.42597e-05 0.0161847)
(6.37655e-06 -1.48674e-05 0.0162101)
(6.60997e-06 -1.53404e-05 0.0162227)
(6.51806e-06 -1.56279e-05 0.0162272)
(4.13255e-06 -1.04306e-05 0.0161837)
(4.5505e-06 -1.08633e-05 0.0162096)
(4.73716e-06 -1.11959e-05 0.0162227)
(4.69859e-06 -1.13925e-05 0.0162276)
(2.93246e-06 -7.57084e-06 0.0161831)
(3.23705e-06 -7.87796e-06 0.0162092)
(3.38238e-06 -8.11137e-06 0.0162227)
(3.37121e-06 -8.24582e-06 0.0162279)
(2.06369e-06 -5.42226e-06 0.0161826)
(2.28302e-06 -5.63819e-06 0.016209)
(2.39304e-06 -5.80067e-06 0.0162227)
(2.39477e-06 -5.89203e-06 0.0162281)
(1.43063e-06 -3.79616e-06 0.0161823)
(1.58569e-06 -3.94491e-06 0.0162088)
(1.66654e-06 -4.05587e-06 0.0162226)
(1.67339e-06 -4.11689e-06 0.0162282)
(9.74687e-07 -2.56367e-06 0.0161821)
(1.08244e-06 -2.66234e-06 0.0162087)
(1.14056e-06 -2.73535e-06 0.0162226)
(1.14886e-06 -2.77455e-06 0.0162283)
(6.70438e-07 -1.65608e-06 0.0161819)
(7.46799e-07 -1.71764e-06 0.0162086)
(7.89608e-07 -1.76271e-06 0.0162226)
(7.98478e-07 -1.78602e-06 0.0162284)
(5.21624e-07 -1.08701e-06 0.0161818)
(5.82923e-07 -1.12481e-06 0.0162085)
(6.19203e-07 -1.15224e-06 0.0162226)
(6.29364e-07 -1.16545e-06 0.0162284)
(-7.39486e-05 -0.00142023 0.000236244)
(-0.00203614 0.00552236 0.00220911)
(-0.00147941 -3.11158e-05 0.00833477)
(-0.000139912 3.00478e-05 0.00178871)
(-0.000612906 -0.00144806 0.0199054)
(-0.000495706 0.000291133 0.0226382)
(0.000999005 0.000339532 0.0222593)
(0.000647648 0.000467151 0.0229888)
(-2.22664e-05 0.000537413 0.0127038)
(0.000317862 0.000607852 0.0141079)
(0.000486502 0.000294001 0.0145206)
(5.48324e-05 -8.03398e-05 0.0143797)
(-7.98199e-05 0.00034864 0.0154165)
(2.96426e-05 0.000240324 0.0157392)
(0.00013961 -1.76966e-05 0.0159878)
(1.0651e-05 -0.000321965 0.0161232)
(-2.57129e-05 4.68141e-05 0.0158967)
(1.34246e-05 -2.85979e-05 0.0161383)
(7.47673e-05 -0.00017239 0.0163167)
(7.10699e-05 -0.000343429 0.0164249)
(1.05649e-05 -0.000107615 0.0159891)
(3.90466e-05 -0.000145735 0.0161609)
(8.17076e-05 -0.000216454 0.0162883)
(0.000112342 -0.000304786 0.0163602)
(2.21688e-05 -0.00015003 0.0159979)
(4.91011e-05 -0.000168596 0.0161387)
(8.47043e-05 -0.000203046 0.0162432)
(0.000118395 -0.000246526 0.0163018)
(2.28563e-05 -0.000142252 0.0159709)
(4.62721e-05 -0.000151428 0.0161019)
(7.39273e-05 -0.000168705 0.0161988)
(0.000100604 -0.000191039 0.0162548)
(1.95115e-05 -0.000118397 0.015936)
(3.79478e-05 -0.000123418 0.0160647)
(5.79824e-05 -0.0001329 0.0161602)
(7.69188e-05 -0.000145265 0.0162179)
(1.53181e-05 -9.3311e-05 0.0159063)
(2.89878e-05 -9.63558e-05 0.016035)
(4.30403e-05 -0.000102075 0.0161312)
(5.59596e-05 -0.000109487 0.0161919)
(1.1574e-05 -7.15837e-05 0.0158836)
(2.1402e-05 -7.36066e-05 0.0160131)
(3.11232e-05 -7.73412e-05 0.0161107)
(3.98444e-05 -8.20932e-05 0.0161741)
(8.57751e-06 -5.41134e-05 0.0158671)
(1.55351e-05 -5.55437e-05 0.0159974)
(2.22396e-05 -5.81193e-05 0.0160964)
(2.81474e-05 -6.13186e-05 0.016162)
(6.29173e-06 -4.05441e-05 0.0158553)
(1.11821e-05 -4.15921e-05 0.0159864)
(1.58159e-05 -4.3429e-05 0.0160865)
(1.98547e-05 -4.56543e-05 0.0161538)
(4.58944e-06 -3.01975e-05 0.015847)
(8.01778e-06 -3.09789e-05 0.0159787)
(1.12343e-05 -3.23139e-05 0.0160797)
(1.40238e-05 -3.38939e-05 0.0161482)
(3.3374e-06 -2.23926e-05 0.0158412)
(5.74071e-06 -2.2979e-05 0.0159734)
(7.98428e-06 -2.39585e-05 0.016075)
(9.92913e-06 -2.50945e-05 0.0161443)
(2.42217e-06 -1.65425e-05 0.0158371)
(4.10902e-06 -1.69828e-05 0.0159697)
(5.68115e-06 -1.77042e-05 0.0160717)
(7.04752e-06 -1.85266e-05 0.0161416)
(1.75456e-06 -1.21727e-05 0.0158342)
(2.94022e-06 -1.25021e-05 0.0159671)
(4.04581e-06 -1.30333e-05 0.0160694)
(5.01095e-06 -1.36303e-05 0.0161397)
(1.26708e-06 -8.91101e-06 0.0158322)
(2.10082e-06 -9.15583e-06 0.0159652)
(2.87958e-06 -9.54561e-06 0.0160678)
(3.56299e-06 -9.97856e-06 0.0161384)
(9.09718e-07 -6.4713e-06 0.0158309)
(1.49474e-06 -6.65139e-06 0.015964)
(2.04236e-06 -6.93516e-06 0.0160667)
(2.52551e-06 -7.24745e-06 0.0161375)
(6.46009e-07 -4.63692e-06 0.0158299)
(1.0538e-06 -4.76723e-06 0.0159631)
(1.43624e-06 -4.97087e-06 0.0160659)
(1.77531e-06 -5.19337e-06 0.0161368)
(4.50146e-07 -3.24872e-06 0.0158292)
(7.30995e-07 -3.34041e-06 0.0159625)
(9.94569e-07 -3.48281e-06 0.0160654)
(1.22924e-06 -3.63766e-06 0.0161364)
(3.05295e-07 -2.19863e-06 0.0158288)
(4.96496e-07 -2.25986e-06 0.0159621)
(6.75663e-07 -2.35484e-06 0.016065)
(8.3587e-07 -2.45815e-06 0.0161361)
(2.03678e-07 -1.43113e-06 0.0158285)
(3.36933e-07 -1.46782e-06 0.0159618)
(4.60588e-07 -1.52589e-06 0.0160648)
(5.72235e-07 -1.59008e-06 0.0161359)
(1.41517e-07 -9.56369e-07 0.0158282)
(2.47127e-07 -9.77825e-07 0.0159615)
(3.5103e-07 -1.01003e-06 0.0160645)
(4.42139e-07 -1.04696e-06 0.0161357)
)
;
    }
    procBoundary2to3
    {
        type            processor;
        value           nonuniform List<vector> 
192
(
(0.00477354 -0.00240617 0.00803116)
(0.000620637 -0.00237115 0.0110894)
(0.000530375 -0.00128013 0.00271365)
(-0.000885457 -0.00129545 0.0018988)
(-0.000819091 0.000812504 0.0239119)
(-0.00129847 0.000464384 0.0243647)
(-0.00129049 -0.000242566 0.0259374)
(-0.00165265 -0.00253469 0.0257057)
(-0.000383101 0.00022862 0.0154125)
(-0.000527623 8.38405e-05 0.0154882)
(-0.000667515 -3.0498e-05 0.0151956)
(-0.000904378 -0.000469239 0.0151512)
(3.384e-05 -0.000177626 0.0161727)
(-6.86961e-05 -0.000142004 0.0162869)
(-0.000212864 -4.02457e-05 0.0162527)
(-0.000376454 3.6842e-06 0.0161767)
(0.000183106 -0.00033853 0.0161973)
(0.000124573 -0.000284891 0.0162947)
(3.31449e-05 -0.000188019 0.0163405)
(-6.27999e-05 -0.00010491 0.0163218)
(0.000195662 -0.000352487 0.0161395)
(0.000165975 -0.000317024 0.0162159)
(0.000118107 -0.000255693 0.0162696)
(6.93844e-05 -0.000194578 0.016287)
(0.000158941 -0.000303063 0.0161575)
(0.000143528 -0.000282132 0.0162181)
(0.000119031 -0.000244636 0.0162636)
(9.51344e-05 -0.000202237 0.016285)
(0.000115803 -0.000238112 0.0161855)
(0.000107053 -0.000225017 0.0162316)
(9.45087e-05 -0.000201477 0.0162654)
(8.28672e-05 -0.000172105 0.01628)
(8.19028e-05 -0.000180467 0.016205)
(7.65281e-05 -0.000171417 0.0162389)
(6.94492e-05 -0.000155126 0.0162618)
(6.31419e-05 -0.000133768 0.0162677)
(5.77883e-05 -0.000134585 0.0162169)
(5.44256e-05 -0.000128056 0.016241)
(5.02549e-05 -0.000116369 0.0162548)
(4.65804e-05 -0.000100653 0.0162529)
(4.11141e-05 -9.96308e-05 0.0162235)
(3.90206e-05 -9.48667e-05 0.01624)
(3.64968e-05 -8.63595e-05 0.0162467)
(3.42537e-05 -7.47689e-05 0.0162384)
(2.95513e-05 -7.34871e-05 0.0162269)
(2.82619e-05 -7.00133e-05 0.0162376)
(2.671e-05 -6.37955e-05 0.0162389)
(2.52996e-05 -5.52589e-05 0.0162258)
(2.14182e-05 -5.40937e-05 0.0162285)
(2.0632e-05 -5.15686e-05 0.0162349)
(1.9667e-05 -4.70239e-05 0.0162321)
(1.87627e-05 -4.07495e-05 0.0162154)
(1.56103e-05 -3.9764e-05 0.0162292)
(1.5135e-05 -3.7934e-05 0.0162323)
(1.45294e-05 -3.46154e-05 0.0162265)
(1.39413e-05 -3.00125e-05 0.0162071)
(1.14123e-05 -2.91953e-05 0.0162295)
(1.11272e-05 -2.78721e-05 0.0162301)
(1.0744e-05 -2.54519e-05 0.0162221)
(1.03572e-05 -2.20806e-05 0.0162007)
(8.35151e-06 -2.14046e-05 0.0162295)
(8.18183e-06 -2.04496e-05 0.0162284)
(7.93763e-06 -1.86871e-05 0.0162187)
(7.68089e-06 -1.6222e-05 0.0161958)
(6.10591e-06 -1.56576e-05 0.0162294)
(6.00578e-06 -1.49699e-05 0.016227)
(5.84908e-06 -1.3689e-05 0.0162161)
(5.67739e-06 -1.18907e-05 0.0161921)
(4.44963e-06 -1.1409e-05 0.0162293)
(4.39112e-06 -1.09156e-05 0.0162259)
(4.29e-06 -9.9879e-06 0.0162141)
(4.17458e-06 -8.68111e-06 0.0161894)
(3.22118e-06 -8.25474e-06 0.0162291)
(3.18742e-06 -7.90289e-06 0.0162251)
(3.12195e-06 -7.23549e-06 0.0162126)
(3.04421e-06 -6.29241e-06 0.0161874)
(2.30466e-06 -5.8969e-06 0.016229)
(2.28553e-06 -5.64876e-06 0.0162245)
(2.24317e-06 -5.17454e-06 0.0162116)
(2.19095e-06 -4.50251e-06 0.0161859)
(1.6197e-06 -4.11961e-06 0.016229)
(1.60912e-06 -3.94825e-06 0.0162241)
(1.58188e-06 -3.61869e-06 0.0162108)
(1.54708e-06 -3.15042e-06 0.0161849)
(1.11758e-06 -2.77596e-06 0.0162289)
(1.11192e-06 -2.66185e-06 0.0162238)
(1.0945e-06 -2.44105e-06 0.0162103)
(1.0714e-06 -2.12643e-06 0.0161841)
(7.81069e-07 -1.78619e-06 0.0162289)
(7.78121e-07 -1.71388e-06 0.0162236)
(7.66709e-07 -1.57289e-06 0.01621)
(7.50732e-07 -1.37111e-06 0.0161837)
(6.19544e-07 -1.16404e-06 0.0162288)
(6.17541e-07 -1.11766e-06 0.0162234)
(6.0852e-07 -1.02669e-06 0.0162097)
(5.95419e-07 -8.96395e-07 0.0161833)
(-0.00452238 0.00228053 0.0130644)
(-0.00474326 -0.00101403 0.0144692)
(-0.00218795 -0.00532106 0.00624795)
(0.00299755 -0.00215678 0.00356872)
(-0.00172212 -0.00248702 0.0231254)
(-0.00141668 -0.000437709 0.0224375)
(-0.000325529 0.00114039 0.022949)
(0.000387224 0.000678086 0.023469)
(-0.000992649 -0.000472696 0.0155672)
(-0.000935543 -5.44162e-05 0.0157745)
(-0.000713467 0.0001661 0.0155881)
(-0.000648839 8.44276e-05 0.0152081)
(-0.000463911 1.29332e-05 0.0161554)
(-0.000465382 7.37046e-06 0.0161457)
(-0.000392776 5.09111e-06 0.0161614)
(-0.000340762 1.47677e-05 0.0162058)
(-0.000120657 -7.41128e-05 0.0162745)
(-0.000131339 -8.45716e-05 0.0162535)
(-0.000101642 -7.77722e-05 0.0162553)
(-6.56512e-05 -2.64288e-05 0.0162082)
(3.9179e-05 -0.000154807 0.0162766)
(3.28515e-05 -0.000133865 0.0162601)
(4.78523e-05 -0.0001009 0.0162278)
(7.1072e-05 -3.98918e-05 0.0161423)
(8.08836e-05 -0.000164351 0.0162805)
(7.88412e-05 -0.000132011 0.0162531)
(8.78402e-05 -9.16238e-05 0.0161944)
(0.000102167 -3.70431e-05 0.0160888)
(7.61222e-05 -0.000140336 0.0162697)
(7.57831e-05 -0.000109099 0.016231)
(8.11241e-05 -7.24446e-05 0.0161559)
(8.97446e-05 -2.93615e-05 0.0160386)
(5.96329e-05 -0.000108792 0.0162495)
(5.97001e-05 -8.29611e-05 0.0162016)
(6.30012e-05 -5.39601e-05 0.0161168)
(6.83644e-05 -2.18756e-05 0.0159933)
(4.45221e-05 -8.16153e-05 0.0162277)
(4.4582e-05 -6.15624e-05 0.0161733)
(4.65857e-05 -3.95583e-05 0.0160825)
(5.00043e-05 -1.60309e-05 0.0159555)
(3.29563e-05 -6.0504e-05 0.0162078)
(3.2959e-05 -4.53612e-05 0.0161487)
(3.41813e-05 -2.89512e-05 0.0160541)
(3.64213e-05 -1.17411e-05 0.0159251)
(2.44515e-05 -4.46716e-05 0.0161911)
(2.4424e-05 -3.33869e-05 0.0161286)
(2.51852e-05 -2.1236e-05 0.0160316)
(2.66926e-05 -8.62934e-06 0.0159012)
(1.81983e-05 -3.2934e-05 0.0161776)
(1.81637e-05 -2.45809e-05 0.0161128)
(1.86504e-05 -1.56127e-05 0.016014)
(1.96874e-05 -6.36176e-06 0.0158828)
(1.35621e-05 -2.42614e-05 0.0161671)
(1.35316e-05 -1.81012e-05 0.0161005)
(1.3851e-05 -1.14935e-05 0.0160006)
(1.45769e-05 -4.6975e-06 0.0158688)
(1.0101e-05 -1.78577e-05 0.0161591)
(1.00778e-05 -1.33254e-05 0.0160912)
(1.02927e-05 -8.4633e-06 0.0159905)
(1.08073e-05 -3.46931e-06 0.0158582)
(7.50699e-06 -1.31271e-05 0.016153)
(7.491e-06 -9.79932e-06 0.0160842)
(7.63858e-06 -6.22707e-06 0.0159828)
(8.00677e-06 -2.55957e-06 0.0158503)
(5.55905e-06 -9.62792e-06 0.0161484)
(5.54884e-06 -7.19082e-06 0.016079)
(5.65188e-06 -4.57229e-06 0.0159772)
(5.91676e-06 -1.88388e-06 0.0158444)
(4.09397e-06 -7.0332e-06 0.016145)
(4.08794e-06 -5.25566e-06 0.0160751)
(4.1607e-06 -3.34391e-06 0.015973)
(4.35163e-06 -1.38057e-06 0.01584)
(2.98939e-06 -5.10077e-06 0.0161425)
(2.98615e-06 -3.81364e-06 0.0160723)
(3.03779e-06 -2.42793e-06 0.0159699)
(3.175e-06 -1.00414e-06 0.0158368)
(2.15386e-06 -3.65182e-06 0.0161407)
(2.1523e-06 -2.73183e-06 0.0160702)
(2.18875e-06 -1.74039e-06 0.0159676)
(2.2863e-06 -7.20909e-07 0.0158345)
(1.52213e-06 -2.55671e-06 0.0161394)
(1.52127e-06 -1.91395e-06 0.0160687)
(1.54631e-06 -1.22057e-06 0.0159661)
(1.61394e-06 -5.06564e-07 0.0158328)
(1.0544e-06 -1.72711e-06 0.0161385)
(1.05316e-06 -1.29436e-06 0.0160677)
(1.06909e-06 -8.27265e-07 0.015965)
(1.11352e-06 -3.44848e-07 0.0158317)
(7.37923e-07 -1.11525e-06 0.0161379)
(7.34902e-07 -8.37897e-07 0.0160671)
(7.42902e-07 -5.39476e-07 0.0159642)
(7.69038e-07 -2.2824e-07 0.0158309)
(5.8386e-07 -7.33036e-07 0.0161375)
(5.78606e-07 -5.51856e-07 0.0160666)
(5.80201e-07 -3.52128e-07 0.0159637)
(5.90814e-07 -1.51625e-07 0.0158304)
)
;
    }
}


// ************************************************************************* //
