FoamFile
{version 2.0; format ascii;class Cloud<passiveParticle>; location 0;object  positions;}
28
(
( -0.00671623 0.00181988 0.000797417 ) 0 
( -0.0124161 0.00269496 0.000718513 ) 0 
( -0.0095349 0.000193791 0.000684838 ) 0 
( -0.00501173 0.00197089 0.000677996 ) 0 
( -0.00538686 0.00379833 0.000679015 ) 0 
( -0.0100434 0.00476667 0.000677961 ) 0 
( -0.00700277 0.00724426 0.000677947 ) 0 
( -0.00739452 0.00343601 0.000690566 ) 0 
( -0.0104579 0.00330131 0.000678832 ) 0 
( -0.00216065 0.0124426 0.00068151 ) 0 
( -0.00772055 0.00557276 0.000759969 ) 0 
( -0.0058006 0.00550301 0.000932526 ) 0 
( -0.00627257 0.0110333 0.000682016 ) 0 
( -0.00209078 0.00507091 0.000679322 ) 0 
( -0.0103852 0.00180254 0.000681781 ) 0 
( -0.0040042 0.00491381 0.000821423 ) 0 
( -0.00588777 0.00827506 0.000679047 ) 0 
( -0.00830596 0.00103865 0.000678011 ) 0 
( -0.00276387 0.00333296 0.000678394 ) 0 
( -0.00153624 0.00233281 0.000678531 ) 0 
( -0.0113669 0.00594977 0.000682174 ) 0 
( -0.00430407 0.00877559 0.000690298 ) 0 
( -0.00413931 0.00673678 0.000681323 ) 0 
( -0.000669432 0.00118647 0.000834904 ) 0 
( -0.00317782 0.000929398 0.000680996 ) 0 
( -0.00267395 0.00919105 0.000710396 ) 0 
( -0.00213394 0.00683069 0.000866072 ) 0 
( -0.00050215 0.00518753 0.000677971 ) 0 
)
