/*--------------------------------*- C++ -*----------------------------------*\
  =========                 |
  \\      /  F ield         | OpenFOAM: The Open Source CFD Toolbox
   \\    /   O peration     | Website:  https://openfoam.org
    \\  /    A nd           | Version:  6
     \\/     M anipulation  |
\*---------------------------------------------------------------------------*/
FoamFile
{
    version     2.0;
    format      ascii;
    class       volVectorField;
    location    "0.04";
    object      stored_U;
}
// * * * * * * * * * * * * * * * * * * * * * * * * * * * * * * * * * * * * * //

dimensions      [0 1 -1 0 0 0 0];

internalField   nonuniform List<vector> 
1152
(
(0.00150252 0.00313637 0.00696897)
(-0.00213415 -0.00170325 0.00228701)
(-0.0018058 -0.00112382 0.00326621)
(-0.00343702 -0.000505111 0.0010712)
(-0.0013825 0.0057031 0.00654904)
(-0.00334851 0.00180805 0.00312287)
(-0.0038723 0.000724599 0.00191687)
(-0.00372024 0.00190333 0.0025669)
(-0.00896693 0.0174692 0.00499391)
(0.00250612 0.00112216 0.00104337)
(-0.000877653 0.00403271 0.00241219)
(-0.000957226 0.00333151 0.00510337)
(0.00201739 0.000837733 0.000203123)
(0.00215991 -0.000550456 0.00130391)
(-0.0106092 0.00478819 0.00253388)
(-0.00102601 0.00540732 0.00709305)
(-0.000617378 0.00156085 0.00976718)
(0.000215928 0.00126954 0.0111917)
(0.00131833 0.00131882 0.0107693)
(0.00182768 0.000389293 0.00873659)
(-0.000585634 0.00262561 0.00980121)
(-0.000121535 0.00172855 0.00961561)
(0.000268293 0.00112851 0.00967523)
(0.000418971 0.000544823 0.00875294)
(-0.00115964 0.00393278 0.015247)
(9.40562e-05 0.00205326 0.0119498)
(-0.000178528 0.0016136 0.0103888)
(0.000266464 0.0010836 0.00893506)
(-0.00122891 0.00235801 0.0153119)
(-0.000267903 0.00200101 0.0155607)
(-0.00141113 0.0028633 0.012859)
(-0.000553153 0.00239373 0.00843892)
(0.000408367 -5.06492e-05 0.00631566)
(0.00044548 0.000306069 0.00628296)
(0.000741136 0.000507719 0.00622865)
(0.00080945 0.000254663 0.00569451)
(0.000749852 -0.000222146 0.00641021)
(0.000622275 -0.000149519 0.00592946)
(0.000556474 -8.33583e-05 0.00584315)
(0.000218271 -0.000142658 0.00594929)
(0.000716489 -0.000194087 0.0072548)
(0.000751545 -0.000498311 0.00644621)
(0.000624916 -0.000485803 0.00611153)
(0.000262708 -0.000237943 0.00623427)
(0.000277685 -0.000187361 0.00774289)
(0.000594013 -0.000645777 0.00759746)
(0.000690628 -0.000829977 0.00665752)
(0.000478416 -0.0004396 0.00623221)
(0.000591715 -0.000388887 0.00748474)
(0.000383534 -0.000130111 0.00730303)
(0.00028879 3.34191e-05 0.0072436)
(0.000104329 1.68848e-05 0.0071794)
(0.000819554 -0.000646689 0.00767437)
(0.000548777 -0.0005081 0.00731493)
(0.000308277 -0.000380737 0.00720367)
(-8.10206e-05 -0.000311069 0.00731982)
(0.000870347 -0.000746525 0.00803766)
(0.000665539 -0.00078378 0.0076293)
(0.000446932 -0.000675284 0.00744167)
(4.16445e-05 -0.000415492 0.00752112)
(0.000717275 -0.000709651 0.00831093)
(0.00065326 -0.000909532 0.00810814)
(0.000619657 -0.000962952 0.00782597)
(0.000305575 -0.000573054 0.00767329)
(0.000488469 -0.000369497 0.00806069)
(0.000303514 -0.000233712 0.00792791)
(0.000145706 -0.000137797 0.0078847)
(-3.60842e-05 -0.000114854 0.00790281)
(0.00060792 -0.000525547 0.00819326)
(0.000398642 -0.000438335 0.00798852)
(0.000185652 -0.000357759 0.00791693)
(-8.3759e-05 -0.000300035 0.00798065)
(0.000658233 -0.000596393 0.00839379)
(0.000467878 -0.000577125 0.00816904)
(0.000269948 -0.000504341 0.00806185)
(-4.6939e-06 -0.000366668 0.00808608)
(0.000634054 -0.000595605 0.00856331)
(0.000488447 -0.000644587 0.00840125)
(0.000368684 -0.000633264 0.00826873)
(0.000134461 -0.000431426 0.00817377)
(0.000351067 -0.000294565 0.00838368)
(0.000231489 -0.000224023 0.00829661)
(0.000112853 -0.00016898 0.00826508)
(-7.85192e-06 -0.000143952 0.00828035)
(0.000413678 -0.000377078 0.00847076)
(0.00028575 -0.000326012 0.00835246)
(0.00014683 -0.000276935 0.00830478)
(-1.01412e-05 -0.000236254 0.00832865)
(0.000449869 -0.000416971 0.00858921)
(0.000328068 -0.000391242 0.00845849)
(0.000196974 -0.000345915 0.00839229)
(3.77455e-05 -0.000273236 0.00839084)
(0.00045879 -0.000420409 0.00870204)
(0.00035161 -0.000421716 0.00858516)
(0.000251958 -0.000398239 0.00850421)
(0.000109678 -0.000297291 0.00844642)
(0.000243862 -0.000226008 0.00856803)
(0.00017395 -0.000187015 0.00851018)
(0.000100086 -0.000153796 0.0084844)
(2.79888e-05 -0.000132971 0.00848582)
(0.000278643 -0.000268721 0.00862812)
(0.000206541 -0.000237892 0.0085548)
(0.000125353 -0.000206951 0.00851829)
(3.84196e-05 -0.000179006 0.0085173)
(0.000302406 -0.000289188 0.00870355)
(0.000233623 -0.00026871 0.00862128)
(0.000156473 -0.000239829 0.00857251)
(6.83409e-05 -0.000199463 0.00855424)
(0.000314546 -0.000288313 0.00877826)
(0.000252354 -0.000280139 0.00869508)
(0.000188429 -0.000260481 0.00863426)
(0.000106622 -0.000208712 0.00858459)
(0.000169991 -0.000171007 0.00866898)
(0.000130484 -0.000148266 0.0086295)
(8.69664e-05 -0.00012739 0.00860741)
(4.45179e-05 -0.000111574 0.00859894)
(0.000190183 -0.000192816 0.00871187)
(0.000150699 -0.00017389 0.00866369)
(0.000104761 -0.000154108 0.00863415)
(5.64083e-05 -0.000135225 0.00862076)
(0.000205111 -0.000202011 0.00876213)
(0.000168036 -0.000188004 0.00870736)
(0.000124407 -0.000169663 0.00866887)
(7.55858e-05 -0.000146278 0.00864304)
(0.000214142 -0.000197742 0.00881067)
(0.000180987 -0.000190201 0.00875171)
(0.0001434 -0.000176679 0.00870309)
(9.67747e-05 -0.000149139 0.00865686)
(0.000120186 -0.000128333 0.0087235)
(9.79201e-05 -0.000114629 0.00869572)
(7.23699e-05 -0.000101237 0.0086768)
(4.68428e-05 -8.98088e-05 0.00866342)
(0.000132171 -0.000139207 0.0087545)
(0.000110618 -0.000127574 0.00872144)
(8.45206e-05 -0.000114934 0.00869724)
(5.68016e-05 -0.000102351 0.008679)
(0.000141255 -0.000142296 0.00878844)
(0.000121538 -0.000133406 0.00875064)
(9.69394e-05 -0.000121962 0.00871972)
(6.92079e-05 -0.000108051 0.00869199)
(0.000146909 -0.000136602 0.00881906)
(0.000129782 -0.000131489 0.00877698)
(0.000108249 -0.000123016 0.00873765)
(8.12689e-05 -0.000107931 0.00869481)
(8.6088e-05 -9.57454e-05 0.0087531)
(7.34008e-05 -8.73348e-05 0.00873303)
(5.81488e-05 -7.8662e-05 0.00871704)
(4.23003e-05 -7.06386e-05 0.00870206)
(9.32646e-05 -0.000100935 0.00877556)
(8.14062e-05 -9.38144e-05 0.00875214)
(6.62954e-05 -8.57693e-05 0.00873235)
(4.97897e-05 -7.74572e-05 0.00871313)
(9.86514e-05 -0.000101006 0.00879852)
(8.81775e-05 -9.56135e-05 0.00877169)
(7.41338e-05 -8.85781e-05 0.0087467)
(5.78545e-05 -8.01474e-05 0.00871981)
(0.000101865 -9.52369e-05 0.00881701)
(9.31578e-05 -9.22015e-05 0.00878652)
(8.08579e-05 -8.71642e-05 0.00875445)
(6.48738e-05 -7.86849e-05 0.00871518)
(6.22406e-05 -7.11376e-05 0.00876922)
(5.48879e-05 -6.59204e-05 0.00875442)
(4.55624e-05 -6.02751e-05 0.00874107)
(3.54049e-05 -5.4731e-05 0.0087262)
(6.65475e-05 -7.34136e-05 0.00878546)
(5.99392e-05 -6.90797e-05 0.00876846)
(5.09696e-05 -6.39747e-05 0.00875229)
(4.0772e-05 -5.85063e-05 0.00873382)
(6.96667e-05 -7.21891e-05 0.00880087)
(6.40862e-05 -6.90237e-05 0.00878137)
(5.59118e-05 -6.47455e-05 0.00876101)
(4.60334e-05 -5.95673e-05 0.00873598)
(7.13436e-05 -6.70208e-05 0.00881117)
(6.69819e-05 -6.53863e-05 0.00878862)
(5.99004e-05 -6.24991e-05 0.0087621)
(5.01807e-05 -5.7634e-05 0.00872614)
(4.52734e-05 -5.27033e-05 0.008778)
(4.09253e-05 -4.94438e-05 0.00876694)
(3.50725e-05 -4.57534e-05 0.00875585)
(2.83768e-05 -4.19511e-05 0.00874181)
(4.78553e-05 -5.35262e-05 0.00878968)
(4.41154e-05 -5.09024e-05 0.00877712)
(3.86469e-05 -4.76655e-05 0.00876386)
(3.21372e-05 -4.40681e-05 0.00874672)
(4.96163e-05 -5.18979e-05 0.00879984)
(4.66319e-05 -5.00936e-05 0.00878536)
(4.1766e-05 -4.75107e-05 0.00876856)
(3.5586e-05 -4.42943e-05 0.00874557)
(5.03958e-05 -4.75706e-05 0.0088046)
(4.826e-05 -4.6784e-05 0.0087875)
(4.41281e-05 -4.51809e-05 0.00876513)
(3.80652e-05 -4.23412e-05 0.00873202)
(3.30562e-05 -3.89674e-05 0.00878278)
(3.04267e-05 -3.69194e-05 0.00877441)
(2.66578e-05 -3.44953e-05 0.00876519)
(2.21387e-05 -3.1893e-05 0.0087522)
(3.45992e-05 -3.91006e-05 0.00879112)
(3.24454e-05 -3.75198e-05 0.00878168)
(2.90212e-05 -3.54641e-05 0.0087707)
(2.47488e-05 -3.30903e-05 0.00875498)
(3.5563e-05 -3.74927e-05 0.00879759)
(3.39619e-05 -3.64961e-05 0.00878659)
(3.09959e-05 -3.49438e-05 0.00877249)
(2.70234e-05 -3.2925e-05 0.00875135)
(3.58498e-05 -3.40146e-05 0.00879856)
(3.48446e-05 -3.37052e-05 0.00878522)
(3.23932e-05 -3.28456e-05 0.00876593)
(2.85206e-05 -3.11634e-05 0.00873512)
(2.41885e-05 -2.87672e-05 0.00878537)
(2.25608e-05 -2.74734e-05 0.00877897)
(2.00754e-05 -2.5872e-05 0.00877125)
(1.69665e-05 -2.40885e-05 0.00875925)
(2.51067e-05 -2.86024e-05 0.00879127)
(2.38422e-05 -2.76544e-05 0.00878405)
(2.1643e-05 -2.63442e-05 0.00877484)
(1.8774e-05 -2.47694e-05 0.00876037)
(2.56116e-05 -2.719e-05 0.00879512)
(2.4751e-05 -2.66612e-05 0.00878658)
(2.28994e-05 -2.57311e-05 0.0087745)
(2.02852e-05 -2.44507e-05 0.00875488)
(2.56458e-05 -2.44674e-05 0.00879348)
(2.52072e-05 -2.4408e-05 0.00878276)
(2.37255e-05 -2.3968e-05 0.00876571)
(2.11982e-05 -2.29581e-05 0.0087367)
(1.77168e-05 -2.12072e-05 0.00878677)
(1.66857e-05 -2.03852e-05 0.00878181)
(1.50122e-05 -1.93205e-05 0.00877526)
(1.28411e-05 -1.80939e-05 0.00876413)
(1.82602e-05 -2.09392e-05 0.00879087)
(1.75026e-05 -2.03733e-05 0.00878526)
(1.60573e-05 -1.9534e-05 0.00877739)
(1.40948e-05 -1.84822e-05 0.00876395)
(1.85072e-05 -1.97725e-05 0.00879286)
(1.80445e-05 -1.95083e-05 0.00878606)
(1.68618e-05 -1.8952e-05 0.00877548)
(1.51072e-05 -1.81314e-05 0.00875707)
(1.8425e-05 -1.76797e-05 0.00878939)
(1.82633e-05 -1.77386e-05 0.00878052)
(1.73501e-05 -1.75295e-05 0.0087651)
(1.56693e-05 -1.69155e-05 0.00873746)
(1.2975e-05 -1.56077e-05 0.00878752)
(1.23073e-05 -1.50824e-05 0.00878362)
(1.11608e-05 -1.43696e-05 0.00877796)
(9.62776e-06 -1.35223e-05 0.00876755)
(1.32943e-05 -1.53289e-05 0.0087903)
(1.28308e-05 -1.49927e-05 0.00878585)
(1.18618e-05 -1.44516e-05 0.00877899)
(1.05001e-05 -1.3744e-05 0.00876638)
(1.34007e-05 -1.44004e-05 0.00879096)
(1.31525e-05 -1.42815e-05 0.0087854)
(1.23809e-05 -1.39493e-05 0.00877592)
(1.11842e-05 -1.34177e-05 0.00875845)
(1.32757e-05 -1.28129e-05 0.00878621)
(1.32434e-05 -1.2918e-05 0.00877863)
(1.26695e-05 -1.28318e-05 0.00876439)
(1.15338e-05 -1.24538e-05 0.00873778)
(9.48868e-06 -1.14576e-05 0.00878792)
(9.04727e-06 -1.11201e-05 0.0087848)
(8.2514e-06 -1.06399e-05 0.00877982)
(7.16097e-06 -1.00521e-05 0.00876996)
(9.67451e-06 -1.12079e-05 0.00878974)
(9.38475e-06 -1.10093e-05 0.00878613)
(8.7247e-06 -1.0658e-05 0.00878002)
(7.77017e-06 -1.01785e-05 0.00876804)
(9.70729e-06 -1.04875e-05 0.00878943)
(9.57477e-06 -1.04453e-05 0.00878476)
(9.06226e-06 -1.0247e-05 0.00877609)
(8.23605e-06 -9.89908e-06 0.00875932)
(9.57715e-06 -9.29598e-06 0.00878377)
(9.60017e-06 -9.40981e-06 0.00877711)
(9.23283e-06 -9.38607e-06 0.00876373)
(8.45576e-06 -9.15058e-06 0.00873788)
(6.91468e-06 -8.37504e-06 0.00878812)
(6.61798e-06 -8.15711e-06 0.00878557)
(6.06083e-06 -7.832e-06 0.0087811)
(5.28265e-06 -7.42316e-06 0.00877168)
(7.02152e-06 -8.16796e-06 0.00878924)
(6.83678e-06 -8.05129e-06 0.00878624)
(6.38203e-06 -7.82178e-06 0.00878068)
(5.70903e-06 -7.49491e-06 0.00876918)
(7.01861e-06 -7.61992e-06 0.00878824)
(6.94844e-06 -7.61563e-06 0.0087842)
(6.60319e-06 -7.49739e-06 0.00877613)
(6.02826e-06 -7.26754e-06 0.00875989)
(6.90089e-06 -6.73462e-06 0.00878193)
(6.94286e-06 -6.83933e-06 0.00877592)
(6.70402e-06 -6.84481e-06 0.00876316)
(6.16771e-06 -6.69639e-06 0.00873787)
(5.00269e-06 -6.07484e-06 0.00878823)
(4.80136e-06 -5.9336e-06 0.00878609)
(4.41032e-06 -5.71299e-06 0.008782)
(3.85601e-06 -5.42875e-06 0.0087729)
(5.06326e-06 -5.91115e-06 0.00878884)
(4.94371e-06 -5.84319e-06 0.00878627)
(4.62876e-06 -5.69257e-06 0.00878112)
(4.15411e-06 -5.46921e-06 0.00876998)
(5.04552e-06 -5.50202e-06 0.00878734)
(5.0089e-06 -5.51428e-06 0.00878375)
(4.77439e-06 -5.44385e-06 0.00877611)
(4.37339e-06 -5.29105e-06 0.00876025)
(4.94709e-06 -4.85215e-06 0.00878057)
(4.99101e-06 -4.94048e-06 0.00877502)
(4.83397e-06 -4.95741e-06 0.0087627)
(4.46261e-06 -4.86294e-06 0.00873782)
(3.56895e-06 -4.3433e-06 0.00878828)
(3.43228e-06 -4.25187e-06 0.00878644)
(3.15957e-06 -4.10279e-06 0.00878262)
(2.76865e-06 -3.9066e-06 0.00877376)
(3.60266e-06 -4.21909e-06 0.00878852)
(3.52479e-06 -4.1799e-06 0.00878627)
(3.30749e-06 -4.08113e-06 0.00878141)
(2.97541e-06 -3.92914e-06 0.00877053)
(3.58118e-06 -3.92046e-06 0.00878666)
(3.56251e-06 -3.93785e-06 0.00878341)
(3.40334e-06 -3.89601e-06 0.00877607)
(3.12535e-06 -3.7944e-06 0.00876049)
(3.50352e-06 -3.45184e-06 0.00877957)
(3.54202e-06 -3.5219e-06 0.00877435)
(3.43844e-06 -3.54111e-06 0.00876235)
(3.18257e-06 -3.48065e-06 0.00873776)
(2.47866e-06 -3.02141e-06 0.0087883)
(2.38703e-06 -2.96306e-06 0.00878668)
(2.20084e-06 -2.86404e-06 0.00878305)
(1.93166e-06 -2.73136e-06 0.00877436)
(2.49686e-06 -2.93159e-06 0.00878828)
(2.44645e-06 -2.9093e-06 0.00878625)
(2.2993e-06 -2.84535e-06 0.0087816)
(2.07207e-06 -2.74368e-06 0.00877091)
(2.47717e-06 -2.72076e-06 0.00878618)
(2.46794e-06 -2.73745e-06 0.00878315)
(2.36156e-06 -2.71283e-06 0.00877603)
(2.17273e-06 -2.64609e-06 0.00876065)
(2.41925e-06 -2.39284e-06 0.00877886)
(2.44959e-06 -2.44527e-06 0.00877386)
(2.38199e-06 -2.46235e-06 0.00876208)
(2.209e-06 -2.42383e-06 0.0087377)
(1.63793e-06 -1.99941e-06 0.00878831)
(1.57854e-06 -1.96361e-06 0.00878683)
(1.45701e-06 -1.90055e-06 0.00878334)
(1.28027e-06 -1.81472e-06 0.00877477)
(1.64715e-06 -1.93854e-06 0.00878812)
(1.61536e-06 -1.92629e-06 0.00878623)
(1.5199e-06 -1.88637e-06 0.00878173)
(1.37138e-06 -1.8211e-06 0.00877116)
(1.63165e-06 -1.79749e-06 0.00878585)
(1.62715e-06 -1.81088e-06 0.00878296)
(1.55884e-06 -1.79683e-06 0.00877599)
(1.43608e-06 -1.75454e-06 0.00876074)
(1.59131e-06 -1.57966e-06 0.00877837)
(1.61288e-06 -1.61629e-06 0.00877352)
(1.57025e-06 -1.62942e-06 0.00876189)
(1.45813e-06 -1.60541e-06 0.00873765)
(9.99274e-07 -1.23535e-06 0.00878831)
(9.62965e-07 -1.21499e-06 0.00878692)
(8.89189e-07 -1.17762e-06 0.00878352)
(7.81727e-07 -1.12584e-06 0.00877502)
(1.00331e-06 -1.19655e-06 0.00878801)
(9.84178e-07 -1.19041e-06 0.00878622)
(9.26663e-07 -1.16712e-06 0.0087818)
(8.36706e-07 -1.12786e-06 0.00877131)
(9.92443e-07 -1.1083e-06 0.00878563)
(9.90149e-07 -1.11775e-06 0.00878284)
(9.49433e-07 -1.11022e-06 0.00877596)
(8.75407e-07 -1.08494e-06 0.0087608)
(9.66685e-07 -9.73223e-07 0.00877806)
(9.80273e-07 -9.96818e-07 0.00877331)
(9.55199e-07 -1.00575e-06 0.00876177)
(8.8767e-07 -9.91337e-07 0.00873762)
(5.86433e-07 -8.01927e-07 0.00878831)
(5.6473e-07 -7.90154e-07 0.00878698)
(5.21249e-07 -7.67203e-07 0.00878363)
(4.58376e-07 -7.34583e-07 0.00877519)
(5.87942e-07 -7.74266e-07 0.00878793)
(5.77388e-07 -7.70927e-07 0.0087862)
(5.44595e-07 -7.56272e-07 0.00878184)
(4.92247e-07 -7.31095e-07 0.00877141)
(5.808e-07 -7.15308e-07 0.00878548)
(5.81261e-07 -7.20861e-07 0.00878275)
(5.59296e-07 -7.15099e-07 0.00877593)
(5.16654e-07 -6.97625e-07 0.00876083)
(5.65344e-07 -6.27485e-07 0.00877784)
(5.76351e-07 -6.41115e-07 0.00877315)
(5.64329e-07 -6.4412e-07 0.00876167)
(5.26114e-07 -6.31768e-07 0.00873757)
(-0.00446923 0.00655953 0.00640502)
(-0.009291 0.00680456 0.00448946)
(-0.00712221 0.00644134 0.00263855)
(-0.00576259 0.00435115 0.00598086)
(-0.00813239 0.00502845 0.0082664)
(-0.00848813 0.00722687 0.00740108)
(-0.00319423 0.00412059 0.00221872)
(-0.00565187 0.00134806 0.00435655)
(-0.000527494 -0.000354995 0.00390959)
(0.000302223 -0.0031026 -0.00152285)
(0.00538195 0.00177042 -0.00737167)
(-0.00719884 -0.00146258 0.00517007)
(0.00666641 -0.000757722 0.000476136)
(0.009203 0.000278667 -0.00144724)
(0.00849346 0.00311746 -0.0119965)
(-0.00799724 0.00382316 0.000956698)
(-0.00252559 0.0019427 0.0129278)
(-0.00152845 0.00236512 0.0154684)
(-0.00179104 0.00392088 0.0132015)
(-0.00132975 0.00298137 0.00949116)
(-0.00360592 0.00287959 0.0131364)
(-0.00319293 0.00376339 0.0178684)
(-0.00232091 0.00384577 0.0205826)
(-0.00174211 0.00206348 0.0109128)
(-0.000617712 0.00264526 0.0111326)
(-0.000814979 0.00312327 0.013973)
(-0.0018127 0.00304713 0.025089)
(-0.00203978 0.00164268 0.0121084)
(0.00196416 0.000972405 0.00709283)
(0.000495057 0.00141867 0.00752247)
(-0.00152698 0.00192797 0.0281414)
(-0.00205751 0.001703 0.0149495)
(-0.000348483 -0.000133569 0.0080085)
(5.1821e-06 -0.000529442 0.00838248)
(0.000480804 -0.000896835 0.00743207)
(0.000719283 -0.000620088 0.00624073)
(-0.000718301 0.000380033 0.00854279)
(-0.000649447 0.000234156 0.00970961)
(0.000313282 -0.000815984 0.00939727)
(0.000752223 -0.00075229 0.00617844)
(1.4958e-05 0.000685178 0.00802322)
(-0.000577342 0.000856323 0.00863734)
(0.000105877 -0.000648003 0.00926284)
(0.000694176 -0.000878755 0.00591555)
(0.000752676 0.000266932 0.00707347)
(-0.000646982 0.000565945 0.00701191)
(0.000123446 -0.000456886 0.00863504)
(0.000880519 -0.000911788 0.0056918)
(0.000504433 -0.000649182 0.00849324)
(0.000458437 -0.000878031 0.00853696)
(0.000653985 -0.00109834 0.00836421)
(0.000579078 -0.000662413 0.00784931)
(0.00039803 -0.00042669 0.00876028)
(0.00028062 -0.00055963 0.00906486)
(0.000733507 -0.00103227 0.00898303)
(0.000685693 -0.000615872 0.00783623)
(0.000597676 -0.000120072 0.00877261)
(0.000254069 -8.02924e-05 0.00905172)
(0.000768566 -0.000751304 0.00921634)
(0.00071422 -0.000562434 0.00773157)
(0.000830754 -3.83884e-05 0.00864993)
(0.000231521 6.67794e-06 0.00882583)
(0.000824284 -0.000583382 0.00934611)
(0.000740064 -0.000586788 0.00761069)
(0.00058169 -0.000562321 0.00869516)
(0.000439746 -0.000628631 0.00862138)
(0.000418148 -0.000671662 0.00852132)
(0.00028737 -0.000429403 0.00825197)
(0.000557821 -0.000455319 0.00884646)
(0.00039729 -0.000503897 0.00885194)
(0.000483911 -0.000632625 0.00874335)
(0.000344318 -0.000374631 0.00821288)
(0.000609827 -0.000270125 0.00890158)
(0.000393543 -0.000285576 0.00890671)
(0.000539716 -0.000508955 0.0088406)
(0.000369139 -0.000325095 0.00811046)
(0.000674049 -0.000111326 0.00884551)
(0.000404235 -0.000154604 0.00881835)
(0.000608818 -0.000411271 0.00883056)
(0.000392959 -0.000319853 0.00796459)
(0.000452837 -0.000395294 0.00879649)
(0.000346162 -0.000405713 0.00870027)
(0.000285024 -0.000397578 0.00861693)
(0.000183089 -0.000277064 0.00847863)
(0.00045007 -0.000330957 0.00887471)
(0.000338806 -0.000347453 0.0087921)
(0.000316899 -0.000370632 0.00868492)
(0.000206191 -0.000240243 0.00843978)
(0.000460514 -0.000219882 0.00889362)
(0.000339811 -0.000245203 0.00880835)
(0.000348751 -0.000314936 0.00869377)
(0.000220327 -0.000206256 0.00835941)
(0.000474325 -9.54242e-05 0.00883444)
(0.000352961 -0.000148517 0.00874388)
(0.000393993 -0.000259044 0.00864242)
(0.000237485 -0.000196484 0.00824522)
(0.000317725 -0.00026621 0.00883872)
(0.000256395 -0.000264719 0.00875409)
(0.00020741 -0.000250855 0.00868071)
(0.000140419 -0.000190768 0.00858889)
(0.000317897 -0.000220893 0.00887151)
(0.000256343 -0.000229298 0.00878077)
(0.000220657 -0.000230276 0.00868476)
(0.00014798 -0.000168583 0.00854582)
(0.000317769 -0.000150874 0.00885546)
(0.000257104 -0.000173168 0.00875959)
(0.000234649 -0.000198359 0.00864956)
(0.00015313 -0.000146941 0.00847081)
(0.000319764 -6.74153e-05 0.0087785)
(0.000265774 -0.000110511 0.00868255)
(0.000257943 -0.000164144 0.00857166)
(0.000162611 -0.00013711 0.00836636)
(0.000217568 -0.000179015 0.00884516)
(0.000185604 -0.00017661 0.00877948)
(0.000153908 -0.000166513 0.00871748)
(0.000112113 -0.00013577 0.00864561)
(0.000217692 -0.000146213 0.0088505)
(0.000186579 -0.000152075 0.00877493)
(0.00015899 -0.000150769 0.008695)
(0.00011368 -0.000122378 0.00859903)
(0.000215437 -0.000100224 0.00881165)
(0.000186662 -0.000117435 0.00873012)
(0.000164194 -0.00012991 0.0086385)
(0.00011452 -0.000108693 0.00852448)
(0.000214495 -4.56042e-05 0.00871897)
(0.000191497 -7.74635e-05 0.00863781)
(0.000175195 -0.000108106 0.00854467)
(0.000119088 -0.000100986 0.00842304)
(0.000149013 -0.000121483 0.00883559)
(0.000133024 -0.000120204 0.0087864)
(0.000113919 -0.000114284 0.00873506)
(8.81033e-05 -9.8217e-05 0.00867412)
(0.000148658 -9.77157e-05 0.00882417)
(0.000133682 -0.000102492 0.00876566)
(0.000115597 -0.000102452 0.00870028)
(8.76506e-05 -8.98423e-05 0.00862483)
(0.000146235 -6.67337e-05 0.00877144)
(0.000133278 -7.96512e-05 0.00870737)
(0.000117059 -8.81495e-05 0.00863318)
(8.69219e-05 -8.10536e-05 0.00854913)
(0.000144702 -3.07097e-05 0.00866848)
(0.000135723 -5.36386e-05 0.00860482)
(0.00012212 -7.37087e-05 0.00853066)
(8.89799e-05 -7.54657e-05 0.00844775)
(0.000102814 -8.34269e-05 0.00882158)
(9.50443e-05 -8.31897e-05 0.00878478)
(8.38417e-05 -8.01628e-05 0.00874224)
(6.77904e-05 -7.15909e-05 0.00868855)
(0.000102122 -6.62385e-05 0.00879977)
(9.52622e-05 -7.02615e-05 0.00875508)
(8.41668e-05 -7.13802e-05 0.00870123)
(6.68499e-05 -6.61372e-05 0.00863749)
(9.99856e-05 -4.49716e-05 0.00873871)
(9.46353e-05 -5.46106e-05 0.00868927)
(8.42158e-05 -6.13429e-05 0.00862872)
(6.5777e-05 -6.0349e-05 0.00856062)
(9.85023e-05 -2.08264e-05 0.00862949)
(9.57817e-05 -3.72309e-05 0.00858067)
(8.65514e-05 -5.14877e-05 0.00852158)
(6.66577e-05 -5.64155e-05 0.00845856)
(7.1565e-05 -5.79815e-05 0.00880787)
(6.79282e-05 -5.83651e-05 0.00877988)
(6.14161e-05 -5.70477e-05 0.00874409)
(5.12978e-05 -5.23996e-05 0.00869564)
(7.07352e-05 -4.55515e-05 0.00877955)
(6.78467e-05 -4.89024e-05 0.00874497)
(6.12436e-05 -5.05671e-05 0.0086997)
(5.03892e-05 -4.87191e-05 0.00864349)
(6.89695e-05 -3.07406e-05 0.00871342)
(6.71783e-05 -3.79291e-05 0.00867487)
(6.08472e-05 -4.34239e-05 0.00862429)
(4.94103e-05 -4.48056e-05 0.00856573)
(6.77064e-05 -1.42788e-05 0.00860043)
(6.76696e-05 -2.60308e-05 0.00856276)
(6.19543e-05 -3.65367e-05 0.00851456)
(4.9775e-05 -4.20398e-05 0.00846293)
(5.02334e-05 -4.07389e-05 0.00879611)
(4.86432e-05 -4.13999e-05 0.00877425)
(4.48554e-05 -4.09991e-05 0.00874346)
(3.83714e-05 -3.84484e-05 0.00869892)
(4.94093e-05 -3.1736e-05 0.00876363)
(4.8411e-05 -3.44666e-05 0.00873618)
(4.45375e-05 -3.62261e-05 0.00869711)
(3.7635e-05 -3.58934e-05 0.00864612)
(4.79982e-05 -2.1301e-05 0.00869437)
(4.77982e-05 -2.666e-05 0.00866355)
(4.40695e-05 -3.10915e-05 0.00862005)
(3.68649e-05 -3.3184e-05 0.00856774)
(4.69816e-05 -9.90304e-06 0.00857907)
(4.79804e-05 -1.83514e-05 0.00854934)
(4.46242e-05 -2.61927e-05 0.00850881)
(3.70194e-05 -3.1222e-05 0.00846434)
(3.55224e-05 -2.88935e-05 0.00878661)
(3.49234e-05 -2.96201e-05 0.008769)
(3.2707e-05 -2.96657e-05 0.00874185)
(2.84808e-05 -2.82554e-05 0.00870025)
(3.47812e-05 -2.23584e-05 0.00875143)
(3.46416e-05 -2.45358e-05 0.00872893)
(3.23825e-05 -2.61503e-05 0.0086943)
(2.7925e-05 -2.64444e-05 0.00864704)
(3.36787e-05 -1.49372e-05 0.0086802)
(3.41239e-05 -1.89269e-05 0.00865475)
(3.19702e-05 -2.24313e-05 0.00861625)
(2.7359e-05 -2.45317e-05 0.00856826)
(3.28869e-05 -6.94154e-06 0.00856347)
(3.4171e-05 -1.30373e-05 0.00853926)
(3.22732e-05 -1.89024e-05 0.00850407)
(2.74351e-05 -2.31231e-05 0.00846441)
(2.52766e-05 -2.065e-05 0.00877919)
(2.51392e-05 -2.13313e-05 0.00876454)
(2.383e-05 -2.15645e-05 0.00874001)
(2.103e-05 -2.0782e-05 0.00870059)
(2.46492e-05 -1.58958e-05 0.00874224)
(2.48639e-05 -1.76002e-05 0.00872315)
(2.35477e-05 -1.89739e-05 0.00869169)
(2.06249e-05 -1.94796e-05 0.00864713)
(2.38018e-05 -1.05786e-05 0.00866972)
(2.4448e-05 -1.35427e-05 0.00864799)
(2.32212e-05 -1.62648e-05 0.00861301)
(2.02239e-05 -1.81091e-05 0.00856809)
(2.31983e-05 -4.91016e-06 0.00855208)
(2.44427e-05 -9.32215e-06 0.00853169)
(2.34053e-05 -1.37006e-05 0.00850022)
(2.02739e-05 -1.70864e-05 0.00846391)
(1.80757e-05 -1.48458e-05 0.00877351)
(1.8137e-05 -1.54346e-05 0.00876091)
(1.73546e-05 -1.57216e-05 0.00873827)
(1.54719e-05 -1.52876e-05 0.00870047)
(1.75653e-05 -1.13812e-05 0.00873537)
(1.78943e-05 -1.26954e-05 0.00871866)
(1.71261e-05 -1.38118e-05 0.00868944)
(1.51821e-05 -1.4342e-05 0.00864686)
(1.69223e-05 -7.55014e-06 0.00866201)
(1.7571e-05 -9.74647e-06 0.00864284)
(1.68805e-05 -1.18309e-05 0.00861035)
(1.49039e-05 -1.33497e-05 0.00856764)
(1.64691e-05 -3.4988e-06 0.00854377)
(1.75501e-05 -6.69941e-06 0.008526)
(1.70043e-05 -9.95737e-06 0.00849714)
(1.49459e-05 -1.26009e-05 0.00846322)
(1.29725e-05 -1.07165e-05 0.00876922)
(1.31052e-05 -1.12008e-05 0.00875807)
(1.26315e-05 -1.1478e-05 0.00873678)
(1.13492e-05 -1.12384e-05 0.00870016)
(1.25688e-05 -8.18948e-06 0.00873026)
(1.29036e-05 -9.19032e-06 0.00871521)
(1.24536e-05 -1.00707e-05 0.00868759)
(1.11441e-05 -1.05479e-05 0.00864644)
(1.20859e-05 -5.41873e-06 0.00865634)
(1.26579e-05 -7.04144e-06 0.00863895)
(1.22742e-05 -8.61937e-06 0.00860822)
(1.09535e-05 -9.82474e-06 0.0085671)
(1.17493e-05 -2.50659e-06 0.00853769)
(1.26362e-05 -4.83135e-06 0.00852175)
(1.23641e-05 -7.24654e-06 0.00849472)
(1.09922e-05 -9.27373e-06 0.00846252)
(9.32743e-06 -7.75114e-06 0.00876602)
(9.47217e-06 -8.13629e-06 0.00875587)
(9.18152e-06 -8.37732e-06 0.00873556)
(8.29917e-06 -8.2462e-06 0.00869981)
(9.01471e-06 -5.90879e-06 0.00872649)
(9.31113e-06 -6.66284e-06 0.00871259)
(9.04646e-06 -7.34214e-06 0.00868611)
(8.15484e-06 -7.74101e-06 0.00864602)
(8.65527e-06 -3.90145e-06 0.00865218)
(9.12744e-06 -5.096e-06 0.00863603)
(8.91766e-06 -6.27884e-06 0.00860655)
(8.02548e-06 -7.21245e-06 0.00856659)
(8.40746e-06 -1.80146e-06 0.00853326)
(9.10991e-06 -3.48984e-06 0.00851858)
(8.98578e-06 -5.27254e-06 0.00849285)
(8.06104e-06 -6.80627e-06 0.00846188)
(6.70248e-06 -5.60213e-06 0.00876364)
(6.83394e-06 -5.90067e-06 0.00875421)
(6.65331e-06 -6.09802e-06 0.00873459)
(6.04194e-06 -6.02724e-06 0.00869947)
(6.46457e-06 -4.26247e-06 0.00872372)
(6.70895e-06 -4.82458e-06 0.00871063)
(6.55266e-06 -5.33952e-06 0.00868497)
(5.94096e-06 -5.65815e-06 0.00864563)
(6.1994e-06 -2.80965e-06 0.00864913)
(6.57351e-06 -3.68446e-06 0.00863385)
(6.46135e-06 -4.56259e-06 0.00860526)
(5.85367e-06 -5.27219e-06 0.00856615)
(6.01851e-06 -1.29509e-06 0.00853002)
(6.56091e-06 -2.51846e-06 0.00851622)
(6.51392e-06 -3.82683e-06 0.00849142)
(5.88521e-06 -4.97337e-06 0.00846135)
(4.79409e-06 -4.02893e-06 0.00876189)
(4.90329e-06 -4.25505e-06 0.00875296)
(4.78987e-06 -4.40991e-06 0.00873384)
(4.36538e-06 -4.3724e-06 0.00869918)
(4.61632e-06 -3.06107e-06 0.00872169)
(4.80868e-06 -3.47483e-06 0.00870918)
(4.71615e-06 -3.8584e-06 0.00868409)
(4.2952e-06 -4.10445e-06 0.00864531)
(4.42288e-06 -2.01503e-06 0.00864692)
(4.71022e-06 -2.65029e-06 0.00863225)
(4.65215e-06 -3.29457e-06 0.00860429)
(4.23668e-06 -3.82425e-06 0.00856578)
(4.2922e-06 -9.27336e-07 0.00852767)
(4.70184e-06 -1.80841e-06 0.00851449)
(4.69268e-06 -2.76021e-06 0.00849034)
(4.26349e-06 -3.60592e-06 0.00846091)
(3.3891e-06 -2.86237e-06 0.00876062)
(3.47451e-06 -3.02922e-06 0.00875205)
(3.40297e-06 -3.1462e-06 0.00873328)
(3.10993e-06 -3.12675e-06 0.00869895)
(3.2592e-06 -2.17249e-06 0.00872023)
(3.4048e-06 -2.47151e-06 0.00870811)
(3.35007e-06 -2.75107e-06 0.00868344)
(3.06171e-06 -2.93494e-06 0.00864505)
(3.12046e-06 -1.42868e-06 0.00864532)
(3.33455e-06 -1.88313e-06 0.00863108)
(3.3059e-06 -2.34759e-06 0.00860356)
(3.02288e-06 -2.73427e-06 0.00856549)
(3.02754e-06 -6.5657e-07 0.00852598)
(3.32934e-06 -1.28292e-06 0.00851323)
(3.33664e-06 -1.96484e-06 0.00848954)
(3.04461e-06 -2.57702e-06 0.00846058)
(2.33699e-06 -1.98238e-06 0.00875972)
(2.40009e-06 -2.10109e-06 0.00875139)
(2.35526e-06 -2.18561e-06 0.00873287)
(2.15688e-06 -2.17576e-06 0.00869877)
(2.24515e-06 -1.50368e-06 0.00871919)
(2.35053e-06 -1.71328e-06 0.00870735)
(2.31842e-06 -1.91037e-06 0.00868297)
(2.12446e-06 -2.04223e-06 0.00864485)
(2.14848e-06 -9.88354e-07 0.0086442)
(2.30183e-06 -1.3045e-06 0.00863025)
(2.28864e-06 -1.62943e-06 0.00860304)
(2.09913e-06 -1.90234e-06 0.00856527)
(2.08421e-06 -4.53672e-07 0.00852479)
(2.29877e-06 -8.87444e-07 0.00851234)
(2.31111e-06 -1.36245e-06 0.00848897)
(2.11568e-06 -1.79204e-06 0.00846032)
(1.5355e-06 -1.30788e-06 0.0087591)
(1.57879e-06 -1.3876e-06 0.00875094)
(1.55152e-06 -1.44493e-06 0.00873259)
(1.42305e-06 -1.44012e-06 0.00869864)
(1.47393e-06 -9.92029e-07 0.00871849)
(1.54536e-06 -1.13132e-06 0.00870683)
(1.52704e-06 -1.26277e-06 0.00868264)
(1.40204e-06 -1.35161e-06 0.0086447)
(1.40988e-06 -6.52407e-07 0.00864343)
(1.51314e-06 -8.61273e-07 0.00862968)
(1.50765e-06 -1.07669e-06 0.00860268)
(1.3859e-06 -1.25855e-06 0.00856511)
(1.36758e-06 -2.99171e-07 0.00852398)
(1.51139e-06 -5.84896e-07 0.00851173)
(1.52288e-06 -8.98977e-07 0.00848857)
(1.39714e-06 -1.18431e-06 0.00846014)
(9.31745e-07 -8.04932e-07 0.00875871)
(9.58672e-07 -8.53974e-07 0.00875065)
(9.43285e-07 -8.89514e-07 0.0087324)
(8.67377e-07 -8.88112e-07 0.00869856)
(8.93645e-07 -6.10982e-07 0.00871804)
(9.37869e-07 -6.96167e-07 0.0087065)
(9.28289e-07 -7.7674e-07 0.00868243)
(8.54712e-07 -8.32169e-07 0.00864461)
(8.54601e-07 -4.03036e-07 0.00864295)
(9.18146e-07 -5.30158e-07 0.00862931)
(9.16383e-07 -6.61547e-07 0.00860245)
(8.44688e-07 -7.73173e-07 0.00856501)
(8.29156e-07 -1.8435e-07 0.00852347)
(9.173e-07 -3.57915e-07 0.00851134)
(9.25674e-07 -5.49104e-07 0.00848831)
(8.51057e-07 -7.23671e-07 0.00846003)
(5.45008e-07 -5.18142e-07 0.00875844)
(5.65764e-07 -5.45583e-07 0.00875044)
(5.60559e-07 -5.64393e-07 0.00873226)
(5.20665e-07 -5.63386e-07 0.00869848)
(5.23405e-07 -3.9203e-07 0.00871773)
(5.55785e-07 -4.42137e-07 0.00870626)
(5.54771e-07 -4.8939e-07 0.00868227)
(5.15068e-07 -5.22584e-07 0.00864453)
(5.01935e-07 -2.52783e-07 0.00864261)
(5.46857e-07 -3.2939e-07 0.00862905)
(5.50611e-07 -4.09484e-07 0.00860227)
(5.10325e-07 -4.77957e-07 0.00856491)
(4.87335e-07 -1.11568e-07 0.0085231)
(5.46366e-07 -2.1578e-07 0.00851105)
(5.55229e-07 -3.31575e-07 0.00848812)
(5.11747e-07 -4.37602e-07 0.00845992)
(-0.00246103 -0.00223303 0.00134522)
(-0.00309911 0.00273931 0.00298848)
(-0.00593622 0.0253791 -0.00192297)
(-0.00595716 0.0278693 -0.00259385)
(-0.00247708 0.00112045 0.00517178)
(-0.00194348 0.00503242 0.00430213)
(0.000794913 0.0138103 0.00311236)
(0.0010225 0.00660769 0.00909759)
(-0.000423298 0.00363531 0.00134791)
(0.00412163 -0.00676215 0.000392305)
(0.00428577 -0.00439574 0.000834073)
(-0.00170869 0.0183818 0.000276409)
(-0.00303975 0.00426406 0.00608366)
(-0.00360014 0.00217658 0.0056536)
(-0.0057908 0.00299187 0.00399895)
(-0.000795684 0.000791595 0.00502842)
(0.00140926 -0.000843181 0.00814981)
(0.000550631 -0.000405735 0.0111104)
(-0.000766712 0.0017988 0.0105746)
(-0.000607032 0.00279323 0.00955866)
(-2.33142e-05 0.000417252 0.0104318)
(-0.000573191 0.000736427 0.0145745)
(-0.000760206 0.00108466 0.0194351)
(-0.000384825 0.000433761 0.017923)
(0.000316654 0.000756576 0.0104067)
(0.000337431 -8.18947e-05 0.0126202)
(0.00047753 0.000467057 0.0138513)
(-0.000290519 0.00231178 0.0116299)
(-0.000438432 0.00160678 0.00837841)
(-0.000634756 0.00102031 0.00864039)
(-0.000890483 0.000667517 0.00901595)
(-0.000587643 0.000460943 0.00882282)
(0.000468348 -0.000326337 0.00631394)
(0.000299309 -0.000751976 0.00779261)
(0.000136179 -0.000987807 0.00776918)
(0.000129648 -0.00110534 0.00735978)
(-0.000298551 -0.000317956 0.00731096)
(-0.00063072 -0.000390683 0.00942393)
(-0.000610085 -0.000613768 0.0114445)
(-0.000171393 -0.000751568 0.0121985)
(-7.76748e-05 -8.8078e-05 0.00703299)
(-0.000235291 0.000112055 0.00816139)
(-0.000199703 0.000400985 0.00906351)
(-0.000282873 0.000708806 0.00896763)
(0.000109773 -0.000131293 0.00657249)
(1.55422e-05 -5.62607e-05 0.00681689)
(-0.000116083 -2.93376e-05 0.00699254)
(-0.000106059 2.55597e-05 0.00702649)
(-0.000144508 -0.000255658 0.0075636)
(-0.000145217 -0.000568781 0.00823323)
(3.05828e-05 -0.000880232 0.00845443)
(0.000115838 -0.001063 0.00843128)
(-0.000467546 -0.000382839 0.00802513)
(-0.00062517 -0.000430966 0.00906203)
(-0.000461999 -0.000514061 0.0100098)
(-0.00010619 -0.000511734 0.0105355)
(-0.00028027 -0.000241229 0.00805671)
(-0.000389408 2.00264e-06 0.00865333)
(-0.000331685 0.000257444 0.0091301)
(-0.000274957 0.000448011 0.00926023)
(-3.88642e-05 -0.000263906 0.00794933)
(-9.56088e-05 -8.29859e-05 0.00811129)
(-0.0001624 7.35082e-05 0.00820331)
(-0.000188634 0.000189825 0.00819569)
(-0.000189302 -0.00021937 0.00810438)
(-0.000192964 -0.000366888 0.00840772)
(-6.89392e-05 -0.000523523 0.00854784)
(3.40316e-05 -0.000621363 0.00851773)
(-0.000304223 -0.000320583 0.00831016)
(-0.000381616 -0.000332648 0.0087745)
(-0.000281942 -0.000341005 0.00918245)
(-6.35508e-05 -0.000308177 0.00937335)
(-0.000194346 -0.000270601 0.00834464)
(-0.000253332 -0.000126588 0.00861038)
(-0.000223429 3.37936e-05 0.00880352)
(-0.0001537 0.000167624 0.00882614)
(-5.6612e-05 -0.000256502 0.00829894)
(-7.84654e-05 -0.000132014 0.00835572)
(-0.000106152 -1.60309e-05 0.00836106)
(-0.000102215 7.64492e-05 0.00829518)
(-9.55628e-05 -0.000173928 0.00836986)
(-0.00010928 -0.000229335 0.00848629)
(-5.53378e-05 -0.00029051 0.00853118)
(8.32126e-06 -0.000331112 0.00847552)
(-0.00012709 -0.000233927 0.00846422)
(-0.000168645 -0.000229668 0.00864327)
(-0.000127647 -0.000218424 0.00878472)
(-2.10006e-05 -0.000190483 0.00881563)
(-6.5652e-05 -0.000222005 0.00849423)
(-9.69703e-05 -0.000147607 0.00858994)
(-8.75751e-05 -6.15649e-05 0.00863969)
(-4.78653e-05 1.39966e-05 0.00860226)
(8.90762e-06 -0.000208565 0.00848808)
(-3.38992e-07 -0.000139156 0.00849278)
(-1.29052e-05 -7.14949e-05 0.00845981)
(-7.5157e-06 -1.82602e-05 0.00838111)
(-2.32866e-05 -0.000135637 0.00851494)
(-3.90755e-05 -0.000151086 0.00854294)
(-2.24459e-05 -0.000170741 0.00852776)
(5.83101e-06 -0.000185141 0.00844696)
(-2.48576e-05 -0.000169467 0.00856037)
(-4.97175e-05 -0.000160563 0.00861009)
(-3.84365e-05 -0.00014821 0.00862814)
(5.50922e-06 -0.000130942 0.00858019)
(1.12375e-05 -0.000171062 0.00857972)
(-7.00494e-06 -0.000133145 0.00859339)
(-8.26194e-06 -8.93981e-05 0.00857226)
(8.15791e-06 -5.13663e-05 0.00849693)
(5.18592e-05 -0.000164177 0.00857791)
(4.65646e-05 -0.000127647 0.00855213)
(3.82915e-05 -9.13084e-05 0.00849552)
(4.07466e-05 -6.35433e-05 0.00840464)
(1.2904e-05 -0.000106011 0.00859839)
(-1.62792e-06 -0.000106769 0.00858661)
(-1.09201e-06 -0.000110658 0.0085397)
(7.21102e-06 -0.000114817 0.00844128)
(2.00832e-05 -0.000125221 0.00862247)
(3.60638e-06 -0.000116527 0.00861649)
(2.39823e-06 -0.000106896 0.00857991)
(1.6718e-05 -9.72265e-05 0.00849396)
(4.23888e-05 -0.000129676 0.00863314)
(3.06535e-05 -0.000109597 0.00860979)
(2.52409e-05 -8.70912e-05 0.00855567)
(2.92523e-05 -6.86452e-05 0.0084602)
(6.5499e-05 -0.000126285 0.00862755)
(6.17905e-05 -0.000106696 0.00858668)
(5.53381e-05 -8.70763e-05 0.00851819)
(5.50747e-05 -7.30179e-05 0.00842088)
(2.6303e-05 -8.29784e-05 0.00864901)
(1.40771e-05 -7.93784e-05 0.00861925)
(8.73529e-06 -7.80362e-05 0.00855652)
(7.861e-06 -7.86278e-05 0.00844771)
(3.45181e-05 -9.41301e-05 0.00866281)
(2.28694e-05 -8.71248e-05 0.00863296)
(1.74015e-05 -8.02686e-05 0.00857237)
(1.92774e-05 -7.50327e-05 0.00846865)
(4.87493e-05 -9.79708e-05 0.00866686)
(4.07074e-05 -8.67406e-05 0.00862706)
(3.45018e-05 -7.4695e-05 0.0085578)
(3.32328e-05 -6.57877e-05 0.00845222)
(6.24439e-05 -9.58448e-05 0.00865582)
(5.9659e-05 -8.48519e-05 0.00860757)
(5.45401e-05 -7.38905e-05 0.00853303)
(5.30477e-05 -6.67205e-05 0.00843208)
(2.84031e-05 -6.47221e-05 0.00868161)
(1.85929e-05 -6.0523e-05 0.0086438)
(1.18502e-05 -5.79072e-05 0.00857342)
(7.50977e-06 -5.74439e-05 0.00845899)
(3.53318e-05 -7.13189e-05 0.00868965)
(2.6833e-05 -6.60973e-05 0.00864971)
(2.0637e-05 -6.13589e-05 0.00857864)
(1.7955e-05 -5.85596e-05 0.00846675)
(4.45989e-05 -7.38527e-05 0.00868867)
(3.89029e-05 -6.72096e-05 0.00864176)
(3.331e-05 -6.04351e-05 0.00856569)
(3.03474e-05 -5.61861e-05 0.00845524)
(5.30112e-05 -7.21024e-05 0.00867265)
(5.09089e-05 -6.55929e-05 0.00862095)
(4.69581e-05 -5.91806e-05 0.00854348)
(4.51766e-05 -5.54498e-05 0.00844059)
(2.57397e-05 -5.01576e-05 0.00870349)
(1.80853e-05 -4.65261e-05 0.00866226)
(1.17191e-05 -4.39846e-05 0.00858831)
(6.59111e-06 -4.33316e-05 0.00847096)
(3.10084e-05 -5.41232e-05 0.00870777)
(2.4733e-05 -5.03688e-05 0.00866373)
(1.91416e-05 -4.71211e-05 0.00858817)
(1.52643e-05 -4.56325e-05 0.00847256)
(3.71253e-05 -5.55583e-05 0.0087029)
(3.30283e-05 -5.14355e-05 0.00865307)
(2.84518e-05 -4.74255e-05 0.00857404)
(2.53045e-05 -4.53508e-05 0.00846132)
(4.24334e-05 -5.3955e-05 0.00868277)
(4.08613e-05 -4.99016e-05 0.00862951)
(3.78868e-05 -4.59721e-05 0.00855066)
(3.62613e-05 -4.39629e-05 0.00844676)
(2.15336e-05 -3.85854e-05 0.00871858)
(1.56668e-05 -3.57469e-05 0.00867608)
(1.02662e-05 -3.36514e-05 0.00860058)
(5.48116e-06 -3.3071e-05 0.00848178)
(2.5366e-05 -4.10031e-05 0.00872014)
(2.07183e-05 -3.83467e-05 0.00867461)
(1.61087e-05 -3.61192e-05 0.00859722)
(1.23602e-05 -3.53317e-05 0.00847995)
(2.94472e-05 -4.17008e-05 0.00871224)
(2.64814e-05 -3.90425e-05 0.00866135)
(2.29177e-05 -3.65622e-05 0.00858112)
(2.01682e-05 -3.55541e-05 0.00846737)
(3.28698e-05 -4.02374e-05 0.0086889)
(3.17099e-05 -3.76024e-05 0.00863498)
(2.95148e-05 -3.50886e-05 0.00855552)
(2.81902e-05 -3.39602e-05 0.00845109)
(1.7237e-05 -2.94717e-05 0.00872919)
(1.27943e-05 -2.73482e-05 0.00868638)
(8.45017e-06 -2.57287e-05 0.0086103)
(4.39896e-06 -2.5274e-05 0.00849082)
(1.99711e-05 -3.09649e-05 0.00872865)
(1.65316e-05 -2.90956e-05 0.00868275)
(1.29024e-05 -2.75587e-05 0.00860471)
(9.72131e-06 -2.71434e-05 0.00848672)
(2.2721e-05 -3.12241e-05 0.00871842)
(2.05697e-05 -2.9458e-05 0.00866726)
(1.78718e-05 -2.78643e-05 0.00858662)
(1.56608e-05 -2.73757e-05 0.00847242)
(2.49681e-05 -2.99348e-05 0.0086926)
(2.41222e-05 -2.81622e-05 0.00863844)
(2.25248e-05 -2.6495e-05 0.00855873)
(2.15086e-05 -2.58306e-05 0.00845403)
(1.34288e-05 -2.23641e-05 0.00873673)
(1.00931e-05 -2.08077e-05 0.00869404)
(6.70419e-06 -1.95925e-05 0.00861782)
(3.44557e-06 -1.92527e-05 0.00849805)
(1.53647e-05 -2.32977e-05 0.00873457)
(1.28248e-05 -2.1982e-05 0.00868873)
(1.00422e-05 -2.09129e-05 0.00861055)
(7.50246e-06 -2.06945e-05 0.00849227)
(1.72353e-05 -2.33209e-05 0.00872253)
(1.56744e-05 -2.21199e-05 0.00867141)
(1.36662e-05 -2.10631e-05 0.0085907)
(1.19635e-05 -2.0828e-05 0.00847634)
(1.8734e-05 -2.2226e-05 0.00869483)
(1.81227e-05 -2.1002e-05 0.00864061)
(1.69709e-05 -1.9864e-05 0.00856082)
(1.62182e-05 -1.9453e-05 0.00845597)
(1.02757e-05 -1.68701e-05 0.00874213)
(7.78713e-06 -1.574e-05 0.0086997)
(5.19436e-06 -1.48413e-05 0.00862354)
(2.65242e-06 -1.45921e-05 0.00850368)
(1.16443e-05 -1.74609e-05 0.00873871)
(9.77357e-06 -1.65319e-05 0.00869308)
(7.67509e-06 -1.57819e-05 0.00861496)
(5.71414e-06 -1.56673e-05 0.0084966)
(1.29284e-05 -1.73718e-05 0.00872528)
(1.17965e-05 -1.65404e-05 0.00867432)
(1.03173e-05 -1.58219e-05 0.00859366)
(9.03836e-06 -1.57101e-05 0.00847925)
(1.39419e-05 -1.64705e-05 0.00869616)
(1.3503e-05 -1.56092e-05 0.00864195)
(1.26774e-05 -1.48152e-05 0.00856215)
(1.21317e-05 -1.45488e-05 0.00845722)
(7.76246e-06 -1.26542e-05 0.00874603)
(5.9158e-06 -1.18372e-05 0.00870387)
(3.95869e-06 -1.11774e-05 0.00862785)
(2.01535e-06 -1.09959e-05 0.00850797)
(8.73118e-06 -1.30324e-05 0.00874162)
(7.35708e-06 -1.23739e-05 0.00869624)
(5.79216e-06 -1.18437e-05 0.00861823)
(4.3088e-06 -1.17836e-05 0.00849987)
(9.61998e-06 -1.29012e-05 0.00872714)
(8.8e-06 -1.2318e-05 0.00867635)
(7.71798e-06 -1.18201e-05 0.00859578)
(6.77204e-06 -1.17681e-05 0.00848137)
(1.03136e-05 -1.21779e-05 0.00869695)
(9.99994e-06 -1.15639e-05 0.00864278)
(9.41035e-06 -1.10013e-05 0.008563)
(9.02011e-06 -1.08218e-05 0.00845802)
(5.80405e-06 -9.436e-06 0.00874884)
(4.44078e-06 -8.84673e-06 0.00870694)
(2.97891e-06 -8.36457e-06 0.00863105)
(1.51488e-06 -8.23264e-06 0.0085112)
(6.49086e-06 -9.68072e-06 0.00874368)
(5.48492e-06 -9.2124e-06 0.00869852)
(4.3279e-06 -8.83534e-06 0.00862064)
(3.22143e-06 -8.80384e-06 0.00850231)
(7.11025e-06 -9.54465e-06 0.00872841)
(6.51726e-06 -9.13168e-06 0.00867776)
(5.73007e-06 -8.78191e-06 0.00859729)
(5.03768e-06 -8.75851e-06 0.0084829)
(7.5896e-06 -8.97624e-06 0.00869742)
(7.36632e-06 -8.53495e-06 0.00864329)
(6.94644e-06 -8.13236e-06 0.00856353)
(6.66978e-06 -8.00771e-06 0.00845852)
(4.29761e-06 -6.986e-06 0.00875088)
(3.29744e-06 -6.56213e-06 0.00870919)
(2.21614e-06 -6.21145e-06 0.00863342)
(1.12694e-06 -6.11578e-06 0.00851361)
(4.78476e-06 -7.14581e-06 0.00874514)
(4.05186e-06 -6.81227e-06 0.00870016)
(3.20338e-06 -6.54337e-06 0.00862239)
(2.38746e-06 -6.52681e-06 0.0085041)
(5.21827e-06 -7.02259e-06 0.00872927)
(4.79085e-06 -6.72876e-06 0.00867875)
(4.22131e-06 -6.4811e-06 0.00859836)
(3.71888e-06 -6.47114e-06 0.008484)
(5.55171e-06 -6.58427e-06 0.00869769)
(5.39347e-06 -6.26616e-06 0.00864359)
(5.0954e-06 -5.97677e-06 0.00856386)
(4.90059e-06 -5.88855e-06 0.00845884)
(3.1453e-06 -5.11963e-06 0.00875235)
(2.41819e-06 -4.81641e-06 0.00871082)
(1.62763e-06 -4.56323e-06 0.00863516)
(8.28116e-07 -4.49423e-06 0.00851538)
(3.4898e-06 -5.22459e-06 0.00874618)
(2.96007e-06 -4.98765e-06 0.00870134)
(2.34415e-06 -4.79622e-06 0.00862366)
(1.74981e-06 -4.78748e-06 0.00850541)
(3.79321e-06 -5.12131e-06 0.00872986)
(3.48717e-06 -4.91237e-06 0.00867944)
(3.07835e-06 -4.73676e-06 0.00859911)
(2.71732e-06 -4.73292e-06 0.00848477)
(4.02559e-06 -4.78983e-06 0.00869785)
(3.91421e-06 -4.56113e-06 0.00864378)
(3.70379e-06 -4.35345e-06 0.00856406)
(3.56763e-06 -4.29049e-06 0.00845903)
(2.26258e-06 -3.69019e-06 0.00875339)
(1.74212e-06 -3.47587e-06 0.00871199)
(1.17398e-06 -3.29557e-06 0.00863642)
(5.9777e-07 -3.24642e-06 0.00851667)
(2.50379e-06 -3.75908e-06 0.00874691)
(2.12642e-06 -3.5924e-06 0.00870218)
(1.68636e-06 -3.45744e-06 0.00862457)
(1.26077e-06 -3.4528e-06 0.00850634)
(2.71457e-06 -3.67736e-06 0.00873026)
(2.4983e-06 -3.53011e-06 0.00867991)
(2.2089e-06 -3.40654e-06 0.00859964)
(1.95327e-06 -3.40533e-06 0.00848532)
(2.87553e-06 -3.43262e-06 0.00869794)
(2.79811e-06 -3.27001e-06 0.00864389)
(2.65127e-06 -3.12252e-06 0.00856418)
(2.55722e-06 -3.07776e-06 0.00845914)
(1.5807e-06 -2.58332e-06 0.00875413)
(1.21848e-06 -2.43556e-06 0.00871282)
(8.21983e-07 -2.31049e-06 0.00863731)
(4.1885e-07 -2.27625e-06 0.00851758)
(1.74568e-06 -2.62792e-06 0.00874742)
(1.48406e-06 -2.51336e-06 0.00870276)
(1.17836e-06 -2.42038e-06 0.00862521)
(8.82109e-07 -2.41778e-06 0.008507)
(1.889e-06 -2.56687e-06 0.00873054)
(1.74006e-06 -2.46545e-06 0.00868024)
(1.54047e-06 -2.38036e-06 0.0086)
(1.3641e-06 -2.38004e-06 0.0084857)
(1.99815e-06 -2.39242e-06 0.00869799)
(1.94564e-06 -2.27966e-06 0.00864395)
(1.84555e-06 -2.17742e-06 0.00856425)
(1.78195e-06 -2.14612e-06 0.00845921)
(1.04873e-06 -1.71802e-06 0.00875463)
(8.09232e-07 -1.62076e-06 0.00871339)
(5.46642e-07 -1.53788e-06 0.00863791)
(2.78673e-07 -1.51452e-06 0.00851821)
(1.15642e-06 -1.74568e-06 0.00874776)
(9.83901e-07 -1.67034e-06 0.00870315)
(7.8212e-07 -1.60886e-06 0.00862564)
(5.85827e-07 -1.60668e-06 0.00850745)
(1.24953e-06 -1.70303e-06 0.00873072)
(1.15173e-06 -1.63616e-06 0.00868045)
(1.02064e-06 -1.5798e-06 0.00860024)
(9.04338e-07 -1.57894e-06 0.00848595)
(1.32001e-06 -1.58512e-06 0.00869801)
(1.28588e-06 -1.51049e-06 0.00864398)
(1.22068e-06 -1.44262e-06 0.0085643)
(1.17909e-06 -1.42095e-06 0.00845925)
(6.41092e-07 -1.06668e-06 0.00875494)
(4.95406e-07 -1.00635e-06 0.00871374)
(3.35998e-07 -9.54032e-07 0.00863829)
(1.71714e-07 -9.36763e-07 0.0085186)
(7.07064e-07 -1.08146e-06 0.00874797)
(6.02295e-07 -1.03428e-06 0.0087034)
(4.80288e-07 -9.94833e-07 0.00862591)
(3.60029e-07 -9.90373e-07 0.00850773)
(7.63839e-07 -1.05283e-06 0.00873083)
(7.04449e-07 -1.01059e-06 0.00868058)
(6.25513e-07 -9.74061e-07 0.00860039)
(5.54165e-07 -9.70077e-07 0.0084861)
(8.05609e-07 -9.77043e-07 0.00869803)
(7.84905e-07 -9.3017e-07 0.008644)
(7.4597e-07 -8.86897e-07 0.00856432)
(7.20271e-07 -8.7009e-07 0.00845928)
(3.77995e-07 -6.96298e-07 0.00875514)
(2.92598e-07 -6.56431e-07 0.00871397)
(1.97825e-07 -6.1965e-07 0.00863854)
(1.02453e-07 -5.99681e-07 0.00851886)
(4.20826e-07 -6.99933e-07 0.0087481)
(3.59923e-07 -6.67276e-07 0.00870355)
(2.89502e-07 -6.37708e-07 0.00862608)
(2.19866e-07 -6.24617e-07 0.00850791)
(4.57435e-07 -6.73655e-07 0.00873088)
(4.22606e-07 -6.42991e-07 0.00868065)
(3.78745e-07 -6.14369e-07 0.00860047)
(3.37144e-07 -6.0101e-07 0.00848619)
(4.83092e-07 -6.16017e-07 0.00869801)
(4.70399e-07 -5.82947e-07 0.008644)
(4.50267e-07 -5.505e-07 0.00856432)
(4.34455e-07 -5.30079e-07 0.00845927)
)
;

boundaryField
{
    inlet
    {
        type            calculated;
        value           uniform (0 0 0.00911);
    }
    outlet
    {
        type            calculated;
        value           nonuniform List<vector> 
48
(
(5.86433e-07 -8.01927e-07 0.00878831)
(5.87942e-07 -7.74266e-07 0.00878793)
(5.808e-07 -7.15308e-07 0.00878548)
(5.65344e-07 -6.27485e-07 0.00877784)
(5.6473e-07 -7.90154e-07 0.00878698)
(5.77388e-07 -7.70927e-07 0.0087862)
(5.81261e-07 -7.20861e-07 0.00878275)
(5.76351e-07 -6.41115e-07 0.00877315)
(5.21249e-07 -7.67203e-07 0.00878363)
(5.44595e-07 -7.56272e-07 0.00878184)
(5.59296e-07 -7.15099e-07 0.00877593)
(5.64329e-07 -6.4412e-07 0.00876167)
(4.58376e-07 -7.34583e-07 0.00877519)
(4.92247e-07 -7.31095e-07 0.00877141)
(5.16654e-07 -6.97625e-07 0.00876083)
(5.26114e-07 -6.31768e-07 0.00873757)
(3.77995e-07 -6.96298e-07 0.00875514)
(4.20826e-07 -6.99933e-07 0.0087481)
(4.57435e-07 -6.73655e-07 0.00873088)
(4.83092e-07 -6.16017e-07 0.00869801)
(2.92598e-07 -6.56431e-07 0.00871397)
(3.59923e-07 -6.67276e-07 0.00870355)
(4.22606e-07 -6.42991e-07 0.00868065)
(4.70399e-07 -5.82947e-07 0.008644)
(1.97825e-07 -6.1965e-07 0.00863854)
(2.89502e-07 -6.37708e-07 0.00862608)
(3.78745e-07 -6.14369e-07 0.00860047)
(4.50267e-07 -5.505e-07 0.00856432)
(1.02453e-07 -5.99681e-07 0.00851886)
(2.19866e-07 -6.24617e-07 0.00850791)
(3.37144e-07 -6.0101e-07 0.00848619)
(4.34455e-07 -5.30079e-07 0.00845927)
(5.45008e-07 -5.18142e-07 0.00875844)
(5.23405e-07 -3.9203e-07 0.00871773)
(5.01935e-07 -2.52783e-07 0.00864261)
(4.87335e-07 -1.11568e-07 0.0085231)
(5.65764e-07 -5.45583e-07 0.00875044)
(5.55785e-07 -4.42137e-07 0.00870626)
(5.46857e-07 -3.2939e-07 0.00862905)
(5.46366e-07 -2.1578e-07 0.00851105)
(5.60559e-07 -5.64393e-07 0.00873226)
(5.54771e-07 -4.8939e-07 0.00868227)
(5.50611e-07 -4.09484e-07 0.00860227)
(5.55229e-07 -3.31575e-07 0.00848812)
(5.20665e-07 -5.63386e-07 0.00869848)
(5.15068e-07 -5.22584e-07 0.00864453)
(5.10325e-07 -4.77957e-07 0.00856491)
(5.11747e-07 -4.37602e-07 0.00845992)
)
;
    }
    wall
    {
        type            calculated;
        value           nonuniform List<vector> 
192
(
(0.00667628 -0.000657556 0.000476136)
(0.00185043 -0.000182252 0.00709283)
(0.000719407 -7.08554e-05 0.00707347)
(0.000826517 -8.14049e-05 0.00864993)
(0.000678432 -6.68197e-05 0.00884551)
(0.000479076 -4.71849e-05 0.00883444)
(0.000323268 -3.18391e-05 0.0087785)
(0.000216883 -2.13611e-05 0.00871897)
(0.000146308 -1.44101e-05 0.00866848)
(9.95875e-05 -9.80851e-06 0.00862949)
(6.84488e-05 -6.74161e-06 0.00860043)
(4.74963e-05 -4.67797e-06 0.00857907)
(3.32481e-05 -3.27465e-06 0.00856347)
(2.34543e-05 -2.31005e-06 0.00855208)
(1.66522e-05 -1.64009e-06 0.00854377)
(1.18809e-05 -1.17017e-06 0.00853769)
(8.50241e-06 -8.37415e-07 0.00853326)
(6.08702e-06 -5.99519e-07 0.00853002)
(4.34142e-06 -4.27592e-07 0.00852767)
(3.0625e-06 -3.0163e-07 0.00852598)
(2.10844e-06 -2.07663e-07 0.00852479)
(1.38362e-06 -1.36275e-07 0.00852398)
(8.39172e-07 -8.26513e-08 0.00852347)
(4.93536e-07 -4.8609e-08 0.0085231)
(0.0083501 -0.00253298 -0.00144724)
(5.9256e-05 -1.79751e-05 0.00752247)
(-0.000749675 0.000227411 0.00701191)
(0.000210157 -6.37505e-05 0.00882583)
(0.000413118 -0.000125318 0.00881835)
(0.000364475 -0.000110562 0.00874388)
(0.000274076 -8.31401e-05 0.00868255)
(0.000196878 -5.97224e-05 0.00863781)
(0.000139187 -4.22218e-05 0.00860482)
(9.80529e-05 -2.9744e-05 0.00858067)
(6.91984e-05 -2.09911e-05 0.00856276)
(4.90351e-05 -1.48746e-05 0.00854934)
(3.49131e-05 -1.05908e-05 0.00853926)
(2.49726e-05 -7.57534e-06 0.00853169)
(1.79322e-05 -5.43968e-06 0.008526)
(1.29135e-05 -3.91727e-06 0.00852175)
(9.31168e-06 -2.82467e-06 0.00851858)
(6.70764e-06 -2.03474e-06 0.00851622)
(4.80799e-06 -1.45849e-06 0.00851449)
(3.40517e-06 -1.03295e-06 0.00851323)
(2.35159e-06 -7.13346e-07 0.00851234)
(1.5465e-06 -4.69127e-07 0.00851173)
(9.39427e-07 -2.84972e-07 0.00851134)
(5.60266e-07 -1.69955e-07 0.00851105)
(0.00531005 -0.00283828 -0.0119965)
(-0.00198919 0.00106324 0.0281414)
(0.000285958 -0.000152848 0.00863504)
(0.000883648 -0.000472319 0.00934611)
(0.00064451 -0.000344498 0.00883056)
(0.000414136 -0.00022136 0.00864242)
(0.000268864 -0.000143711 0.00857166)
(0.000181207 -9.68574e-05 0.00854467)
(0.000125626 -6.71487e-05 0.00853066)
(8.87236e-05 -4.74238e-05 0.00852158)
(6.33767e-05 -3.38755e-05 0.00851456)
(4.55973e-05 -2.43723e-05 0.00850881)
(3.296e-05 -1.76175e-05 0.00850407)
(2.39001e-05 -1.27749e-05 0.00850022)
(1.73654e-05 -9.28197e-06 0.00849714)
(1.26292e-05 -6.75046e-06 0.00849472)
(9.18099e-06 -4.90734e-06 0.00849285)
(6.65737e-06 -3.55844e-06 0.00849142)
(4.79742e-06 -2.56427e-06 0.00849034)
(3.41204e-06 -1.82377e-06 0.00848954)
(2.36397e-06 -1.26357e-06 0.00848897)
(1.55821e-06 -8.3288e-07 0.00848857)
(9.48257e-07 -5.06854e-07 0.00848831)
(5.69696e-07 -3.04509e-07 0.00848812)
(-0.00665356 0.00546044 0.000956698)
(-0.00206459 0.00169437 0.0149495)
(0.000973284 -0.000798753 0.0056918)
(0.000729978 -0.000599077 0.00761069)
(0.000391664 -0.000321431 0.00796459)
(0.000238262 -0.000195537 0.00824522)
(0.000164406 -0.000134924 0.00836636)
(0.000120683 -9.90422e-05 0.00842304)
(9.01774e-05 -7.40067e-05 0.00844775)
(6.74967e-05 -5.53931e-05 0.00845856)
(5.03588e-05 -4.13284e-05 0.00846293)
(3.74318e-05 -3.07195e-05 0.00846434)
(2.77331e-05 -2.276e-05 0.00846441)
(2.04936e-05 -1.68187e-05 0.00846391)
(1.51102e-05 -1.24006e-05 0.00846322)
(1.11161e-05 -9.12277e-06 0.00846252)
(8.15458e-06 -6.69229e-06 0.00846188)
(5.95559e-06 -4.88762e-06 0.00846135)
(4.31594e-06 -3.542e-06 0.00846091)
(3.08304e-06 -2.53019e-06 0.00846058)
(2.14302e-06 -1.75873e-06 0.00846032)
(1.41563e-06 -1.16178e-06 0.00846014)
(8.63428e-07 -7.08597e-07 0.00846003)
(5.20389e-07 -4.27072e-07 0.00845992)
(-0.00277575 0.0281827 -0.00259385)
(-0.00174936 0.00576686 0.00909759)
(-0.00802166 0.0150075 0.000276409)
(-0.00070842 0.000863212 0.00502842)
(-0.000278298 0.0028256 0.00955866)
(-0.00015292 0.000504109 0.017923)
(-0.00102565 0.00191885 0.0116299)
(-0.000462543 0.00056361 0.00882282)
(0.000109066 -0.00110737 0.00735978)
(0.000194332 -0.000640627 0.0121985)
(-0.000357534 0.000668899 0.00896763)
(-5.52182e-05 6.72835e-05 0.00702649)
(0.000104804 -0.00106409 0.00843128)
(0.000133204 -0.000439115 0.0105355)
(-0.000247353 0.000462765 0.00926023)
(-0.000169005 0.000205934 0.00819569)
(6.09379e-05 -0.000618713 0.00851773)
(8.02517e-05 -0.000264555 0.00937335)
(-0.000103842 0.000194274 0.00882614)
(-7.86271e-05 9.58073e-05 0.00829518)
(3.23783e-05 -0.000328743 0.00847552)
(5.11437e-05 -0.000168598 0.00881563)
(-1.64553e-05 3.07856e-05 0.00860226)
(5.92992e-06 -7.22563e-06 0.00838111)
(1.81156e-05 -0.000183931 0.00844696)
(3.68379e-05 -0.000121438 0.00858019)
(2.31676e-05 -4.33435e-05 0.00849693)
(4.75598e-05 -5.79518e-05 0.00840464)
(1.12691e-05 -0.000114417 0.00844128)
(2.84168e-05 -9.36777e-05 0.00849396)
(3.50385e-05 -6.55524e-05 0.0084602)
(5.79725e-05 -7.06397e-05 0.00842088)
(7.74529e-06 -7.86392e-05 0.00844771)
(2.24674e-05 -7.4065e-05 0.00846865)
(3.4735e-05 -6.49847e-05 0.00845222)
(5.40685e-05 -6.58827e-05 0.00843208)
(5.67552e-06 -5.76245e-05 0.00845899)
(1.778e-05 -5.86127e-05 0.00846675)
(3.01022e-05 -5.63172e-05 0.00845524)
(4.53737e-05 -5.5288e-05 0.00844059)
(4.29011e-06 -4.35582e-05 0.00847096)
(1.39623e-05 -4.60274e-05 0.00847256)
(2.44769e-05 -4.57931e-05 0.00846132)
(3.61527e-05 -4.40521e-05 0.00844676)
(3.27858e-06 -3.3288e-05 0.00848178)
(1.08561e-05 -3.57879e-05 0.00847995)
(1.92628e-05 -3.60381e-05 0.00846737)
(2.79991e-05 -3.4117e-05 0.00845109)
(2.50762e-06 -2.54603e-05 0.00849082)
(8.3592e-06 -2.75566e-05 0.00848672)
(1.48611e-05 -2.78032e-05 0.00847242)
(2.13234e-05 -2.59826e-05 0.00845403)
(1.91111e-06 -1.94039e-05 0.00849805)
(6.38082e-06 -2.10347e-05 0.00849227)
(1.13174e-05 -2.11733e-05 0.00847634)
(1.60667e-05 -1.95773e-05 0.00845597)
(1.44887e-06 -1.47107e-05 0.00850368)
(4.83364e-06 -1.59344e-05 0.0084966)
(8.53969e-06 -1.59766e-05 0.00847925)
(1.20171e-05 -1.46429e-05 0.00845722)
(1.09196e-06 -1.10868e-05 0.00850797)
(3.6364e-06 -1.19876e-05 0.00849987)
(6.39724e-06 -1.19684e-05 0.00848137)
(8.9371e-06 -1.08899e-05 0.00845802)
(8.17609e-07 -8.30132e-06 0.0085112)
(2.71703e-06 -8.95685e-06 0.00850231)
(4.76067e-06 -8.90658e-06 0.0084829)
(6.61121e-06 -8.05578e-06 0.00845852)
(6.07391e-07 -6.16695e-06 0.00851361)
(2.01423e-06 -6.64003e-06 0.0085041)
(3.51667e-06 -6.57922e-06 0.008484)
(4.85997e-06 -5.92188e-06 0.00845884)
(4.46346e-07 -4.53183e-06 0.00851538)
(1.47734e-06 -4.87013e-06 0.00850541)
(2.57147e-06 -4.81088e-06 0.00848477)
(3.53983e-06 -4.3133e-06 0.00845903)
(3.22415e-07 -3.27354e-06 0.00851667)
(1.06537e-06 -3.51207e-06 0.00850634)
(1.84976e-06 -3.46066e-06 0.00848532)
(2.53848e-06 -3.09314e-06 0.00845914)
(2.26061e-07 -2.29524e-06 0.00851758)
(7.45956e-07 -2.45909e-06 0.008507)
(1.29259e-06 -2.41827e-06 0.0084857)
(1.76959e-06 -2.15626e-06 0.00845921)
(1.50411e-07 -1.52715e-06 0.00851821)
(4.95677e-07 -1.63403e-06 0.00850745)
(8.57379e-07 -1.60404e-06 0.00848595)
(1.17135e-06 -1.4273e-06 0.00845925)
(9.30264e-08 -9.44513e-07 0.0085186)
(3.05449e-07 -1.00693e-06 0.00850773)
(5.26439e-07 -9.84897e-07 0.0084861)
(7.16562e-07 -8.73134e-07 0.00845928)
(5.94803e-08 -6.03914e-07 0.00851886)
(1.92036e-07 -6.33059e-07 0.00850791)
(3.24779e-07 -6.07619e-07 0.00848619)
(4.34795e-07 -5.29799e-07 0.00845927)
)
;
    }
    procBoundary3to1
    {
        type            processor;
        value           nonuniform List<vector> 
192
(
(0.00155499 0.00253813 0.00539972)
(-0.000973931 0.00413279 0.00242619)
(-0.00280158 -0.00199592 0.00797366)
(-0.0113774 -0.00490353 0.00429543)
(-0.000954069 0.00110314 0.00983776)
(-7.39754e-05 0.00170602 0.0119506)
(0.0009752 0.00090642 0.0128546)
(0.00183038 -0.000150117 0.0116387)
(-0.000137358 0.000171121 0.00652173)
(1.05079e-05 0.000648398 0.00711775)
(0.000575163 0.000836224 0.00764945)
(0.00108163 0.000842817 0.00693196)
(0.000263701 -0.000114656 0.00753624)
(0.00011766 0.000161209 0.00761193)
(0.000166097 0.00036176 0.00773842)
(0.000239433 0.000473578 0.00759775)
(0.000327718 -0.000193406 0.00805417)
(0.000168913 -4.95854e-05 0.00802256)
(7.2418e-05 6.62726e-05 0.0080484)
(3.4195e-06 0.000132174 0.00804972)
(0.000271239 -0.000197343 0.0083565)
(0.000162011 -0.000121132 0.00831234)
(6.88923e-05 -5.82238e-05 0.00831039)
(-6.93315e-06 -2.16805e-05 0.00832456)
(0.000201405 -0.000173776 0.00853638)
(0.000135263 -0.000131424 0.00849857)
(7.19102e-05 -9.52953e-05 0.00848715)
(1.77314e-05 -7.21621e-05 0.00849119)
(0.000146046 -0.000142697 0.00863981)
(0.000107561 -0.000118059 0.00861066)
(6.82145e-05 -9.60621e-05 0.00859649)
(3.29589e-05 -8.01431e-05 0.00859117)
(0.00010614 -0.000112719 0.00869909)
(8.38029e-05 -9.78723e-05 0.00867705)
(5.97361e-05 -8.39362e-05 0.00866287)
(3.69992e-05 -7.2701e-05 0.00865224)
(7.76402e-05 -8.69905e-05 0.00873365)
(6.45066e-05 -7.78151e-05 0.00871693)
(4.96162e-05 -6.87683e-05 0.00870391)
(3.4723e-05 -6.08267e-05 0.00869105)
(5.70775e-05 -6.61607e-05 0.00875414)
(4.92045e-05 -6.03854e-05 0.00874137)
(3.97977e-05 -5.44222e-05 0.00872992)
(2.98366e-05 -4.883e-05 0.0087166)
(4.20833e-05 -4.98407e-05 0.0087665)
(3.72573e-05 -4.61543e-05 0.00875669)
(3.11737e-05 -4.21816e-05 0.00874684)
(2.43766e-05 -3.82562e-05 0.0087339)
(3.10688e-05 -3.73028e-05 0.0087741)
(2.80403e-05 -3.4923e-05 0.00876652)
(2.40145e-05 -3.22539e-05 0.00875811)
(1.92957e-05 -2.95017e-05 0.00874588)
(2.29419e-05 -2.77886e-05 0.00877887)
(2.09964e-05 -2.6237e-05 0.00877296)
(1.82764e-05 -2.44303e-05 0.00876577)
(1.49545e-05 -2.24993e-05 0.00875431)
(1.69306e-05 -2.06252e-05 0.00878192)
(1.56523e-05 -1.96043e-05 0.00877727)
(1.37818e-05 -1.83729e-05 0.00877107)
(1.14182e-05 -1.70155e-05 0.00876031)
(1.24765e-05 -1.52571e-05 0.00878391)
(1.16197e-05 -1.458e-05 0.00878021)
(1.0315e-05 -1.37353e-05 0.00877478)
(8.62039e-06 -1.27788e-05 0.00876463)
(9.17039e-06 -1.12436e-05 0.00878522)
(8.58699e-06 -1.07914e-05 0.00878223)
(7.66742e-06 -1.0209e-05 0.00877741)
(6.44698e-06 -9.53357e-06 0.00876774)
(6.7102e-06 -8.24277e-06 0.00878611)
(6.30837e-06 -7.93906e-06 0.00878365)
(5.65642e-06 -7.53615e-06 0.00877928)
(4.77665e-06 -7.05903e-06 0.00876999)
(4.87101e-06 -5.99212e-06 0.00878672)
(4.59253e-06 -5.7876e-06 0.00878464)
(4.1303e-06 -5.50886e-06 0.00878062)
(3.49858e-06 -5.1728e-06 0.00877161)
(3.48435e-06 -4.29119e-06 0.00878713)
(3.29196e-06 -4.15398e-06 0.00878533)
(2.96699e-06 -3.96246e-06 0.00878157)
(2.51865e-06 -3.72803e-06 0.00877277)
(2.42479e-06 -2.98871e-06 0.00878741)
(2.29445e-06 -2.89827e-06 0.00878581)
(2.07105e-06 -2.76929e-06 0.00878223)
(1.76081e-06 -2.60946e-06 0.00877359)
(1.60462e-06 -1.97954e-06 0.0087876)
(1.52008e-06 -1.9224e-06 0.00878613)
(1.37338e-06 -1.83934e-06 0.00878267)
(1.1689e-06 -1.73531e-06 0.00877414)
(9.80267e-07 -1.22452e-06 0.00878771)
(9.28688e-07 -1.19108e-06 0.00878634)
(8.39082e-07 -1.14145e-06 0.00878295)
(7.14413e-07 -1.07856e-06 0.00877449)
(5.76279e-07 -7.97298e-07 0.00878779)
(5.44087e-07 -7.77672e-07 0.00878647)
(4.90153e-07 -7.47238e-07 0.00878314)
(4.1686e-07 -7.07533e-07 0.00877472)
(0.00103443 0.000969119 0.000559435)
(0.00408028 -0.00242904 0.00093833)
(0.00304796 -0.0045854 0.000507677)
(-0.00396096 0.00458536 0.00490225)
(0.00232339 0.000173747 0.000288803)
(0.00162138 -0.000538457 0.00559759)
(0.0003852 0.00036869 0.00161539)
(-0.00040925 0.00304722 0.0056106)
(0.0010635 0.000793005 0.00529401)
(0.000874848 0.000472181 0.00607098)
(0.000510756 0.000554992 0.00529403)
(0.000173605 0.00100642 0.00565139)
(0.000173414 0.000390377 0.00749045)
(0.000185306 0.000186105 0.00767886)
(0.000204011 4.83961e-05 0.00754911)
(8.65086e-05 2.28443e-05 0.00749638)
(-5.73826e-05 9.12722e-05 0.00809155)
(-4.14983e-05 -1.09232e-05 0.00819227)
(1.16884e-05 -0.00011367 0.00815504)
(5.45876e-06 -0.000175973 0.00805847)
(-5.33781e-05 -3.21079e-05 0.00835969)
(-5.37322e-05 -7.1368e-05 0.00839745)
(-2.57069e-05 -0.000120576 0.00836438)
(-1.28015e-05 -0.000157925 0.00827)
(-1.56198e-05 -6.89736e-05 0.00850322)
(-2.53013e-05 -7.91602e-05 0.00850188)
(-1.75706e-05 -9.76253e-05 0.00845497)
(-1.11334e-05 -0.000114922 0.00835508)
(9.27506e-06 -7.2781e-05 0.00858569)
(-3.22817e-06 -7.18036e-05 0.00856327)
(-5.87064e-06 -7.64691e-05 0.00850395)
(-6.83066e-06 -8.33661e-05 0.00839709)
(2.00847e-05 -6.51881e-05 0.00863676)
(8.04876e-06 -6.08393e-05 0.00860327)
(1.36487e-06 -6.01606e-05 0.00853587)
(-3.64101e-06 -6.23444e-05 0.00842363)
(2.25357e-05 -5.45041e-05 0.00867069)
(1.22003e-05 -4.97872e-05 0.00863165)
(4.68986e-06 -4.74235e-05 0.0085596)
(-1.73145e-06 -4.76332e-05 0.00844386)
(2.09929e-05 -4.39162e-05 0.00869424)
(1.26065e-05 -3.98197e-05 0.00865262)
(5.66409e-06 -3.72275e-05 0.00857814)
(-7.01484e-07 -3.67003e-05 0.00846033)
(1.7927e-05 -3.45814e-05 0.008711)
(1.13361e-05 -3.13136e-05 0.00866837)
(5.4487e-06 -2.9009e-05 0.00859274)
(-1.90364e-07 -2.82816e-05 0.00847381)
(1.45758e-05 -2.68068e-05 0.00872311)
(9.49732e-06 -2.43031e-05 0.00868026)
(4.73456e-06 -2.24185e-05 0.00860416)
(3.8701e-08 -2.171e-05 0.00848466)
(1.14926e-05 -2.05426e-05 0.00873195)
(7.6305e-06 -1.86645e-05 0.00868921)
(3.88776e-06 -1.71864e-05 0.00861301)
(1.23936e-07 -1.65744e-05 0.00849326)
(8.87609e-06 -1.56016e-05 0.00873842)
(5.96649e-06 -1.42093e-05 0.00869593)
(3.08187e-06 -1.3077e-05 0.0086198)
(1.40903e-07 -1.25785e-05 0.00849995)
(6.75377e-06 -1.17595e-05 0.00874317)
(4.57782e-06 -1.07347e-05 0.00870096)
(2.38555e-06 -9.88008e-06 0.00862494)
(1.28822e-07 -9.48747e-06 0.00850508)
(5.07834e-06 -8.79995e-06 0.00874665)
(3.46187e-06 -8.04962e-06 0.0087047)
(1.81443e-06 -7.4114e-06 0.00862882)
(1.06952e-07 -7.10903e-06 0.00850898)
(3.7768e-06 -6.53233e-06 0.00874921)
(2.58476e-06 -5.98596e-06 0.00870747)
(1.3598e-06 -5.51388e-06 0.00863171)
(8.40556e-08 -5.28502e-06 0.0085119)
(2.77355e-06 -4.79673e-06 0.00875106)
(1.90333e-06 -4.40206e-06 0.0087095)
(1.00374e-06 -4.05679e-06 0.00863384)
(6.36182e-08 -3.88646e-06 0.00851406)
(2.00041e-06 -3.46273e-06 0.0087524)
(1.37537e-06 -3.18165e-06 0.00871097)
(7.26495e-07 -2.93334e-06 0.00863539)
(4.66321e-08 -2.80921e-06 0.00851565)
(1.40039e-06 -2.42693e-06 0.00875335)
(9.64205e-07 -2.23205e-06 0.00871202)
(5.10014e-07 -2.05854e-06 0.0086365)
(3.30454e-08 -1.9708e-06 0.00851677)
(9.30518e-07 -1.61563e-06 0.00875399)
(6.41525e-07 -1.48694e-06 0.00871273)
(3.40029e-07 -1.37149e-06 0.00863725)
(2.24308e-08 -1.312e-06 0.00851755)
(5.68473e-07 -1.00555e-06 0.0087544)
(3.92327e-07 -9.26064e-07 0.00871318)
(2.08709e-07 -8.5377e-07 0.00863773)
(1.38517e-08 -8.14092e-07 0.00851804)
(3.30491e-07 -6.60425e-07 0.00875467)
(2.26558e-07 -6.08915e-07 0.00871348)
(1.14955e-07 -5.59767e-07 0.00863805)
(1.7085e-09 -5.26668e-07 0.00851837)
)
;
    }
    procBoundary3to2
    {
        type            processor;
        value           nonuniform List<vector> 
192
(
(-0.0012337 -0.000122643 6.82398e-05)
(0.00126851 0.00263145 0.00268467)
(-0.00300465 0.00540258 0.00317172)
(-0.0032857 0.00517939 0.00236179)
(-0.00111426 0.000287256 0.0149817)
(-0.000673227 0.00102501 0.0150714)
(-0.00160625 0.00186196 0.0168418)
(-0.00249343 0.00161556 0.014396)
(0.000477642 -0.000686197 0.00711041)
(0.000822858 -0.000681853 0.00775325)
(0.000663955 -0.000352353 0.00840087)
(0.000165322 -7.87849e-05 0.00810035)
(0.000778706 -0.000703609 0.00797251)
(0.000985066 -0.000822711 0.00837071)
(0.000997378 -0.000730892 0.00872238)
(0.000847217 -0.000589724 0.00875352)
(0.000634445 -0.000518519 0.00834443)
(0.000742887 -0.000614865 0.00855697)
(0.000784063 -0.000611241 0.0087622)
(0.000767275 -0.000569617 0.00886651)
(0.000439702 -0.000368211 0.00854114)
(0.000497037 -0.000427322 0.00866285)
(0.00052896 -0.000439339 0.00879061)
(0.000539976 -0.000425157 0.00889119)
(0.000293425 -0.00026501 0.00865965)
(0.000324802 -0.000297815 0.00873638)
(0.000345113 -0.000306636 0.00881983)
(0.000355614 -0.000296538 0.00889531)
(0.000196873 -0.000192773 0.0087254)
(0.000214468 -0.000209807 0.00877705)
(0.000226451 -0.000213275 0.00883279)
(0.000232869 -0.000203561 0.00888393)
(0.000134607 -0.000140864 0.00875983)
(0.000144576 -0.000149108 0.00879571)
(0.000151328 -0.000148958 0.00883312)
(0.00015461 -0.00013986 0.00886583)
(9.3778e-05 -0.000103084 0.00877736)
(9.9425e-05 -0.000106657 0.00880264)
(0.000103066 -0.000104716 0.0088277)
(0.00010445 -9.67604e-05 0.00884753)
(6.63121e-05 -7.54707e-05 0.00878588)
(6.94835e-05 -7.6678e-05 0.00880377)
(7.13372e-05 -7.41313e-05 0.00882041)
(7.16921e-05 -6.75391e-05 0.00883149)
(4.74051e-05 -5.52696e-05 0.00878968)
(4.91557e-05 -5.53542e-05 0.00880233)
(5.00136e-05 -5.28298e-05 0.0088132)
(4.98633e-05 -4.75651e-05 0.00881837)
(3.41528e-05 -4.04869e-05 0.00879109)
(3.50919e-05 -4.00971e-05 0.0088)
(3.54146e-05 -3.78708e-05 0.00880686)
(3.50529e-05 -3.377e-05 0.00880804)
(2.4737e-05 -2.96641e-05 0.00879135)
(2.52178e-05 -2.91241e-05 0.00879757)
(2.5268e-05 -2.72801e-05 0.00880164)
(2.48495e-05 -2.41404e-05 0.00880008)
(1.79788e-05 -2.17332e-05 0.0087911)
(1.82057e-05 -2.1195e-05 0.00879539)
(1.81292e-05 -1.97248e-05 0.00879749)
(1.77296e-05 -1.73502e-05 0.00879404)
(1.30902e-05 -1.59134e-05 0.00879068)
(1.31805e-05 -1.54396e-05 0.00879357)
(1.30559e-05 -1.42967e-05 0.00879428)
(1.27071e-05 -1.25174e-05 0.00878952)
(9.53101e-06 -1.16337e-05 0.00879023)
(9.55108e-06 -1.12425e-05 0.00879211)
(9.41861e-06 -1.03702e-05 0.00879183)
(9.1299e-06 -9.04746e-06 0.00878614)
(6.92276e-06 -8.47528e-06 0.00878983)
(6.90987e-06 -8.16533e-06 0.00879098)
(6.78865e-06 -7.50977e-06 0.00878998)
(6.55828e-06 -6.53428e-06 0.00878365)
(4.99632e-06 -6.13076e-06 0.0087895)
(4.97089e-06 -5.89303e-06 0.00879012)
(4.86873e-06 -5.40794e-06 0.00878862)
(4.6904e-06 -4.696e-06 0.00878182)
(3.55802e-06 -4.37367e-06 0.00878923)
(3.53071e-06 -4.19697e-06 0.00878948)
(3.44964e-06 -3.84523e-06 0.00878762)
(3.31583e-06 -3.33411e-06 0.0087805)
(2.46793e-06 -3.03754e-06 0.00878904)
(2.4439e-06 -2.91109e-06 0.00878902)
(2.38316e-06 -2.6641e-06 0.00878691)
(2.28669e-06 -2.30765e-06 0.00877957)
(1.62958e-06 -2.00775e-06 0.0087889)
(1.61097e-06 -1.92216e-06 0.00878871)
(1.56851e-06 -1.7577e-06 0.00878643)
(1.50294e-06 -1.52151e-06 0.00877893)
(9.94281e-07 -1.23904e-06 0.00878881)
(9.81241e-07 -1.18491e-06 0.00878851)
(9.53914e-07 -1.0826e-06 0.00878612)
(9.12869e-07 -9.36417e-07 0.00877853)
(5.8424e-07 -8.02458e-07 0.00878875)
(5.74584e-07 -7.66101e-07 0.00878836)
(5.56496e-07 -6.98833e-07 0.0087859)
(5.30425e-07 -6.04102e-07 0.00877825)
(-0.00773773 0.00617823 0.00658258)
(-0.0138009 0.00560503 0.00716089)
(-0.00442296 0.0159682 0.00191612)
(0.00100096 0.00219071 0.00860686)
(-0.00405313 0.00132897 0.0111569)
(-0.00508344 0.00192704 0.0107833)
(-0.00210508 0.00231838 0.0123631)
(0.000508295 0.000297763 0.0139121)
(-0.000386307 -6.52838e-05 0.00792545)
(-0.000470132 -1.46804e-05 0.0084727)
(0.000425492 2.43263e-05 0.00948689)
(0.00123072 -3.30959e-06 0.0103877)
(0.000721909 -0.000576678 0.00880881)
(0.000779499 -0.000557789 0.00915208)
(0.00108569 -0.000362618 0.00966819)
(0.00132149 -4.40211e-05 0.0100506)
(0.000759259 -0.000548557 0.00897471)
(0.000804437 -0.000496477 0.00918593)
(0.000899073 -0.000318321 0.00942379)
(0.000950579 -4.4836e-05 0.0095289)
(0.000550814 -0.000397172 0.00899037)
(0.000569907 -0.000337129 0.00910572)
(0.000589804 -0.00021014 0.00919134)
(0.000591598 -3.17001e-05 0.00918642)
(0.000362664 -0.000267941 0.00896405)
(0.000367428 -0.000216596 0.00901796)
(0.000366803 -0.000131463 0.00902827)
(0.000358278 -2.05142e-05 0.00896979)
(0.000235754 -0.00017898 0.0089248)
(0.000234841 -0.000139736 0.00894215)
(0.000229361 -8.29483e-05 0.00891475)
(0.000220428 -1.32662e-05 0.00882885)
(0.000155108 -0.00012032 0.00888657)
(0.000152431 -9.16442e-05 0.00888212)
(0.00014669 -5.3495e-05 0.00883494)
(0.000139436 -8.71833e-06 0.00873468)
(0.000103837 -8.1812e-05 0.00885474)
(0.000100937 -6.12069e-05 0.00883707)
(9.61032e-05 -3.52773e-05 0.00877893)
(9.06323e-05 -5.8267e-06 0.00867087)
(7.067e-05 -5.6319e-05 0.00882982)
(6.80855e-05 -4.15756e-05 0.00880401)
(6.43033e-05 -2.37322e-05 0.00873952)
(6.02865e-05 -3.95973e-06 0.00862704)
(4.87799e-05 -3.9226e-05 0.00881087)
(4.66489e-05 -2.86641e-05 0.00877995)
(4.37801e-05 -1.62419e-05 0.00871164)
(4.08595e-05 -2.7334e-06 0.00859659)
(3.40624e-05 -2.76055e-05 0.00879669)
(3.23728e-05 -2.00152e-05 0.0087625)
(3.02287e-05 -1.12778e-05 0.00869183)
(2.81112e-05 -1.91352e-06 0.00857521)
(2.40073e-05 -1.95975e-05 0.00878616)
(2.26979e-05 -1.41238e-05 0.00874984)
(2.11076e-05 -7.92494e-06 0.00867768)
(1.95726e-05 -1.35569e-06 0.00856007)
(1.70434e-05 -1.40093e-05 0.00877839)
(1.60435e-05 -1.00499e-05 0.00874065)
(1.48692e-05 -5.62172e-06 0.00866751)
(1.37555e-05 -9.69671e-07 0.00854928)
(1.21636e-05 -1.0065e-05 0.00877267)
(1.14081e-05 -7.1951e-06 0.00873398)
(1.05437e-05 -4.01582e-06 0.00866019)
(9.73528e-06 -6.98381e-07 0.00854154)
(8.70827e-06 -7.25175e-06 0.00876848)
(8.14248e-06 -5.17029e-06 0.00872913)
(7.50838e-06 -2.88118e-06 0.0086549)
(6.92172e-06 -5.05041e-07 0.00853597)
(6.23686e-06 -5.22475e-06 0.00876541)
(5.81694e-06 -3.71775e-06 0.00872561)
(5.35392e-06 -2.06952e-06 0.00865108)
(4.92924e-06 -3.65472e-07 0.00853196)
(4.44968e-06 -3.74815e-06 0.00876318)
(4.14156e-06 -2.6632e-06 0.00872307)
(3.80613e-06 -1.48148e-06 0.00864833)
(3.50057e-06 -2.63424e-07 0.00852908)
(3.13952e-06 -2.65774e-06 0.00876158)
(2.91732e-06 -1.88655e-06 0.00872124)
(2.67782e-06 -1.04912e-06 0.00864637)
(2.46079e-06 -1.87728e-07 0.00852702)
(2.16184e-06 -1.83803e-06 0.00876044)
(2.00628e-06 -1.30401e-06 0.00871996)
(1.83987e-06 -7.25348e-07 0.00864499)
(1.68963e-06 -1.30612e-07 0.00852557)
(1.41923e-06 -1.21146e-06 0.00875968)
(1.31581e-06 -8.59604e-07 0.00871909)
(1.20586e-06 -4.78998e-07 0.00864405)
(1.10676e-06 -8.70234e-08 0.00852459)
(8.61103e-07 -7.45793e-07 0.00875919)
(7.97593e-07 -5.30027e-07 0.00871855)
(7.3072e-07 -2.97646e-07 0.00864346)
(6.70655e-07 -5.56385e-08 0.00852398)
(4.97792e-07 -4.83826e-07 0.00875886)
(4.59453e-07 -3.44609e-07 0.00871817)
(4.19811e-07 -1.9059e-07 0.00864305)
(3.84587e-07 -3.59593e-08 0.00852354)
)
;
    }
}


// ************************************************************************* //
