FoamFile
{version 2.0; format ascii;class vectorField; location 0;object  v;}
28
(
( 0.000583647 -0.00340591 -0.00020648 )  
( 1.05939e-07 -8.35302e-10 -2.51955e-08 )  
( 2.57842e-08 3.06039e-07 1.04381e-08 )  
( 0.00288844 -0.000104444 -4.13087e-05 )  
( -0.000567448 0.00179804 -4.89282e-05 )  
( 9.56611e-05 4.9623e-05 3.10409e-05 )  
( -0.00527018 -0.00764094 -0.00160584 )  
( 0.000176732 -0.000193007 -2.38934e-07 )  
( 0.00639179 0.00116132 -0.00282766 )  
( 0.000156201 5.28801e-05 2.43656e-06 )  
( -0.00739416 -0.00482613 -0.000387552 )  
( -0.00175186 0.00397537 0.00138126 )  
( -0.00729061 0.00183147 1.44236e-05 )  
( 0.000503012 -0.0039889 0.000177314 )  
( -0.0244965 -0.00808927 -0.00592468 )  
( -0.00220181 -0.000116632 3.00125e-05 )  
( -1.9052e-08 1.66344e-08 -7.14296e-08 )  
( -0.00988027 0.0152899 -0.000269868 )  
( 0.00260433 -0.000376469 2.71532e-05 )  
( 0.00706719 0.000714483 0.000718283 )  
( -0.0699004 -0.0236495 -0.0226596 )  
( 0.000172525 -0.0024871 -0.000149129 )  
( -0.00742278 -0.0118924 -0.0042676 )  
( 0.000116448 0.000405741 4.81836e-07 )  
( 0.00218003 0.000683574 -7.99713e-05 )  
( 2.30915e-05 -0.000120919 -1.28487e-05 )  
( -0.00591127 0.0133314 0.00104028 )  
( 0.000489571 0.00697213 8.24605e-05 )  
)
