FoamFile
{version 2.0; format ascii;class Cloud<passiveParticle>; location 0;object  positions;}
21
(
( 0.0100762 -0.00800428 0.000920523 ) 0 
( 0.0118923 -0.00401751 0.000698135 ) 0 
( 0.00817158 -0.00867117 0.000680349 ) 0 
( 0.00193362 -0.00026918 0.000695834 ) 0 
( 0.000330224 -0.00469542 0.000678371 ) 0 
( 0.0129267 -0.000283316 0.00117801 ) 0 
( 0.00655749 -0.00107187 0.000691612 ) 0 
( 0.00388461 -0.0122527 0.00112692 ) 0 
( 0.00963356 -0.00377195 0.000678018 ) 0 
( 0.000273054 -0.00725003 0.00068163 ) 0 
( 0.00531883 -0.0037903 0.000784195 ) 0 
( 0.000277836 -0.0131569 0.000952486 ) 0 
( 0.00438135 -0.00739408 0.0010367 ) 0 
( 0.00825926 -0.0100887 0.000677905 ) 0 
( 0.00893435 -0.0050193 0.00069868 ) 0 
( 0.00495325 -0.00575598 0.000810704 ) 0 
( 0.00505591 -0.0109051 0.000680617 ) 0 
( 0.00673391 -0.00741649 0.000803527 ) 0 
( 0.01087 -0.00216701 0.000684565 ) 0 
( 0.0102998 -0.000834285 0.000685388 ) 0 
( 0.00820833 -0.000674542 0.000680696 ) 0 
)
