/*--------------------------------*- C++ -*----------------------------------*\
  =========                 |
  \\      /  F ield         | OpenFOAM: The Open Source CFD Toolbox
   \\    /   O peration     | Website:  https://openfoam.org
    \\  /    A nd           | Version:  6
     \\/     M anipulation  |
\*---------------------------------------------------------------------------*/
FoamFile
{
    version     2.0;
    format      ascii;
    class       volScalarField;
    location    "0.04";
    object      p;
}
// * * * * * * * * * * * * * * * * * * * * * * * * * * * * * * * * * * * * * //

dimensions      [0 2 -2 0 0 0 0];

internalField   nonuniform List<scalar> 
1152
(
1.01537
1.01241
1.01799
0.986718
1.01041
1.00984
1.009
0.999106
1.00835
1.00866
1.00757
1.00235
1.00968
1.01081
1.00767
1.00588
1.00729
1.00756
1.00675
1.00417
1.00701
1.00701
1.00604
1.00443
1.00673
1.00658
1.00577
1.0047
1.0067
1.00637
1.00594
1.00507
1.00701
1.00703
1.00677
1.00655
1.00691
1.00682
1.00651
1.00615
1.00679
1.00666
1.00636
1.00603
1.00678
1.00661
1.00639
1.00609
1.00651
1.0065
1.00641
1.00631
1.00644
1.0064
1.00628
1.00616
1.00638
1.00632
1.00621
1.00609
1.00635
1.00629
1.0062
1.00609
1.00609
1.00609
1.00606
1.00603
1.00605
1.00603
1.00599
1.00595
1.00601
1.00599
1.00595
1.0059
1.00598
1.00596
1.00592
1.00588
1.00573
1.00573
1.00572
1.00571
1.0057
1.0057
1.00568
1.00567
1.00568
1.00567
1.00565
1.00564
1.00565
1.00564
1.00563
1.00562
1.00539
1.00539
1.00539
1.00539
1.00537
1.00537
1.00537
1.00536
1.00536
1.00535
1.00535
1.00534
1.00534
1.00533
1.00533
1.00532
1.00506
1.00507
1.00507
1.00507
1.00505
1.00505
1.00505
1.00505
1.00504
1.00504
1.00504
1.00504
1.00502
1.00502
1.00502
1.00502
1.00475
1.00475
1.00475
1.00475
1.00474
1.00474
1.00474
1.00474
1.00473
1.00473
1.00473
1.00473
1.00472
1.00472
1.00472
1.00472
1.00443
1.00443
1.00443
1.00443
1.00442
1.00443
1.00443
1.00443
1.00442
1.00442
1.00442
1.00442
1.00441
1.00441
1.00441
1.00441
1.00412
1.00412
1.00412
1.00412
1.00412
1.00412
1.00412
1.00412
1.00411
1.00411
1.00411
1.00411
1.0041
1.0041
1.0041
1.0041
1.00381
1.00381
1.00381
1.00381
1.00381
1.00381
1.00381
1.00381
1.0038
1.0038
1.0038
1.0038
1.0038
1.0038
1.0038
1.0038
1.0035
1.0035
1.0035
1.0035
1.0035
1.0035
1.0035
1.0035
1.0035
1.0035
1.0035
1.0035
1.00349
1.00349
1.00349
1.00349
1.0032
1.0032
1.0032
1.0032
1.00319
1.00319
1.00319
1.00319
1.00319
1.00319
1.00319
1.00319
1.00319
1.00319
1.00319
1.00319
1.00289
1.00289
1.00289
1.00289
1.00289
1.00289
1.00289
1.00289
1.00289
1.00289
1.00289
1.00289
1.00289
1.00289
1.00289
1.00289
1.00259
1.00259
1.00259
1.00259
1.00258
1.00258
1.00258
1.00258
1.00258
1.00258
1.00258
1.00258
1.00258
1.00258
1.00258
1.00258
1.00228
1.00228
1.00228
1.00228
1.00228
1.00228
1.00228
1.00228
1.00228
1.00228
1.00228
1.00228
1.00228
1.00228
1.00228
1.00228
1.00198
1.00198
1.00198
1.00198
1.00198
1.00198
1.00198
1.00198
1.00197
1.00197
1.00197
1.00197
1.00197
1.00197
1.00197
1.00197
1.00167
1.00167
1.00167
1.00167
1.00167
1.00167
1.00167
1.00167
1.00167
1.00167
1.00167
1.00167
1.00167
1.00167
1.00167
1.00167
1.00137
1.00137
1.00137
1.00137
1.00137
1.00137
1.00137
1.00137
1.00137
1.00137
1.00137
1.00137
1.00137
1.00137
1.00137
1.00137
1.00106
1.00106
1.00106
1.00106
1.00106
1.00106
1.00106
1.00106
1.00106
1.00106
1.00106
1.00106
1.00106
1.00106
1.00106
1.00106
1.00076
1.00076
1.00076
1.00076
1.00076
1.00076
1.00076
1.00076
1.00076
1.00076
1.00076
1.00076
1.00076
1.00076
1.00076
1.00076
1.00046
1.00046
1.00046
1.00046
1.00046
1.00046
1.00046
1.00046
1.00046
1.00046
1.00046
1.00046
1.00046
1.00046
1.00046
1.00046
1.00015
1.00015
1.00015
1.00015
1.00015
1.00015
1.00015
1.00015
1.00015
1.00015
1.00015
1.00015
1.00015
1.00015
1.00015
1.00015
1.01021
1.01265
1.01082
1.01754
1.00867
1.00942
1.01069
1.01905
1.00907
1.00941
1.01074
1.0156
1.01165
1.01082
1.01257
1.01603
1.00643
1.00643
1.00699
1.00632
1.00697
1.00691
1.00706
1.00677
1.00718
1.00731
1.00716
1.00671
1.00717
1.00746
1.00689
1.00606
1.0069
1.00718
1.00736
1.00773
1.00693
1.00712
1.00726
1.00751
1.00697
1.00712
1.00717
1.0073
1.007
1.00709
1.00701
1.00697
1.0065
1.00664
1.00665
1.00669
1.0065
1.00661
1.00663
1.00666
1.00651
1.00658
1.00658
1.00658
1.00652
1.00655
1.00651
1.00647
1.00612
1.00619
1.0062
1.00621
1.00612
1.00618
1.00618
1.00619
1.00611
1.00615
1.00615
1.00615
1.00611
1.00612
1.00611
1.0061
1.00576
1.0058
1.0058
1.0058
1.00576
1.00579
1.00579
1.00579
1.00575
1.00577
1.00578
1.00577
1.00574
1.00575
1.00575
1.00575
1.00542
1.00544
1.00544
1.00543
1.00542
1.00543
1.00543
1.00543
1.00541
1.00542
1.00542
1.00542
1.0054
1.00541
1.00541
1.00541
1.00509
1.0051
1.0051
1.00509
1.00509
1.00509
1.00509
1.00509
1.00508
1.00509
1.00509
1.00508
1.00507
1.00508
1.00508
1.00508
1.00476
1.00477
1.00477
1.00476
1.00476
1.00477
1.00477
1.00476
1.00476
1.00476
1.00476
1.00476
1.00475
1.00476
1.00476
1.00475
1.00445
1.00445
1.00445
1.00444
1.00444
1.00445
1.00445
1.00444
1.00444
1.00444
1.00444
1.00444
1.00444
1.00444
1.00444
1.00444
1.00413
1.00413
1.00413
1.00413
1.00413
1.00413
1.00413
1.00413
1.00413
1.00413
1.00413
1.00413
1.00412
1.00413
1.00413
1.00412
1.00382
1.00382
1.00382
1.00382
1.00382
1.00382
1.00382
1.00382
1.00382
1.00382
1.00382
1.00382
1.00381
1.00381
1.00381
1.00381
1.00351
1.00351
1.00351
1.00351
1.00351
1.00351
1.00351
1.00351
1.00351
1.00351
1.00351
1.00351
1.00351
1.00351
1.00351
1.00351
1.0032
1.0032
1.0032
1.0032
1.0032
1.0032
1.0032
1.0032
1.0032
1.0032
1.0032
1.0032
1.0032
1.0032
1.0032
1.0032
1.00289
1.00289
1.00289
1.00289
1.00289
1.00289
1.00289
1.00289
1.00289
1.00289
1.00289
1.00289
1.00289
1.00289
1.00289
1.00289
1.00259
1.00259
1.00259
1.00259
1.00259
1.00259
1.00259
1.00259
1.00259
1.00259
1.00259
1.00259
1.00259
1.00259
1.00259
1.00259
1.00228
1.00228
1.00228
1.00228
1.00228
1.00228
1.00228
1.00228
1.00228
1.00228
1.00228
1.00228
1.00228
1.00228
1.00228
1.00228
1.00198
1.00198
1.00198
1.00198
1.00198
1.00198
1.00198
1.00198
1.00198
1.00198
1.00198
1.00198
1.00198
1.00198
1.00198
1.00198
1.00167
1.00167
1.00167
1.00167
1.00167
1.00167
1.00167
1.00167
1.00167
1.00167
1.00167
1.00167
1.00167
1.00167
1.00167
1.00167
1.00137
1.00137
1.00137
1.00137
1.00137
1.00137
1.00137
1.00137
1.00137
1.00137
1.00137
1.00137
1.00137
1.00137
1.00137
1.00137
1.00106
1.00106
1.00106
1.00106
1.00106
1.00106
1.00106
1.00106
1.00106
1.00106
1.00106
1.00106
1.00106
1.00106
1.00106
1.00106
1.00076
1.00076
1.00076
1.00076
1.00076
1.00076
1.00076
1.00076
1.00076
1.00076
1.00076
1.00076
1.00076
1.00076
1.00076
1.00076
1.00046
1.00046
1.00046
1.00046
1.00046
1.00046
1.00046
1.00046
1.00046
1.00046
1.00046
1.00046
1.00046
1.00046
1.00046
1.00046
1.00015
1.00015
1.00015
1.00015
1.00015
1.00015
1.00015
1.00015
1.00015
1.00015
1.00015
1.00015
1.00015
1.00015
1.00015
1.00015
1.01839
1.01716
1.01669
1.01454
1.00391
1.00951
1.01167
1.01058
1.00349
1.00567
1.00719
1.0122
1.00513
1.00736
1.00497
1.00815
1.00597
1.00709
1.00709
1.00666
1.00503
1.00579
1.00682
1.00712
1.00503
1.00545
1.00585
1.00652
1.00539
1.00564
1.00575
1.00628
1.00683
1.00722
1.00741
1.00752
1.00632
1.00662
1.0069
1.00706
1.0061
1.00629
1.00649
1.00672
1.00615
1.00618
1.00632
1.00646
1.00639
1.00651
1.00658
1.00659
1.00619
1.00631
1.0064
1.00643
1.00608
1.00616
1.00624
1.0063
1.00606
1.0061
1.00614
1.00618
1.00606
1.00611
1.00614
1.00615
1.00596
1.006
1.00604
1.00605
1.0059
1.00593
1.00596
1.00598
1.00587
1.00588
1.0059
1.00592
1.00572
1.00574
1.00575
1.00576
1.00567
1.00569
1.0057
1.00571
1.00564
1.00565
1.00566
1.00566
1.00561
1.00562
1.00563
1.00563
1.00539
1.0054
1.00541
1.00541
1.00536
1.00537
1.00538
1.00538
1.00534
1.00535
1.00535
1.00535
1.00532
1.00533
1.00533
1.00533
1.00507
1.00507
1.00508
1.00508
1.00505
1.00506
1.00506
1.00506
1.00504
1.00504
1.00504
1.00504
1.00502
1.00502
1.00503
1.00503
1.00475
1.00475
1.00475
1.00475
1.00474
1.00474
1.00474
1.00474
1.00473
1.00473
1.00473
1.00473
1.00472
1.00472
1.00472
1.00472
1.00443
1.00444
1.00444
1.00444
1.00443
1.00443
1.00443
1.00443
1.00442
1.00442
1.00442
1.00442
1.00441
1.00441
1.00441
1.00441
1.00412
1.00412
1.00412
1.00412
1.00412
1.00412
1.00412
1.00412
1.00411
1.00411
1.00411
1.00411
1.00411
1.00411
1.00411
1.00411
1.00381
1.00381
1.00381
1.00381
1.00381
1.00381
1.00381
1.00381
1.0038
1.00381
1.00381
1.00381
1.0038
1.0038
1.0038
1.0038
1.0035
1.0035
1.0035
1.00351
1.0035
1.0035
1.0035
1.0035
1.0035
1.0035
1.0035
1.0035
1.0035
1.0035
1.0035
1.0035
1.0032
1.0032
1.0032
1.0032
1.0032
1.0032
1.0032
1.0032
1.00319
1.00319
1.00319
1.00319
1.00319
1.00319
1.00319
1.00319
1.00289
1.00289
1.00289
1.00289
1.00289
1.00289
1.00289
1.00289
1.00289
1.00289
1.00289
1.00289
1.00289
1.00289
1.00289
1.00289
1.00259
1.00259
1.00259
1.00259
1.00258
1.00258
1.00258
1.00258
1.00258
1.00258
1.00258
1.00258
1.00258
1.00258
1.00258
1.00258
1.00228
1.00228
1.00228
1.00228
1.00228
1.00228
1.00228
1.00228
1.00228
1.00228
1.00228
1.00228
1.00228
1.00228
1.00228
1.00228
1.00198
1.00198
1.00198
1.00198
1.00198
1.00198
1.00198
1.00198
1.00197
1.00197
1.00197
1.00197
1.00197
1.00197
1.00197
1.00197
1.00167
1.00167
1.00167
1.00167
1.00167
1.00167
1.00167
1.00167
1.00167
1.00167
1.00167
1.00167
1.00167
1.00167
1.00167
1.00167
1.00137
1.00137
1.00137
1.00137
1.00137
1.00137
1.00137
1.00137
1.00137
1.00137
1.00137
1.00137
1.00137
1.00137
1.00137
1.00137
1.00106
1.00106
1.00106
1.00106
1.00106
1.00106
1.00106
1.00106
1.00106
1.00106
1.00106
1.00106
1.00106
1.00106
1.00106
1.00106
1.00076
1.00076
1.00076
1.00076
1.00076
1.00076
1.00076
1.00076
1.00076
1.00076
1.00076
1.00076
1.00076
1.00076
1.00076
1.00076
1.00046
1.00046
1.00046
1.00046
1.00046
1.00046
1.00046
1.00046
1.00046
1.00046
1.00046
1.00046
1.00046
1.00046
1.00046
1.00046
1.00015
1.00015
1.00015
1.00015
1.00015
1.00015
1.00015
1.00015
1.00015
1.00015
1.00015
1.00015
1.00015
1.00015
1.00015
1.00015
)
;

boundaryField
{
    inlet
    {
        type            zeroGradient;
    }
    outlet
    {
        type            fixedValue;
        value           uniform 1;
    }
    wall
    {
        type            zeroGradient;
    }
    procBoundary1to0
    {
        type            processor;
        value           nonuniform List<scalar> 
192
(
1.01085
1.01187
1.0064
1.01415
1.00717
1.00701
1.00634
1.0065
1.00694
1.00688
1.00682
1.00685
1.00646
1.00643
1.0064
1.0064
1.00606
1.00604
1.00602
1.006
1.00571
1.0057
1.00568
1.00566
1.00538
1.00537
1.00536
1.00534
1.00506
1.00505
1.00504
1.00502
1.00474
1.00473
1.00473
1.00471
1.00443
1.00442
1.00442
1.00441
1.00412
1.00411
1.00411
1.0041
1.00381
1.00381
1.0038
1.0038
1.0035
1.0035
1.0035
1.00349
1.0032
1.00319
1.00319
1.00319
1.00289
1.00289
1.00289
1.00289
1.00259
1.00258
1.00258
1.00258
1.00228
1.00228
1.00228
1.00228
1.00198
1.00198
1.00197
1.00197
1.00167
1.00167
1.00167
1.00167
1.00137
1.00137
1.00137
1.00137
1.00106
1.00106
1.00106
1.00106
1.00076
1.00076
1.00076
1.00076
1.00046
1.00046
1.00046
1.00046
1.00015
1.00015
1.00015
1.00015
1.01086
1.0084
1.00935
1.01056
1.00663
1.00651
1.00663
1.00685
1.00668
1.00667
1.00673
1.00684
1.00635
1.00636
1.0064
1.00644
1.00604
1.00604
1.00605
1.00606
1.00572
1.00572
1.00572
1.00572
1.0054
1.0054
1.00539
1.00539
1.00508
1.00507
1.00507
1.00507
1.00476
1.00476
1.00475
1.00475
1.00444
1.00444
1.00444
1.00443
1.00413
1.00413
1.00413
1.00412
1.00382
1.00382
1.00382
1.00381
1.00351
1.00351
1.00351
1.0035
1.0032
1.0032
1.0032
1.0032
1.00289
1.00289
1.00289
1.00289
1.00259
1.00259
1.00259
1.00259
1.00228
1.00228
1.00228
1.00228
1.00198
1.00198
1.00198
1.00198
1.00167
1.00167
1.00167
1.00167
1.00137
1.00137
1.00137
1.00137
1.00106
1.00106
1.00106
1.00106
1.00076
1.00076
1.00076
1.00076
1.00046
1.00046
1.00046
1.00046
1.00015
1.00015
1.00015
1.00015
)
;
    }
    procBoundary1to3
    {
        type            processor;
        value           nonuniform List<scalar> 
192
(
1.00996
1.01217
1.00977
1.00877
1.00677
1.00638
1.00593
1.00557
1.00678
1.00661
1.00644
1.0063
1.00632
1.00626
1.0062
1.00615
1.00595
1.00593
1.00591
1.00589
1.00563
1.00562
1.00561
1.00561
1.00531
1.00531
1.00531
1.00531
1.00501
1.00501
1.00501
1.00501
1.0047
1.0047
1.00471
1.00471
1.0044
1.0044
1.0044
1.0044
1.0041
1.0041
1.0041
1.0041
1.00379
1.00379
1.00379
1.0038
1.00349
1.00349
1.00349
1.00349
1.00319
1.00319
1.00319
1.00319
1.00288
1.00288
1.00288
1.00288
1.00258
1.00258
1.00258
1.00258
1.00228
1.00228
1.00228
1.00228
1.00197
1.00197
1.00197
1.00197
1.00167
1.00167
1.00167
1.00167
1.00137
1.00137
1.00137
1.00137
1.00106
1.00106
1.00106
1.00106
1.00076
1.00076
1.00076
1.00076
1.00046
1.00046
1.00046
1.00046
1.00015
1.00015
1.00015
1.00015
1.00891
1.00877
1.00871
1.00925
1.00586
1.0061
1.00597
1.006
1.00631
1.00641
1.00644
1.00653
1.00614
1.0062
1.00623
1.00625
1.00589
1.00591
1.00593
1.00594
1.00561
1.00562
1.00563
1.00563
1.00531
1.00532
1.00532
1.00533
1.00501
1.00502
1.00502
1.00502
1.00471
1.00471
1.00471
1.00471
1.0044
1.00441
1.00441
1.00441
1.0041
1.0041
1.0041
1.0041
1.0038
1.0038
1.0038
1.0038
1.00349
1.00349
1.00349
1.00349
1.00319
1.00319
1.00319
1.00319
1.00288
1.00288
1.00288
1.00288
1.00258
1.00258
1.00258
1.00258
1.00228
1.00228
1.00228
1.00228
1.00197
1.00197
1.00197
1.00197
1.00167
1.00167
1.00167
1.00167
1.00137
1.00137
1.00137
1.00137
1.00106
1.00106
1.00106
1.00106
1.00076
1.00076
1.00076
1.00076
1.00046
1.00046
1.00046
1.00046
1.00015
1.00015
1.00015
1.00015
)
;
    }
}


// ************************************************************************* //
