/*--------------------------------*- C++ -*----------------------------------*\
  =========                 |
  \\      /  F ield         | OpenFOAM: The Open Source CFD Toolbox
   \\    /   O peration     | Website:  https://openfoam.org
    \\  /    A nd           | Version:  6
     \\/     M anipulation  |
\*---------------------------------------------------------------------------*/
FoamFile
{
    version     2.0;
    format      ascii;
    class       volVectorField;
    location    "0.04";
    object      stored_U;
}
// * * * * * * * * * * * * * * * * * * * * * * * * * * * * * * * * * * * * * //

dimensions      [0 1 -1 0 0 0 0];

internalField   nonuniform List<vector> 
1152
(
(0.00626515 -0.00301583 0.00724161)
(0.00577441 8.86191e-05 0.00920202)
(9.98895e-05 -0.00509486 -0.00342796)
(-0.00164489 -0.00797452 -0.0098084)
(0.00688477 -0.00490529 0.00766622)
(0.00428808 0.00136129 0.00906142)
(0.00343817 -0.00170766 0.00217524)
(-0.0026636 -0.0124054 -0.00316212)
(-0.000204595 0.000303017 0.00803931)
(6.14987e-05 -0.000312418 0.00878546)
(-0.000525287 -0.00467907 0.00378962)
(-0.00822557 -0.0103628 -0.00247441)
(0.00155499 0.00253813 0.00539972)
(-0.000973931 0.00413279 0.00242619)
(-0.00280158 -0.00199592 0.00797366)
(-0.0113774 -0.00490353 0.00429543)
(0.000774673 6.60957e-05 0.0149574)
(0.00366266 0.000905567 0.0131379)
(0.00629259 0.0014663 0.0131566)
(0.00323667 0.0029211 0.00283867)
(0.000108367 -6.03371e-05 0.0120867)
(0.00191278 0.000970431 0.0120882)
(0.00400008 0.00094523 0.0119374)
(0.00218563 0.00049854 0.00832498)
(-0.00141276 0.000736496 0.00995568)
(0.000127461 0.00116073 0.0114961)
(0.00180373 0.000382166 0.01251)
(0.00153002 0.000155274 0.010617)
(-0.000954069 0.00110314 0.00983776)
(-7.39754e-05 0.00170602 0.0119506)
(0.0009752 0.00090642 0.0128546)
(0.00183038 -0.000150117 0.0116387)
(-0.000208483 1.82829e-05 0.00824443)
(0.000471462 0.000451613 0.00817491)
(0.000907985 0.000995423 0.00768631)
(9.47139e-05 0.00185009 0.00701496)
(-0.000388529 0.000180003 0.00789911)
(9.79725e-05 0.000492366 0.00816262)
(0.000607401 0.000842817 0.0080714)
(0.000345343 0.00150758 0.00781405)
(-0.000521578 0.000281891 0.00717062)
(-0.000210783 0.00061725 0.00779438)
(0.000376932 0.00083513 0.00814123)
(0.000659 0.00133614 0.00777796)
(-0.000137358 0.000171121 0.00652173)
(1.05079e-05 0.000648398 0.00711775)
(0.000575163 0.000836224 0.00764945)
(0.00108163 0.000842817 0.00693196)
(-8.13113e-05 -0.000109065 0.008137)
(-0.000118592 9.36531e-05 0.00820005)
(-0.000187729 0.000282521 0.00832586)
(-0.0003421 0.00052928 0.00873551)
(-5.31171e-05 6.60099e-06 0.008084)
(-0.000115693 0.000160206 0.00818042)
(-0.000136983 0.000343596 0.00834306)
(-0.000157353 0.000633434 0.00860256)
(2.51172e-05 3.22756e-05 0.00781073)
(-7.89036e-05 0.000229175 0.00796252)
(-3.81357e-05 0.000423426 0.00815011)
(5.18024e-05 0.000689242 0.00821315)
(0.000263701 -0.000114656 0.00753624)
(0.00011766 0.000161209 0.00761193)
(0.000166097 0.00036176 0.00773842)
(0.000239433 0.000473578 0.00759775)
(4.7071e-05 -0.000125951 0.00826097)
(-9.26358e-05 -2.00936e-05 0.00830325)
(-0.000205959 6.12447e-05 0.00841802)
(-0.000260638 0.000146176 0.00862598)
(0.000111516 -8.14274e-05 0.00825331)
(-2.78368e-05 1.52787e-05 0.00828069)
(-0.000130634 0.000112364 0.00838531)
(-0.000162719 0.000226027 0.00853961)
(0.000196011 -8.71754e-05 0.00815347)
(4.98412e-05 2.84448e-05 0.00817217)
(-3.80069e-05 0.000139525 0.00825361)
(-6.6827e-05 0.000250654 0.00832991)
(0.000327718 -0.000193406 0.00805417)
(0.000168913 -4.95854e-05 0.00802256)
(7.2418e-05 6.62726e-05 0.0080484)
(3.4195e-06 0.000132174 0.00804972)
(8.72554e-05 -0.000114328 0.00840167)
(-1.58774e-05 -5.57696e-05 0.00842288)
(-9.31662e-05 -1.30206e-05 0.00848205)
(-0.000127721 2.18132e-05 0.00856733)
(0.000137972 -0.000109615 0.00840868)
(3.58735e-05 -4.89645e-05 0.00841181)
(-4.43799e-05 5.65069e-06 0.00845842)
(-8.21377e-05 5.50228e-05 0.00852625)
(0.000197644 -0.000129959 0.00838028)
(9.37415e-05 -6.16643e-05 0.00836608)
(1.1309e-05 -2.65738e-08 0.00839345)
(-3.85723e-05 4.94677e-05 0.00843363)
(0.000271239 -0.000197343 0.0083565)
(0.000162011 -0.000121132 0.00831234)
(6.88923e-05 -5.82238e-05 0.00831039)
(-6.93315e-06 -2.16805e-05 0.00832456)
(8.82099e-05 -9.90452e-05 0.00851338)
(2.53644e-05 -6.53715e-05 0.00851796)
(-2.2595e-05 -3.98378e-05 0.00853952)
(-4.92901e-05 -2.0885e-05 0.00856442)
(0.000121545 -0.000109697 0.00852803)
(5.87969e-05 -7.25527e-05 0.00852052)
(6.55981e-06 -4.00307e-05 0.00853502)
(-2.55151e-05 -1.42902e-05 0.00855715)
(0.000159316 -0.000132044 0.00852958)
(9.55909e-05 -9.16189e-05 0.00850896)
(3.91634e-05 -5.58178e-05 0.00851225)
(-1.84632e-06 -2.93923e-05 0.0085256)
(0.000201405 -0.000173776 0.00853638)
(0.000135263 -0.000131424 0.00849857)
(7.19102e-05 -9.52953e-05 0.00848715)
(1.77314e-05 -7.21621e-05 0.00849119)
(7.71261e-05 -8.36356e-05 0.00859245)
(4.0081e-05 -6.35324e-05 0.00858759)
(9.98714e-06 -4.72706e-05 0.00858917)
(-1.05105e-05 -3.49012e-05 0.00858616)
(9.81394e-05 -9.77686e-05 0.00861047)
(6.09883e-05 -7.49942e-05 0.00859897)
(2.80142e-05 -5.48071e-05 0.00859802)
(3.70943e-06 -3.90514e-05 0.00859815)
(0.000121407 -0.00011676 0.00862311)
(8.38027e-05 -9.24698e-05 0.00860361)
(4.80145e-05 -7.06456e-05 0.00859704)
(1.88175e-05 -5.41734e-05 0.00859538)
(0.000146046 -0.000142697 0.00863981)
(0.000107561 -0.000118059 0.00861066)
(6.82145e-05 -9.60621e-05 0.00859649)
(3.29589e-05 -8.01431e-05 0.00859117)
(6.36675e-05 -6.87923e-05 0.00864669)
(4.14737e-05 -5.63166e-05 0.00863768)
(2.19802e-05 -4.55355e-05 0.00862956)
(6.57826e-06 -3.67349e-05 0.00861361)
(7.69603e-05 -8.1841e-05 0.00866547)
(5.47687e-05 -6.7631e-05 0.0086533)
(3.37039e-05 -5.46363e-05 0.00864547)
(1.59793e-05 -4.4022e-05 0.00863519)
(9.13646e-05 -9.64138e-05 0.00868104)
(6.91216e-05 -8.14945e-05 0.00866442)
(4.66125e-05 -6.76457e-05 0.00865423)
(2.64791e-05 -5.6483e-05 0.008645)
(0.00010614 -0.000112719 0.00869909)
(8.38029e-05 -9.78723e-05 0.00867705)
(5.97361e-05 -8.39362e-05 0.00866287)
(3.69992e-05 -7.2701e-05 0.00865224)
(5.09711e-05 -5.5227e-05 0.00868414)
(3.7273e-05 -4.7205e-05 0.0086739)
(2.42769e-05 -3.98519e-05 0.0086615)
(1.28575e-05 -3.33818e-05 0.00863965)
(5.95269e-05 -6.59122e-05 0.00870224)
(4.59581e-05 -5.68447e-05 0.00869087)
(3.22067e-05 -4.82309e-05 0.00868041)
(1.94267e-05 -4.0753e-05 0.00866545)
(6.85843e-05 -7.66019e-05 0.00871738)
(5.51962e-05 -6.72333e-05 0.00870371)
(4.08436e-05 -5.81836e-05 0.00869273)
(2.69586e-05 -5.03555e-05 0.00868015)
(7.76402e-05 -8.69905e-05 0.00873365)
(6.45066e-05 -7.78151e-05 0.00871693)
(4.96162e-05 -6.87683e-05 0.00870391)
(3.4723e-05 -6.08267e-05 0.00869105)
(4.00133e-05 -4.3457e-05 0.00871026)
(3.12893e-05 -3.81438e-05 0.00870019)
(2.24208e-05 -3.30232e-05 0.0086862)
(1.39955e-05 -2.82157e-05 0.00866179)
(4.56286e-05 -5.17547e-05 0.00872702)
(3.71067e-05 -4.58405e-05 0.008717)
(2.79283e-05 -4.00009e-05 0.00870592)
(1.87144e-05 -3.46304e-05 0.00868907)
(5.14246e-05 -5.94466e-05 0.00874052)
(4.31818e-05 -5.3446e-05 0.00872945)
(3.3842e-05 -4.74085e-05 0.00871893)
(2.41742e-05 -4.18506e-05 0.0087052)
(5.70775e-05 -6.61607e-05 0.00875414)
(4.92045e-05 -6.03854e-05 0.00874137)
(3.97977e-05 -5.44222e-05 0.00872992)
(2.98366e-05 -4.883e-05 0.0087166)
(3.09798e-05 -3.36628e-05 0.00872867)
(2.52606e-05 -3.00618e-05 0.00871932)
(1.90956e-05 -2.64434e-05 0.00870502)
(1.28849e-05 -2.2866e-05 0.00867964)
(3.47307e-05 -3.99395e-05 0.00874393)
(2.92353e-05 -3.60079e-05 0.00873532)
(2.29848e-05 -3.19834e-05 0.00872451)
(1.63175e-05 -2.80972e-05 0.00870711)
(3.85008e-05 -4.54372e-05 0.0087555)
(3.33017e-05 -4.15286e-05 0.0087466)
(2.70926e-05 -3.74406e-05 0.00873701)
(2.02839e-05 -3.34786e-05 0.00872319)
(4.20833e-05 -4.98407e-05 0.0087665)
(3.72573e-05 -4.61543e-05 0.00875669)
(3.11737e-05 -4.21816e-05 0.00874684)
(2.43766e-05 -3.82562e-05 0.0087339)
(2.37392e-05 -2.57623e-05 0.00874177)
(1.98945e-05 -2.32797e-05 0.00873329)
(1.5545e-05 -2.0698e-05 0.00871923)
(1.09631e-05 -1.8041e-05 0.00869364)
(2.6282e-05 -3.04454e-05 0.0087556)
(2.26507e-05 -2.77907e-05 0.00874828)
(1.83194e-05 -2.49842e-05 0.00873807)
(1.34724e-05 -2.21646e-05 0.00872075)
(2.87695e-05 -3.43725e-05 0.00876537)
(2.54108e-05 -3.17904e-05 0.00875822)
(2.11995e-05 -2.89918e-05 0.00874964)
(1.63533e-05 -2.61632e-05 0.00873622)
(3.10688e-05 -3.73028e-05 0.0087741)
(2.80403e-05 -3.4923e-05 0.00876652)
(2.40145e-05 -3.22539e-05 0.00875811)
(1.92957e-05 -2.95017e-05 0.00874588)
(1.80442e-05 -1.95318e-05 0.00875117)
(1.54051e-05 -1.77991e-05 0.00874351)
(1.23005e-05 -1.59455e-05 0.00872989)
(8.91641e-06 -1.39781e-05 0.00870442)
(1.97886e-05 -2.29998e-05 0.00876374)
(1.73367e-05 -2.1185e-05 0.00875752)
(1.42916e-05 -1.92112e-05 0.008748)
(1.07532e-05 -1.7164e-05 0.008731)
(2.14501e-05 -2.58109e-05 0.00877199)
(1.92307e-05 -2.40848e-05 0.00876622)
(1.63241e-05 -2.21526e-05 0.00875858)
(1.28442e-05 -2.01309e-05 0.0087457)
(2.29419e-05 -2.77886e-05 0.00877887)
(2.09964e-05 -2.6237e-05 0.00877296)
(1.82764e-05 -2.44303e-05 0.00876577)
(1.49545e-05 -2.24993e-05 0.00875431)
(1.36235e-05 -1.46975e-05 0.00875794)
(1.17816e-05 -1.34775e-05 0.00875101)
(9.54624e-06 -1.21417e-05 0.00873785)
(7.04523e-06 -1.06895e-05 0.00871263)
(1.48317e-05 -1.72545e-05 0.00876949)
(1.31456e-05 -1.60017e-05 0.00876416)
(1.09803e-05 -1.4605e-05 0.00875527)
(8.38923e-06 -1.31187e-05 0.00873866)
(1.59531e-05 -1.92726e-05 0.00877649)
(1.44566e-05 -1.81072e-05 0.0087718)
(1.24212e-05 -1.6764e-05 0.00876497)
(9.90597e-06 -1.53177e-05 0.00875263)
(1.69306e-05 -2.06252e-05 0.00878192)
(1.56523e-05 -1.96043e-05 0.00877727)
(1.37818e-05 -1.83729e-05 0.00877107)
(1.14182e-05 -1.70155e-05 0.00876031)
(1.02239e-05 -1.09892e-05 0.00876284)
(8.92216e-06 -1.01251e-05 0.00875651)
(7.30315e-06 -9.16057e-06 0.00874378)
(5.45538e-06 -8.09221e-06 0.00871884)
(1.10668e-05 -1.28688e-05 0.00877357)
(9.89038e-06 -1.19974e-05 0.00876896)
(8.33783e-06 -1.10049e-05 0.00876061)
(6.43745e-06 -9.92645e-06 0.00874438)
(1.18303e-05 -1.43215e-05 0.0087796)
(1.08039e-05 -1.3528e-05 0.00877574)
(9.36267e-06 -1.25891e-05 0.00876957)
(7.53673e-06 -1.15535e-05 0.00875771)
(1.24765e-05 -1.52571e-05 0.00878391)
(1.16197e-05 -1.458e-05 0.00878021)
(1.0315e-05 -1.37353e-05 0.00877478)
(8.62039e-06 -1.27788e-05 0.00876463)
(7.62568e-06 -8.16613e-06 0.0087664)
(6.69797e-06 -7.55178e-06 0.00876055)
(5.52175e-06 -6.85524e-06 0.00874818)
(4.15903e-06 -6.07222e-06 0.00872349)
(8.21677e-06 -9.54359e-06 0.0087765)
(7.38728e-06 -8.93412e-06 0.00877243)
(6.26837e-06 -8.22723e-06 0.00876453)
(4.87493e-06 -7.44584e-06 0.00874862)
(8.74014e-06 -1.05909e-05 0.00878177)
(8.02687e-06 -1.0047e-05 0.00877854)
(6.99862e-06 -9.38804e-06 0.00877289)
(5.67054e-06 -8.64634e-06 0.00876144)
(9.17039e-06 -1.12436e-05 0.00878522)
(8.58699e-06 -1.07914e-05 0.00878223)
(7.66742e-06 -1.0209e-05 0.00877741)
(6.44698e-06 -9.53357e-06 0.00876774)
(5.64632e-06 -6.02529e-06 0.00876898)
(4.98246e-06 -5.58821e-06 0.0087635)
(4.1282e-06 -5.08625e-06 0.00875143)
(3.12724e-06 -4.51528e-06 0.00872695)
(6.06181e-06 -7.03041e-06 0.00877859)
(5.47338e-06 -6.60301e-06 0.00877495)
(4.66587e-06 -6.09951e-06 0.0087674)
(3.64702e-06 -5.53513e-06 0.00875176)
(6.42218e-06 -7.78507e-06 0.00878329)
(5.92224e-06 -7.41051e-06 0.00878054)
(5.18606e-06 -6.94719e-06 0.0087753)
(4.22116e-06 -6.41675e-06 0.00876417)
(6.7102e-06 -8.24277e-06 0.00878611)
(6.30837e-06 -7.93906e-06 0.00878365)
(5.65642e-06 -7.53615e-06 0.00877928)
(4.77665e-06 -7.05903e-06 0.00876999)
(4.13776e-06 -4.40172e-06 0.00877085)
(3.66344e-06 -4.09184e-06 0.00876565)
(3.04612e-06 -3.7322e-06 0.00875381)
(2.31666e-06 -3.31927e-06 0.00872951)
(4.42934e-06 -5.12957e-06 0.00878009)
(4.01178e-06 -4.8303e-06 0.00877678)
(3.43114e-06 -4.47308e-06 0.00876949)
(2.69132e-06 -4.06807e-06 0.00875406)
(4.67766e-06 -5.67076e-06 0.00878437)
(4.32626e-06 -5.41271e-06 0.00878197)
(3.80023e-06 -5.08764e-06 0.00877704)
(3.10309e-06 -4.71013e-06 0.00876615)
(4.87101e-06 -5.99212e-06 0.00878672)
(4.59253e-06 -5.7876e-06 0.00878464)
(4.1303e-06 -5.50886e-06 0.00878062)
(3.49858e-06 -5.1728e-06 0.00877161)
(2.9821e-06 -3.16404e-06 0.00877219)
(2.64655e-06 -2.94666e-06 0.00876721)
(2.2061e-06 -2.69226e-06 0.00875554)
(1.68238e-06 -2.39801e-06 0.00873137)
(3.18492e-06 -3.68363e-06 0.00878116)
(2.8911e-06 -3.47587e-06 0.00877808)
(2.4784e-06 -3.22519e-06 0.008771)
(1.94873e-06 -2.93837e-06 0.00875573)
(3.35497e-06 -4.06713e-06 0.00878513)
(3.10952e-06 -3.89046e-06 0.00878298)
(2.73746e-06 -3.66446e-06 0.00877828)
(2.24029e-06 -3.39889e-06 0.00876759)
(3.48435e-06 -4.29119e-06 0.00878713)
(3.29196e-06 -4.15398e-06 0.00878533)
(2.96699e-06 -3.96246e-06 0.00878157)
(2.51865e-06 -3.72803e-06 0.00877277)
(2.08747e-06 -2.21005e-06 0.00877314)
(1.85577e-06 -2.06114e-06 0.00876831)
(1.54971e-06 -1.88579e-06 0.00875677)
(1.18416e-06 -1.68183e-06 0.00873269)
(2.22547e-06 -2.57098e-06 0.00878191)
(2.0234e-06 -2.42986e-06 0.008779)
(1.73742e-06 -2.25815e-06 0.00877206)
(1.36848e-06 -2.06029e-06 0.00875691)
(2.33968e-06 -2.83596e-06 0.00878565)
(2.17183e-06 -2.71729e-06 0.0087837)
(1.91493e-06 -2.56363e-06 0.00877916)
(1.56964e-06 -2.38137e-06 0.0087686)
(2.42479e-06 -2.98871e-06 0.00878741)
(2.29445e-06 -2.89827e-06 0.00878581)
(2.07105e-06 -2.76929e-06 0.00878223)
(1.76081e-06 -2.60946e-06 0.00877359)
(1.38791e-06 -1.46749e-06 0.00877377)
(1.23523e-06 -1.37017e-06 0.00876905)
(1.03272e-06 -1.2551e-06 0.0087576)
(7.90303e-07 -1.12064e-06 0.0087336)
(1.47757e-06 -1.70591e-06 0.00878242)
(1.34478e-06 -1.61433e-06 0.00877963)
(1.15596e-06 -1.5022e-06 0.00877279)
(9.11713e-07 -1.37226e-06 0.00875772)
(1.55097e-06 -1.8803e-06 0.008786)
(1.44114e-06 -1.80395e-06 0.00878418)
(1.27194e-06 -1.70416e-06 0.00877975)
(1.04381e-06 -1.58494e-06 0.00876929)
(1.60462e-06 -1.97954e-06 0.0087876)
(1.52008e-06 -1.9224e-06 0.00878613)
(1.37338e-06 -1.83934e-06 0.00878267)
(1.1689e-06 -1.73531e-06 0.00877414)
(8.51852e-07 -9.11249e-07 0.00877418)
(7.57933e-07 -8.52511e-07 0.00876952)
(6.33747e-07 -7.83124e-07 0.00875813)
(4.85911e-07 -7.02201e-07 0.00873417)
(9.05543e-07 -1.058e-06 0.00878274)
(8.23859e-07 -1.00317e-06 0.00878002)
(7.08041e-07 -9.35657e-07 0.00877325)
(5.59012e-07 -8.57168e-07 0.00875823)
(9.49073e-07 -1.16471e-06 0.00878622)
(8.81636e-07 -1.11933e-06 0.00878448)
(7.7799e-07 -1.05939e-06 0.00878013)
(6.38775e-07 -9.87236e-07 0.00876973)
(9.80267e-07 -1.22452e-06 0.00878771)
(9.28688e-07 -1.19108e-06 0.00878634)
(8.39082e-07 -1.14145e-06 0.00878295)
(7.14413e-07 -1.07856e-06 0.00877449)
(5.01521e-07 -5.99367e-07 0.00877447)
(4.39499e-07 -5.62498e-07 0.00876986)
(3.59136e-07 -5.16832e-07 0.00875851)
(2.66945e-07 -4.62058e-07 0.00873458)
(5.33207e-07 -6.93213e-07 0.00878296)
(4.80524e-07 -6.60112e-07 0.0087803)
(4.07673e-07 -6.17508e-07 0.00877357)
(3.17603e-07 -5.66051e-07 0.00875859)
(5.58502e-07 -7.60537e-07 0.00878638)
(5.15743e-07 -7.33687e-07 0.00878469)
(4.52031e-07 -6.96663e-07 0.00878038)
(3.69407e-07 -6.50498e-07 0.00877002)
(5.76279e-07 -7.97298e-07 0.00878779)
(5.44087e-07 -7.77672e-07 0.00878647)
(4.90153e-07 -7.47238e-07 0.00878314)
(4.1686e-07 -7.07533e-07 0.00877472)
(0.0107914 -0.00123167 0.00956937)
(0.00598168 0.00283938 0.00144734)
(-0.000140062 -0.00167358 0.00652656)
(-0.00381834 -0.00303111 0.00278862)
(0.00136784 0.000602577 0.00939743)
(0.000401385 0.0031857 0.00634535)
(-0.000620721 -0.00247658 0.00547332)
(-0.000589797 -0.000581537 0.00281417)
(0.00174022 -0.0019853 0.00834264)
(0.00115667 0.000320938 0.00808265)
(0.000232719 -0.00068144 0.00658025)
(0.00730776 -0.00515756 0.000325889)
(0.00614333 0.00375906 0.00529426)
(0.00617675 -0.000391552 0.00806733)
(0.00762057 0.000347651 -0.00195025)
(0.0137769 -0.00354069 -0.00580983)
(0.00261415 -0.000274683 0.00941894)
(0.000717554 0.000372048 0.0193639)
(0.000559021 0.000726624 0.0156764)
(0.000408851 9.21649e-05 0.020734)
(-0.000453808 -0.000422698 0.00852614)
(7.61247e-05 0.00101154 0.0134675)
(0.000775026 0.00157678 0.0140979)
(0.00111635 0.000996441 0.0205545)
(-0.000856113 -4.68076e-06 0.00960947)
(0.000907168 0.00137525 0.0112517)
(0.00224493 0.00299729 0.0128012)
(0.00223421 0.00281623 0.0184551)
(0.000461737 0.000730629 0.0122103)
(0.00307325 0.00146254 0.0116164)
(0.00487413 0.00331725 0.0119056)
(0.00377577 0.00465076 0.0152262)
(-0.0010521 -0.000148369 0.00614935)
(-0.00111545 0.000213641 0.00951259)
(-0.000413103 0.00031231 0.00887414)
(-0.000341017 0.000244072 0.00825901)
(-0.00126185 -0.000146936 0.0066352)
(-0.00116845 0.000866519 0.00857819)
(-0.000651815 0.000946863 0.00846993)
(-0.000474375 0.000905685 0.0087299)
(-0.00100249 -0.000118555 0.0071566)
(-0.000698579 0.000860967 0.00801481)
(-0.000350834 0.00131076 0.00815117)
(-0.000287833 0.00153722 0.00888234)
(-0.000450873 -4.17964e-05 0.00765006)
(5.54976e-05 0.000690546 0.00786354)
(0.000310646 0.00141251 0.00763953)
(5.23339e-05 0.00206915 0.00830057)
(-0.00079392 -0.000120216 0.0072964)
(-0.000737376 1.73954e-05 0.00893152)
(-0.000206338 7.00646e-05 0.0088404)
(-0.000249398 -7.68211e-05 0.00898719)
(-0.000684675 -0.000148922 0.00749917)
(-0.00073174 0.00029978 0.00856399)
(-0.000392583 0.000280363 0.00870638)
(-0.000319899 0.0001342 0.00907942)
(-0.000472754 -0.000172072 0.00770741)
(-0.000556372 0.000285759 0.00828459)
(-0.000436323 0.000382419 0.00857509)
(-0.000354052 0.000362199 0.00911364)
(-0.000228339 -0.000173511 0.00791767)
(-0.000301176 0.000179668 0.00815929)
(-0.000339082 0.000391562 0.00840059)
(-0.000336291 0.000530162 0.00894725)
(-0.000323052 -6.59603e-05 0.00775881)
(-0.000369891 -2.86049e-05 0.00844716)
(-0.000162633 -2.32239e-05 0.00841632)
(-0.000204292 -0.000112083 0.00845438)
(-0.000254772 -0.00010267 0.00792368)
(-0.000356485 6.62593e-05 0.00840063)
(-0.000236734 4.8436e-05 0.00847239)
(-0.000227885 -2.3083e-05 0.00858879)
(-0.000152996 -0.000133495 0.00805487)
(-0.000288853 5.00351e-05 0.00833166)
(-0.000275731 7.48754e-05 0.00847623)
(-0.000244698 5.70628e-05 0.00866079)
(-4.22183e-05 -0.000149001 0.00816674)
(-0.000189174 4.89957e-06 0.00829372)
(-0.000262035 8.15982e-05 0.00843866)
(-0.000251243 0.000124309 0.00864583)
(-9.4999e-05 -3.36076e-05 0.00803245)
(-0.000160441 -2.5914e-05 0.00831224)
(-9.8019e-05 -3.43248e-05 0.00832542)
(-0.000122859 -8.21859e-05 0.00835566)
(-6.46729e-05 -6.59064e-05 0.00817832)
(-0.000149044 -1.9615e-06 0.00837897)
(-0.000119481 -1.06764e-05 0.00842339)
(-0.00012485 -4.40493e-05 0.00846769)
(-1.9103e-05 -9.34121e-05 0.00828021)
(-0.000117598 -1.71511e-05 0.00840283)
(-0.000131422 -4.16367e-06 0.00847269)
(-0.000127023 -1.13972e-05 0.0085377)
(3.46967e-05 -0.000112458 0.00835202)
(-6.98601e-05 -4.09921e-05 0.008412)
(-0.000122688 -3.45686e-06 0.00848263)
(-0.000126286 1.54935e-05 0.00855834)
(-7.62109e-06 -1.80094e-05 0.00819531)
(-6.15774e-05 -1.69216e-05 0.00830267)
(-5.31883e-05 -2.63094e-05 0.00831243)
(-6.97619e-05 -5.23868e-05 0.00832021)
(6.5595e-06 -4.44177e-05 0.00833092)
(-5.15849e-05 -1.76495e-05 0.00840774)
(-5.43028e-05 -2.06806e-05 0.00842378)
(-6.41959e-05 -3.62807e-05 0.00842801)
(2.87678e-05 -6.77788e-05 0.00842066)
(-3.31489e-05 -3.24486e-05 0.00846762)
(-5.23321e-05 -2.26697e-05 0.00849186)
(-5.90182e-05 -2.42865e-05 0.0085015)
(5.72675e-05 -8.68873e-05 0.0084776)
(-6.14845e-06 -5.02582e-05 0.00849922)
(-4.18562e-05 -2.78445e-05 0.00852423)
(-5.26401e-05 -1.55641e-05 0.00853944)
(2.169e-05 -1.05069e-05 0.00829523)
(-1.70982e-05 -1.00577e-05 0.00833107)
(-2.57987e-05 -1.72326e-05 0.00832945)
(-3.87448e-05 -3.286e-05 0.00832273)
(2.95245e-05 -3.17864e-05 0.00842509)
(-8.53811e-06 -1.8835e-05 0.00844804)
(-2.03698e-05 -1.93325e-05 0.0084446)
(-3.10994e-05 -2.76442e-05 0.00842912)
(4.18711e-05 -5.14173e-05 0.00850955)
(3.90209e-06 -3.29806e-05 0.00852122)
(-1.37404e-05 -2.54554e-05 0.00852059)
(-2.36093e-05 -2.52804e-05 0.00850554)
(5.83733e-05 -6.89339e-05 0.00856098)
(2.08137e-05 -4.83637e-05 0.00856301)
(-3.51048e-06 -3.37379e-05 0.00856401)
(-1.54805e-05 -2.47698e-05 0.00855229)
(2.86776e-05 -6.65923e-06 0.00835977)
(1.8269e-06 -5.75829e-06 0.00836568)
(-1.05151e-05 -1.06857e-05 0.00835471)
(-2.13965e-05 -2.09301e-05 0.0083389)
(3.37858e-05 -2.36681e-05 0.00848625)
(8.88071e-06 -1.6314e-05 0.00848594)
(-3.78446e-06 -1.59212e-05 0.00847082)
(-1.38416e-05 -2.09471e-05 0.00844505)
(4.15423e-05 -3.98966e-05 0.00856806)
(1.78449e-05 -2.91555e-05 0.00856392)
(3.48045e-06 -2.35478e-05 0.00855035)
(-6.30853e-06 -2.28958e-05 0.00852356)
(5.18656e-05 -5.50047e-05 0.00861706)
(2.91394e-05 -4.25258e-05 0.0086101)
(1.22789e-05 -3.25904e-05 0.00859919)
(1.57149e-06 -2.58006e-05 0.00857499)
(2.7456e-05 -4.50519e-06 0.00840372)
(8.91802e-06 -3.25176e-06 0.00839722)
(-2.5836e-06 -6.49675e-06 0.0083803)
(-1.17382e-05 -1.36104e-05 0.00835918)
(3.11423e-05 -1.79725e-05 0.00852812)
(1.45622e-05 -1.32037e-05 0.00851801)
(3.64263e-06 -1.25717e-05 0.0084965)
(-5.07991e-06 -1.58777e-05 0.00846531)
(3.64428e-05 -3.1105e-05 0.00860836)
(2.12066e-05 -2.42676e-05 0.00859755)
(1.0117e-05 -2.01498e-05 0.00857753)
(1.59166e-06 -1.94334e-05 0.00854502)
(4.32816e-05 -4.35674e-05 0.00865588)
(2.90665e-05 -3.55263e-05 0.00864533)
(1.7224e-05 -2.86062e-05 0.00862884)
(8.44035e-06 -2.34171e-05 0.00859878)
(2.35812e-05 -3.18258e-06 0.00843476)
(1.06478e-05 -1.83151e-06 0.00842331)
(1.15745e-06 -3.93546e-06 0.00840305)
(-6.37565e-06 -9.03038e-06 0.0083789)
(2.63601e-05 -1.37337e-05 0.00855782)
(1.5075e-05 -1.03724e-05 0.00854383)
(6.37405e-06 -9.73426e-06 0.00851904)
(-8.37266e-07 -1.2011e-05 0.00848498)
(3.01564e-05 -2.41501e-05 0.00863698)
(2.0055e-05 -1.95225e-05 0.00862365)
(1.17008e-05 -1.65025e-05 0.00860061)
(4.71291e-06 -1.5848e-05 0.00856527)
(3.48622e-05 -3.41065e-05 0.00868333)
(2.56665e-05 -2.86959e-05 0.00867172)
(1.7259e-05 -2.37879e-05 0.00865285)
(1.03426e-05 -1.98217e-05 0.00862008)
(1.92374e-05 -2.30557e-06 0.00845721)
(1.0091e-05 -1.03351e-06 0.00844398)
(2.64549e-06 -2.39382e-06 0.00842201)
(-3.40584e-06 -6.09867e-06 0.00839617)
(2.13591e-05 -1.04865e-05 0.00857936)
(1.35154e-05 -8.01553e-06 0.00856406)
(6.81973e-06 -7.44824e-06 0.00853773)
(1.0441e-06 -9.05341e-06 0.00850216)
(2.41406e-05 -1.86118e-05 0.00865769)
(1.726e-05 -1.53591e-05 0.00864369)
(1.1035e-05 -1.31367e-05 0.00861936)
(5.49555e-06 -1.258e-05 0.00858265)
(2.74563e-05 -2.63883e-05 0.00870303)
(2.13272e-05 -2.26405e-05 0.00869148)
(1.53036e-05 -1.91144e-05 0.00867176)
(9.9735e-06 -1.60949e-05 0.00863783)
(1.5245e-05 -1.69198e-06 0.00847367)
(8.6962e-06 -5.84508e-07 0.00846)
(2.99336e-06 -1.46812e-06 0.00843724)
(-1.77192e-06 -4.18234e-06 0.00841049)
(1.68647e-05 -7.97532e-06 0.00859517)
(1.13175e-05 -6.12725e-06 0.00857966)
(6.2497e-06 -5.65116e-06 0.00855269)
(1.72234e-06 -6.79804e-06 0.00851635)
(1.8922e-05 -1.42299e-05 0.00867284)
(1.41313e-05 -1.1894e-05 0.00865894)
(9.51291e-06 -1.02534e-05 0.00863418)
(5.20926e-06 -9.79893e-06 0.00859684)
(2.12919e-05 -2.02069e-05 0.0087173)
(1.71042e-05 -1.75621e-05 0.00870623)
(1.27544e-05 -1.50077e-05 0.0086864)
(8.69624e-06 -1.27219e-05 0.00865205)
(1.18604e-05 -1.24863e-06 0.00848582)
(7.12591e-06 -3.30504e-07 0.00847224)
(2.81215e-06 -9.09791e-07 0.0084492)
(-8.83171e-07 -2.90568e-06 0.00842197)
(1.30909e-05 -6.03449e-06 0.00860685)
(9.116e-06 -4.64563e-06 0.00859155)
(5.31228e-06 -4.25959e-06 0.0085644)
(1.81646e-06 -5.08617e-06 0.00852768)
(1.46171e-05 -1.0799e-05 0.00868398)
(1.12252e-05 -9.10228e-06 0.00867047)
(7.80358e-06 -7.8894e-06 0.00864567)
(4.5036e-06 -7.52897e-06 0.00860809)
(1.63254e-05 -1.53397e-05 0.0087277)
(1.34074e-05 -1.34517e-05 0.00871723)
(1.02459e-05 -1.15921e-05 0.00869759)
(7.17929e-06 -9.87182e-06 0.00866317)
(9.10838e-06 -9.22734e-07 0.00849482)
(5.66251e-06 -1.86e-07 0.00848152)
(2.42335e-06 -5.70286e-07 0.00845843)
(-4.08416e-07 -2.04046e-06 0.00843096)
(1.00376e-05 -4.54139e-06 0.00861549)
(7.16295e-06 -3.49862e-06 0.00860054)
(4.32168e-06 -3.19315e-06 0.00857342)
(1.65216e-06 -3.79257e-06 0.00853654)
(1.11694e-05 -8.14045e-06 0.0086922)
(8.73877e-06 -6.90135e-06 0.00867914)
(6.20516e-06 -6.00495e-06 0.00865448)
(3.69829e-06 -5.72531e-06 0.00861683)
(1.24069e-05 -1.156e-05 0.00873531)
(1.03432e-05 -1.02028e-05 0.00872541)
(8.03444e-06 -8.84582e-06 0.00870606)
(5.72934e-06 -7.55854e-06 0.00867174)
(6.92454e-06 -6.81179e-07 0.00850148)
(4.4068e-06 -1.03524e-07 0.0084885)
(1.98727e-06 -3.61711e-07 0.00846548)
(-1.61943e-07 -1.44489e-06 0.00843789)
(7.62185e-06 -3.39909e-06 0.00862189)
(5.53105e-06 -2.61894e-06 0.0086073)
(3.41628e-06 -2.3818e-06 0.00858029)
(1.39568e-06 -2.81832e-06 0.00854336)
(8.45961e-06 -6.09845e-06 0.00869827)
(6.70385e-06 -5.19188e-06 0.00868562)
(4.82933e-06 -4.53059e-06 0.00866115)
(2.93908e-06 -4.31736e-06 0.00862353)
(9.35802e-06 -8.65564e-06 0.00874088)
(7.88316e-06 -7.67626e-06 0.00873149)
(6.19234e-06 -6.68552e-06 0.00871244)
(4.46756e-06 -5.7275e-06 0.00867827)
(5.21734e-06 -5.0143e-07 0.00850641)
(3.37561e-06 -5.65122e-08 0.00849372)
(1.57723e-06 -2.3208e-07 0.0084708)
(-3.98999e-08 -1.02907e-06 0.00844316)
(5.73722e-06 -2.52926e-06 0.00862662)
(4.21272e-06 -1.94856e-06 0.00861236)
(2.6447e-06 -1.76743e-06 0.00858548)
(1.12744e-06 -2.08595e-06 0.00854854)
(6.3552e-06 -4.54017e-06 0.00870274)
(5.08153e-06 -3.8774e-06 0.00869046)
(3.6974e-06 -3.39114e-06 0.00866618)
(2.28196e-06 -3.23089e-06 0.0086286)
(7.00761e-06 -6.44012e-06 0.00874496)
(5.94671e-06 -5.7325e-06 0.00873598)
(4.70765e-06 -5.01006e-06 0.00871721)
(3.42337e-06 -4.30108e-06 0.00868319)
(3.89423e-06 -3.67314e-07 0.00851004)
(2.54965e-06 -2.99413e-08 0.0084976)
(1.22117e-06 -1.50497e-07 0.00847478)
(1.5458e-08 -7.34796e-07 0.00844713)
(4.27888e-06 -1.86874e-06 0.00863011)
(3.16839e-06 -1.43948e-06 0.00861611)
(2.012e-06 -1.30318e-06 0.00858936)
(8.8248e-07 -1.53539e-06 0.00855244)
(4.73232e-06 -3.35544e-06 0.00870603)
(3.80802e-06 -2.87255e-06 0.00869403)
(2.79021e-06 -2.51686e-06 0.00866992)
(1.7386e-06 -2.398e-06 0.00863241)
(5.20499e-06 -4.75687e-06 0.00874795)
(4.44015e-06 -4.24639e-06 0.0087393)
(3.53415e-06 -3.72142e-06 0.00872075)
(2.58392e-06 -3.20026e-06 0.00868687)
(2.87209e-06 -2.66868e-07 0.0085127)
(1.89668e-06 -1.52112e-08 0.00850046)
(9.24493e-07 -9.8431e-08 0.00847774)
(3.59848e-08 -5.2362e-07 0.00845009)
(3.15369e-06 -1.36697e-06 0.00863266)
(2.34936e-06 -1.05287e-06 0.00861887)
(1.50406e-06 -9.51936e-07 0.00859224)
(6.72644e-07 -1.12031e-06 0.00855533)
(3.4835e-06 -2.45478e-06 0.00870843)
(2.81586e-06 -2.10552e-06 0.00869667)
(2.07337e-06 -1.84758e-06 0.00867269)
(1.30042e-06 -1.76064e-06 0.00863524)
(3.82383e-06 -3.47821e-06 0.00875012)
(3.27416e-06 -3.11201e-06 0.00874172)
(2.61601e-06 -2.73325e-06 0.00872336)
(1.9197e-06 -2.35381e-06 0.00868959)
(2.0804e-06 -1.91108e-07 0.00851463)
(1.38247e-06 -7.34148e-09 0.00850254)
(6.82292e-07 -6.46165e-08 0.00847989)
(3.90874e-08 -3.69552e-07 0.00845225)
(2.28315e-06 -9.83906e-07 0.0086345)
(1.70827e-06 -7.57857e-07 0.00862088)
(1.09996e-06 -6.8463e-07 0.00859434)
(4.9859e-07 -8.05093e-07 0.00855746)
(2.51939e-06 -1.76677e-06 0.00871016)
(2.04315e-06 -1.51772e-06 0.00869858)
(1.5096e-06 -1.33348e-06 0.00867471)
(9.51125e-07 -1.27105e-06 0.00863731)
(2.76122e-06 -2.5021e-06 0.00875169)
(2.37062e-06 -2.24272e-06 0.00874348)
(1.89916e-06 -1.97325e-06 0.00872526)
(1.3972e-06 -1.70133e-06 0.00869158)
(1.46202e-06 -1.3333e-07 0.00851599)
(9.7601e-07 -3.42365e-09 0.00850402)
(4.861e-07 -4.20851e-08 0.00848143)
(3.43508e-08 -2.54738e-07 0.0084538)
(1.60384e-06 -6.88502e-07 0.00863581)
(1.20388e-06 -5.30456e-07 0.00862231)
(7.78528e-07 -4.78929e-07 0.00859583)
(3.56419e-07 -5.62758e-07 0.00855897)
(1.76838e-06 -1.23568e-06 0.00871139)
(1.43752e-06 -1.06285e-06 0.00869994)
(1.06483e-06 -9.34827e-07 0.00867615)
(6.73171e-07 -8.91296e-07 0.00863878)
(1.93579e-06 -1.74892e-06 0.0087528)
(1.66517e-06 -1.56991e-06 0.00874473)
(1.33661e-06 -1.3833e-06 0.00872661)
(9.85194e-07 -1.19392e-06 0.008693)
(9.75021e-07 -8.90601e-08 0.00851693)
(6.52972e-07 -2.02343e-09 0.00850504)
(3.27177e-07 -2.6948e-08 0.00848249)
(2.63243e-08 -1.67523e-07 0.00845487)
(1.06933e-06 -4.59064e-07 0.0086367)
(8.0455e-07 -3.54056e-07 0.00862329)
(5.21813e-07 -3.19504e-07 0.00859686)
(2.40579e-07 -3.74491e-07 0.00856002)
(1.17827e-06 -8.22128e-07 0.00871223)
(9.59418e-07 -7.08067e-07 0.00870086)
(7.11901e-07 -6.23473e-07 0.00867714)
(4.51108e-07 -5.94394e-07 0.0086398)
(1.2886e-06 -1.16232e-06 0.00875355)
(1.10991e-06 -1.04482e-06 0.00874558)
(8.9205e-07 -9.22003e-07 0.00872753)
(6.58327e-07 -7.96621e-07 0.00869397)
(6.00632e-07 -5.7508e-08 0.00851752)
(4.02737e-07 -3.98242e-09 0.00850568)
(2.0253e-07 -1.92688e-08 0.00848316)
(1.69112e-08 -1.06218e-07 0.00845553)
(6.58241e-07 -2.8924e-07 0.00863727)
(4.95729e-07 -2.25292e-07 0.00862391)
(3.22327e-07 -2.044e-07 0.00859751)
(1.48824e-07 -2.387e-07 0.00856067)
(7.24637e-07 -5.13276e-07 0.00871276)
(5.90237e-07 -4.44008e-07 0.00870145)
(4.38406e-07 -3.92697e-07 0.00867776)
(2.77233e-07 -3.75894e-07 0.00864044)
(7.91852e-07 -7.2331e-07 0.00875402)
(6.82128e-07 -6.52482e-07 0.00874612)
(5.48558e-07 -5.78353e-07 0.00872812)
(4.03973e-07 -5.03103e-07 0.00869458)
(3.51331e-07 -3.81621e-08 0.00851795)
(2.20697e-07 -9.80725e-09 0.00850615)
(9.23097e-08 -2.61096e-08 0.00848365)
(-1.59659e-08 -8.22358e-08 0.00845603)
(3.85362e-07 -1.90509e-07 0.00863768)
(2.75789e-07 -1.55067e-07 0.00862436)
(1.62463e-07 -1.47585e-07 0.00859798)
(5.92741e-08 -1.69198e-07 0.00856115)
(4.24911e-07 -3.42837e-07 0.00871314)
(3.34e-07 -3.03212e-07 0.00870187)
(2.34477e-07 -2.74241e-07 0.00867821)
(1.37025e-07 -2.61238e-07 0.0086409)
(4.65103e-07 -4.80462e-07 0.00875436)
(3.90977e-07 -4.38971e-07 0.0087465)
(3.03359e-07 -3.93887e-07 0.00872853)
(2.13302e-07 -3.44795e-07 0.00869503)
(0.014883 -0.0135427 -0.00666463)
(0.00979707 -0.000617527 0.0060937)
(0.00424394 0.000900461 0.0050239)
(0.00110638 0.00044757 0.00221901)
(-0.00239918 0.00874819 0.00443356)
(-0.000232428 -0.00287691 0.000411929)
(0.00175742 0.00303584 0.00749159)
(0.00221763 0.00244946 0.00904195)
(0.000195126 0.00887137 0.00409051)
(-0.00185813 -0.000641697 0.00136783)
(0.00246569 -0.00151481 1.5833e-05)
(0.0013596 0.00348426 0.00328468)
(0.00103443 0.000969119 0.000559435)
(0.00408028 -0.00242904 0.00093833)
(0.00304796 -0.0045854 0.000507677)
(-0.00396096 0.00458536 0.00490225)
(0.000931098 0.00271454 0.0182352)
(0.00140133 0.00255713 0.0204242)
(0.00193806 0.00118543 0.0191033)
(0.00117963 0.000629532 0.0165716)
(0.000379953 0.0037092 0.0125305)
(-0.00020092 0.00352181 0.0158748)
(0.000286851 0.00327287 0.0145877)
(0.000885523 0.0024125 0.0123015)
(0.00158532 0.0033847 0.00864148)
(0.000907508 0.00232947 0.00997887)
(0.00060492 0.00285389 0.0101875)
(0.000645589 0.00361939 0.0117809)
(0.00232339 0.000173747 0.000288803)
(0.00162138 -0.000538457 0.00559759)
(0.0003852 0.00036869 0.00161539)
(-0.00040925 0.00304722 0.0056106)
(-0.000130655 0.00187189 0.00930228)
(0.000138233 0.00161243 0.0100069)
(0.000521028 0.00118274 0.00943664)
(0.000614945 0.000904558 0.00851629)
(0.000347225 0.00228991 0.00875969)
(0.000536317 0.00229028 0.00918177)
(0.000795983 0.00205503 0.00883895)
(0.000847605 0.00177643 0.00823787)
(0.000800674 0.00207323 0.00757259)
(0.000851264 0.00199834 0.00763744)
(0.000725551 0.00201372 0.00717213)
(0.000557009 0.00203215 0.00704133)
(0.0010635 0.000793005 0.00529401)
(0.000874848 0.000472181 0.00607098)
(0.000510756 0.000554992 0.00529403)
(0.000173605 0.00100642 0.00565139)
(-0.000224357 0.000533367 0.0092993)
(-0.000107182 0.000408648 0.00952127)
(6.91468e-05 0.000252314 0.00942204)
(9.84578e-05 0.000143918 0.00921152)
(9.65072e-06 0.000821006 0.00895137)
(0.000193772 0.000780874 0.00910581)
(0.000363263 0.000673688 0.00894528)
(0.000331431 0.000585209 0.00869146)
(0.000152935 0.000866528 0.00831219)
(0.000281383 0.000819833 0.00838107)
(0.000346643 0.000738708 0.00818137)
(0.00024311 0.000657171 0.00800678)
(0.000173414 0.000390377 0.00749045)
(0.000185306 0.000186105 0.00767886)
(0.000204011 4.83961e-05 0.00754911)
(8.65086e-05 2.28443e-05 0.00749638)
(-0.000175333 0.000146556 0.00877815)
(-0.00013881 9.66229e-05 0.00882548)
(-7.97028e-05 3.58644e-05 0.00876266)
(-5.68725e-05 -2.60715e-05 0.0086262)
(-7.289e-05 0.000277743 0.00866428)
(7.59934e-06 0.000257532 0.00871957)
(8.38482e-05 0.00021323 0.00863034)
(8.5556e-05 0.000171021 0.00846021)
(-3.65215e-05 0.000294714 0.00840435)
(2.67951e-05 0.000264109 0.00845351)
(8.16692e-05 0.00020756 0.00836226)
(5.9527e-05 0.000150417 0.0082069)
(-5.73826e-05 9.12722e-05 0.00809155)
(-4.14983e-05 -1.09232e-05 0.00819227)
(1.16884e-05 -0.00011367 0.00815504)
(5.45876e-06 -0.000175973 0.00805847)
(-9.40663e-05 2.50462e-05 0.00861009)
(-8.9782e-05 6.13138e-06 0.00860801)
(-7.23074e-05 -2.17881e-05 0.00855332)
(-6.52231e-05 -5.60938e-05 0.00845365)
(-5.21032e-05 7.27866e-05 0.00857026)
(-2.87894e-05 6.66862e-05 0.00857897)
(3.13572e-07 4.68484e-05 0.00851644)
(4.31136e-06 2.21841e-05 0.00839738)
(-4.22331e-05 6.44017e-05 0.00847074)
(-2.40091e-05 5.36853e-05 0.00848393)
(1.37183e-06 2.59639e-05 0.00842268)
(2.27894e-08 -5.53757e-06 0.00830317)
(-5.33781e-05 -3.21079e-05 0.00835969)
(-5.37322e-05 -7.1368e-05 0.00839745)
(-2.57069e-05 -0.000120576 0.00836438)
(-1.28015e-05 -0.000157925 0.00827)
(-4.11796e-05 -1.54557e-05 0.00856241)
(-4.78974e-05 -2.01621e-05 0.00853444)
(-4.65933e-05 -3.15365e-05 0.00847114)
(-4.81179e-05 -4.8724e-05 0.00837305)
(-2.11327e-05 -3.54459e-06 0.00856309)
(-2.13779e-05 -2.06058e-06 0.00854394)
(-1.46053e-05 -9.51907e-06 0.00848008)
(-1.58206e-05 -2.26213e-05 0.00837149)
(-1.51768e-05 -1.88407e-05 0.00853471)
(-1.75574e-05 -1.85187e-05 0.00852162)
(-1.13038e-05 -2.89026e-05 0.00846069)
(-1.30093e-05 -4.42364e-05 0.00835051)
(-1.56198e-05 -6.89736e-05 0.00850322)
(-2.53013e-05 -7.91602e-05 0.00850188)
(-1.75706e-05 -9.76253e-05 0.00845497)
(-1.11334e-05 -0.000114922 0.00835508)
(-1.23856e-05 -2.86768e-05 0.00856405)
(-2.19618e-05 -2.71278e-05 0.00852258)
(-2.66334e-05 -3.01342e-05 0.00845195)
(-3.22638e-05 -3.74138e-05 0.00835146)
(-8.63479e-07 -3.03524e-05 0.00858484)
(-9.25965e-06 -2.5656e-05 0.00855007)
(-1.2159e-05 -2.67872e-05 0.00848033)
(-1.76013e-05 -3.2679e-05 0.00837171)
(4.85612e-06 -4.47641e-05 0.0085871)
(-4.80957e-06 -4.00162e-05 0.00855823)
(-8.00607e-06 -4.19613e-05 0.00849172)
(-1.31004e-05 -4.85655e-05 0.00838102)
(9.27506e-06 -7.2781e-05 0.00858569)
(-3.22817e-06 -7.18036e-05 0.00856327)
(-5.87064e-06 -7.64691e-05 0.00850395)
(-6.83066e-06 -8.33661e-05 0.00839709)
(1.5314e-06 -3.07293e-05 0.00858163)
(-7.86466e-06 -2.6759e-05 0.00853304)
(-1.42408e-05 -2.57541e-05 0.00845772)
(-2.1136e-05 -2.77485e-05 0.00835495)
(9.15842e-06 -3.67382e-05 0.00861193)
(-1.00917e-06 -3.11951e-05 0.00856851)
(-7.41704e-06 -2.93709e-05 0.00849383)
(-1.46957e-05 -3.11604e-05 0.00838323)
(1.45168e-05 -4.84247e-05 0.00862709)
(3.4916e-06 -4.2627e-05 0.00858928)
(-3.33953e-06 -4.10168e-05 0.00851777)
(-1.04255e-05 -4.31937e-05 0.00840458)
(2.00847e-05 -6.51881e-05 0.00863676)
(8.04876e-06 -6.08393e-05 0.00860327)
(1.36487e-06 -6.01606e-05 0.00853587)
(-3.64101e-06 -6.23444e-05 0.00842363)
(7.3621e-06 -2.8098e-05 0.0086028)
(-8.11536e-07 -2.35524e-05 0.0085506)
(-7.09786e-06 -2.09036e-05 0.00847266)
(-1.38141e-05 -2.03445e-05 0.00836846)
(1.28062e-05 -3.48232e-05 0.00863723)
(3.32455e-06 -2.95418e-05 0.0085893)
(-3.68281e-06 -2.65825e-05 0.00851158)
(-1.11633e-05 -2.62323e-05 0.00839925)
(1.74107e-05 -4.38492e-05 0.00865743)
(7.31692e-06 -3.84298e-05 0.00861489)
(-2.12695e-07 -3.56241e-05 0.00854006)
(-7.72552e-06 -3.56954e-05 0.0084247)
(2.25357e-05 -5.45041e-05 0.00867069)
(1.22003e-05 -4.97872e-05 0.00863165)
(4.68986e-06 -4.74235e-05 0.0085596)
(-1.73145e-06 -4.76332e-05 0.00844386)
(9.04051e-06 -2.38177e-05 0.00862261)
(2.32351e-06 -1.95374e-05 0.00856868)
(-3.19018e-06 -1.64678e-05 0.0084894)
(-9.09422e-06 -1.48632e-05 0.00838443)
(1.30523e-05 -2.99379e-05 0.00865856)
(5.01907e-06 -2.5359e-05 0.00860841)
(-1.40533e-06 -2.22187e-05 0.00852897)
(-8.19996e-06 -2.09375e-05 0.00841553)
(1.67918e-05 -3.67993e-05 0.00868036)
(8.33054e-06 -3.22277e-05 0.00863552)
(1.3909e-06 -2.92866e-05 0.0085588)
(-5.59017e-06 -2.84658e-05 0.008442)
(2.09929e-05 -4.39162e-05 0.00869424)
(1.26065e-05 -3.98197e-05 0.00865262)
(5.66409e-06 -3.72275e-05 0.00857814)
(-7.01484e-07 -3.67003e-05 0.00846033)
(8.75408e-06 -1.93329e-05 0.00863947)
(3.41203e-06 -1.56416e-05 0.0085848)
(-1.14689e-06 -1.27277e-05 0.0085049)
(-6.05259e-06 -1.08523e-05 0.00839959)
(1.17411e-05 -2.44634e-05 0.00867572)
(5.25769e-06 -2.06951e-05 0.00862462)
(-1.78515e-07 -1.78158e-05 0.00854433)
(-5.94767e-06 -1.6257e-05 0.00843026)
(1.46678e-05 -2.96514e-05 0.00869764)
(7.88711e-06 -2.5989e-05 0.00865185)
(1.99275e-06 -2.33458e-05 0.00857419)
(-4.02618e-06 -2.22431e-05 0.00845654)
(1.7927e-05 -3.45814e-05 0.008711)
(1.13361e-05 -3.13136e-05 0.00866837)
(5.4487e-06 -2.9009e-05 0.00859274)
(-1.90364e-07 -2.82816e-05 0.00847381)
(7.65705e-06 -1.52702e-05 0.00865314)
(3.49662e-06 -1.22398e-05 0.00859824)
(-1.44076e-07 -9.71389e-06 0.0085181)
(-4.08051e-06 -7.93177e-06 0.00841266)
(9.88261e-06 -1.93941e-05 0.00868917)
(4.795e-06 -1.63915e-05 0.00863777)
(3.94834e-07 -1.39394e-05 0.00855712)
(-4.30278e-06 -1.24272e-05 0.00844275)
(1.21196e-05 -2.33064e-05 0.00871065)
(6.82644e-06 -2.04576e-05 0.0086646)
(2.04347e-06 -1.82481e-05 0.00858654)
(-2.9081e-06 -1.71516e-05 0.00846846)
(1.45758e-05 -2.68068e-05 0.00872311)
(9.49732e-06 -2.43031e-05 0.00868026)
(4.73456e-06 -2.24185e-05 0.00860416)
(3.8701e-08 -2.171e-05 0.00848466)
(6.33409e-06 -1.18418e-05 0.00866392)
(3.14051e-06 -9.43005e-06 0.00860902)
(2.98016e-07 -7.34946e-06 0.00852883)
(-2.78789e-06 -5.80589e-06 0.00842338)
(7.98736e-06 -1.50749e-05 0.00869955)
(4.06611e-06 -1.2734e-05 0.00864815)
(6.01729e-07 -1.07353e-05 0.00856741)
(-3.11813e-06 -9.4086e-06 0.00845291)
(9.67103e-06 -1.80181e-05 0.00872041)
(5.60786e-06 -1.58423e-05 0.00867443)
(1.83625e-06 -1.40697e-05 0.00859627)
(-2.11158e-06 -1.31e-05 0.00847799)
(1.14926e-05 -2.05426e-05 0.00873195)
(7.6305e-06 -1.86645e-05 0.00868921)
(3.88776e-06 -1.71864e-05 0.00861301)
(1.23936e-07 -1.65744e-05 0.00849326)
(5.06037e-06 -9.06313e-06 0.00867226)
(2.63505e-06 -7.18387e-06 0.00861746)
(4.50536e-07 -5.52463e-06 0.00853731)
(-1.92887e-06 -4.25526e-06 0.0084319)
(6.2835e-06 -1.15564e-05 0.00870746)
(3.29876e-06 -9.75946e-06 0.00865621)
(6.21769e-07 -8.17657e-06 0.0085755)
(-2.26647e-06 -7.07609e-06 0.00846097)
(7.5376e-06 -1.37641e-05 0.00872771)
(4.45482e-06 -1.21225e-05 0.00868194)
(1.53793e-06 -1.07369e-05 0.00860383)
(-1.54105e-06 -9.93048e-06 0.00848548)
(8.87609e-06 -1.56016e-05 0.00873842)
(5.96649e-06 -1.42093e-05 0.00869593)
(3.08187e-06 -1.3077e-05 0.0086198)
(1.40903e-07 -1.25785e-05 0.00849995)
(3.9476e-06 -6.86624e-06 0.00867863)
(2.12141e-06 -5.42445e-06 0.00862396)
(4.6249e-07 -4.13047e-06 0.00854388)
(-1.34921e-06 -3.12043e-06 0.00843853)
(4.84861e-06 -8.76577e-06 0.00871345)
(2.59826e-06 -7.40261e-06 0.00866238)
(5.57935e-07 -6.17433e-06 0.00858174)
(-1.6518e-06 -5.29346e-06 0.00846724)
(5.77576e-06 -1.04158e-05 0.00873316)
(3.45759e-06 -9.18827e-06 0.00868763)
(1.23361e-06 -8.12434e-06 0.00860962)
(-1.12878e-06 -7.47863e-06 0.00849127)
(6.75377e-06 -1.17595e-05 0.00874317)
(4.57782e-06 -1.07347e-05 0.00870096)
(2.38555e-06 -9.88008e-06 0.00862494)
(1.28822e-07 -9.48747e-06 0.00850508)
(3.02483e-06 -5.15607e-06 0.00868345)
(1.66034e-06 -4.06372e-06 0.00862891)
(4.13152e-07 -3.0716e-06 0.00854891)
(-9.51757e-07 -2.28644e-06 0.00844361)
(3.68551e-06 -6.5886e-06 0.00871794)
(2.00282e-06 -5.5648e-06 0.00866706)
(4.65091e-07 -4.62663e-06 0.00858651)
(-1.20524e-06 -3.93906e-06 0.00847204)
(4.36674e-06 -7.81628e-06 0.0087372)
(2.63706e-06 -6.90512e-06 0.0086919)
(9.60842e-07 -6.09937e-06 0.00861401)
(-8.27987e-07 -5.59556e-06 0.00849568)
(5.07834e-06 -8.79995e-06 0.00874665)
(3.46187e-06 -8.04962e-06 0.0087047)
(1.81443e-06 -7.4114e-06 0.00862882)
(1.06952e-07 -7.10903e-06 0.00850898)
(2.28235e-06 -3.83674e-06 0.00868705)
(1.27126e-06 -3.01881e-06 0.00863263)
(3.4291e-07 -2.26931e-06 0.0085527)
(-6.74782e-07 -1.67035e-06 0.00844745)
(2.76409e-06 -4.90622e-06 0.00872129)
(1.51664e-06 -4.14487e-06 0.00867056)
(3.70074e-07 -3.43824e-06 0.0085901)
(-8.78194e-07 -2.91223e-06 0.00847567)
(3.26142e-06 -5.81386e-06 0.0087402)
(1.9814e-06 -5.14275e-06 0.00869509)
(7.31771e-07 -4.53998e-06 0.0086173)
(-6.06373e-07 -4.15483e-06 0.00849901)
(3.7768e-06 -6.53233e-06 0.00874921)
(2.58476e-06 -5.98596e-06 0.00870747)
(1.3598e-06 -5.51388e-06 0.00863171)
(8.40556e-08 -5.28502e-06 0.0085119)
(1.69482e-06 -2.82237e-06 0.00868973)
(9.53711e-07 -2.2181e-06 0.0086354)
(2.71003e-07 -1.66064e-06 0.00855552)
(-4.78432e-07 -1.21201e-06 0.00845031)
(2.04315e-06 -3.61101e-06 0.00872376)
(1.12853e-06 -3.0516e-06 0.00867316)
(2.84348e-07 -2.52729e-06 0.00859278)
(-6.36311e-07 -2.13251e-06 0.00847838)
(2.40301e-06 -4.27553e-06 0.0087424)
(1.46588e-06 -3.78621e-06 0.00869745)
(5.46082e-07 -3.34138e-06 0.00861975)
(-4.41355e-07 -3.05255e-06 0.00850149)
(2.77355e-06 -4.79673e-06 0.00875106)
(1.90333e-06 -4.40206e-06 0.0087095)
(1.00374e-06 -4.05679e-06 0.00863384)
(6.36182e-08 -3.88646e-06 0.00851406)
(1.23285e-06 -2.04034e-06 0.00869168)
(6.98751e-07 -1.60227e-06 0.00863742)
(2.05574e-07 -1.19602e-06 0.00855759)
(-3.36432e-07 -8.6736e-07 0.00845242)
(1.48107e-06 -2.61136e-06 0.00872556)
(8.2182e-07 -2.20756e-06 0.00867507)
(2.11501e-07 -1.82622e-06 0.00859474)
(-4.5503e-07 -1.53661e-06 0.00848037)
(1.73761e-06 -3.08996e-06 0.00874399)
(1.06295e-06 -2.7389e-06 0.00869917)
(3.98201e-07 -2.41675e-06 0.00862154)
(-3.16816e-07 -2.20502e-06 0.00850331)
(2.00041e-06 -3.46273e-06 0.0087524)
(1.37537e-06 -3.18165e-06 0.00871097)
(7.26495e-07 -2.93334e-06 0.00863539)
(4.66321e-08 -2.80921e-06 0.00851565)
(8.68844e-07 -1.43194e-06 0.00869308)
(4.95095e-07 -1.124e-06 0.00863887)
(1.49379e-07 -8.37187e-07 0.00855908)
(-2.31044e-07 -6.04083e-07 0.00845393)
(1.04095e-06 -1.83289e-06 0.00872684)
(5.79567e-07 -1.55002e-06 0.00867642)
(1.51505e-07 -1.28123e-06 0.00859614)
(-3.1661e-07 -1.07562e-06 0.0084818)
(1.21887e-06 -2.16759e-06 0.00874512)
(7.47182e-07 -1.92281e-06 0.00870039)
(2.81124e-07 -1.6965e-06 0.00862282)
(-2.2107e-07 -1.54625e-06 0.00850461)
(1.40039e-06 -2.42693e-06 0.00875335)
(9.64205e-07 -2.23205e-06 0.00871202)
(5.10014e-07 -2.05854e-06 0.0086365)
(3.30454e-08 -1.9708e-06 0.00851677)
(5.80103e-07 -9.54893e-07 0.00869404)
(3.32039e-07 -7.49388e-07 0.00863987)
(1.02129e-07 -5.57022e-07 0.0085601)
(-1.50927e-07 -3.99685e-07 0.00845497)
(6.9372e-07 -1.22196e-06 0.00872772)
(3.87376e-07 -1.03375e-06 0.00867735)
(1.02693e-07 -8.53756e-07 0.00859711)
(-2.08972e-07 -7.14622e-07 0.00848278)
(8.11131e-07 -1.44419e-06 0.0087459)
(4.9817e-07 -1.2819e-06 0.00870123)
(1.88372e-07 -1.13077e-06 0.00862369)
(-1.46182e-07 -1.02897e-06 0.0085055)
(9.30518e-07 -1.61563e-06 0.00875399)
(6.41525e-07 -1.48694e-06 0.00871273)
(3.40029e-07 -1.37149e-06 0.00863725)
(2.24308e-08 -1.312e-06 0.00851755)
(3.53963e-07 -6.00111e-07 0.00869464)
(2.0271e-07 -4.72674e-07 0.0086405)
(6.23572e-08 -3.52402e-07 0.00856074)
(-9.33669e-08 -2.50932e-07 0.00845562)
(4.22581e-07 -7.65566e-07 0.00872827)
(2.35452e-07 -6.49289e-07 0.00867794)
(6.17354e-08 -5.36814e-07 0.00859771)
(-1.29641e-07 -4.46965e-07 0.0084834)
(4.94955e-07 -9.0147e-07 0.00874638)
(3.03916e-07 -8.01316e-07 0.00870176)
(1.14926e-07 -7.06872e-07 0.00862425)
(-9.04215e-08 -6.4061e-07 0.00850607)
(5.68473e-07 -1.00555e-06 0.0087544)
(3.92327e-07 -9.26064e-07 0.00871318)
(2.08709e-07 -8.5377e-07 0.00863773)
(1.38517e-08 -8.14092e-07 0.00851804)
(1.84628e-07 -3.98157e-07 0.00869507)
(9.96528e-08 -3.16685e-07 0.00864095)
(1.4513e-08 -2.36614e-07 0.00856121)
(-7.36658e-08 -1.68797e-07 0.0084561)
(2.3253e-07 -5.04846e-07 0.00872866)
(1.24488e-07 -4.29256e-07 0.00867836)
(1.76366e-08 -3.53713e-07 0.00859815)
(-9.21457e-08 -2.91699e-07 0.00848385)
(2.81636e-07 -5.94198e-07 0.00874672)
(1.6924e-07 -5.29297e-07 0.00870212)
(5.28107e-08 -4.65748e-07 0.00862463)
(-6.60749e-08 -4.17016e-07 0.00850647)
(3.30491e-07 -6.60425e-07 0.00875467)
(2.26558e-07 -6.08915e-07 0.00871348)
(1.14955e-07 -5.59767e-07 0.00863805)
(1.7085e-09 -5.26668e-07 0.00851837)
)
;

boundaryField
{
    inlet
    {
        type            calculated;
        value           uniform (0 0 0.00911);
    }
    outlet
    {
        type            calculated;
        value           nonuniform List<vector> 
48
(
(5.01521e-07 -5.99367e-07 0.00877447)
(5.33207e-07 -6.93213e-07 0.00878296)
(5.58502e-07 -7.60537e-07 0.00878638)
(5.76279e-07 -7.97298e-07 0.00878779)
(4.39499e-07 -5.62498e-07 0.00876986)
(4.80524e-07 -6.60112e-07 0.0087803)
(5.15743e-07 -7.33687e-07 0.00878469)
(5.44087e-07 -7.77672e-07 0.00878647)
(3.59136e-07 -5.16832e-07 0.00875851)
(4.07673e-07 -6.17508e-07 0.00877357)
(4.52031e-07 -6.96663e-07 0.00878038)
(4.90153e-07 -7.47238e-07 0.00878314)
(2.66945e-07 -4.62058e-07 0.00873458)
(3.17603e-07 -5.66051e-07 0.00875859)
(3.69407e-07 -6.50498e-07 0.00877002)
(4.1686e-07 -7.07533e-07 0.00877472)
(1.84628e-07 -3.98157e-07 0.00869507)
(2.3253e-07 -5.04846e-07 0.00872866)
(2.81636e-07 -5.94198e-07 0.00874672)
(3.30491e-07 -6.60425e-07 0.00875467)
(9.96528e-08 -3.16685e-07 0.00864095)
(1.24488e-07 -4.29256e-07 0.00867836)
(1.6924e-07 -5.29297e-07 0.00870212)
(2.26558e-07 -6.08915e-07 0.00871348)
(1.4513e-08 -2.36614e-07 0.00856121)
(1.76366e-08 -3.53713e-07 0.00859815)
(5.28107e-08 -4.65748e-07 0.00862463)
(1.14955e-07 -5.59767e-07 0.00863805)
(-7.36658e-08 -1.68797e-07 0.0084561)
(-9.21457e-08 -2.91699e-07 0.00848385)
(-6.60749e-08 -4.17016e-07 0.00850647)
(1.7085e-09 -5.26668e-07 0.00851837)
(3.51331e-07 -3.81621e-08 0.00851795)
(3.85362e-07 -1.90509e-07 0.00863768)
(4.24911e-07 -3.42837e-07 0.00871314)
(4.65103e-07 -4.80462e-07 0.00875436)
(2.20697e-07 -9.80725e-09 0.00850615)
(2.75789e-07 -1.55067e-07 0.00862436)
(3.34e-07 -3.03212e-07 0.00870187)
(3.90977e-07 -4.38971e-07 0.0087465)
(9.23097e-08 -2.61096e-08 0.00848365)
(1.62463e-07 -1.47585e-07 0.00859798)
(2.34477e-07 -2.74241e-07 0.00867821)
(3.03359e-07 -3.93887e-07 0.00872853)
(-1.59659e-08 -8.22358e-08 0.00845603)
(5.92741e-08 -1.69198e-07 0.00856115)
(1.37025e-07 -2.61238e-07 0.0086409)
(2.13302e-07 -3.44795e-07 0.00869503)
)
;
    }
    wall
    {
        type            calculated;
        value           nonuniform List<vector> 
192
(
(0.0105676 0.00104082 0.00956937)
(0.00256224 0.000252359 0.00941894)
(-0.00105647 -0.000104053 0.00614935)
(-0.000798019 -7.8598e-05 0.0072964)
(-0.000326383 -3.21459e-05 0.00775881)
(-9.73646e-05 -9.58958e-06 0.00803245)
(-9.3046e-06 -9.16423e-07 0.00819531)
(2.04567e-05 2.01481e-06 0.00829523)
(2.77525e-05 2.73338e-06 0.00835977)
(2.67528e-05 2.63492e-06 0.00840372)
(2.30442e-05 2.26965e-06 0.00843476)
(1.88277e-05 1.85437e-06 0.00845721)
(1.49335e-05 1.47082e-06 0.00847367)
(1.16247e-05 1.14493e-06 0.00848582)
(8.93087e-06 8.79613e-07 0.00849482)
(6.79157e-06 6.68911e-07 0.00850148)
(5.1183e-06 5.04109e-07 0.00850641)
(3.82099e-06 3.76335e-07 0.00851004)
(2.81847e-06 2.77595e-07 0.0085127)
(2.04178e-06 2.01097e-07 0.00851463)
(1.43497e-06 1.41332e-07 0.00851599)
(9.56966e-07 9.42529e-08 0.00851693)
(5.89252e-07 5.80363e-08 0.00851752)
(3.44233e-07 3.3904e-08 0.00851795)
(0.00626637 0.00190088 0.00144734)
(0.000760439 0.000230677 0.0193639)
(-0.000962113 -0.000291854 0.00951259)
(-0.000670409 -0.000203366 0.00893152)
(-0.000346668 -0.000105161 0.00844716)
(-0.00015412 -4.67517e-05 0.00831224)
(-6.10891e-05 -1.85312e-05 0.00830267)
(-1.84513e-05 -5.59713e-06 0.00833107)
(7.33921e-08 2.22633e-08 0.00836568)
(7.26325e-06 2.20328e-06 0.00839722)
(9.24177e-06 2.80346e-06 0.00842331)
(8.95358e-06 2.71604e-06 0.00844398)
(7.80105e-06 2.36642e-06 0.00846)
(6.43364e-06 1.95162e-06 0.00847224)
(5.13369e-06 1.55729e-06 0.00848152)
(4.00671e-06 1.21542e-06 0.0084885)
(3.07547e-06 9.32933e-07 0.00849372)
(2.32648e-06 7.05731e-07 0.0084976)
(1.73263e-06 5.25589e-07 0.00850046)
(1.26394e-06 3.83412e-07 0.00850254)
(8.92815e-07 2.70833e-07 0.00850402)
(5.97387e-07 1.81215e-07 0.00850504)
(3.67694e-07 1.11539e-07 0.00850568)
(1.99376e-07 6.04799e-08 0.00850615)
(-0.000804703 -0.000430123 0.00652656)
(0.000736881 0.000393871 0.0156764)
(-0.000191467 -0.000102341 0.00887414)
(-0.000131358 -7.02124e-05 0.0088404)
(-0.000136149 -7.2773e-05 0.00841632)
(-9.05077e-05 -4.83774e-05 0.00832542)
(-5.23068e-05 -2.79586e-05 0.00831243)
(-2.723e-05 -1.45547e-05 0.00832945)
(-1.26209e-05 -6.746e-06 0.00835471)
(-4.71041e-06 -2.51777e-06 0.0083803)
(-7.3586e-07 -3.93325e-07 0.00840305)
(1.06243e-06 5.6788e-07 0.00842201)
(1.71784e-06 9.18204e-07 0.00843724)
(1.80901e-06 9.66938e-07 0.0084492)
(1.64776e-06 8.80744e-07 0.00845843)
(1.39529e-06 7.458e-07 0.00846548)
(1.13026e-06 6.04139e-07 0.0084708)
(8.87243e-07 4.74241e-07 0.00847478)
(6.78136e-07 3.62471e-07 0.00847774)
(5.03813e-07 2.69294e-07 0.00847989)
(3.60585e-07 1.92737e-07 0.00848143)
(2.4327e-07 1.30031e-07 0.00848249)
(1.49514e-07 7.9917e-08 0.00848316)
(6.09424e-08 3.25744e-08 0.00848365)
(-0.00376806 -0.00309237 0.00278862)
(0.000289504 0.00023759 0.020734)
(-8.40819e-05 -6.90042e-05 0.00825901)
(-0.000186699 -0.00015322 0.00898719)
(-0.000177038 -0.000145291 0.00845438)
(-0.000113717 -9.33251e-05 0.00835566)
(-6.7376e-05 -5.5294e-05 0.00832021)
(-3.92661e-05 -3.22249e-05 0.00832273)
(-2.30493e-05 -1.89161e-05 0.0083389)
(-1.36885e-05 -1.12339e-05 0.00835918)
(-8.23817e-06 -6.76089e-06 0.0083789)
(-5.02588e-06 -4.12464e-06 0.00839617)
(-3.10979e-06 -2.55214e-06 0.00841049)
(-1.95266e-06 -1.60251e-06 0.00842197)
(-1.24467e-06 -1.02148e-06 0.00843096)
(-8.05332e-07 -6.60919e-07 0.00843789)
(-5.28489e-07 -4.3372e-07 0.00844316)
(-3.51102e-07 -2.88142e-07 0.00844713)
(-2.35277e-07 -1.93087e-07 0.00845009)
(-1.57869e-07 -1.2956e-07 0.00845225)
(-1.04395e-07 -8.5675e-08 0.0084538)
(-6.64219e-08 -5.4511e-08 0.00845487)
(-4.19834e-08 -3.44548e-08 0.00845553)
(-4.98682e-08 -4.09257e-08 0.00845603)
(0.000664753 0.000810004 0.00221901)
(0.00151112 0.0028271 0.00904195)
(0.00108244 0.00356833 0.00328468)
(0.000409226 0.00415494 0.00490225)
(0.000783465 0.000954654 0.0165716)
(0.00119974 0.00224455 0.0123015)
(0.00105981 0.00349374 0.0117809)
(0.00029331 0.00297803 0.0056106)
(0.000691076 0.000842079 0.00851629)
(0.000926876 0.00173406 0.00823787)
(0.000611438 0.00201564 0.00704133)
(9.98395e-05 0.00101369 0.00565139)
(0.000110201 0.000134281 0.00921152)
(0.000316941 0.000592954 0.00869146)
(0.000203038 0.000669326 0.00800678)
(3.05947e-06 3.10633e-05 0.00749638)
(-3.56739e-05 -4.34687e-05 0.0086262)
(9.01113e-05 0.000168586 0.00846021)
(4.67996e-05 0.000154278 0.0082069)
(-1.71129e-05 -0.00017375 0.00805847)
(-5.37573e-05 -6.55035e-05 0.00845365)
(1.01808e-05 1.90469e-05 0.00839738)
(-1.53633e-06 -5.06461e-06 0.00830317)
(-1.55278e-05 -0.000157656 0.00827)
(-4.32592e-05 -5.27114e-05 0.00837305)
(-1.292e-05 -2.41717e-05 0.00837149)
(-1.33844e-05 -4.41226e-05 0.00835051)
(-1.1317e-05 -0.000114904 0.00835508)
(-3.13322e-05 -3.81784e-05 0.00835146)
(-1.74971e-05 -3.27347e-05 0.00837171)
(-1.45947e-05 -4.81122e-05 0.00838102)
(-8.19759e-06 -8.32315e-05 0.00839709)
(-2.2114e-05 -2.69459e-05 0.00835495)
(-1.62201e-05 -3.03456e-05 0.00838323)
(-1.28771e-05 -4.24501e-05 0.00840458)
(-6.11638e-06 -6.21006e-05 0.00842363)
(-1.55364e-05 -1.89311e-05 0.00836846)
(-1.33863e-05 -2.50441e-05 0.00839925)
(-1.05666e-05 -3.48335e-05 0.0084247)
(-4.66303e-06 -4.73445e-05 0.00844386)
(-1.09488e-05 -1.33411e-05 0.00838443)
(-1.05266e-05 -1.96939e-05 0.00841553)
(-8.37842e-06 -2.76199e-05 0.008442)
(-3.58668e-06 -3.64162e-05 0.00846033)
(-7.75779e-06 -9.45289e-06 0.00839959)
(-8.08024e-06 -1.51171e-05 0.00843026)
(-6.51807e-06 -2.14872e-05 0.00845654)
(-2.76057e-06 -2.80285e-05 0.00847381)
(-5.5319e-06 -6.74064e-06 0.00841266)
(-6.12256e-06 -1.14545e-05 0.00844275)
(-5.00952e-06 -1.65142e-05 0.00846846)
(-2.11733e-06 -2.14976e-05 0.00848466)
(-3.96917e-06 -4.83644e-06 0.00842338)
(-4.60438e-06 -8.61418e-06 0.00845291)
(-3.81691e-06 -1.25827e-05 0.00847799)
(-1.61556e-06 -1.64031e-05 0.00849326)
(-2.86303e-06 -3.48861e-06 0.0084319)
(-3.44542e-06 -6.44593e-06 0.00846097)
(-2.8884e-06 -9.52177e-06 0.00848548)
(-1.22562e-06 -1.24439e-05 0.00849995)
(-2.07323e-06 -2.52624e-06 0.00843853)
(-2.56773e-06 -4.80388e-06 0.00846724)
(-2.17257e-06 -7.162e-06 0.00849127)
(-9.24219e-07 -9.38375e-06 0.00850508)
(-1.50429e-06 -1.83298e-06 0.00844361)
(-1.90543e-06 -3.5648e-06 0.00847204)
(-1.62413e-06 -5.35405e-06 0.00849568)
(-6.92424e-07 -7.0303e-06 0.00850898)
(-1.0907e-06 -1.32902e-06 0.00844745)
(-1.40586e-06 -2.63018e-06 0.00847567)
(-1.20525e-06 -3.97316e-06 0.00849901)
(-5.14721e-07 -5.22605e-06 0.0085119)
(-7.86908e-07 -9.58851e-07 0.00845031)
(-1.02796e-06 -1.92317e-06 0.00847838)
(-8.85144e-07 -2.91793e-06 0.00850149)
(-3.78494e-07 -3.84292e-06 0.00851406)
(-5.60746e-07 -6.83271e-07 0.00845242)
(-7.39937e-07 -1.38432e-06 0.00848037)
(-6.39219e-07 -2.10722e-06 0.00850331)
(-2.73577e-07 -2.77767e-06 0.00851565)
(-3.89222e-07 -4.74269e-07 0.00845393)
(-5.17527e-07 -9.68225e-07 0.0084818)
(-4.48154e-07 -1.47737e-06 0.00850461)
(-1.91925e-07 -1.94864e-06 0.00851677)
(-2.56744e-07 -3.12843e-07 0.00845497)
(-3.4353e-07 -6.42699e-07 0.00848278)
(-2.9815e-07 -9.82869e-07 0.0085055)
(-1.27764e-07 -1.29721e-06 0.00851755)
(-1.60631e-07 -1.9573e-07 0.00845562)
(-2.14627e-07 -4.01539e-07 0.0084834)
(-1.85571e-07 -6.11747e-07 0.00850607)
(-7.92776e-08 -8.04919e-07 0.00851804)
(-1.12424e-07 -1.36989e-07 0.0084561)
(-1.41746e-07 -2.65187e-07 0.00848385)
(-1.21409e-07 -4.0023e-07 0.00850647)
(-5.13575e-08 -5.21441e-07 0.00851837)
)
;
    }
    procBoundary1to0
    {
        type            processor;
        value           nonuniform List<vector> 
192
(
(0.00219002 -0.00343373 0.00715263)
(0.0080067 -0.00454216 0.002109)
(-0.00176905 0.000227607 0.000556166)
(0.00242825 -0.00151445 0.000860039)
(-0.00070105 0.000173084 0.0124627)
(-0.000709491 0.000731549 0.0122606)
(-0.00159779 0.00073045 0.0094463)
(-0.00114796 1.61985e-05 0.0124222)
(-0.00046429 -4.79638e-05 0.00808745)
(-0.000581476 0.000157472 0.00777252)
(-0.000466169 -6.37662e-05 0.00685096)
(-1.70897e-05 -0.000455649 0.00662653)
(3.62608e-05 -0.000209688 0.00817974)
(4.74149e-05 -0.000119661 0.00813467)
(0.000196616 -0.000205324 0.00788738)
(0.000472741 -0.000446745 0.00776261)
(0.000203604 -0.000201084 0.00830501)
(0.000247257 -0.000173426 0.00832075)
(0.000343328 -0.000215998 0.0082566)
(0.000483736 -0.000353295 0.00822999)
(0.000194773 -0.000162454 0.00843479)
(0.000233524 -0.000167138 0.0084597)
(0.000291646 -0.000200609 0.00845506)
(0.000364556 -0.000277347 0.00846743)
(0.000151495 -0.000128981 0.0085381)
(0.000178856 -0.000144946 0.00856443)
(0.000213866 -0.000172325 0.00858067)
(0.000253864 -0.000216564 0.00860646)
(0.000113104 -0.00010237 0.0086114)
(0.000131128 -0.00011945 0.00863676)
(0.000152316 -0.000140406 0.00865825)
(0.000175094 -0.000166765 0.00868537)
(8.43241e-05 -8.0706e-05 0.00866145)
(9.5987e-05 -9.53398e-05 0.00868478)
(0.000108943 -0.000110623 0.00870564)
(0.000122251 -0.00012673 0.00872956)
(6.31346e-05 -6.29404e-05 0.00869568)
(7.06877e-05 -7.44443e-05 0.00871661)
(7.87104e-05 -8.53088e-05 0.00873494)
(8.66357e-05 -9.53402e-05 0.00875461)
(4.73935e-05 -4.85361e-05 0.00871926)
(5.23212e-05 -5.7231e-05 0.00873781)
(5.73524e-05 -6.48714e-05 0.00875325)
(6.21414e-05 -7.12181e-05 0.00876888)
(3.5594e-05 -3.70579e-05 0.00873566)
(3.88401e-05 -4.35056e-05 0.00875205)
(4.20331e-05 -4.88659e-05 0.00876483)
(4.49593e-05 -5.29404e-05 0.00877705)
(2.67057e-05 -2.80613e-05 0.00874716)
(2.8866e-05 -3.27982e-05 0.00876172)
(3.09149e-05 -3.65665e-05 0.00877226)
(3.27184e-05 -3.92203e-05 0.00878174)
(1.99992e-05 -2.11058e-05 0.00875529)
(2.14512e-05 -2.45704e-05 0.00876836)
(2.27795e-05 -2.72303e-05 0.00877709)
(2.38991e-05 -2.89836e-05 0.00878444)
(1.49396e-05 -1.57851e-05 0.00876108)
(1.59245e-05 -1.83137e-05 0.00877296)
(1.67939e-05 -2.02003e-05 0.00878028)
(1.74934e-05 -2.13744e-05 0.008786)
(1.11255e-05 -1.17463e-05 0.00876523)
(1.17989e-05 -1.35894e-05 0.00877619)
(1.23729e-05 -1.49334e-05 0.00878242)
(1.28123e-05 -1.57295e-05 0.00878691)
(8.25158e-06 -8.69588e-06 0.00876821)
(8.71496e-06 -1.00371e-05 0.00877846)
(9.09681e-06 -1.09974e-05 0.00878387)
(9.37411e-06 -1.15435e-05 0.00878745)
(6.08461e-06 -6.39702e-06 0.00877036)
(6.40478e-06 -7.36998e-06 0.00878007)
(6.66027e-06 -8.05646e-06 0.00878487)
(6.8359e-06 -8.43423e-06 0.00878776)
(4.44549e-06 -4.66225e-06 0.0087719)
(4.6668e-06 -5.36343e-06 0.00878121)
(4.83824e-06 -5.85258e-06 0.00878555)
(4.94976e-06 -6.1146e-06 0.00878795)
(3.1968e-06 -3.34509e-06 0.008773)
(3.34877e-06 -3.84372e-06 0.00878202)
(3.46342e-06 -4.18856e-06 0.00878603)
(3.53413e-06 -4.36938e-06 0.00878807)
(2.23418e-06 -2.33314e-06 0.00877377)
(2.33649e-06 -2.67843e-06 0.00878258)
(2.41194e-06 -2.91565e-06 0.00878635)
(2.45617e-06 -3.03824e-06 0.00878814)
(1.48389e-06 -1.54749e-06 0.00877429)
(1.54983e-06 -1.77492e-06 0.00878296)
(1.5975e-06 -1.93034e-06 0.00878657)
(1.6241e-06 -2.01002e-06 0.00878818)
(9.11069e-07 -9.59452e-07 0.00877461)
(9.5023e-07 -1.09892e-06 0.0087832)
(9.77907e-07 -1.19362e-06 0.0087867)
(9.92458e-07 -1.24168e-06 0.0087882)
(5.42403e-07 -6.27819e-07 0.00877485)
(5.63845e-07 -7.16504e-07 0.00878337)
(5.78505e-07 -7.76492e-07 0.0087868)
(5.85329e-07 -8.05836e-07 0.00878822)
(0.000501033 -0.00471019 0.0029257)
(-0.00716548 -0.0010072 0.00176439)
(0.00164115 -0.000948239 0.00340142)
(0.01101 -0.00132798 0.00489222)
(-0.00198826 -0.000440681 0.00629992)
(-0.00290819 -0.000579108 0.00665553)
(-0.00147494 -0.000556369 0.00909027)
(0.000100913 -0.00031005 0.0107799)
(-0.000192234 -0.000226761 0.00523333)
(-0.000510157 -0.000442992 0.00567607)
(-0.000438111 -0.000494683 0.00655146)
(-0.000286723 -0.000361813 0.00731286)
(0.000264 -0.000166803 0.00686414)
(0.000128728 -0.000310156 0.00714737)
(7.34955e-05 -0.000354305 0.00750869)
(6.28007e-05 -0.000318568 0.00786501)
(0.000274985 -9.77802e-05 0.00759796)
(0.000219093 -0.000179067 0.00780591)
(0.000190776 -0.000221429 0.00800026)
(0.000187164 -0.000228242 0.00816984)
(0.000195566 -5.67945e-05 0.00798471)
(0.000174441 -0.000106158 0.00814512)
(0.000166773 -0.000140011 0.00827048)
(0.000172859 -0.00015844 0.00836561)
(0.000133326 -3.51442e-05 0.00818611)
(0.000125683 -6.82441e-05 0.00832659)
(0.000125768 -9.47661e-05 0.00842538)
(0.0001338 -0.000114616 0.00849238)
(9.33367e-05 -2.34066e-05 0.00829886)
(9.09118e-05 -4.7341e-05 0.00843049)
(9.32867e-05 -6.83825e-05 0.00851868)
(0.000100403 -8.64284e-05 0.00857465)
(6.76624e-05 -1.65111e-05 0.00836705)
(6.72556e-05 -3.45157e-05 0.00849429)
(6.99612e-05 -5.1228e-05 0.00857777)
(7.55449e-05 -6.64717e-05 0.0086289)
(5.02209e-05 -1.20648e-05 0.00841137)
(5.05578e-05 -2.58133e-05 0.00853618)
(5.29618e-05 -3.8963e-05 0.00861723)
(5.7129e-05 -5.12951e-05 0.00866577)
(3.77344e-05 -8.97513e-06 0.00844165)
(3.82922e-05 -1.94958e-05 0.00856498)
(4.02457e-05 -2.97176e-05 0.00864455)
(4.3286e-05 -3.94165e-05 0.00869139)
(2.84863e-05 -6.72666e-06 0.00846303)
(2.90547e-05 -1.47505e-05 0.00858536)
(3.0577e-05 -2.26055e-05 0.00866391)
(3.27729e-05 -3.00878e-05 0.00870946)
(2.1515e-05 -5.05065e-06 0.00847841)
(2.20162e-05 -1.11382e-05 0.00860004)
(2.31769e-05 -1.71158e-05 0.00867783)
(2.47568e-05 -2.28107e-05 0.00872236)
(1.6221e-05 -3.78817e-06 0.0084896)
(1.66346e-05 -8.38087e-06 0.00861072)
(1.75084e-05 -1.28936e-05 0.00868792)
(1.86445e-05 -1.71863e-05 0.00873164)
(1.21933e-05 -2.83405e-06 0.00849778)
(1.25223e-05 -6.28028e-06 0.00861853)
(1.31748e-05 -9.66453e-06 0.00869527)
(1.39922e-05 -1.2877e-05 0.00873835)
(9.13082e-06 -2.11292e-06 0.00850379)
(9.38636e-06 -4.68531e-06 0.00862425)
(9.87093e-06 -7.20861e-06 0.00870064)
(1.04596e-05 -9.59848e-06 0.00874321)
(6.80476e-06 -1.56829e-06 0.00850819)
(6.99995e-06 -3.4778e-06 0.00862844)
(7.35788e-06 -5.34844e-06 0.00870456)
(7.78183e-06 -7.11645e-06 0.00874674)
(5.03822e-06 -1.15692e-06 0.00851141)
(5.18519e-06 -2.56482e-06 0.0086315)
(5.44795e-06 -3.9423e-06 0.00870742)
(5.75275e-06 -5.24179e-06 0.0087493)
(3.69354e-06 -8.45468e-07 0.00851375)
(3.80252e-06 -1.8735e-06 0.00863373)
(3.99365e-06 -2.87809e-06 0.0087095)
(4.21163e-06 -3.82432e-06 0.00875116)
(2.66347e-06 -6.08147e-07 0.00851544)
(2.74267e-06 -1.34694e-06 0.00863533)
(2.87955e-06 -2.068e-06 0.00871099)
(3.03356e-06 -2.74626e-06 0.00875249)
(1.86551e-06 -4.25294e-07 0.00851664)
(1.92128e-06 -9.41503e-07 0.00863647)
(2.01663e-06 -1.44441e-06 0.00871204)
(2.12278e-06 -1.91689e-06 0.00875342)
(1.24101e-06 -2.83187e-07 0.00851745)
(1.27828e-06 -6.2662e-07 0.00863724)
(1.34147e-06 -9.59723e-07 0.00871276)
(1.41127e-06 -1.27234e-06 0.00875406)
(7.63713e-07 -1.76776e-07 0.00851797)
(7.86394e-07 -3.91561e-07 0.00863773)
(8.24948e-07 -5.96917e-07 0.00871321)
(8.67341e-07 -7.89564e-07 0.00875446)
(4.60882e-07 -1.09584e-07 0.00851835)
(4.73786e-07 -2.51304e-07 0.00863808)
(4.9483e-07 -3.91477e-07 0.00871353)
(5.18221e-07 -5.17997e-07 0.00875475)
)
;
    }
    procBoundary1to3
    {
        type            processor;
        value           nonuniform List<vector> 
192
(
(0.00150252 0.00313637 0.00696897)
(-0.00213415 -0.00170325 0.00228701)
(-0.0018058 -0.00112382 0.00326621)
(-0.00343702 -0.000505111 0.0010712)
(-0.000617378 0.00156085 0.00976718)
(0.000215928 0.00126954 0.0111917)
(0.00131833 0.00131882 0.0107693)
(0.00182768 0.000389293 0.00873659)
(0.000408367 -5.06492e-05 0.00631566)
(0.00044548 0.000306069 0.00628296)
(0.000741136 0.000507719 0.00622865)
(0.00080945 0.000254663 0.00569451)
(0.000591715 -0.000388887 0.00748474)
(0.000383534 -0.000130111 0.00730303)
(0.00028879 3.34191e-05 0.0072436)
(0.000104329 1.68848e-05 0.0071794)
(0.000488469 -0.000369497 0.00806069)
(0.000303514 -0.000233712 0.00792791)
(0.000145706 -0.000137797 0.0078847)
(-3.60842e-05 -0.000114854 0.00790281)
(0.000351067 -0.000294565 0.00838368)
(0.000231489 -0.000224023 0.00829661)
(0.000112853 -0.00016898 0.00826508)
(-7.85192e-06 -0.000143952 0.00828035)
(0.000243862 -0.000226008 0.00856803)
(0.00017395 -0.000187015 0.00851018)
(0.000100086 -0.000153796 0.0084844)
(2.79888e-05 -0.000132971 0.00848582)
(0.000169991 -0.000171007 0.00866898)
(0.000130484 -0.000148266 0.0086295)
(8.69664e-05 -0.00012739 0.00860741)
(4.45179e-05 -0.000111574 0.00859894)
(0.000120186 -0.000128333 0.0087235)
(9.79201e-05 -0.000114629 0.00869572)
(7.23699e-05 -0.000101237 0.0086768)
(4.68428e-05 -8.98088e-05 0.00866342)
(8.6088e-05 -9.57454e-05 0.0087531)
(7.34008e-05 -8.73348e-05 0.00873303)
(5.81488e-05 -7.8662e-05 0.00871704)
(4.23003e-05 -7.06386e-05 0.00870206)
(6.22406e-05 -7.11376e-05 0.00876922)
(5.48879e-05 -6.59204e-05 0.00875442)
(4.55624e-05 -6.02751e-05 0.00874107)
(3.54049e-05 -5.4731e-05 0.0087262)
(4.52734e-05 -5.27033e-05 0.008778)
(4.09253e-05 -4.94438e-05 0.00876694)
(3.50725e-05 -4.57534e-05 0.00875585)
(2.83768e-05 -4.19511e-05 0.00874181)
(3.30562e-05 -3.89674e-05 0.00878278)
(3.04267e-05 -3.69194e-05 0.00877441)
(2.66578e-05 -3.44953e-05 0.00876519)
(2.21387e-05 -3.1893e-05 0.0087522)
(2.41885e-05 -2.87672e-05 0.00878537)
(2.25608e-05 -2.74734e-05 0.00877897)
(2.00754e-05 -2.5872e-05 0.00877125)
(1.69665e-05 -2.40885e-05 0.00875925)
(1.77168e-05 -2.12072e-05 0.00878677)
(1.66857e-05 -2.03852e-05 0.00878181)
(1.50122e-05 -1.93205e-05 0.00877526)
(1.28411e-05 -1.80939e-05 0.00876413)
(1.2975e-05 -1.56077e-05 0.00878752)
(1.23073e-05 -1.50824e-05 0.00878362)
(1.11608e-05 -1.43696e-05 0.00877796)
(9.62776e-06 -1.35223e-05 0.00876755)
(9.48868e-06 -1.14576e-05 0.00878792)
(9.04727e-06 -1.11201e-05 0.0087848)
(8.2514e-06 -1.06399e-05 0.00877982)
(7.16097e-06 -1.00521e-05 0.00876996)
(6.91468e-06 -8.37504e-06 0.00878812)
(6.61798e-06 -8.15711e-06 0.00878557)
(6.06083e-06 -7.832e-06 0.0087811)
(5.28265e-06 -7.42316e-06 0.00877168)
(5.00269e-06 -6.07484e-06 0.00878823)
(4.80136e-06 -5.9336e-06 0.00878609)
(4.41032e-06 -5.71299e-06 0.008782)
(3.85601e-06 -5.42875e-06 0.0087729)
(3.56895e-06 -4.3433e-06 0.00878828)
(3.43228e-06 -4.25187e-06 0.00878644)
(3.15957e-06 -4.10279e-06 0.00878262)
(2.76865e-06 -3.9066e-06 0.00877376)
(2.47866e-06 -3.02141e-06 0.0087883)
(2.38703e-06 -2.96306e-06 0.00878668)
(2.20084e-06 -2.86404e-06 0.00878305)
(1.93166e-06 -2.73136e-06 0.00877436)
(1.63793e-06 -1.99941e-06 0.00878831)
(1.57854e-06 -1.96361e-06 0.00878683)
(1.45701e-06 -1.90055e-06 0.00878334)
(1.28027e-06 -1.81472e-06 0.00877477)
(9.99274e-07 -1.23535e-06 0.00878831)
(9.62965e-07 -1.21499e-06 0.00878692)
(8.89189e-07 -1.17762e-06 0.00878352)
(7.81727e-07 -1.12584e-06 0.00877502)
(5.86433e-07 -8.01927e-07 0.00878831)
(5.6473e-07 -7.90154e-07 0.00878698)
(5.21249e-07 -7.67203e-07 0.00878363)
(4.58376e-07 -7.34583e-07 0.00877519)
(-0.00246103 -0.00223303 0.00134522)
(-0.00309911 0.00273931 0.00298848)
(-0.00593622 0.0253791 -0.00192297)
(-0.00595716 0.0278693 -0.00259385)
(0.00140926 -0.000843181 0.00814981)
(0.000550631 -0.000405735 0.0111104)
(-0.000766712 0.0017988 0.0105746)
(-0.000607032 0.00279323 0.00955866)
(0.000468348 -0.000326337 0.00631394)
(0.000299309 -0.000751976 0.00779261)
(0.000136179 -0.000987807 0.00776918)
(0.000129648 -0.00110534 0.00735978)
(-0.000144508 -0.000255658 0.0075636)
(-0.000145217 -0.000568781 0.00823323)
(3.05828e-05 -0.000880232 0.00845443)
(0.000115838 -0.001063 0.00843128)
(-0.000189302 -0.00021937 0.00810438)
(-0.000192964 -0.000366888 0.00840772)
(-6.89392e-05 -0.000523523 0.00854784)
(3.40316e-05 -0.000621363 0.00851773)
(-9.55628e-05 -0.000173928 0.00836986)
(-0.00010928 -0.000229335 0.00848629)
(-5.53378e-05 -0.00029051 0.00853118)
(8.32126e-06 -0.000331112 0.00847552)
(-2.32866e-05 -0.000135637 0.00851494)
(-3.90755e-05 -0.000151086 0.00854294)
(-2.24459e-05 -0.000170741 0.00852776)
(5.83101e-06 -0.000185141 0.00844696)
(1.2904e-05 -0.000106011 0.00859839)
(-1.62792e-06 -0.000106769 0.00858661)
(-1.09201e-06 -0.000110658 0.0085397)
(7.21102e-06 -0.000114817 0.00844128)
(2.6303e-05 -8.29784e-05 0.00864901)
(1.40771e-05 -7.93784e-05 0.00861925)
(8.73529e-06 -7.80362e-05 0.00855652)
(7.861e-06 -7.86278e-05 0.00844771)
(2.84031e-05 -6.47221e-05 0.00868161)
(1.85929e-05 -6.0523e-05 0.0086438)
(1.18502e-05 -5.79072e-05 0.00857342)
(7.50977e-06 -5.74439e-05 0.00845899)
(2.57397e-05 -5.01576e-05 0.00870349)
(1.80853e-05 -4.65261e-05 0.00866226)
(1.17191e-05 -4.39846e-05 0.00858831)
(6.59111e-06 -4.33316e-05 0.00847096)
(2.15336e-05 -3.85854e-05 0.00871858)
(1.56668e-05 -3.57469e-05 0.00867608)
(1.02662e-05 -3.36514e-05 0.00860058)
(5.48116e-06 -3.3071e-05 0.00848178)
(1.7237e-05 -2.94717e-05 0.00872919)
(1.27943e-05 -2.73482e-05 0.00868638)
(8.45017e-06 -2.57287e-05 0.0086103)
(4.39896e-06 -2.5274e-05 0.00849082)
(1.34288e-05 -2.23641e-05 0.00873673)
(1.00931e-05 -2.08077e-05 0.00869404)
(6.70419e-06 -1.95925e-05 0.00861782)
(3.44557e-06 -1.92527e-05 0.00849805)
(1.02757e-05 -1.68701e-05 0.00874213)
(7.78713e-06 -1.574e-05 0.0086997)
(5.19436e-06 -1.48413e-05 0.00862354)
(2.65242e-06 -1.45921e-05 0.00850368)
(7.76246e-06 -1.26542e-05 0.00874603)
(5.9158e-06 -1.18372e-05 0.00870387)
(3.95869e-06 -1.11774e-05 0.00862785)
(2.01535e-06 -1.09959e-05 0.00850797)
(5.80405e-06 -9.436e-06 0.00874884)
(4.44078e-06 -8.84673e-06 0.00870694)
(2.97891e-06 -8.36457e-06 0.00863105)
(1.51488e-06 -8.23264e-06 0.0085112)
(4.29761e-06 -6.986e-06 0.00875088)
(3.29744e-06 -6.56213e-06 0.00870919)
(2.21614e-06 -6.21145e-06 0.00863342)
(1.12694e-06 -6.11578e-06 0.00851361)
(3.1453e-06 -5.11963e-06 0.00875235)
(2.41819e-06 -4.81641e-06 0.00871082)
(1.62763e-06 -4.56323e-06 0.00863516)
(8.28116e-07 -4.49423e-06 0.00851538)
(2.26258e-06 -3.69019e-06 0.00875339)
(1.74212e-06 -3.47587e-06 0.00871199)
(1.17398e-06 -3.29557e-06 0.00863642)
(5.9777e-07 -3.24642e-06 0.00851667)
(1.5807e-06 -2.58332e-06 0.00875413)
(1.21848e-06 -2.43556e-06 0.00871282)
(8.21983e-07 -2.31049e-06 0.00863731)
(4.1885e-07 -2.27625e-06 0.00851758)
(1.04873e-06 -1.71802e-06 0.00875463)
(8.09232e-07 -1.62076e-06 0.00871339)
(5.46642e-07 -1.53788e-06 0.00863791)
(2.78673e-07 -1.51452e-06 0.00851821)
(6.41092e-07 -1.06668e-06 0.00875494)
(4.95406e-07 -1.00635e-06 0.00871374)
(3.35998e-07 -9.54032e-07 0.00863829)
(1.71714e-07 -9.36763e-07 0.0085186)
(3.77995e-07 -6.96298e-07 0.00875514)
(2.92598e-07 -6.56431e-07 0.00871397)
(1.97825e-07 -6.1965e-07 0.00863854)
(1.02453e-07 -5.99681e-07 0.00851886)
)
;
    }
}


// ************************************************************************* //
