FoamFile
{version 2.0; format ascii;class Cloud<passiveParticle>; location 0;object  positions;}
20
(
( 0.0100759 -0.0080047 0.00092025 ) 0 
( 0.0118334 -0.00385827 0.000679118 ) 0 
( 0.00819086 -0.00872638 0.000680603 ) 0 
( 0.00212997 -9.06721e-05 0.00070163 ) 0 
( 0.000266915 -0.00506774 0.000708808 ) 0 
( 0.0064418 -0.00143171 0.000683305 ) 0 
( 0.00409968 -0.0121579 0.00110163 ) 0 
( 0.00960299 -0.00383904 0.000677988 ) 0 
( 0.000234026 -0.00708118 0.00068588 ) 0 
( 0.00519825 -0.00334835 0.000745721 ) 0 
( 0.00119124 -0.0131113 0.000927565 ) 0 
( 0.00531046 -0.00730422 0.000727374 ) 0 
( 0.00823396 -0.0102465 0.00069666 ) 0 
( 0.00870338 -0.00503798 0.000707059 ) 0 
( 0.00542954 -0.00565489 0.000742963 ) 0 
( 0.00482326 -0.0109298 0.000677957 ) 0 
( 0.00707449 -0.00691503 0.00070664 ) 0 
( 0.0109171 -0.00235952 0.000680462 ) 0 
( 0.0103096 -0.00109204 0.0006973 ) 0 
( 0.00846469 -0.000687618 0.000682229 ) 0 
)
