/*--------------------------------*- C++ -*----------------------------------*\
  =========                 |
  \\      /  F ield         | OpenFOAM: The Open Source CFD Toolbox
   \\    /   O peration     | Website:  https://openfoam.org
    \\  /    A nd           | Version:  6
     \\/     M anipulation  |
\*---------------------------------------------------------------------------*/
FoamFile
{
    version     2.0;
    format      ascii;
    class       volScalarField;
    location    "0.08";
    object      p;
}
// * * * * * * * * * * * * * * * * * * * * * * * * * * * * * * * * * * * * * //

dimensions      [0 2 -2 0 0 0 0];

internalField   nonuniform List<scalar> 
1152
(
1.01042
1.01282
1.01396
1.01541
1.01136
1.01289
1.014
1.01191
1.01391
1.01455
1.01189
1.01059
1.01442
1.01403
1.01086
1.01023
1.0072
1.00693
1.00657
1.00643
1.00682
1.00663
1.00629
1.00643
1.00614
1.0062
1.00634
1.00685
1.0062
1.00642
1.00657
1.00706
1.0076
1.00757
1.00757
1.00752
1.00766
1.00765
1.00758
1.00757
1.00759
1.00762
1.00761
1.00765
1.00759
1.00767
1.00771
1.00778
1.00714
1.00717
1.00718
1.00715
1.00718
1.00721
1.0072
1.00717
1.0072
1.00723
1.00721
1.00719
1.00722
1.00726
1.00725
1.00722
1.00672
1.00675
1.00675
1.00674
1.00674
1.00677
1.00677
1.00676
1.00676
1.00679
1.00679
1.00678
1.00678
1.00681
1.00682
1.00682
1.00637
1.00638
1.00639
1.00639
1.00638
1.0064
1.0064
1.0064
1.0064
1.00641
1.00642
1.00642
1.00641
1.00643
1.00644
1.00644
1.00602
1.00603
1.00604
1.00604
1.00603
1.00604
1.00604
1.00605
1.00604
1.00605
1.00606
1.00606
1.00605
1.00606
1.00607
1.00607
1.00567
1.00568
1.00568
1.00569
1.00568
1.00568
1.00569
1.00569
1.00568
1.00569
1.0057
1.0057
1.00569
1.0057
1.00571
1.00571
1.00532
1.00533
1.00533
1.00534
1.00533
1.00533
1.00534
1.00534
1.00533
1.00534
1.00534
1.00535
1.00534
1.00534
1.00535
1.00535
1.00498
1.00498
1.00499
1.00499
1.00498
1.00499
1.00499
1.00499
1.00499
1.00499
1.00499
1.005
1.00499
1.00499
1.005
1.005
1.00463
1.00464
1.00464
1.00464
1.00464
1.00464
1.00464
1.00464
1.00464
1.00464
1.00465
1.00465
1.00464
1.00464
1.00465
1.00465
1.00429
1.00429
1.00429
1.0043
1.00429
1.00429
1.0043
1.0043
1.00429
1.0043
1.0043
1.0043
1.0043
1.0043
1.0043
1.0043
1.00395
1.00395
1.00395
1.00395
1.00395
1.00395
1.00395
1.00395
1.00395
1.00395
1.00395
1.00395
1.00395
1.00395
1.00395
1.00395
1.0036
1.0036
1.00361
1.00361
1.0036
1.0036
1.00361
1.00361
1.0036
1.00361
1.00361
1.00361
1.00361
1.00361
1.00361
1.00361
1.00326
1.00326
1.00326
1.00326
1.00326
1.00326
1.00326
1.00326
1.00326
1.00326
1.00326
1.00326
1.00326
1.00326
1.00326
1.00326
1.00292
1.00292
1.00292
1.00292
1.00292
1.00292
1.00292
1.00292
1.00292
1.00292
1.00292
1.00292
1.00292
1.00292
1.00292
1.00292
1.00257
1.00257
1.00257
1.00257
1.00257
1.00257
1.00257
1.00257
1.00257
1.00257
1.00257
1.00257
1.00257
1.00257
1.00257
1.00258
1.00223
1.00223
1.00223
1.00223
1.00223
1.00223
1.00223
1.00223
1.00223
1.00223
1.00223
1.00223
1.00223
1.00223
1.00223
1.00223
1.00189
1.00189
1.00189
1.00189
1.00189
1.00189
1.00189
1.00189
1.00189
1.00189
1.00189
1.00189
1.00189
1.00189
1.00189
1.00189
1.00154
1.00154
1.00154
1.00154
1.00154
1.00154
1.00154
1.00154
1.00154
1.00154
1.00154
1.00154
1.00154
1.00154
1.00154
1.00154
1.0012
1.0012
1.0012
1.0012
1.0012
1.0012
1.0012
1.0012
1.0012
1.0012
1.0012
1.0012
1.0012
1.0012
1.0012
1.0012
1.00086
1.00086
1.00086
1.00086
1.00086
1.00086
1.00086
1.00086
1.00086
1.00086
1.00086
1.00086
1.00086
1.00086
1.00086
1.00086
1.00051
1.00051
1.00051
1.00051
1.00051
1.00051
1.00051
1.00051
1.00051
1.00051
1.00051
1.00051
1.00051
1.00051
1.00051
1.00051
1.00017
1.00017
1.00017
1.00017
1.00017
1.00017
1.00017
1.00017
1.00017
1.00017
1.00017
1.00017
1.00017
1.00017
1.00017
1.00017
1.01138
1.014
1.01307
1.01081
1.01124
1.01239
1.01678
1.01095
1.01238
1.01244
1.01555
1.01295
1.01262
1.01254
1.01821
1.01687
1.00718
1.00704
1.00645
1.00692
1.00753
1.00745
1.00656
1.00674
1.00715
1.00734
1.00665
1.00642
1.00659
1.00647
1.00639
1.00602
1.0077
1.00779
1.00783
1.00793
1.00773
1.00788
1.0079
1.00799
1.00769
1.00791
1.00804
1.00806
1.00773
1.00796
1.00827
1.00824
1.00724
1.0073
1.00729
1.00725
1.00726
1.00733
1.00735
1.00727
1.00728
1.00736
1.00739
1.00729
1.00727
1.00734
1.0074
1.00729
1.0068
1.00684
1.00685
1.00684
1.00683
1.00687
1.00688
1.00686
1.00684
1.00688
1.0069
1.00688
1.00684
1.00689
1.00692
1.00689
1.00643
1.00645
1.00646
1.00646
1.00644
1.00646
1.00647
1.00647
1.00645
1.00647
1.00648
1.00647
1.00645
1.00648
1.00649
1.00648
1.00606
1.00607
1.00608
1.00608
1.00607
1.00608
1.00609
1.00609
1.00607
1.00609
1.0061
1.00609
1.00608
1.00609
1.0061
1.00609
1.0057
1.00571
1.00571
1.00571
1.0057
1.00571
1.00572
1.00572
1.00571
1.00572
1.00572
1.00572
1.00571
1.00572
1.00573
1.00572
1.00534
1.00535
1.00535
1.00536
1.00535
1.00535
1.00536
1.00536
1.00535
1.00536
1.00536
1.00536
1.00535
1.00536
1.00536
1.00536
1.00499
1.005
1.005
1.005
1.005
1.005
1.005
1.005
1.005
1.005
1.005
1.005
1.005
1.005
1.00501
1.00501
1.00464
1.00465
1.00465
1.00465
1.00465
1.00465
1.00465
1.00465
1.00465
1.00465
1.00465
1.00465
1.00465
1.00465
1.00465
1.00465
1.0043
1.0043
1.0043
1.0043
1.0043
1.0043
1.0043
1.0043
1.0043
1.0043
1.0043
1.0043
1.0043
1.0043
1.0043
1.0043
1.00395
1.00395
1.00395
1.00396
1.00395
1.00395
1.00396
1.00396
1.00395
1.00395
1.00396
1.00396
1.00395
1.00395
1.00396
1.00396
1.00361
1.00361
1.00361
1.00361
1.00361
1.00361
1.00361
1.00361
1.00361
1.00361
1.00361
1.00361
1.00361
1.00361
1.00361
1.00361
1.00326
1.00326
1.00326
1.00326
1.00326
1.00326
1.00326
1.00326
1.00326
1.00326
1.00326
1.00326
1.00326
1.00326
1.00326
1.00326
1.00292
1.00292
1.00292
1.00292
1.00292
1.00292
1.00292
1.00292
1.00292
1.00292
1.00292
1.00292
1.00292
1.00292
1.00292
1.00292
1.00257
1.00257
1.00258
1.00258
1.00257
1.00257
1.00258
1.00258
1.00257
1.00257
1.00258
1.00258
1.00257
1.00258
1.00258
1.00258
1.00223
1.00223
1.00223
1.00223
1.00223
1.00223
1.00223
1.00223
1.00223
1.00223
1.00223
1.00223
1.00223
1.00223
1.00223
1.00223
1.00189
1.00189
1.00189
1.00189
1.00189
1.00189
1.00189
1.00189
1.00189
1.00189
1.00189
1.00189
1.00189
1.00189
1.00189
1.00189
1.00154
1.00154
1.00154
1.00154
1.00154
1.00154
1.00154
1.00154
1.00154
1.00154
1.00154
1.00154
1.00154
1.00154
1.00154
1.00154
1.0012
1.0012
1.0012
1.0012
1.0012
1.0012
1.0012
1.0012
1.0012
1.0012
1.0012
1.0012
1.0012
1.0012
1.0012
1.0012
1.00086
1.00086
1.00086
1.00086
1.00086
1.00086
1.00086
1.00086
1.00086
1.00086
1.00086
1.00086
1.00086
1.00086
1.00086
1.00086
1.00051
1.00051
1.00051
1.00051
1.00051
1.00051
1.00051
1.00051
1.00051
1.00051
1.00051
1.00051
1.00051
1.00051
1.00051
1.00051
1.00017
1.00017
1.00017
1.00017
1.00017
1.00017
1.00017
1.00017
1.00017
1.00017
1.00017
1.00017
1.00017
1.00017
1.00017
1.00017
1.01376
1.01046
1.00833
1.00854
1.01144
1.01203
1.01717
1.01136
1.01216
1.01253
1.01494
1.01841
1.01115
1.01111
1.01091
1.01063
1.00618
1.00613
1.00613
1.00584
1.00641
1.00613
1.00585
1.00646
1.00598
1.00573
1.00565
1.00545
1.00687
1.00705
1.00709
1.00719
1.00738
1.00725
1.00714
1.00711
1.00752
1.00743
1.00735
1.00761
1.00757
1.00755
1.00759
1.00778
1.00784
1.0079
1.00795
1.00805
1.00709
1.00702
1.00695
1.0069
1.00713
1.00712
1.00713
1.00714
1.00715
1.00716
1.00717
1.00716
1.0072
1.00722
1.00722
1.00721
1.00672
1.00669
1.00666
1.00664
1.00674
1.00674
1.00674
1.00675
1.00677
1.00677
1.00678
1.00677
1.00682
1.00683
1.00683
1.00684
1.00638
1.00637
1.00635
1.00635
1.0064
1.00639
1.00639
1.0064
1.00642
1.00642
1.00642
1.00642
1.00644
1.00645
1.00645
1.00645
1.00603
1.00603
1.00602
1.00602
1.00605
1.00605
1.00604
1.00605
1.00606
1.00606
1.00606
1.00606
1.00607
1.00608
1.00608
1.00608
1.00569
1.00569
1.00568
1.00568
1.00569
1.00569
1.00569
1.00569
1.0057
1.0057
1.0057
1.0057
1.00571
1.00571
1.00571
1.00571
1.00534
1.00534
1.00534
1.00534
1.00534
1.00534
1.00534
1.00535
1.00535
1.00535
1.00535
1.00535
1.00535
1.00536
1.00536
1.00536
1.00499
1.00499
1.00499
1.00499
1.00499
1.005
1.005
1.005
1.005
1.005
1.005
1.005
1.005
1.005
1.005
1.005
1.00464
1.00465
1.00465
1.00465
1.00465
1.00465
1.00465
1.00465
1.00465
1.00465
1.00465
1.00465
1.00465
1.00465
1.00465
1.00465
1.0043
1.0043
1.0043
1.0043
1.0043
1.0043
1.0043
1.0043
1.0043
1.0043
1.0043
1.0043
1.0043
1.0043
1.0043
1.0043
1.00395
1.00395
1.00395
1.00395
1.00395
1.00395
1.00395
1.00395
1.00395
1.00396
1.00396
1.00396
1.00396
1.00396
1.00396
1.00396
1.00361
1.00361
1.00361
1.00361
1.00361
1.00361
1.00361
1.00361
1.00361
1.00361
1.00361
1.00361
1.00361
1.00361
1.00361
1.00361
1.00326
1.00326
1.00326
1.00326
1.00326
1.00326
1.00326
1.00326
1.00326
1.00326
1.00326
1.00326
1.00326
1.00326
1.00326
1.00326
1.00292
1.00292
1.00292
1.00292
1.00292
1.00292
1.00292
1.00292
1.00292
1.00292
1.00292
1.00292
1.00292
1.00292
1.00292
1.00292
1.00257
1.00258
1.00258
1.00258
1.00258
1.00258
1.00258
1.00258
1.00258
1.00258
1.00258
1.00258
1.00258
1.00258
1.00258
1.00258
1.00223
1.00223
1.00223
1.00223
1.00223
1.00223
1.00223
1.00223
1.00223
1.00223
1.00223
1.00223
1.00223
1.00223
1.00223
1.00223
1.00189
1.00189
1.00189
1.00189
1.00189
1.00189
1.00189
1.00189
1.00189
1.00189
1.00189
1.00189
1.00189
1.00189
1.00189
1.00189
1.00154
1.00154
1.00154
1.00154
1.00154
1.00154
1.00154
1.00154
1.00154
1.00154
1.00154
1.00154
1.00154
1.00154
1.00154
1.00154
1.0012
1.0012
1.0012
1.0012
1.0012
1.0012
1.0012
1.0012
1.0012
1.0012
1.0012
1.0012
1.0012
1.0012
1.0012
1.0012
1.00086
1.00086
1.00086
1.00086
1.00086
1.00086
1.00086
1.00086
1.00086
1.00086
1.00086
1.00086
1.00086
1.00086
1.00086
1.00086
1.00051
1.00051
1.00051
1.00051
1.00051
1.00051
1.00051
1.00051
1.00051
1.00051
1.00051
1.00051
1.00051
1.00051
1.00051
1.00051
1.00017
1.00017
1.00017
1.00017
1.00017
1.00017
1.00017
1.00017
1.00017
1.00017
1.00017
1.00017
1.00017
1.00017
1.00017
1.00017
)
;

boundaryField
{
    inlet
    {
        type            zeroGradient;
    }
    outlet
    {
        type            fixedValue;
        value           uniform 1;
    }
    wall
    {
        type            zeroGradient;
    }
    procBoundary3to1
    {
        type            processor;
        value           nonuniform List<scalar> 
192
(
1.0115
1.01506
1.01312
1.01341
1.00595
1.00513
1.00696
1.00661
1.00737
1.00732
1.00753
1.00748
1.00708
1.0071
1.00714
1.00713
1.0067
1.00673
1.00674
1.00673
1.00636
1.00637
1.00638
1.00638
1.00601
1.00602
1.00603
1.00603
1.00566
1.00567
1.00568
1.00568
1.00532
1.00533
1.00533
1.00533
1.00497
1.00498
1.00498
1.00499
1.00463
1.00464
1.00464
1.00464
1.00429
1.00429
1.00429
1.0043
1.00394
1.00395
1.00395
1.00395
1.0036
1.0036
1.0036
1.00361
1.00326
1.00326
1.00326
1.00326
1.00292
1.00292
1.00292
1.00292
1.00257
1.00257
1.00257
1.00257
1.00223
1.00223
1.00223
1.00223
1.00189
1.00189
1.00189
1.00189
1.00154
1.00154
1.00154
1.00154
1.0012
1.0012
1.0012
1.0012
1.00086
1.00086
1.00086
1.00086
1.00051
1.00051
1.00051
1.00051
1.00017
1.00017
1.00017
1.00017
1.01221
1.01213
1.00522
1.00685
1.00612
1.00567
1.00545
1.00579
1.00733
1.00713
1.00702
1.00702
1.00707
1.007
1.00691
1.00685
1.00671
1.00667
1.00664
1.00661
1.00637
1.00636
1.00634
1.00633
1.00603
1.00602
1.00602
1.00601
1.00568
1.00568
1.00568
1.00568
1.00534
1.00534
1.00533
1.00533
1.00499
1.00499
1.00499
1.00499
1.00464
1.00464
1.00464
1.00464
1.0043
1.0043
1.0043
1.0043
1.00395
1.00395
1.00395
1.00395
1.00361
1.00361
1.00361
1.00361
1.00326
1.00326
1.00326
1.00326
1.00292
1.00292
1.00292
1.00292
1.00257
1.00257
1.00258
1.00258
1.00223
1.00223
1.00223
1.00223
1.00189
1.00189
1.00189
1.00189
1.00154
1.00154
1.00154
1.00154
1.0012
1.0012
1.0012
1.0012
1.00086
1.00086
1.00086
1.00086
1.00051
1.00051
1.00051
1.00051
1.00017
1.00017
1.00017
1.00017
)
;
    }
    procBoundary3to2
    {
        type            processor;
        value           nonuniform List<scalar> 
192
(
1.01513
1.01308
1.01337
1.01257
1.00588
1.00605
1.00595
1.00606
1.00745
1.00754
1.00754
1.00753
1.0071
1.00713
1.00716
1.00716
1.00669
1.00671
1.00673
1.00674
1.00635
1.00636
1.00637
1.00639
1.006
1.00601
1.00602
1.00603
1.00566
1.00567
1.00567
1.00568
1.00532
1.00532
1.00533
1.00533
1.00497
1.00498
1.00498
1.00498
1.00463
1.00463
1.00463
1.00464
1.00429
1.00429
1.00429
1.00429
1.00394
1.00394
1.00395
1.00395
1.0036
1.0036
1.0036
1.0036
1.00326
1.00326
1.00326
1.00326
1.00291
1.00292
1.00292
1.00292
1.00257
1.00257
1.00257
1.00257
1.00223
1.00223
1.00223
1.00223
1.00189
1.00189
1.00189
1.00189
1.00154
1.00154
1.00154
1.00154
1.0012
1.0012
1.0012
1.0012
1.00086
1.00086
1.00086
1.00086
1.00051
1.00051
1.00051
1.00051
1.00017
1.00017
1.00017
1.00017
1.01048
1.0097
1.01064
1.00987
1.00689
1.00725
1.00754
1.00699
1.00758
1.00758
1.00761
1.00758
1.00716
1.00717
1.00718
1.00716
1.00676
1.00677
1.00678
1.00678
1.0064
1.00641
1.00641
1.00642
1.00604
1.00605
1.00605
1.00606
1.00569
1.00569
1.0057
1.0057
1.00534
1.00534
1.00534
1.00534
1.00499
1.00499
1.00499
1.00499
1.00464
1.00464
1.00464
1.00464
1.00429
1.0043
1.0043
1.0043
1.00395
1.00395
1.00395
1.00395
1.0036
1.00361
1.00361
1.00361
1.00326
1.00326
1.00326
1.00326
1.00292
1.00292
1.00292
1.00292
1.00257
1.00257
1.00257
1.00257
1.00223
1.00223
1.00223
1.00223
1.00189
1.00189
1.00189
1.00189
1.00154
1.00154
1.00154
1.00154
1.0012
1.0012
1.0012
1.0012
1.00086
1.00086
1.00086
1.00086
1.00051
1.00051
1.00051
1.00051
1.00017
1.00017
1.00017
1.00017
)
;
    }
}


// ************************************************************************* //
