/*--------------------------------*- C++ -*----------------------------------*\
  =========                 |
  \\      /  F ield         | OpenFOAM: The Open Source CFD Toolbox
   \\    /   O peration     | Website:  https://openfoam.org
    \\  /    A nd           | Version:  6
     \\/     M anipulation  |
\*---------------------------------------------------------------------------*/
FoamFile
{
    version     2.0;
    format      ascii;
    class       surfaceScalarField;
    location    "0.08";
    object      phi;
}
// * * * * * * * * * * * * * * * * * * * * * * * * * * * * * * * * * * * * * //

dimensions      [0 3 -1 0 0 0 0];

internalField   nonuniform List<scalar> 
3120
(
9.32847e-09
-4.5054e-09
5.3957e-08
2.16578e-09
-5.51163e-10
4.55012e-08
2.05086e-09
-2.27074e-09
4.44161e-08
2.33546e-09
4.28892e-08
6.26379e-09
-4.02964e-09
-8.7521e-09
6.21785e-08
-4.8737e-09
-4.03148e-09
5.30896e-08
1.76762e-09
-2.23089e-10
3.99977e-08
1.51607e-08
4.23967e-08
-4.67873e-09
1.61528e-09
-3.73595e-09
4.27623e-08
5.04569e-09
3.16034e-10
4.09882e-08
1.98002e-09
1.11944e-08
4.04348e-08
1.11781e-08
5.97345e-08
-4.9711e-09
-1.84021e-09
3.99161e-08
3.48409e-09
-7.76799e-09
4.48704e-08
1.02266e-08
-6.75307e-09
4.51013e-08
1.41174e-08
5.90219e-08
3.94648e-09
-9.74175e-09
1.09501e-09
1.46715e-10
4.95611e-08
2.77824e-09
1.78842e-09
4.87879e-08
5.69198e-09
4.00028e-09
4.72484e-08
2.06569e-09
4.4164e-08
7.08272e-09
-1.01846e-09
3.18818e-09
5.0832e-08
1.6328e-09
2.4313e-09
4.97955e-08
6.03942e-11
2.08676e-10
4.53617e-08
-6.91451e-10
4.40989e-08
1.11532e-09
-3.53137e-09
-4.97085e-09
4.81902e-08
-1.96927e-09
-5.45912e-09
4.73166e-08
-4.0746e-09
-2.70645e-09
4.54552e-08
5.2191e-11
4.7976e-08
6.94029e-09
-6.04927e-09
4.74172e-08
-1.32664e-08
-4.59027e-09
4.73138e-08
-9.36151e-09
-7.49681e-09
4.54713e-08
-1.69873e-10
4.8997e-08
3.62188e-09
-1.04156e-09
-3.44253e-10
2.17184e-10
4.86954e-08
1.1444e-09
2.72581e-10
4.84928e-08
2.72393e-09
5.96583e-10
4.68607e-08
-5.49757e-10
4.50884e-08
3.58818e-09
-1.12114e-09
4.63016e-10
4.90022e-08
3.4939e-10
1.2878e-10
4.84688e-08
6.57381e-11
-6.85333e-10
4.69272e-08
-1.87411e-09
4.59553e-08
-4.66319e-10
-2.24219e-09
-8.95431e-10
4.89371e-08
-1.63835e-09
-1.54302e-09
4.83845e-08
-2.43171e-09
-1.62086e-09
4.71841e-08
-1.86176e-09
4.78417e-08
-2.30979e-09
-3.45573e-09
4.8631e-08
-2.27925e-09
-3.25639e-09
4.81223e-08
-2.55082e-09
-4.64624e-09
4.70614e-08
-1.82107e-09
4.86808e-08
-9.30647e-10
-5.26112e-09
3.35422e-10
-6.56641e-10
4.82428e-08
1.0168e-09
-7.68339e-10
4.77126e-08
1.34845e-09
-1.0507e-09
4.68508e-08
-1.75308e-09
4.61308e-08
1.35441e-09
-1.44367e-10
-3.57221e-10
4.85277e-08
2.39329e-10
-6.31335e-10
4.79481e-08
-5.6332e-11
-1.0833e-09
4.72555e-08
-1.99099e-09
4.70221e-08
-8.85271e-10
-8.39251e-10
-7.25291e-11
4.86333e-08
-7.87239e-10
-4.44173e-10
4.81453e-08
-1.57782e-09
-7.7987e-10
4.76713e-08
-1.27231e-09
4.81323e-08
-2.58709e-09
-1.52464e-09
4.85006e-08
4.01281e-11
-1.61307e-09
4.81036e-08
-3.37086e-10
-2.66036e-09
4.77512e-08
-4.22445e-10
4.86232e-08
-2.37635e-10
-3.63745e-09
7.206e-10
-1.24316e-09
4.80476e-08
7.71591e-10
-1.34945e-09
4.76203e-08
6.44175e-10
-1.59632e-09
4.72153e-08
-2.06967e-09
4.69652e-08
4.4178e-10
4.32411e-10
-9.37381e-10
4.82989e-08
3.00879e-10
-1.15596e-09
4.78861e-08
-1.11898e-10
-1.50428e-09
4.75762e-08
-2.08615e-09
4.75893e-08
-6.62555e-10
9.5685e-12
-5.86122e-10
4.84481e-08
-2.83736e-10
-8.26592e-10
4.81093e-08
-9.37714e-10
-1.11317e-09
4.79342e-08
-1.51269e-09
4.8236e-08
-1.61488e-09
-3.90959e-10
4.84547e-08
-3.60411e-10
-7.45496e-10
4.81856e-08
-5.54059e-10
-1.50392e-09
4.80898e-08
-6.9332e-10
4.85425e-08
-7.92998e-10
-2.14295e-09
6.99819e-10
-1.33293e-09
4.80493e-08
5.36768e-10
-1.40262e-09
4.77817e-08
3.09883e-10
-1.54286e-09
4.75807e-08
-1.79774e-09
4.74801e-08
1.10884e-10
5.51863e-10
-1.13689e-09
4.8254e-08
3.05535e-10
-1.27132e-09
4.80011e-08
-4.55417e-11
-1.4675e-09
4.7852e-08
-1.75527e-09
4.78768e-08
-3.75489e-10
3.34467e-10
-8.96509e-10
4.8401e-08
1.99368e-11
-1.03638e-09
4.81889e-08
-4.22164e-10
-1.19493e-09
4.81037e-08
-1.38751e-09
4.82435e-08
-7.9739e-10
1.33252e-10
4.8458e-08
-6.98956e-10
-1.99303e-10
4.82823e-08
-8.00535e-10
-6.65287e-10
4.82309e-08
-8.70052e-10
4.84124e-08
-9.18609e-10
-1.00405e-09
5.47065e-10
-1.16352e-09
4.81206e-08
3.69375e-10
-1.20609e-09
4.79589e-08
1.72652e-10
-1.27453e-09
4.78419e-08
-1.39102e-09
4.77721e-08
1.95892e-11
4.74369e-10
-1.04715e-09
4.82794e-08
2.65379e-10
-1.12285e-09
4.81269e-08
2.25741e-11
-1.2152e-09
4.80354e-08
-1.33797e-09
4.80196e-08
-1.73277e-10
3.68618e-10
-8.89114e-10
4.83973e-08
1.37641e-10
-9.66649e-10
4.82636e-08
-1.32272e-10
-1.03969e-09
4.81981e-08
-1.11296e-09
4.82223e-08
-3.36135e-10
2.7499e-10
4.84504e-08
-7.3066e-10
4.53562e-11
4.83318e-08
-7.86532e-10
-2.22746e-10
4.82732e-08
-8.13888e-10
4.82967e-08
-8.18033e-10
-4.02033e-10
3.96215e-10
-9.20619e-10
4.81898e-08
2.62519e-10
-9.4734e-10
4.80868e-08
1.24663e-10
-9.80146e-10
4.80036e-08
-1.0274e-09
4.79317e-08
1.95626e-11
3.59208e-10
-8.48164e-10
4.8309e-08
2.17354e-10
-8.89718e-10
4.82111e-08
6.69098e-11
-9.32121e-10
4.81379e-08
-9.79017e-10
4.80853e-08
-4.72349e-11
3.08503e-10
-7.43088e-10
4.83934e-08
1.63487e-10
-7.842e-10
4.83031e-08
9.15644e-12
-8.16038e-10
4.82363e-08
-8.38473e-10
4.81909e-08
-9.99518e-11
2.6552e-10
4.84236e-08
-6.22141e-10
1.27677e-10
4.8337e-08
-6.5151e-10
-1.88038e-11
4.82645e-08
-6.60809e-10
4.82014e-08
-6.497e-10
-1.12213e-10
2.83165e-10
-6.99477e-10
4.8237e-08
1.95172e-10
-7.16034e-10
4.81663e-08
1.0651e-10
-7.30505e-10
4.80974e-08
-7.4635e-10
4.80185e-08
3.78522e-11
2.63136e-10
-6.49384e-10
4.83235e-08
1.76492e-10
-6.73157e-10
4.82549e-08
8.79459e-11
-6.92043e-10
4.81879e-08
-7.072e-10
4.81124e-08
2.17083e-11
2.37102e-10
-5.74541e-10
4.8378e-08
1.54255e-10
-5.98247e-10
4.83111e-08
6.98732e-11
-6.12498e-10
4.82412e-08
-6.16603e-10
4.81583e-08
1.18464e-11
2.15916e-10
4.83837e-08
-4.8288e-10
1.41012e-10
4.83147e-08
-5.01071e-10
6.49353e-11
4.8233e-08
-5.04919e-10
4.81255e-08
-4.93217e-10
1.74322e-11
2.0337e-10
-5.221e-10
4.82648e-08
1.48747e-10
-5.32032e-10
4.82123e-08
9.36757e-11
-5.3753e-10
4.81506e-08
-5.40134e-10
4.80668e-08
4.94106e-11
1.92348e-10
-4.86059e-10
4.83253e-08
1.41989e-10
-4.99805e-10
4.8273e-08
9.09878e-11
-5.07782e-10
4.82092e-08
-5.10421e-10
4.81216e-08
5.20478e-11
1.78475e-10
-4.31542e-10
4.83558e-08
1.33507e-10
-4.45649e-10
4.83019e-08
8.84339e-11
-4.52126e-10
4.82306e-08
-4.50397e-10
4.81295e-08
5.72346e-11
1.67316e-10
4.83405e-08
-3.62786e-10
1.29293e-10
4.82817e-08
-3.74607e-10
9.12919e-11
4.81956e-08
-3.76794e-10
4.8067e-08
-3.68096e-10
6.74512e-11
1.47478e-10
-3.86651e-10
4.82799e-08
1.14266e-10
-3.92422e-10
4.82382e-08
8.02272e-11
-3.93721e-10
4.81809e-08
-3.91342e-10
4.80949e-08
5.14661e-11
1.41472e-10
-3.60365e-10
4.83203e-08
1.12787e-10
-3.68416e-10
4.82777e-08
8.33673e-11
-3.71409e-10
4.82163e-08
-3.69598e-10
4.81234e-08
5.98468e-11
1.33914e-10
-3.20362e-10
4.83322e-08
1.10263e-10
-3.29053e-10
4.82862e-08
8.63173e-11
-3.32037e-10
4.82152e-08
-3.2897e-10
4.81061e-08
6.90568e-11
1.27758e-10
4.83003e-08
-2.69207e-10
1.09635e-10
4.8248e-08
-2.77217e-10
9.12261e-11
4.81608e-08
-2.78819e-10
4.80231e-08
-2.73056e-10
7.92243e-11
1.07858e-10
-2.85276e-10
4.82875e-08
8.7672e-11
-2.88521e-10
4.82527e-08
6.63945e-11
-2.88002e-10
4.81985e-08
-2.84211e-10
4.8112e-08
4.73792e-11
1.04679e-10
-2.66062e-10
4.83128e-08
8.83887e-11
-2.70828e-10
4.82763e-08
7.11383e-11
-2.71601e-10
4.82172e-08
-2.68596e-10
4.81225e-08
5.64376e-11
1.00523e-10
-2.36686e-10
4.83105e-08
8.83524e-11
-2.42191e-10
4.82697e-08
7.55338e-11
-2.43561e-10
4.81999e-08
-2.40623e-10
4.80881e-08
6.55834e-11
9.70256e-11
4.82661e-08
-1.98846e-10
8.90649e-11
4.82182e-08
-2.04411e-10
8.04153e-11
4.81316e-08
-2.05684e-10
4.79907e-08
-2.02015e-10
7.42625e-11
7.93197e-11
-2.10056e-10
4.8291e-08
6.69304e-11
-2.1181e-10
4.82608e-08
5.33829e-11
-2.10631e-10
4.82092e-08
-2.06863e-10
4.8123e-08
4.05615e-11
7.77207e-11
-1.9603e-10
4.8305e-08
6.84128e-11
-1.98873e-10
4.82727e-08
5.80541e-11
-1.98714e-10
4.82156e-08
-1.95748e-10
4.81209e-08
4.85453e-11
7.54355e-11
-1.74483e-10
4.82921e-08
6.93077e-11
-1.78043e-10
4.8255e-08
6.2338e-11
-1.78651e-10
4.81869e-08
-1.76232e-10
4.80746e-08
5.63294e-11
7.34139e-11
4.82384e-08
-1.46603e-10
7.04181e-11
4.81936e-08
-1.50518e-10
6.65246e-11
4.81084e-08
-1.51528e-10
4.79669e-08
-1.49217e-10
6.32701e-11
5.8493e-11
-1.54463e-10
4.82924e-08
5.07806e-11
-1.55361e-10
4.82655e-08
4.19797e-11
-1.54055e-10
4.82158e-08
-1.50807e-10
4.81305e-08
3.31794e-11
5.77593e-11
-1.44243e-10
4.8298e-08
5.23873e-11
-1.45949e-10
4.82686e-08
4.60026e-11
-1.45452e-10
4.82134e-08
-1.42924e-10
4.81194e-08
3.96642e-11
5.65144e-11
-1.28462e-10
4.82773e-08
5.35255e-11
-1.30803e-10
4.82429e-08
4.96617e-11
-1.31046e-10
4.81763e-08
-1.29173e-10
4.80646e-08
4.58679e-11
5.53343e-11
4.82166e-08
-1.07975e-10
5.46464e-11
4.81743e-08
-1.10748e-10
5.30281e-11
4.80905e-08
-1.11535e-10
4.79496e-08
-1.10074e-10
5.12351e-11
4.31617e-11
-1.13449e-10
4.82928e-08
3.82855e-11
-1.13868e-10
4.82681e-08
3.24591e-11
-1.12664e-10
4.822e-08
-1.10038e-10
4.81356e-08
2.63306e-11
4.28873e-11
-1.06014e-10
4.82921e-08
3.97517e-11
-1.07043e-10
4.82649e-08
3.57157e-11
-1.06474e-10
4.82112e-08
-1.04453e-10
4.81181e-08
3.13885e-11
4.22226e-11
-9.44749e-11
4.82657e-08
4.08451e-11
-9.60331e-11
4.82332e-08
3.86583e-11
-9.61046e-11
4.81681e-08
-9.46939e-11
4.80574e-08
3.61701e-11
4.15309e-11
4.81999e-08
-7.94482e-11
4.18321e-11
4.81594e-08
-8.14207e-11
4.12755e-11
4.80769e-08
-8.20214e-11
4.7937e-08
-8.1088e-11
4.02415e-11
3.18168e-11
-8.32052e-11
4.82926e-08
2.86863e-11
-8.33658e-11
4.82697e-08
2.47656e-11
-8.23433e-11
4.82229e-08
-8.02933e-11
4.81393e-08
2.04511e-11
3.17743e-11
-7.78055e-11
4.82874e-08
2.99232e-11
-7.84273e-11
4.82618e-08
2.73135e-11
-7.78972e-11
4.82094e-08
-7.63351e-11
4.81171e-08
2.43067e-11
3.14321e-11
-6.93807e-11
4.82567e-08
3.08668e-11
-7.04286e-11
4.82258e-08
2.96037e-11
-7.04222e-11
4.81619e-08
-6.93754e-11
4.80521e-08
2.79227e-11
3.1027e-11
4.81872e-08
-5.83794e-11
3.16815e-11
4.81481e-08
-5.97853e-11
3.15984e-11
4.80668e-08
-6.02368e-11
4.79279e-08
-5.96326e-11
3.09741e-11
2.33938e-11
-6.08872e-11
4.82923e-08
2.13562e-11
-6.09152e-11
4.82706e-08
1.86832e-11
-6.00865e-11
4.82248e-08
-5.85206e-11
4.81419e-08
1.56238e-11
2.34584e-11
-5.69735e-11
4.82838e-08
2.23539e-11
-5.73495e-11
4.82594e-08
2.0634e-11
-5.68982e-11
4.82079e-08
-5.57146e-11
4.81165e-08
1.85197e-11
2.32934e-11
-5.08362e-11
4.825e-08
2.31241e-11
-5.15465e-11
4.82202e-08
2.23805e-11
-5.15084e-11
4.81573e-08
-5.0738e-11
4.80483e-08
2.12207e-11
2.30575e-11
4.81776e-08
-4.2801e-11
2.3772e-11
4.81396e-08
-4.3804e-11
2.38807e-11
4.80594e-08
-4.4139e-11
4.79213e-08
-4.37422e-11
2.34878e-11
1.71229e-11
-4.43815e-11
4.8292e-08
1.57812e-11
-4.43479e-11
4.82712e-08
1.39422e-11
-4.36972e-11
4.82261e-08
-4.25202e-11
4.81438e-08
1.17655e-11
1.72272e-11
-4.15546e-11
4.8281e-08
1.65619e-11
-4.17817e-11
4.82575e-08
1.54119e-11
-4.14166e-11
4.82068e-08
-4.05326e-11
4.8116e-08
1.39156e-11
1.71574e-11
-3.71004e-11
4.82449e-08
1.71689e-11
-3.75844e-11
4.8216e-08
1.67235e-11
-3.75372e-11
4.81538e-08
-3.6974e-11
4.80455e-08
1.5913e-11
1.70216e-11
4.81706e-08
-3.12545e-11
1.76713e-11
4.81333e-08
-3.19693e-11
1.78398e-11
4.80539e-08
-3.22151e-11
4.79165e-08
-3.1951e-11
1.75841e-11
1.24378e-11
-3.21219e-11
4.82917e-08
1.15473e-11
-3.20656e-11
4.82715e-08
1.02769e-11
-3.15678e-11
4.8227e-08
-3.06965e-11
4.81452e-08
8.7304e-12
1.25471e-11
-3.00932e-11
4.82789e-08
1.21432e-11
-3.02301e-11
4.82561e-08
1.13672e-11
-2.99451e-11
4.82059e-08
-2.9294e-11
4.81156e-08
1.03075e-11
1.2526e-11
-2.68825e-11
4.82412e-08
1.26085e-11
-2.7213e-11
4.82129e-08
1.23379e-11
-2.71676e-11
4.81513e-08
-2.67592e-11
4.80436e-08
1.17684e-11
1.24492e-11
4.81654e-08
-2.26592e-11
1.29897e-11
4.81288e-08
-2.31666e-11
1.31588e-11
4.80499e-08
-2.33448e-11
4.79131e-08
-2.31676e-11
1.29884e-11
8.92273e-12
-2.29531e-11
4.82914e-08
8.33022e-12
-2.28946e-11
4.82718e-08
7.45463e-12
-2.25238e-11
4.82277e-08
-2.18908e-11
4.81462e-08
6.36419e-12
9.01998e-12
-2.15149e-11
4.82774e-08
8.77331e-12
-2.15971e-11
4.8255e-08
8.24838e-12
-2.1382e-11
4.82053e-08
-2.09109e-11
4.81154e-08
7.50227e-12
9.02169e-12
-1.92295e-11
4.82385e-08
9.12045e-12
-1.94544e-11
4.82106e-08
8.95382e-12
-1.94158e-11
4.81495e-08
-1.91238e-11
4.80422e-08
8.55437e-12
8.97907e-12
4.81616e-08
-1.62171e-11
9.40276e-12
4.81255e-08
-1.65741e-11
9.54754e-12
4.8047e-08
-1.67017e-11
4.79107e-08
-1.65829e-11
9.43176e-12
6.28414e-12
-1.60388e-11
4.82912e-08
5.89163e-12
-1.5988e-11
4.82719e-08
5.29415e-12
-1.57209e-11
4.82281e-08
-1.52736e-11
4.81469e-08
4.53622e-12
6.36252e-12
-1.50415e-11
4.82763e-08
6.21063e-12
-1.50909e-11
4.82543e-08
5.85655e-12
-1.49349e-11
4.82049e-08
-1.46033e-11
4.81152e-08
5.33712e-12
6.37247e-12
-1.34506e-11
4.82366e-08
6.4607e-12
-1.36026e-11
4.8209e-08
6.35536e-12
-1.35731e-11
4.81483e-08
-1.33699e-11
4.80412e-08
6.07613e-12
6.34878e-12
4.8159e-08
-1.13497e-11
6.66268e-12
4.81231e-08
-1.15975e-11
6.77337e-12
4.8045e-08
-1.1688e-11
4.7909e-08
-1.16103e-11
6.69168e-12
4.34333e-12
-1.08098e-11
4.82911e-08
4.08467e-12
-1.07707e-11
4.8272e-08
3.68133e-12
-1.0587e-11
4.82284e-08
-1.02837e-11
4.81474e-08
3.16192e-12
4.40152e-12
-1.01432e-11
4.82755e-08
4.30455e-12
-1.01738e-11
4.82538e-08
4.06439e-12
-1.00672e-11
4.82046e-08
-9.84415e-12
4.81152e-08
3.70437e-12
4.41164e-12
-9.0756e-12
4.82353e-08
4.47587e-12
-9.17806e-12
4.8208e-08
4.40253e-12
-9.1595e-12
4.81474e-08
-9.02553e-12
4.80406e-08
4.20339e-12
4.39671e-12
4.81572e-08
-7.66316e-12
4.61236e-12
4.81216e-08
-7.83318e-12
4.684e-12
4.80437e-08
-7.89858e-12
4.79079e-08
-7.85274e-12
4.6184e-12
3.03952e-12
-6.95725e-12
4.8291e-08
2.86375e-12
-6.93036e-12
4.82721e-08
2.58488e-12
-6.81163e-12
4.82286e-08
-6.61813e-12
4.81477e-08
2.22104e-12
3.07945e-12
-6.53279e-12
4.82751e-08
3.00749e-12
-6.55479e-12
4.82535e-08
2.83328e-12
-6.48962e-12
4.82045e-08
-6.35143e-12
4.81151e-08
2.57167e-12
3.08485e-12
-5.84985e-12
4.82344e-08
3.11625e-12
-5.92267e-12
4.82073e-08
3.04915e-12
-5.91867e-12
4.81469e-08
-5.84228e-12
4.80402e-08
2.89132e-12
3.07039e-12
4.8156e-08
-4.94387e-12
3.1987e-12
4.81206e-08
-5.06545e-12
3.22509e-12
4.80429e-08
-5.12135e-12
4.79072e-08
-5.108e-12
3.15532e-12
2.41326e-12
-4.53449e-12
2.27396e-12
-4.51781e-12
2.05141e-12
-4.44219e-12
-4.32137e-12
1.7609e-12
2.43942e-12
-4.26125e-12
2.36837e-12
-4.28283e-12
2.21362e-12
-4.24757e-12
-4.16732e-12
1.98806e-12
2.43747e-12
-3.8205e-12
2.43491e-12
-3.88057e-12
2.35023e-12
-3.88894e-12
-3.85121e-12
2.1926e-12
2.41922e-12
-3.23812e-12
2.4828e-12
-3.33388e-12
2.46142e-12
-3.38335e-12
-3.39095e-12
2.36555e-12
-2.13219e-08
-9.83413e-10
6.47281e-08
-2.36687e-08
6.58912e-09
5.37021e-08
-4.07177e-09
6.65322e-09
2.93747e-08
2.06124e-09
3.50555e-08
-7.90911e-09
-1.66687e-08
-1.87034e-08
7.5409e-08
-1.92276e-08
-5.74937e-09
6.89047e-08
-1.24957e-08
9.63132e-09
3.99853e-08
-3.84635e-09
3.84074e-08
-9.32278e-09
-5.67618e-09
-1.93568e-08
6.42515e-08
-1.19943e-08
-1.57066e-08
7.68773e-08
-7.65698e-09
9.87324e-09
4.98766e-08
-1.33137e-09
3.82317e-08
-6.93569e-09
7.7275e-09
6.24086e-08
-1.32513e-09
5.2902e-08
-4.88908e-09
5.2262e-08
3.93116e-08
-2.75715e-09
-3.35008e-09
-7.30302e-09
5.32292e-08
6.88958e-10
-7.24138e-09
4.7543e-08
-5.44839e-09
-2.06958e-09
3.74118e-08
5.72478e-09
3.02185e-08
-2.71429e-09
-3.18167e-09
3.16407e-09
6.06595e-08
2.04732e-09
9.5901e-10
5.54753e-08
-4.42016e-09
1.37831e-09
4.30049e-08
7.90936e-09
3.64943e-08
-4.69166e-09
-2.96472e-09
7.32998e-09
6.37104e-08
2.42188e-09
1.20201e-08
6.04296e-08
-2.46139e-09
6.10437e-09
5.00338e-08
7.70026e-09
4.22797e-08
-6.30029e-09
1.05974e-09
7.12243e-08
9.64802e-10
6.5017e-08
-1.57174e-09
6.0903e-08
5.21912e-08
-6.75116e-09
-3.06402e-09
-1.34922e-09
5.09013e-08
-2.26857e-09
-2.39402e-09
4.65907e-08
-3.21272e-09
-1.91292e-09
3.84478e-08
-1.02133e-09
2.91372e-08
-2.04076e-09
-3.07934e-09
4.99881e-10
5.7672e-08
-2.1618e-09
-9.38273e-10
5.31021e-08
-3.66423e-09
-2.33596e-09
4.49303e-08
-1.31346e-09
3.58809e-08
-2.75862e-09
-2.91124e-09
-7.93552e-11
6.46595e-08
-2.58025e-09
-5.07623e-10
5.96679e-08
-3.73082e-09
-3.01839e-09
5.18668e-08
-2.48968e-09
4.29799e-08
-3.25475e-09
-2.51192e-09
7.13141e-08
-3.34699e-09
6.53445e-08
-3.87757e-09
5.84151e-08
4.93701e-08
-3.54608e-09
-1.74464e-09
-4.65305e-11
5.07333e-08
-1.55656e-09
-5.44376e-10
4.66099e-08
-1.84837e-09
-8.14898e-10
3.9132e-08
-8.20732e-10
2.93468e-08
-1.47485e-09
-1.74597e-09
-1.37659e-10
5.74335e-08
-1.72043e-09
-5.36832e-10
5.3069e-08
-2.11818e-09
-9.77841e-10
4.5491e-08
-1.01437e-09
3.58151e-08
-1.8588e-09
-1.53205e-09
-5.58779e-11
6.43428e-08
-1.83588e-09
-1.67532e-10
5.96025e-08
-2.30106e-09
-5.90949e-10
5.19451e-08
-5.38405e-10
4.23358e-08
-2.13294e-09
-1.29064e-09
7.09866e-08
-1.93145e-09
6.58178e-08
-2.43405e-09
5.83268e-08
4.87593e-08
-2.36172e-09
-5.45494e-10
-3.92421e-10
5.08407e-08
-7.14267e-10
-6.02806e-10
4.68275e-08
-9.36343e-10
-8.09969e-10
3.94708e-08
-1.05143e-09
2.9243e-08
-5.74158e-10
-6.05786e-10
-4.60498e-10
5.75633e-08
-8.67033e-10
-6.03081e-10
5.33305e-08
-1.13839e-09
-8.15162e-10
4.57676e-08
-1.07549e-09
3.54767e-08
-7.75887e-10
-5.30983e-10
-3.13397e-10
6.42799e-08
-9.34128e-10
-3.79662e-10
5.97822e-08
-1.26645e-09
-5.65848e-10
5.20281e-08
-7.5751e-10
4.16785e-08
-9.27073e-10
-4.17032e-10
7.07756e-08
-9.8169e-10
6.60028e-08
-1.33507e-09
5.81143e-08
4.77113e-08
-1.04451e-09
1.0187e-10
-6.55439e-10
5.08996e-08
-8.34662e-11
-7.45233e-10
4.69575e-08
-2.20397e-10
-8.37064e-10
3.95747e-08
-9.72311e-10
2.911e-08
-3.36962e-11
5.10011e-11
-5.85978e-10
5.76082e-08
-1.7783e-10
-6.38998e-10
5.34531e-08
-3.34365e-10
-7.23459e-10
4.58105e-08
-8.7047e-10
3.51802e-08
-1.397e-10
7.48935e-11
-3.75003e-10
6.42046e-08
-2.13171e-10
-3.93023e-10
5.98243e-08
-4.02784e-10
-4.45704e-10
5.19399e-08
-5.46947e-10
4.11744e-08
-2.22259e-10
1.34721e-10
7.05557e-08
-2.19963e-10
6.59644e-08
-4.27716e-10
5.78764e-08
4.70216e-08
-2.8504e-10
3.0533e-10
-6.63867e-10
5.08912e-08
1.85462e-10
-7.02795e-10
4.69936e-08
1.02096e-10
-7.35223e-10
3.95794e-08
-7.8343e-10
2.90011e-08
1.76448e-10
2.74937e-10
-5.45238e-10
5.75615e-08
1.31889e-10
-5.624e-10
5.34557e-08
3.96878e-11
-5.89935e-10
4.57574e-08
-6.50379e-10
3.497e-08
1.16809e-10
2.84187e-10
-3.24571e-10
6.40701e-08
1.12016e-10
-3.26602e-10
5.97607e-08
-8.05979e-15
-3.40819e-10
5.18029e-08
-3.89075e-10
4.08446e-08
6.84861e-11
3.14844e-10
7.03307e-08
1.11851e-10
6.58408e-08
-1.5826e-11
5.76632e-08
4.65848e-08
3.19024e-11
3.1205e-10
-5.5671e-10
5.08421e-08
2.51552e-10
-5.71075e-10
4.69737e-08
2.05115e-10
-5.78363e-10
3.95434e-08
-5.87096e-10
2.89172e-08
2.26385e-10
2.94072e-10
-4.39637e-10
5.74699e-08
2.21331e-10
-4.41747e-10
5.33992e-08
1.70396e-10
-4.46722e-10
4.56767e-08
-4.63968e-10
3.4826e-08
1.91288e-10
2.96957e-10
-2.51715e-10
6.39162e-08
2.09277e-10
-2.48719e-10
5.96553e-08
1.46476e-10
-2.50316e-10
5.16692e-08
-2.67426e-10
4.06327e-08
1.61875e-10
3.12636e-10
7.0121e-08
2.09614e-10
6.56951e-08
1.35749e-10
5.74868e-08
4.63131e-08
1.40071e-10
2.59181e-10
-4.27665e-10
5.07772e-08
2.37794e-10
-4.34604e-10
4.69286e-08
2.15027e-10
-4.33801e-10
3.9495e-08
-4.29493e-10
2.8854e-08
2.14502e-10
2.47945e-10
-3.30851e-10
5.73687e-08
2.20113e-10
-3.30518e-10
5.33229e-08
1.95107e-10
-3.28255e-10
4.55962e-08
-3.28413e-10
3.47266e-08
1.93362e-10
2.48366e-10
-1.86308e-10
6.37724e-08
2.12282e-10
-1.83603e-10
5.95445e-08
1.80272e-10
-1.81551e-10
5.15546e-08
-1.84666e-10
4.0494e-08
1.75216e-10
2.5671e-10
6.99402e-08
2.1239e-10
6.55558e-08
1.73138e-10
5.73445e-08
4.61393e-08
1.62223e-10
2.02348e-10
-3.19262e-10
5.07125e-08
2.01282e-10
-3.2284e-10
4.68779e-08
1.91375e-10
-3.19917e-10
3.94481e-08
-3.12668e-10
2.88072e-08
1.82704e-10
1.94688e-10
-2.44283e-10
5.72756e-08
1.90412e-10
-2.43304e-10
5.32476e-08
1.79556e-10
-2.39144e-10
4.55263e-08
-2.33663e-10
3.46575e-08
1.69655e-10
1.93911e-10
-1.36298e-10
6.36492e-08
1.85005e-10
-1.34217e-10
5.94443e-08
1.70111e-10
-1.31295e-10
5.14616e-08
-1.2901e-10
4.04012e-08
1.58259e-10
1.98547e-10
6.97915e-08
1.84965e-10
6.54352e-08
1.65464e-10
5.72327e-08
4.60254e-08
1.50421e-10
1.54761e-10
-2.36032e-10
5.06554e-08
1.62251e-10
-2.37978e-10
4.68312e-08
1.58488e-10
-2.34859e-10
3.94079e-08
-2.28006e-10
2.8773e-08
1.47665e-10
1.49318e-10
-1.7951e-10
5.71968e-08
1.55283e-10
-1.78459e-10
5.31822e-08
1.51219e-10
-1.74214e-10
4.54697e-08
-1.67687e-10
3.46091e-08
1.39377e-10
1.48094e-10
-9.96637e-11
6.35489e-08
1.51428e-10
-9.81133e-11
5.93606e-08
1.45037e-10
-9.5238e-11
5.1389e-08
-9.14102e-11
4.03379e-08
1.32052e-10
1.50764e-10
6.9673e-08
1.51343e-10
6.53365e-08
1.42028e-10
5.71468e-08
4.59488e-08
1.27214e-10
1.17421e-10
-1.74e-10
5.06083e-08
1.27323e-10
-1.75059e-10
4.67919e-08
1.26196e-10
-1.723e-10
3.93756e-08
-1.66686e-10
2.87481e-08
1.15761e-10
1.13501e-10
-1.31912e-10
5.71334e-08
1.22714e-10
-1.30918e-10
5.31288e-08
1.21568e-10
-1.27156e-10
4.54257e-08
-1.21217e-10
3.45748e-08
1.10344e-10
1.12241e-10
-7.3054e-11
6.34698e-08
1.19934e-10
-7.18657e-11
5.92939e-08
1.1742e-10
-6.93196e-11
5.13337e-08
-6.54854e-11
4.0294e-08
1.05518e-10
1.13842e-10
6.95808e-08
1.19863e-10
6.52586e-08
1.15467e-10
5.70818e-08
4.58963e-08
1.02455e-10
8.86722e-11
-1.2817e-10
5.05709e-08
9.82172e-11
-1.28717e-10
4.67606e-08
9.80928e-11
-1.26437e-10
3.93507e-08
-1.22089e-10
2.87301e-08
8.90144e-11
8.58382e-11
-9.70198e-11
5.70838e-08
9.50962e-11
-9.61146e-11
5.3087e-08
9.50535e-11
-9.29781e-11
4.53923e-08
-8.80797e-11
3.45505e-08
8.5383e-11
8.47205e-11
-5.36697e-11
6.34087e-08
9.308e-11
-5.27282e-11
5.92422e-08
9.22095e-11
-5.05895e-11
5.12922e-08
-4.72835e-11
4.02633e-08
8.21324e-11
8.57187e-11
6.951e-08
9.30384e-11
6.51986e-08
9.09333e-11
5.70334e-08
4.58598e-08
8.01462e-11
6.66907e-11
-9.43743e-11
5.0542e-08
7.48621e-11
-9.46214e-11
4.67363e-08
7.50487e-11
-9.27994e-11
3.93317e-08
-8.95194e-11
2.8717e-08
6.75685e-11
6.46408e-11
-7.13938e-11
5.70458e-08
7.27094e-11
-7.05948e-11
5.30549e-08
7.30007e-11
-6.80695e-11
4.53672e-08
-6.42153e-11
3.45331e-08
6.50831e-11
6.37187e-11
-3.94791e-11
6.33622e-08
7.12432e-11
-3.87202e-11
5.92028e-08
7.10177e-11
-3.69844e-11
5.12613e-08
-3.43185e-11
4.02416e-08
6.28542e-11
6.43632e-11
6.94563e-08
7.12269e-11
6.5153e-08
7.0176e-11
5.69974e-08
4.58341e-08
6.15404e-11
4.99543e-11
-6.9447e-11
5.05199e-08
5.65476e-11
-6.9525e-11
4.67178e-08
5.67821e-11
-6.80994e-11
3.93176e-08
-6.56573e-11
2.87075e-08
5.08206e-11
4.84723e-11
-5.25301e-11
5.70169e-08
5.50429e-11
-5.18459e-11
5.30306e-08
5.53744e-11
-4.98596e-11
4.53487e-08
-4.69037e-11
3.45206e-08
4.90926e-11
4.77427e-11
-2.90486e-11
6.33271e-08
5.3975e-11
-2.84363e-11
5.91731e-08
5.39746e-11
-2.7062e-11
5.12385e-08
-2.49866e-11
4.02261e-08
4.75429e-11
4.81717e-11
6.94159e-08
5.3976e-11
6.51187e-08
5.34145e-11
5.69709e-08
4.58159e-08
4.66597e-11
3.72565e-11
-5.10439e-11
5.05033e-08
4.2399e-11
-5.10329e-11
4.67039e-08
4.25972e-11
-4.99339e-11
3.93071e-08
-4.81286e-11
2.87007e-08
3.79521e-11
3.61864e-11
-3.8615e-11
5.69953e-08
4.13374e-11
-3.80456e-11
5.30125e-08
4.16158e-11
-3.65096e-11
4.5335e-08
-3.42774e-11
3.45116e-08
3.67371e-11
3.56243e-11
-2.13583e-11
6.33008e-08
4.05596e-11
-2.08686e-11
5.9151e-08
4.06196e-11
-1.98006e-11
5.12217e-08
-1.8218e-11
4.0215e-08
3.56487e-11
3.59173e-11
6.93857e-08
4.05706e-11
6.50932e-08
4.02436e-11
5.69515e-08
4.58029e-08
3.50473e-11
2.76494e-11
-3.74359e-11
5.04909e-08
3.15735e-11
-3.73837e-11
4.66935e-08
3.17197e-11
-3.65466e-11
3.92993e-08
-3.52188e-11
2.86957e-08
2.81611e-11
2.68781e-11
-2.83276e-11
5.69792e-08
3.08205e-11
-2.7866e-11
5.2999e-08
3.10293e-11
-2.66943e-11
4.53249e-08
-2.50263e-11
3.45052e-08
2.73007e-11
2.64534e-11
-1.5673e-11
6.32813e-08
3.0255e-11
-1.52864e-11
5.91346e-08
3.0317e-11
-1.44689e-11
5.12095e-08
-1.32786e-11
4.02071e-08
2.65312e-11
2.66576e-11
6.93632e-08
3.02707e-11
6.50743e-08
3.00629e-11
5.69372e-08
4.57935e-08
2.61179e-11
2.03903e-11
-2.73471e-11
5.04817e-08
2.3336e-11
-2.7281e-11
4.66859e-08
2.34368e-11
-2.66506e-11
3.92937e-08
-2.5679e-11
2.86921e-08
2.07499e-11
1.98364e-11
-2.06998e-11
5.69673e-08
2.28011e-11
-2.03343e-11
5.29891e-08
2.2949e-11
-1.94515e-11
4.53176e-08
-1.82166e-11
3.45005e-08
2.01389e-11
1.95206e-11
-1.14565e-11
6.32669e-08
2.23915e-11
-1.1156e-11
5.91226e-08
2.24394e-11
-1.05386e-11
5.12005e-08
-9.6532e-12
4.02013e-08
1.95933e-11
1.96648e-11
6.93467e-08
2.24084e-11
6.50604e-08
2.22669e-11
5.69268e-08
4.57868e-08
1.93074e-11
1.49012e-11
-1.9834e-11
5.0475e-08
1.70784e-11
-1.97689e-11
4.66803e-08
1.7145e-11
-1.93004e-11
3.92896e-08
-1.85948e-11
2.86896e-08
1.5146e-11
1.4506e-11
-1.5018e-11
5.69586e-08
1.66997e-11
-1.47353e-11
5.29819e-08
1.68008e-11
-1.40792e-11
4.53122e-08
-1.31743e-11
3.44972e-08
1.4713e-11
1.42748e-11
-8.31487e-12
6.32564e-08
1.64053e-11
-8.08546e-12
5.91138e-08
1.64375e-11
-7.62561e-12
5.1194e-08
-6.97466e-12
4.01972e-08
1.43268e-11
1.43772e-11
6.93346e-08
1.64211e-11
6.50503e-08
1.63201e-11
5.69193e-08
4.5782e-08
1.41286e-11
1.07395e-11
-1.42007e-11
5.04701e-08
1.23181e-11
-1.41439e-11
4.66763e-08
1.23593e-11
-1.38019e-11
3.92866e-08
-1.32962e-11
2.86877e-08
1.08982e-11
1.04607e-11
-1.07568e-11
5.69524e-08
1.20524e-11
-1.05437e-11
5.29767e-08
1.21183e-11
-1.00645e-11
4.53084e-08
-9.41116e-12
3.44948e-08
1.05941e-11
1.02943e-11
-5.95824e-12
6.32488e-08
1.18433e-11
-5.78677e-12
5.91075e-08
1.18618e-11
-5.45024e-12
5.11894e-08
-4.97884e-12
4.01943e-08
1.03229e-11
1.03665e-11
6.93259e-08
1.18566e-11
6.5043e-08
1.17818e-11
5.69139e-08
4.57787e-08
1.01858e-11
7.58226e-12
-9.94269e-12
5.04667e-08
8.69327e-12
-9.8975e-12
4.66735e-08
8.7125e-12
-9.65474e-12
3.92846e-08
-9.30069e-12
2.86865e-08
7.66744e-12
7.38877e-12
-7.53526e-12
5.6948e-08
8.50972e-12
-7.37957e-12
5.2973e-08
8.54646e-12
-7.03849e-12
4.53058e-08
-6.57766e-12
3.44932e-08
7.45788e-12
7.27129e-12
-4.17673e-12
6.32435e-08
8.36382e-12
-4.05193e-12
5.91031e-08
8.36853e-12
-3.8116e-12
5.11861e-08
-3.47792e-12
4.01923e-08
7.27082e-12
7.31984e-12
6.93198e-08
8.37281e-12
6.50379e-08
8.31336e-12
5.69101e-08
4.57763e-08
7.17638e-12
5.22502e-12
-6.71531e-12
5.04644e-08
5.96685e-12
-6.68298e-12
4.66716e-08
5.95947e-12
-6.51878e-12
3.92832e-08
-6.28105e-12
2.86856e-08
5.22497e-12
5.09252e-12
-5.09286e-12
5.6945e-08
5.84204e-12
-4.98349e-12
5.29706e-08
5.84723e-12
-4.74976e-12
4.5304e-08
-4.4366e-12
3.44921e-08
5.08508e-12
5.01026e-12
-2.82708e-12
6.32399e-08
5.74208e-12
-2.73853e-12
5.91001e-08
5.72686e-12
-2.57187e-12
5.1184e-08
-2.34317e-12
4.0191e-08
4.95974e-12
5.03865e-12
6.93156e-08
5.74501e-12
6.50345e-08
5.68728e-12
5.69076e-08
4.57748e-08
4.89479e-12
3.58917e-12
-4.33068e-12
5.04629e-08
4.03656e-12
-4.31276e-12
4.66704e-08
3.98699e-12
-4.21265e-12
3.92823e-08
-4.06751e-12
2.86851e-08
3.46282e-12
3.49586e-12
-3.28802e-12
5.69431e-08
3.94976e-12
-3.21519e-12
5.2969e-08
3.91037e-12
-3.06465e-12
4.53029e-08
-2.86539e-12
3.44915e-08
3.37356e-12
3.4356e-12
-1.84128e-12
6.32376e-08
3.88063e-12
-1.77945e-12
5.90982e-08
3.83057e-12
-1.66769e-12
5.11826e-08
-1.51625e-12
4.01902e-08
3.29286e-12
3.44419e-12
6.93129e-08
3.87459e-12
6.50322e-08
3.79907e-12
5.6906e-08
4.57738e-08
3.24719e-12
2.73644e-12
-2.83595e-12
2.97643e-12
-2.82619e-12
2.85844e-12
-2.76353e-12
-2.67124e-12
2.41445e-12
2.66441e-12
-2.14025e-12
2.91192e-12
-2.08839e-12
2.80137e-12
-1.98833e-12
-1.85947e-12
2.35425e-12
2.61063e-12
-1.14363e-12
2.85584e-12
-1.10616e-12
2.74154e-12
-1.04126e-12
-9.55601e-13
2.2973e-12
2.59198e-12
2.8293e-12
2.70175e-12
2.25563e-12
2.09872e-09
9.00356e-09
4.31064e-08
7.61872e-09
3.72682e-09
5.30555e-08
-1.07322e-09
6.13194e-08
6.03303e-08
4.92532e-08
4.96015e-08
-1.09937e-08
1.36968e-08
4.90014e-08
-2.3898e-08
1.41787e-08
5.64018e-08
2.31513e-08
1.53482e-08
6.12049e-08
2.94163e-08
1.04672e-07
2.99507e-10
2.01337e-08
2.8462e-08
-2.10648e-09
2.05889e-08
4.15537e-08
-4.88757e-09
1.93661e-08
5.07319e-08
1.48708e-08
6.38705e-08
-2.50101e-09
3.43209e-08
-1.16901e-09
4.53607e-08
1.3586e-09
5.14e-08
6.11067e-08
6.23823e-09
2.14722e-09
4.44815e-08
5.40906e-09
7.82563e-09
4.88822e-08
4.85093e-09
1.47189e-08
5.21819e-08
1.81762e-08
5.57321e-08
4.38207e-10
7.28933e-09
4.45364e-08
-1.72222e-09
1.07075e-08
5.56803e-08
-9.48091e-09
1.49824e-08
6.87001e-08
1.76899e-08
9.56769e-08
2.49868e-09
-1.25427e-10
4.03184e-08
2.40217e-09
1.1456e-09
5.12122e-08
2.1252e-09
1.97479e-09
6.40166e-08
3.12478e-09
8.05608e-08
-1.82321e-09
3.22628e-08
-4.03552e-10
4.0395e-08
-9.49395e-10
4.76203e-08
5.65309e-08
4.10495e-09
-1.53074e-09
4.67648e-08
3.62987e-09
-1.7597e-09
5.22425e-08
1.60588e-09
-1.58176e-09
5.71391e-08
-2.61119e-09
6.20939e-08
-2.45361e-09
-7.15725e-10
4.57087e-08
-4.57869e-09
1.80953e-10
5.58648e-08
-8.27907e-09
1.14948e-09
6.96692e-08
1.87038e-09
8.29163e-08
-3.96234e-09
1.50136e-10
4.11051e-08
-5.26494e-09
1.20693e-09
5.14888e-08
-5.74787e-09
2.56718e-09
6.30818e-08
3.6742e-09
7.30091e-08
-5.4214e-09
3.05325e-08
-4.87166e-09
3.82936e-08
-3.92417e-09
4.59853e-08
5.27349e-08
1.49525e-09
-2.58092e-09
4.8324e-08
1.50544e-09
-3.82394e-09
5.46903e-08
1.06562e-09
-5.2058e-09
6.07408e-08
-5.96444e-09
6.66132e-08
-2.64107e-09
-1.63936e-09
4.65229e-08
-4.11721e-09
-1.63642e-09
5.51534e-08
-3.44732e-09
-1.37518e-09
6.51687e-08
-1.20995e-09
7.47145e-08
-4.249e-09
4.44672e-10
4.0683e-08
-4.73484e-09
1.11078e-09
4.92274e-08
-3.01756e-09
1.79424e-09
5.81951e-08
2.2439e-09
6.65377e-08
-4.19869e-09
3.00635e-08
-3.69283e-09
3.70397e-08
-1.99564e-09
4.39494e-08
5.06214e-08
3.10255e-10
-2.59911e-09
4.93403e-08
2.92843e-10
-3.41794e-09
5.5971e-08
2.29255e-10
-4.25512e-09
6.24089e-08
-4.71848e-09
6.85605e-08
-1.68868e-09
-1.8221e-09
4.6772e-08
-2.36463e-09
-1.94402e-09
5.43554e-08
-1.84887e-09
-1.91369e-09
6.23115e-08
-1.8778e-09
7.00249e-08
-2.63654e-09
-3.24059e-10
4.02066e-08
-2.89971e-09
-6.90985e-12
4.75535e-08
-1.95136e-09
3.1431e-10
5.50187e-08
5.36579e-10
6.21719e-08
-2.55655e-09
2.95789e-08
-2.34825e-09
3.60486e-08
-1.46607e-09
4.24544e-08
4.86474e-08
-5.8463e-11
-2.04415e-09
4.98859e-08
-9.85493e-11
-2.44341e-09
5.65324e-08
-5.2391e-11
-2.82087e-09
6.30108e-08
-3.03766e-09
6.91979e-08
-9.31105e-10
-1.51185e-09
4.67954e-08
-1.22198e-09
-1.57095e-09
5.37738e-08
-9.59006e-10
-1.56447e-09
6.07922e-08
-1.53306e-09
6.75613e-08
-1.36986e-09
-5.87658e-10
3.98549e-08
-1.52661e-09
-4.22023e-10
4.65613e-08
-1.0667e-09
-2.5083e-10
5.32452e-08
-1.21241e-10
5.96934e-08
-1.29826e-09
2.92518e-08
-1.24072e-09
3.54293e-08
-7.83742e-10
4.15244e-08
4.74574e-08
-1.17172e-10
-1.47358e-09
5.01526e-08
-1.53238e-10
-1.63878e-09
5.67482e-08
-9.38035e-11
-1.78515e-09
6.31739e-08
-1.8646e-09
6.9336e-08
-4.8557e-10
-1.13308e-09
4.67671e-08
-6.25606e-10
-1.13951e-09
5.34146e-08
-4.78001e-10
-1.11823e-09
5.99776e-08
-1.08668e-09
6.63054e-08
-6.66243e-10
-5.85198e-10
3.96371e-08
-7.6578e-10
-4.8879e-10
4.60101e-08
-5.421e-10
-3.90726e-10
5.2294e-08
-3.16158e-10
5.83808e-08
-6.10197e-10
2.90512e-08
-6.19343e-10
3.50665e-08
-4.04256e-10
4.09871e-08
4.67689e-08
-7.68508e-11
-1.03987e-09
5.02805e-08
-1.08028e-10
-1.09559e-09
5.6826e-08
-7.10268e-11
-1.1399e-09
6.31964e-08
-1.15904e-09
6.93243e-08
-2.28729e-10
-8.2588e-10
4.67346e-08
-3.07405e-10
-8.10772e-10
5.32085e-08
-2.33762e-10
-7.8376e-10
5.95479e-08
-7.56057e-10
6.56686e-08
-2.96457e-10
-4.97503e-10
3.95052e-08
-3.65456e-10
-4.39031e-10
4.57074e-08
-2.65063e-10
-3.80624e-10
5.17905e-08
-3.3632e-10
5.7696e-08
-2.58058e-10
2.89259e-08
-2.91316e-10
3.4852e-08
-1.99463e-10
4.06764e-08
4.63732e-08
-2.67881e-11
-7.35604e-10
5.03446e-08
-5.37897e-11
-7.46265e-10
5.68559e-08
-3.93929e-11
-7.50604e-10
6.31883e-08
-7.47506e-10
6.92897e-08
-8.76891e-11
-6.00628e-10
4.67091e-08
-1.38651e-10
-5.81067e-10
5.30942e-08
-1.09495e-10
-5.5634e-10
5.93244e-08
-5.34492e-10
6.53461e-08
-1.10005e-10
-3.97934e-10
3.94244e-08
-1.61446e-10
-3.61811e-10
4.55396e-08
-1.23693e-10
-3.26234e-10
5.15226e-08
-2.99448e-10
5.73373e-08
-8.58879e-11
2.88458e-08
-1.24754e-10
3.47224e-08
-9.31916e-11
4.04939e-08
4.61428e-08
6.5966e-12
-5.24848e-10
5.03795e-08
-1.61148e-11
-5.19478e-10
5.68711e-08
-1.57558e-11
-5.10738e-10
6.3181e-08
-5.01394e-10
6.92659e-08
-1.6611e-11
-4.38552e-10
4.66914e-08
-5.27945e-11
-4.20915e-10
5.30318e-08
-4.67974e-11
-4.01046e-10
5.92088e-08
-3.84819e-10
6.51828e-08
-2.17367e-11
-3.09168e-10
3.9374e-08
-6.13731e-11
-2.86291e-10
4.54446e-08
-5.32403e-11
-2.64027e-10
5.13775e-08
-2.47504e-10
5.71467e-08
-6.89155e-12
2.87937e-08
-4.34531e-11
3.46424e-08
-3.95025e-11
4.03842e-08
4.60062e-08
2.29268e-11
-3.77689e-10
5.04005e-08
4.41602e-12
-3.68162e-10
5.68818e-08
-2.0342e-12
-3.56882e-10
6.31798e-08
-3.47244e-10
6.92556e-08
1.50686e-11
-3.21537e-10
4.66801e-08
-1.18064e-11
-3.07423e-10
5.2998e-08
-1.63498e-11
-2.92372e-10
5.91488e-08
-2.80678e-10
6.50998e-08
1.58757e-11
-2.36304e-10
3.93419e-08
-1.48981e-11
-2.21401e-10
4.53893e-08
-1.94833e-11
-2.07041e-10
5.12967e-08
-1.96588e-10
5.70431e-08
2.51001e-11
2.87592e-08
-6.22347e-12
3.45917e-08
-1.35897e-11
4.03165e-08
4.59232e-08
2.80875e-11
-2.73572e-10
5.04145e-08
1.33842e-11
-2.64261e-10
5.68909e-08
4.58199e-12
-2.54056e-10
6.3183e-08
-2.45949e-10
6.92546e-08
2.62725e-11
-2.36348e-10
4.6673e-08
5.9795e-12
-2.25626e-10
5.29796e-08
-2.39581e-12
-2.14542e-10
5.91176e-08
-2.06226e-10
6.50577e-08
2.87064e-11
-1.78684e-10
3.93211e-08
4.91385e-12
-1.68715e-10
4.53562e-08
-4.11317e-12
-1.59185e-10
5.12504e-08
-1.524e-10
5.69852e-08
3.4573e-11
2.87359e-08
9.08141e-12
3.45588e-08
-1.79068e-12
4.02737e-08
4.58715e-08
2.73181e-11
-1.99029e-10
5.04244e-08
1.5864e-11
-1.91251e-10
5.68989e-08
7.02587e-12
-1.8303e-10
6.31885e-08
-1.76731e-10
6.92583e-08
2.77108e-11
-1.7393e-10
4.66687e-08
1.23418e-11
-1.65987e-10
5.29697e-08
3.3853e-12
-1.57937e-10
5.91015e-08
-1.52054e-10
6.50364e-08
3.02296e-11
-1.34102e-10
3.93074e-08
1.19786e-11
-1.27287e-10
4.53358e-08
2.30539e-12
-1.20815e-10
5.12229e-08
-1.16313e-10
5.69518e-08
3.4055e-11
2.872e-08
1.39483e-11
3.4537e-08
3.0432e-12
4.0246e-08
4.58384e-08
2.39623e-11
-1.45184e-10
5.04318e-08
1.51672e-11
-1.39102e-10
5.69057e-08
7.31e-12
-1.32811e-10
6.31946e-08
-1.28094e-10
6.9264e-08
2.50128e-11
-1.28017e-10
4.66662e-08
1.3401e-11
-1.22208e-10
5.29645e-08
5.26253e-12
-1.16399e-10
5.90932e-08
-1.12241e-10
6.50258e-08
2.71475e-11
-1.00087e-10
3.92982e-08
1.32609e-11
-9.53516e-11
4.53228e-08
4.50674e-12
-9.08793e-11
5.12062e-08
-8.78378e-11
5.69319e-08
2.96971e-11
2.87091e-08
1.41566e-11
3.45223e-08
4.5728e-12
4.02275e-08
4.58166e-08
1.98442e-11
-1.06046e-10
5.04373e-08
1.3164e-11
-1.01444e-10
5.69114e-08
6.61316e-12
-9.67515e-11
6.32003e-08
-9.32836e-11
6.92701e-08
2.09585e-11
-9.41709e-11
4.66648e-08
1.2224e-11
-8.99498e-11
5.29617e-08
5.37749e-12
-8.57693e-11
5.90891e-08
-8.28269e-11
6.50208e-08
2.26328e-11
-7.43743e-11
3.92919e-08
1.21456e-11
-7.1045e-11
4.53144e-08
4.81489e-12
-6.79153e-11
5.11956e-08
-6.58316e-11
5.69197e-08
2.43626e-11
2.87014e-08
1.25184e-11
3.45122e-08
4.62367e-12
4.0215e-08
4.58021e-08
1.58486e-11
-7.74702e-11
5.04415e-08
1.08196e-11
-7.40478e-11
5.69161e-08
5.56791e-12
-7.05959e-11
6.32054e-08
-6.80712e-11
6.92756e-08
1.68241e-11
-6.91829e-11
4.6664e-08
1.02881e-11
-6.61257e-11
5.29603e-08
4.77751e-12
-6.31201e-11
5.90871e-08
-6.10341e-11
6.50185e-08
1.80905e-11
-5.5052e-11
3.92876e-08
1.02245e-11
-5.26925e-11
4.53088e-08
4.34822e-12
-5.0483e-11
5.11889e-08
-4.90401e-11
5.6912e-08
1.92809e-11
2.8696e-08
1.03476e-11
3.45051e-08
4.08422e-12
4.02065e-08
4.57922e-08
1.23409e-11
-5.65254e-11
5.04446e-08
8.585e-12
-5.40079e-11
5.69198e-08
4.4863e-12
-5.14895e-11
6.32095e-08
-4.96622e-11
6.92803e-08
1.313e-11
-5.07066e-11
4.66635e-08
8.2676e-12
-4.84976e-11
5.29597e-08
3.95888e-12
-4.63383e-11
5.90863e-08
-4.48571e-11
6.50176e-08
1.407e-11
-4.05804e-11
3.92846e-08
8.20967e-12
-3.89001e-11
4.53051e-08
3.63019e-12
-3.73316e-11
5.11845e-08
-3.63247e-11
5.69071e-08
1.48982e-11
2.86921e-08
8.21926e-12
3.45002e-08
3.37179e-12
4.02005e-08
4.57853e-08
9.41953e-12
-4.11108e-11
5.0447e-08
6.63801e-12
-3.92743e-11
5.69226e-08
3.50497e-12
-3.74491e-11
6.32128e-08
-3.61331e-11
6.92841e-08
1.00318e-11
-3.70125e-11
4.66633e-08
6.43997e-12
-3.54213e-11
5.29594e-08
3.14346e-12
-3.38729e-11
5.9086e-08
-3.28211e-11
6.50175e-08
1.07213e-11
-2.97514e-11
3.92826e-08
6.38821e-12
-2.85529e-11
4.53025e-08
2.89361e-12
-2.74372e-11
5.11815e-08
-2.67315e-11
5.69039e-08
1.13017e-11
2.86894e-08
6.35179e-12
3.44968e-08
2.67042e-12
4.01964e-08
4.57806e-08
7.05821e-12
-2.9704e-11
5.04487e-08
5.01992e-12
-2.83768e-11
5.69248e-08
2.67007e-12
-2.70647e-11
6.32154e-08
-2.61232e-11
6.92872e-08
7.52003e-12
-2.68209e-11
4.66632e-08
4.89246e-12
-2.56814e-11
5.29593e-08
2.41887e-12
-2.45766e-11
5.9086e-08
-2.38322e-11
6.50176e-08
8.02037e-12
-2.16331e-11
3.92811e-08
4.84843e-12
-2.07809e-11
4.53008e-08
2.23138e-12
-1.9989e-11
5.11795e-08
-1.94943e-11
5.69018e-08
8.42798e-12
2.86875e-08
4.79851e-12
3.44943e-08
2.05097e-12
4.01934e-08
4.57773e-08
5.1829e-12
-2.11988e-11
5.045e-08
3.71146e-12
-2.0253e-11
5.69264e-08
1.98499e-12
-1.9322e-11
6.32174e-08
-1.86563e-11
6.92894e-08
5.52225e-12
-1.91872e-11
4.66632e-08
3.62782e-12
-1.83806e-11
5.29593e-08
1.8101e-12
-1.76008e-11
5.90861e-08
-1.70784e-11
6.50178e-08
5.87981e-12
-1.55184e-11
3.92801e-08
3.59186e-12
-1.49183e-11
4.52996e-08
1.67174e-12
-1.43613e-11
5.11782e-08
-1.40163e-11
5.69004e-08
6.16421e-12
2.86861e-08
3.543e-12
3.44926e-08
1.53217e-12
4.01914e-08
4.5775e-08
3.7162e-12
-1.48031e-11
5.04509e-08
2.67621e-12
-1.41447e-11
5.69276e-08
1.43813e-12
-1.3499e-11
6.32188e-08
-1.30384e-11
6.92911e-08
3.95749e-12
-1.3428e-11
4.66632e-08
2.62064e-12
-1.28694e-11
5.29594e-08
1.31739e-12
-1.23305e-11
5.90862e-08
-1.19705e-11
6.50181e-08
4.20619e-12
-1.08875e-11
3.92795e-08
2.59165e-12
-1.04735e-11
4.52988e-08
1.21716e-12
-1.00891e-11
5.11774e-08
-9.85187e-12
5.68995e-08
4.40022e-12
2.86852e-08
2.54894e-12
3.44914e-08
1.11257e-12
4.019e-08
4.57734e-08
2.60605e-12
-9.98262e-12
5.04516e-08
1.8878e-12
-9.54168e-12
5.69285e-08
1.02003e-12
-9.11193e-12
6.32198e-08
-8.80577e-12
6.92923e-08
2.76981e-12
-9.08281e-12
4.66632e-08
1.85042e-12
-8.71026e-12
5.29595e-08
9.37957e-13
-8.35184e-12
5.90864e-08
-8.1121e-12
6.50183e-08
2.9346e-12
-7.38933e-12
3.9279e-08
1.82631e-12
-7.114e-12
4.52984e-08
8.66455e-13
-6.85786e-12
5.11768e-08
-6.69839e-12
5.6899e-08
3.06081e-12
2.86846e-08
1.79028e-12
3.44907e-08
7.90302e-13
4.01891e-08
4.57724e-08
1.84678e-12
-6.45314e-12
5.04521e-08
1.34969e-12
-6.17423e-12
5.69291e-08
7.41015e-13
-5.90697e-12
6.32205e-08
-5.71772e-12
6.92932e-08
1.9517e-12
-5.91331e-12
4.66633e-08
1.32379e-12
-5.67863e-12
5.29596e-08
6.836e-13
-5.45494e-12
5.90866e-08
-5.30456e-12
6.50186e-08
2.05269e-12
-4.85024e-12
3.92788e-08
1.30135e-12
-4.67758e-12
4.52981e-08
6.28909e-13
-4.51604e-12
5.11766e-08
-4.41229e-12
5.68987e-08
2.12708e-12
2.86843e-08
1.26823e-12
3.44902e-08
5.68658e-13
4.01886e-08
4.57718e-08
1.48583e-12
-4.26446e-12
1.09033e-12
-4.09387e-12
5.68941e-13
-3.93296e-12
-3.81167e-12
1.54758e-12
-3.967e-12
1.06874e-12
-3.82285e-12
5.40581e-13
-3.68561e-12
-3.58338e-12
1.60078e-12
-3.30353e-12
1.04366e-12
-3.19564e-12
5.116e-13
-3.09191e-12
-3.01513e-12
1.64283e-12
1.01382e-12
4.77476e-13
)
;

boundaryField
{
    inlet
    {
        type            calculated;
        value           nonuniform List<scalar> 
48
(
-4.88003e-08
-4.8801e-08
-4.88129e-08
-4.82621e-08
-4.87726e-08
-4.87653e-08
-4.87662e-08
-4.88532e-08
-4.87673e-08
-4.86866e-08
-4.87866e-08
-4.90392e-08
-4.9192e-08
-4.87756e-08
-4.88008e-08
-4.88016e-08
-5.16108e-08
-4.73797e-08
-4.01695e-08
-2.9337e-08
-5.79395e-08
-5.39493e-08
-4.55579e-08
-3.54266e-08
-6.50904e-08
-6.2283e-08
-5.19687e-08
-4.14972e-08
-7.32136e-08
-6.75925e-08
-5.48418e-08
-4.76343e-08
-5.12599e-08
-5.80775e-08
-6.41236e-08
-7.09663e-08
-4.77178e-08
-5.40073e-08
-6.0602e-08
-6.72981e-08
-4.15075e-08
-4.96953e-08
-5.44558e-08
-5.8497e-08
-2.93329e-08
-3.56727e-08
-4.1468e-08
-4.71663e-08
)
;
    }
    outlet
    {
        type            calculated;
        value           nonuniform List<scalar> 
48
(
4.8291e-08
4.82748e-08
4.82339e-08
4.81553e-08
4.82722e-08
4.82533e-08
4.82069e-08
4.812e-08
4.82289e-08
4.82044e-08
4.81467e-08
4.80424e-08
4.81481e-08
4.81152e-08
4.80401e-08
4.79069e-08
5.04525e-08
4.66635e-08
3.92787e-08
2.86841e-08
5.69296e-08
5.29598e-08
4.5298e-08
3.449e-08
6.32212e-08
5.90868e-08
5.11765e-08
4.01883e-08
6.9294e-08
6.50189e-08
5.68987e-08
4.57715e-08
5.0462e-08
5.69419e-08
6.3236e-08
6.93112e-08
4.66697e-08
5.2968e-08
5.9097e-08
6.50309e-08
3.92818e-08
4.53022e-08
5.11818e-08
5.69051e-08
2.86848e-08
3.44911e-08
4.01897e-08
4.57733e-08
)
;
    }
    wall
    {
        type            calculated;
        value           nonuniform List<scalar> 
192
(
-9.51313e-09
-1.38905e-25
-2.32542e-25
7.68283e-26
-3.05288e-26
-4.55961e-26
-1.23451e-26
-8.43227e-27
-1.60296e-26
-4.02666e-26
4.65479e-27
4.90536e-27
-9.13963e-27
1.06607e-26
-3.88279e-28
-2.33101e-27
2.09671e-27
-7.55446e-28
-1.02103e-27
5.4504e-29
-4.35709e-29
-7.50585e-28
1.9502e-28
-7.87318e-29
7.74216e-09
6.45475e-25
2.7272e-25
-1.14725e-25
9.21306e-26
-1.72049e-26
5.06447e-26
3.36384e-27
-4.83069e-26
7.95822e-27
-2.54133e-26
1.58343e-26
-6.9763e-27
1.89291e-26
-1.28911e-26
6.44225e-27
5.27296e-28
-3.7856e-27
5.26333e-28
-3.6483e-28
-9.58441e-28
-1.84124e-27
2.65893e-28
-4.29781e-28
1.96721e-08
-3.64984e-25
5.94204e-25
4.41014e-25
5.69263e-26
4.9542e-26
1.4027e-26
-4.01969e-26
-3.64283e-26
-1.14454e-26
3.65077e-26
1.59747e-26
-6.04843e-26
1.60696e-26
-6.62414e-27
-1.57401e-26
-8.59899e-28
-4.93931e-27
-2.67357e-28
-4.83144e-27
6.04495e-28
6.96977e-28
-9.09249e-28
5.16951e-28
4.39143e-09
4.29578e-25
-2.25442e-24
-1.07344e-24
2.3004e-26
-3.94581e-26
1.81806e-27
-1.8301e-26
1.71335e-26
-6.65531e-26
3.05506e-26
2.34671e-26
-3.4045e-27
-1.10468e-27
1.02726e-26
1.71403e-26
-8.39221e-27
9.13526e-27
1.97515e-27
-6.37639e-28
1.69101e-27
5.67606e-29
-5.12962e-28
3.78465e-28
-7.03454e-10
5.90906e-09
6.29266e-10
-1.70757e-13
-7.40982e-25
-1.09589e-24
-2.53496e-26
-1.82774e-24
-2.63632e-26
-1.0017e-24
2.48707e-25
8.02608e-25
-1.79343e-25
-8.72696e-25
-8.28994e-26
-1.68362e-24
1.17994e-25
8.38972e-25
2.65054e-25
-6.55654e-26
3.60558e-25
2.23096e-25
1.68413e-25
3.39168e-26
1.9854e-25
5.21878e-25
2.0674e-25
-6.8063e-27
-2.7282e-26
-3.09907e-25
-1.53593e-25
-8.7906e-27
7.31779e-27
1.20681e-25
-1.32741e-26
-7.05339e-26
4.5703e-26
2.90758e-26
-4.45078e-26
-6.93792e-26
1.22571e-26
-4.67626e-26
4.65136e-26
3.31522e-26
4.98086e-27
-4.33228e-26
5.44488e-26
-4.77849e-26
1.10241e-26
4.20957e-26
-1.73882e-26
-4.91203e-26
2.80089e-27
-1.83425e-26
-4.12899e-27
1.17384e-26
-1.57542e-27
6.51742e-27
2.83313e-27
1.40501e-26
-4.13196e-27
-3.1803e-27
8.02746e-27
-5.84135e-27
-2.23441e-27
2.4034e-27
7.67692e-27
2.79807e-27
-1.85774e-28
8.54124e-27
-5.9214e-27
-8.99712e-27
-2.39436e-27
-6.44404e-27
-5.59633e-27
-2.61264e-27
-1.82758e-28
-6.68613e-28
-2.73354e-27
6.15549e-27
-3.94758e-28
3.18294e-27
-4.61818e-28
-2.98769e-27
5.06461e-28
-4.33269e-28
3.45337e-28
1.21413e-27
-1.10443e-28
-3.42149e-28
8.03723e-28
-1.36189e-28
5.25289e-29
4.94657e-28
1.03083e-27
1.30687e-27
)
;
    }
    procBoundary3to1
    {
        type            processor;
        value           nonuniform List<scalar> 
192
(
7.05351e-09
1.09853e-08
6.73688e-09
-2.45587e-10
-5.50454e-09
-6.75838e-09
-9.7463e-09
-4.7312e-09
-1.16184e-09
-1.46609e-09
-1.78839e-09
-1.23895e-09
8.40306e-10
8.67141e-10
7.28874e-10
7.04775e-10
1.42648e-09
1.39077e-09
1.35928e-09
1.43762e-09
1.43615e-09
1.4043e-09
1.40432e-09
1.48187e-09
1.21887e-09
1.20652e-09
1.21003e-09
1.25202e-09
9.52927e-10
9.5318e-10
9.56372e-10
9.72918e-10
7.21078e-10
7.24545e-10
7.25346e-10
7.28187e-10
5.37431e-10
5.4059e-10
5.39411e-10
5.36096e-10
3.97702e-10
3.99715e-10
3.9746e-10
3.92066e-10
2.93236e-10
2.94228e-10
2.91625e-10
2.86086e-10
2.15765e-10
2.16071e-10
2.13557e-10
2.08652e-10
1.5854e-10
1.58456e-10
1.56238e-10
1.5219e-10
1.16353e-10
1.16082e-10
1.14227e-10
1.11013e-10
8.52682e-11
8.49333e-11
8.34363e-11
8.09462e-11
6.23482e-11
6.20181e-11
6.08405e-11
5.89436e-11
4.54122e-11
4.51196e-11
4.42124e-11
4.27876e-11
3.28453e-11
3.26022e-11
3.19169e-11
3.08621e-11
2.34564e-11
2.32639e-11
2.27576e-11
2.19908e-11
1.63827e-11
1.6237e-11
1.58738e-11
1.53311e-11
1.10366e-11
1.09313e-11
1.06808e-11
1.03114e-11
7.09911e-12
7.02572e-12
6.86057e-12
6.62135e-12
4.62436e-12
4.57034e-12
4.45749e-12
4.29934e-12
3.66588e-09
-4.36283e-09
-4.78672e-08
-2.60109e-08
-2.67782e-09
-2.82306e-09
-6.01241e-09
-1.94558e-08
-1.26933e-09
-1.12555e-09
-1.3514e-09
-2.14472e-09
8.80933e-10
1.36592e-09
2.04393e-09
2.51077e-09
1.71435e-09
2.15463e-09
2.65059e-09
3.00049e-09
1.66791e-09
1.92214e-09
2.17276e-09
2.34787e-09
1.34366e-09
1.45902e-09
1.56264e-09
1.63268e-09
1.00828e-09
1.04903e-09
1.08045e-09
1.09969e-09
7.36203e-10
7.43287e-10
7.44276e-10
7.42747e-10
5.32799e-10
5.27068e-10
5.17644e-10
5.09429e-10
3.85167e-10
3.75948e-10
3.64563e-10
3.55452e-10
2.78879e-10
2.69864e-10
2.59599e-10
2.5161e-10
2.02341e-10
1.94726e-10
1.86394e-10
1.79995e-10
1.47068e-10
1.41038e-10
1.34598e-10
1.29689e-10
1.07016e-10
1.02397e-10
9.75458e-11
9.38662e-11
7.7898e-11
7.44262e-11
7.08242e-11
6.81019e-11
5.66534e-11
5.40757e-11
5.14267e-11
4.94299e-11
4.10875e-11
3.91922e-11
3.72593e-11
3.58053e-11
2.96156e-11
2.8237e-11
2.68396e-11
2.57901e-11
2.10922e-11
2.01045e-11
1.91084e-11
1.83612e-11
1.46995e-11
1.4009e-11
1.33159e-11
1.27963e-11
9.88455e-12
9.42072e-12
8.95832e-12
8.61203e-12
6.34758e-12
6.05369e-12
5.76615e-12
5.55287e-12
4.12193e-12
3.94079e-12
3.76849e-12
3.63499e-12
)
;
    }
    procBoundary3to2
    {
        type            processor;
        value           nonuniform List<scalar> 
192
(
-1.70333e-08
-5.10118e-09
-5.80818e-10
2.96617e-09
8.65872e-09
9.32344e-09
6.26245e-09
6.84368e-09
2.1546e-09
2.7051e-09
2.85371e-09
3.62575e-09
-6.64531e-11
3.19479e-10
8.58375e-10
1.54237e-09
-7.08696e-10
-5.09398e-10
-1.75608e-10
2.11077e-10
-8.04765e-10
-7.02934e-10
-5.27772e-10
-3.34041e-10
-6.73736e-10
-6.16182e-10
-5.22973e-10
-4.25894e-10
-4.97704e-10
-4.61271e-10
-4.09645e-10
-3.59655e-10
-3.51987e-10
-3.27671e-10
-2.96581e-10
-2.67635e-10
-2.46548e-10
-2.30247e-10
-2.10744e-10
-1.92842e-10
-1.73598e-10
-1.62795e-10
-1.50297e-10
-1.38786e-10
-1.2342e-10
-1.16338e-10
-1.08231e-10
-1.00658e-10
-8.85491e-11
-8.39336e-11
-7.86265e-11
-7.357e-11
-6.39685e-11
-6.09644e-11
-5.74609e-11
-5.40475e-11
-4.64175e-11
-4.44592e-11
-4.21276e-11
-3.98028e-11
-3.37592e-11
-3.24778e-11
-3.09141e-11
-2.93193e-11
-2.45585e-11
-2.37155e-11
-2.26594e-11
-2.15591e-11
-1.78253e-11
-1.72676e-11
-1.65505e-11
-1.57887e-11
-1.28629e-11
-1.24931e-11
-1.20053e-11
-1.14778e-11
-9.17943e-12
-8.93526e-12
-8.60462e-12
-8.24154e-12
-6.43821e-12
-6.27904e-12
-6.05771e-12
-5.81108e-12
-4.43579e-12
-4.33462e-12
-4.18941e-12
-4.02479e-12
-3.09818e-12
-3.03601e-12
-2.94198e-12
-2.83204e-12
-2.45864e-12
-2.41703e-12
-2.34814e-12
-2.26334e-12
1.23212e-08
1.70572e-08
6.20179e-09
-9.01348e-09
8.88565e-09
7.46411e-09
-6.60072e-10
-2.54547e-09
4.4619e-09
4.21773e-09
2.54135e-09
2.34273e-09
1.99927e-09
2.07556e-09
1.76695e-09
1.56225e-09
4.70148e-10
5.44092e-10
4.46803e-10
3.14625e-10
-2.04311e-10
-1.65419e-10
-2.10588e-10
-2.89783e-10
-3.63732e-10
-3.46819e-10
-3.70342e-10
-4.14409e-10
-3.28365e-10
-3.19524e-10
-3.30998e-10
-3.54638e-10
-2.49506e-10
-2.43593e-10
-2.4909e-10
-2.62197e-10
-1.81169e-10
-1.76506e-10
-1.78704e-10
-1.86143e-10
-1.30865e-10
-1.27084e-10
-1.27647e-10
-1.32002e-10
-9.5161e-11
-9.21635e-11
-9.20001e-11
-9.46317e-11
-6.97179e-11
-6.74019e-11
-6.69701e-11
-6.86048e-11
-5.13352e-11
-4.95811e-11
-4.90963e-11
-5.01376e-11
-3.78874e-11
-3.65779e-11
-3.61322e-11
-3.68108e-11
-2.79641e-11
-2.69967e-11
-2.66222e-11
-2.70735e-11
-2.05995e-11
-1.98908e-11
-1.95918e-11
-1.98972e-11
-1.51097e-11
-1.45948e-11
-1.4364e-11
-1.45736e-11
-1.09993e-11
-1.06287e-11
-1.04554e-11
-1.06002e-11
-7.90726e-12
-7.64405e-12
-7.51695e-12
-7.61649e-12
-5.58111e-12
-5.3973e-12
-5.30587e-12
-5.37184e-12
-3.86903e-12
-3.74204e-12
-3.67581e-12
-3.71424e-12
-2.72489e-12
-2.63409e-12
-2.58178e-12
-2.5952e-12
-2.17702e-12
-2.10176e-12
-2.04934e-12
-2.03144e-12
)
;
    }
}


// ************************************************************************* //
