/*--------------------------------*- C++ -*----------------------------------*\
  =========                 |
  \\      /  F ield         | OpenFOAM: The Open Source CFD Toolbox
   \\    /   O peration     | Website:  https://openfoam.org
    \\  /    A nd           | Version:  6
     \\/     M anipulation  |
\*---------------------------------------------------------------------------*/
FoamFile
{
    version     2.0;
    format      ascii;
    class       volVectorField;
    location    "0.08";
    object      stored_U;
}
// * * * * * * * * * * * * * * * * * * * * * * * * * * * * * * * * * * * * * //

dimensions      [0 1 -1 0 0 0 0];

internalField   nonuniform List<vector> 
1152
(
(0.00499632 -0.00269487 0.00703066)
(0.00276002 -0.00227649 0.00286846)
(0.000219487 -0.00137049 0.00289672)
(0.00249677 -0.00111855 0.00356269)
(0.000595082 -0.00219012 0.0110074)
(-0.00125153 3.44913e-05 0.00676032)
(-0.0010922 -0.000223342 0.00242214)
(0.00105562 0.000953551 0.00497727)
(0.00052213 -0.00125363 0.00270341)
(0.000947733 -0.000896317 0.00190631)
(0.00152215 -0.000148283 0.00381192)
(9.19968e-05 0.00317377 0.012023)
(-0.000863487 -0.00128038 0.00188199)
(-0.000146998 0.000487219 0.00382662)
(-0.00387645 0.00390769 0.00629573)
(-0.00175418 0.00222958 0.0138065)
(-0.000745469 0.000991207 0.0238853)
(0.000439383 0.0015751 0.0271264)
(0.00096181 0.00188579 0.0252256)
(0.00173726 0.000898534 0.0236524)
(-0.00128198 0.000382583 0.0242503)
(4.6824e-05 0.000632751 0.0253964)
(0.000178728 0.000569511 0.0244696)
(0.000392576 0.000176961 0.0216685)
(-0.00127755 -0.000264983 0.0258087)
(-0.000617959 -0.000487537 0.0257902)
(-0.000696326 -0.000446276 0.0226637)
(0.000471863 -0.000113125 0.021826)
(-0.00162381 -0.00252723 0.0255709)
(-0.00108318 -0.00212079 0.0249356)
(-0.00169725 -0.000434668 0.021374)
(-0.000968974 0.000322961 0.0213449)
(-0.000365462 0.000273074 0.0152443)
(0.000102489 0.00035986 0.015371)
(0.00053643 0.000394876 0.0146056)
(0.000799821 0.000133947 0.0137236)
(-0.000511749 8.4897e-05 0.0153806)
(-6.21853e-05 6.96711e-05 0.01521)
(9.29363e-05 -4.56454e-05 0.0144415)
(-1.07164e-05 -0.000401192 0.0139576)
(-0.000652148 -2.11065e-05 0.015111)
(-0.000426438 -0.000176479 0.0149778)
(-0.000502383 -0.000327718 0.01443)
(-0.000596617 -0.000573451 0.0148484)
(-0.000883167 -0.000443923 0.0150655)
(-0.000730649 -0.000549265 0.0149391)
(-0.0009996 -0.0004186 0.0143209)
(-0.00133662 -0.000359047 0.0151317)
(4.94449e-05 -0.00016683 0.0160774)
(0.000187378 -0.000179644 0.0158564)
(0.000323412 -0.000209961 0.0154749)
(0.000331723 -0.000319789 0.0151222)
(-5.30293e-05 -0.000135784 0.0161967)
(4.45716e-05 -0.000192762 0.015947)
(5.51619e-05 -0.00031206 0.0156068)
(-0.000115725 -0.000556329 0.0155045)
(-0.000197717 -3.02576e-05 0.0161678)
(-0.000162955 -0.000124253 0.0159779)
(-0.000275448 -0.000247036 0.0157828)
(-0.000540793 -0.0004591 0.0160432)
(-0.000359272 2.0603e-05 0.0160909)
(-0.000336314 -6.5054e-05 0.0159557)
(-0.00051512 -0.000104384 0.0158306)
(-0.000845936 -0.000140705 0.0163228)
(0.000194435 -0.000334526 0.0161145)
(0.000202281 -0.000345742 0.0159355)
(0.000188456 -0.000380209 0.0157498)
(0.000125862 -0.000461716 0.0156259)
(0.000136128 -0.000281193 0.0162111)
(0.000112683 -0.0003293 0.0160354)
(3.73639e-05 -0.000417985 0.0158863)
(-0.00010409 -0.00057216 0.0158787)
(4.48642e-05 -0.000182952 0.0162573)
(-8.63059e-06 -0.000246657 0.0161117)
(-0.000141807 -0.000336659 0.0160198)
(-0.000336317 -0.000476531 0.0161474)
(-5.00232e-05 -9.77491e-05 0.016238)
(-0.000110989 -0.000150575 0.0161226)
(-0.000272741 -0.000200383 0.0160638)
(-0.000490539 -0.000261578 0.0162608)
(0.000203 -0.000349782 0.0160612)
(0.000165141 -0.000356471 0.0159496)
(0.000109288 -0.000378086 0.0158609)
(4.38931e-05 -0.000426314 0.0158167)
(0.000173426 -0.000314179 0.0161368)
(0.000119894 -0.000343964 0.0160311)
(3.6245e-05 -0.00039314 0.0159652)
(-6.18208e-05 -0.000471262 0.0159787)
(0.000125792 -0.000252486 0.01619)
(5.91101e-05 -0.000290211 0.0161018)
(-4.76572e-05 -0.000339441 0.0160646)
(-0.000166888 -0.000406426 0.0161344)
(7.76635e-05 -0.00019097 0.0162067)
(8.32653e-06 -0.000221439 0.0161346)
(-0.000106566 -0.000248867 0.0161138)
(-0.000231165 -0.000277428 0.0162077)
(0.000163584 -0.000300717 0.0160813)
(0.000121022 -0.000305474 0.0160141)
(6.85418e-05 -0.000316713 0.0159666)
(1.81185e-05 -0.000339912 0.0159426)
(0.000148222 -0.000279621 0.0161412)
(9.99096e-05 -0.000296598 0.0160775)
(3.65383e-05 -0.000319954 0.0160419)
(-2.58441e-05 -0.000354441 0.0160441)
(0.000123861 -0.000242042 0.0161862)
(7.1433e-05 -0.000263112 0.0161311)
(6.95913e-07 -0.000286017 0.0161084)
(-6.82993e-05 -0.000313399 0.0161319)
(0.000100162 -0.000199648 0.0162071)
(4.87463e-05 -0.000216788 0.0161597)
(-2.25976e-05 -0.00022915 0.0161418)
(-9.16529e-05 -0.000237654 0.0161691)
(0.000118889 -0.000236209 0.0161103)
(8.65104e-05 -0.000240207 0.0160684)
(4.8868e-05 -0.000245799 0.0160369)
(1.47491e-05 -0.000255398 0.0160141)
(0.000110102 -0.000222946 0.016156)
(7.65465e-05 -0.00023263 0.0161164)
(3.57308e-05 -0.000243591 0.01609)
(-1.70364e-06 -0.000257392 0.0160774)
(9.75579e-05 -0.000199326 0.0161893)
(6.36354e-05 -0.000210609 0.0161536)
(2.14194e-05 -0.000221006 0.0161315)
(-1.70232e-05 -0.000230977 0.0161247)
(8.59868e-05 -0.000170049 0.0162035)
(5.38433e-05 -0.000179268 0.0161701)
(1.326e-05 -0.00018435 0.0161475)
(-2.40111e-05 -0.000185065 0.0161364)
(8.40534e-05 -0.000179002 0.0161302)
(6.26126e-05 -0.000181866 0.0161023)
(3.83323e-05 -0.000184317 0.0160775)
(1.65509e-05 -0.000187406 0.0160522)
(7.86277e-05 -0.000169829 0.0161639)
(5.78455e-05 -0.000175438 0.0161371)
(3.34736e-05 -0.000180342 0.0161138)
(1.1616e-05 -0.000185118 0.0160913)
(7.15151e-05 -0.000153504 0.0161865)
(5.18125e-05 -0.000159924 0.0161609)
(2.82069e-05 -0.000164615 0.0161377)
(7.26131e-06 -0.000167664 0.0161142)
(6.51833e-05 -0.000132223 0.0161921)
(4.746e-05 -0.000137781 0.0161665)
(2.58423e-05 -0.0001401 0.0161399)
(6.24988e-06 -0.000138783 0.0161088)
(5.93347e-05 -0.000133492 0.0161423)
(4.60213e-05 -0.000135333 0.0161223)
(3.10412e-05 -0.000136142 0.0161006)
(1.74006e-05 -0.000136395 0.0160731)
(5.59288e-05 -0.000126884 0.0161663)
(4.37903e-05 -0.000130137 0.0161465)
(2.9726e-05 -0.000132171 0.0161246)
(1.70081e-05 -0.000133228 0.0160966)
(5.17174e-05 -0.000115185 0.01618)
(4.09473e-05 -0.000118924 0.01616)
(2.82016e-05 -0.000121011 0.0161361)
(1.68304e-05 -0.000121462 0.0161041)
(4.79973e-05 -9.95336e-05 0.0161779)
(3.89566e-05 -0.000103019 0.0161567)
(2.79821e-05 -0.000104185 0.0161281)
(1.78241e-05 -0.000102693 0.0160871)
(4.22458e-05 -9.88269e-05 0.0161491)
(3.41936e-05 -9.9916e-05 0.0161336)
(2.50547e-05 -9.99297e-05 0.0161137)
(1.64739e-05 -9.91103e-05 0.0160851)
(4.01199e-05 -9.40165e-05 0.0161655)
(3.32296e-05 -9.59011e-05 0.0161498)
(2.51774e-05 -9.66078e-05 0.0161288)
(1.76631e-05 -9.62646e-05 0.0160982)
(3.75595e-05 -8.55099e-05 0.0161721)
(3.19158e-05 -8.77468e-05 0.0161555)
(2.51374e-05 -8.86431e-05 0.0161315)
(1.88767e-05 -8.82211e-05 0.0160957)
(3.52709e-05 -7.39722e-05 0.0161639)
(3.10046e-05 -7.62456e-05 0.0161453)
(2.56428e-05 -7.69017e-05 0.016116)
(2.03682e-05 -7.56968e-05 0.0160707)
(3.03862e-05 -7.28997e-05 0.0161526)
(2.55452e-05 -7.34949e-05 0.0161399)
(1.9932e-05 -7.31708e-05 0.0161213)
(1.4443e-05 -7.20708e-05 0.0160923)
(2.90734e-05 -6.93999e-05 0.0161632)
(2.52094e-05 -7.04878e-05 0.0161501)
(2.05612e-05 -7.06044e-05 0.0161299)
(1.60021e-05 -6.98372e-05 0.0160983)
(2.74918e-05 -6.31895e-05 0.0161645)
(2.46401e-05 -6.45578e-05 0.01615)
(2.10451e-05 -6.49093e-05 0.0161263)
(1.75037e-05 -6.42774e-05 0.0160891)
(2.60426e-05 -5.46953e-05 0.0161515)
(2.4241e-05 -5.62205e-05 0.0161347)
(2.17255e-05 -5.66235e-05 0.0161055)
(1.89476e-05 -5.57399e-05 0.0160584)
(2.20362e-05 -5.3665e-05 0.0161543)
(1.91126e-05 -5.39602e-05 0.0161435)
(1.5612e-05 -5.35312e-05 0.0161258)
(1.20261e-05 -5.24748e-05 0.0160969)
(2.12331e-05 -5.11267e-05 0.0161606)
(1.90759e-05 -5.17508e-05 0.0161491)
(1.63473e-05 -5.1627e-05 0.0161297)
(1.34956e-05 -5.08234e-05 0.0160979)
(2.0245e-05 -4.65919e-05 0.0161578)
(1.88673e-05 -4.74442e-05 0.0161448)
(1.69539e-05 -4.75494e-05 0.0161217)
(1.48814e-05 -4.69453e-05 0.0160841)
(1.93097e-05 -4.03509e-05 0.0161413)
(1.87142e-05 -4.13931e-05 0.0161257)
(1.76035e-05 -4.16553e-05 0.0160969)
(1.6106e-05 -4.10283e-05 0.0160494)
(1.60679e-05 -3.94514e-05 0.016155)
(1.4286e-05 -3.95748e-05 0.0161455)
(1.20624e-05 -3.91505e-05 0.0161286)
(9.67106e-06 -3.82488e-05 0.0160999)
(1.55805e-05 -3.76154e-05 0.0161581)
(1.4379e-05 -3.797e-05 0.0161478)
(1.27443e-05 -3.77678e-05 0.0161291)
(1.09072e-05 -3.70638e-05 0.0160975)
(1.49573e-05 -3.4307e-05 0.0161524)
(1.43399e-05 -3.48458e-05 0.0161404)
(1.33162e-05 -3.48444e-05 0.0161179)
(1.20593e-05 -3.4339e-05 0.0160804)
(1.43452e-05 -2.973e-05 0.0161331)
(1.43032e-05 -3.04508e-05 0.0161185)
(1.38685e-05 -3.06275e-05 0.0160902)
(1.30377e-05 -3.01869e-05 0.0160429)
(1.17507e-05 -2.89675e-05 0.0161553)
(1.06526e-05 -2.89985e-05 0.0161467)
(9.214e-06 -2.8624e-05 0.0161304)
(7.59049e-06 -2.78969e-05 0.016102)
(1.1457e-05 -2.7642e-05 0.016156)
(1.07902e-05 -2.78408e-05 0.0161465)
(9.79013e-06 -2.76317e-05 0.0161284)
(8.57582e-06 -2.70596e-05 0.0160971)
(1.10608e-05 -2.52312e-05 0.016148)
(1.08251e-05 -2.55761e-05 0.0161368)
(1.02754e-05 -2.55332e-05 0.0161148)
(9.48706e-06 -2.51345e-05 0.0160776)
(1.06558e-05 -2.18799e-05 0.0161268)
(1.08404e-05 -2.23827e-05 0.016113)
(1.07199e-05 -2.25041e-05 0.0160851)
(1.02443e-05 -2.21945e-05 0.0160381)
(8.60135e-06 -2.12386e-05 0.0161553)
(7.91664e-06 -2.12241e-05 0.0161474)
(6.9701e-06 -2.09127e-05 0.0161316)
(5.85181e-06 -2.03451e-05 0.0161035)
(8.42559e-06 -2.02833e-05 0.0161542)
(8.05804e-06 -2.03922e-05 0.0161454)
(7.43375e-06 -2.02053e-05 0.0161277)
(6.61418e-06 -1.9758e-05 0.0160968)
(8.17174e-06 -1.85288e-05 0.0161446)
(8.11977e-06 -1.8752e-05 0.0161341)
(7.82451e-06 -1.86977e-05 0.0161125)
(7.31538e-06 -1.83924e-05 0.0160757)
(7.90136e-06 -1.60791e-05 0.016122)
(8.15512e-06 -1.64319e-05 0.0161087)
(8.17139e-06 -1.65163e-05 0.0160813)
(7.89053e-06 -1.62979e-05 0.0160346)
(6.28981e-06 -1.55368e-05 0.0161552)
(5.85779e-06 -1.55033e-05 0.0161478)
(5.22599e-06 -1.52539e-05 0.0161324)
(4.44743e-06 -1.48198e-05 0.0161046)
(6.18543e-06 -1.48497e-05 0.0161529)
(5.98509e-06 -1.49073e-05 0.0161445)
(5.58822e-06 -1.47515e-05 0.0161272)
(5.02631e-06 -1.44099e-05 0.0160966)
(6.02167e-06 -1.35753e-05 0.0161421)
(6.05113e-06 -1.3721e-05 0.0161319)
(5.8933e-06 -1.36684e-05 0.0161108)
(5.55661e-06 -1.34388e-05 0.0160742)
(5.83987e-06 -1.17887e-05 0.0161184)
(6.09107e-06 -1.20372e-05 0.0161055)
(6.15875e-06 -1.20962e-05 0.0160785)
(5.98797e-06 -1.19415e-05 0.0160321)
(4.58419e-06 -1.13215e-05 0.0161551)
(4.30886e-06 -1.1283e-05 0.016148)
(3.88241e-06 -1.10886e-05 0.0161329)
(3.33683e-06 -1.07619e-05 0.0161054)
(4.52285e-06 -1.08286e-05 0.0161518)
(4.41564e-06 -1.08575e-05 0.0161438)
(4.15942e-06 -1.0733e-05 0.0161268)
(3.77015e-06 -1.04764e-05 0.0160964)
(4.41665e-06 -9.90631e-06 0.0161401)
(4.4759e-06 -1.0002e-05 0.0161304)
(4.39252e-06 -9.95637e-06 0.0161095)
(4.16596e-06 -9.78578e-06 0.0160732)
(4.29381e-06 -8.60823e-06 0.0161157)
(4.51333e-06 -8.78357e-06 0.0161031)
(4.59264e-06 -8.82486e-06 0.0160764)
(4.48613e-06 -8.7149e-06 0.0160303)
(3.31867e-06 -8.19189e-06 0.016155)
(3.14198e-06 -8.15555e-06 0.0161482)
(2.85226e-06 -8.00749e-06 0.0161333)
(2.46939e-06 -7.76524e-06 0.0161059)
(3.28313e-06 -7.84015e-06 0.016151)
(3.2274e-06 -7.85346e-06 0.0161433)
(3.06009e-06 -7.7571e-06 0.0161265)
(2.78925e-06 -7.56728e-06 0.0160963)
(3.21408e-06 -7.17708e-06 0.0161387)
(3.27803e-06 -7.24023e-06 0.0161292)
(3.23486e-06 -7.20301e-06 0.0161086)
(3.08082e-06 -7.07786e-06 0.0160725)
(3.13098e-06 -6.24049e-06 0.0161137)
(3.31001e-06 -6.36394e-06 0.0161013)
(3.38354e-06 -6.39276e-06 0.0160749)
(3.31578e-06 -6.31474e-06 0.016029)
(2.37423e-06 -5.8521e-06 0.0161549)
(2.26044e-06 -5.82122e-06 0.0161483)
(2.06367e-06 -5.71121e-06 0.0161336)
(1.7964e-06 -5.53499e-06 0.0161064)
(2.35396e-06 -5.604e-06 0.0161504)
(2.32613e-06 -5.60912e-06 0.0161429)
(2.21629e-06 -5.53678e-06 0.0161263)
(2.02839e-06 -5.39898e-06 0.0160962)
(2.30911e-06 -5.13308e-06 0.0161377)
(2.36629e-06 -5.17475e-06 0.0161283)
(2.34454e-06 -5.14583e-06 0.0161079)
(2.23952e-06 -5.05555e-06 0.0160719)
(2.25307e-06 -4.46581e-06 0.0161122)
(2.39193e-06 -4.55209e-06 0.0161001)
(2.45293e-06 -4.57212e-06 0.0160738)
(2.40917e-06 -4.51725e-06 0.0160281)
(1.66794e-06 -4.08808e-06 0.0161548)
(1.59466e-06 -4.06381e-06 0.0161484)
(1.46215e-06 -3.98466e-06 0.0161337)
(1.27802e-06 -3.85994e-06 0.0161066)
(1.65655e-06 -3.91698e-06 0.01615)
(1.64316e-06 -3.91815e-06 0.0161426)
(1.57102e-06 -3.86577e-06 0.0161261)
(1.44196e-06 -3.76846e-06 0.0160962)
(1.62758e-06 -3.58977e-06 0.0161369)
(1.67332e-06 -3.61714e-06 0.0161277)
(1.66237e-06 -3.59584e-06 0.0161074)
(1.59088e-06 -3.53249e-06 0.0160716)
(1.59012e-06 -3.12489e-06 0.0161112)
(1.69261e-06 -3.18435e-06 0.0160992)
(1.7391e-06 -3.19826e-06 0.016073)
(1.71017e-06 -3.16062e-06 0.0160274)
(1.14891e-06 -2.75436e-06 0.0161548)
(1.10173e-06 -2.73652e-06 0.0161484)
(1.01346e-06 -2.68197e-06 0.0161339)
(8.88532e-07 -2.59719e-06 0.0161068)
(1.14263e-06 -2.64073e-06 0.0161497)
(1.13582e-06 -2.64041e-06 0.0161424)
(1.08803e-06 -2.60436e-06 0.016126)
(1.00005e-06 -2.53855e-06 0.0160962)
(1.12407e-06 -2.42152e-06 0.0161364)
(1.15699e-06 -2.43953e-06 0.0161273)
(1.15025e-06 -2.42507e-06 0.0161071)
(1.1009e-06 -2.38273e-06 0.0160713)
(1.09921e-06 -2.10921e-06 0.0161105)
(1.17021e-06 -2.14955e-06 0.0160985)
(1.202e-06 -2.15955e-06 0.0160725)
(1.18125e-06 -2.13522e-06 0.016027)
(7.98252e-07 -1.77206e-06 0.0161547)
(7.66916e-07 -1.75962e-06 0.0161484)
(7.0689e-07 -1.72391e-06 0.016134)
(6.2084e-07 -1.66932e-06 0.016107)
(7.94924e-07 -1.70025e-06 0.0161495)
(7.8953e-07 -1.69997e-06 0.0161423)
(7.55494e-07 -1.67703e-06 0.016126)
(6.93324e-07 -1.63545e-06 0.0160962)
(7.82847e-07 -1.56029e-06 0.0161361)
(8.02925e-07 -1.5729e-06 0.016127)
(7.95216e-07 -1.56489e-06 0.0161068)
(7.57923e-07 -1.53937e-06 0.0160712)
(7.65854e-07 -1.36002e-06 0.01611)
(8.10259e-07 -1.38791e-06 0.0160981)
(8.27213e-07 -1.39671e-06 0.0160721)
(8.08451e-07 -1.38408e-06 0.0160267)
(6.25272e-07 -1.15501e-06 0.0161547)
(6.01068e-07 -1.14617e-06 0.0161485)
(5.54171e-07 -1.12246e-06 0.0161341)
(4.87127e-07 -1.0873e-06 0.0161071)
(6.23127e-07 -1.10898e-06 0.0161494)
(6.16027e-07 -1.1097e-06 0.0161422)
(5.86139e-07 -1.0958e-06 0.0161259)
(5.34832e-07 -1.07055e-06 0.0160962)
(6.13843e-07 -1.01869e-06 0.0161358)
(6.23738e-07 -1.02917e-06 0.0161268)
(6.11203e-07 -1.02593e-06 0.0161067)
(5.76201e-07 -1.01174e-06 0.0160711)
(6.00316e-07 -8.89364e-07 0.0161096)
(6.26969e-07 -9.10188e-07 0.0160978)
(6.31124e-07 -9.18086e-07 0.0160719)
(6.08799e-07 -9.12759e-07 0.0160265)
(-0.00445437 0.00224675 0.0129604)
(-0.00608704 0.00435896 0.00840696)
(-0.0087952 0.00425633 0.00315956)
(-0.00162983 0.00084388 0.013202)
(-0.00469497 -0.000927126 0.0143712)
(-0.0062667 0.00111374 0.0119247)
(-0.00941617 0.00425703 0.00403258)
(-0.00182444 -7.46607e-06 0.0107095)
(-0.00232149 -0.00501843 0.00617033)
(-0.00397934 -0.000335227 0.0110013)
(-0.00516192 0.00394573 0.00509541)
(-0.00288394 0.000583804 0.00550501)
(0.00258769 -0.00215439 0.00360635)
(0.000496157 0.0016893 0.00272561)
(0.00100385 0.00451889 0.0013999)
(-0.00257028 0.00291306 0.00160556)
(-0.00166726 -0.00247633 0.0229661)
(-0.000492355 -0.00209267 0.0241906)
(-0.00113692 -0.00032229 0.0225727)
(-0.00108686 0.00121753 0.0216683)
(-0.00136564 -0.000414594 0.0222705)
(0.000133085 -0.000806943 0.0234271)
(-0.000544217 0.000114318 0.0251801)
(-0.000856389 0.00198748 0.0222733)
(-0.00033159 0.0011771 0.0228287)
(0.000649048 0.00119689 0.0233868)
(0.00035402 0.000804482 0.0257578)
(-0.0007283 0.00232129 0.024127)
(0.00033084 0.000672794 0.0234355)
(0.000707024 0.00103754 0.0234659)
(0.000659079 0.000590094 0.0278834)
(-0.00124341 0.00193577 0.0270474)
(-0.00095932 -0.000445241 0.015456)
(-0.000691613 -0.000580594 0.0150997)
(-0.00105458 -0.000356034 0.0141386)
(-0.00144833 -6.31016e-05 0.0149575)
(-0.000901241 -3.99026e-05 0.0156519)
(-0.000554227 -0.000303635 0.0151932)
(-0.00106786 -0.000196066 0.0142303)
(-0.00153432 0.000244484 0.0150492)
(-0.000690055 0.000163066 0.015482)
(-0.000503552 8.79551e-06 0.0149995)
(-0.0011097 -0.000119572 0.0142562)
(-0.00157866 0.000408509 0.0151011)
(-0.000629899 7.55243e-05 0.0151403)
(-0.00054811 0.000155531 0.0142644)
(-0.00106839 0.000252658 0.0142891)
(-0.00141484 0.000775626 0.0151189)
(-0.000442395 2.99146e-05 0.0160606)
(-0.000393846 -6.40429e-05 0.0159087)
(-0.00060684 -8.16476e-05 0.0158247)
(-0.000931823 -2.13246e-05 0.0164539)
(-0.000442884 1.53882e-05 0.0160468)
(-0.000383038 -5.9869e-05 0.015904)
(-0.000675564 -2.55857e-05 0.0158975)
(-0.000979065 0.000126948 0.0167194)
(-0.000372445 1.73746e-06 0.0160676)
(-0.000338462 -5.52967e-06 0.0159286)
(-0.000697671 8.5376e-05 0.0160576)
(-0.000935517 0.000329829 0.0169717)
(-0.00032088 9.87043e-06 0.0161239)
(-0.00029221 6.45689e-05 0.0159137)
(-0.00067147 0.00026603 0.016259)
(-0.000837833 0.000556593 0.0171669)
(-0.000106305 -6.74459e-05 0.0161879)
(-0.000166364 -0.000111105 0.0160842)
(-0.000344586 -0.000138207 0.0160578)
(-0.00053704 -0.000161587 0.0162998)
(-0.000116524 -8.15187e-05 0.0161656)
(-0.000183685 -0.000102799 0.0160644)
(-0.000396223 -8.37946e-05 0.0160808)
(-0.000559532 -6.53513e-05 0.0164047)
(-8.73106e-05 -7.91593e-05 0.0161689)
(-0.000167243 -6.94337e-05 0.0160512)
(-0.000407641 3.25948e-06 0.0161056)
(-0.000524238 7.02082e-05 0.0164759)
(-5.16065e-05 -2.85366e-05 0.0161254)
(-0.000133378 2.49129e-06 0.015976)
(-0.000383207 0.000134158 0.0160701)
(-0.000439653 0.000238655 0.0164602)
(4.80924e-05 -0.00015176 0.0161952)
(-2.16149e-05 -0.000174026 0.0161288)
(-0.000139023 -0.000187462 0.0161198)
(-0.00024169 -0.000202521 0.0162265)
(4.19772e-05 -0.000132282 0.016178)
(-3.24229e-05 -0.00014354 0.0161093)
(-0.000160116 -0.000134635 0.0161167)
(-0.000242156 -0.000137458 0.0162578)
(5.68024e-05 -0.000101059 0.016146)
(-2.21673e-05 -9.98879e-05 0.0160675)
(-0.000155542 -6.45667e-05 0.0160881)
(-0.000211373 -4.89495e-05 0.0162561)
(7.96797e-05 -4.06735e-05 0.0160613)
(2.7494e-06 -3.46187e-05 0.0159738)
(-0.00012897 2.26586e-05 0.0160097)
(-0.000155484 5.40084e-05 0.0162023)
(8.61202e-05 -0.00016223 0.0162019)
(3.56634e-05 -0.000174722 0.016155)
(-3.36929e-05 -0.000180504 0.0161368)
(-8.84433e-05 -0.000185191 0.0161614)
(8.41226e-05 -0.000130665 0.0161742)
(3.23126e-05 -0.00013951 0.0161233)
(-3.90905e-05 -0.000137359 0.0161079)
(-8.27431e-05 -0.000141577 0.0161451)
(9.29901e-05 -9.12135e-05 0.0161154)
(4.07987e-05 -9.64705e-05 0.0160587)
(-3.03395e-05 -8.47928e-05 0.0160469)
(-6.15692e-05 -8.52162e-05 0.0160983)
(0.000107015 -3.72512e-05 0.0160096)
(5.78844e-05 -4.36275e-05 0.0159501)
(-1.01132e-05 -2.5561e-05 0.0159458)
(-2.75197e-05 -2.19416e-05 0.0160154)
(7.92798e-05 -0.000138635 0.0161928)
(4.87852e-05 -0.000145537 0.0161571)
(1.0979e-05 -0.000148229 0.0161295)
(-1.74206e-05 -0.000148802 0.0161108)
(7.8898e-05 -0.000107902 0.0161539)
(4.89697e-05 -0.00011465 0.0161138)
(1.1633e-05 -0.000116044 0.0160839)
(-1.11782e-05 -0.0001199 0.0160688)
(8.4087e-05 -7.18822e-05 0.0160786)
(5.56767e-05 -7.91687e-05 0.0160351)
(1.97635e-05 -7.87617e-05 0.016006)
(2.55344e-06 -8.41574e-05 0.0159996)
(9.24523e-05 -2.93454e-05 0.015961)
(6.72067e-05 -3.95736e-05 0.0159177)
(3.39484e-05 -3.89724e-05 0.0158947)
(2.294e-05 -4.54745e-05 0.0159035)
(6.16339e-05 -0.000107504 0.0161737)
(4.56717e-05 -0.000112153 0.0161447)
(2.65042e-05 -0.000113983 0.0161115)
(1.24334e-05 -0.000113844 0.0160714)
(6.16241e-05 -8.20192e-05 0.0161258)
(4.69845e-05 -8.78954e-05 0.0160926)
(2.88593e-05 -9.09937e-05 0.0160553)
(1.76152e-05 -9.48835e-05 0.0160157)
(6.47942e-05 -5.3454e-05 0.0160408)
(5.19634e-05 -6.0909e-05 0.0160054)
(3.51959e-05 -6.51489e-05 0.0159682)
(2.64495e-05 -7.21373e-05 0.0159349)
(6.99678e-05 -2.18022e-05 0.0159169)
(5.97766e-05 -3.21103e-05 0.015883)
(4.49806e-05 -3.83035e-05 0.015852)
(3.89338e-05 -4.82304e-05 0.0158321)
(4.58805e-05 -8.06804e-05 0.0161527)
(3.84305e-05 -8.39515e-05 0.0161277)
(2.93856e-05 -8.54633e-05 0.0160919)
(2.27269e-05 -8.5492e-05 0.0160421)
(4.58613e-05 -6.08683e-05 0.0160983)
(3.98564e-05 -6.57208e-05 0.0160695)
(3.18645e-05 -6.92756e-05 0.0160292)
(2.66666e-05 -7.30215e-05 0.015979)
(4.77542e-05 -3.9168e-05 0.0160074)
(4.34283e-05 -4.57708e-05 0.0159771)
(3.65325e-05 -5.13703e-05 0.0159369)
(3.2432e-05 -5.8339e-05 0.0158922)
(5.10306e-05 -1.59596e-05 0.0158799)
(4.88071e-05 -2.4988e-05 0.0158519)
(4.33186e-05 -3.30567e-05 0.015818)
(4.0318e-05 -4.3284e-05 0.0157859)
(3.3918e-05 -5.98409e-05 0.0161333)
(3.09623e-05 -6.2207e-05 0.0161109)
(2.70484e-05 -6.34809e-05 0.0160744)
(2.40416e-05 -6.37321e-05 0.0160206)
(3.38522e-05 -4.4867e-05 0.0160743)
(3.21969e-05 -4.87491e-05 0.0160483)
(2.9174e-05 -5.2084e-05 0.0160074)
(2.69351e-05 -5.54326e-05 0.0159532)
(3.49855e-05 -2.86687e-05 0.0159796)
(3.47348e-05 -3.41419e-05 0.0159527)
(3.2551e-05 -3.95827e-05 0.015912)
(3.07701e-05 -4.57684e-05 0.0158632)
(3.71192e-05 -1.16861e-05 0.0158501)
(3.84986e-05 -1.91212e-05 0.0158258)
(3.73125e-05 -2.6912e-05 0.0157916)
(3.59147e-05 -3.60532e-05 0.0157551)
(2.5148e-05 -4.42052e-05 0.0161169)
(2.43744e-05 -4.59329e-05 0.0160962)
(2.29212e-05 -4.69727e-05 0.0160599)
(2.16442e-05 -4.73322e-05 0.0160048)
(2.50653e-05 -3.30398e-05 0.0160546)
(2.53644e-05 -3.60698e-05 0.0160307)
(2.46103e-05 -3.89082e-05 0.0159902)
(2.374e-05 -4.17244e-05 0.0159351)
(2.57571e-05 -2.1037e-05 0.0159575)
(2.71732e-05 -2.54027e-05 0.0159329)
(2.70447e-05 -3.00962e-05 0.0158928)
(2.63397e-05 -3.52328e-05 0.0158432)
(2.71853e-05 -8.59041e-06 0.0158267)
(2.98461e-05 -1.45085e-05 0.0158049)
(3.04247e-05 -2.12163e-05 0.0157714)
(2.97914e-05 -2.88106e-05 0.0157342)
(1.87084e-05 -3.26065e-05 0.0161037)
(1.88967e-05 -3.38688e-05 0.0160843)
(1.8557e-05 -3.46897e-05 0.0160486)
(1.80711e-05 -3.50647e-05 0.0159934)
(1.8631e-05 -2.43381e-05 0.016039)
(1.9664e-05 -2.66594e-05 0.0160166)
(1.98518e-05 -2.89479e-05 0.015977)
(1.9581e-05 -3.12191e-05 0.0159223)
(1.90645e-05 -1.54738e-05 0.0159403)
(2.09607e-05 -1.88708e-05 0.0159173)
(2.16083e-05 -2.26825e-05 0.0158783)
(2.13718e-05 -2.67788e-05 0.0158293)
(2.00425e-05 -6.33521e-06 0.0158086)
(2.28799e-05 -1.09444e-05 0.0157886)
(2.40298e-05 -1.63936e-05 0.0157563)
(2.37404e-05 -2.24417e-05 0.0157198)
(1.39377e-05 -2.4031e-05 0.0160933)
(1.44831e-05 -2.49515e-05 0.016075)
(1.46052e-05 -2.55837e-05 0.0160399)
(1.44666e-05 -2.59246e-05 0.0159851)
(1.38745e-05 -1.79313e-05 0.0160269)
(1.50672e-05 -1.96859e-05 0.0160057)
(1.5579e-05 -2.14726e-05 0.015967)
(1.55529e-05 -2.32533e-05 0.0159131)
(1.41537e-05 -1.13968e-05 0.015927)
(1.60019e-05 -1.3996e-05 0.0159054)
(1.6849e-05 -1.69867e-05 0.0158675)
(1.68025e-05 -2.01705e-05 0.0158195)
(1.48356e-05 -4.6797e-06 0.0157948)
(1.73902e-05 -8.21572e-06 0.0157762)
(1.85956e-05 -1.24971e-05 0.015745)
(1.84559e-05 -1.71898e-05 0.0157096)
(1.0378e-05 -1.76952e-05 0.0160854)
(1.09984e-05 -1.83647e-05 0.0160678)
(1.12791e-05 -1.88432e-05 0.0160334)
(1.1283e-05 -1.91309e-05 0.0159791)
(1.03304e-05 -1.32062e-05 0.0160178)
(1.14385e-05 -1.45196e-05 0.0159975)
(1.20037e-05 -1.58867e-05 0.0159596)
(1.20649e-05 -1.72561e-05 0.0159065)
(1.0515e-05 -8.39595e-06 0.015917)
(1.2115e-05 -1.03612e-05 0.0158964)
(1.29238e-05 -1.26583e-05 0.0158595)
(1.29457e-05 -1.50908e-05 0.0158125)
(1.09969e-05 -3.45746e-06 0.0157844)
(1.31241e-05 -6.14037e-06 0.0157668)
(1.41893e-05 -9.43443e-06 0.0157367)
(1.41143e-05 -1.30143e-05 0.0157024)
(7.71142e-06 -1.30121e-05 0.0160794)
(8.28616e-06 -1.34981e-05 0.0160624)
(8.59126e-06 -1.38558e-05 0.0160286)
(8.64564e-06 -1.40876e-05 0.0159748)
(7.67723e-06 -9.71551e-06 0.0160109)
(8.61537e-06 -1.06914e-05 0.0159913)
(9.12684e-06 -1.17232e-05 0.0159542)
(9.20896e-06 -1.27616e-05 0.0159018)
(7.80223e-06 -6.18005e-06 0.0159095)
(9.10654e-06 -7.6528e-06 0.0158896)
(9.79439e-06 -9.39206e-06 0.0158536)
(9.83448e-06 -1.12278e-05 0.0158075)
(8.14614e-06 -2.55171e-06 0.0157765)
(9.84176e-06 -4.56967e-06 0.0157598)
(1.07138e-05 -7.06822e-06 0.0157306)
(1.06676e-05 -9.76662e-06 0.0156973)
(5.70965e-06 -9.54643e-06 0.0160749)
(6.19603e-06 -9.8982e-06 0.0160583)
(6.47151e-06 -1.01631e-05 0.016025)
(6.53664e-06 -1.03443e-05 0.0159717)
(5.68598e-06 -7.13172e-06 0.0160057)
(6.44094e-06 -7.85231e-06 0.0159866)
(6.86541e-06 -8.62292e-06 0.0159501)
(6.94272e-06 -9.40163e-06 0.0158984)
(5.77226e-06 -4.53939e-06 0.0159039)
(6.79793e-06 -5.6347e-06 0.0158846)
(7.34991e-06 -6.93735e-06 0.0158492)
(7.38912e-06 -8.30934e-06 0.015804)
(6.01919e-06 -1.87867e-06 0.0157707)
(7.33394e-06 -3.38484e-06 0.0157546)
(8.01845e-06 -5.25936e-06 0.0157261)
(7.98612e-06 -7.27419e-06 0.0156937)
(4.20447e-06 -6.97538e-06 0.0160715)
(4.59534e-06 -7.22912e-06 0.0160553)
(4.82386e-06 -7.42354e-06 0.0160224)
(4.88389e-06 -7.56189e-06 0.0159694)
(4.18856e-06 -5.21396e-06 0.0160019)
(4.77642e-06 -5.74248e-06 0.0159832)
(5.11207e-06 -6.31255e-06 0.0159472)
(5.17632e-06 -6.89051e-06 0.015896)
(4.24897e-06 -3.32087e-06 0.0158998)
(5.03559e-06 -4.12916e-06 0.0158809)
(5.46313e-06 -5.09521e-06 0.0158461)
(5.49548e-06 -6.11108e-06 0.0158014)
(4.42668e-06 -1.37712e-06 0.0157664)
(5.4256e-06 -2.49227e-06 0.0157507)
(5.9484e-06 -3.88457e-06 0.0157228)
(5.92398e-06 -5.37549e-06 0.0156911)
(3.0698e-06 -5.05983e-06 0.0160691)
(3.37271e-06 -5.24172e-06 0.0160531)
(3.55285e-06 -5.38295e-06 0.0160204)
(3.60249e-06 -5.48644e-06 0.0159677)
(3.05938e-06 -3.78426e-06 0.0159991)
(3.50544e-06 -4.16847e-06 0.0159807)
(3.76212e-06 -4.58557e-06 0.015945)
(3.81215e-06 -5.0095e-06 0.0158942)
(3.102e-06 -2.41181e-06 0.0158967)
(3.69267e-06 -3.00244e-06 0.0158782)
(4.01517e-06 -3.71079e-06 0.0158438)
(4.03977e-06 -4.45471e-06 0.0157995)
(3.22956e-06 -1.00184e-06 0.0157632)
(3.9748e-06 -1.81906e-06 0.0157479)
(4.36546e-06 -2.84139e-06 0.0157205)
(4.34636e-06 -3.93279e-06 0.0156892)
(2.21144e-06 -3.62301e-06 0.0160673)
(2.43867e-06 -3.75199e-06 0.0160515)
(2.57502e-06 -3.85316e-06 0.0160191)
(2.6133e-06 -3.92891e-06 0.0159666)
(2.20474e-06 -2.71126e-06 0.015997)
(2.5345e-06 -2.9868e-06 0.0159789)
(2.72493e-06 -3.28733e-06 0.0159435)
(2.76198e-06 -3.59328e-06 0.0158929)
(2.23469e-06 -1.72917e-06 0.0158945)
(2.66819e-06 -2.15452e-06 0.0158762)
(2.90521e-06 -2.66583e-06 0.0158421)
(2.92274e-06 -3.2021e-06 0.0157982)
(2.3253e-06 -7.19373e-07 0.0157609)
(2.86977e-06 -1.30936e-06 0.0157459)
(3.155e-06 -2.04821e-06 0.0157187)
(3.13979e-06 -2.83484e-06 0.0156878)
(1.56201e-06 -2.53673e-06 0.016066)
(1.72611e-06 -2.62666e-06 0.0160504)
(1.82474e-06 -2.69781e-06 0.0160181)
(1.85198e-06 -2.75188e-06 0.0159658)
(1.55758e-06 -1.89972e-06 0.0159956)
(1.79339e-06 -2.09328e-06 0.0159776)
(1.9294e-06 -2.305e-06 0.0159424)
(1.95492e-06 -2.52057e-06 0.0158921)
(1.57809e-06 -1.21282e-06 0.0158929)
(1.88656e-06 -1.51254e-06 0.0158748)
(2.05479e-06 -1.87306e-06 0.0158409)
(2.0659e-06 -2.25045e-06 0.0157973)
(1.64084e-06 -5.05504e-07 0.0157593)
(2.02715e-06 -9.21975e-07 0.0157444)
(2.22868e-06 -1.44338e-06 0.0157175)
(2.21594e-06 -1.99691e-06 0.0156869)
(1.08013e-06 -1.71364e-06 0.0160651)
(1.19249e-06 -1.77537e-06 0.0160496)
(1.25907e-06 -1.82467e-06 0.0160174)
(1.27521e-06 -1.86242e-06 0.0159652)
(1.07654e-06 -1.28477e-06 0.0159946)
(1.2372e-06 -1.41729e-06 0.0159767)
(1.32864e-06 -1.56218e-06 0.0159416)
(1.34311e-06 -1.70915e-06 0.0158915)
(1.08947e-06 -8.22007e-07 0.0158918)
(1.29916e-06 -1.02729e-06 0.0158739)
(1.41197e-06 -1.27348e-06 0.0158401)
(1.41617e-06 -1.52997e-06 0.0157967)
(1.13067e-06 -3.44063e-07 0.0157582)
(1.39296e-06 -6.29455e-07 0.0157434)
(1.52772e-06 -9.85432e-07 0.0157167)
(1.51494e-06 -1.36136e-06 0.0156863)
(7.5184e-07 -1.10652e-06 0.0160645)
(8.2242e-07 -1.14996e-06 0.0160491)
(8.61265e-07 -1.18555e-06 0.016017)
(8.65438e-07 -1.21347e-06 0.0159648)
(7.47451e-07 -8.3163e-07 0.0159939)
(8.48865e-07 -9.2176e-07 0.0159761)
(9.03234e-07 -1.0196e-06 0.0159412)
(9.06022e-07 -1.11812e-06 0.0158911)
(7.53707e-07 -5.35944e-07 0.0158911)
(8.8646e-07 -6.74556e-07 0.0158733)
(9.54001e-07 -8.38547e-07 0.0158396)
(9.49691e-07 -1.00759e-06 0.0157963)
(7.77959e-07 -2.27553e-07 0.0157574)
(9.44546e-07 -4.19397e-07 0.0157428)
(1.02555e-06 -6.55322e-07 0.0157162)
(1.00933e-06 -9.01823e-07 0.0156859)
(5.88235e-07 -7.27405e-07 0.0160641)
(6.329e-07 -7.61628e-07 0.0160488)
(6.50938e-07 -7.89775e-07 0.0160167)
(6.39779e-07 -8.10607e-07 0.0159646)
(5.82372e-07 -5.47737e-07 0.0159934)
(6.47535e-07 -6.14884e-07 0.0159757)
(6.74811e-07 -6.8572e-07 0.0159408)
(6.61065e-07 -7.53403e-07 0.0158908)
(5.83197e-07 -3.49734e-07 0.0158906)
(6.69351e-07 -4.53011e-07 0.0158728)
(7.04248e-07 -5.70975e-07 0.0158392)
(6.84114e-07 -6.86927e-07 0.015796)
(5.92941e-07 -1.5095e-07 0.0157569)
(7.00111e-07 -2.91016e-07 0.0157423)
(7.41867e-07 -4.57079e-07 0.0157158)
(7.1249e-07 -6.23279e-07 0.0156856)
(0.00230279 -0.000560646 0.00375255)
(0.000284004 0.00200963 0.00627403)
(0.00115605 0.00592985 0.00952185)
(-0.00302996 0.0307937 0.00567195)
(-0.0019214 0.00265646 0.00739111)
(-0.00590344 0.000717861 0.00587941)
(-0.00144132 0.00591959 0.00398936)
(0.00307333 0.00580669 0.0143039)
(-0.00126819 0.00851866 0.00158977)
(-0.00197552 0.00833686 0.0018899)
(-0.00393563 0.00553774 0.00173199)
(-0.0029525 0.00462435 0.000759698)
(-0.00182542 0.00467879 0.012776)
(-0.00173013 0.00457718 0.0141437)
(-0.00205269 0.0045413 0.0132012)
(-0.00201055 0.00405999 0.0153066)
(0.00172901 0.000852305 0.0229648)
(0.00113607 0.0017334 0.0203167)
(0.00070493 0.00337937 0.0173843)
(-0.000322701 0.0065705 0.0168851)
(0.000184351 0.00142923 0.0217089)
(-0.000999768 0.00244359 0.0241851)
(-0.0020183 0.00397347 0.0322277)
(-0.0019356 0.00446164 0.03171)
(0.0011038 0.00135772 0.0239946)
(0.000268839 0.00196106 0.0271527)
(-0.000304406 0.00228836 0.031167)
(-0.000821526 0.00239725 0.0346032)
(-0.000295165 0.000668781 0.0231123)
(-0.000750014 0.00111474 0.0237512)
(-0.00105344 0.00139145 0.0238524)
(-0.00132696 0.00149939 0.0237789)
(0.00090192 -4.13304e-06 0.0135369)
(0.000845648 -0.000122023 0.0132928)
(0.00049568 -0.000261271 0.0127665)
(0.000166944 -0.000417864 0.0124738)
(-0.000276009 -0.000502165 0.0143675)
(-0.000843971 -0.000571639 0.0157028)
(-0.00139482 -0.000534905 0.0183648)
(-0.000731087 -0.000513508 0.0204304)
(-0.000702739 -0.000514554 0.0154875)
(-0.00106038 -0.000272701 0.0171004)
(-0.00127413 0.000122629 0.0185887)
(-0.000924058 0.000700276 0.0193876)
(-0.00128845 -0.000123394 0.0160471)
(-0.00138175 0.000265321 0.0167538)
(-0.00139421 0.000651717 0.0170937)
(-0.00122895 0.00108469 0.0172016)
(0.000318272 -0.000502831 0.0150352)
(0.000344267 -0.000812192 0.0149885)
(0.000320911 -0.00118901 0.014867)
(0.000238497 -0.0014886 0.014814)
(-0.000391993 -0.000821036 0.0158582)
(-0.000644129 -0.0011077 0.0166679)
(-0.000598242 -0.00130658 0.0178292)
(-3.45422e-05 -0.00134553 0.01889)
(-0.000814519 -0.000565119 0.016676)
(-0.000979204 -0.000446459 0.01765)
(-0.000833595 -0.000129431 0.0186022)
(-0.000457516 0.000250287 0.0192536)
(-0.000989933 -7.2463e-05 0.0169906)
(-0.00103031 0.000185709 0.0174796)
(-0.000928024 0.000499031 0.0178089)
(-0.000788801 0.000772893 0.0179679)
(7.93323e-05 -0.000607159 0.0156178)
(8.52697e-05 -0.000823447 0.0156375)
(0.00011828 -0.00105715 0.0155948)
(0.000140365 -0.00122886 0.0154919)
(-0.000255923 -0.000759847 0.0160998)
(-0.000348436 -0.000951258 0.0165409)
(-0.000241028 -0.00107512 0.0170503)
(9.87233e-05 -0.00109801 0.0173938)
(-0.000487805 -0.000565435 0.0164985)
(-0.000544999 -0.000510662 0.0169838)
(-0.000417783 -0.000342567 0.0174185)
(-0.000151271 -0.000128341 0.0176434)
(-0.000570174 -0.000236441 0.0165674)
(-0.000572666 -9.27419e-05 0.0167781)
(-0.000492947 8.93556e-05 0.0169001)
(-0.000363279 0.000270193 0.0168989)
(2.149e-06 -0.000509157 0.0158212)
(-1.00073e-07 -0.000621013 0.0158332)
(3.14784e-05 -0.000731034 0.0157977)
(7.23628e-05 -0.00080904 0.0156997)
(-0.000137731 -0.000566861 0.016092)
(-0.000163361 -0.000654699 0.0162889)
(-8.85471e-05 -0.000707222 0.0164812)
(9.34199e-05 -0.000709937 0.0165655)
(-0.00023606 -0.000446995 0.0163004)
(-0.000249195 -0.000411976 0.0165076)
(-0.000171727 -0.000322045 0.0166722)
(-1.84011e-05 -0.000204273 0.0167245)
(-0.000263654 -0.000258466 0.0163414)
(-0.000253198 -0.000174847 0.0164209)
(-0.000199738 -6.84786e-05 0.0164471)
(-0.000119056 4.01897e-05 0.016407)
(-1.26395e-05 -0.000378711 0.0159344)
(-1.63177e-05 -0.000427895 0.0159195)
(5.66302e-06 -0.000472593 0.0158651)
(3.82951e-05 -0.000502762 0.0157593)
(-6.53618e-05 -0.00039526 0.0160844)
(-7.12116e-05 -0.000428131 0.0161478)
(-2.54007e-05 -0.000442789 0.016185)
(6.96649e-05 -0.000435851 0.0161549)
(-0.000100235 -0.000326214 0.0161909)
(-9.96943e-05 -0.000300595 0.0162555)
(-5.43456e-05 -0.000249176 0.0162831)
(2.94594e-05 -0.000184978 0.0162465)
(-0.000104782 -0.000220561 0.0162064)
(-9.39444e-05 -0.000170247 0.016213)
(-6.13847e-05 -0.000108127 0.0161815)
(-1.38216e-05 -4.48292e-05 0.0161081)
(-6.25319e-06 -0.000270897 0.0159911)
(-1.03495e-05 -0.000289349 0.0159532)
(1.85534e-06 -0.000304362 0.0158795)
(2.22192e-05 -0.000313561 0.0157631)
(-2.29637e-05 -0.000272247 0.0160743)
(-2.39259e-05 -0.000281255 0.0160691)
(1.56942e-06 -0.000280995 0.0160327)
(5.04017e-05 -0.000272096 0.0159486)
(-3.18065e-05 -0.000232397 0.0161259)
(-2.82234e-05 -0.000214132 0.0161193)
(-2.59551e-06 -0.000183749 0.01608)
(4.21746e-05 -0.00014831 0.015998)
(-2.88654e-05 -0.000171637 0.0161231)
(-2.03414e-05 -0.000141021 0.0160913)
(-9.69252e-07 -0.000104559 0.0160294)
(2.65222e-05 -6.80103e-05 0.0159382)
(2.58389e-06 -0.000192198 0.0160183)
(-1.54373e-06 -0.000197324 0.0159652)
(3.79734e-06 -0.000200285 0.0158784)
(1.45797e-05 -0.000201398 0.0157544)
(-2.32188e-07 -0.000189069 0.0160644)
(-4.82556e-07 -0.000189178 0.0160246)
(1.26508e-05 -0.000184618 0.0159532)
(3.71911e-05 -0.000176996 0.015844)
(3.62698e-07 -0.000165425 0.0160857)
(3.70405e-06 -0.000152894 0.0160439)
(1.78273e-05 -0.000134642 0.0159722)
(4.15184e-05 -0.000114756 0.015868)
(4.82811e-06 -0.000129178 0.0160696)
(1.09375e-05 -0.000110431 0.016018)
(2.24841e-05 -8.88563e-05 0.0159402)
(3.84858e-05 -6.76763e-05 0.0158393)
(8.10444e-06 -0.000136778 0.0160326)
(4.29646e-06 -0.000136764 0.0159707)
(5.74206e-06 -0.000135484 0.015876)
(1.05241e-05 -0.000133985 0.0157473)
(1.00942e-05 -0.000133062 0.0160574)
(9.66325e-06 -0.000130502 0.0160004)
(1.59741e-05 -0.000125601 0.0159123)
(2.79642e-05 -0.000119931 0.0157914)
(1.34984e-05 -0.000118526 0.0160609)
(1.59049e-05 -0.00011005 0.0160018)
(2.3587e-05 -9.88564e-05 0.0159144)
(3.60865e-05 -8.74577e-05 0.0157997)
(1.76646e-05 -9.60618e-05 0.0160352)
(2.18816e-05 -8.43929e-05 0.0159732)
(2.88523e-05 -7.13827e-05 0.0158872)
(3.83015e-05 -5.89296e-05 0.0157815)
(1.01985e-05 -9.79458e-05 0.016041)
(6.90747e-06 -9.62965e-05 0.0159742)
(6.46016e-06 -9.39335e-05 0.0158752)
(7.96114e-06 -9.19262e-05 0.0157438)
(1.34154e-05 -9.48203e-05 0.0160529)
(1.27813e-05 -9.19149e-05 0.0159874)
(1.55466e-05 -8.78383e-05 0.0158912)
(2.11826e-05 -8.38673e-05 0.0157649)
(1.71639e-05 -8.55755e-05 0.0160453)
(1.87309e-05 -7.98351e-05 0.0159777)
(2.28836e-05 -7.27995e-05 0.0158828)
(2.95017e-05 -6.60894e-05 0.0157631)
(2.05842e-05 -7.11457e-05 0.0160126)
(2.34639e-05 -6.37111e-05 0.0159452)
(2.77518e-05 -5.5657e-05 0.0158549)
(3.34552e-05 -4.81597e-05 0.0157467)
(1.01292e-05 -7.05582e-05 0.0160465)
(7.41132e-06 -6.86507e-05 0.0159771)
(6.20911e-06 -6.6348e-05 0.0158758)
(6.11126e-06 -6.45381e-05 0.015743)
(1.32603e-05 -6.82139e-05 0.0160501)
(1.25513e-05 -6.57027e-05 0.0159804)
(1.35606e-05 -6.26077e-05 0.0158804)
(1.60421e-05 -5.98954e-05 0.0157515)
(1.65434e-05 -6.21576e-05 0.0160353)
(1.75146e-05 -5.82399e-05 0.0159634)
(1.97535e-05 -5.37054e-05 0.0158649)
(2.32838e-05 -4.96392e-05 0.0157429)
(1.92116e-05 -5.25969e-05 0.0159975)
(2.11813e-05 -4.77399e-05 0.0159272)
(2.38777e-05 -4.26105e-05 0.0158348)
(2.74079e-05 -3.79714e-05 0.0157253)
(9.01019e-06 -5.10657e-05 0.0160503)
(6.83466e-06 -4.93736e-05 0.0159797)
(5.45574e-06 -4.74655e-05 0.0158772)
(4.69008e-06 -4.60228e-05 0.0157436)
(1.16512e-05 -4.93947e-05 0.0160484)
(1.09687e-05 -4.74243e-05 0.0159767)
(1.11551e-05 -4.51657e-05 0.0158749)
(1.21064e-05 -4.33291e-05 0.0157447)
(1.42895e-05 -4.5332e-05 0.0160288)
(1.48753e-05 -4.26336e-05 0.0159548)
(1.60799e-05 -3.9645e-05 0.0158545)
(1.79804e-05 -3.71117e-05 0.0157315)
(1.63192e-05 -3.88379e-05 0.0159872)
(1.76757e-05 -3.5592e-05 0.0159154)
(1.941e-05 -3.22381e-05 0.0158218)
(2.16528e-05 -2.92892e-05 0.0157117)
(7.53423e-06 -3.7078e-05 0.0160531)
(5.83055e-06 -3.57156e-05 0.0159819)
(4.53761e-06 -3.42369e-05 0.0158789)
(3.57911e-06 -3.31465e-05 0.0157449)
(9.62759e-06 -3.59166e-05 0.0160474)
(9.02476e-06 -3.44365e-05 0.0159747)
(8.8589e-06 -3.28175e-05 0.015872)
(9.09481e-06 -3.15742e-05 0.0157414)
(1.16635e-05 -3.31418e-05 0.0160244)
(1.2011e-05 -3.12671e-05 0.0159494)
(1.26563e-05 -2.92603e-05 0.0158483)
(1.36886e-05 -2.76424e-05 0.0157248)
(1.31859e-05 -2.86471e-05 0.0159802)
(1.41281e-05 -2.64368e-05 0.0159075)
(1.52674e-05 -2.41941e-05 0.0158133)
(1.6728e-05 -2.22733e-05 0.0157029)
(6.0617e-06 -2.69749e-05 0.0160552)
(4.74864e-06 -2.59266e-05 0.0159838)
(3.64084e-06 -2.48173e-05 0.0158805)
(2.71186e-06 -2.4014e-05 0.0157464)
(7.66912e-06 -2.61777e-05 0.0160469)
(7.16466e-06 -2.50895e-05 0.0159737)
(6.87629e-06 -2.39376e-05 0.0158707)
(6.80065e-06 -2.30927e-05 0.0157399)
(9.20689e-06 -2.42575e-05 0.0160215)
(9.41078e-06 -2.29454e-05 0.0159459)
(9.75322e-06 -2.15773e-05 0.0158444)
(1.03181e-05 -2.0522e-05 0.0157207)
(1.03391e-05 -2.11043e-05 0.0159753)
(1.09989e-05 -1.95768e-05 0.0159021)
(1.17615e-05 -1.80498e-05 0.0158076)
(1.27337e-05 -1.67723e-05 0.0156971)
(4.75113e-06 -1.96395e-05 0.0160567)
(3.75159e-06 -1.88523e-05 0.0159853)
(2.84917e-06 -1.80341e-05 0.015882)
(2.03989e-06 -1.745e-05 0.0157479)
(5.96325e-06 -1.90956e-05 0.0160466)
(5.55621e-06 -1.83042e-05 0.0159732)
(5.2523e-06 -1.74867e-05 0.01587)
(5.06147e-06 -1.69093e-05 0.0157392)
(7.11038e-06 -1.77543e-05 0.0160195)
(7.22903e-06 -1.68304e-05 0.0159436)
(7.40776e-06 -1.58868e-05 0.015842)
(7.71841e-06 -1.5186e-05 0.0157182)
(7.94762e-06 -1.55216e-05 0.0159718)
(8.41303e-06 -1.44543e-05 0.0158984)
(8.93161e-06 -1.34e-05 0.0158037)
(9.59058e-06 -1.25359e-05 0.0156932)
(3.65249e-06 -1.42894e-05 0.0160579)
(2.89962e-06 -1.37066e-05 0.0159865)
(2.18809e-06 -1.31092e-05 0.0158832)
(1.52321e-06 -1.26876e-05 0.0157491)
(4.55573e-06 -1.39191e-05 0.0160465)
(4.23595e-06 -1.33471e-05 0.015973)
(3.96197e-06 -1.27673e-05 0.0158697)
(3.74804e-06 -1.23705e-05 0.0157389)
(5.4043e-06 -1.29765e-05 0.0160181)
(5.47291e-06 -1.23231e-05 0.0159421)
(5.56359e-06 -1.16666e-05 0.0158404)
(5.73478e-06 -1.11947e-05 0.0157166)
(6.0205e-06 -1.13868e-05 0.0159694)
(6.3506e-06 -1.06353e-05 0.0158958)
(6.70761e-06 -9.90011e-06 0.015801)
(7.16061e-06 -9.30794e-06 0.0156905)
(2.76277e-06 -1.03684e-05 0.0160588)
(2.20157e-06 -9.94136e-06 0.0159875)
(1.65392e-06 -9.50849e-06 0.0158842)
(1.12816e-06 -9.20577e-06 0.0157501)
(3.42934e-06 -1.01165e-05 0.0160464)
(3.18348e-06 -9.70517e-06 0.015973)
(2.95496e-06 -9.29425e-06 0.0158697)
(2.75808e-06 -9.02036e-06 0.0157389)
(4.05239e-06 -9.45225e-06 0.0160172)
(4.09188e-06 -8.98938e-06 0.0159411)
(4.13575e-06 -8.53019e-06 0.0158394)
(4.22995e-06 -8.20917e-06 0.0157156)
(4.50351e-06 -8.31817e-06 0.0159677)
(4.73831e-06 -7.78704e-06 0.015894)
(4.98615e-06 -7.27134e-06 0.0157992)
(5.30051e-06 -6.86197e-06 0.0156886)
(2.05662e-06 -7.47708e-06 0.0160595)
(1.6433e-06 -7.16756e-06 0.0159882)
(1.23059e-06 -6.85655e-06 0.015885)
(8.26893e-07 -6.6407e-06 0.0157509)
(2.54325e-06 -7.30613e-06 0.0160464)
(2.35799e-06 -7.01228e-06 0.015973)
(2.17655e-06 -6.72214e-06 0.0158697)
(2.01144e-06 -6.53295e-06 0.0157389)
(2.99651e-06 -6.83876e-06 0.0160165)
(3.01915e-06 -6.51158e-06 0.0159404)
(3.0386e-06 -6.1903e-06 0.0158387)
(3.09008e-06 -5.9708e-06 0.015715)
(3.32419e-06 -6.03194e-06 0.0159664)
(3.49099e-06 -5.65689e-06 0.0158927)
(3.66357e-06 -5.29488e-06 0.0157978)
(3.88246e-06 -5.01088e-06 0.0156873)
(1.50255e-06 -5.32747e-06 0.01606)
(1.20297e-06 -5.10647e-06 0.0159888)
(8.98726e-07 -4.886e-06 0.0158855)
(5.96997e-07 -4.73389e-06 0.0157516)
(1.85239e-06 -5.21233e-06 0.0160464)
(1.71574e-06 -5.00491e-06 0.015973)
(1.57705e-06 -4.80203e-06 0.0158697)
(1.44635e-06 -4.67209e-06 0.015739)
(2.17745e-06 -4.88624e-06 0.0160161)
(2.19023e-06 -4.65708e-06 0.01594)
(2.19725e-06 -4.43381e-06 0.0158382)
(2.22468e-06 -4.2841e-06 0.0157145)
(2.41234e-06 -4.31776e-06 0.0159656)
(2.5298e-06 -4.05508e-06 0.0158918)
(2.64928e-06 -3.80263e-06 0.0157969)
(2.8008e-06 -3.60639e-06 0.0156864)
(1.07223e-06 -3.7143e-06 0.0160604)
(8.59597e-07 -3.56033e-06 0.0159892)
(6.40839e-07 -3.40773e-06 0.015886)
(4.21385e-07 -3.30295e-06 0.015752)
(1.31766e-06 -3.63836e-06 0.0160464)
(1.21901e-06 -3.49528e-06 0.015973)
(1.11627e-06 -3.35646e-06 0.0158698)
(1.01686e-06 -3.26887e-06 0.0157391)
(1.54533e-06 -3.41543e-06 0.0160157)
(1.55179e-06 -3.25829e-06 0.0159397)
(1.55227e-06 -3.10615e-06 0.0158379)
(1.5654e-06 -3.00561e-06 0.0157142)
(1.70994e-06 -3.02317e-06 0.015965)
(1.79069e-06 -2.8429e-06 0.0158912)
(1.87156e-06 -2.67016e-06 0.0157963)
(1.97402e-06 -2.53667e-06 0.0156858)
(7.46652e-07 -2.49904e-06 0.0160606)
(5.98608e-07 -2.39613e-06 0.0159895)
(4.44703e-07 -2.29508e-06 0.0158863)
(2.88469e-07 -2.22615e-06 0.0157523)
(9.12458e-07 -2.45169e-06 0.0160465)
(8.41647e-07 -2.35723e-06 0.015973)
(7.6649e-07 -2.26651e-06 0.0158698)
(6.91893e-07 -2.21024e-06 0.0157391)
(1.06609e-06 -2.30541e-06 0.0160155)
(1.06706e-06 -2.20231e-06 0.0159394)
(1.06279e-06 -2.10311e-06 0.0158377)
(1.0657e-06 -2.03844e-06 0.0157141)
(1.17764e-06 -2.04519e-06 0.0159646)
(1.22993e-06 -1.92657e-06 0.0158907)
(1.28137e-06 -1.81306e-06 0.0157959)
(1.34645e-06 -1.72556e-06 0.0156854)
(5.21032e-07 -1.60686e-06 0.0160608)
(4.16303e-07 -1.54248e-06 0.0159897)
(3.06781e-07 -1.48076e-06 0.0158865)
(1.93339e-07 -1.43959e-06 0.0157526)
(6.28044e-07 -1.58146e-06 0.0160465)
(5.73962e-07 -1.52399e-06 0.0159731)
(5.16132e-07 -1.47013e-06 0.0158699)
(4.56608e-07 -1.43821e-06 0.0157392)
(7.27187e-07 -1.49274e-06 0.0160154)
(7.21115e-07 -1.43083e-06 0.0159393)
(7.10849e-07 -1.37204e-06 0.0158376)
(7.03553e-07 -1.33481e-06 0.015714)
(8.00285e-07 -1.33136e-06 0.0159643)
(8.2944e-07 -1.25937e-06 0.0158905)
(8.5707e-07 -1.19066e-06 0.0157956)
(8.92545e-07 -1.13748e-06 0.0156851)
(4.07162e-07 -1.04821e-06 0.016061)
(3.21116e-07 -1.01037e-06 0.0159899)
(2.27217e-07 -9.75585e-07 0.0158867)
(1.34285e-07 -9.5115e-07 0.0157528)
(4.7619e-07 -1.03914e-06 0.0160465)
(4.25374e-07 -1.00808e-06 0.0159732)
(3.69163e-07 -9.80481e-07 0.01587)
(3.12857e-07 -9.63413e-07 0.0157393)
(5.39986e-07 -9.86342e-07 0.0160154)
(5.23508e-07 -9.5333e-07 0.0159393)
(5.03269e-07 -9.22674e-07 0.0158375)
(4.83356e-07 -9.02494e-07 0.0157139)
(5.90953e-07 -8.88506e-07 0.0159642)
(6.00547e-07 -8.47987e-07 0.0158903)
(6.08667e-07 -8.08537e-07 0.0157955)
(6.18882e-07 -7.77086e-07 0.015685)
)
;

boundaryField
{
    inlet
    {
        type            calculated;
        value           uniform (0 0 0.01631);
    }
    outlet
    {
        type            calculated;
        value           nonuniform List<vector> 
48
(
(6.25272e-07 -1.15501e-06 0.0161547)
(6.23127e-07 -1.10898e-06 0.0161494)
(6.13843e-07 -1.01869e-06 0.0161358)
(6.00316e-07 -8.89364e-07 0.0161096)
(6.01068e-07 -1.14617e-06 0.0161485)
(6.16027e-07 -1.1097e-06 0.0161422)
(6.23738e-07 -1.02917e-06 0.0161268)
(6.26969e-07 -9.10188e-07 0.0160978)
(5.54171e-07 -1.12246e-06 0.0161341)
(5.86139e-07 -1.0958e-06 0.0161259)
(6.11203e-07 -1.02593e-06 0.0161067)
(6.31124e-07 -9.18086e-07 0.0160719)
(4.87127e-07 -1.0873e-06 0.0161071)
(5.34832e-07 -1.07055e-06 0.0160962)
(5.76201e-07 -1.01174e-06 0.0160711)
(6.08799e-07 -9.12759e-07 0.0160265)
(4.07162e-07 -1.04821e-06 0.016061)
(4.7619e-07 -1.03914e-06 0.0160465)
(5.39986e-07 -9.86342e-07 0.0160154)
(5.90953e-07 -8.88506e-07 0.0159642)
(3.21116e-07 -1.01037e-06 0.0159899)
(4.25374e-07 -1.00808e-06 0.0159732)
(5.23508e-07 -9.5333e-07 0.0159393)
(6.00547e-07 -8.47987e-07 0.0158903)
(2.27217e-07 -9.75585e-07 0.0158867)
(3.69163e-07 -9.80481e-07 0.01587)
(5.03269e-07 -9.22674e-07 0.0158375)
(6.08667e-07 -8.08537e-07 0.0157955)
(1.34285e-07 -9.5115e-07 0.0157528)
(3.12857e-07 -9.63413e-07 0.0157393)
(4.83356e-07 -9.02494e-07 0.0157139)
(6.18882e-07 -7.77086e-07 0.015685)
(5.88235e-07 -7.27405e-07 0.0160641)
(5.82372e-07 -5.47737e-07 0.0159934)
(5.83197e-07 -3.49734e-07 0.0158906)
(5.92941e-07 -1.5095e-07 0.0157569)
(6.329e-07 -7.61628e-07 0.0160488)
(6.47535e-07 -6.14884e-07 0.0159757)
(6.69351e-07 -4.53011e-07 0.0158728)
(7.00111e-07 -2.91016e-07 0.0157423)
(6.50938e-07 -7.89775e-07 0.0160167)
(6.74811e-07 -6.8572e-07 0.0159408)
(7.04248e-07 -5.70975e-07 0.0158392)
(7.41867e-07 -4.57079e-07 0.0157158)
(6.39779e-07 -8.10607e-07 0.0159646)
(6.61065e-07 -7.53403e-07 0.0158908)
(6.84114e-07 -6.86927e-07 0.015796)
(7.1249e-07 -6.23279e-07 0.0156856)
)
;
    }
    wall
    {
        type            calculated;
        value           nonuniform List<vector> 
192
(
(0.00277298 -0.000273115 0.00360635)
(0.000262033 -2.5808e-05 0.0234355)
(-0.000631215 6.21692e-05 0.0151403)
(-0.00031876 3.13951e-05 0.0161239)
(-4.83271e-05 4.75981e-06 0.0161254)
(8.28817e-05 -8.16313e-06 0.0160613)
(0.00010962 -1.07967e-05 0.0160096)
(9.44266e-05 -9.30021e-06 0.015961)
(7.14222e-05 -7.03448e-06 0.0159169)
(5.20971e-05 -5.13112e-06 0.0158799)
(3.79025e-05 -3.73308e-06 0.0158501)
(2.77621e-05 -2.73432e-06 0.0158267)
(2.04679e-05 -2.01591e-06 0.0158086)
(1.51495e-05 -1.4921e-06 0.0157948)
(1.12286e-05 -1.10592e-06 0.0157844)
(8.31678e-06 -8.19132e-07 0.0157765)
(6.14462e-06 -6.05192e-07 0.0157707)
(4.51848e-06 -4.45032e-07 0.0157664)
(3.29625e-06 -3.24653e-07 0.0157632)
(2.37313e-06 -2.33733e-07 0.0157609)
(1.67439e-06 -1.64913e-07 0.0157593)
(1.15337e-06 -1.13597e-07 0.0157582)
(7.92681e-07 -7.80723e-08 0.0157574)
(6.01969e-07 -5.92887e-08 0.0157569)
(-1.49145e-05 4.52426e-06 0.00272561)
(0.000359233 -0.000108972 0.0234659)
(-0.000545127 0.000165363 0.0142644)
(-0.000285523 8.66124e-05 0.0159137)
(-0.000122831 3.72603e-05 0.015976)
(1.21343e-05 -3.68089e-06 0.0159738)
(6.51258e-05 -1.97557e-05 0.0159501)
(7.25365e-05 -2.20037e-05 0.0159177)
(6.36593e-05 -1.93108e-05 0.015883)
(5.16357e-05 -1.56635e-05 0.0158519)
(4.05661e-05 -1.23056e-05 0.0158258)
(3.13613e-05 -9.51336e-06 0.0158049)
(2.39921e-05 -7.27792e-06 0.0157886)
(1.8207e-05 -5.52304e-06 0.0157762)
(1.37239e-05 -4.16309e-06 0.0157668)
(1.02818e-05 -3.11896e-06 0.0157598)
(7.65621e-06 -2.32248e-06 0.0157546)
(5.66072e-06 -1.71716e-06 0.0157507)
(4.14517e-06 -1.25742e-06 0.0157479)
(2.99167e-06 -9.07514e-07 0.0157459)
(2.11244e-06 -6.40802e-07 0.0157444)
(1.45043e-06 -4.39985e-07 0.0157434)
(9.81456e-07 -2.97721e-07 0.0157428)
(7.21956e-07 -2.19003e-07 0.0157423)
(-0.00109788 0.000586828 0.0013999)
(0.000267299 -0.000142874 0.0278834)
(-0.000936014 0.00050031 0.0142891)
(-0.000632857 0.000338269 0.016259)
(-0.000353827 0.000189124 0.0160701)
(-0.000109731 5.86524e-05 0.0160097)
(2.76066e-06 -1.4756e-06 0.0159458)
(4.26067e-05 -2.27738e-05 0.0158947)
(5.09093e-05 -2.72116e-05 0.015852)
(4.74354e-05 -2.53548e-05 0.015818)
(4.02093e-05 -2.14923e-05 0.0157916)
(3.24842e-05 -1.73632e-05 0.0157714)
(2.55055e-05 -1.36329e-05 0.0157563)
(1.96588e-05 -1.05079e-05 0.015745)
(1.49584e-05 -7.99545e-06 0.0157367)
(1.12716e-05 -6.02478e-06 0.0157306)
(8.42313e-06 -4.50226e-06 0.0157261)
(6.24153e-06 -3.33617e-06 0.0157228)
(4.57666e-06 -2.44627e-06 0.0157205)
(3.30542e-06 -1.76679e-06 0.0157187)
(2.3335e-06 -1.24728e-06 0.0157175)
(1.59792e-06 -8.54105e-07 0.0157167)
(1.0701e-06 -5.71981e-07 0.0157162)
(7.67037e-07 -4.0999e-07 0.0157158)
(-0.0029644 0.00243282 0.00160556)
(-0.00169228 0.00138882 0.0270474)
(-0.00122579 0.00100598 0.0151189)
(-0.000773592 0.000634871 0.0171669)
(-0.000379747 0.000311651 0.0164602)
(-0.000119394 9.79841e-05 0.0162023)
(-5.68427e-06 4.66496e-06 0.0160154)
(3.60081e-05 -2.9551e-05 0.0159035)
(4.69165e-05 -3.85034e-05 0.0158321)
(4.5318e-05 -3.71915e-05 0.0157859)
(3.91409e-05 -3.21221e-05 0.0157551)
(3.19302e-05 -2.62044e-05 0.0157342)
(2.51912e-05 -2.06739e-05 0.0157198)
(1.9458e-05 -1.59688e-05 0.0157096)
(1.4816e-05 -1.21592e-05 0.0157024)
(1.11638e-05 -9.16192e-06 0.0156973)
(8.33927e-06 -6.84386e-06 0.0156937)
(6.17594e-06 -5.06847e-06 0.0156911)
(4.52575e-06 -3.71419e-06 0.0156892)
(3.26635e-06 -2.68062e-06 0.0156878)
(2.30339e-06 -1.89034e-06 0.0156869)
(1.57284e-06 -1.2908e-06 0.0156863)
(1.04537e-06 -8.57913e-07 0.0156859)
(7.31396e-07 -6.00242e-07 0.0156856)
(-0.00303289 0.0307934 0.00567195)
(-0.00135404 0.00446366 0.0143039)
(-0.00257859 0.00482421 0.000759698)
(-0.00280015 0.00341199 0.0153066)
(-0.000644021 0.00653885 0.0168851)
(-0.00140248 0.00462336 0.03171)
(-0.00117918 0.00220609 0.0346032)
(-0.00126933 0.00154668 0.0237789)
(4.23645e-05 -0.000430134 0.0124738)
(8.10396e-05 -0.000267152 0.0204304)
(-0.000496469 0.000928827 0.0193876)
(-0.00102652 0.00125082 0.0172016)
(0.000147497 -0.00149756 0.014814)
(0.000370858 -0.00122256 0.01889)
(-0.00020572 0.000384875 0.0192536)
(-0.000696478 0.000848661 0.0179679)
(0.000121218 -0.00123074 0.0154919)
(0.00031333 -0.00103291 0.0173938)
(1.97411e-05 -3.6933e-05 0.0176434)
(-0.000278704 0.000339602 0.0168989)
(7.96131e-05 -0.000808326 0.0156997)
(0.000205082 -0.000676065 0.0165655)
(8.08345e-05 -0.000151231 0.0167245)
(-6.76234e-05 8.23993e-05 0.016407)
(4.94099e-05 -0.000501667 0.0157593)
(0.000126943 -0.000418476 0.0161549)
(8.3448e-05 -0.00015612 0.0162465)
(1.64213e-05 -2.00095e-05 0.0161081)
(3.07998e-05 -0.000312716 0.0157631)
(7.98314e-05 -0.000263169 0.0159486)
(7.10294e-05 -0.000132887 0.015998)
(4.40257e-05 -5.36455e-05 0.0159382)
(1.97854e-05 -0.000200885 0.0157544)
(5.23007e-05 -0.000172412 0.015844)
(5.69343e-05 -0.000106517 0.015868)
(4.86767e-05 -5.93128e-05 0.0158393)
(1.31707e-05 -0.000133724 0.0157473)
(3.56714e-05 -0.000117593 0.0157914)
(4.43782e-05 -8.30257e-05 0.0157997)
(4.43133e-05 -5.39959e-05 0.0157815)
(9.04344e-06 -9.18196e-05 0.0157438)
(2.5082e-05 -8.26844e-05 0.0157649)
(3.40314e-05 -6.36682e-05 0.0157631)
(3.70813e-05 -4.51837e-05 0.0157467)
(6.35409e-06 -6.45141e-05 0.015743)
(1.79898e-05 -5.93045e-05 0.0157515)
(2.58108e-05 -4.82885e-05 0.0157429)
(2.96513e-05 -3.61303e-05 0.0157253)
(4.53436e-06 -4.60381e-05 0.0157436)
(1.30563e-05 -4.30409e-05 0.0157447)
(1.94241e-05 -3.634e-05 0.0157315)
(2.30775e-05 -2.812e-05 0.0157117)
(3.26766e-06 -3.31771e-05 0.0157449)
(9.53722e-06 -3.144e-05 0.0157414)
(1.45337e-05 -2.71907e-05 0.0157248)
(1.76549e-05 -2.15126e-05 0.0157029)
(2.3685e-06 -2.40478e-05 0.0157464)
(6.98787e-06 -2.30359e-05 0.0157399)
(1.08245e-05 -2.02513e-05 0.0157207)
(1.33498e-05 -1.62668e-05 0.0156971)
(1.72176e-06 -1.74813e-05 0.0157479)
(5.12366e-06 -1.68905e-05 0.0157392)
(8.0285e-06 -1.50203e-05 0.0157182)
(1.00073e-05 -1.21939e-05 0.0156932)
(1.25224e-06 -1.27142e-05 0.0157491)
(3.75216e-06 -1.23692e-05 0.0157389)
(5.92837e-06 -1.10912e-05 0.0157166)
(7.44637e-06 -9.07342e-06 0.0156905)
(9.08817e-07 -9.22737e-06 0.0157501)
(2.73813e-06 -9.02641e-06 0.0157389)
(4.3528e-06 -8.14351e-06 0.0157156)
(5.49828e-06 -6.69967e-06 0.0156886)
(6.55712e-07 -6.65756e-06 0.0157509)
(1.98425e-06 -6.5412e-06 0.0157389)
(3.16893e-06 -5.92865e-06 0.015715)
(4.01981e-06 -4.89816e-06 0.0156873)
(4.67504e-07 -4.74664e-06 0.0157516)
(1.41971e-06 -4.68017e-06 0.015739)
(2.2754e-06 -4.25698e-06 0.0157145)
(2.89574e-06 -3.52847e-06 0.0156864)
(3.26236e-07 -3.31233e-06 0.015752)
(9.9373e-07 -3.27589e-06 0.0157391)
(1.59739e-06 -2.98851e-06 0.0157142)
(2.03842e-06 -2.48382e-06 0.0156858)
(2.19921e-07 -2.2329e-06 0.0157523)
(6.72275e-07 -2.21619e-06 0.0157391)
(1.08426e-06 -2.02851e-06 0.0157141)
(1.38809e-06 -1.69139e-06 0.0156854)
(1.42283e-07 -1.44462e-06 0.0157526)
(4.3799e-07 -1.44386e-06 0.0157392)
(7.11266e-07 -1.33068e-06 0.015714)
(9.17022e-07 -1.11739e-06 0.0156851)
(9.40702e-08 -9.55111e-07 0.0157528)
(2.93985e-07 -9.69138e-07 0.0157393)
(4.82607e-07 -9.02894e-07 0.0157139)
(6.3015e-07 -7.67839e-07 0.015685)
)
;
    }
    procBoundary3to1
    {
        type            processor;
        value           nonuniform List<vector> 
192
(
(0.00380794 -0.00187081 0.0146672)
(-0.000869759 -0.0058615 0.0161574)
(-0.0025374 -0.00140796 0.0150111)
(-0.00179318 0.000786164 0.00408071)
(-0.00206788 0.00143239 0.0234319)
(-0.000550858 0.00129512 0.0237287)
(0.00137739 0.00156209 0.0243139)
(0.00267216 0.000794161 0.0248815)
(-0.000545641 0.000262696 0.0159596)
(-1.608e-05 0.000245423 0.0161357)
(0.00071218 0.000342088 0.0156808)
(0.001261 0.000432839 0.0146961)
(8.0531e-05 -0.000251421 0.0161927)
(0.000220833 -0.000240733 0.0160346)
(0.00040419 -0.000156958 0.0157133)
(0.000548545 -3.60921e-05 0.0153007)
(0.000212702 -0.000383977 0.0160681)
(0.000227445 -0.000352716 0.0159118)
(0.000239201 -0.000307875 0.0157446)
(0.000235954 -0.000266865 0.0155937)
(0.000207599 -0.000371351 0.0159953)
(0.000176097 -0.000349679 0.0158949)
(0.000135268 -0.000329241 0.0158095)
(9.43969e-05 -0.000320163 0.015745)
(0.000165523 -0.000309476 0.0160199)
(0.000125254 -0.000299149 0.0159575)
(7.93416e-05 -0.000290348 0.015909)
(3.79771e-05 -0.000288597 0.0158725)
(0.000121081 -0.000240194 0.0160593)
(8.84599e-05 -0.0002367 0.0160188)
(5.26005e-05 -0.000233091 0.015986)
(2.08896e-05 -0.000232087 0.0159569)
(8.61869e-05 -0.000181242 0.0160901)
(6.35586e-05 -0.000180348 0.0160623)
(3.89601e-05 -0.000178521 0.0160367)
(1.70189e-05 -0.000177039 0.0160085)
(6.10344e-05 -0.000134914 0.0161117)
(4.63647e-05 -0.000134794 0.0160914)
(3.03746e-05 -0.000133527 0.0160693)
(1.57842e-05 -0.000131721 0.0160407)
(4.34339e-05 -9.97641e-05 0.0161261)
(3.41664e-05 -9.97656e-05 0.0161103)
(2.39409e-05 -9.87011e-05 0.0160903)
(1.43231e-05 -9.68841e-05 0.0160614)
(3.11468e-05 -7.35162e-05 0.0161355)
(2.53189e-05 -7.34664e-05 0.0161226)
(1.87634e-05 -7.25347e-05 0.0161039)
(1.23835e-05 -7.09007e-05 0.016075)
(2.2491e-05 -5.40644e-05 0.0161416)
(1.88052e-05 -5.39521e-05 0.0161307)
(1.45554e-05 -5.31515e-05 0.0161131)
(1.02711e-05 -5.17769e-05 0.0160843)
(1.63231e-05 -3.97051e-05 0.0161457)
(1.39677e-05 -3.95576e-05 0.0161361)
(1.11738e-05 -3.88896e-05 0.0161193)
(8.25766e-06 -3.77799e-05 0.0160908)
(1.18836e-05 -2.91252e-05 0.0161484)
(1.03601e-05 -2.89693e-05 0.0161398)
(8.4969e-06 -2.84267e-05 0.0161235)
(6.48741e-06 -2.75547e-05 0.0160954)
(8.66301e-06 -2.13343e-05 0.0161502)
(7.66532e-06 -2.11876e-05 0.0161423)
(6.40665e-06 -2.07567e-05 0.0161266)
(5.00762e-06 -2.00841e-05 0.0160987)
(6.31199e-06 -1.55933e-05 0.0161515)
(5.65127e-06 -1.54649e-05 0.016144)
(4.79173e-06 -1.51291e-05 0.0161287)
(3.81025e-06 -1.46177e-05 0.016101)
(4.58624e-06 -1.13537e-05 0.0161523)
(4.14442e-06 -1.12468e-05 0.0161453)
(3.55297e-06 -1.09895e-05 0.0161302)
(2.86148e-06 -1.06056e-05 0.0161028)
(3.31185e-06 -8.20939e-06 0.0161529)
(3.01449e-06 -8.12381e-06 0.0161461)
(2.60625e-06 -7.93e-06 0.0161313)
(2.11917e-06 -7.64574e-06 0.016104)
(2.36448e-06 -5.86096e-06 0.0161534)
(2.16442e-06 -5.79495e-06 0.0161467)
(1.88353e-06 -5.65207e-06 0.016132)
(1.54267e-06 -5.44535e-06 0.0161049)
(1.65813e-06 -4.09201e-06 0.0161536)
(1.52489e-06 -4.04311e-06 0.0161472)
(1.33386e-06 -3.94079e-06 0.0161326)
(1.09877e-06 -3.79439e-06 0.0161055)
(1.14027e-06 -2.75552e-06 0.0161538)
(1.05313e-06 -2.72076e-06 0.0161475)
(9.25501e-07 -2.65019e-06 0.016133)
(7.66411e-07 -2.55038e-06 0.016106)
(7.9105e-07 -1.77166e-06 0.016154)
(7.3426e-07 -1.74755e-06 0.0161476)
(6.4898e-07 -1.70077e-06 0.0161332)
(5.40905e-07 -1.63584e-06 0.0161062)
(6.19032e-07 -1.15403e-06 0.0161541)
(5.77959e-07 -1.13587e-06 0.0161478)
(5.14462e-07 -1.10311e-06 0.0161334)
(4.32623e-07 -1.05901e-06 0.0161065)
(0.00155425 -0.00162829 0.0036417)
(0.00181669 -0.00234599 0.00325591)
(-0.00104314 -0.00194844 0.00284193)
(-0.00118092 0.00365481 0.00924787)
(0.00304657 0.000646413 0.0244364)
(0.00303011 0.000500813 0.022667)
(0.00153564 0.00120766 0.0129216)
(0.000258713 0.00290267 0.0111203)
(0.00172666 0.000679615 0.0140635)
(0.00208312 0.000832848 0.0129124)
(0.00155617 0.00108259 0.0103749)
(0.000589992 0.00146374 0.00953403)
(0.000750721 5.49335e-05 0.0149908)
(0.000977176 0.000112723 0.0144429)
(0.000859379 0.000160098 0.0135759)
(0.000350707 0.00020907 0.0131048)
(0.000275537 -0.000262105 0.0154675)
(0.000342516 -0.000269429 0.015244)
(0.00030597 -0.00027944 0.0148821)
(0.000113859 -0.000286599 0.014572)
(8.15549e-05 -0.00033203 0.0156858)
(8.99194e-05 -0.000348504 0.0155807)
(7.69937e-05 -0.00036321 0.0154065)
(1.56987e-05 -0.000373177 0.0152161)
(1.51727e-05 -0.000296741 0.0158319)
(8.73881e-06 -0.000305854 0.0157613)
(4.26743e-06 -0.000312911 0.0156468)
(-1.28944e-05 -0.000317452 0.0155011)
(5.19165e-07 -0.00023488 0.015918)
(-8.74625e-06 -0.000237115 0.0158537)
(-1.20689e-05 -0.000237797 0.0157535)
(-1.69144e-05 -0.000238011 0.01562)
(1.45269e-06 -0.000176566 0.0159669)
(-7.37799e-06 -0.000175138 0.015901)
(-1.13149e-05 -0.000172662 0.0158024)
(-1.38925e-05 -0.000170714 0.0156711)
(4.50635e-06 -0.000129849 0.0159964)
(-2.98234e-06 -0.000127076 0.015928)
(-7.25857e-06 -0.000123634 0.0158279)
(-9.93979e-06 -0.00012102 0.0156961)
(6.28543e-06 -9.46833e-05 0.0160153)
(2.59934e-07 -9.17639e-05 0.0159452)
(-3.84673e-06 -8.84239e-05 0.0158436)
(-6.75161e-06 -8.58946e-05 0.0157109)
(6.66463e-06 -6.88566e-05 0.0160281)
(1.95449e-06 -6.62784e-05 0.0159569)
(-1.66837e-06 -6.34376e-05 0.0158543)
(-4.50582e-06 -6.12781e-05 0.0157209)
(6.18731e-06 -5.00573e-05 0.0160371)
(2.57026e-06 -4.79536e-05 0.0159654)
(-4.54299e-07 -4.56861e-05 0.0158623)
(-2.99993e-06 -4.39531e-05 0.0157285)
(5.32764e-06 -3.64055e-05 0.0160436)
(2.58266e-06 -3.4759e-05 0.0159717)
(1.4785e-07 -3.30101e-05 0.0158683)
(-2.00667e-06 -3.16667e-05 0.0157343)
(4.37651e-06 -2.6488e-05 0.0160483)
(2.31112e-06 -2.52299e-05 0.0159764)
(3.99561e-07 -2.39077e-05 0.015873)
(-1.35275e-06 -2.28877e-05 0.0157389)
(3.48253e-06 -1.92714e-05 0.0160517)
(1.93919e-06 -1.83244e-05 0.01598)
(4.65615e-07 -1.73374e-05 0.0158765)
(-9.19846e-07 -1.65734e-05 0.0157424)
(2.70722e-06 -1.40066e-05 0.0160543)
(1.56137e-06 -1.33015e-05 0.0159827)
(4.41737e-07 -1.25714e-05 0.0158792)
(-6.30516e-07 -1.20046e-05 0.0157452)
(2.06481e-06 -1.01513e-05 0.0160562)
(1.22015e-06 -9.63112e-06 0.0159847)
(3.80411e-07 -9.09545e-06 0.0158813)
(-4.34782e-07 -8.67881e-06 0.0157472)
(1.54669e-06 -7.31214e-06 0.0160575)
(9.29974e-07 -6.93259e-06 0.0159861)
(3.088e-07 -6.54346e-06 0.0158828)
(-3.00391e-07 -6.2403e-06 0.0157488)
(1.13569e-06 -5.20445e-06 0.0160585)
(6.91728e-07 -4.93176e-06 0.0159872)
(2.40096e-07 -4.65324e-06 0.0158839)
(-2.0637e-07 -4.4359e-06 0.01575)
(8.14673e-07 -3.62482e-06 0.0160592)
(5.01604e-07 -3.43367e-06 0.015988)
(1.80644e-07 -3.2391e-06 0.0158848)
(-1.38908e-07 -3.087e-06 0.0157508)
(5.72506e-07 -2.43548e-06 0.0160597)
(3.569e-07 -2.30655e-06 0.0159885)
(1.34446e-07 -2.17601e-06 0.0158853)
(-8.88314e-08 -2.0737e-06 0.0157514)
(4.08541e-07 -1.56176e-06 0.0160601)
(2.60255e-07 -1.47928e-06 0.0159889)
(1.0684e-07 -1.39706e-06 0.0158857)
(-4.9939e-08 -1.33259e-06 0.0157518)
(3.33773e-07 -1.00915e-06 0.0160603)
(2.18874e-07 -9.56342e-07 0.0159892)
(9.4652e-08 -9.04777e-07 0.015886)
(-2.62154e-08 -8.62902e-07 0.0157522)
)
;
    }
    procBoundary3to2
    {
        type            processor;
        value           nonuniform List<vector> 
192
(
(0.000346118 -1.96748e-05 0.00124)
(0.000624225 6.43987e-05 0.00422891)
(0.000231496 0.000525225 0.00377231)
(1.3799e-05 0.0016307 0.0039319)
(-0.00171969 0.000798584 0.0257377)
(-0.00219784 4.33707e-05 0.025646)
(-0.002015 -0.000506143 0.0262181)
(-0.00231607 -0.00209851 0.0250681)
(-0.000487354 0.000190951 0.014995)
(-0.000650674 2.42527e-06 0.015254)
(-0.000725595 -3.33331e-05 0.0152353)
(-0.000961148 -0.000285687 0.0150897)
(2.46918e-05 -0.000190496 0.0162691)
(-5.26551e-05 -0.000131318 0.0164273)
(-0.000171253 1.40576e-05 0.0164256)
(-0.000348732 9.49331e-05 0.016286)
(0.000194426 -0.000346731 0.0163224)
(0.000155504 -0.000263757 0.0164316)
(8.11131e-05 -0.000142466 0.0164627)
(-1.5149e-05 -5.326e-05 0.0164032)
(0.000222464 -0.000353642 0.0161974)
(0.000201284 -0.000298197 0.0162763)
(0.000161118 -0.00022355 0.0163173)
(0.000113158 -0.000160759 0.0163139)
(0.000187518 -0.000297673 0.0161643)
(0.000174025 -0.000265883 0.0162244)
(0.000151747 -0.000222378 0.0162622)
(0.000127167 -0.000179751 0.0162728)
(0.000139212 -0.000231685 0.0161602)
(0.000129647 -0.000213044 0.0162047)
(0.000116268 -0.000186315 0.0162338)
(0.000102851 -0.000156725 0.0162428)
(9.82232e-05 -0.000174819 0.0161607)
(9.13195e-05 -0.000162961 0.016193)
(8.27291e-05 -0.000145193 0.0162129)
(7.44478e-05 -0.000123689 0.0162156)
(6.83311e-05 -0.000130259 0.0161616)
(6.34507e-05 -0.00012223 0.0161843)
(5.77696e-05 -0.000109768 0.0161963)
(5.23887e-05 -9.38965e-05 0.0161925)
(4.76872e-05 -9.65343e-05 0.0161616)
(4.43162e-05 -9.091e-05 0.0161772)
(4.05173e-05 -8.19398e-05 0.0161827)
(3.69203e-05 -7.01745e-05 0.0161733)
(3.35902e-05 -7.13457e-05 0.0161611)
(3.12969e-05 -6.73406e-05 0.0161711)
(2.87428e-05 -6.08144e-05 0.0161716)
(2.6302e-05 -5.21007e-05 0.0161579)
(2.38901e-05 -5.26374e-05 0.0161601)
(2.23411e-05 -4.97634e-05 0.016166)
(2.06156e-05 -4.49978e-05 0.0161628)
(1.89434e-05 -3.85595e-05 0.0161458)
(1.7125e-05 -3.87808e-05 0.0161592)
(1.60804e-05 -3.67109e-05 0.016162)
(1.49082e-05 -3.32284e-05 0.0161559)
(1.37541e-05 -2.8483e-05 0.0161364)
(1.2344e-05 -2.85323e-05 0.0161582)
(1.16383e-05 -2.70397e-05 0.0161588)
(1.08372e-05 -2.44959e-05 0.0161506)
(1.00358e-05 -2.10063e-05 0.0161292)
(8.92769e-06 -2.09566e-05 0.0161574)
(8.44917e-06 -1.98801e-05 0.0161563)
(7.89858e-06 -1.80243e-05 0.0161465)
(7.33914e-06 -1.5464e-05 0.0161237)
(6.46438e-06 -1.53541e-05 0.0161568)
(6.13852e-06 -1.45782e-05 0.0161543)
(5.7582e-06 -1.32272e-05 0.0161435)
(5.36619e-06 -1.13541e-05 0.0161197)
(4.67382e-06 -1.12029e-05 0.0161563)
(4.45128e-06 -1.06452e-05 0.0161529)
(4.18776e-06 -9.66525e-06 0.0161412)
(3.91259e-06 -8.30087e-06 0.0161166)
(3.36185e-06 -8.11451e-06 0.0161558)
(3.20986e-06 -7.71628e-06 0.0161518)
(3.02733e-06 -7.01022e-06 0.0161395)
(2.83451e-06 -6.02362e-06 0.0161144)
(2.39291e-06 -5.80176e-06 0.0161555)
(2.28956e-06 -5.52056e-06 0.016151)
(2.16386e-06 -5.0182e-06 0.0161383)
(2.02976e-06 -4.31401e-06 0.0161128)
(1.67444e-06 -4.0559e-06 0.0161553)
(1.60507e-06 -3.86129e-06 0.0161505)
(1.51977e-06 -3.51169e-06 0.0161374)
(1.42797e-06 -3.02031e-06 0.0161116)
(1.14998e-06 -2.73454e-06 0.0161552)
(1.10466e-06 -2.60429e-06 0.0161501)
(1.0482e-06 -2.3695e-06 0.0161368)
(9.86834e-07 -2.03881e-06 0.0161108)
(7.97562e-07 -1.76054e-06 0.0161551)
(7.69116e-07 -1.67694e-06 0.0161498)
(7.32759e-07 -1.52598e-06 0.0161364)
(6.92525e-07 -1.3132e-06 0.0161103)
(6.24407e-07 -1.14804e-06 0.016155)
(6.05476e-07 -1.09261e-06 0.0161496)
(5.79701e-07 -9.93371e-07 0.0161361)
(5.49734e-07 -8.5502e-07 0.0161099)
(-0.00240387 0.00336531 0.0129898)
(-0.00499058 0.00181504 0.0151227)
(0.00137793 0.0040861 0.0155701)
(0.00319658 0.0140532 0.00586348)
(-0.00307694 -0.00240387 0.022172)
(-0.00286913 -0.00127447 0.0207098)
(-0.000181382 0.00112173 0.0208921)
(0.000524611 0.0023087 0.0186534)
(-0.00120584 -0.000359267 0.0153329)
(-0.00114251 -0.000218632 0.0155442)
(-0.00060733 0.000132089 0.0159652)
(-0.000424477 0.000276988 0.0153308)
(-0.00048749 7.40615e-05 0.0162028)
(-0.000509465 6.12735e-06 0.0161963)
(-0.000407614 1.39845e-05 0.0163488)
(-0.000339954 2.3899e-05 0.0163134)
(-8.50173e-05 -4.04513e-05 0.016332)
(-0.000104296 -6.77656e-05 0.0163137)
(-7.66326e-05 -6.42375e-05 0.0163439)
(-4.57705e-05 -1.89211e-05 0.0162818)
(8.01795e-05 -0.000130462 0.0162945)
(7.01171e-05 -0.000114055 0.0162824)
(8.06652e-05 -8.18761e-05 0.016262)
(9.71148e-05 -2.01505e-05 0.0161775)
(0.000111058 -0.000146687 0.0162645)
(0.000106011 -0.000114704 0.0162408)
(0.000110113 -7.30867e-05 0.016188)
(0.000117599 -1.57967e-05 0.0160845)
(9.4207e-05 -0.000127724 0.016231)
(9.06231e-05 -9.55706e-05 0.016194)
(9.15057e-05 -5.77462e-05 0.0161217)
(9.44611e-05 -1.21766e-05 0.0160058)
(6.89263e-05 -0.000100192 0.0161966)
(6.61206e-05 -7.3348e-05 0.0161498)
(6.57316e-05 -4.32723e-05 0.0160664)
(6.67173e-05 -9.32984e-06 0.0159435)
(4.85804e-05 -7.56983e-05 0.0161669)
(4.62498e-05 -5.47426e-05 0.0161131)
(4.53764e-05 -3.19209e-05 0.016023)
(4.55241e-05 -7.11166e-06 0.0158961)
(3.42127e-05 -5.63908e-05 0.0161426)
(3.23233e-05 -4.05041e-05 0.0160839)
(3.13638e-05 -2.34866e-05 0.0159896)
(3.11844e-05 -5.38875e-06 0.0158604)
(2.43594e-05 -4.17892e-05 0.0161232)
(2.28736e-05 -2.99096e-05 0.0160611)
(2.19984e-05 -1.73007e-05 0.0159642)
(2.17163e-05 -4.06078e-06 0.0158336)
(1.7547e-05 -3.09016e-05 0.0161081)
(1.64052e-05 -2.20806e-05 0.0160435)
(1.56703e-05 -1.27615e-05 0.0159449)
(1.53812e-05 -3.04566e-06 0.0158134)
(1.27501e-05 -2.28219e-05 0.0160965)
(1.18867e-05 -1.62979e-05 0.0160302)
(1.12969e-05 -9.41948e-06 0.0159304)
(1.10389e-05 -2.27518e-06 0.0157982)
(9.31399e-06 -1.68344e-05 0.0160877)
(8.66832e-06 -1.20223e-05 0.0160202)
(8.20814e-06 -6.9512e-06 0.0159195)
(7.99303e-06 -1.69362e-06 0.0157868)
(6.82032e-06 -1.23978e-05 0.0160811)
(6.34153e-06 -8.85681e-06 0.0160127)
(5.98921e-06 -5.12389e-06 0.0159113)
(5.81692e-06 -1.25635e-06 0.0157784)
(4.99357e-06 -9.10744e-06 0.0160762)
(4.64099e-06 -6.50926e-06 0.016007)
(4.37511e-06 -3.76814e-06 0.0159053)
(4.24083e-06 -9.28285e-07 0.0157721)
(3.6456e-06 -6.66193e-06 0.0160725)
(3.38781e-06 -4.76386e-06 0.0160029)
(3.18968e-06 -2.75946e-06 0.0159008)
(3.08721e-06 -6.82207e-07 0.0157674)
(2.64423e-06 -4.8369e-06 0.0160698)
(2.45748e-06 -3.46063e-06 0.0159998)
(2.3118e-06 -2.00577e-06 0.0158975)
(2.23506e-06 -4.97206e-07 0.015764)
(1.89557e-06 -3.46592e-06 0.0160678)
(1.76213e-06 -2.48107e-06 0.0159976)
(1.6568e-06 -1.43889e-06 0.0158951)
(1.60043e-06 -3.57354e-07 0.0157615)
(1.33507e-06 -2.42777e-06 0.0160664)
(1.24166e-06 -1.73887e-06 0.015996)
(1.16715e-06 -1.00908e-06 0.0158934)
(1.12652e-06 -2.50711e-07 0.0157598)
(9.24073e-07 -1.63933e-06 0.0160655)
(8.60249e-07 -1.17466e-06 0.0159949)
(8.08719e-07 -6.8194e-07 0.0158922)
(7.79547e-07 -1.6868e-07 0.0157585)
(6.50754e-07 -1.05509e-06 0.0160648)
(6.07471e-07 -7.5592e-07 0.0159942)
(5.71892e-07 -4.39277e-07 0.0158914)
(5.50131e-07 -1.06624e-07 0.0157577)
(5.17428e-07 -6.86803e-07 0.0160643)
(4.84541e-07 -4.8955e-07 0.0159937)
(4.56011e-07 -2.741e-07 0.0158908)
(4.3556e-07 -5.79417e-08 0.0157571)
)
;
    }
}


// ************************************************************************* //
