/*--------------------------------*- C++ -*----------------------------------*\
  =========                 |
  \\      /  F ield         | OpenFOAM: The Open Source CFD Toolbox
   \\    /   O peration     | Website:  https://openfoam.org
    \\  /    A nd           | Version:  6
     \\/     M anipulation  |
\*---------------------------------------------------------------------------*/
FoamFile
{
    version     2.0;
    format      ascii;
    class       volVectorField;
    location    "0.07";
    object      stored_U;
}
// * * * * * * * * * * * * * * * * * * * * * * * * * * * * * * * * * * * * * //

dimensions      [0 1 -1 0 0 0 0];

internalField   nonuniform List<vector> 
1152
(
(0.000568604 -0.000354957 0.00631094)
(-4.65348e-05 0.00087884 0.007135)
(0.0021246 0.00176815 0.00247788)
(0.000234911 0.00011371 0.000893249)
(-0.000789523 -0.00145471 0.00328655)
(8.84394e-06 -0.00124215 0.00230706)
(0.000357001 5.3325e-05 0.00190355)
(0.000719276 -0.00079083 0.00360929)
(-0.00134615 -0.00187971 0.00166474)
(0.00015161 -0.00230503 0.000131584)
(0.00116521 -0.000453852 0.00155268)
(0.00043266 -0.000175768 0.00312465)
(-0.000979007 -0.00349945 -5.79897e-05)
(0.00308512 -0.0043244 0.00108204)
(0.00060323 0.0013659 -0.000159201)
(0.000888021 0.000623505 0.0033946)
(-0.000699979 0.000531883 0.0248318)
(-0.000162213 0.00124274 0.0245914)
(0.00010325 0.00152193 0.0252964)
(-0.00119524 0.000920274 0.0229865)
(-0.000483294 0.000242016 0.027524)
(-0.000454165 0.000791039 0.0285082)
(-0.000857807 0.000602481 0.0275932)
(-0.00166372 -1.71207e-05 0.0236284)
(-0.000356587 -0.00042575 0.0292181)
(-0.000720079 -0.000360827 0.0304914)
(-0.00127415 -0.000258261 0.0279763)
(-0.00154767 -0.000425902 0.0239277)
(-0.000286836 -0.00142355 0.0238207)
(-0.00120166 -0.00168229 0.0255005)
(-0.00187295 -0.00137985 0.0281035)
(-0.00170811 -0.00165416 0.0226618)
(-0.000265529 -0.000222724 0.0147771)
(8.40902e-06 -0.000120939 0.0146023)
(0.000188935 3.7282e-05 0.0142173)
(3.44077e-05 6.41148e-05 0.0135851)
(-0.000325777 -7.07218e-05 0.0151708)
(-0.000118536 5.28049e-05 0.0151433)
(-2.09949e-05 0.000116869 0.014663)
(-0.00018875 0.000108857 0.0138811)
(-0.000401917 0.000179564 0.0149009)
(-0.000306069 0.000288133 0.0150101)
(-0.000249615 0.00037478 0.0145106)
(-0.000374873 0.000377689 0.0137428)
(-0.000527579 0.000100332 0.0133286)
(-0.000646845 0.000275123 0.0137363)
(-0.000633516 0.000428716 0.0140532)
(-0.000670328 0.000435352 0.013473)
(3.78466e-05 -0.000407805 0.0155204)
(0.00019298 -0.00044886 0.0153698)
(0.000327098 -0.000385851 0.0150618)
(0.000388437 -0.000311111 0.0146212)
(-8.83147e-05 -0.00011187 0.0157787)
(0.000113274 -0.000156431 0.0156789)
(0.000273341 -0.000126867 0.0153252)
(0.000288823 -0.000101633 0.0148096)
(-0.000245588 0.000275148 0.0156702)
(-3.56539e-05 0.000252316 0.0156267)
(0.000129551 0.000239119 0.0152862)
(0.000114227 0.000216495 0.0147798)
(-0.000429839 0.000410882 0.0151534)
(-0.00027911 0.000463071 0.0151619)
(-0.000122969 0.000469178 0.0149668)
(-0.000105741 0.000441273 0.014572)
(0.000178562 -0.000396417 0.0152418)
(0.000293986 -0.000442403 0.0151203)
(0.000380144 -0.000433694 0.0149032)
(0.000417179 -0.00040633 0.0146021)
(0.000103399 -0.000200554 0.0153781)
(0.000246049 -0.000246507 0.0152947)
(0.000351523 -0.000257271 0.0150599)
(0.000372272 -0.000265999 0.0147262)
(1.93617e-05 2.3598e-05 0.015313)
(0.000166975 -4.42778e-06 0.0152788)
(0.000274563 -3.74452e-05 0.0150634)
(0.000279287 -7.96484e-05 0.0147468)
(-6.88369e-05 0.000113984 0.0150543)
(6.00704e-05 0.000132336 0.0150634)
(0.000159803 0.000104919 0.0149134)
(0.000166476 6.26774e-05 0.0146561)
(0.000215676 -0.000324394 0.0148986)
(0.000296233 -0.000358925 0.0148137)
(0.000345033 -0.000370059 0.014671)
(0.00035038 -0.000369483 0.0144901)
(0.000171942 -0.000215271 0.014971)
(0.000263834 -0.000249955 0.0149062)
(0.000322847 -0.000272683 0.0147626)
(0.00032532 -0.000292304 0.0145731)
(0.000125875 -9.72703e-05 0.0149511)
(0.00021911 -0.000124517 0.0149129)
(0.000279505 -0.000156401 0.0147846)
(0.000277277 -0.000191656 0.0146085)
(7.73851e-05 -3.70125e-05 0.0148498)
(0.000167445 -4.35101e-05 0.0148355)
(0.000224409 -7.27672e-05 0.0147368)
(0.000222265 -0.000109251 0.0145876)
(0.000191786 -0.000248018 0.0147192)
(0.000240954 -0.000272063 0.0146658)
(0.000265218 -0.000286126 0.0145762)
(0.000257562 -0.000293524 0.014468)
(0.000163681 -0.000187395 0.0147619)
(0.000217743 -0.000212374 0.0147205)
(0.000247771 -0.000232905 0.0146353)
(0.000241389 -0.000250858 0.0145277)
(0.000134525 -0.000122446 0.0147562)
(0.000189368 -0.000144901 0.0147316)
(0.000221242 -0.000169816 0.0146583)
(0.000214925 -0.000195113 0.0145604)
(0.000104002 -8.0747e-05 0.0147063)
(0.000159445 -9.41915e-05 0.0147001)
(0.000191406 -0.000118414 0.014644)
(0.000186478 -0.000144486 0.0145608)
(0.000148052 -0.000186019 0.0146148)
(0.000176578 -0.000202429 0.0145851)
(0.000188033 -0.000214403 0.014532)
(0.00017871 -0.00022262 0.0144683)
(0.000129343 -0.000150637 0.0146418)
(0.000160028 -0.000168124 0.0146206)
(0.000174828 -0.000183672 0.0145724)
(0.000167407 -0.000197255 0.0145115)
(0.000109883 -0.000112032 0.014639)
(0.000141093 -0.000128856 0.0146301)
(0.0001576 -0.000146708 0.0145911)
(0.000151523 -0.000163784 0.0145372)
(8.95408e-05 -8.20606e-05 0.0146055)
(0.000121856 -9.50148e-05 0.0146121)
(0.000139535 -0.000112799 0.0145854)
(0.00013534 -0.000130274 0.0145407)
(0.000107068 -0.000139118 0.0145505)
(0.000123654 -0.000150363 0.0145375)
(0.000129204 -0.000159428 0.0145076)
(0.000121927 -0.00016622 0.0144702)
(9.44141e-05 -0.000117255 0.0145679)
(0.000112016 -0.000129413 0.0145614)
(0.000119636 -0.000140522 0.0145359)
(0.000114063 -0.000150127 0.0145013)
(8.11661e-05 -9.26014e-05 0.0145638)
(9.9151e-05 -0.000104714 0.0145672)
(0.000108148 -0.000117116 0.0145491)
(0.000104046 -0.000128486 0.0145197)
(6.73424e-05 -7.05787e-05 0.0145345)
(8.62521e-05 -8.10172e-05 0.0145515)
(9.64827e-05 -9.35115e-05 0.0145433)
(9.41058e-05 -0.000105092 0.0145204)
(7.54199e-05 -0.000104054 0.0145102)
(8.53984e-05 -0.000111838 0.0145086)
(8.83986e-05 -0.000118387 0.0144931)
(8.35942e-05 -0.000123438 0.0144711)
(6.6738e-05 -8.98927e-05 0.014521)
(7.72714e-05 -9.83841e-05 0.0145246)
(8.16568e-05 -0.000106169 0.0145129)
(7.82279e-05 -0.00011279 0.0144934)
(5.75818e-05 -7.33131e-05 0.0145141)
(6.8439e-05 -8.19344e-05 0.0145262)
(7.39033e-05 -9.05013e-05 0.0145207)
(7.17503e-05 -9.81045e-05 0.0145052)
(4.8063e-05 -5.70095e-05 0.0144847)
(5.96154e-05 -6.48972e-05 0.0145093)
(6.61158e-05 -7.35836e-05 0.0145122)
(6.53555e-05 -8.1329e-05 0.0145018)
(5.271e-05 -7.77858e-05 0.0144842)
(5.90257e-05 -8.3219e-05 0.0144902)
(6.0936e-05 -8.78541e-05 0.0144837)
(5.80597e-05 -9.14382e-05 0.014471)
(4.66825e-05 -6.83051e-05 0.01449)
(5.33576e-05 -7.42687e-05 0.0145005)
(5.62515e-05 -7.96939e-05 0.0144972)
(5.44472e-05 -8.42176e-05 0.0144865)
(4.02795e-05 -5.67996e-05 0.0144802)
(4.72441e-05 -6.29199e-05 0.0144983)
(5.09761e-05 -6.88523e-05 0.0145004)
(5.01958e-05 -7.39816e-05 0.0144929)
(3.36493e-05 -4.47369e-05 0.0144493)
(4.1134e-05 -5.05308e-05 0.014479)
(4.56791e-05 -5.65735e-05 0.0144887)
(4.59688e-05 -6.18203e-05 0.0144855)
(3.68404e-05 -5.80609e-05 0.0144668)
(4.10523e-05 -6.18771e-05 0.0144779)
(4.24592e-05 -6.51307e-05 0.0144772)
(4.08746e-05 -6.76182e-05 0.0144702)
(3.26158e-05 -5.15724e-05 0.0144689)
(3.70907e-05 -5.57804e-05 0.0144839)
(3.92203e-05 -5.95622e-05 0.014486)
(3.84571e-05 -6.26495e-05 0.0144806)
(2.80971e-05 -4.34422e-05 0.0144564)
(3.28276e-05 -4.77896e-05 0.0144785)
(3.56039e-05 -5.19173e-05 0.0144854)
(3.56344e-05 -5.54099e-05 0.0144828)
(2.34311e-05 -3.45416e-05 0.0144237)
(2.85558e-05 -3.87419e-05 0.0144569)
(3.19545e-05 -4.29626e-05 0.0144708)
(3.27899e-05 -4.65581e-05 0.014472)
(2.58305e-05 -4.32479e-05 0.0144549)
(2.87633e-05 -4.59425e-05 0.0144694)
(2.98873e-05 -4.82209e-05 0.0144725)
(2.9099e-05 -4.99313e-05 0.0144691)
(2.2847e-05 -3.87423e-05 0.0144541)
(2.59838e-05 -4.17236e-05 0.0144722)
(2.76474e-05 -4.43667e-05 0.0144777)
(2.74818e-05 -4.64794e-05 0.0144757)
(1.9636e-05 -3.29379e-05 0.0144394)
(2.29912e-05 -3.6031e-05 0.0144641)
(2.51501e-05 -3.89183e-05 0.0144741)
(2.55882e-05 -4.1317e-05 0.0144746)
(1.63249e-05 -2.63887e-05 0.014405)
(1.99812e-05 -2.94147e-05 0.0144406)
(2.2611e-05 -3.23773e-05 0.0144572)
(2.36483e-05 -3.4865e-05 0.0144611)
(1.81867e-05 -3.21398e-05 0.0144466)
(2.02915e-05 -3.40509e-05 0.0144634)
(2.12141e-05 -3.56479e-05 0.0144689)
(2.08866e-05 -3.68211e-05 0.014468)
(1.60671e-05 -2.89806e-05 0.0144436)
(1.83329e-05 -3.11003e-05 0.0144637)
(1.96605e-05 -3.29544e-05 0.0144715)
(1.98013e-05 -3.44068e-05 0.0144717)
(1.37734e-05 -2.48122e-05 0.0144271)
(1.622e-05 -2.70175e-05 0.0144536)
(1.7924e-05 -2.90473e-05 0.0144657)
(1.85188e-05 -3.07075e-05 0.0144681)
(1.14088e-05 -2.00042e-05 0.0143913)
(1.40859e-05 -2.21784e-05 0.0144285)
(1.61435e-05 -2.42678e-05 0.0144469)
(1.71817e-05 -2.60028e-05 0.0144525)
(1.28586e-05 -2.3826e-05 0.0144407)
(1.43972e-05 -2.51865e-05 0.0144591)
(1.51532e-05 -2.63088e-05 0.0144663)
(1.50754e-05 -2.71144e-05 0.014467)
(1.13459e-05 -2.15962e-05 0.014436)
(1.30113e-05 -2.31079e-05 0.0144576)
(1.4071e-05 -2.44135e-05 0.0144669)
(1.43433e-05 -2.54174e-05 0.0144686)
(9.70114e-06 -1.85927e-05 0.0144181)
(1.15124e-05 -2.01682e-05 0.0144459)
(1.28561e-05 -2.16018e-05 0.0144593)
(1.3467e-05 -2.27587e-05 0.0144631)
(8.00486e-06 -1.50694e-05 0.0143812)
(9.99201e-06 -1.66304e-05 0.0144194)
(1.15997e-05 -1.81103e-05 0.014439)
(1.25375e-05 -1.93283e-05 0.0144459)
(9.12433e-06 -1.76138e-05 0.0144366)
(1.02596e-05 -1.85852e-05 0.014456)
(1.08706e-05 -1.93762e-05 0.0144644)
(1.09164e-05 -1.99312e-05 0.0144661)
(8.04119e-06 -1.60331e-05 0.0144306)
(9.27554e-06 -1.71137e-05 0.0144531)
(1.01135e-05 -1.80364e-05 0.0144634)
(1.04196e-05 -1.87337e-05 0.0144662)
(6.85881e-06 -1.38653e-05 0.0144116)
(8.20829e-06 -1.49929e-05 0.0144402)
(9.25923e-06 -1.60092e-05 0.0144545)
(9.81616e-06 -1.68199e-05 0.0144592)
(5.63827e-06 -1.12883e-05 0.0143738)
(7.12133e-06 -1.24088e-05 0.0144127)
(8.36856e-06 -1.34607e-05 0.0144331)
(9.16566e-06 -1.43202e-05 0.0144408)
(6.49009e-06 -1.29756e-05 0.0144336)
(7.33013e-06 -1.36702e-05 0.0144538)
(7.81536e-06 -1.4229e-05 0.0144629)
(7.91277e-06 -1.46127e-05 0.0144654)
(5.71327e-06 -1.18523e-05 0.0144266)
(6.62984e-06 -1.26257e-05 0.0144498)
(7.28401e-06 -1.32794e-05 0.0144608)
(7.57371e-06 -1.37658e-05 0.0144643)
(4.86241e-06 -1.02876e-05 0.0144068)
(5.86828e-06 -1.10952e-05 0.014436)
(6.68109e-06 -1.18174e-05 0.0144509)
(7.15565e-06 -1.23878e-05 0.0144563)
(3.98307e-06 -8.40712e-06 0.0143683)
(5.08975e-06 -9.21128e-06 0.0144078)
(6.04782e-06 -9.96052e-06 0.0144287)
(6.69827e-06 -1.05691e-05 0.014437)
(4.61781e-06 -9.51008e-06 0.0144314)
(5.23798e-06 -1.00065e-05 0.0144521)
(5.61617e-06 -1.04015e-05 0.0144618)
(5.72596e-06 -1.06673e-05 0.0144648)
(4.06103e-06 -8.71173e-06 0.0144237)
(4.73953e-06 -9.26478e-06 0.0144473)
(5.24268e-06 -9.72818e-06 0.0144589)
(5.49364e-06 -1.00682e-05 0.0144629)
(3.44947e-06 -7.58462e-06 0.0144033)
(4.19613e-06 -8.16247e-06 0.0144329)
(4.81657e-06 -8.67587e-06 0.0144483)
(5.20298e-06 -9.07791e-06 0.0144541)
(2.81662e-06 -6.21786e-06 0.0143643)
(3.63875e-06 -6.79391e-06 0.0144041)
(4.36608e-06 -7.32763e-06 0.0144254)
(4.88073e-06 -7.75908e-06 0.0144341)
(3.27491e-06 -6.91276e-06 0.0144299)
(3.72931e-06 -7.26603e-06 0.0144509)
(4.01814e-06 -7.54443e-06 0.014461)
(4.12057e-06 -7.72844e-06 0.0144644)
(2.87758e-06 -6.34743e-06 0.0144217)
(3.37575e-06 -6.74118e-06 0.0144456)
(3.75611e-06 -7.06868e-06 0.0144575)
(3.96128e-06 -7.30615e-06 0.0144618)
(2.44014e-06 -5.54006e-06 0.0144008)
(2.98947e-06 -5.9516e-06 0.0144306)
(3.45567e-06 -6.31533e-06 0.0144463)
(3.75923e-06 -6.59819e-06 0.0144525)
(1.98688e-06 -4.5537e-06 0.0143614)
(2.59211e-06 -4.96426e-06 0.0144014)
(3.13627e-06 -5.34309e-06 0.014423)
(3.53263e-06 -5.64814e-06 0.014432)
(2.30098e-06 -4.954e-06 0.0144288)
(2.62915e-06 -5.20276e-06 0.0144501)
(2.84443e-06 -5.39721e-06 0.0144604)
(2.9308e-06 -5.52372e-06 0.0144641)
(2.02047e-06 -4.55763e-06 0.0144202)
(2.38083e-06 -4.83498e-06 0.0144443)
(2.66208e-06 -5.06426e-06 0.0144565)
(2.82216e-06 -5.22889e-06 0.014461)
(1.71104e-06 -3.98605e-06 0.014399)
(2.10902e-06 -4.27601e-06 0.014429)
(2.45212e-06 -4.53123e-06 0.0144449)
(2.68262e-06 -4.72856e-06 0.0144513)
(1.39003e-06 -3.28345e-06 0.0143593)
(1.8287e-06 -3.57285e-06 0.0143995)
(2.22785e-06 -3.8391e-06 0.0144213)
(2.5246e-06 -4.05286e-06 0.0144305)
(1.58696e-06 -3.4646e-06 0.014428)
(1.81838e-06 -3.63604e-06 0.0144495)
(1.97383e-06 -3.76918e-06 0.01446)
(2.04148e-06 -3.85465e-06 0.0144639)
(1.39307e-06 -3.19228e-06 0.0144191)
(1.64754e-06 -3.38351e-06 0.0144434)
(1.84931e-06 -3.54082e-06 0.0144557)
(1.96855e-06 -3.65292e-06 0.0144605)
(1.1789e-06 -2.79648e-06 0.0143977)
(1.46023e-06 -2.99648e-06 0.0144278)
(1.70544e-06 -3.17198e-06 0.0144439)
(1.8738e-06 -3.30708e-06 0.0144504)
(9.5656e-07 -2.30755e-06 0.0143578)
(1.26665e-06 -2.50722e-06 0.0143981)
(1.55112e-06 -2.69061e-06 0.01442)
(1.76565e-06 -2.83757e-06 0.0144293)
(1.06378e-06 -2.32889e-06 0.0144275)
(1.2218e-06 -2.44263e-06 0.0144491)
(1.32978e-06 -2.53051e-06 0.0144597)
(1.37949e-06 -2.58626e-06 0.0144637)
(9.34411e-07 -2.14803e-06 0.0144184)
(1.10845e-06 -2.27517e-06 0.0144428)
(1.24769e-06 -2.37937e-06 0.0144552)
(1.33213e-06 -2.45319e-06 0.0144601)
(7.91382e-07 -1.88355e-06 0.0143968)
(9.8385e-07 -2.01686e-06 0.014427)
(1.15244e-06 -2.13352e-06 0.0144432)
(1.26982e-06 -2.22304e-06 0.0144499)
(6.42815e-07 -1.55567e-06 0.0143568)
(8.54738e-07 -1.689e-06 0.0143971)
(1.0498e-06 -1.81125e-06 0.0144191)
(1.19812e-06 -1.90917e-06 0.0144286)
(6.97427e-07 -1.48289e-06 0.0144271)
(8.03112e-07 -1.55382e-06 0.0144488)
(8.76037e-07 -1.60836e-06 0.0144595)
(9.11006e-07 -1.64247e-06 0.0144636)
(6.153e-07 -1.36825e-06 0.014418)
(7.32007e-07 -1.44799e-06 0.0144424)
(8.24953e-07 -1.5133e-06 0.0144549)
(8.82034e-07 -1.5594e-06 0.0144599)
(5.2509e-07 -1.20026e-06 0.0143962)
(6.53587e-07 -1.2841e-06 0.0144265)
(7.65114e-07 -1.35773e-06 0.0144427)
(8.4302e-07 -1.41434e-06 0.0144495)
(4.32351e-07 -9.91638e-07 0.0143561)
(5.7239e-07 -1.07531e-06 0.0143965)
(7.0027e-07 -1.15274e-06 0.0144186)
(7.97533e-07 -1.21543e-06 0.0144281)
(4.79756e-07 -9.16863e-07 0.0144269)
(5.53794e-07 -9.6008e-07 0.0144486)
(6.05122e-07 -9.93097e-07 0.0144594)
(6.30546e-07 -1.01321e-06 0.0144635)
(4.25522e-07 -8.40602e-07 0.0144176)
(5.08859e-07 -8.91875e-07 0.0144421)
(5.73563e-07 -9.33408e-07 0.0144546)
(6.1321e-07 -9.624e-07 0.0144597)
(3.64231e-07 -7.294e-07 0.0143958)
(4.5725e-07 -7.86673e-07 0.0144261)
(5.34974e-07 -8.35885e-07 0.0144424)
(5.88396e-07 -8.73211e-07 0.0144492)
(2.99471e-07 -5.9248e-07 0.0143556)
(4.01406e-07 -6.52759e-07 0.014396)
(4.91369e-07 -7.07243e-07 0.0144182)
(5.58334e-07 -7.50759e-07 0.0144277)
(-0.000352087 0.000135732 0.00101379)
(0.00234664 -0.00271484 0.00163494)
(0.00246202 0.0010008 0.00593359)
(0.00242446 0.002381 0.0122577)
(-0.00256139 0.000909068 0.00577815)
(0.00122953 -0.000856185 0.00203969)
(0.00457699 0.000846112 0.0021455)
(0.00368959 0.00270789 0.0133855)
(-0.00212687 0.00272545 0.00978819)
(0.0116257 0.000387987 0.00424076)
(0.00514666 0.0020063 0.0117158)
(-0.00135286 0.00472239 0.0121041)
(0.00246325 0.00135874 0.00599781)
(0.0372398 0.00314236 -0.0117933)
(0.00303382 0.00852757 0.00847299)
(-0.00765005 0.0157856 0.00579037)
(-0.000671716 -0.00229805 0.0219556)
(-0.00171786 -0.00269563 0.023691)
(-0.00224167 -0.00203157 0.023079)
(-0.00156353 -0.00148872 0.0196972)
(-0.000651842 -0.00211834 0.0194902)
(-0.00132287 -0.00282047 0.0241152)
(-0.00154563 -0.00270173 0.0223246)
(-0.00156538 -7.33758e-05 0.0178788)
(-0.000960482 -0.000778019 0.017009)
(-0.00089887 -0.00123565 0.0211698)
(-0.00137157 -0.001858 0.0198918)
(-0.00134845 0.00152176 0.0172994)
(-0.000365837 -3.37078e-05 0.01528)
(0.000627004 -0.00020051 0.0225782)
(-0.00225003 -0.000292214 0.0203549)
(-0.00149606 0.00192486 0.0183946)
(-0.00079416 -6.98211e-05 0.012772)
(-0.000894478 6.3578e-05 0.013165)
(-0.000904187 0.000363963 0.0135976)
(-0.000798953 0.000538421 0.0135042)
(-0.000922735 -0.000145352 0.0125972)
(-0.00103367 -0.000248494 0.0131242)
(-0.00102453 -4.5802e-05 0.0133351)
(-0.000980743 0.000539203 0.0134486)
(-0.00100971 -0.000295098 0.0124727)
(-0.00121903 -0.000546747 0.0131982)
(-0.00115723 -0.000474877 0.0139443)
(-0.000966109 0.000351305 0.0137282)
(-0.000890835 -0.000499737 0.0120895)
(-0.00128175 -0.000683966 0.0128463)
(-0.00141617 -0.000490491 0.0144998)
(-0.000973283 0.000129562 0.0140541)
(-0.00052947 0.000237934 0.014898)
(-0.000451479 0.000325615 0.014854)
(-0.000316685 0.00043693 0.0146893)
(-0.000243047 0.000474323 0.01438)
(-0.000580803 8.65493e-05 0.0147394)
(-0.000568687 0.000108528 0.0147024)
(-0.00045002 0.000208775 0.014522)
(-0.000353886 0.000309621 0.0142841)
(-0.000590852 -7.308e-05 0.014614)
(-0.000670585 -0.000112781 0.0147035)
(-0.000549886 -6.86222e-05 0.0147187)
(-0.000379931 8.9154e-05 0.014428)
(-0.000500464 -0.00024248 0.0144859)
(-0.000703124 -0.000282715 0.0146671)
(-0.000632388 -0.000191055 0.0149606)
(-0.000367993 -1.48495e-05 0.0146196)
(-0.000116688 5.76464e-05 0.0148823)
(-1.03373e-05 9.84616e-05 0.014892)
(7.06538e-05 0.000110992 0.0147688)
(9.04127e-05 9.46575e-05 0.0145401)
(-0.000148757 7.33922e-06 0.0147713)
(-6.80536e-05 3.48239e-05 0.0148042)
(7.07572e-06 3.9856e-05 0.0147051)
(4.36876e-05 3.27226e-05 0.014492)
(-0.000161911 -4.87423e-05 0.0146637)
(-0.00011305 -3.19814e-05 0.014749)
(-3.46519e-05 -4.32764e-05 0.0147335)
(4.05097e-05 -3.49231e-05 0.014528)
(-0.000143006 -8.62907e-05 0.0145331)
(-0.000128176 -5.80438e-05 0.0146465)
(-5.93401e-05 -4.45083e-05 0.0147309)
(6.00536e-05 -1.99348e-05 0.0145259)
(4.40262e-05 -3.63897e-05 0.0147713)
(0.000129238 -2.96648e-05 0.0147654)
(0.000181829 -4.5832e-05 0.014683)
(0.00018485 -7.19924e-05 0.0145457)
(1.07304e-05 -3.33259e-05 0.0147052)
(9.2499e-05 -2.35855e-05 0.0147157)
(0.000149898 -4.32608e-05 0.0146521)
(0.000165564 -6.88906e-05 0.0145187)
(-1.32035e-05 -3.3237e-05 0.014622)
(6.15642e-05 -1.78559e-05 0.0146543)
(0.000127813 -3.89244e-05 0.0146279)
(0.000167192 -6.06594e-05 0.0144988)
(-2.15735e-05 -2.3959e-05 0.0145123)
(4.46811e-05 7.71764e-06 0.0145492)
(0.000114207 3.47631e-06 0.0145566)
(0.000178792 -1.23182e-05 0.0144264)
(7.81958e-05 -6.3485e-05 0.0146532)
(0.000135529 -6.87542e-05 0.0146595)
(0.0001683 -8.74388e-05 0.0146167)
(0.000167185 -0.000109056 0.0145409)
(5.09945e-05 -4.53356e-05 0.0145946)
(0.000110105 -4.3434e-05 0.0146119)
(0.000149689 -6.21048e-05 0.0145824)
(0.000157696 -8.45073e-05 0.014509)
(2.82896e-05 -2.8079e-05 0.0145118)
(8.72612e-05 -1.75231e-05 0.0145383)
(0.000135517 -3.31984e-05 0.0145265)
(0.000158555 -5.50358e-05 0.0144551)
(1.31534e-05 -5.7374e-06 0.0144008)
(7.14668e-05 1.76106e-05 0.0144239)
(0.000125474 1.19969e-05 0.0144227)
(0.000163578 -8.16765e-06 0.0143494)
(6.96695e-05 -6.2424e-05 0.0145583)
(0.000105545 -7.01188e-05 0.0145774)
(0.000125208 -8.49964e-05 0.0145621)
(0.000124258 -0.000100404 0.0145233)
(4.94413e-05 -4.30413e-05 0.0144993)
(8.76406e-05 -4.40183e-05 0.0145253)
(0.000112865 -5.75361e-05 0.0145194)
(0.00011835 -7.34591e-05 0.0144833)
(3.14548e-05 -2.37155e-05 0.0144147)
(7.09268e-05 -1.74846e-05 0.0144428)
(0.000102712 -2.76494e-05 0.0144451)
(0.000117314 -4.34924e-05 0.0144101)
(1.73934e-05 -1.7347e-06 0.0143026)
(5.80291e-05 1.3331e-05 0.0143231)
(9.49976e-05 9.21339e-06 0.0143263)
(0.000118719 -6.35813e-06 0.0142889)
(5.24846e-05 -5.31591e-05 0.0144873)
(7.48135e-05 -6.00458e-05 0.0145161)
(8.68794e-05 -7.07856e-05 0.0145178)
(8.69155e-05 -8.13485e-05 0.0145002)
(3.80503e-05 -3.66682e-05 0.014426)
(6.22421e-05 -3.81842e-05 0.0144591)
(7.81889e-05 -4.72637e-05 0.014468)
(8.24718e-05 -5.79678e-05 0.0144534)
(2.48016e-05 -1.99443e-05 0.0143392)
(5.03061e-05 -1.61299e-05 0.0143711)
(7.08097e-05 -2.24212e-05 0.0143839)
(8.08874e-05 -3.30496e-05 0.0143703)
(1.36265e-05 -1.82533e-06 0.0142259)
(4.05072e-05 7.95966e-06 0.0142483)
(6.49698e-05 5.40533e-06 0.0142582)
(8.07564e-05 -5.23554e-06 0.0142419)
(3.71391e-05 -4.28835e-05 0.0144358)
(5.14966e-05 -4.82915e-05 0.0144713)
(5.94307e-05 -5.58364e-05 0.0144832)
(6.04466e-05 -6.30815e-05 0.0144777)
(2.69296e-05 -2.99268e-05 0.0143723)
(4.26123e-05 -3.12452e-05 0.0144105)
(5.31547e-05 -3.72502e-05 0.0144284)
(5.7017e-05 -4.44435e-05 0.014426)
(1.73854e-05 -1.66369e-05 0.0142835)
(3.41009e-05 -1.40943e-05 0.0143189)
(4.77255e-05 -1.79287e-05 0.0143388)
(5.5321e-05 -2.49697e-05 0.0143373)
(8.95364e-06 -2.61024e-06 0.0141694)
(2.68178e-05 4.06026e-06 0.0141943)
(4.33018e-05 2.69168e-06 0.0142097)
(5.46028e-05 -4.32911e-06 0.0142055)
(2.56631e-05 -3.37424e-05 0.0143985)
(3.5322e-05 -3.777e-05 0.0144385)
(4.09365e-05 -4.30476e-05 0.0144565)
(4.25308e-05 -4.80633e-05 0.0144579)
(1.84006e-05 -2.39011e-05 0.014333)
(2.89654e-05 -2.48627e-05 0.0143748)
(3.63392e-05 -2.88474e-05 0.0143982)
(3.98911e-05 -3.3736e-05 0.0144027)
(1.15367e-05 -1.37158e-05 0.0142427)
(2.28403e-05 -1.18626e-05 0.0142808)
(3.23026e-05 -1.41804e-05 0.0143053)
(3.83381e-05 -1.88792e-05 0.0143107)
(5.27647e-06 -3.1336e-06 0.014128)
(1.7437e-05 1.66454e-06 0.0141552)
(2.89313e-05 1.08136e-06 0.0141743)
(3.74617e-05 -3.5286e-06 0.0141771)
(1.75973e-05 -2.61674e-05 0.0143712)
(2.43653e-05 -2.90943e-05 0.0144142)
(2.85543e-05 -3.27954e-05 0.0144359)
(3.03531e-05 -3.62998e-05 0.0144414)
(1.23835e-05 -1.88118e-05 0.0143042)
(1.97633e-05 -1.94516e-05 0.0143483)
(2.51601e-05 -2.21165e-05 0.0143751)
(2.83427e-05 -2.54803e-05 0.0143837)
(7.42434e-06 -1.11416e-05 0.0142129)
(1.53096e-05 -9.70867e-06 0.0142528)
(2.21388e-05 -1.10976e-05 0.0142801)
(2.70276e-05 -1.42716e-05 0.0142896)
(2.79733e-06 -3.25189e-06 0.0140977)
(1.12889e-05 3.34061e-07 0.0141265)
(1.95602e-05 2.21061e-07 0.0141482)
(2.61826e-05 -2.82403e-06 0.014155)
(1.20609e-05 -2.00899e-05 0.0143512)
(1.69441e-05 -2.21911e-05 0.014396)
(2.01575e-05 -2.47974e-05 0.0144202)
(2.19099e-05 -2.72646e-05 0.0144283)
(8.28819e-06 -1.46375e-05 0.014283)
(1.3584e-05 -1.5036e-05 0.0143287)
(1.76427e-05 -1.68327e-05 0.0143575)
(2.03939e-05 -1.91718e-05 0.0143687)
(4.6868e-06 -8.91478e-06 0.014191)
(1.0321e-05 -7.77597e-06 0.014232)
(1.53758e-05 -8.59863e-06 0.0142612)
(1.93288e-05 -1.07684e-05 0.0142732)
(1.27048e-06 -3.06631e-06 0.0140755)
(7.32261e-06 -3.30094e-07 0.0141053)
(1.34047e-05 -1.91995e-07 0.0141287)
(1.85901e-05 -2.22269e-06 0.014138)
(8.29017e-06 -1.53033e-05 0.0143364)
(1.18771e-05 -1.68031e-05 0.0143825)
(1.43662e-05 -1.86462e-05 0.0144082)
(1.59365e-05 -2.03936e-05 0.0144179)
(5.54495e-06 -1.12802e-05 0.0142675)
(9.41148e-06 -1.1514e-05 0.014314)
(1.25016e-05 -1.27344e-05 0.0143442)
(1.48026e-05 -1.43745e-05 0.0143569)
(2.91932e-06 -7.03339e-06 0.0141748)
(7.01016e-06 -6.12278e-06 0.0142166)
(1.08017e-05 -6.60258e-06 0.0142469)
(1.39641e-05 -8.10101e-06 0.0142605)
(3.97837e-07 -2.71144e-06 0.0140592)
(4.77337e-06 -6.07182e-07 0.0140895)
(9.30031e-06 -3.56968e-07 0.014114)
(1.3352e-05 -1.72511e-06 0.0141249)
(5.72326e-06 -1.158e-05 0.0143255)
(8.38251e-06 -1.2648e-05 0.0143725)
(1.03095e-05 -1.39563e-05 0.0143992)
(1.16432e-05 -1.51996e-05 0.01441)
(3.71891e-06 -8.61986e-06 0.014256)
(6.56902e-06 -8.7481e-06 0.0143031)
(8.92829e-06 -9.58282e-06 0.0143342)
(1.08004e-05 -1.07401e-05 0.0143479)
(1.79999e-06 -5.47946e-06 0.0141629)
(4.79851e-06 -4.75506e-06 0.0142051)
(7.65668e-06 -5.02919e-06 0.0142362)
(1.01531e-05 -6.07262e-06 0.0142507)
(-5.99068e-08 -2.29212e-06 0.0140471)
(3.13178e-06 -6.7383e-07 0.0140778)
(6.51895e-06 -3.92821e-07 0.014103)
(9.66269e-06 -1.32361e-06 0.0141148)
(3.96976e-06 -8.70911e-06 0.0143175)
(5.94781e-06 -9.46921e-06 0.0143649)
(7.43117e-06 -1.04007e-05 0.0143923)
(8.52236e-06 -1.12883e-05 0.0144039)
(2.50425e-06 -6.53598e-06 0.0142475)
(4.61363e-06 -6.60009e-06 0.014295)
(6.41019e-06 -7.17444e-06 0.0143266)
(7.89933e-06 -7.99489e-06 0.0143411)
(1.10051e-06 -4.22058e-06 0.0141541)
(3.30835e-06 -3.65015e-06 0.0141965)
(5.46239e-06 -3.80247e-06 0.0142281)
(7.40666e-06 -4.5338e-06 0.0142433)
(-2.69655e-07 -1.87453e-06 0.0140383)
(2.06932e-06 -6.35377e-07 0.0140691)
(4.60526e-06 -3.66966e-07 0.0140947)
(7.02297e-06 -1.00571e-06 0.0141073)
(2.76479e-06 -6.50881e-06 0.0143115)
(4.23487e-06 -7.04969e-06 0.0143594)
(5.36718e-06 -7.71415e-06 0.0143872)
(6.2354e-06 -8.34886e-06 0.0143993)
(1.6938e-06 -4.91771e-06 0.0142412)
(3.2549e-06 -4.94483e-06 0.014289)
(4.61499e-06 -5.34198e-06 0.0143209)
(5.77715e-06 -5.92534e-06 0.0143359)
(6.67721e-07 -3.21619e-06 0.0141476)
(2.29445e-06 -2.77252e-06 0.0141902)
(3.91182e-06 -2.85385e-06 0.0142221)
(5.40654e-06 -3.3688e-06 0.0142378)
(-3.39279e-07 -1.49385e-06 0.0140317)
(1.37674e-06 -5.51606e-07 0.0140627)
(3.27033e-06 -3.15962e-07 0.0140885)
(5.11168e-06 -7.57371e-07 0.0141015)
(1.93016e-06 -4.82819e-06 0.0143072)
(3.01787e-06 -5.21261e-06 0.0143553)
(3.87321e-06 -5.68645e-06 0.0143834)
(4.54827e-06 -6.14017e-06 0.0143959)
(1.14978e-06 -3.66807e-06 0.0142366)
(2.3009e-06 -3.67518e-06 0.0142845)
(3.32187e-06 -3.95063e-06 0.0143167)
(4.21326e-06 -4.36565e-06 0.0143321)
(4.02053e-07 -2.42354e-06 0.0141429)
(1.59716e-06 -2.08322e-06 0.0141855)
(2.80349e-06 -2.12413e-06 0.0142176)
(3.93752e-06 -2.48747e-06 0.0142336)
(-3.34871e-07 -1.16447e-06 0.0140269)
(9.21214e-07 -4.54597e-07 0.0140579)
(2.32717e-06 -2.58611e-07 0.014084)
(3.71445e-06 -5.65041e-07 0.0140973)
(1.34632e-06 -3.54479e-06 0.014304)
(2.14413e-06 -3.8169e-06 0.0143522)
(2.7816e-06 -4.15351e-06 0.0143806)
(3.2951e-06 -4.47654e-06 0.0143933)
(7.81459e-07 -2.70508e-06 0.0142332)
(1.62352e-06 -2.7024e-06 0.0142812)
(2.38084e-06 -2.8934e-06 0.0143136)
(3.05232e-06 -3.18774e-06 0.0143292)
(2.402e-07 -1.80189e-06 0.0141394)
(1.11186e-06 -1.5451e-06 0.0141821)
(2.00227e-06 -1.56374e-06 0.0142143)
(2.84974e-06 -1.81968e-06 0.0142306)
(-2.94991e-07 -8.88337e-07 0.0140234)
(6.18349e-07 -3.602e-07 0.0140544)
(1.65235e-06 -2.0379e-07 0.0140806)
(2.68368e-06 -4.16677e-07 0.0140941)
(9.33228e-07 -2.56123e-06 0.0143017)
(1.50959e-06 -2.75202e-06 0.01435)
(1.97578e-06 -2.98878e-06 0.0143786)
(2.35682e-06 -3.21642e-06 0.0143915)
(5.29538e-07 -1.9614e-06 0.0142308)
(1.13668e-06 -1.95494e-06 0.0142789)
(1.6886e-06 -2.08662e-06 0.0143114)
(2.18337e-06 -2.29347e-06 0.0143271)
(1.42647e-07 -1.31485e-06 0.0141369)
(7.69744e-07 -1.12529e-06 0.0141796)
(1.41625e-06 -1.13238e-06 0.0142119)
(2.0371e-06 -1.3113e-06 0.0142283)
(-2.40887e-07 -6.60828e-07 0.0140209)
(4.14568e-07 -2.75077e-07 0.0140519)
(1.16324e-06 -1.54974e-07 0.0140781)
(1.91591e-06 -3.02122e-07 0.0140918)
(6.38608e-07 -1.80277e-06 0.0143001)
(1.04459e-06 -1.93407e-06 0.0143485)
(1.376e-06 -2.09735e-06 0.0143771)
(1.64963e-06 -2.25457e-06 0.0143902)
(3.56456e-07 -1.38414e-06 0.0142291)
(7.8369e-07 -1.37726e-06 0.0142772)
(1.17507e-06 -1.46679e-06 0.0143098)
(1.52858e-06 -1.60953e-06 0.0143256)
(8.58722e-08 -9.32209e-07 0.0141351)
(5.26564e-07 -7.96648e-07 0.0141778)
(9.83831e-07 -7.98514e-07 0.0142101)
(1.42564e-06 -9.21612e-07 0.0142267)
(-1.83003e-07 -4.74709e-07 0.0140191)
(2.7683e-07 -2.00847e-07 0.0140501)
(8.05333e-07 -1.12758e-07 0.0140764)
(1.33959e-06 -2.13228e-07 0.0140902)
(4.30466e-07 -1.21588e-06 0.0142989)
(7.05817e-07 -1.3042e-06 0.0143474)
(9.32437e-07 -1.41337e-06 0.0143761)
(1.12054e-06 -1.51853e-06 0.0143892)
(2.39538e-07 -9.34464e-07 0.0142279)
(5.29566e-07 -9.29473e-07 0.014276)
(7.96775e-07 -9.89218e-07 0.0143086)
(1.03891e-06 -1.08511e-06 0.0143246)
(5.59601e-08 -6.30533e-07 0.0141339)
(3.55275e-07 -5.38529e-07 0.0141766)
(6.6707e-07 -5.39189e-07 0.014209)
(9.68938e-07 -6.22141e-07 0.0142256)
(-1.26523e-07 -3.22758e-07 0.0140178)
(1.85391e-07 -1.36821e-07 0.0140488)
(5.45362e-07 -7.62497e-08 0.0140751)
(9.10041e-07 -1.43915e-07 0.014089)
(2.99263e-07 -7.72257e-07 0.0142982)
(4.78328e-07 -8.29127e-07 0.0143467)
(6.25677e-07 -8.99499e-07 0.0143755)
(7.47777e-07 -9.67476e-07 0.0143886)
(1.74201e-07 -5.91715e-07 0.0142271)
(3.64263e-07 -5.8823e-07 0.0142752)
(5.37934e-07 -6.28087e-07 0.0143079)
(6.94761e-07 -6.91508e-07 0.0143239)
(5.33984e-08 -3.98576e-07 0.0141331)
(2.5067e-07 -3.39053e-07 0.0141758)
(4.53499e-07 -3.41419e-07 0.0142082)
(6.48989e-07 -3.97258e-07 0.0142249)
(-6.8003e-08 -2.00341e-07 0.0140171)
(1.38766e-07 -8.03098e-08 0.014048)
(3.73798e-07 -4.36854e-08 0.0140743)
(6.10723e-07 -9.06762e-08 0.0140883)
(2.21121e-07 -4.57544e-07 0.0142976)
(3.37328e-07 -5.04309e-07 0.0143462)
(4.40158e-07 -5.5357e-07 0.014375)
(5.24677e-07 -5.99618e-07 0.0143882)
(1.36146e-07 -3.4657e-07 0.0142265)
(2.60184e-07 -3.5253e-07 0.0142747)
(3.8124e-07 -3.81759e-07 0.0143074)
(4.89627e-07 -4.2622e-07 0.0143234)
(5.18131e-08 -2.25488e-07 0.0141325)
(1.82113e-07 -1.91682e-07 0.0141752)
(3.23784e-07 -1.95547e-07 0.0142076)
(4.58953e-07 -2.36483e-07 0.0142243)
(-2.63686e-08 -1.05969e-07 0.0140164)
(1.10334e-07 -3.22392e-08 0.0140474)
(2.72481e-07 -1.06466e-08 0.0140737)
(4.34513e-07 -4.67761e-08 0.0140877)
(-0.000741285 -0.00198051 0.00975531)
(-0.00341408 -0.00170706 0.00399664)
(-0.00117855 0.000151328 0.000652005)
(-2.0677e-05 0.000254317 0.00103646)
(-0.00117089 -0.00232113 0.00622827)
(0.00176898 -0.000715483 0.00169833)
(-0.000595818 -0.0026332 0.00568005)
(0.00308267 -0.00063315 0.00190792)
(0.00580649 0.00228805 0.0043619)
(0.00235036 -0.000453424 0.00299251)
(0.000258245 -0.00156262 0.00436515)
(0.00157105 -0.000648973 0.00183481)
(0.00258038 0.0039268 0.0129737)
(0.000388635 0.00398184 0.0122899)
(-0.00259855 0.00160007 0.00881134)
(-7.33309e-05 -0.00011672 0.00100838)
(0.000624988 -0.00103367 0.0202906)
(0.00154787 0.000152914 0.022893)
(0.00139225 0.000778683 0.0228638)
(4.90559e-05 0.000567208 0.0265536)
(0.000114321 -0.000535588 0.0207738)
(0.000264965 -0.000385437 0.0234088)
(0.0006221 -0.000698531 0.0226161)
(0.000614014 -0.0004916 0.0252949)
(-0.000166292 -0.000811733 0.0208392)
(-0.000266453 -0.00123415 0.0221745)
(0.000371083 -0.00125465 0.0224024)
(0.000519775 -0.00096777 0.026059)
(-0.000133036 -0.000870029 0.0164905)
(0.000479143 -0.00140919 0.0175587)
(0.00116657 -0.00171492 0.0195602)
(0.0011254 -0.00152444 0.0228611)
(0.000139299 9.65599e-06 0.0126351)
(0.000217918 0.00027258 0.0133837)
(-6.7859e-05 0.000279219 0.0139754)
(-0.000309611 -5.29497e-05 0.0147506)
(3.40875e-05 -0.000124253 0.0126308)
(-0.000134263 -1.77476e-05 0.0132993)
(-0.000381271 1.4443e-05 0.0139039)
(-0.000412103 -0.000110157 0.0146112)
(-0.00015397 -0.000267239 0.0118033)
(-0.000415597 -0.000220057 0.0124591)
(-0.000619044 -3.59207e-05 0.0131457)
(-0.000557074 3.21652e-05 0.0140715)
(-0.000426917 -0.000515066 0.0124167)
(-0.00051188 -0.000452357 0.0125343)
(-0.000574172 -0.000257749 0.0126566)
(-0.000525791 -7.34564e-05 0.0129946)
(-0.000111257 -3.83861e-05 0.0141687)
(-0.000251696 2.77458e-05 0.014519)
(-0.000257927 -3.42314e-05 0.0150336)
(-0.000137842 -0.000236069 0.0154457)
(-9.77031e-05 2.57051e-05 0.0143591)
(-0.00027243 0.000123886 0.0146155)
(-0.000333853 0.000150204 0.0150934)
(-0.000265701 3.83071e-05 0.0155603)
(-0.000126938 4.31451e-05 0.0141032)
(-0.000328519 0.000184943 0.014371)
(-0.000413131 0.000304275 0.0148317)
(-0.000389536 0.000325174 0.0153459)
(-0.000279782 -0.00019891 0.0142969)
(-0.000393012 -4.79618e-05 0.0144414)
(-0.000455351 0.000132674 0.0146557)
(-0.00047753 0.000288477 0.0149392)
(-7.13285e-05 -0.000167242 0.0144285)
(-0.000135627 -0.000151255 0.0147292)
(-9.53901e-05 -0.000191805 0.0150338)
(3.21176e-05 -0.000294959 0.0152303)
(-7.01407e-05 -8.16351e-05 0.014506)
(-0.000137754 -4.0238e-05 0.0147612)
(-0.000132607 -3.75796e-05 0.0150469)
(-4.56304e-05 -0.000105972 0.0152852)
(-7.65674e-05 -3.96106e-05 0.014336)
(-0.000147862 2.22452e-05 0.014583)
(-0.00016112 7.04974e-05 0.0148621)
(-0.0001108 6.70391e-05 0.015136)
(-0.000134138 -0.000125981 0.0143544)
(-0.000162961 -6.67017e-05 0.014521)
(-0.000170154 1.19129e-05 0.0146935)
(-0.000155544 7.5229e-05 0.0148819)
(-2.78179e-05 -0.000184816 0.0144373)
(-2.96743e-05 -0.000186265 0.0146412)
(2.10072e-05 -0.000214334 0.0148109)
(0.000113448 -0.000268633 0.014904)
(-3.81423e-05 -0.000107313 0.0144749)
(-4.32166e-05 -0.00010292 0.0146586)
(-9.55427e-06 -0.000117552 0.0148245)
(6.60441e-05 -0.000161812 0.0149399)
(-4.02695e-05 -5.72539e-05 0.0144013)
(-5.01598e-05 -4.63586e-05 0.0145766)
(-2.70694e-05 -4.3161e-05 0.0147423)
(2.83578e-05 -6.25019e-05 0.0148782)
(-5.74418e-05 -6.83017e-05 0.0144076)
(-5.36641e-05 -5.83573e-05 0.014541)
(-3.31442e-05 -4.24773e-05 0.0146602)
(-1.93729e-06 -3.48845e-05 0.0147662)
(-7.92451e-06 -0.000160488 0.0143881)
(1.58874e-05 -0.000166682 0.0145449)
(6.26197e-05 -0.000185368 0.0146616)
(0.000126186 -0.000216002 0.014721)
(-2.07269e-05 -0.000100656 0.0144047)
(-8.34419e-07 -0.000108211 0.0145549)
(3.82354e-05 -0.000125098 0.0146734)
(9.48533e-05 -0.00015475 0.0147456)
(-2.21892e-05 -5.65854e-05 0.0143667)
(-7.48391e-06 -6.38127e-05 0.0145108)
(2.37358e-05 -7.51104e-05 0.0146306)
(6.86898e-05 -9.61894e-05 0.0147161)
(-2.26189e-05 -4.10222e-05 0.0143516)
(-6.81352e-06 -4.95832e-05 0.0144741)
(1.80333e-05 -5.62102e-05 0.0145741)
(4.66248e-05 -6.68213e-05 0.0146514)
(-2.85973e-07 -0.000128378 0.0143215)
(2.75187e-05 -0.000135286 0.014462)
(6.46642e-05 -0.000148132 0.0145596)
(0.000107177 -0.000166638 0.0146092)
(-1.24221e-05 -8.49967e-05 0.0143299)
(1.24936e-05 -9.5013e-05 0.0144671)
(4.61582e-05 -0.000109546 0.0145673)
(8.57713e-05 -0.000129743 0.0146251)
(-1.36812e-05 -4.9521e-05 0.0143051)
(6.3349e-06 -6.13265e-05 0.0144369)
(3.4108e-05 -7.51004e-05 0.0145386)
(6.68494e-05 -9.30391e-05 0.0146062)
(-8.88658e-06 -2.7081e-05 0.0142818)
(7.68072e-06 -4.04136e-05 0.014399)
(2.89026e-05 -5.2929e-05 0.0144913)
(5.08922e-05 -6.717e-05 0.0145585)
(1.77281e-06 -9.96858e-05 0.0142607)
(2.59006e-05 -0.000105753 0.0143954)
(5.33333e-05 -0.000114826 0.0144874)
(8.15251e-05 -0.000126735 0.0145367)
(-8.4854e-06 -6.87237e-05 0.0142646)
(1.37337e-05 -7.79517e-05 0.014397)
(3.95951e-05 -8.93783e-05 0.0144912)
(6.66424e-05 -0.000103387 0.0145463)
(-9.88835e-06 -4.12597e-05 0.0142443)
(8.32579e-06 -5.26823e-05 0.0143715)
(3.00016e-05 -6.50064e-05 0.0144671)
(5.29615e-05 -7.90426e-05 0.01453)
(-4.57161e-06 -2.00512e-05 0.0142179)
(9.42906e-06 -3.26784e-05 0.0143332)
(2.57153e-05 -4.4938e-05 0.0144232)
(4.16449e-05 -5.79239e-05 0.0144879)
(1.84787e-06 -7.62522e-05 0.0142126)
(2.0639e-05 -8.11951e-05 0.0143459)
(4.02843e-05 -8.77486e-05 0.0144374)
(5.91097e-05 -9.57885e-05 0.0144893)
(-6.41566e-06 -5.42389e-05 0.0142131)
(1.11966e-05 -6.18198e-05 0.0143442)
(3.01711e-05 -7.05081e-05 0.0144376)
(4.86189e-05 -8.03995e-05 0.014494)
(-7.89339e-06 -3.34875e-05 0.0141938)
(6.70224e-06 -4.30314e-05 0.0143197)
(2.2777e-05 -5.29912e-05 0.0144141)
(3.87409e-05 -6.36121e-05 0.0144771)
(-3.47809e-06 -1.58772e-05 0.0141663)
(7.44476e-06 -2.62942e-05 0.0142811)
(1.94582e-05 -3.65378e-05 0.0143712)
(3.07865e-05 -4.70736e-05 0.0144361)
(1.38976e-06 -5.7824e-05 0.0141766)
(1.53291e-05 -6.17098e-05 0.01431)
(2.92369e-05 -6.6505e-05 0.0144028)
(4.19811e-05 -7.21041e-05 0.0144578)
(-5.10059e-06 -4.2157e-05 0.0141743)
(8.14627e-06 -4.80819e-05 0.0143055)
(2.18128e-05 -5.45939e-05 0.0143997)
(3.45104e-05 -6.1669e-05 0.0144585)
(-6.54607e-06 -2.67175e-05 0.0141545)
(4.53222e-06 -3.4212e-05 0.0142804)
(1.62179e-05 -4.19122e-05 0.0143754)
(2.73756e-05 -4.9828e-05 0.0144398)
(-3.25832e-06 -1.29094e-05 0.0141266)
(4.97836e-06 -2.10193e-05 0.0142416)
(1.37285e-05 -2.90519e-05 0.0143323)
(2.1789e-05 -3.71921e-05 0.0143984)
(9.05724e-07 -4.35883e-05 0.0141504)
(1.1003e-05 -4.65811e-05 0.0142845)
(2.08175e-05 -5.01107e-05 0.0143787)
(2.95721e-05 -5.4083e-05 0.0144364)
(-4.11662e-06 -3.24164e-05 0.0141456)
(5.59369e-06 -3.69297e-05 0.0142774)
(1.53715e-05 -4.17726e-05 0.0143729)
(2.42143e-05 -4.68728e-05 0.0144339)
(-5.44439e-06 -2.10368e-05 0.014125)
(2.74985e-06 -2.67422e-05 0.0142512)
(1.11853e-05 -3.25623e-05 0.0143472)
(1.9056e-05 -3.84146e-05 0.0144133)
(-3.12105e-06 -1.05147e-05 0.0140968)
(2.99231e-06 -1.66524e-05 0.014212)
(9.34814e-06 -2.27631e-05 0.0143035)
(1.51193e-05 -2.89049e-05 0.0143708)
(5.33505e-07 -3.27044e-05 0.0141315)
(7.76238e-06 -3.49789e-05 0.0142663)
(1.46925e-05 -3.7582e-05 0.0143619)
(2.07846e-05 -4.04307e-05 0.0144216)
(-3.31489e-06 -2.47253e-05 0.0141248)
(3.71203e-06 -2.81127e-05 0.0142571)
(1.06979e-05 -3.16956e-05 0.0143537)
(1.69231e-05 -3.53877e-05 0.0144166)
(-4.47654e-06 -1.63857e-05 0.0141032)
(1.50878e-06 -2.06558e-05 0.0142298)
(7.58845e-06 -2.49985e-05 0.0143267)
(1.319e-05 -2.93041e-05 0.0143943)
(-2.87773e-06 -8.48703e-06 0.0140747)
(1.62543e-06 -1.30641e-05 0.0141901)
(6.24497e-06 -1.76391e-05 0.0142823)
(1.0404e-05 -2.22147e-05 0.0143506)
(2.83028e-07 -2.44417e-05 0.0141181)
(5.43094e-06 -2.61543e-05 0.0142534)
(1.03353e-05 -2.8074e-05 0.01435)
(1.46193e-05 -3.01296e-05 0.0144113)
(-2.64426e-06 -1.87359e-05 0.0141097)
(2.40981e-06 -2.12549e-05 0.0142425)
(7.4056e-06 -2.38956e-05 0.01434)
(1.18268e-05 -2.65741e-05 0.0144043)
(-3.6234e-06 -1.26447e-05 0.0140872)
(7.22582e-07 -1.58095e-05 0.0142142)
(5.10719e-06 -1.90248e-05 0.0143118)
(9.12249e-06 -2.21821e-05 0.0143805)
(-2.53738e-06 -6.76448e-06 0.0140584)
(7.67349e-07 -1.01502e-05 0.014174)
(4.12972e-06 -1.3545e-05 0.0142667)
(7.14232e-06 -1.69293e-05 0.0143358)
(1.28321e-07 -1.82014e-05 0.0141086)
(3.78765e-06 -1.94819e-05 0.0142443)
(7.26811e-06 -2.0896e-05 0.0143417)
(1.03049e-05 -2.23845e-05 0.0144041)
(-2.08469e-06 -1.41172e-05 0.0140989)
(1.5413e-06 -1.5979e-05 0.014232)
(5.12018e-06 -1.79195e-05 0.0143302)
(8.281e-06 -1.98644e-05 0.0143955)
(-2.88648e-06 -9.67725e-06 0.0140755)
(2.60906e-07 -1.2009e-05 0.0142027)
(3.42715e-06 -1.43775e-05 0.0143009)
(6.32043e-06 -1.66874e-05 0.0143705)
(-2.15269e-06 -5.32161e-06 0.0140464)
(2.67688e-07 -7.81444e-06 0.0141621)
(2.71801e-06 -1.032e-05 0.0142553)
(4.90779e-06 -1.2812e-05 0.0143249)
(3.97204e-08 -1.35057e-05 0.0141018)
(2.64058e-06 -1.44577e-05 0.0142378)
(5.11695e-06 -1.54975e-05 0.0143357)
(7.28202e-06 -1.65771e-05 0.0143989)
(-1.62371e-06 -1.05802e-05 0.014091)
(9.75562e-07 -1.19501e-05 0.0142244)
(3.54364e-06 -1.33723e-05 0.0143231)
(5.81355e-06 -1.47846e-05 0.0143891)
(-2.26531e-06 -7.34895e-06 0.014067)
(1.12761e-08 -9.0599e-06 0.0141944)
(2.30011e-06 -1.07983e-05 0.014293)
(4.39177e-06 -1.24849e-05 0.0143632)
(-1.76996e-06 -4.13452e-06 0.0140376)
(2.21578e-11 -5.96405e-06 0.0141534)
(1.78655e-06 -7.8063e-06 0.0142468)
(3.3811e-06 -9.63535e-06 0.0143169)
(-6.63443e-09 -9.98001e-06 0.014097)
(1.84229e-06 -1.06839e-05 0.0142332)
(3.60721e-06 -1.14462e-05 0.0143315)
(5.15598e-06 -1.22291e-05 0.0143953)
(-1.24944e-06 -7.88443e-06 0.0140854)
(6.12812e-07 -8.88832e-06 0.0142189)
(2.45699e-06 -9.92747e-06 0.014318)
(4.09083e-06 -1.09519e-05 0.0143845)
(-1.753e-06 -5.53733e-06 0.0140609)
(-1.08225e-07 -6.78825e-06 0.0141884)
(1.54643e-06 -8.05965e-06 0.0142873)
(3.06047e-06 -9.28821e-06 0.0143579)
(-1.41816e-06 -3.1738e-06 0.0140311)
(-1.26396e-07 -4.51241e-06 0.014147)
(1.17516e-06 -5.86219e-06 0.0142407)
(2.33623e-06 -7.20032e-06 0.0143111)
(-2.75131e-08 -7.33344e-06 0.0140935)
(1.28572e-06 -7.85054e-06 0.0142299)
(2.54334e-06 -8.40689e-06 0.0143285)
(3.65181e-06 -8.97328e-06 0.0143926)
(-9.49299e-07 -5.83479e-06 0.0140813)
(3.82679e-07 -6.56671e-06 0.014215)
(1.70555e-06 -7.32269e-06 0.0143143)
(2.88105e-06 -8.06365e-06 0.0143812)
(-1.33758e-06 -4.13554e-06 0.0140564)
(-1.5222e-07 -5.04596e-06 0.014184)
(1.04174e-06 -5.97155e-06 0.0142831)
(2.1362e-06 -6.86305e-06 0.014354)
(-1.11084e-06 -2.40619e-06 0.0140264)
(-1.71461e-07 -3.38145e-06 0.0141424)
(7.74081e-07 -4.36586e-06 0.0142362)
(1.61747e-06 -5.3405e-06 0.0143068)
(-3.38121e-08 -5.34219e-06 0.0140911)
(8.95451e-07 -5.71859e-06 0.0142275)
(1.78831e-06 -6.12146e-06 0.0143264)
(2.57882e-06 -6.52871e-06 0.0143908)
(-7.10558e-07 -4.27553e-06 0.0140784)
(2.3776e-07 -4.805e-06 0.0142122)
(1.18238e-06 -5.35093e-06 0.0143117)
(2.02441e-06 -5.88346e-06 0.0143789)
(-1.00447e-06 -3.05317e-06 0.0140532)
(-1.5492e-07 -3.71092e-06 0.0141808)
(7.02041e-07 -4.37975e-06 0.0142801)
(1.48913e-06 -5.0222e-06 0.0143512)
(-8.50902e-07 -1.79785e-06 0.014023)
(-1.72384e-07 -2.50328e-06 0.014139)
(5.10171e-07 -3.21584e-06 0.0142329)
(1.11907e-06 -3.9205e-06 0.0143037)
(-3.21987e-08 -3.83558e-06 0.0140894)
(6.19309e-07 -4.10551e-06 0.0142259)
(1.2471e-06 -4.3932e-06 0.0143248)
(1.80521e-06 -4.6824e-06 0.0143894)
(-5.21182e-07 -3.08435e-06 0.0140764)
(1.47149e-07 -3.46228e-06 0.0142102)
(8.14591e-07 -3.85133e-06 0.0143098)
(1.41132e-06 -4.22936e-06 0.0143772)
(-7.38624e-07 -2.21575e-06 0.0140509)
(-1.36531e-07 -2.68484e-06 0.0141786)
(4.71624e-07 -3.16182e-06 0.0142779)
(1.03128e-06 -3.6189e-06 0.0143492)
(-6.3501e-07 -1.31696e-06 0.0140205)
(-1.5102e-07 -1.82068e-06 0.0141365)
(3.35645e-07 -2.32973e-06 0.0142305)
(7.69943e-07 -2.83255e-06 0.0143014)
(-2.65206e-08 -2.68701e-06 0.0140882)
(4.22083e-07 -2.87567e-06 0.0142248)
(8.55115e-07 -3.0761e-06 0.0143238)
(1.24148e-06 -3.27677e-06 0.0143885)
(-3.70732e-07 -2.16857e-06 0.0140749)
(9.14317e-08 -2.43204e-06 0.0142088)
(5.53655e-07 -2.70285e-06 0.0143085)
(9.68093e-07 -2.96517e-06 0.014376)
(-5.26401e-07 -1.56485e-06 0.0140492)
(-1.08124e-07 -1.89188e-06 0.014177)
(3.14576e-07 -2.22426e-06 0.0142764)
(7.04394e-07 -2.54207e-06 0.0143478)
(-4.57063e-07 -9.3634e-07 0.0140188)
(-1.19107e-07 -1.28804e-06 0.0141348)
(2.20377e-07 -1.64345e-06 0.0142289)
(5.23582e-07 -1.99409e-06 0.0142999)
(-1.88743e-08 -1.81021e-06 0.0140874)
(2.81522e-07 -1.93618e-06 0.014224)
(5.71349e-07 -2.07001e-06 0.0143231)
(8.30939e-07 -2.2039e-06 0.0143879)
(-2.51344e-07 -1.46355e-06 0.014074)
(5.91562e-08 -1.64007e-06 0.0142078)
(3.69428e-07 -1.82138e-06 0.0143076)
(6.48705e-07 -1.99672e-06 0.0143752)
(-3.57085e-07 -1.0579e-06 0.0140481)
(-7.52631e-08 -1.27758e-06 0.0141759)
(2.09348e-07 -1.50075e-06 0.0142754)
(4.72803e-07 -1.71374e-06 0.0143469)
(-3.11136e-07 -6.34535e-07 0.0140176)
(-8.29254e-08 -8.71169e-07 0.0141336)
(1.46206e-07 -1.11054e-06 0.0142277)
(3.51406e-07 -1.34639e-06 0.0142988)
(-9.90998e-09 -1.16095e-06 0.0140869)
(1.8702e-07 -1.2377e-06 0.0142235)
(3.75235e-07 -1.32063e-06 0.0143226)
(5.4537e-07 -1.40463e-06 0.0143875)
(-1.58605e-07 -9.38106e-07 0.0140733)
(4.59518e-08 -1.04858e-06 0.0142072)
(2.47466e-07 -1.16255e-06 0.014307)
(4.31206e-07 -1.27341e-06 0.0143747)
(-2.25214e-07 -6.77261e-07 0.0140474)
(-3.87299e-08 -8.17074e-07 0.0141752)
(1.46471e-07 -9.58592e-07 0.0142747)
(3.20826e-07 -1.0939e-06 0.0143462)
(-1.92585e-07 -4.03483e-07 0.0140168)
(-4.13733e-08 -5.55957e-07 0.0141329)
(1.07672e-07 -7.09049e-07 0.014227)
(2.43548e-07 -8.60264e-07 0.0142981)
(-5.84253e-09 -7.29726e-07 0.0140865)
(1.27453e-07 -7.71519e-07 0.0142231)
(2.61219e-07 -8.18784e-07 0.0143223)
(3.79447e-07 -8.68672e-07 0.0143872)
(-9.71694e-08 -5.75478e-07 0.0140728)
(4.08491e-08 -6.40157e-07 0.0142067)
(1.83117e-07 -7.09968e-07 0.0143066)
(3.10322e-07 -7.79395e-07 0.0143742)
(-1.31318e-07 -3.99304e-07 0.0140468)
(-7.35772e-09 -4.8345e-07 0.0141746)
(1.21823e-07 -5.73111e-07 0.0142742)
(2.41209e-07 -6.59592e-07 0.0143457)
(-1.05129e-07 -2.27161e-07 0.0140162)
(-8.31862e-09 -3.19925e-07 0.0141323)
(9.21897e-08 -4.18387e-07 0.0142264)
(1.83042e-07 -5.14916e-07 0.0142975)
)
;

boundaryField
{
    inlet
    {
        type            calculated;
        value           uniform (0 0 0.01451);
    }
    outlet
    {
        type            calculated;
        value           nonuniform List<vector> 
48
(
(4.79756e-07 -9.16863e-07 0.0144269)
(4.25522e-07 -8.40602e-07 0.0144176)
(3.64231e-07 -7.294e-07 0.0143958)
(2.99471e-07 -5.9248e-07 0.0143556)
(5.53794e-07 -9.6008e-07 0.0144486)
(5.08859e-07 -8.91875e-07 0.0144421)
(4.5725e-07 -7.86673e-07 0.0144261)
(4.01406e-07 -6.52759e-07 0.014396)
(6.05122e-07 -9.93097e-07 0.0144594)
(5.73563e-07 -9.33408e-07 0.0144546)
(5.34974e-07 -8.35885e-07 0.0144424)
(4.91369e-07 -7.07243e-07 0.0144182)
(6.30546e-07 -1.01321e-06 0.0144635)
(6.1321e-07 -9.624e-07 0.0144597)
(5.88396e-07 -8.73211e-07 0.0144492)
(5.58334e-07 -7.50759e-07 0.0144277)
(2.21121e-07 -4.57544e-07 0.0142976)
(1.36146e-07 -3.4657e-07 0.0142265)
(5.18131e-08 -2.25488e-07 0.0141325)
(-2.63686e-08 -1.05969e-07 0.0140164)
(3.37328e-07 -5.04309e-07 0.0143462)
(2.60184e-07 -3.5253e-07 0.0142747)
(1.82113e-07 -1.91682e-07 0.0141752)
(1.10334e-07 -3.22392e-08 0.0140474)
(4.40158e-07 -5.5357e-07 0.014375)
(3.8124e-07 -3.81759e-07 0.0143074)
(3.23784e-07 -1.95547e-07 0.0142076)
(2.72481e-07 -1.06466e-08 0.0140737)
(5.24677e-07 -5.99618e-07 0.0143882)
(4.89627e-07 -4.2622e-07 0.0143234)
(4.58953e-07 -2.36483e-07 0.0142243)
(4.34513e-07 -4.67761e-08 0.0140877)
(-5.84253e-09 -7.29726e-07 0.0140865)
(-9.71694e-08 -5.75478e-07 0.0140728)
(-1.31318e-07 -3.99304e-07 0.0140468)
(-1.05129e-07 -2.27161e-07 0.0140162)
(1.27453e-07 -7.71519e-07 0.0142231)
(4.08491e-08 -6.40157e-07 0.0142067)
(-7.35772e-09 -4.8345e-07 0.0141746)
(-8.31862e-09 -3.19925e-07 0.0141323)
(2.61219e-07 -8.18784e-07 0.0143223)
(1.83117e-07 -7.09968e-07 0.0143066)
(1.21823e-07 -5.73111e-07 0.0142742)
(9.21897e-08 -4.18387e-07 0.0142264)
(3.79447e-07 -8.68672e-07 0.0143872)
(3.10322e-07 -7.79395e-07 0.0143742)
(2.41209e-07 -6.59592e-07 0.0143457)
(1.83042e-07 -5.14916e-07 0.0142975)
)
;
    }
    wall
    {
        type            calculated;
        value           nonuniform List<vector> 
192
(
(0.00213822 0.00175479 0.00599781)
(-0.000235134 -0.00019297 0.01528)
(-0.000777381 -0.00063798 0.0120895)
(-0.00041796 -0.000343011 0.0144859)
(-0.000127769 -0.000104857 0.0145331)
(-2.46404e-05 -2.02219e-05 0.0145123)
(5.04619e-06 4.1413e-06 0.0144008)
(9.54266e-06 7.83146e-06 0.0143026)
(7.24734e-06 5.94774e-06 0.0142259)
(4.07016e-06 3.3403e-06 0.0141694)
(1.61624e-06 1.32641e-06 0.014128)
(7.68293e-08 6.30521e-08 0.0140977)
(-7.44529e-07 -6.11019e-07 0.0140755)
(-1.09195e-06 -8.96137e-07 0.0140592)
(-1.15984e-06 -9.51853e-07 0.0140471)
(-1.08039e-06 -8.86649e-07 0.0140383)
(-9.35307e-07 -7.67587e-07 0.0140317)
(-7.71147e-07 -6.32864e-07 0.0140269)
(-6.11904e-07 -5.02177e-07 0.0140234)
(-4.68006e-07 -3.84083e-07 0.0140209)
(-3.42146e-07 -2.80792e-07 0.0140191)
(-2.33881e-07 -1.91942e-07 0.0140178)
(-1.38881e-07 -1.13976e-07 0.0140171)
(-6.77231e-08 -5.55789e-08 0.0140164)
(0.030271 0.0161802 -0.0117933)
(0.000404316 0.000216111 0.0225782)
(-0.00128128 -0.000684856 0.0128463)
(-0.000664414 -0.000355137 0.0146671)
(-0.000123825 -6.61856e-05 0.0146465)
(3.79608e-05 2.02905e-05 0.0145492)
(6.29071e-05 3.36246e-05 0.0144239)
(5.06764e-05 2.70871e-05 0.0143231)
(3.4815e-05 1.8609e-05 0.0142483)
(2.25465e-05 1.20513e-05 0.0141943)
(1.42542e-05 7.61905e-06 0.0141552)
(8.9192e-06 4.76741e-06 0.0141265)
(5.55819e-06 2.97091e-06 0.0141053)
(3.46023e-06 1.84953e-06 0.0140895)
(2.15571e-06 1.15225e-06 0.0140778)
(1.34534e-06 7.19097e-07 0.0140691)
(8.41489e-07 4.49785e-07 0.0140627)
(5.27515e-07 2.81963e-07 0.0140579)
(3.31195e-07 1.77027e-07 0.0140544)
(2.08086e-07 1.11224e-07 0.0140519)
(1.31815e-07 7.04564e-08 0.0140501)
(8.7313e-08 4.66698e-08 0.0140488)
(7.45424e-08 3.98438e-08 0.014048)
(7.24134e-08 3.87058e-08 0.0140474)
(0.005147 0.00156133 0.00847299)
(-0.0021416 -0.000649648 0.0203549)
(-0.00143309 -0.000434723 0.0144998)
(-0.000632172 -0.000191767 0.0149606)
(-6.67036e-05 -2.02343e-05 0.0147309)
(0.000105549 3.20178e-05 0.0145566)
(0.000118234 3.58657e-05 0.0144227)
(8.95519e-05 2.71653e-05 0.0143263)
(6.09967e-05 1.85031e-05 0.0142582)
(4.04006e-05 1.22554e-05 0.0142097)
(2.67938e-05 8.12781e-06 0.0141743)
(1.79734e-05 5.45217e-06 0.0141482)
(1.22218e-05 3.70744e-06 0.0141287)
(8.41746e-06 2.55341e-06 0.014114)
(5.86051e-06 1.77777e-06 0.014103)
(4.11526e-06 1.24835e-06 0.0140947)
(2.90698e-06 8.81824e-07 0.0140885)
(2.05923e-06 6.24661e-07 0.014084)
(1.4565e-06 4.41825e-07 0.0140806)
(1.02217e-06 3.10071e-07 0.0140781)
(7.06149e-07 2.14208e-07 0.0140764)
(4.78226e-07 1.45068e-07 0.0140751)
(3.30165e-07 1.00154e-07 0.0140743)
(2.46562e-07 7.47939e-08 0.0140737)
(-0.00603674 -0.000594567 0.00579037)
(-0.00129392 -0.00012744 0.0183946)
(-0.000951294 -9.36943e-05 0.0140541)
(-0.000365906 -3.60386e-05 0.0146196)
(5.75321e-05 5.66642e-06 0.0145259)
(0.000175873 1.7322e-05 0.0144264)
(0.000161209 1.58777e-05 0.0143494)
(0.000116959 1.15194e-05 0.0142889)
(7.94699e-05 7.8271e-06 0.0142419)
(5.3656e-05 5.28465e-06 0.0142055)
(3.67576e-05 3.62031e-06 0.0141771)
(2.56556e-05 2.52686e-06 0.014155)
(1.81947e-05 1.79202e-06 0.014138)
(1.30554e-05 1.28585e-06 0.0141249)
(9.44074e-06 9.29832e-07 0.0141148)
(6.8574e-06 6.75395e-07 0.0141073)
(4.9887e-06 4.91344e-07 0.0141015)
(3.62364e-06 3.56898e-07 0.0140973)
(2.61726e-06 2.57777e-07 0.0140941)
(1.86804e-06 1.83986e-07 0.0140918)
(1.30593e-06 1.28622e-07 0.0140902)
(8.8726e-07 8.73875e-08 0.014089)
(5.9601e-07 5.87019e-08 0.0140883)
(4.25775e-07 4.19352e-08 0.0140877)
(-0.00020031 -0.00203379 0.00975531)
(-0.000743441 -0.0024508 0.00622827)
(0.00224151 0.00419357 0.0043619)
(0.00296416 0.00361184 0.0129737)
(-9.48247e-05 -0.000962771 0.0202906)
(-0.000139145 -0.0004587 0.0207738)
(-0.000374418 -0.000700488 0.0208392)
(-0.000480197 -0.000585122 0.0164905)
(2.28019e-06 2.31512e-05 0.0126351)
(-3.16434e-05 -0.000104314 0.0126308)
(-0.000145315 -0.000271866 0.0118033)
(-0.000424399 -0.000517132 0.0124167)
(-4.81327e-06 -4.887e-05 0.0141687)
(-1.09248e-06 -3.60141e-06 0.0143591)
(-1.02705e-05 -1.92148e-05 0.0141032)
(-0.000210144 -0.000256061 0.0142969)
(-1.6999e-05 -0.000172593 0.0144285)
(-2.85874e-05 -9.42402e-05 0.014506)
(-3.34819e-05 -6.26403e-05 0.014336)
(-0.000115765 -0.00014106 0.0143544)
(-1.82952e-05 -0.000185754 0.0144373)
(-3.3024e-05 -0.000108866 0.0144749)
(-3.27509e-05 -6.12727e-05 0.0144013)
(-5.66124e-05 -6.89824e-05 0.0144076)
(-1.5731e-05 -0.000159719 0.0143881)
(-2.97073e-05 -9.79318e-05 0.0144047)
(-2.84553e-05 -5.32361e-05 0.0143667)
(-2.92201e-05 -3.56048e-05 0.0143516)
(-1.25254e-05 -0.000127172 0.0143215)
(-2.46576e-05 -8.12851e-05 0.0143299)
(-2.36278e-05 -4.42045e-05 0.0143051)
(-1.68568e-05 -2.05401e-05 0.0142818)
(-9.70684e-06 -9.85552e-05 0.0142607)
(-1.98055e-05 -6.52898e-05 0.0142646)
(-1.93504e-05 -3.62021e-05 0.0142443)
(-1.16728e-05 -1.42234e-05 0.0142179)
(-7.42028e-06 -7.53393e-05 0.0142126)
(-1.56074e-05 -5.14506e-05 0.0142131)
(-1.5676e-05 -2.93277e-05 0.0141938)
(-9.18583e-06 -1.1193e-05 0.0141663)
(-5.6271e-06 -5.71329e-05 0.0141766)
(-1.21404e-05 -4.00215e-05 0.0141743)
(-1.2562e-05 -2.35019e-05 0.0141545)
(-7.64202e-06 -9.31183e-06 0.0141266)
(-4.24313e-06 -4.30812e-05 0.0141504)
(-9.35167e-06 -3.08283e-05 0.0141456)
(-9.95556e-06 -1.86255e-05 0.014125)
(-6.41241e-06 -7.81355e-06 0.0140968)
(-3.18503e-06 -3.23382e-05 0.0141315)
(-7.14764e-06 -2.35626e-05 0.0141248)
(-7.80685e-06 -1.46056e-05 0.0141032)
(-5.32014e-06 -6.4826e-06 0.0140747)
(-2.38145e-06 -2.41793e-05 0.0141181)
(-5.42739e-06 -1.78917e-05 0.0141097)
(-6.06202e-06 -1.13412e-05 0.0140872)
(-4.33843e-06 -5.28639e-06 0.0140584)
(-1.77423e-06 -1.8014e-05 0.0141086)
(-4.0972e-06 -1.35067e-05 0.0140989)
(-4.66459e-06 -8.72683e-06 0.0140755)
(-3.47604e-06 -4.23557e-06 0.0140464)
(-1.31704e-06 -1.33721e-05 0.0141018)
(-3.07583e-06 -1.01397e-05 0.014091)
(-3.5586e-06 -6.65767e-06 0.014067)
(-2.73987e-06 -3.33854e-06 0.0140376)
(-9.73565e-07 -9.88477e-06 0.014097)
(-2.29546e-06 -7.56712e-06 0.0140854)
(-2.6916e-06 -5.03563e-06 0.0140609)
(-2.12715e-06 -2.59194e-06 0.0140311)
(-7.15606e-07 -7.26567e-06 0.0140935)
(-1.70081e-06 -5.60682e-06 0.0140813)
(-2.01652e-06 -3.77264e-06 0.0140564)
(-1.62704e-06 -1.98256e-06 0.0140264)
(-5.2143e-07 -5.29417e-06 0.0140911)
(-1.24755e-06 -4.11263e-06 0.0140784)
(-1.49252e-06 -2.79231e-06 0.0140532)
(-1.2241e-06 -1.49157e-06 0.014023)
(-3.74451e-07 -3.80187e-06 0.0140894)
(-9.00705e-07 -2.96923e-06 0.0140764)
(-1.0853e-06 -2.03045e-06 0.0140509)
(-9.01391e-07 -1.09835e-06 0.0140205)
(-2.6236e-07 -2.66378e-06 0.0140882)
(-6.33637e-07 -2.08882e-06 0.0140749)
(-7.67535e-07 -1.43596e-06 0.0140492)
(-6.43121e-07 -7.83645e-07 0.0140188)
(-1.76758e-07 -1.79466e-06 0.0140874)
(-4.27731e-07 -1.41004e-06 0.014074)
(-5.19156e-07 -9.71273e-07 0.0140481)
(-4.3639e-07 -5.31742e-07 0.0140176)
(-1.13341e-07 -1.15077e-06 0.0140869)
(-2.73957e-07 -9.03115e-07 0.0140733)
(-3.31607e-07 -6.20393e-07 0.0140474)
(-2.75372e-07 -3.35541e-07 0.0140168)
(-7.12374e-08 -7.23286e-07 0.0140865)
(-1.68047e-07 -5.53978e-07 0.0140728)
(-1.95186e-07 -3.65166e-07 0.0140468)
(-1.53708e-07 -1.87294e-07 0.0140162)
)
;
    }
    procBoundary2to0
    {
        type            processor;
        value           nonuniform List<vector> 
192
(
(5.8094e-05 1.62968e-05 0.00115583)
(7.29244e-05 0.000686137 0.00239115)
(2.81307e-05 0.000181999 0.00259317)
(0.000756189 0.000276708 0.000582097)
(-0.000458759 0.00116913 0.0251663)
(-0.000391942 0.00180468 0.0253187)
(-0.00011827 0.00230611 0.0251573)
(-0.00132776 0.00181263 0.0251666)
(-8.93467e-05 -0.000206087 0.0143083)
(3.39581e-05 -9.37461e-05 0.0142962)
(0.000200002 9.39344e-05 0.0141437)
(8.15301e-05 9.33232e-05 0.013876)
(0.000148257 -0.000575764 0.0151519)
(0.000233511 -0.000592135 0.01502)
(0.000328206 -0.000520317 0.014817)
(0.000411842 -0.000431643 0.0145096)
(0.00025084 -0.000516035 0.0150174)
(0.00032605 -0.00055628 0.0148913)
(0.000381133 -0.000537233 0.0147132)
(0.000417669 -0.000486902 0.0144742)
(0.00026188 -0.000393909 0.0147738)
(0.000320933 -0.000427257 0.0146821)
(0.000350754 -0.000430092 0.0145516)
(0.000350062 -0.000413224 0.0143931)
(0.0002209 -0.000288722 0.0146433)
(0.000259801 -0.000311501 0.0145841)
(0.000273736 -0.000319985 0.014497)
(0.000260935 -0.000317663 0.0143961)
(0.000166617 -0.000210702 0.0145652)
(0.000190456 -0.000225706 0.0145312)
(0.000196412 -0.000234143 0.0144772)
(0.00018352 -0.000236845 0.014415)
(0.000119227 -0.000154562 0.0145161)
(0.000133612 -0.000164558 0.0145)
(0.000136095 -0.00017137 0.0144685)
(0.000126397 -0.000175008 0.0144307)
(8.35824e-05 -0.000113953 0.0144854)
(9.24399e-05 -0.000120732 0.0144816)
(9.35885e-05 -0.000125811 0.0144647)
(8.70968e-05 -0.000128992 0.0144418)
(5.82952e-05 -8.42392e-05 0.0144659)
(6.39718e-05 -8.8905e-05 0.0144704)
(6.4673e-05 -9.25577e-05 0.0144628)
(6.05862e-05 -9.49833e-05 0.0144493)
(4.07163e-05 -6.23233e-05 0.0144532)
(4.45213e-05 -6.55694e-05 0.0144632)
(4.50908e-05 -6.81525e-05 0.0144617)
(4.26202e-05 -6.98926e-05 0.0144541)
(2.85484e-05 -4.60927e-05 0.0144447)
(3.11996e-05 -4.83702e-05 0.0144585)
(3.17221e-05 -5.01838e-05 0.014461)
(3.02787e-05 -5.13954e-05 0.0144572)
(2.01077e-05 -3.40549e-05 0.014439)
(2.20076e-05 -3.56635e-05 0.0144553)
(2.24893e-05 -3.69344e-05 0.0144605)
(2.16755e-05 -3.77659e-05 0.0144592)
(1.42245e-05 -2.51246e-05 0.0144351)
(1.56103e-05 -2.62669e-05 0.0144531)
(1.60399e-05 -2.71583e-05 0.0144601)
(1.56008e-05 -2.77255e-05 0.0144605)
(1.00995e-05 -1.84999e-05 0.0144324)
(1.11199e-05 -1.93141e-05 0.0144516)
(1.14887e-05 -1.99408e-05 0.0144597)
(1.1266e-05 -2.03272e-05 0.0144613)
(7.18788e-06 -1.35832e-05 0.0144304)
(7.94162e-06 -1.41648e-05 0.0144505)
(8.24743e-06 -1.46063e-05 0.0144594)
(8.14569e-06 -1.48698e-05 0.0144619)
(5.11704e-06 -9.92796e-06 0.0144291)
(5.67262e-06 -1.03434e-05 0.0144497)
(5.9186e-06 -1.06545e-05 0.0144592)
(5.88157e-06 -1.08344e-05 0.0144622)
(3.63065e-06 -7.2001e-06 0.0144281)
(4.03718e-06 -7.49565e-06 0.0144491)
(4.22938e-06 -7.71422e-06 0.0144591)
(4.22465e-06 -7.83694e-06 0.0144625)
(2.55187e-06 -5.15036e-06 0.0144275)
(2.84515e-06 -5.35842e-06 0.0144487)
(2.99079e-06 -5.51065e-06 0.014459)
(3.00009e-06 -5.59383e-06 0.0144626)
(1.76026e-06 -3.59663e-06 0.014427)
(1.96687e-06 -3.73995e-06 0.0144484)
(2.07334e-06 -3.84389e-06 0.0144589)
(2.08687e-06 -3.89932e-06 0.0144627)
(1.17934e-06 -2.41515e-06 0.0144267)
(1.32015e-06 -2.51004e-06 0.0144482)
(1.39497e-06 -2.5783e-06 0.0144588)
(1.40811e-06 -2.61382e-06 0.0144628)
(7.7089e-07 -1.53727e-06 0.0144265)
(8.64456e-07 -1.59596e-06 0.0144481)
(9.15991e-07 -1.63767e-06 0.0144588)
(9.27589e-07 -1.6585e-06 0.0144628)
(5.2679e-07 -9.5423e-07 0.0144263)
(5.90989e-07 -9.88206e-07 0.014448)
(6.28448e-07 -1.01197e-06 0.0144587)
(6.3911e-07 -1.02269e-06 0.0144629)
(-0.000205106 -0.000237225 0.000439178)
(0.0068207 -0.000765888 0.00509966)
(0.00284298 -0.00163579 0.00693928)
(7.64932e-05 -0.000427709 0.00190244)
(-0.000487179 -0.000307202 0.0223179)
(0.00090368 0.000269089 0.0245268)
(0.00195119 0.000592394 0.0238992)
(0.000946576 0.000696199 0.0254943)
(-5.70172e-05 0.000705646 0.0118908)
(0.000211142 0.000626849 0.0133923)
(0.000315336 0.000271996 0.0141563)
(0.000109437 -0.000114041 0.0143598)
(-9.88426e-05 0.000242306 0.014045)
(-0.000114563 0.00011707 0.0144626)
(-1.45939e-05 -0.000153956 0.0148963)
(7.25567e-05 -0.000438715 0.0151321)
(-2.36881e-05 -6.68321e-05 0.0143753)
(-2.87909e-05 -0.000134897 0.01466)
(4.48345e-05 -0.000267628 0.0149043)
(0.00015002 -0.00041679 0.0150346)
(1.79225e-05 -0.000174521 0.0143863)
(4.01288e-05 -0.000204345 0.0145805)
(0.00010067 -0.00026438 0.0147263)
(0.000182205 -0.000335641 0.0147938)
(2.86881e-05 -0.00018155 0.014344)
(6.08146e-05 -0.000195034 0.0144963)
(0.00010963 -0.000222246 0.0146033)
(0.000167087 -0.000256685 0.0146528)
(2.75159e-05 -0.000154274 0.0142852)
(5.74435e-05 -0.000161278 0.0144238)
(9.37674e-05 -0.000174888 0.0145176)
(0.000132416 -0.000192645 0.0145635)
(2.25524e-05 -0.000121702 0.0142319)
(4.65313e-05 -0.00012595 0.0143657)
(7.23371e-05 -0.000133633 0.0144563)
(9.78777e-05 -0.000143704 0.0145042)
(1.73193e-05 -9.30117e-05 0.01419)
(3.52735e-05 -9.59357e-05 0.0143228)
(5.32455e-05 -0.000100773 0.0144139)
(7.01476e-05 -0.000107013 0.0144655)
(1.28895e-05 -7.00106e-05 0.0141591)
(2.58937e-05 -7.21806e-05 0.0142923)
(3.8336e-05 -7.54712e-05 0.0143849)
(4.96461e-05 -7.95998e-05 0.01444)
(9.44026e-06 -5.22649e-05 0.014137)
(1.87017e-05 -5.39295e-05 0.0142709)
(2.73185e-05 -5.62755e-05 0.0143651)
(3.49932e-05 -5.91275e-05 0.0144231)
(6.85672e-06 -3.88205e-05 0.0141214)
(1.33988e-05 -4.01099e-05 0.014256)
(1.93847e-05 -4.18251e-05 0.0143516)
(2.46631e-05 -4.38483e-05 0.0144116)
(4.95972e-06 -2.87342e-05 0.0141105)
(9.5658e-06 -2.97318e-05 0.0142456)
(1.37416e-05 -3.10011e-05 0.0143423)
(1.74139e-05 -3.24588e-05 0.0144038)
(3.58083e-06 -2.12103e-05 0.0141028)
(6.8224e-06 -2.19775e-05 0.0142384)
(9.74848e-06 -2.29211e-05 0.0143359)
(1.23271e-05 -2.39805e-05 0.0143985)
(2.58296e-06 -1.56156e-05 0.0140975)
(4.86641e-06 -1.62012e-05 0.0142334)
(6.92514e-06 -1.69029e-05 0.0143314)
(8.74854e-06 -1.76758e-05 0.0143947)
(1.8613e-06 -1.14607e-05 0.0140937)
(3.47167e-06 -1.19037e-05 0.0142299)
(4.92458e-06 -1.24241e-05 0.0143282)
(6.21979e-06 -1.29885e-05 0.0143921)
(1.33817e-06 -8.37243e-06 0.0140911)
(2.47391e-06 -8.70433e-06 0.0142274)
(3.50038e-06 -9.08811e-06 0.0143261)
(4.42184e-06 -9.49923e-06 0.0143903)
(9.56963e-07 -6.06923e-06 0.0140893)
(1.75569e-06 -6.31471e-06 0.0142257)
(2.4791e-06 -6.59515e-06 0.0143245)
(3.13291e-06 -6.8926e-06 0.014389)
(6.76826e-07 -4.34013e-06 0.014088)
(1.23389e-06 -4.51836e-06 0.0142245)
(1.73939e-06 -4.72008e-06 0.0143234)
(2.19902e-06 -4.9324e-06 0.0143881)
(4.68967e-07 -3.03105e-06 0.0140871)
(8.50878e-07 -3.1566e-06 0.0142237)
(1.19783e-06 -3.29779e-06 0.0143227)
(1.51487e-06 -3.44565e-06 0.0143875)
(3.14523e-07 -2.03827e-06 0.0140865)
(5.6929e-07 -2.12188e-06 0.0142231)
(8.00772e-07 -2.21605e-06 0.0143222)
(1.01312e-06 -2.3147e-06 0.0143871)
(2.04076e-07 -1.30756e-06 0.0140861)
(3.70122e-07 -1.35642e-06 0.0142227)
(5.20584e-07 -1.41354e-06 0.0143219)
(6.59331e-07 -1.47468e-06 0.0143868)
(1.31446e-07 -8.33567e-07 0.0140858)
(2.4299e-07 -8.56233e-07 0.0142225)
(3.507e-07 -8.84742e-07 0.0143216)
(4.46825e-07 -9.18011e-07 0.0143866)
)
;
    }
    procBoundary2to3
    {
        type            processor;
        value           nonuniform List<vector> 
192
(
(0.00733254 -0.0017281 0.00151653)
(0.000282472 -0.00206256 0.00887001)
(0.000668188 -0.00147805 0.00229817)
(-0.000140248 -0.00175389 0.00134498)
(-0.000885001 0.00118226 0.0210954)
(-0.00132722 0.000212581 0.0218568)
(-0.00132934 -0.000290339 0.0232972)
(-0.0015443 -0.00199518 0.023118)
(1.45639e-05 9.98354e-05 0.0133004)
(-0.000256623 6.47995e-05 0.0136589)
(-0.000555064 0.000312754 0.0135484)
(-0.000805018 0.000348314 0.0134669)
(0.000384476 -0.000315168 0.0142024)
(0.000208289 -0.000171856 0.0144144)
(-2.24314e-05 0.000125298 0.0144456)
(-0.000207933 0.000386215 0.0143324)
(0.00038598 -0.000408768 0.0142992)
(0.000304969 -0.000314891 0.0144297)
(0.000186508 -0.000146358 0.0144944)
(8.20196e-05 1.33092e-05 0.0144553)
(0.000303081 -0.000373928 0.0143113)
(0.000265846 -0.000321926 0.0143992)
(0.000208868 -0.000233689 0.0144562)
(0.000156935 -0.000145928 0.0144602)
(0.000215467 -0.000300569 0.0143649)
(0.000196371 -0.000270635 0.0144278)
(0.000168163 -0.00022096 0.0144714)
(0.000141631 -0.000168205 0.0144843)
(0.000148457 -0.0002293 0.0144078)
(0.000137181 -0.000210077 0.0144538)
(0.000121909 -0.000179621 0.0144855)
(0.000107948 -0.000145193 0.0144955)
(0.000102364 -0.000171449 0.0144335)
(9.54958e-05 -0.000158455 0.0144669)
(8.6724e-05 -0.000138348 0.0144887)
(7.86821e-05 -0.000114493 0.0144931)
(7.15804e-05 -0.00012716 0.0144481)
(6.73696e-05 -0.000118184 0.0144719)
(6.21565e-05 -0.000104374 0.0144858)
(5.72986e-05 -8.74125e-05 0.0144845)
(5.08652e-05 -9.39587e-05 0.0144559)
(4.82895e-05 -8.7715e-05 0.0144725)
(4.51207e-05 -7.80401e-05 0.0144802)
(4.20859e-05 -6.58429e-05 0.0144741)
(3.66229e-05 -6.92803e-05 0.01446)
(3.50514e-05 -6.49261e-05 0.0144711)
(3.3091e-05 -5.80785e-05 0.0144741)
(3.11481e-05 -4.92637e-05 0.0144642)
(2.66083e-05 -5.10125e-05 0.014462)
(2.56503e-05 -4.79704e-05 0.0144691)
(2.44188e-05 -4.30954e-05 0.0144685)
(2.31504e-05 -3.67094e-05 0.0144555)
(1.94387e-05 -3.75202e-05 0.014463)
(1.88545e-05 -3.53904e-05 0.014467)
(1.80699e-05 -3.19068e-05 0.0144638)
(1.72286e-05 -2.72737e-05 0.0144485)
(1.42408e-05 -2.75658e-05 0.0144634)
(1.3884e-05 -2.60715e-05 0.0144652)
(1.33778e-05 -2.35757e-05 0.0144599)
(1.28124e-05 -2.02116e-05 0.014443)
(1.04405e-05 -2.02226e-05 0.0144635)
(1.02222e-05 -1.91723e-05 0.0144637)
(9.89173e-06 -1.73814e-05 0.0144569)
(9.5075e-06 -1.49384e-05 0.0144387)
(7.64519e-06 -1.48012e-05 0.0144635)
(7.51132e-06 -1.40621e-05 0.0144625)
(7.29342e-06 -1.27764e-05 0.0144546)
(7.03016e-06 -1.10039e-05 0.0144354)
(5.57837e-06 -1.07896e-05 0.0144635)
(5.49618e-06 -1.02696e-05 0.0144615)
(5.35141e-06 -9.34794e-06 0.0144528)
(5.17006e-06 -8.06554e-06 0.0144329)
(4.04124e-06 -7.80792e-06 0.0144634)
(3.99081e-06 -7.44316e-06 0.0144608)
(3.89423e-06 -6.78583e-06 0.0144515)
(3.76918e-06 -5.86378e-06 0.0144311)
(2.88965e-06 -5.57523e-06 0.0144633)
(2.85882e-06 -5.32173e-06 0.0144603)
(2.79449e-06 -4.85817e-06 0.0144506)
(2.70872e-06 -4.20342e-06 0.0144298)
(2.02116e-06 -3.88757e-06 0.0144633)
(2.00251e-06 -3.71495e-06 0.0144599)
(1.96012e-06 -3.39518e-06 0.0144499)
(1.90218e-06 -2.94086e-06 0.0144288)
(1.37018e-06 -2.60655e-06 0.0144632)
(1.35924e-06 -2.4934e-06 0.0144596)
(1.33199e-06 -2.28118e-06 0.0144494)
(1.29386e-06 -1.9781e-06 0.0144282)
(9.07293e-07 -1.65397e-06 0.0144632)
(9.01441e-07 -1.58417e-06 0.0144595)
(8.84602e-07 -1.45124e-06 0.0144491)
(8.6019e-07 -1.26029e-06 0.0144277)
(6.29464e-07 -1.01906e-06 0.0144632)
(6.26775e-07 -9.77627e-07 0.0144593)
(6.16225e-07 -8.97331e-07 0.0144489)
(6.00236e-07 -7.81927e-07 0.0144274)
(-0.00126929 0.000870527 0.0105924)
(-0.00262472 -0.00024745 0.0126194)
(-0.00482497 0.000901655 0.00737049)
(-0.00553845 -0.00431765 0.00460813)
(-0.000645945 -0.00187296 0.0189368)
(-0.000514257 -0.000223188 0.017796)
(-0.000469985 0.00106601 0.0196385)
(-0.000123918 6.23211e-05 0.023759)
(-0.000633773 0.000401363 0.0131504)
(-0.000571562 0.000324954 0.0131049)
(-0.000487036 -4.04812e-06 0.0133137)
(-0.000340968 -0.000149021 0.0138008)
(-0.000236468 0.000418981 0.0140856)
(-0.000244236 0.000202496 0.0139822)
(-0.000191943 -5.07287e-05 0.0140903)
(-0.000101093 -7.03635e-05 0.0143247)
(3.46145e-05 5.55171e-05 0.0143358)
(1.66339e-05 -1.69571e-05 0.0142797)
(4.22742e-05 -8.98808e-05 0.0143022)
(8.98147e-05 -5.37234e-05 0.0143032)
(0.000127 -0.000102132 0.0144206)
(0.000116158 -9.97965e-05 0.0143869)
(0.000129758 -9.409e-05 0.0143564)
(0.000154558 -4.54419e-05 0.0142777)
(0.000125455 -0.000129757 0.0144666)
(0.000119846 -0.000105593 0.0144307)
(0.000127204 -7.87191e-05 0.0143697)
(0.000140313 -3.54539e-05 0.0142592)
(9.89305e-05 -0.000114079 0.0144795)
(9.5723e-05 -8.77892e-05 0.0144371)
(9.95872e-05 -6.00989e-05 0.0143606)
(0.000106306 -2.61007e-05 0.0142367)
(7.33106e-05 -9.04813e-05 0.0144738)
(7.11469e-05 -6.78935e-05 0.0144258)
(7.30238e-05 -4.46847e-05 0.0143409)
(7.66235e-05 -1.9063e-05 0.0142112)
(5.38942e-05 -6.93247e-05 0.014461)
(5.23295e-05 -5.14307e-05 0.0144087)
(5.31794e-05 -3.32234e-05 0.0143191)
(5.51323e-05 -1.40358e-05 0.0141866)
(3.98545e-05 -5.2408e-05 0.0144468)
(3.87064e-05 -3.87208e-05 0.0143913)
(3.90419e-05 -2.48061e-05 0.0142989)
(4.01146e-05 -1.04325e-05 0.0141649)
(2.96555e-05 -3.93596e-05 0.0144338)
(2.88173e-05 -2.90649e-05 0.0143759)
(2.89115e-05 -1.8565e-05 0.0142816)
(2.95089e-05 -7.7973e-06 0.0141468)
(2.2138e-05 -2.94368e-05 0.0144228)
(2.15295e-05 -2.1762e-05 0.0143631)
(2.15177e-05 -1.38955e-05 0.0142675)
(2.18529e-05 -5.83787e-06 0.0141322)
(1.65346e-05 -2.19442e-05 0.014414)
(1.6095e-05 -1.62516e-05 0.0143529)
(1.6043e-05 -1.03855e-05 0.0142563)
(1.62319e-05 -4.36775e-06 0.0141207)
(1.23327e-05 -1.63108e-05 0.0144071)
(1.20162e-05 -1.21025e-05 0.014345)
(1.19548e-05 -7.74381e-06 0.0142477)
(1.20614e-05 -3.26092e-06 0.0141118)
(9.17387e-06 -1.20866e-05 0.0144017)
(8.94652e-06 -8.98442e-06 0.0143389)
(8.88909e-06 -5.75638e-06 0.0142411)
(8.94931e-06 -2.42707e-06 0.014105)
(6.79704e-06 -8.92298e-06 0.0143977)
(6.63416e-06 -6.64355e-06 0.0143343)
(6.5856e-06 -4.26196e-06 0.0142361)
(6.61957e-06 -1.79901e-06 0.0140999)
(5.00685e-06 -6.55256e-06 0.0143947)
(4.89057e-06 -4.88557e-06 0.0143308)
(4.85181e-06 -3.13774e-06 0.0142324)
(4.87098e-06 -1.32576e-06 0.014096)
(3.65512e-06 -4.77133e-06 0.0143924)
(3.57266e-06 -3.56184e-06 0.0143283)
(3.54296e-06 -2.28988e-06 0.0142296)
(3.5538e-06 -9.68317e-07 0.0140932)
(2.62965e-06 -3.42483e-06 0.0143908)
(2.57184e-06 -2.55945e-06 0.0143264)
(2.54987e-06 -1.64702e-06 0.0142276)
(2.55603e-06 -6.96993e-07 0.0140911)
(1.84826e-06 -2.39888e-06 0.0143896)
(1.80849e-06 -1.79467e-06 0.0143251)
(1.79275e-06 -1.15614e-06 0.0142261)
(1.79624e-06 -4.89761e-07 0.0140896)
(1.25794e-06 -1.61524e-06 0.0143888)
(1.23118e-06 -1.21002e-06 0.0143241)
(1.22013e-06 -7.80926e-07 0.0142251)
(1.22205e-06 -3.31741e-07 0.0140886)
(8.36486e-07 -1.03016e-06 0.0143883)
(8.1851e-07 -7.73665e-07 0.0143235)
(8.10613e-07 -5.02124e-07 0.0142245)
(8.12045e-07 -2.15827e-07 0.0140879)
(5.84194e-07 -6.40927e-07 0.0143879)
(5.7242e-07 -4.82558e-07 0.0143231)
(5.67414e-07 -3.10146e-07 0.014224)
(5.68803e-07 -1.35915e-07 0.0140874)
)
;
    }
}


// ************************************************************************* //
