/*--------------------------------*- C++ -*----------------------------------*\
  =========                 |
  \\      /  F ield         | OpenFOAM: The Open Source CFD Toolbox
   \\    /   O peration     | Website:  https://openfoam.org
    \\  /    A nd           | Version:  6
     \\/     M anipulation  |
\*---------------------------------------------------------------------------*/
FoamFile
{
    version     2.0;
    format      ascii;
    class       volVectorField;
    location    "0.07";
    object      U;
}
// * * * * * * * * * * * * * * * * * * * * * * * * * * * * * * * * * * * * * //

dimensions      [0 1 -1 0 0 0 0];

internalField   nonuniform List<vector> 
1152
(
(0.000529512 -0.000368896 0.00634632)
(-1.28478e-05 0.000846351 0.007156)
(0.00229763 0.00157059 0.00245524)
(0.000187916 0.000150164 0.000869648)
(-0.000760795 -0.00145731 0.00331086)
(3.67897e-05 -0.00129537 0.00231657)
(0.000385519 4.33302e-05 0.00189604)
(0.000718861 -0.000785585 0.00362054)
(-0.00140126 -0.00173636 0.00166192)
(0.000118413 -0.00220748 9.39736e-05)
(0.00120625 -0.000397156 0.00152548)
(0.000412863 -8.6759e-05 0.00314016)
(-0.000991863 -0.00346832 -4.96626e-05)
(0.00322505 -0.00426323 0.00105864)
(0.000665205 0.00142636 -0.00016891)
(0.000850551 0.000726558 0.00341254)
(-0.000711501 0.000557424 0.0248481)
(-0.000159746 0.00128621 0.0246681)
(0.000125972 0.00155986 0.0253536)
(-0.00119579 0.000962335 0.0228867)
(-0.00047472 0.000247436 0.0275189)
(-0.000443159 0.000807421 0.0285053)
(-0.000850431 0.000626228 0.0276062)
(-0.0016618 -4.87264e-06 0.0236498)
(-0.000330496 -0.000422618 0.0292921)
(-0.000695916 -0.000359994 0.0304821)
(-0.00126679 -0.000257564 0.0280245)
(-0.00153807 -0.00042647 0.0240155)
(-0.000253896 -0.00143051 0.0239673)
(-0.00114758 -0.00171456 0.0256334)
(-0.00184713 -0.00139858 0.0281521)
(-0.00168075 -0.0016847 0.0227754)
(-0.000276019 -0.00018825 0.0148293)
(3.73851e-06 -7.84409e-05 0.0146763)
(0.000193114 8.02045e-05 0.0142836)
(2.97067e-05 0.000104552 0.0136267)
(-0.000334991 -6.31371e-05 0.015215)
(-0.000122319 6.75567e-05 0.0151983)
(-1.94536e-05 0.00013255 0.0147181)
(-0.000188467 0.000122801 0.0139352)
(-0.000401843 0.000161336 0.014955)
(-0.000304227 0.000273778 0.0150634)
(-0.000243893 0.000363695 0.0145724)
(-0.000362566 0.000369106 0.0138091)
(-0.00051651 6.99972e-05 0.0133935)
(-0.000634605 0.000236313 0.0138055)
(-0.000616968 0.000396929 0.0141259)
(-0.000645354 0.000405038 0.0135491)
(3.32156e-05 -0.000379126 0.0156)
(0.000190897 -0.00041907 0.0154576)
(0.000328509 -0.000356483 0.0151491)
(0.000385342 -0.000282303 0.0147053)
(-9.47594e-05 -9.79848e-05 0.015853)
(0.000109682 -0.000140274 0.0157593)
(0.000273116 -0.000110285 0.0154063)
(0.00028767 -8.40111e-05 0.0148902)
(-0.000250191 0.000274703 0.0157466)
(-3.84207e-05 0.000253661 0.0157068)
(0.000130996 0.000242571 0.0153677)
(0.0001188 0.000223235 0.0148602)
(-0.000431115 0.000402989 0.0152342)
(-0.00027975 0.000452154 0.0152467)
(-0.000117649 0.000461654 0.0150528)
(-9.52727e-05 0.000437982 0.0146552)
(0.00017768 -0.000376951 0.0153329)
(0.000293832 -0.000423368 0.0152145)
(0.000380812 -0.000415057 0.0149976)
(0.000416026 -0.000387794 0.0146959)
(0.000100945 -0.000187357 0.0154655)
(0.000244856 -0.000232762 0.0153848)
(0.000351507 -0.000243004 0.0151505)
(0.000371753 -0.000250496 0.0148163)
(1.6804e-05 3.03764e-05 0.0153999)
(0.000165747 3.21016e-06 0.0153679)
(0.000275225 -2.84512e-05 0.0151528)
(0.000281079 -6.84147e-05 0.0148348)
(-7.06713e-05 0.00011627 0.0151422)
(5.90541e-05 0.000134159 0.0151538)
(0.000161781 0.000108769 0.0150038)
(0.000170828 6.93456e-05 0.0147439)
(0.000216513 -0.000311786 0.014994)
(0.000297321 -0.000346825 0.0149099)
(0.000346194 -0.000358274 0.0147672)
(0.000350774 -0.000357687 0.0145859)
(0.000171823 -0.000205354 0.0150637)
(0.000264451 -0.000239974 0.0149998)
(0.00032382 -0.000262423 0.0148561)
(0.000326022 -0.000281328 0.0146661)
(0.000125469 -9.03514e-05 0.0150426)
(0.00021975 -0.000117241 0.0150052)
(0.000280898 -0.000148426 0.0148767)
(0.000278988 -0.000182495 0.0146995)
(7.72141e-05 -3.28179e-05 0.0149412)
(0.000168222 -3.9275e-05 0.0149276)
(0.000226463 -6.74866e-05 0.0148284)
(0.000225161 -0.000102391 0.0146776)
(0.000193203 -0.00023963 0.0148165)
(0.000242548 -0.000264009 0.0147632)
(0.000266731 -0.000278289 0.0146733)
(0.000258606 -0.00028572 0.0145647)
(0.000164532 -0.000180283 0.0148573)
(0.000219129 -0.000205293 0.014816)
(0.00024924 -0.000225718 0.0147305)
(0.000242613 -0.000243348 0.0146225)
(0.000135152 -0.000116898 0.0148503)
(0.000190805 -0.0001392 0.0148258)
(0.00022296 -0.00016379 0.0147522)
(0.000216641 -0.000188537 0.0146535)
(0.000104777 -7.69229e-05 0.0147998)
(0.000161021 -9.02513e-05 0.0147936)
(0.000193492 -0.000113923 0.0147371)
(0.000188784 -0.000139216 0.0146528)
(0.000149444 -0.000180269 0.0147129)
(0.000178129 -0.000196852 0.0146831)
(0.000189492 -0.000208958 0.0146297)
(0.000179837 -0.000217222 0.0145657)
(0.0001304 -0.00014552 0.0147384)
(0.000161483 -0.000163029 0.0147171)
(0.000176267 -0.000178545 0.0146687)
(0.000168613 -0.000191999 0.0146074)
(0.000110785 -0.000107784 0.0147345)
(0.000142589 -0.00012453 0.0147255)
(0.000159168 -0.000142233 0.0146863)
(0.000152963 -0.000159067 0.0146319)
(9.05508e-05 -7.89284e-05 0.0147002)
(0.000123455 -9.17772e-05 0.0147067)
(0.000141306 -0.000109263 0.0146797)
(0.00013708 -0.000126364 0.0146343)
(0.000108196 -0.000135094 0.0146488)
(0.000124912 -0.00014641 0.0146357)
(0.000130389 -0.000155544 0.0146056)
(0.000122884 -0.000162376 0.0145679)
(9.53427e-05 -0.00011355 0.0146651)
(0.000113234 -0.000125708 0.0146586)
(0.000120808 -0.000136805 0.0146329)
(0.000115045 -0.000146365 0.0145981)
(8.19936e-05 -8.93988e-05 0.01466)
(0.000100398 -0.00010146 0.0146634)
(0.000109383 -0.00011379 0.0146451)
(0.000105132 -0.000125056 0.0146154)
(6.82521e-05 -6.81071e-05 0.01463)
(8.75652e-05 -7.84633e-05 0.014647)
(9.78234e-05 -9.07877e-05 0.0146385)
(9.53351e-05 -0.000102183 0.0146153)
(7.62556e-05 -0.000101203 0.0146085)
(8.63337e-05 -0.000109005 0.0146069)
(8.92848e-05 -0.000115584 0.0145913)
(8.43318e-05 -0.000120662 0.0145692)
(6.7455e-05 -8.72056e-05 0.0146185)
(7.81963e-05 -9.56822e-05 0.0146221)
(8.25351e-05 -0.000103458 0.0146103)
(7.89671e-05 -0.000110065 0.0145907)
(5.82359e-05 -7.0927e-05 0.0146109)
(6.93862e-05 -7.95088e-05 0.014623)
(7.48124e-05 -8.80361e-05 0.0146174)
(7.25317e-05 -9.55955e-05 0.0146017)
(4.87823e-05 -5.51074e-05 0.0145808)
(6.06054e-05 -6.29327e-05 0.0146054)
(6.70792e-05 -7.15166e-05 0.0146081)
(6.62006e-05 -7.91683e-05 0.0145975)
(5.33047e-05 -7.57511e-05 0.0145824)
(5.96951e-05 -8.11772e-05 0.0145885)
(6.15751e-05 -8.58212e-05 0.0145821)
(5.86055e-05 -8.94212e-05 0.0145692)
(4.72061e-05 -6.63575e-05 0.0145877)
(5.40308e-05 -7.22999e-05 0.0145982)
(5.68878e-05 -7.77163e-05 0.014595)
(5.49875e-05 -8.22367e-05 0.0145842)
(4.07654e-05 -5.50391e-05 0.0145773)
(4.79361e-05 -6.11272e-05 0.0145954)
(5.16285e-05 -6.7035e-05 0.0145975)
(5.07508e-05 -7.21464e-05 0.01459)
(3.41879e-05 -4.33009e-05 0.0145457)
(4.18552e-05 -4.90481e-05 0.0145756)
(4.63597e-05 -5.50259e-05 0.0145852)
(4.65494e-05 -6.02242e-05 0.0145819)
(3.7257e-05 -5.66013e-05 0.014565)
(4.15248e-05 -6.04013e-05 0.0145762)
(4.29146e-05 -6.36532e-05 0.0145756)
(4.12726e-05 -6.61488e-05 0.0145685)
(3.29894e-05 -5.01616e-05 0.0145667)
(3.75729e-05 -5.43477e-05 0.0145818)
(3.96764e-05 -5.81205e-05 0.0145839)
(3.88489e-05 -6.12077e-05 0.0145785)
(2.84488e-05 -4.21522e-05 0.0145537)
(3.3326e-05 -4.64734e-05 0.0145759)
(3.60694e-05 -5.05843e-05 0.0145829)
(3.60296e-05 -5.40699e-05 0.0145802)
(2.3825e-05 -3.34722e-05 0.0145204)
(2.90749e-05 -3.76377e-05 0.0145538)
(3.24353e-05 -4.18159e-05 0.0145678)
(3.31935e-05 -4.53856e-05 0.0145689)
(2.61211e-05 -4.2197e-05 0.0145531)
(2.90959e-05 -4.48735e-05 0.0145678)
(3.02112e-05 -4.71459e-05 0.0145709)
(2.93883e-05 -4.88597e-05 0.0145675)
(2.31114e-05 -3.77205e-05 0.0145519)
(2.63277e-05 -4.06819e-05 0.0145702)
(2.79739e-05 -4.33163e-05 0.0145758)
(2.77661e-05 -4.54295e-05 0.0145738)
(1.98877e-05 -3.19966e-05 0.0145368)
(2.33486e-05 -3.50688e-05 0.0145618)
(2.54828e-05 -3.79438e-05 0.0145718)
(2.58718e-05 -4.034e-05 0.0145723)
(1.661e-05 -2.55996e-05 0.014502)
(2.03539e-05 -2.85998e-05 0.0145377)
(2.29525e-05 -3.15336e-05 0.0145544)
(2.39331e-05 -3.40072e-05 0.0145583)
(1.83897e-05 -3.13809e-05 0.0145448)
(2.0526e-05 -3.32753e-05 0.0145618)
(2.14448e-05 -3.48652e-05 0.0145674)
(2.10973e-05 -3.60393e-05 0.0145664)
(1.62538e-05 -2.82402e-05 0.0145415)
(1.85782e-05 -3.0343e-05 0.0145618)
(1.98946e-05 -3.21893e-05 0.0145697)
(2.00082e-05 -3.36418e-05 0.01457)
(1.3953e-05 -2.41272e-05 0.0145246)
(1.64765e-05 -2.6316e-05 0.0145514)
(1.81628e-05 -2.83365e-05 0.0145635)
(1.87238e-05 -2.99957e-05 0.014566)
(1.16144e-05 -1.94253e-05 0.0144884)
(1.43538e-05 -2.15805e-05 0.0145258)
(1.63877e-05 -2.36499e-05 0.0145443)
(1.73853e-05 -2.53768e-05 0.01455)
(1.30009e-05 -2.32769e-05 0.0145389)
(1.45631e-05 -2.46233e-05 0.0145575)
(1.5318e-05 -2.57388e-05 0.0145648)
(1.5229e-05 -2.65442e-05 0.0145655)
(1.14779e-05 -2.10596e-05 0.014534)
(1.31868e-05 -2.25576e-05 0.0145557)
(1.42393e-05 -2.38565e-05 0.0145651)
(1.44943e-05 -2.486e-05 0.0145669)
(9.82922e-06 -1.80949e-05 0.0145158)
(1.16968e-05 -1.96577e-05 0.0145438)
(1.30282e-05 -2.10841e-05 0.0145573)
(1.3616e-05 -2.22404e-05 0.0145611)
(8.15293e-06 -1.46465e-05 0.0144785)
(1.0185e-05 -1.61934e-05 0.0145169)
(1.17754e-05 -1.76592e-05 0.0145366)
(1.26844e-05 -1.88723e-05 0.0145435)
(9.2245e-06 -1.72161e-05 0.0145347)
(1.03775e-05 -1.81761e-05 0.0145544)
(1.09887e-05 -1.89612e-05 0.0145628)
(1.10283e-05 -1.95154e-05 0.0145646)
(8.13473e-06 -1.56443e-05 0.0145285)
(9.40128e-06 -1.67141e-05 0.0145512)
(1.0235e-05 -1.76312e-05 0.0145617)
(1.05299e-05 -1.83279e-05 0.0145645)
(6.95024e-06 -1.35041e-05 0.0145093)
(8.34107e-06 -1.46219e-05 0.0145381)
(9.38366e-06 -1.56326e-05 0.0145525)
(9.92492e-06 -1.64429e-05 0.0145573)
(5.74493e-06 -1.09802e-05 0.0144711)
(7.26062e-06 -1.20903e-05 0.0145103)
(8.49555e-06 -1.31321e-05 0.0145308)
(9.27242e-06 -1.39885e-05 0.0145386)
(6.56086e-06 -1.26878e-05 0.0145317)
(7.41417e-06 -1.33734e-05 0.0145521)
(7.90032e-06 -1.39273e-05 0.0145614)
(7.99416e-06 -1.43099e-05 0.0145639)
(5.77968e-06 -1.15708e-05 0.0145246)
(6.7201e-06 -1.23359e-05 0.014548)
(7.37176e-06 -1.29851e-05 0.0145591)
(7.65425e-06 -1.34709e-05 0.0145627)
(4.92773e-06 -1.00259e-05 0.0145045)
(5.96399e-06 -1.08261e-05 0.014534)
(6.77119e-06 -1.15441e-05 0.014549)
(7.23507e-06 -1.21141e-05 0.0145545)
(4.05988e-06 -8.18339e-06 0.0144657)
(5.19036e-06 -8.97984e-06 0.0145054)
(6.13978e-06 -9.7218e-06 0.0145265)
(6.77605e-06 -1.03284e-05 0.0145349)
(4.6679e-06 -9.30224e-06 0.0145295)
(5.29795e-06 -9.79182e-06 0.0145505)
(5.67729e-06 -1.01829e-05 0.0145603)
(5.785e-06 -1.04476e-05 0.0145634)
(4.10821e-06 -8.5086e-06 0.0145217)
(4.80429e-06 -9.05533e-06 0.0145456)
(5.30604e-06 -9.51526e-06 0.0145572)
(5.5523e-06 -9.85474e-06 0.0145613)
(3.49609e-06 -7.39575e-06 0.0145011)
(4.26504e-06 -7.96798e-06 0.0145309)
(4.88175e-06 -8.47814e-06 0.0145464)
(5.26087e-06 -8.8799e-06 0.0145523)
(2.87183e-06 -6.05605e-06 0.0144618)
(3.71132e-06 -6.62644e-06 0.0145018)
(4.43261e-06 -7.1549e-06 0.0145233)
(4.93736e-06 -7.58499e-06 0.0145321)
(3.31031e-06 -6.7636e-06 0.014528)
(3.77201e-06 -7.11177e-06 0.0145493)
(4.06197e-06 -7.38714e-06 0.0145595)
(4.16316e-06 -7.57013e-06 0.014563)
(2.91101e-06 -6.20173e-06 0.0145197)
(3.42204e-06 -6.59078e-06 0.0145438)
(3.80167e-06 -6.91566e-06 0.0145559)
(4.00375e-06 -7.15265e-06 0.0145603)
(2.47329e-06 -5.40459e-06 0.0144986)
(3.03885e-06 -5.81198e-06 0.0145287)
(3.5026e-06 -6.17331e-06 0.0145445)
(3.80119e-06 -6.45593e-06 0.0145507)
(2.02635e-06 -4.4375e-06 0.0144589)
(2.64417e-06 -4.84395e-06 0.0144991)
(3.18416e-06 -5.21901e-06 0.0145209)
(3.57365e-06 -5.52314e-06 0.01453)
(2.32584e-06 -4.8484e-06 0.0145269)
(2.65933e-06 -5.09345e-06 0.0145484)
(2.87561e-06 -5.28563e-06 0.0145589)
(2.96118e-06 -5.41128e-06 0.0145627)
(2.04396e-06 -4.45453e-06 0.0145182)
(2.41361e-06 -4.72847e-06 0.0145426)
(2.69453e-06 -4.95586e-06 0.0145548)
(2.85257e-06 -5.12012e-06 0.0145595)
(1.73438e-06 -3.8902e-06 0.0144968)
(2.14403e-06 -4.17718e-06 0.014527)
(2.48555e-06 -4.43066e-06 0.0145431)
(2.7127e-06 -4.62785e-06 0.0145496)
(1.41793e-06 -3.2012e-06 0.0144568)
(1.86564e-06 -3.48768e-06 0.0144972)
(2.26195e-06 -3.75127e-06 0.0145192)
(2.55399e-06 -3.96442e-06 0.0145285)
(1.60414e-06 -3.39207e-06 0.0145261)
(1.83936e-06 -3.5609e-06 0.0145478)
(1.99564e-06 -3.69244e-06 0.0145585)
(2.06273e-06 -3.77721e-06 0.0145624)
(1.40931e-06 -3.12147e-06 0.0145171)
(1.67032e-06 -3.31033e-06 0.0145417)
(1.872e-06 -3.46635e-06 0.0145541)
(1.9899e-06 -3.57821e-06 0.014559)
(1.19503e-06 -2.73067e-06 0.0144955)
(1.48455e-06 -2.9286e-06 0.0145259)
(1.72878e-06 -3.10292e-06 0.0145421)
(1.89493e-06 -3.23794e-06 0.0145487)
(9.75862e-07 -2.25105e-06 0.0144553)
(1.29228e-06 -2.44873e-06 0.0144959)
(1.5749e-06 -2.63031e-06 0.0145179)
(1.78629e-06 -2.77689e-06 0.0145274)
(1.07526e-06 -2.28237e-06 0.0145256)
(1.23586e-06 -2.39442e-06 0.0145474)
(1.3445e-06 -2.48124e-06 0.0145582)
(1.39382e-06 -2.53647e-06 0.0145623)
(9.45232e-07 -2.10258e-06 0.0145164)
(1.12366e-06 -2.22821e-06 0.0145411)
(1.26296e-06 -2.33159e-06 0.0145536)
(1.34656e-06 -2.40529e-06 0.0145586)
(8.02101e-07 -1.8413e-06 0.0144946)
(1.00002e-06 -1.97329e-06 0.0145251)
(1.16809e-06 -2.08922e-06 0.0145414)
(1.2841e-06 -2.17873e-06 0.0145482)
(6.55571e-07 -1.51938e-06 0.0144543)
(8.71721e-07 -1.65145e-06 0.0144949)
(1.06569e-06 -1.77257e-06 0.0145171)
(1.21207e-06 -1.87029e-06 0.0145266)
(7.04408e-07 -1.45805e-06 0.0145253)
(8.11668e-07 -1.52806e-06 0.0145472)
(8.85058e-07 -1.58205e-06 0.014558)
(9.19816e-07 -1.61586e-06 0.0145622)
(6.21827e-07 -1.34391e-06 0.014516)
(7.41133e-07 -1.42284e-06 0.0145407)
(8.34228e-07 -1.48775e-06 0.0145533)
(8.90883e-07 -1.53383e-06 0.0145583)
(5.31473e-07 -1.17757e-06 0.014494)
(6.63186e-07 -1.26073e-06 0.0145246)
(7.74545e-07 -1.334e-06 0.014541)
(8.51767e-07 -1.39068e-06 0.0145478)
(4.39819e-07 -9.72128e-07 0.0144537)
(5.82378e-07 -1.05515e-06 0.0144943)
(7.09783e-07 -1.13201e-06 0.0145165)
(8.06063e-07 -1.19465e-06 0.0145261)
(4.83176e-07 -9.13283e-07 0.014525)
(5.57941e-07 -9.56398e-07 0.0145469)
(6.09572e-07 -9.89403e-07 0.0145579)
(6.35014e-07 -1.00953e-06 0.0145621)
(4.28496e-07 -8.36874e-07 0.0145156)
(5.12962e-07 -8.88094e-07 0.0145404)
(5.77928e-07 -9.29681e-07 0.0145531)
(6.17589e-07 -9.58812e-07 0.0145581)
(3.66845e-07 -7.25743e-07 0.0144936)
(4.61266e-07 -7.83014e-07 0.0145242)
(5.39218e-07 -8.32306e-07 0.0145406)
(5.92641e-07 -8.69815e-07 0.0145475)
(3.02173e-07 -5.89256e-07 0.0144531)
(4.05309e-07 -6.49569e-07 0.0144938)
(4.95468e-07 -7.04057e-07 0.0145161)
(5.62414e-07 -7.47716e-07 0.0145258)
(-0.000413822 0.000157061 0.00102089)
(0.00233009 -0.00260808 0.00164384)
(0.00239111 0.00122558 0.00585451)
(0.00227153 0.0023951 0.0122936)
(-0.0025906 0.000998088 0.00578611)
(0.00116486 -0.00071544 0.00204934)
(0.00409928 0.00160372 0.00163921)
(0.00351577 0.00262942 0.0134909)
(-0.00213211 0.00284494 0.00990157)
(0.011837 0.000553016 0.0047048)
(0.00510478 0.00190823 0.0117827)
(-0.00118847 0.00476367 0.0123953)
(0.00223023 0.00139499 0.00656642)
(0.0374245 0.00338764 -0.00875319)
(0.00335625 0.00856896 0.00873717)
(-0.00741889 0.0160092 0.00591332)
(-0.000630895 -0.00230365 0.0220274)
(-0.00165808 -0.00274793 0.0238201)
(-0.00222013 -0.00206974 0.0231295)
(-0.00156451 -0.00155681 0.0198244)
(-0.000615815 -0.00214222 0.0195733)
(-0.00123564 -0.00291022 0.0243663)
(-0.0015202 -0.00276096 0.0224269)
(-0.00153231 -0.000149798 0.0180618)
(-0.000926433 -0.000810344 0.0170484)
(-0.000739982 -0.0013476 0.0213677)
(-0.0012537 -0.00195819 0.0202436)
(-0.00124177 0.00151617 0.0175216)
(-0.000359928 -5.09484e-05 0.0152913)
(0.000835638 -0.000195337 0.0228396)
(-0.00205402 -0.000267432 0.0206372)
(-0.00139334 0.00198487 0.0182954)
(-0.000784501 -9.46392e-05 0.0128324)
(-0.000876581 1.30578e-05 0.0132453)
(-0.000879107 0.000317078 0.0136693)
(-0.000772804 0.000496764 0.0135913)
(-0.000920039 -0.000167754 0.0126552)
(-0.00101313 -0.000307667 0.0132378)
(-0.000987288 -0.00010342 0.0134399)
(-0.000940704 0.000506068 0.0135514)
(-0.00101275 -0.00030938 0.0125193)
(-0.0011923 -0.000598884 0.0133322)
(-0.00110303 -0.000517003 0.0141)
(-0.000912806 0.000348733 0.0138353)
(-0.000899694 -0.000509342 0.0121327)
(-0.00125517 -0.000702394 0.0130172)
(-0.00135117 -0.000489786 0.0146484)
(-0.000923828 0.000143468 0.0141008)
(-0.000532995 0.000232798 0.0149787)
(-0.000452551 0.000309697 0.0149449)
(-0.000308013 0.000423414 0.0147795)
(-0.000229633 0.000466488 0.0144683)
(-0.000588308 8.03946e-05 0.0148169)
(-0.000572458 8.83223e-05 0.0148016)
(-0.000437907 0.000191372 0.0146227)
(-0.000335748 0.000304188 0.0143765)
(-0.000600819 -7.72365e-05 0.0146854)
(-0.000676418 -0.000130792 0.0148091)
(-0.000535493 -7.97519e-05 0.0148301)
(-0.000360028 9.19108e-05 0.0145196)
(-0.000511477 -0.000249067 0.0145528)
(-0.00071227 -0.000295192 0.0147806)
(-0.000618371 -0.000192761 0.015073)
(-0.000351735 -1.05485e-05 0.0147001)
(-0.000118707 6.14154e-05 0.0149697)
(-1.1906e-05 9.82682e-05 0.0149842)
(7.39479e-05 0.000112031 0.014861)
(9.65224e-05 9.85601e-05 0.0146291)
(-0.00015236 8.68865e-06 0.014857)
(-7.11089e-05 3.13421e-05 0.0148987)
(1.11019e-05 3.82015e-05 0.0148006)
(5.13732e-05 3.5585e-05 0.0145819)
(-0.000166021 -4.79372e-05 0.0147467)
(-0.000117213 -3.6234e-05 0.014845)
(-3.03633e-05 -4.45289e-05 0.0148313)
(4.82813e-05 -3.16195e-05 0.014617)
(-0.000147319 -8.82531e-05 0.0146138)
(-0.000134083 -6.2955e-05 0.0147438)
(-5.61949e-05 -4.51886e-05 0.0148288)
(6.56638e-05 -1.82037e-05 0.0146122)
(4.45902e-05 -3.10526e-05 0.0148624)
(0.00012983 -2.62042e-05 0.0148579)
(0.000184477 -4.19196e-05 0.014775)
(0.000188705 -6.69136e-05 0.0146355)
(1.0621e-05 -3.01582e-05 0.0147955)
(9.25973e-05 -2.22508e-05 0.0148088)
(0.000152784 -4.1217e-05 0.014745)
(0.000170051 -6.5275e-05 0.0146084)
(-1.34302e-05 -3.08438e-05 0.0147112)
(6.13629e-05 -1.75e-05 0.0147478)
(0.000130798 -3.76926e-05 0.0147213)
(0.000171657 -5.80704e-05 0.0145879)
(-2.21081e-05 -2.3624e-05 0.0146006)
(4.36341e-05 6.70349e-06 0.0146429)
(0.000116416 3.73965e-06 0.0146501)
(0.000182119 -1.1325e-05 0.0145149)
(7.99393e-05 -5.87835e-05 0.0147463)
(0.000137141 -6.51558e-05 0.0147528)
(0.000170749 -8.37549e-05 0.0147095)
(0.000170006 -0.000104956 0.0146322)
(5.23621e-05 -4.22477e-05 0.0146872)
(0.000111617 -4.11733e-05 0.0147052)
(0.000152292 -5.96694e-05 0.0146752)
(0.000160858 -8.15731e-05 0.0145999)
(2.95762e-05 -2.56001e-05 0.0146039)
(8.87349e-05 -1.59739e-05 0.0146315)
(0.000138176 -3.15697e-05 0.0146191)
(0.000161725 -5.31228e-05 0.0145455)
(1.4055e-05 -4.66872e-06 0.0144923)
(7.24671e-05 1.80157e-05 0.014517)
(0.000127661 1.2628e-05 0.0145152)
(0.000166119 -7.45547e-06 0.0144395)
(7.15677e-05 -5.86426e-05 0.0146525)
(0.000107234 -6.70795e-05 0.0146716)
(0.000127211 -8.20001e-05 0.0146558)
(0.000126319 -9.73e-05 0.0146161)
(5.10834e-05 -4.04261e-05 0.0145932)
(8.93425e-05 -4.18602e-05 0.0146191)
(0.000114979 -5.54005e-05 0.0146127)
(0.000120599 -7.12188e-05 0.0145755)
(3.3011e-05 -2.15707e-05 0.0145083)
(7.26501e-05 -1.58483e-05 0.0145365)
(0.000104867 -2.61609e-05 0.0145381)
(0.000119553 -4.20525e-05 0.0145019)
(1.85944e-05 -5.91519e-07 0.0143956)
(5.94528e-05 1.40782e-05 0.0144164)
(9.68495e-05 9.86911e-06 0.014419)
(0.000120612 -5.81631e-06 0.0143804)
(5.41216e-05 -5.02211e-05 0.0145823)
(7.62087e-05 -5.76351e-05 0.014611)
(8.83602e-05 -6.84459e-05 0.0146123)
(8.83062e-05 -7.90005e-05 0.0145943)
(3.95023e-05 -3.45701e-05 0.0145208)
(6.3676e-05 -3.63788e-05 0.0145536)
(7.97436e-05 -4.55332e-05 0.0145621)
(8.39698e-05 -5.62478e-05 0.0145469)
(2.61761e-05 -1.82154e-05 0.0144337)
(5.1771e-05 -1.47263e-05 0.0144654)
(7.23935e-05 -2.12021e-05 0.0144777)
(8.2386e-05 -3.1951e-05 0.0144633)
(1.47194e-05 -8.30121e-07 0.0143198)
(4.17785e-05 8.67714e-06 0.0143421)
(6.63619e-05 5.96036e-06 0.0143515)
(8.20544e-05 -4.82378e-06 0.0143345)
(3.84283e-05 -4.0651e-05 0.0145314)
(5.25514e-05 -4.64399e-05 0.0145668)
(6.04796e-05 -5.40497e-05 0.0145785)
(6.13745e-05 -6.13177e-05 0.0145727)
(2.80835e-05 -2.82978e-05 0.0144676)
(4.37067e-05 -2.98184e-05 0.0145056)
(5.42519e-05 -3.59014e-05 0.0145233)
(5.80019e-05 -4.31375e-05 0.0145204)
(1.84765e-05 -1.5296e-05 0.0143787)
(3.52244e-05 -1.29792e-05 0.0144138)
(4.88425e-05 -1.69778e-05 0.0144333)
(5.63023e-05 -2.41367e-05 0.0144313)
(9.83632e-06 -1.81169e-06 0.0142639)
(2.78167e-05 4.65167e-06 0.0142887)
(4.42985e-05 3.12642e-06 0.0143037)
(5.54635e-05 -4.01934e-06 0.0142991)
(2.66381e-05 -3.20736e-05 0.0144945)
(3.60923e-05 -3.63776e-05 0.0145345)
(4.16703e-05 -4.17066e-05 0.0145524)
(4.31532e-05 -4.67511e-05 0.0145537)
(1.9276e-05 -2.26651e-05 0.0144288)
(2.97697e-05 -2.3771e-05 0.0144704)
(3.7105e-05 -2.78222e-05 0.0144936)
(4.05429e-05 -3.27565e-05 0.0144979)
(1.23633e-05 -1.27011e-05 0.0143384)
(2.36691e-05 -1.10096e-05 0.0143762)
(3.30825e-05 -1.34589e-05 0.0144004)
(3.89838e-05 -1.82542e-05 0.0144056)
(5.95306e-06 -2.5191e-06 0.014223)
(1.81852e-05 2.12353e-06 0.01425)
(2.96357e-05 1.41039e-06 0.014269)
(3.8033e-05 -3.29782e-06 0.0142715)
(1.83207e-05 -2.49343e-05 0.0144676)
(2.49213e-05 -2.8062e-05 0.0145106)
(2.90691e-05 -3.18013e-05 0.0145323)
(3.07776e-05 -3.53319e-05 0.0145378)
(1.30331e-05 -1.78887e-05 0.0144004)
(2.03462e-05 -1.8633e-05 0.0144444)
(2.56964e-05 -2.13503e-05 0.0144711)
(2.87819e-05 -2.47537e-05 0.0144795)
(8.0365e-06 -1.03861e-05 0.0143089)
(1.59118e-05 -9.07005e-06 0.0143486)
(2.26852e-05 -1.05594e-05 0.0143758)
(2.74601e-05 -1.38077e-05 0.0143851)
(3.30233e-06 -2.79033e-06 0.014193)
(1.18383e-05 6.80133e-07 0.0142217)
(2.00586e-05 4.6591e-07 0.0142433)
(2.65682e-05 -2.65349e-06 0.01425)
(1.25925e-05 -1.91856e-05 0.0144478)
(1.73443e-05 -2.14326e-05 0.0144927)
(2.05215e-05 -2.40665e-05 0.014517)
(2.22049e-05 -2.65549e-05 0.014525)
(8.76488e-06 -1.39555e-05 0.0143795)
(1.40048e-05 -1.44298e-05 0.0144251)
(1.80214e-05 -1.62664e-05 0.0144539)
(2.06962e-05 -1.86372e-05 0.0144649)
(5.13482e-06 -8.3583e-06 0.0142873)
(1.07562e-05 -7.30393e-06 0.0143282)
(1.57615e-05 -8.20146e-06 0.0143573)
(1.96249e-05 -1.04268e-05 0.0143692)
(1.64193e-06 -2.72472e-06 0.0141711)
(7.72273e-06 -7.32146e-08 0.0142008)
(1.37593e-05 -1.14479e-08 0.0142242)
(1.88559e-05 -2.09741e-06 0.0142334)
(8.67902e-06 -1.46434e-05 0.0144333)
(1.21654e-05 -1.6249e-05 0.0144795)
(1.46258e-05 -1.81117e-05 0.0145052)
(1.61451e-05 -1.98754e-05 0.014515)
(5.89275e-06 -1.07797e-05 0.0143642)
(9.71509e-06 -1.10686e-05 0.0144107)
(1.27712e-05 -1.23188e-05 0.0144409)
(1.50145e-05 -1.39833e-05 0.0144535)
(3.24518e-06 -6.62624e-06 0.0142713)
(7.32436e-06 -5.77656e-06 0.014313)
(1.10762e-05 -6.31141e-06 0.0143433)
(1.41708e-05 -7.85087e-06 0.0143568)
(6.68801e-07 -2.46094e-06 0.0141549)
(5.0637e-06 -4.18214e-07 0.0141853)
(9.5543e-06 -2.24536e-07 0.0142098)
(1.35387e-05 -1.63345e-06 0.0142206)
(6.00694e-06 -1.10998e-05 0.0144225)
(8.59062e-06 -1.22446e-05 0.0144695)
(1.04959e-05 -1.35668e-05 0.0144964)
(1.17925e-05 -1.48222e-05 0.0145072)
(3.97191e-06 -8.25419e-06 0.0143528)
(6.78834e-06 -8.42249e-06 0.0143999)
(9.12162e-06 -9.27912e-06 0.014431)
(1.09513e-05 -1.04548e-05 0.0144448)
(2.03623e-06 -5.18282e-06 0.0142596)
(5.02542e-06 -4.50231e-06 0.0143017)
(7.85342e-06 -4.81663e-06 0.0143328)
(1.02996e-05 -5.89017e-06 0.0143473)
(1.36831e-07 -2.10945e-06 0.014143)
(3.34217e-06 -5.35557e-07 0.0141738)
(6.70179e-06 -2.95994e-07 0.014199)
(9.79579e-06 -1.25673e-06 0.0142109)
(4.17638e-06 -8.36042e-06 0.0144146)
(6.09831e-06 -9.17615e-06 0.0144622)
(7.56568e-06 -1.01175e-05 0.0144897)
(8.63031e-06 -1.10139e-05 0.0145013)
(2.68795e-06 -6.26967e-06 0.0143444)
(4.77224e-06 -6.36285e-06 0.0143919)
(6.54955e-06 -6.95323e-06 0.0144236)
(8.00786e-06 -7.78736e-06 0.0144381)
(1.27147e-06 -4.00507e-06 0.0142509)
(3.47232e-06 -3.4662e-06 0.0142933)
(5.60406e-06 -3.64772e-06 0.0143249)
(7.51181e-06 -4.40107e-06 0.0143401)
(-1.27213e-07 -1.74181e-06 0.0141342)
(2.2217e-06 -5.34548e-07 0.0141652)
(4.73736e-06 -2.96331e-07 0.0141909)
(7.11887e-06 -9.57008e-07 0.0142035)
(2.91499e-06 -6.25618e-06 0.0144087)
(4.34376e-06 -6.83734e-06 0.0144567)
(5.46451e-06 -7.50867e-06 0.0144847)
(6.31378e-06 -8.14985e-06 0.0144968)
(1.82693e-06 -4.72433e-06 0.0143382)
(3.36962e-06 -4.77252e-06 0.014386)
(4.71571e-06 -5.18134e-06 0.014418)
(5.8557e-06 -5.77478e-06 0.0144331)
(7.91219e-07 -3.06003e-06 0.0142445)
(2.41293e-06 -2.63902e-06 0.0142871)
(4.01411e-06 -2.74151e-06 0.014319)
(5.48247e-06 -3.27249e-06 0.0143347)
(-2.36398e-07 -1.39773e-06 0.0141278)
(1.48699e-06 -4.78309e-07 0.0141589)
(3.36593e-06 -2.6456e-07 0.0141848)
(5.18119e-06 -7.21987e-07 0.0141979)
(2.03896e-06 -4.64581e-06 0.0144044)
(3.09651e-06 -5.05931e-06 0.0144526)
(3.9436e-06 -5.53798e-06 0.0144809)
(4.60521e-06 -5.99636e-06 0.0144934)
(1.24596e-06 -3.52823e-06 0.0143337)
(2.38371e-06 -3.55056e-06 0.0143816)
(3.39463e-06 -3.83446e-06 0.0144139)
(4.27018e-06 -4.25685e-06 0.0144293)
(4.91001e-07 -2.31082e-06 0.0142398)
(1.68259e-06 -1.98674e-06 0.0142825)
(2.87731e-06 -2.04289e-06 0.0143146)
(3.99246e-06 -2.41786e-06 0.0143306)
(-2.60826e-07 -1.09514e-06 0.014123)
(1.00075e-06 -4.01546e-07 0.0141542)
(2.39627e-06 -2.21354e-07 0.0141803)
(3.76489e-06 -5.39428e-07 0.0141937)
(1.42461e-06 -3.41402e-06 0.0144013)
(2.20061e-06 -3.70701e-06 0.0144496)
(2.83225e-06 -4.04701e-06 0.0144782)
(3.33628e-06 -4.37338e-06 0.014491)
(8.50498e-07 -2.60468e-06 0.0143304)
(1.68296e-06 -2.61295e-06 0.0143784)
(2.43316e-06 -2.81003e-06 0.0144109)
(3.09343e-06 -3.10969e-06 0.0144265)
(3.03871e-07 -1.7211e-06 0.0142364)
(1.17311e-06 -1.47588e-06 0.0142791)
(2.05529e-06 -1.50543e-06 0.0143113)
(2.88938e-06 -1.76973e-06 0.0143276)
(-2.42053e-07 -8.38699e-07 0.0141196)
(6.75372e-07 -3.22095e-07 0.0141508)
(1.70203e-06 -1.76985e-07 0.014177)
(2.72016e-06 -3.98269e-07 0.0141906)
(9.88844e-07 -2.46874e-06 0.014399)
(1.54968e-06 -2.67435e-06 0.0144475)
(2.01182e-06 -2.91349e-06 0.0144762)
(2.38628e-06 -3.14348e-06 0.0144891)
(5.78467e-07 -1.89033e-06 0.014328)
(1.17883e-06 -1.89167e-06 0.0143761)
(1.72579e-06 -2.02765e-06 0.0144087)
(2.21275e-06 -2.23829e-06 0.0144244)
(1.87652e-07 -1.25774e-06 0.0142339)
(8.13113e-07 -1.07634e-06 0.0142766)
(1.4539e-06 -1.09113e-06 0.014309)
(2.06541e-06 -1.27598e-06 0.0143254)
(-2.03537e-07 -6.25783e-07 0.0141171)
(4.54928e-07 -2.48098e-07 0.0141483)
(1.19854e-06 -1.35961e-07 0.0141746)
(1.94202e-06 -2.89082e-07 0.0141883)
(6.77123e-07 -1.73922e-06 0.0143974)
(1.0724e-06 -1.88079e-06 0.0144459)
(1.4011e-06 -2.04571e-06 0.0144747)
(1.6703e-06 -2.20456e-06 0.0144878)
(3.90256e-07 -1.33529e-06 0.0143263)
(8.12866e-07 -1.33381e-06 0.0143744)
(1.20092e-06 -1.42633e-06 0.0144071)
(1.54917e-06 -1.57169e-06 0.014423)
(1.16867e-07 -8.92986e-07 0.0142322)
(5.56525e-07 -7.6302e-07 0.0142749)
(1.00997e-06 -7.70178e-07 0.0143073)
(1.44547e-06 -8.97389e-07 0.0143239)
(-1.57357e-07 -4.50664e-07 0.0141153)
(3.0467e-07 -1.82279e-07 0.0141465)
(8.29833e-07 -9.96471e-08 0.0141729)
(1.35791e-06 -2.04257e-07 0.0141867)
(4.55736e-07 -1.17493e-06 0.0143963)
(7.24188e-07 -1.26998e-06 0.0144449)
(9.4916e-07 -1.38024e-06 0.0144737)
(1.13449e-06 -1.4865e-06 0.0144869)
(2.61637e-07 -9.02971e-07 0.0143251)
(5.48763e-07 -9.01514e-07 0.0143732)
(8.13945e-07 -9.63218e-07 0.014406)
(1.05279e-06 -1.06086e-06 0.014422)
(7.61337e-08 -6.05241e-07 0.014231)
(3.74911e-07 -5.16842e-07 0.0142737)
(6.84379e-07 -5.20936e-07 0.0143061)
(9.82302e-07 -6.06599e-07 0.0143228)
(-1.0992e-07 -3.07255e-07 0.0141141)
(2.03577e-07 -1.24786e-07 0.0141452)
(5.61566e-07 -6.77294e-08 0.0141717)
(9.22414e-07 -1.38123e-07 0.0141856)
(3.13717e-07 -7.49935e-07 0.0143955)
(4.89037e-07 -8.10645e-07 0.0144442)
(6.35612e-07 -8.8168e-07 0.0144731)
(7.56289e-07 -9.50336e-07 0.0144864)
(1.8675e-07 -5.74564e-07 0.0143244)
(3.7535e-07 -5.73058e-07 0.0143725)
(5.48066e-07 -6.14044e-07 0.0144053)
(7.03219e-07 -6.78512e-07 0.0144213)
(6.47602e-08 -3.84765e-07 0.0142302)
(2.61927e-07 -3.27202e-07 0.0142729)
(4.63664e-07 -3.3149e-07 0.0143054)
(6.57156e-07 -3.88908e-07 0.0143221)
(-5.87678e-08 -1.91854e-07 0.0141133)
(1.49114e-07 -7.3639e-08 0.0141445)
(3.83288e-07 -3.89427e-08 0.0141709)
(6.18323e-07 -8.75143e-08 0.0141849)
(2.25868e-07 -4.52723e-07 0.014395)
(3.41215e-07 -5.00938e-07 0.0144437)
(4.44224e-07 -5.50579e-07 0.0144726)
(5.28682e-07 -5.97024e-07 0.0144859)
(1.39978e-07 -3.43004e-07 0.0143238)
(2.63942e-07 -3.49607e-07 0.0143719)
(3.85198e-07 -3.7924e-07 0.0144047)
(4.93563e-07 -4.2416e-07 0.0144208)
(5.50039e-08 -2.2245e-07 0.0142296)
(1.85701e-07 -1.89091e-07 0.0142723)
(3.27595e-07 -1.93491e-07 0.0143048)
(4.62743e-07 -2.35011e-07 0.0143215)
(-2.41467e-08 -1.04173e-07 0.0141126)
(1.13363e-07 -3.06405e-08 0.0141438)
(2.75861e-07 -9.43844e-09 0.0141703)
(4.37998e-07 -4.6074e-08 0.0141843)
(-0.000871652 -0.00168584 0.00972711)
(-0.00359243 -0.00161617 0.00399715)
(-0.00121729 0.000133968 0.000611208)
(-5.60659e-05 0.000292161 0.00102687)
(-0.00132546 -0.0016294 0.00588854)
(0.00193129 -0.000621392 0.00170175)
(-0.000682405 -0.00263409 0.00568368)
(0.0030573 -0.000236165 0.00181462)
(0.0055989 0.00215359 0.00441381)
(0.00231967 -0.000486649 0.00297744)
(0.000228724 -0.00151604 0.00441814)
(0.00151669 -0.000456361 0.00189488)
(0.00268286 0.00410726 0.0130995)
(0.000457294 0.00412455 0.0124167)
(-0.00249706 0.00167117 0.00892412)
(-0.000109491 -0.000119519 0.00120913)
(0.000630322 -0.00100756 0.0205689)
(0.00156796 0.000163624 0.0230398)
(0.0014215 0.000776855 0.0227091)
(5.37872e-05 0.000579773 0.0263863)
(0.000108944 -0.000446434 0.0208115)
(0.00029353 -0.000344912 0.0233408)
(0.000610291 -0.000716867 0.0225864)
(0.000612246 -0.000473956 0.0252329)
(-0.000169903 -0.000827429 0.0210912)
(-0.000261998 -0.00125788 0.0223395)
(0.000362978 -0.00128018 0.0225097)
(0.00052465 -0.000970507 0.0261246)
(-0.000114288 -0.000845094 0.0166345)
(0.000494593 -0.0013931 0.0177143)
(0.001184 -0.00171317 0.0196929)
(0.00114906 -0.00152763 0.0228959)
(0.000157922 4.03706e-05 0.01276)
(0.000257232 0.00030141 0.013466)
(-3.55397e-05 0.000304755 0.0139822)
(-0.000302479 -2.25999e-05 0.0147559)
(3.57096e-05 -0.000110262 0.012672)
(-0.000124266 -1.45195e-05 0.0133293)
(-0.000375509 2.75027e-06 0.0139305)
(-0.000413178 -0.000112755 0.0146316)
(-0.000154358 -0.000287074 0.0118864)
(-0.00040663 -0.000249931 0.0125335)
(-0.000612211 -7.27792e-05 0.0132125)
(-0.000551554 1.75107e-06 0.0141244)
(-0.000418289 -0.000510597 0.0124929)
(-0.000499788 -0.000458886 0.0126169)
(-0.000560606 -0.000277838 0.0127431)
(-0.000507938 -0.000102259 0.0130674)
(-0.000101295 -7.75998e-06 0.0142672)
(-0.000230936 5.87758e-05 0.0146043)
(-0.000240974 -4.93126e-06 0.0151013)
(-0.000133565 -0.000207333 0.0155127)
(-9.41357e-05 4.02589e-05 0.0144279)
(-0.000266181 0.000135153 0.0146834)
(-0.000329004 0.000157055 0.0151588)
(-0.000265619 4.77842e-05 0.0156257)
(-0.000126539 4.07274e-05 0.0141875)
(-0.000325001 0.000179437 0.0144525)
(-0.000410236 0.000296096 0.0149104)
(-0.000387742 0.00031929 0.0154206)
(-0.000277307 -0.000195976 0.0143821)
(-0.000389413 -4.74113e-05 0.0145275)
(-0.000451635 0.000128259 0.0147428)
(-0.000471269 0.000280621 0.0150234)
(-6.74115e-05 -0.000146449 0.0145235)
(-0.000127964 -0.000129546 0.0148209)
(-8.87684e-05 -0.000170893 0.0151207)
(3.44638e-05 -0.000274658 0.0153173)
(-6.76815e-05 -7.01938e-05 0.0145891)
(-0.000134479 -2.8723e-05 0.0148446)
(-0.000130384 -2.67046e-05 0.0151299)
(-4.47818e-05 -9.4008e-05 0.015369)
(-7.55302e-05 -3.64161e-05 0.0144232)
(-0.000146026 2.58435e-05 0.0146702)
(-0.000160035 7.39416e-05 0.0149485)
(-0.000109488 7.17728e-05 0.0152216)
(-0.00013261 -0.000123279 0.0144422)
(-0.000160938 -6.33379e-05 0.0146095)
(-0.000168876 1.45191e-05 0.0147825)
(-0.000152375 7.71908e-05 0.0149703)
(-2.61891e-05 -0.000172064 0.014533)
(-2.68723e-05 -0.000172516 0.0147365)
(2.36478e-05 -0.000200748 0.0149051)
(0.000115363 -0.000255423 0.0149982)
(-3.65694e-05 -9.93816e-05 0.0145651)
(-4.13075e-05 -9.40811e-05 0.0147494)
(-8.05645e-06 -0.000108521 0.0149154)
(6.76277e-05 -0.000152204 0.0150314)
(-3.90165e-05 -5.33153e-05 0.0144917)
(-4.84937e-05 -4.14478e-05 0.0146676)
(-2.59123e-05 -3.78165e-05 0.0148333)
(3.03622e-05 -5.63999e-05 0.0149691)
(-5.59789e-05 -6.57378e-05 0.0144984)
(-5.17153e-05 -5.46937e-05 0.0146322)
(-3.17468e-05 -3.86778e-05 0.0147518)
(1.0691e-06 -3.10463e-05 0.0148576)
(-7.12765e-06 -0.000152674 0.014485)
(1.73118e-05 -0.000158021 0.0146421)
(6.42562e-05 -0.000176593 0.0147585)
(0.000127972 -0.000207296 0.014818)
(-1.96016e-05 -9.51964e-05 0.0144985)
(6.46626e-07 -0.000101883 0.0146492)
(3.96197e-05 -0.000118444 0.014768)
(9.67137e-05 -0.000147735 0.0148405)
(-2.09988e-05 -5.31457e-05 0.0144595)
(-5.8751e-06 -5.94969e-05 0.0146043)
(2.51198e-05 -7.0403e-05 0.0147243)
(7.09687e-05 -9.10294e-05 0.0148099)
(-2.12365e-05 -3.87703e-05 0.0144442)
(-4.93293e-06 -4.63842e-05 0.0145672)
(1.96147e-05 -5.27878e-05 0.0146675)
(4.95223e-05 -6.33132e-05 0.0147448)
(2.15252e-07 -0.000123408 0.0144189)
(2.84538e-05 -0.000129651 0.0145599)
(6.58653e-05 -0.000142322 0.0146575)
(0.000108695 -0.000160764 0.0147072)
(-1.15744e-05 -8.11462e-05 0.0144253)
(1.36946e-05 -9.04852e-05 0.0145631)
(4.73903e-05 -0.000104745 0.0146634)
(8.7497e-05 -0.000124692 0.0147215)
(-1.26463e-05 -4.6749e-05 0.0143994)
(7.75993e-06 -5.78849e-05 0.0145318)
(3.54474e-05 -7.13683e-05 0.0146337)
(6.89505e-05 -8.90225e-05 0.0147015)
(-7.68036e-06 -2.51966e-05 0.0143755)
(9.3132e-06 -3.77944e-05 0.0144933)
(3.03732e-05 -5.01297e-05 0.0145858)
(5.33844e-05 -6.43215e-05 0.0146531)
(2.11099e-06 -9.64265e-05 0.0143582)
(2.65637e-05 -0.000101986 0.0144934)
(5.4225e-05 -0.000110887 0.0145855)
(8.27064e-05 -0.000122688 0.0146349)
(-7.85495e-06 -6.59892e-05 0.0143607)
(1.46737e-05 -7.4708e-05 0.0144936)
(4.05987e-05 -8.59231e-05 0.014588)
(6.80515e-05 -9.97475e-05 0.0146434)
(-9.05779e-06 -3.91319e-05 0.0143395)
(9.48807e-06 -5.00515e-05 0.0144672)
(3.11339e-05 -6.21599e-05 0.014563)
(5.46854e-05 -7.60033e-05 0.0146261)
(-3.58561e-06 -1.85463e-05 0.0143123)
(1.07468e-05 -3.06209e-05 0.0144282)
(2.69321e-05 -4.27441e-05 0.0145185)
(4.36215e-05 -5.57061e-05 0.0145833)
(2.08274e-06 -7.40645e-05 0.0143099)
(2.11155e-05 -7.86249e-05 0.0144438)
(4.09325e-05 -8.50307e-05 0.0145355)
(5.99797e-05 -9.29594e-05 0.0145875)
(-5.95507e-06 -5.22948e-05 0.0143095)
(1.1907e-05 -5.94973e-05 0.0144412)
(3.09411e-05 -6.80248e-05 0.0145347)
(4.9695e-05 -7.77764e-05 0.0145914)
(-7.25758e-06 -3.18987e-05 0.0142894)
(7.60204e-06 -4.10677e-05 0.0144159)
(2.36666e-05 -5.08666e-05 0.0145105)
(4.0071e-05 -6.13501e-05 0.0145736)
(-2.70943e-06 -1.47169e-05 0.0142613)
(8.45988e-06 -2.47234e-05 0.0143768)
(2.04031e-05 -3.48652e-05 0.014467)
(3.22835e-05 -4.53909e-05 0.0145321)
(1.55417e-06 -5.6329e-05 0.0142738)
(1.56703e-05 -5.9929e-05 0.0144078)
(2.97e-05 -6.46053e-05 0.0145007)
(4.26041e-05 -7.01065e-05 0.0145559)
(-4.76851e-06 -4.0775e-05 0.0142708)
(8.67099e-06 -4.64198e-05 0.0144026)
(2.2384e-05 -5.28103e-05 0.014497)
(3.53053e-05 -5.9779e-05 0.014556)
(-6.07288e-06 -2.55507e-05 0.0142504)
(5.20773e-06 -3.27675e-05 0.0143769)
(1.689e-05 -4.03477e-05 0.014472)
(2.83699e-05 -4.81634e-05 0.0145367)
(-2.677e-06 -1.20365e-05 0.0142219)
(5.73901e-06 -1.9844e-05 0.0143376)
(1.44376e-05 -2.78012e-05 0.0144285)
(2.28955e-05 -3.59384e-05 0.0144947)
(1.02106e-06 -4.25523e-05 0.0142474)
(1.12461e-05 -4.53327e-05 0.0143821)
(2.11455e-05 -4.87698e-05 0.0144765)
(3.0013e-05 -5.2662e-05 0.0145344)
(-3.87898e-06 -3.14331e-05 0.0142422)
(5.97609e-06 -3.57396e-05 0.0143746)
(1.57878e-05 -4.04913e-05 0.0144702)
(2.47922e-05 -4.55109e-05 0.0145315)
(-5.09799e-06 -2.01882e-05 0.0142211)
(3.24805e-06 -2.56889e-05 0.014348)
(1.16824e-05 -3.14195e-05 0.014444)
(1.97873e-05 -3.71983e-05 0.0145104)
(-2.6898e-06 -9.86865e-06 0.0141924)
(3.55304e-06 -1.57849e-05 0.0143083)
(9.87059e-06 -2.18401e-05 0.0144)
(1.5927e-05 -2.79824e-05 0.0144674)
(6.14497e-07 -3.19786e-05 0.0142285)
(7.93498e-06 -3.40958e-05 0.0143638)
(1.49238e-05 -3.66284e-05 0.0144596)
(2.10955e-05 -3.9414e-05 0.0145196)
(-3.14545e-06 -2.40245e-05 0.0142214)
(3.98866e-06 -2.72593e-05 0.0143543)
(1.09987e-05 -3.07741e-05 0.0144511)
(1.73404e-05 -3.44054e-05 0.0145142)
(-4.22535e-06 -1.57718e-05 0.0141994)
(1.87248e-06 -1.98914e-05 0.0143267)
(7.95182e-06 -2.41677e-05 0.0144237)
(1.37236e-05 -2.84189e-05 0.0144915)
(-2.56166e-06 -8.01384e-06 0.0141705)
(2.03476e-06 -1.24293e-05 0.0142867)
(6.62593e-06 -1.69636e-05 0.014379)
(1.09899e-05 -2.1541e-05 0.0144474)
(3.3998e-07 -2.39289e-05 0.014215)
(5.55333e-06 -2.55252e-05 0.0143509)
(1.04984e-05 -2.73918e-05 0.0144477)
(1.48387e-05 -2.9399e-05 0.0145092)
(-2.5236e-06 -1.82354e-05 0.0142063)
(2.60914e-06 -2.06419e-05 0.0143397)
(7.62189e-06 -2.32319e-05 0.0144374)
(1.21272e-05 -2.58648e-05 0.0145019)
(-3.44221e-06 -1.22019e-05 0.0141835)
(9.86519e-07 -1.52561e-05 0.0143111)
(5.37108e-06 -1.84222e-05 0.0144088)
(9.51011e-06 -2.15394e-05 0.0144778)
(-2.30746e-06 -6.42013e-06 0.0141543)
(1.06443e-06 -9.68814e-06 0.0142707)
(4.40591e-06 -1.30532e-05 0.0143636)
(7.5661e-06 -1.64397e-05 0.0144328)
(1.68439e-07 -1.78367e-05 0.0142054)
(3.87444e-06 -1.90314e-05 0.0143417)
(7.38314e-06 -2.0406e-05 0.0144392)
(1.046e-05 -2.18579e-05 0.0145019)
(-1.99876e-06 -1.37589e-05 0.0141955)
(1.68463e-06 -1.55379e-05 0.0143292)
(5.27538e-06 -1.74408e-05 0.0144275)
(8.49706e-06 -1.93518e-05 0.0144931)
(-2.75618e-06 -9.35816e-06 0.0141718)
(4.5178e-07 -1.16088e-05 0.0142998)
(3.61808e-06 -1.3941e-05 0.0143981)
(6.60144e-06 -1.62214e-05 0.0144678)
(-1.98622e-06 -5.07201e-06 0.0141424)
(4.82573e-07 -7.47914e-06 0.014259)
(2.91759e-06 -9.96293e-06 0.0143522)
(5.21391e-06 -1.24571e-05 0.014422)
(6.80342e-08 -1.32453e-05 0.0141986)
(2.70218e-06 -1.41342e-05 0.0143351)
(5.19825e-06 -1.51446e-05 0.0144333)
(7.39192e-06 -1.61968e-05 0.0144968)
(-1.5625e-06 -1.03233e-05 0.0141876)
(1.07852e-06 -1.16324e-05 0.0143216)
(3.65491e-06 -1.30268e-05 0.0144205)
(5.96895e-06 -1.4414e-05 0.0144868)
(-2.17177e-06 -7.11922e-06 0.0141634)
(1.49009e-07 -8.77076e-06 0.0142915)
(2.43794e-06 -1.04824e-05 0.0143902)
(4.59523e-06 -1.21473e-05 0.0144606)
(-1.64979e-06 -3.95406e-06 0.0141336)
(1.5512e-07 -5.72127e-06 0.0142503)
(1.93051e-06 -7.54766e-06 0.0143439)
(3.6021e-06 -9.37858e-06 0.0144141)
(1.33791e-08 -9.79355e-06 0.0141937)
(1.88603e-06 -1.04512e-05 0.0143305)
(3.66477e-06 -1.11919e-05 0.014429)
(5.23404e-06 -1.19545e-05 0.0144931)
(-1.20583e-06 -7.70018e-06 0.014182)
(6.86692e-07 -8.65949e-06 0.0143161)
(2.5367e-06 -9.67822e-06 0.0144154)
(4.20256e-06 -1.06842e-05 0.0144822)
(-1.68595e-06 -5.37212e-06 0.0141573)
(-9.02321e-09 -6.57963e-06 0.0142855)
(1.64575e-06 -7.83141e-06 0.0143845)
(3.20756e-06 -9.04403e-06 0.0144553)
(-1.33163e-06 -3.04364e-06 0.0141272)
(-1.46554e-08 -4.33699e-06 0.014244)
(1.27883e-06 -5.67523e-06 0.0143378)
(2.49563e-06 -7.01491e-06 0.0144083)
(-1.3365e-08 -7.2e-06 0.0141903)
(1.31677e-06 -7.68332e-06 0.0143272)
(2.58411e-06 -8.2239e-06 0.014426)
(3.70728e-06 -8.77529e-06 0.0144905)
(-9.18265e-07 -5.70282e-06 0.0141779)
(4.35588e-07 -6.40222e-06 0.0143122)
(1.76257e-06 -7.14326e-06 0.0144117)
(2.96125e-06 -7.87065e-06 0.0144789)
(-1.28964e-06 -4.01702e-06 0.0141528)
(-8.09617e-08 -4.89584e-06 0.0142811)
(1.11312e-06 -5.80711e-06 0.0143804)
(2.24226e-06 -6.68696e-06 0.0144515)
(-1.04873e-06 -2.31264e-06 0.0141226)
(-9.11769e-08 -3.25514e-06 0.0142394)
(8.48556e-07 -4.23117e-06 0.0143333)
(1.73216e-06 -5.20704e-06 0.0144041)
(-2.38422e-08 -5.24712e-06 0.0141878)
(9.17425e-07 -5.59905e-06 0.0143248)
(1.81712e-06 -5.99048e-06 0.0144239)
(2.61813e-06 -6.3868e-06 0.0144886)
(-6.88569e-07 -4.18148e-06 0.014175)
(2.75467e-07 -4.6874e-06 0.0143094)
(1.22298e-06 -5.22248e-06 0.0144091)
(2.0817e-06 -5.74517e-06 0.0144766)
(-9.70377e-07 -2.96863e-06 0.0141496)
(-1.04013e-07 -3.60355e-06 0.014278)
(7.53057e-07 -4.262e-06 0.0143774)
(1.56515e-06 -4.896e-06 0.0144487)
(-8.06602e-07 -1.73103e-06 0.0141192)
(-1.15026e-07 -2.4129e-06 0.014236)
(5.63394e-07 -3.11944e-06 0.0143301)
(1.20114e-06 -3.82504e-06 0.014401)
(-2.5243e-08 -3.76869e-06 0.0141861)
(6.3471e-07 -4.02114e-06 0.0143232)
(1.26728e-06 -4.30066e-06 0.0144223)
(1.83284e-06 -4.58203e-06 0.0144873)
(-5.05779e-07 -3.01817e-06 0.014173)
(1.7372e-07 -3.37928e-06 0.0143074)
(8.43196e-07 -3.76058e-06 0.0144072)
(1.45181e-06 -4.13156e-06 0.0144749)
(-7.14669e-07 -2.15622e-06 0.0141473)
(-1.00599e-07 -2.60905e-06 0.0142757)
(5.07667e-07 -3.07862e-06 0.0143752)
(1.08513e-06 -3.52966e-06 0.0144467)
(-6.03818e-07 -1.26987e-06 0.0141167)
(-1.1054e-07 -1.75688e-06 0.0142336)
(3.73241e-07 -2.26166e-06 0.0143277)
(8.27978e-07 -2.76518e-06 0.0143987)
(-2.17844e-08 -2.64136e-06 0.0141849)
(4.32653e-07 -2.81789e-06 0.014322)
(8.68988e-07 -3.01266e-06 0.0144213)
(1.26054e-06 -3.20789e-06 0.0144863)
(-3.60236e-07 -2.12335e-06 0.0141715)
(1.09696e-07 -2.37516e-06 0.014306)
(5.73357e-07 -2.64061e-06 0.0144059)
(9.9606e-07 -2.89804e-06 0.0144737)
(-5.10037e-07 -1.52413e-06 0.0141457)
(-8.34147e-08 -1.83992e-06 0.0142741)
(3.39418e-07 -2.16717e-06 0.0143737)
(7.4161e-07 -2.48082e-06 0.0144453)
(-4.35704e-07 -9.04094e-07 0.014115)
(-9.12803e-08 -1.24428e-06 0.0142319)
(2.46278e-07 -1.59677e-06 0.0143261)
(5.63612e-07 -1.94793e-06 0.0143972)
(-1.5829e-08 -1.78121e-06 0.0141841)
(2.88446e-07 -1.89927e-06 0.0143213)
(5.805e-07 -2.02942e-06 0.0144206)
(8.43557e-07 -2.15976e-06 0.0144857)
(-2.44645e-07 -1.4347e-06 0.0141706)
(7.10264e-08 -1.60364e-06 0.014305)
(3.82331e-07 -1.78147e-06 0.014405)
(6.67102e-07 -1.95365e-06 0.0144729)
(-3.46608e-07 -1.03184e-06 0.0141446)
(-5.92371e-08 -1.24423e-06 0.0142731)
(2.25562e-07 -1.46411e-06 0.0143727)
(4.97193e-07 -1.67443e-06 0.0144444)
(-2.97397e-07 -6.13827e-07 0.0141138)
(-6.4882e-08 -8.43026e-07 0.0142308)
(1.63089e-07 -1.08057e-06 0.0143249)
(3.77561e-07 -1.31683e-06 0.0143961)
(-8.23077e-09 -1.14587e-06 0.0141836)
(1.91041e-07 -1.2182e-06 0.0143208)
(3.80649e-07 -1.29908e-06 0.0144201)
(5.52874e-07 -1.3811e-06 0.0144853)
(-1.55031e-07 -9.22874e-07 0.0141699)
(5.26153e-08 -1.02916e-06 0.0143044)
(2.54869e-07 -1.14122e-06 0.0144044)
(4.41869e-07 -1.25036e-06 0.0144723)
(-2.19587e-07 -6.63326e-07 0.0141439)
(-2.98097e-08 -7.99154e-07 0.0142724)
(1.55642e-07 -9.3892e-07 0.014372)
(3.34772e-07 -1.07281e-06 0.0144438)
(-1.8509e-07 -3.92279e-07 0.0141131)
(-3.13187e-08 -5.40709e-07 0.01423)
(1.1719e-07 -6.92902e-07 0.0143242)
(2.58418e-07 -8.4448e-07 0.0143954)
(-5.46444e-09 -7.28398e-07 0.0141831)
(1.28952e-07 -7.69051e-07 0.0143204)
(2.63529e-07 -8.1591e-07 0.0144197)
(3.82768e-07 -8.65335e-07 0.014485)
(-9.66804e-08 -5.73499e-07 0.0141694)
(4.27346e-08 -6.37168e-07 0.0143039)
(1.85641e-07 -7.06709e-07 0.014404)
(3.14319e-07 -7.75847e-07 0.0144719)
(-1.30433e-07 -3.9701e-07 0.0141433)
(-5.02686e-09 -4.80254e-07 0.0142718)
(1.24602e-07 -5.69777e-07 0.0143715)
(2.45965e-07 -6.56174e-07 0.0144433)
(-1.03642e-07 -2.25004e-07 0.0141125)
(-5.67469e-09 -3.16839e-07 0.0142294)
(9.49564e-08 -4.15489e-07 0.0143236)
(1.87891e-07 -5.12583e-07 0.0143948)
)
;

boundaryField
{
    inlet
    {
        type            uniformFixedValue;
        uniformValue    table
        
2
(
(0 (0 0 0.002))
(0.1 (0 0 0.02))
)
;
        value           uniform (0 0 0.0146);
    }
    outlet
    {
        type            zeroGradient;
    }
    wall
    {
        type            slip;
    }
    procBoundary2to0
    {
        type            processor;
        value           nonuniform List<vector> 
192
(
(2.50731e-05 6.54158e-05 0.00116234)
(8.64926e-06 0.000682187 0.00239669)
(3.77251e-05 0.000191466 0.00262582)
(0.000699959 0.000330018 0.000583597)
(-0.000468698 0.00120407 0.0252455)
(-0.000419192 0.0018628 0.025486)
(-0.000125853 0.00237068 0.0253152)
(-0.00134182 0.00187677 0.0252737)
(-9.33648e-05 -0.000155966 0.0143758)
(2.59275e-05 -3.78426e-05 0.0143952)
(0.000201343 0.000149829 0.0142451)
(7.4561e-05 0.000144039 0.013968)
(0.000148709 -0.000539246 0.0152408)
(0.000233577 -0.000556581 0.0151197)
(0.000331469 -0.000486864 0.0149187)
(0.000410473 -0.000401365 0.0146098)
(0.000252978 -0.000493488 0.0151148)
(0.000327762 -0.000535376 0.0149919)
(0.000383331 -0.000517992 0.0148143)
(0.000417776 -0.00046939 0.0145749)
(0.000264385 -0.000380042 0.0148731)
(0.000323084 -0.00041455 0.0147819)
(0.000352754 -0.000418442 0.0146513)
(0.000351011 -0.000402406 0.0144924)
(0.000223253 -0.000279811 0.0147432)
(0.000261958 -0.000303245 0.0146838)
(0.000275678 -0.000312329 0.0145962)
(0.000262236 -0.000310468 0.0144948)
(0.000168528 -0.000204761 0.014665)
(0.000192288 -0.000220088 0.0146306)
(0.00019809 -0.00022884 0.0145763)
(0.000184781 -0.000231796 0.0145137)
(0.000120642 -0.000150495 0.0146155)
(0.000135001 -0.000160628 0.0145993)
(0.000137394 -0.000167595 0.0145675)
(0.000127433 -0.00017137 0.0145294)
(8.45779e-05 -0.000111117 0.0145845)
(9.34291e-05 -0.000117942 0.0145806)
(9.45308e-05 -0.000123089 0.0145636)
(8.78824e-05 -0.000126342 0.0145406)
(5.89801e-05 -8.22364e-05 0.0145647)
(6.46572e-05 -8.69054e-05 0.0145692)
(6.53376e-05 -9.05832e-05 0.0145616)
(6.11613e-05 -9.30447e-05 0.014548)
(4.11848e-05 -6.08954e-05 0.0145518)
(4.49924e-05 -6.41282e-05 0.014562)
(4.55554e-05 -6.67159e-05 0.0145605)
(4.3036e-05 -6.84723e-05 0.0145528)
(2.88698e-05 -4.50679e-05 0.0145432)
(3.15241e-05 -4.73273e-05 0.0145572)
(3.20473e-05 -4.91368e-05 0.0145597)
(3.05783e-05 -5.03547e-05 0.0145559)
(2.03294e-05 -3.33159e-05 0.0145374)
(2.22324e-05 -3.49069e-05 0.0145539)
(2.27181e-05 -3.61707e-05 0.0145591)
(2.18914e-05 -3.70037e-05 0.0145579)
(1.43784e-05 -2.45901e-05 0.0145334)
(1.57671e-05 -2.5717e-05 0.0145516)
(1.62018e-05 -2.66011e-05 0.0145587)
(1.57565e-05 -2.71676e-05 0.0145591)
(1.0207e-05 -1.81126e-05 0.0145306)
(1.12299e-05 -1.89143e-05 0.01455)
(1.16038e-05 -1.95343e-05 0.0145583)
(1.13787e-05 -1.99192e-05 0.0145599)
(7.26344e-06 -1.33026e-05 0.0145286)
(8.01913e-06 -1.38745e-05 0.0145489)
(8.32946e-06 -1.43102e-05 0.014558)
(8.22735e-06 -1.45719e-05 0.0145605)
(5.17028e-06 -9.72517e-06 0.0145273)
(5.72742e-06 -1.01331e-05 0.0145481)
(5.9771e-06 -1.04396e-05 0.0145578)
(5.94068e-06 -1.06178e-05 0.0145608)
(3.66816e-06 -7.05441e-06 0.0145263)
(4.07591e-06 -7.34432e-06 0.0145475)
(4.27103e-06 -7.55935e-06 0.0145576)
(4.26727e-06 -7.68056e-06 0.0145611)
(2.57815e-06 -5.04714e-06 0.0145256)
(2.87237e-06 -5.25108e-06 0.0145471)
(3.02021e-06 -5.40066e-06 0.0145575)
(3.03057e-06 -5.4826e-06 0.0145612)
(1.7784e-06 -3.52572e-06 0.0145251)
(1.98572e-06 -3.66614e-06 0.0145468)
(2.09379e-06 -3.76817e-06 0.0145574)
(2.10832e-06 -3.82264e-06 0.0145613)
(1.19147e-06 -2.36971e-06 0.0145248)
(1.33281e-06 -2.4627e-06 0.0145466)
(1.40872e-06 -2.52968e-06 0.0145573)
(1.42268e-06 -2.56451e-06 0.0145614)
(7.7832e-07 -1.51309e-06 0.0145246)
(8.72269e-07 -1.57074e-06 0.0145464)
(9.24454e-07 -1.61175e-06 0.0145573)
(9.36587e-07 -1.63218e-06 0.0145614)
(5.30647e-07 -9.51001e-07 0.0145244)
(5.95121e-07 -9.84797e-07 0.0145463)
(6.32869e-07 -1.00847e-06 0.0145572)
(6.4371e-07 -1.01916e-06 0.0145615)
(-0.000241912 -0.000256223 0.000415596)
(0.00626218 -0.000286222 0.00487138)
(0.00257369 -0.00139418 0.00693326)
(8.25163e-05 -0.000325096 0.00187275)
(-0.000499707 -0.000279049 0.0223262)
(0.000852923 0.000371296 0.024584)
(0.00194572 0.000691183 0.0238863)
(0.000966192 0.000760737 0.0254127)
(-5.45394e-05 0.000757775 0.0119722)
(0.00023265 0.000692862 0.0134795)
(0.0003473 0.000340764 0.0142147)
(0.000126212 -5.39558e-05 0.0143957)
(-9.82546e-05 0.000283494 0.0141478)
(-0.000101907 0.000163074 0.0145634)
(3.31717e-06 -0.000107476 0.0149849)
(8.15409e-05 -0.000396891 0.0152137)
(-2.39745e-05 -4.07058e-05 0.0144793)
(-2.40891e-05 -0.000106615 0.0147633)
(5.23195e-05 -0.000239894 0.0150025)
(0.000154479 -0.000391399 0.0151299)
(1.76349e-05 -0.000159122 0.0144891)
(4.20992e-05 -0.000187674 0.0146831)
(0.000103934 -0.000247956 0.0148271)
(0.000184878 -0.000320388 0.0148931)
(2.85463e-05 -0.000172507 0.0144454)
(6.179e-05 -0.000185078 0.014598)
(0.000111518 -0.000212299 0.0147041)
(0.000169066 -0.000247132 0.0147529)
(2.74549e-05 -0.000148874 0.0143855)
(5.80442e-05 -0.000155162 0.0145244)
(9.50083e-05 -0.000168634 0.0146179)
(0.00013388 -0.000186452 0.0146634)
(2.25344e-05 -0.000118348 0.0143311)
(4.69241e-05 -0.000122054 0.0144654)
(7.31695e-05 -0.000129565 0.0145559)
(9.89137e-05 -0.000139568 0.0146038)
(1.73166e-05 -9.08527e-05 0.0142885)
(3.55315e-05 -9.33705e-05 0.0144218)
(5.38014e-05 -9.80488e-05 0.0145129)
(7.08546e-05 -0.000104185 0.0145646)
(1.28913e-05 -6.85776e-05 0.0142571)
(2.60632e-05 -7.04457e-05 0.0143908)
(3.87063e-05 -7.36054e-05 0.0144835)
(5.01201e-05 -7.76328e-05 0.0145387)
(9.4426e-06 -5.12905e-05 0.0142346)
(1.88132e-05 -5.27317e-05 0.014369)
(2.75656e-05 -5.49752e-05 0.0144634)
(3.53096e-05 -5.77409e-05 0.0145215)
(6.85849e-06 -3.81457e-05 0.0142187)
(1.34723e-05 -3.92702e-05 0.0143538)
(1.95505e-05 -4.09073e-05 0.0144496)
(2.48748e-05 -4.28613e-05 0.0145099)
(4.96075e-06 -2.82604e-05 0.0142076)
(9.61445e-06 -2.91364e-05 0.0143433)
(1.38535e-05 -3.03472e-05 0.0144402)
(1.75564e-05 -3.17514e-05 0.014502)
(3.58128e-06 -2.08743e-05 0.0141998)
(6.8547e-06 -2.15521e-05 0.014336)
(9.82445e-06 -2.24523e-05 0.0144336)
(1.24237e-05 -2.3471e-05 0.0144965)
(2.58304e-06 -1.53759e-05 0.0141943)
(4.88797e-06 -1.58958e-05 0.0143308)
(6.9771e-06 -1.65654e-05 0.014429)
(8.81445e-06 -1.7308e-05 0.0144927)
(1.86119e-06 -1.1289e-05 0.0141905)
(3.48615e-06 -1.16839e-05 0.0143273)
(4.96034e-06 -1.21808e-05 0.0144259)
(6.26509e-06 -1.27227e-05 0.01449)
(1.33798e-06 -8.24942e-06 0.0141879)
(2.48369e-06 -8.54625e-06 0.0143248)
(3.52511e-06 -8.91291e-06 0.0144236)
(4.45314e-06 -9.30745e-06 0.0144882)
(9.56761e-07 -5.98147e-06 0.014186)
(1.76232e-06 -6.20158e-06 0.014323)
(2.49623e-06 -6.46964e-06 0.0144221)
(3.15459e-06 -6.75501e-06 0.0144869)
(6.7666e-07 -4.27832e-06 0.0141847)
(1.23839e-06 -4.43845e-06 0.0143218)
(1.75121e-06 -4.63135e-06 0.014421)
(2.214e-06 -4.83503e-06 0.0144859)
(4.68881e-07 -2.98888e-06 0.0141838)
(8.53951e-07 -3.10187e-06 0.014321)
(1.20593e-06 -3.23696e-06 0.0144202)
(1.52513e-06 -3.37882e-06 0.0144853)
(3.14565e-07 -2.01161e-06 0.0141832)
(5.71421e-07 -2.08701e-06 0.0143204)
(8.06221e-07 -2.17719e-06 0.0144197)
(1.02002e-06 -2.27193e-06 0.0144849)
(2.04297e-07 -1.29393e-06 0.0141828)
(3.71632e-07 -1.33819e-06 0.01432)
(5.24062e-07 -1.39307e-06 0.0144194)
(6.63719e-07 -1.45199e-06 0.0144846)
(1.32021e-07 -8.33051e-07 0.0141825)
(2.44271e-07 -8.54474e-07 0.0143197)
(3.52881e-07 -8.82459e-07 0.0144191)
(4.49506e-07 -9.15132e-07 0.0144844)
)
;
    }
    procBoundary2to3
    {
        type            processor;
        value           nonuniform List<vector> 
192
(
(0.00769281 -0.00179075 0.00170097)
(0.000373937 -0.00209404 0.00894201)
(0.000677572 -0.00151909 0.00232211)
(-6.50795e-05 -0.00184376 0.00130849)
(-0.000843216 0.00121342 0.0211526)
(-0.00130275 0.000242304 0.0219266)
(-0.00128598 -0.000272667 0.0233932)
(-0.00147982 -0.00202432 0.0231727)
(1.94029e-06 0.000142712 0.0133792)
(-0.000255633 9.16093e-05 0.0137295)
(-0.000532456 0.000316468 0.0136111)
(-0.000769049 0.000319718 0.0135226)
(0.000374105 -0.000284881 0.0142948)
(0.000204889 -0.000147661 0.0144991)
(-1.57269e-05 0.000138923 0.0145238)
(-0.000194163 0.000386165 0.0144081)
(0.000381786 -0.000389386 0.0143952)
(0.000303233 -0.000296532 0.0145204)
(0.000188609 -0.000131673 0.0145805)
(8.74642e-05 2.27381e-05 0.0145392)
(0.000302164 -0.000361727 0.0144074)
(0.000265785 -0.000309664 0.0144919)
(0.000210366 -0.000222878 0.0145459)
(0.00016003 -0.000137443 0.0145478)
(0.000215708 -0.000292603 0.0144615)
(0.00019704 -0.000262593 0.0145221)
(0.000169519 -0.000213637 0.0145636)
(0.000143748 -0.000162101 0.014575)
(0.000149028 -0.000223855 0.0145049)
(0.000137929 -0.000204598 0.0145494)
(0.000122985 -0.000174574 0.0145797)
(0.000109433 -0.000140911 0.0145883)
(0.000102949 -0.000167607 0.0145311)
(9.61427e-05 -0.000154608 0.0145634)
(8.75123e-05 -0.000134777 0.0145842)
(7.96499e-05 -0.000111407 0.0145875)
(7.20795e-05 -0.000124401 0.014546)
(6.78804e-05 -0.000115435 0.014569)
(6.27199e-05 -0.000101811 0.0145821)
(5.79358e-05 -8.51765e-05 0.01458)
(5.12626e-05 -9.19603e-05 0.014554)
(4.86798e-05 -8.57331e-05 0.01457)
(4.55243e-05 -7.61889e-05 0.0145771)
(4.25138e-05 -6.42194e-05 0.0145704)
(3.69299e-05 -6.78269e-05 0.0145583)
(3.53462e-05 -6.34907e-05 0.014569)
(3.33836e-05 -5.67379e-05 0.0145715)
(3.14436e-05 -4.80851e-05 0.0145609)
(2.6842e-05 -4.9953e-05 0.0145604)
(2.58721e-05 -4.69283e-05 0.0145671)
(2.46333e-05 -4.21232e-05 0.0145661)
(2.33598e-05 -3.5854e-05 0.0145527)
(1.96154e-05 -3.67467e-05 0.0145614)
(1.90211e-05 -3.46327e-05 0.0145652)
(1.82285e-05 -3.1201e-05 0.0145616)
(1.73798e-05 -2.6653e-05 0.0145459)
(1.43737e-05 -2.70006e-05 0.0145618)
(1.40089e-05 -2.55202e-05 0.0145635)
(1.34955e-05 -2.30631e-05 0.0145579)
(1.2923e-05 -1.97612e-05 0.0145406)
(1.05398e-05 -1.981e-05 0.014562)
(1.03155e-05 -1.87712e-05 0.014562)
(9.97926e-06 -1.70091e-05 0.014555)
(9.58904e-06 -1.46116e-05 0.0145364)
(7.7188e-06 -1.45006e-05 0.014562)
(7.58068e-06 -1.37705e-05 0.0145608)
(7.35839e-06 -1.25062e-05 0.0145527)
(7.0904e-06 -1.07671e-05 0.0145332)
(5.63256e-06 -1.05715e-05 0.014562)
(5.5474e-06 -1.00582e-05 0.0145599)
(5.39941e-06 -9.1525e-06 0.014551)
(5.21448e-06 -7.89445e-06 0.0145308)
(4.08079e-06 -7.65081e-06 0.0145619)
(4.02831e-06 -7.29108e-06 0.0145592)
(3.92941e-06 -6.64542e-06 0.0145498)
(3.80172e-06 -5.74103e-06 0.0145291)
(2.91813e-06 -5.46375e-06 0.0145619)
(2.88591e-06 -5.21386e-06 0.0145587)
(2.81994e-06 -4.75873e-06 0.0145488)
(2.73227e-06 -4.1166e-06 0.0145278)
(2.04124e-06 -3.81094e-06 0.0145618)
(2.02168e-06 -3.64075e-06 0.0145584)
(1.97816e-06 -3.32689e-06 0.0145482)
(1.91889e-06 -2.88132e-06 0.0145268)
(1.38381e-06 -2.55743e-06 0.0145618)
(1.37231e-06 -2.44577e-06 0.0145581)
(1.34434e-06 -2.23741e-06 0.0145477)
(1.30533e-06 -1.93998e-06 0.0145262)
(9.15728e-07 -1.62781e-06 0.0145618)
(9.09562e-07 -1.55875e-06 0.0145579)
(8.92313e-07 -1.4279e-06 0.0145474)
(8.67406e-07 -1.23999e-06 0.0145258)
(6.3382e-07 -1.01558e-06 0.0145618)
(6.31002e-07 -9.74179e-07 0.0145578)
(6.20294e-07 -8.94148e-07 0.0145472)
(6.04133e-07 -7.79146e-07 0.0145255)
(-0.00139456 0.000920094 0.0107232)
(-0.00268712 -0.000285265 0.0127261)
(-0.00468154 0.000719767 0.00731842)
(-0.00541182 -0.00415576 0.00464776)
(-0.000640636 -0.00192053 0.0191254)
(-0.000486198 -0.000232144 0.0180346)
(-0.000413679 0.00110393 0.0198639)
(-0.000113512 0.000103982 0.0237796)
(-0.000605116 0.000361297 0.013245)
(-0.000538734 0.000308344 0.0132105)
(-0.000455522 5.15593e-06 0.0134088)
(-0.000328465 -0.000140327 0.0138645)
(-0.000221366 0.000412254 0.0141695)
(-0.000226377 0.000200528 0.0140688)
(-0.000175182 -4.70689e-05 0.0141749)
(-9.13753e-05 -6.80405e-05 0.0144068)
(4.1823e-05 6.07962e-05 0.0144207)
(2.54661e-05 -1.28416e-05 0.0143646)
(5.07876e-05 -8.67198e-05 0.0143863)
(9.55012e-05 -5.26453e-05 0.0143875)
(0.000131229 -9.61592e-05 0.0145076)
(0.000121236 -9.55836e-05 0.0144732)
(0.000134731 -9.16315e-05 0.014442)
(0.000158257 -4.47756e-05 0.0143636)
(0.000128195 -0.000125199 0.0145562)
(0.000123039 -0.000102381 0.0145194)
(0.000130369 -7.68972e-05 0.0144577)
(0.000142884 -3.4993e-05 0.0143473)
(0.000100736 -0.00011078 0.0145713)
(9.77722e-05 -8.54482e-05 0.0145281)
(0.0001016 -5.87531e-05 0.0144509)
(0.000107977 -2.5747e-05 0.0143269)
(7.44284e-05 -8.80494e-05 0.0145673)
(7.23813e-05 -6.61386e-05 0.0145185)
(7.42245e-05 -4.36528e-05 0.0144331)
(7.76402e-05 -1.87801e-05 0.014303)
(5.45923e-05 -6.75343e-05 0.0145557)
(5.30769e-05 -5.01244e-05 0.0145027)
(5.38893e-05 -3.24418e-05 0.0144127)
(5.57315e-05 -1.38133e-05 0.0142798)
(4.03003e-05 -5.10946e-05 0.0145424)
(3.91683e-05 -3.7755e-05 0.0144863)
(3.94689e-05 -2.42212e-05 0.0143935)
(4.04723e-05 -1.02618e-05 0.0142591)
(2.99503e-05 -3.84002e-05 0.01453)
(2.91131e-05 -2.83561e-05 0.0144716)
(2.91775e-05 -1.81324e-05 0.0143769)
(2.97301e-05 -7.66914e-06 0.0142417)
(2.23399e-05 -2.87382e-05 0.0145195)
(2.17267e-05 -2.12447e-05 0.0144593)
(2.16907e-05 -1.35783e-05 0.0143633)
(2.19963e-05 -5.74325e-06 0.0142276)
(1.66769e-05 -2.14364e-05 0.014511)
(1.6231e-05 -1.58752e-05 0.0144494)
(1.61602e-05 -1.01542e-05 0.0143526)
(1.63292e-05 -4.29863e-06 0.0142164)
(1.24351e-05 -1.59422e-05 0.0145043)
(1.21126e-05 -1.18293e-05 0.0144418)
(1.20369e-05 -7.57573e-06 0.0143442)
(1.21299e-05 -3.21075e-06 0.0142078)
(9.24855e-06 -1.18192e-05 0.0144991)
(9.01614e-06 -8.78635e-06 0.0144359)
(8.94801e-06 -5.63453e-06 0.0143378)
(8.99877e-06 -2.39082e-06 0.0142012)
(6.85188e-06 -8.72932e-06 0.0144952)
(6.68498e-06 -6.50021e-06 0.0144314)
(6.62847e-06 -4.17381e-06 0.014333)
(6.65583e-06 -1.77289e-06 0.0141962)
(5.04716e-06 -6.41275e-06 0.0144922)
(4.92781e-06 -4.78217e-06 0.014428)
(4.88321e-06 -3.07419e-06 0.0143294)
(4.89772e-06 -1.30701e-06 0.0141924)
(3.68462e-06 -4.6711e-06 0.0144901)
(3.59986e-06 -3.48777e-06 0.0144255)
(3.56592e-06 -2.24439e-06 0.0143267)
(3.57349e-06 -9.54957e-07 0.0141897)
(2.65099e-06 -3.354e-06 0.0144885)
(2.59152e-06 -2.50715e-06 0.0144237)
(2.56652e-06 -1.61492e-06 0.0143247)
(2.57041e-06 -6.87613e-07 0.0141876)
(1.86343e-06 -2.35035e-06 0.0144873)
(1.8225e-06 -1.75887e-06 0.0144224)
(1.80467e-06 -1.1342e-06 0.0143233)
(1.80661e-06 -4.83391e-07 0.0141862)
(1.2684e-06 -1.58421e-06 0.0144865)
(1.24089e-06 -1.18716e-06 0.0144215)
(1.22848e-06 -7.66942e-07 0.0143223)
(1.22942e-06 -3.2774e-07 0.0141852)
(8.43146e-07 -1.01365e-06 0.014486)
(8.24773e-07 -7.61535e-07 0.0144209)
(8.1615e-07 -4.94764e-07 0.0143217)
(8.17061e-07 -2.13808e-07 0.0141845)
(5.8795e-07 -6.38713e-07 0.0144856)
(5.76122e-07 -4.8098e-07 0.0144205)
(5.70942e-07 -3.09232e-07 0.0143212)
(5.72138e-07 -1.35823e-07 0.014184)
)
;
    }
}


// ************************************************************************* //
