/*--------------------------------*- C++ -*----------------------------------*\
  =========                 |
  \\      /  F ield         | OpenFOAM: The Open Source CFD Toolbox
   \\    /   O peration     | Website:  https://openfoam.org
    \\  /    A nd           | Version:  6
     \\/     M anipulation  |
\*---------------------------------------------------------------------------*/
FoamFile
{
    version     2.0;
    format      ascii;
    class       volScalarField;
    location    "0.01";
    object      p;
}
// * * * * * * * * * * * * * * * * * * * * * * * * * * * * * * * * * * * * * //

dimensions      [0 2 -2 0 0 0 0];

internalField   nonuniform List<scalar> 
1152
(
1.00294
1.00109
1.00362
1.01459
1.00439
1.00257
1.00384
1.00606
1.0036
1.00354
1.00515
1.00715
1.0035
1.00317
1.00518
1.00979
1.00226
1.00199
1.00206
1.00327
1.00283
1.00268
1.00288
1.0035
1.00307
1.00327
1.00368
1.0042
1.00319
1.00353
1.004
1.0043
1.00256
1.00264
1.00286
1.00328
1.00288
1.00296
1.00317
1.00347
1.00306
1.00321
1.00344
1.00366
1.00318
1.00342
1.00359
1.00368
1.00271
1.00278
1.00294
1.00312
1.00291
1.00298
1.00312
1.00328
1.00305
1.00315
1.00329
1.00342
1.00319
1.00331
1.00343
1.00352
1.00277
1.00281
1.0029
1.003
1.0029
1.00295
1.00303
1.00313
1.00301
1.00307
1.00316
1.00324
1.00313
1.0032
1.00327
1.00335
1.00276
1.00278
1.00284
1.0029
1.00285
1.00288
1.00293
1.00299
1.00293
1.00297
1.00302
1.00308
1.00302
1.00306
1.00311
1.00317
1.0027
1.00271
1.00275
1.00279
1.00276
1.00278
1.00281
1.00285
1.00282
1.00285
1.00288
1.00292
1.00288
1.00291
1.00295
1.00298
1.0026
1.00261
1.00263
1.00266
1.00264
1.00266
1.00268
1.00271
1.00269
1.00271
1.00273
1.00276
1.00274
1.00276
1.00278
1.00281
1.00248
1.00249
1.00251
1.00252
1.00251
1.00252
1.00254
1.00256
1.00255
1.00256
1.00258
1.00259
1.00258
1.0026
1.00261
1.00263
1.00235
1.00236
1.00237
1.00238
1.00237
1.00238
1.00239
1.0024
1.0024
1.0024
1.00242
1.00243
1.00242
1.00243
1.00244
1.00245
1.00221
1.00221
1.00222
1.00223
1.00222
1.00223
1.00224
1.00224
1.00224
1.00225
1.00225
1.00226
1.00226
1.00226
1.00227
1.00228
1.00205
1.00206
1.00206
1.00207
1.00207
1.00207
1.00208
1.00208
1.00208
1.00208
1.00209
1.0021
1.00209
1.0021
1.0021
1.00211
1.0019
1.0019
1.00191
1.00191
1.00191
1.00191
1.00191
1.00192
1.00192
1.00192
1.00192
1.00193
1.00193
1.00193
1.00193
1.00194
1.00174
1.00174
1.00175
1.00175
1.00175
1.00175
1.00175
1.00175
1.00175
1.00176
1.00176
1.00176
1.00176
1.00176
1.00177
1.00177
1.00158
1.00158
1.00158
1.00158
1.00158
1.00158
1.00159
1.00159
1.00159
1.00159
1.00159
1.00159
1.00159
1.0016
1.0016
1.0016
1.00142
1.00142
1.00142
1.00142
1.00142
1.00142
1.00142
1.00142
1.00142
1.00142
1.00143
1.00143
1.00143
1.00143
1.00143
1.00143
1.00125
1.00125
1.00125
1.00125
1.00125
1.00125
1.00126
1.00126
1.00126
1.00126
1.00126
1.00126
1.00126
1.00126
1.00126
1.00126
1.00109
1.00109
1.00109
1.00109
1.00109
1.00109
1.00109
1.00109
1.00109
1.00109
1.00109
1.00109
1.00109
1.00109
1.00109
1.00109
1.00092
1.00092
1.00092
1.00092
1.00092
1.00092
1.00092
1.00092
1.00092
1.00092
1.00092
1.00092
1.00092
1.00092
1.00092
1.00092
1.00075
1.00075
1.00075
1.00075
1.00075
1.00075
1.00075
1.00075
1.00075
1.00075
1.00076
1.00076
1.00076
1.00076
1.00076
1.00076
1.00059
1.00059
1.00059
1.00059
1.00059
1.00059
1.00059
1.00059
1.00059
1.00059
1.00059
1.00059
1.00059
1.00059
1.00059
1.00059
1.00042
1.00042
1.00042
1.00042
1.00042
1.00042
1.00042
1.00042
1.00042
1.00042
1.00042
1.00042
1.00042
1.00042
1.00042
1.00042
1.00025
1.00025
1.00025
1.00025
1.00025
1.00025
1.00025
1.00025
1.00025
1.00025
1.00025
1.00025
1.00025
1.00025
1.00025
1.00025
1.00008
1.00008
1.00008
1.00008
1.00008
1.00008
1.00008
1.00008
1.00008
1.00008
1.00008
1.00008
1.00008
1.00008
1.00008
1.00008
0.998003
1.00412
1.00109
0.995645
1.00014
1.0027
1.00112
0.994177
1.00093
1.00071
1.00031
0.999826
1.00066
0.999943
0.994882
1.01359
1.00031
1.00159
1.00186
1.00279
1.00095
1.0017
1.00182
1.00238
1.0014
1.00153
1.00158
1.00237
1.00168
1.00145
1.0014
1.00273
1.00157
1.00205
1.0023
1.00237
1.00173
1.00208
1.00233
1.00258
1.00193
1.00215
1.00243
1.00277
1.0022
1.0023
1.00259
1.00294
1.00212
1.00232
1.00254
1.00273
1.00219
1.00236
1.00257
1.00278
1.00231
1.00244
1.00265
1.00285
1.00248
1.00257
1.00275
1.00293
1.0024
1.00249
1.00264
1.0028
1.00244
1.00253
1.00267
1.00282
1.00252
1.00259
1.00272
1.00286
1.00263
1.00268
1.00279
1.0029
1.00252
1.00257
1.00266
1.00278
1.00254
1.00259
1.00268
1.00279
1.0026
1.00264
1.00272
1.00281
1.00267
1.0027
1.00276
1.00283
1.00253
1.00257
1.00263
1.00271
1.00255
1.00258
1.00264
1.00272
1.00259
1.00261
1.00267
1.00273
1.00264
1.00266
1.0027
1.00274
1.00249
1.00251
1.00255
1.00261
1.0025
1.00252
1.00256
1.00261
1.00253
1.00254
1.00258
1.00262
1.00256
1.00257
1.0026
1.00263
1.00241
1.00242
1.00245
1.00249
1.00242
1.00243
1.00246
1.00249
1.00243
1.00244
1.00247
1.0025
1.00245
1.00246
1.00248
1.0025
1.0023
1.00231
1.00233
1.00235
1.0023
1.00231
1.00233
1.00235
1.00231
1.00232
1.00234
1.00236
1.00233
1.00234
1.00235
1.00236
1.00217
1.00218
1.00219
1.00221
1.00217
1.00218
1.00219
1.00221
1.00218
1.00219
1.0022
1.00221
1.00219
1.0022
1.00221
1.00222
1.00203
1.00203
1.00204
1.00206
1.00203
1.00204
1.00205
1.00206
1.00204
1.00204
1.00205
1.00206
1.00204
1.00205
1.00206
1.00206
1.00188
1.00188
1.00189
1.0019
1.00188
1.00189
1.00189
1.0019
1.00189
1.00189
1.0019
1.0019
1.00189
1.0019
1.0019
1.0019
1.00173
1.00173
1.00173
1.00174
1.00173
1.00173
1.00174
1.00174
1.00173
1.00173
1.00174
1.00174
1.00173
1.00174
1.00174
1.00174
1.00157
1.00157
1.00157
1.00158
1.00157
1.00157
1.00158
1.00158
1.00157
1.00157
1.00158
1.00158
1.00157
1.00158
1.00158
1.00158
1.00141
1.00141
1.00141
1.00142
1.00141
1.00141
1.00141
1.00142
1.00141
1.00141
1.00141
1.00142
1.00141
1.00141
1.00142
1.00142
1.00125
1.00125
1.00125
1.00125
1.00125
1.00125
1.00125
1.00125
1.00125
1.00125
1.00125
1.00125
1.00125
1.00125
1.00125
1.00125
1.00108
1.00108
1.00108
1.00109
1.00108
1.00108
1.00108
1.00109
1.00108
1.00108
1.00108
1.00109
1.00108
1.00108
1.00109
1.00109
1.00092
1.00092
1.00092
1.00092
1.00092
1.00092
1.00092
1.00092
1.00092
1.00092
1.00092
1.00092
1.00092
1.00092
1.00092
1.00092
1.00075
1.00075
1.00075
1.00075
1.00075
1.00075
1.00075
1.00075
1.00075
1.00075
1.00075
1.00075
1.00075
1.00075
1.00075
1.00075
1.00058
1.00058
1.00059
1.00059
1.00058
1.00058
1.00059
1.00059
1.00058
1.00058
1.00059
1.00059
1.00058
1.00059
1.00059
1.00059
1.00042
1.00042
1.00042
1.00042
1.00042
1.00042
1.00042
1.00042
1.00042
1.00042
1.00042
1.00042
1.00042
1.00042
1.00042
1.00042
1.00025
1.00025
1.00025
1.00025
1.00025
1.00025
1.00025
1.00025
1.00025
1.00025
1.00025
1.00025
1.00025
1.00025
1.00025
1.00025
1.00008
1.00008
1.00008
1.00008
1.00008
1.00008
1.00008
1.00008
1.00008
1.00008
1.00008
1.00008
1.00008
1.00008
1.00008
1.00008
1.0091
1.00709
1.00651
1.00811
1.00615
1.00433
1.00802
1.0069
1.0068
1.00622
1.00958
1.00447
1.00396
1.00211
1.0109
1.00855
1.00375
1.00385
1.00388
1.0039
1.00396
1.00404
1.00452
1.00451
1.00432
1.00409
1.00412
1.00382
1.00406
1.00368
1.00408
1.00409
1.00355
1.00356
1.00357
1.00362
1.00369
1.00382
1.00393
1.00401
1.00383
1.00391
1.00399
1.00402
1.00388
1.00399
1.00417
1.00432
1.00325
1.00326
1.00328
1.00331
1.0034
1.00348
1.00354
1.00359
1.00354
1.00362
1.00369
1.00372
1.00364
1.00376
1.00388
1.00395
1.00308
1.00308
1.00309
1.00311
1.00321
1.00325
1.00328
1.00331
1.00332
1.00338
1.00342
1.00345
1.00343
1.00351
1.00357
1.00361
1.00294
1.00295
1.00295
1.00296
1.00304
1.00306
1.00308
1.0031
1.00313
1.00317
1.00319
1.00321
1.00322
1.00327
1.00331
1.00333
1.00281
1.00281
1.00281
1.00282
1.00288
1.00289
1.00291
1.00292
1.00295
1.00297
1.00299
1.003
1.00302
1.00305
1.00307
1.00309
1.00268
1.00268
1.00268
1.00268
1.00273
1.00273
1.00274
1.00275
1.00278
1.00279
1.0028
1.00281
1.00283
1.00285
1.00286
1.00287
1.00253
1.00253
1.00253
1.00253
1.00257
1.00257
1.00258
1.00258
1.00261
1.00262
1.00262
1.00263
1.00264
1.00266
1.00267
1.00267
1.00239
1.00238
1.00238
1.00238
1.00241
1.00241
1.00241
1.00242
1.00244
1.00244
1.00245
1.00245
1.00246
1.00247
1.00248
1.00248
1.00223
1.00223
1.00223
1.00223
1.00225
1.00225
1.00225
1.00225
1.00227
1.00227
1.00227
1.00228
1.00229
1.00229
1.0023
1.0023
1.00207
1.00207
1.00207
1.00207
1.00209
1.00209
1.00209
1.00209
1.0021
1.0021
1.0021
1.00211
1.00211
1.00212
1.00212
1.00212
1.00191
1.00191
1.00191
1.00191
1.00192
1.00192
1.00192
1.00192
1.00193
1.00193
1.00193
1.00194
1.00194
1.00194
1.00195
1.00195
1.00175
1.00175
1.00175
1.00175
1.00176
1.00176
1.00176
1.00176
1.00176
1.00176
1.00177
1.00177
1.00177
1.00177
1.00177
1.00177
1.00159
1.00159
1.00158
1.00159
1.00159
1.00159
1.00159
1.00159
1.0016
1.0016
1.0016
1.0016
1.0016
1.0016
1.0016
1.0016
1.00142
1.00142
1.00142
1.00142
1.00142
1.00142
1.00142
1.00142
1.00143
1.00143
1.00143
1.00143
1.00143
1.00143
1.00143
1.00143
1.00125
1.00125
1.00125
1.00125
1.00126
1.00126
1.00126
1.00126
1.00126
1.00126
1.00126
1.00126
1.00126
1.00126
1.00126
1.00126
1.00109
1.00109
1.00109
1.00109
1.00109
1.00109
1.00109
1.00109
1.00109
1.00109
1.00109
1.00109
1.00109
1.00109
1.00109
1.00109
1.00092
1.00092
1.00092
1.00092
1.00092
1.00092
1.00092
1.00092
1.00092
1.00092
1.00092
1.00092
1.00093
1.00093
1.00093
1.00093
1.00075
1.00075
1.00075
1.00075
1.00075
1.00075
1.00075
1.00075
1.00076
1.00076
1.00076
1.00076
1.00076
1.00076
1.00076
1.00076
1.00059
1.00059
1.00059
1.00059
1.00059
1.00059
1.00059
1.00059
1.00059
1.00059
1.00059
1.00059
1.00059
1.00059
1.00059
1.00059
1.00042
1.00042
1.00042
1.00042
1.00042
1.00042
1.00042
1.00042
1.00042
1.00042
1.00042
1.00042
1.00042
1.00042
1.00042
1.00042
1.00025
1.00025
1.00025
1.00025
1.00025
1.00025
1.00025
1.00025
1.00025
1.00025
1.00025
1.00025
1.00025
1.00025
1.00025
1.00025
1.00008
1.00008
1.00008
1.00008
1.00008
1.00008
1.00008
1.00008
1.00008
1.00008
1.00008
1.00008
1.00008
1.00008
1.00008
1.00008
)
;

boundaryField
{
    inlet
    {
        type            zeroGradient;
    }
    outlet
    {
        type            fixedValue;
        value           uniform 1;
    }
    wall
    {
        type            zeroGradient;
    }
    procBoundary1to0
    {
        type            processor;
        value           nonuniform List<scalar> 
192
(
1.004
1.00741
0.995687
0.994671
1.00211
1.0028
1.00239
1.0019
1.00253
1.00284
1.00292
1.00284
1.00271
1.00289
1.00297
1.00306
1.00277
1.00289
1.00297
1.00307
1.00276
1.00284
1.00291
1.00299
1.00269
1.00275
1.00281
1.00286
1.0026
1.00264
1.00268
1.00272
1.00248
1.00251
1.00254
1.00257
1.00235
1.00237
1.00239
1.00241
1.0022
1.00222
1.00223
1.00225
1.00205
1.00206
1.00208
1.00209
1.0019
1.00191
1.00191
1.00192
1.00174
1.00174
1.00175
1.00176
1.00158
1.00158
1.00159
1.00159
1.00141
1.00142
1.00142
1.00142
1.00125
1.00125
1.00125
1.00126
1.00108
1.00109
1.00109
1.00109
1.00092
1.00092
1.00092
1.00092
1.00075
1.00075
1.00075
1.00076
1.00059
1.00059
1.00059
1.00059
1.00042
1.00042
1.00042
1.00042
1.00025
1.00025
1.00025
1.00025
1.00008
1.00008
1.00008
1.00008
0.998916
0.995375
0.99619
1.00114
1.00038
1.00045
1.00107
1.00148
1.00158
1.00167
1.00194
1.00217
1.00216
1.0022
1.00232
1.0025
1.00243
1.00246
1.00253
1.00264
1.00253
1.00256
1.00261
1.00268
1.00254
1.00256
1.00259
1.00264
1.00249
1.00251
1.00253
1.00256
1.00241
1.00242
1.00243
1.00245
1.0023
1.0023
1.00231
1.00233
1.00217
1.00217
1.00218
1.00219
1.00203
1.00203
1.00203
1.00204
1.00188
1.00188
1.00188
1.00189
1.00172
1.00173
1.00173
1.00173
1.00157
1.00157
1.00157
1.00157
1.00141
1.00141
1.00141
1.00141
1.00124
1.00125
1.00125
1.00125
1.00108
1.00108
1.00108
1.00108
1.00092
1.00092
1.00092
1.00092
1.00075
1.00075
1.00075
1.00075
1.00058
1.00058
1.00058
1.00058
1.00042
1.00042
1.00042
1.00042
1.00025
1.00025
1.00025
1.00025
1.00008
1.00008
1.00008
1.00008
)
;
    }
    procBoundary1to3
    {
        type            processor;
        value           nonuniform List<scalar> 
192
(
1.00364
1.00515
1.00412
0.987215
1.00344
1.00383
1.00407
1.00372
1.00348
1.00365
1.00374
1.00385
1.00339
1.0035
1.00357
1.00363
1.00326
1.00333
1.00339
1.00345
1.00311
1.00316
1.0032
1.00325
1.00295
1.00298
1.00302
1.00305
1.00278
1.00281
1.00283
1.00285
1.00262
1.00263
1.00265
1.00266
1.00245
1.00246
1.00247
1.00248
1.00228
1.00228
1.00229
1.0023
1.00211
1.00211
1.00212
1.00212
1.00194
1.00194
1.00194
1.00195
1.00177
1.00177
1.00177
1.00178
1.0016
1.0016
1.0016
1.0016
1.00143
1.00143
1.00143
1.00143
1.00126
1.00126
1.00126
1.00126
1.00109
1.00109
1.00109
1.0011
1.00092
1.00093
1.00093
1.00093
1.00076
1.00076
1.00076
1.00076
1.00059
1.00059
1.00059
1.00059
1.00042
1.00042
1.00042
1.00042
1.00025
1.00025
1.00025
1.00025
1.00008
1.00008
1.00008
1.00008
1.00596
1.00653
1.0102
1.0091
1.00391
1.00398
1.00442
1.00482
1.0039
1.00417
1.00442
1.00462
1.00376
1.00393
1.00407
1.00415
1.00354
1.00363
1.00371
1.00375
1.00331
1.00336
1.00341
1.00343
1.00309
1.00312
1.00315
1.00316
1.00288
1.0029
1.00292
1.00293
1.00268
1.0027
1.00271
1.00271
1.00249
1.0025
1.00251
1.00251
1.00231
1.00231
1.00232
1.00232
1.00213
1.00213
1.00214
1.00214
1.00195
1.00195
1.00196
1.00196
1.00178
1.00178
1.00178
1.00178
1.00161
1.00161
1.00161
1.00161
1.00144
1.00144
1.00144
1.00144
1.00127
1.00127
1.00127
1.00127
1.0011
1.0011
1.0011
1.0011
1.00093
1.00093
1.00093
1.00093
1.00076
1.00076
1.00076
1.00076
1.00059
1.00059
1.00059
1.00059
1.00042
1.00042
1.00042
1.00042
1.00025
1.00025
1.00025
1.00025
1.00008
1.00008
1.00008
1.00008
)
;
    }
}


// ************************************************************************* //
