FoamFile
{version 2.0; format ascii;class Cloud<passiveParticle>; location 0;object  positions;}
28
(
( -0.00741762 -0.0030694 0.000678339 ) 0 
( -0.012625 -0.00371681 0.00124381 ) 0 
( -0.0111312 -0.00605466 0.00074712 ) 0 
( -0.00437934 -0.010571 0.000678032 ) 0 
( -0.0126925 -0.00184308 0.000678326 ) 0 
( -0.00730601 -0.00116378 0.000680089 ) 0 
( -0.00598097 -0.00661019 0.000682762 ) 0 
( -0.00316579 -0.00152108 0.000700446 ) 0 
( -0.00595309 -0.00454296 0.000834927 ) 0 
( -0.00619411 -0.000371446 0.000678058 ) 0 
( -0.00692469 -0.00814253 0.000680925 ) 0 
( -0.00131521 -0.00833555 0.000677947 ) 0 
( -0.00168006 -0.0104783 0.000678052 ) 0 
( -0.0042601 -0.00562656 0.00067808 ) 0 
( -0.00241903 -0.0124597 0.000741384 ) 0 
( -0.00754478 -0.0103883 0.000677968 ) 0 
( -0.0116102 -0.00471401 0.00072757 ) 0 
( -0.00150594 -0.00487183 0.000724921 ) 0 
( -0.0056312 -0.0118639 0.000678515 ) 0 
( -0.0107467 -0.000959857 0.00067797 ) 0 
( -0.00860159 -0.00749661 0.00108643 ) 0 
( -0.0128383 -0.000176936 0.00112452 ) 0 
( -0.00922242 -0.00236091 0.000706137 ) 0 
( -0.00439333 -0.000108957 0.000677946 ) 0 
( -0.000171446 -0.00193641 0.000678641 ) 0 
( -0.000987276 -0.000506812 0.000677882 ) 0 
( -0.00439708 -0.00397184 0.000689367 ) 0 
( -0.000848279 -0.00322634 0.000677974 ) 0 
)
