# Probe 0 (3e-05 0 0.0001)
# Probe 1 (3e-05 0 0.0529)
#       Probe             0             1
#        Time
       0.0005      0.886695             1
        0.001      0.886695             1
       0.0015      0.886695             1
        0.002      0.886695             1
       0.0025      0.886695             1
        0.003      0.880731             1
       0.0035      0.880731             1
        0.004      0.880731             1
       0.0045      0.880731             1
        0.005      0.880731             1
       0.0055      0.874768             1
        0.006      0.874768             1
       0.0065      0.880731             1
        0.007      0.880731             1
       0.0075      0.880731             1
        0.008      0.886695             1
       0.0085      0.892658             1
        0.009      0.886695             1
       0.0095      0.886695             1
         0.01      0.886695             1
       0.0105      0.886695             1
        0.011      0.886695             1
       0.0115      0.886695             1
        0.012      0.880731             1
       0.0125      0.880731             1
        0.013      0.880731             1
       0.0135      0.886695             1
        0.014      0.886695             1
       0.0145      0.886695             1
        0.015      0.886695             1
       0.0155      0.886695             1
        0.016      0.886695             1
       0.0165      0.886695             1
        0.017      0.886695             1
       0.0175      0.886695             1
        0.018      0.886695             1
       0.0185      0.892658             1
        0.019      0.892658             1
       0.0195      0.892658             1
         0.02      0.892658             1
       0.0205      0.892658             1
        0.021      0.892658             1
       0.0215      0.892658             1
        0.022      0.892658             1
       0.0225      0.892658             1
        0.023      0.904585             1
       0.0235      0.904585             1
        0.024      0.904585             1
       0.0245      0.904585             1
        0.025      0.904585             1
       0.0255      0.904585             1
        0.026      0.904585             1
       0.0265      0.904585             1
        0.027      0.904585             1
       0.0275      0.904585             1
        0.028      0.904585             1
       0.0285      0.910549             1
        0.029      0.910549             1
       0.0295      0.916512             1
         0.03      0.916512             1
       0.0305      0.916512             1
        0.031      0.922475             1
       0.0315      0.922475             1
        0.032      0.922475             1
       0.0325      0.928439             1
        0.033      0.928439             1
       0.0335      0.928439             1
        0.034      0.934402             1
       0.0345      0.934402             1
        0.035      0.934402             1
       0.0355      0.934402             1
        0.036      0.934402             1
       0.0365      0.934402             1
        0.037      0.940366             1
       0.0375      0.940366             1
        0.038      0.940366             1
       0.0385      0.940366             1
        0.039      0.940366             1
       0.0395      0.940366             1
         0.04      0.940366             1
       0.0405      0.940366             1
        0.041      0.940366             1
       0.0415      0.940366             1
        0.042      0.940366             1
       0.0425      0.940366             1
        0.043      0.946329             1
       0.0435      0.946329             1
        0.044      0.946329             1
       0.0445      0.940366             1
        0.045      0.940366             1
       0.0455      0.940366             1
        0.046      0.940366             1
       0.0465      0.940366             1
        0.047      0.940366             1
       0.0475      0.940366             1
        0.048      0.940366             1
       0.0485      0.940366             1
        0.049      0.940366             1
       0.0495      0.940366             1
         0.05      0.940366             1
       0.0505      0.940366             1
        0.051      0.940366             1
       0.0515      0.940366             1
        0.052      0.934402             1
       0.0525      0.934402             1
        0.053      0.934402             1
       0.0535             1             1
        0.054             1             1
       0.0545             1             1
        0.055             1             1
       0.0555             1             1
        0.056             1             1
       0.0565             1             1
        0.057             1             1
       0.0575             1             1
        0.058             1             1
       0.0585             1             1
        0.059             1             1
       0.0595             1             1
         0.06             1             1
       0.0605             1             1
        0.061             1             1
       0.0615             1             1
        0.062             1             1
       0.0625             1             1
        0.063             1             1
       0.0635             1             1
        0.064             1             1
       0.0645             1             1
        0.065             1             1
       0.0655             1             1
        0.066             1             1
       0.0665             1             1
        0.067             1             1
       0.0675             1             1
        0.068             1             1
       0.0685             1             1
        0.069             1             1
       0.0695             1             1
         0.07             1             1
       0.0705             1             1
        0.071             1             1
       0.0715             1             1
        0.072             1             1
       0.0725             1             1
        0.073             1             1
       0.0735             1             1
        0.074             1             1
       0.0745             1             1
        0.075             1             1
       0.0755             1             1
        0.076             1             1
       0.0765             1             1
        0.077             1             1
       0.0775             1             1
        0.078             1             1
       0.0785             1             1
        0.079             1             1
       0.0795             1             1
         0.08      0.958256             1
       0.0805      0.958256             1
        0.081      0.958256             1
       0.0815      0.958256             1
        0.082      0.958256             1
       0.0825      0.958256             1
        0.083      0.958256             1
       0.0835      0.964219             1
        0.084      0.964219             1
       0.0845      0.964219             1
        0.085      0.964219             1
       0.0855      0.964219             1
        0.086      0.964219             1
       0.0865      0.964219             1
        0.087      0.964219             1
       0.0875      0.964219             1
        0.088      0.964219             1
       0.0885      0.970183             1
        0.089      0.970183             1
       0.0895      0.970183             1
         0.09      0.970183             1
       0.0905      0.970183             1
        0.091      0.970183             1
       0.0915      0.970183             1
        0.092      0.970183             1
       0.0925      0.970183             1
        0.093             1             1
       0.0935             1             1
        0.094             1             1
       0.0945             1             1
        0.095             1             1
       0.0955             1             1
        0.096             1             1
       0.0965             1             1
        0.097             1             1
       0.0975             1             1
        0.098             1             1
       0.0985             1             1
        0.099             1             1
       0.0995             1             1
          0.1             1             1
