/*--------------------------------*- C++ -*----------------------------------*\
  =========                 |
  \\      /  F ield         | OpenFOAM: The Open Source CFD Toolbox
   \\    /   O peration     | Website:  https://openfoam.org
    \\  /    A nd           | Version:  6
     \\/     M anipulation  |
\*---------------------------------------------------------------------------*/
FoamFile
{
    version     2.0;
    format      ascii;
    class       surfaceScalarField;
    location    "0.07";
    object      phi;
}
// * * * * * * * * * * * * * * * * * * * * * * * * * * * * * * * * * * * * * //

dimensions      [0 3 -1 0 0 0 0];

internalField   nonuniform List<scalar> 
3120
(
2.31559e-08
-4.46917e-09
3.92911e-08
1.45227e-08
-2.4058e-09
3.56711e-08
1.52486e-08
-3.11939e-09
3.98309e-08
3.66378e-09
2.35231e-08
1.5668e-08
-2.73096e-09
-8.4892e-09
5.40539e-08
-1.21223e-09
-6.65294e-09
4.62932e-08
2.35052e-09
-1.6104e-10
3.72739e-08
5.49328e-09
3.47583e-08
9.35167e-09
2.88153e-09
-4.89637e-09
3.80263e-08
6.86911e-09
-4.52863e-09
3.72001e-08
1.10614e-08
8.621e-10
3.8171e-08
-2.01273e-09
5.3649e-08
8.3504e-09
9.5902e-10
3.55384e-08
-1.85959e-10
-1.9059e-09
4.23215e-08
-7.22579e-10
2.34642e-09
3.96441e-08
1.58679e-11
5.62519e-08
-3.24355e-09
-9.2364e-09
-9.02168e-10
-2.84085e-10
4.25591e-08
5.91419e-10
8.88835e-10
4.11052e-08
5.95301e-09
2.20885e-09
3.93844e-08
-6.52036e-11
3.44386e-08
1.93678e-09
-1.97701e-09
2.5717e-09
4.53254e-08
-3.23437e-10
1.02805e-09
4.45004e-08
-1.85127e-11
-1.56728e-09
4.07451e-08
-4.38909e-09
3.79857e-08
1.07797e-09
-4.08821e-09
-4.39121e-09
4.37382e-08
-3.29074e-09
-6.64526e-09
4.4076e-08
-4.25168e-09
-4.44642e-09
4.20111e-08
-4.34287e-09
4.41902e-08
5.16092e-09
-6.39896e-09
4.27733e-08
-1.06533e-08
-4.19349e-09
4.22268e-08
-8.756e-09
-8.76e-09
4.1086e-08
-1.32186e-09
4.48706e-08
1.97923e-09
-3.70079e-09
5.2244e-10
-3.97959e-11
4.29658e-08
1.09539e-09
-7.27683e-10
4.19391e-08
1.66434e-09
-1.26471e-09
4.00137e-08
-2.90964e-09
3.81723e-08
6.96799e-10
-6.54024e-10
1.10593e-09
4.37392e-08
-4.47672e-12
1.42705e-10
4.29805e-08
-9.65446e-10
-1.25674e-09
4.16981e-08
-3.98618e-09
4.07035e-08
-2.60666e-09
-2.19473e-09
1.28655e-09
4.39443e-08
-2.35904e-09
6.82433e-10
4.37006e-08
-4.17343e-09
-3.47525e-11
4.26035e-08
-1.71883e-09
4.34159e-08
-5.66644e-09
-3.17121e-09
4.34252e-08
1.06918e-09
-4.07656e-09
4.30254e-08
7.89124e-10
-6.74259e-09
4.15964e-08
2.12091e-09
4.3903e-08
1.0371e-09
-8.53092e-09
1.40069e-09
-8.86225e-10
4.2791e-08
1.40062e-09
-1.36744e-09
4.19059e-08
9.08224e-10
-2.09176e-09
4.09914e-08
-3.16439e-09
4.04643e-08
9.73206e-12
6.22073e-10
-3.18828e-11
4.32384e-08
3.50211e-10
-6.12687e-10
4.24976e-08
-5.90649e-10
-1.37698e-09
4.19242e-08
-2.91644e-09
4.19032e-08
-2.03826e-09
-3.56215e-10
1.00705e-09
4.34335e-08
-8.84985e-10
6.58561e-10
4.29581e-08
-2.43466e-09
2.01868e-10
4.25744e-08
-9.84446e-10
4.32656e-08
-4.21642e-09
-1.04208e-09
4.31975e-08
1.64795e-09
-1.7049e-09
4.27922e-08
1.55461e-09
-3.72263e-09
4.23166e-08
1.49938e-09
4.3579e-08
7.46933e-10
-5.12998e-09
1.34048e-09
-1.36517e-09
4.28073e-08
9.75202e-10
-1.60271e-09
4.2249e-08
3.92278e-10
-1.99663e-09
4.18569e-08
-2.6044e-09
4.17524e-08
-2.10112e-10
9.59045e-10
-8.57575e-10
4.31129e-08
4.17956e-10
-1.18738e-09
4.26234e-08
-3.91665e-10
-1.63585e-09
4.2373e-08
-2.39529e-09
4.2542e-08
-1.2396e-09
4.54118e-10
-2.32895e-10
4.32809e-08
-2.12593e-10
-4.7567e-10
4.29131e-08
-1.28659e-09
-7.81255e-10
4.27938e-08
-1.38331e-09
4.3254e-08
-2.287e-09
5.46479e-11
4.32269e-08
1.80628e-10
-6.43676e-10
4.2921e-08
9.38421e-11
-1.88306e-09
4.2835e-08
-6.02725e-11
4.34675e-08
-4.62865e-10
-2.69198e-09
1.02154e-09
-1.33611e-09
4.29533e-08
6.23995e-10
-1.45439e-09
4.26342e-08
1.59027e-10
-1.64508e-09
4.24488e-08
-1.94362e-09
4.24295e-08
-2.27324e-10
8.44443e-10
-1.06081e-09
4.31693e-08
3.6613e-10
-1.23623e-09
4.28835e-08
-2.06958e-10
-1.4647e-09
4.27657e-08
-1.79567e-09
4.28774e-08
-6.90334e-10
6.04181e-10
-7.21157e-10
4.3309e-08
7.09848e-11
-8.68041e-10
4.30781e-08
-5.93224e-10
-1.03368e-09
4.3027e-08
-1.26895e-09
4.32545e-08
-1.1204e-09
4.06633e-10
4.33257e-08
-4.63629e-10
-1.32958e-10
4.31299e-08
-5.37331e-10
-8.26648e-10
4.31048e-08
-6.0979e-10
4.33751e-08
-7.37776e-10
-1.26548e-09
7.19731e-10
-1.10434e-09
4.30988e-08
4.19572e-10
-1.17052e-09
4.29134e-08
1.0231e-10
-1.26373e-09
4.28071e-08
-1.39849e-09
4.27817e-08
-1.43157e-10
6.32499e-10
-9.482e-10
4.32551e-08
3.00747e-10
-1.04272e-09
4.30875e-08
-5.80156e-11
-1.15233e-09
4.30131e-08
-1.28923e-09
4.30446e-08
-3.34403e-10
5.16668e-10
-7.49084e-10
4.3361e-08
1.66767e-10
-8.33013e-10
4.32183e-08
-2.17972e-10
-9.13758e-10
4.31731e-08
-9.99385e-10
4.32454e-08
-4.987e-10
4.19661e-10
4.33891e-08
-5.71494e-10
7.50594e-11
4.32625e-08
-6.20971e-10
-3.05429e-10
4.32246e-08
-6.53001e-10
4.32964e-08
-6.82111e-10
-5.43967e-10
5.00714e-10
-8.5213e-10
4.32002e-08
3.03896e-10
-8.91391e-10
4.30857e-08
1.04497e-10
-9.37271e-10
4.30102e-08
-9.94282e-10
4.29648e-08
-4.80109e-11
4.53546e-10
-7.54797e-10
4.33141e-08
2.4824e-10
-8.07322e-10
4.32087e-08
3.76633e-11
-8.60217e-10
4.31466e-08
-9.14979e-10
4.31225e-08
-1.19533e-10
3.9405e-10
-6.28513e-10
4.33896e-08
1.86639e-10
-6.76549e-10
4.32949e-08
-2.65305e-11
-7.15695e-10
4.32418e-08
-7.45812e-10
4.32256e-08
-1.75884e-10
3.4478e-10
4.34068e-08
-5.00859e-10
1.45553e-10
4.33174e-08
-5.32234e-10
-5.76919e-11
4.32601e-08
-5.47957e-10
4.32266e-08
-5.48932e-10
-1.84756e-10
3.52391e-10
-6.40911e-10
4.32613e-08
2.31224e-10
-6.64222e-10
4.31848e-08
1.10226e-10
-6.86163e-10
4.31225e-08
-7.07886e-10
4.30621e-08
1.60034e-11
3.26054e-10
-5.7596e-10
4.33433e-08
2.05512e-10
-6.06043e-10
4.32711e-08
8.48283e-11
-6.31532e-10
4.32127e-08
-6.52104e-10
4.31569e-08
-5.44104e-12
2.93782e-10
-4.90311e-10
4.33934e-08
1.76926e-10
-5.18841e-10
4.33246e-08
6.07969e-11
-5.38608e-10
4.3265e-08
-5.48736e-10
4.32027e-08
-1.97359e-11
2.66631e-10
4.33948e-08
-3.96993e-10
1.5776e-10
4.33253e-08
-4.17937e-10
5.11638e-11
4.32553e-08
-4.27215e-10
4.31686e-08
-4.2336e-10
-1.62366e-11
2.52297e-10
-4.771e-10
4.32954e-08
1.79359e-10
-4.90792e-10
4.32404e-08
1.06286e-10
-5.00665e-10
4.31849e-08
-5.06959e-10
4.31162e-08
4.72816e-11
2.37461e-10
-4.32334e-10
4.33532e-08
1.68069e-10
-4.4989e-10
4.32995e-08
9.88152e-11
-4.62067e-10
4.32433e-08
-4.68512e-10
4.31717e-08
4.55746e-11
2.1939e-10
-3.72374e-10
4.33831e-08
1.5495e-10
-3.89829e-10
4.3329e-08
9.15349e-11
-4.00172e-10
4.32665e-08
-4.03004e-10
4.3182e-08
4.6744e-11
2.0369e-10
4.33696e-08
-3.03945e-10
1.45914e-10
4.33116e-08
-3.18312e-10
9.02251e-11
4.32353e-08
-3.24545e-10
4.31233e-08
-3.21325e-10
5.38682e-11
1.83302e-10
-3.53503e-10
4.33137e-08
1.39411e-10
-3.61436e-10
4.32714e-08
9.47135e-11
-3.65357e-10
4.32206e-08
-3.65332e-10
4.31482e-08
5.68729e-11
1.7498e-10
-3.22215e-10
4.33532e-08
1.35026e-10
-3.32624e-10
4.33107e-08
9.45816e-11
-3.38296e-10
4.32567e-08
-3.3912e-10
4.31781e-08
6.20115e-11
1.64639e-10
-2.79601e-10
4.33673e-08
1.29255e-10
-2.9057e-10
4.33223e-08
9.40211e-11
-2.96163e-10
4.32596e-08
-2.96397e-10
4.31653e-08
6.80027e-11
1.55235e-10
4.33414e-08
-2.29491e-10
1.25067e-10
4.32907e-08
-2.39513e-10
9.57141e-11
4.32125e-08
-2.43973e-10
4.30892e-08
-2.42048e-10
7.54078e-11
1.345e-10
-2.61253e-10
4.33231e-08
1.07806e-10
-2.65784e-10
4.3289e-08
7.98894e-11
-2.66877e-10
4.32418e-08
-2.64604e-10
4.31683e-08
5.49749e-11
1.29881e-10
-2.39237e-10
4.33489e-08
1.06633e-10
-2.45497e-10
4.33137e-08
8.23968e-11
-2.47997e-10
4.32621e-08
-2.46798e-10
4.3181e-08
6.16943e-11
1.23866e-10
-2.08732e-10
4.33511e-08
1.04344e-10
-2.15777e-10
4.33121e-08
8.4252e-11
-2.18892e-10
4.32506e-08
-2.18292e-10
4.31527e-08
6.84033e-11
1.18082e-10
4.33153e-08
-1.72099e-10
1.02505e-10
4.32697e-08
-1.79153e-10
8.67711e-11
4.31918e-08
-1.82415e-10
4.30642e-08
-1.81429e-10
7.49084e-11
9.9238e-11
-1.92747e-10
4.33278e-08
8.27544e-11
-1.95294e-10
4.32993e-08
6.49144e-11
-1.95129e-10
4.32549e-08
-1.92349e-10
4.31818e-08
4.81115e-11
9.67166e-11
-1.77193e-10
4.33434e-08
8.29839e-11
-1.81006e-10
4.33131e-08
6.80471e-11
-1.81978e-10
4.32639e-08
-1.80246e-10
4.31825e-08
5.44278e-11
9.31694e-11
-1.5527e-10
4.33364e-08
8.23095e-11
-1.5988e-10
4.33018e-08
7.05104e-11
-1.61661e-10
4.32421e-08
-1.60887e-10
4.31434e-08
6.04182e-11
8.95349e-11
4.32931e-08
-1.2852e-10
8.16018e-11
4.32512e-08
-1.33513e-10
7.29909e-11
4.31746e-08
-1.35912e-10
4.30461e-08
-1.35475e-10
6.57246e-11
7.33924e-11
-1.42013e-10
4.33299e-08
6.30443e-11
-1.43414e-10
4.33054e-08
5.13925e-11
-1.42762e-10
4.32634e-08
-1.40163e-10
4.31911e-08
3.98341e-11
7.20516e-11
-1.30991e-10
4.33379e-08
6.38051e-11
-1.33342e-10
4.33113e-08
5.4348e-11
-1.33598e-10
4.32642e-08
-1.31914e-10
4.31835e-08
4.51342e-11
6.99356e-11
-1.15198e-10
4.33242e-08
6.3842e-11
-1.1826e-10
4.32928e-08
5.67058e-11
-1.19303e-10
4.32349e-08
-1.18585e-10
4.31367e-08
5.00357e-11
6.76101e-11
4.32751e-08
-9.56759e-11
6.36647e-11
4.32361e-08
-9.92244e-11
5.88466e-11
4.31611e-08
-1.00988e-10
4.3033e-08
-1.00841e-10
5.41977e-11
5.42886e-11
-1.04495e-10
4.33308e-08
4.76858e-11
-1.05242e-10
4.33091e-08
3.99281e-11
-1.04467e-10
4.32691e-08
-1.02272e-10
4.31978e-08
3.18558e-11
5.36053e-11
-9.66648e-11
4.33332e-08
4.85717e-11
-9.81306e-11
4.33092e-08
4.24381e-11
-9.80695e-11
4.32639e-08
-9.66295e-11
4.31842e-08
3.60711e-11
5.23311e-11
-8.52695e-11
4.33144e-08
4.88865e-11
-8.73305e-11
4.32855e-08
4.44501e-11
-8.7953e-11
4.32292e-08
-8.73566e-11
4.3132e-08
3.99134e-11
5.08202e-11
4.3261e-08
-7.10281e-11
4.8943e-11
4.32242e-08
-7.35582e-11
4.61876e-11
4.31508e-08
-7.48525e-11
4.30236e-08
-7.48434e-11
4.31037e-11
4.01031e-11
-7.67627e-11
4.33311e-08
3.58254e-11
-7.71419e-11
4.33114e-08
3.0577e-11
-7.64062e-11
4.32729e-08
-7.46451e-11
4.32027e-08
2.48773e-11
3.97799e-11
-7.11891e-11
4.33293e-08
3.66589e-11
-7.21121e-11
4.33073e-08
3.25988e-11
-7.19298e-11
4.32635e-08
-7.07692e-11
4.31848e-08
2.8132e-11
3.90066e-11
-6.29604e-11
4.33068e-08
3.70487e-11
-6.43622e-11
4.32797e-08
3.42224e-11
-6.47395e-11
4.32249e-08
-6.42684e-11
4.31287e-08
3.10724e-11
3.80125e-11
4.32501e-08
-5.25781e-11
3.71941e-11
4.32151e-08
-5.43864e-11
3.55853e-11
4.3143e-08
-5.53337e-11
4.30168e-08
-5.5382e-11
3.34825e-11
2.95406e-11
-5.625e-11
4.33311e-08
2.67314e-11
-5.64273e-11
4.3313e-08
2.3136e-11
-5.57932e-11
4.32757e-08
-5.4423e-11
4.32063e-08
1.90832e-11
2.94091e-11
-5.22798e-11
4.33262e-08
2.74459e-11
-5.28661e-11
4.33057e-08
2.4714e-11
-5.26553e-11
4.32631e-08
-5.17507e-11
4.31853e-08
2.15497e-11
2.89369e-11
-4.63393e-11
4.33009e-08
2.78203e-11
-4.73007e-11
4.32753e-08
2.59823e-11
-4.75321e-11
4.32216e-08
-4.71698e-11
4.31263e-08
2.37651e-11
2.8276e-11
4.32418e-08
-3.87818e-11
2.79857e-11
4.32082e-08
-4.00757e-11
2.70284e-11
4.31372e-08
-4.07666e-11
4.30119e-08
-4.08321e-11
2.55669e-11
2.16554e-11
-4.10461e-11
4.33309e-08
1.97901e-11
-4.11161e-11
4.3314e-08
1.73062e-11
-4.05991e-11
4.32776e-08
-3.95558e-11
4.32089e-08
1.44161e-11
2.16211e-11
-3.82208e-11
4.33239e-08
2.03706e-11
-3.85959e-11
4.33044e-08
1.85108e-11
-3.83984e-11
4.32627e-08
-3.77092e-11
4.31857e-08
1.62588e-11
2.13315e-11
-3.39417e-11
4.32965e-08
2.06942e-11
-3.46046e-11
4.32719e-08
1.94794e-11
-3.47476e-11
4.32192e-08
-3.44741e-11
4.31246e-08
1.79076e-11
2.08889e-11
4.32357e-08
-2.84585e-11
2.08487e-11
4.3203e-08
-2.93834e-11
2.02694e-11
4.31329e-08
-2.98849e-11
4.30084e-08
-2.99488e-11
1.92422e-11
1.57461e-11
-2.9729e-11
4.33308e-08
1.4499e-11
-2.97451e-11
4.33146e-08
1.27776e-11
-2.93398e-11
4.32789e-08
-2.85604e-11
4.32108e-08
1.07206e-11
1.5757e-11
-2.7727e-11
4.33221e-08
1.4953e-11
-2.79682e-11
4.33034e-08
1.36794e-11
-2.78004e-11
4.32625e-08
-2.72854e-11
4.3186e-08
1.20782e-11
1.55789e-11
-2.46621e-11
4.32932e-08
1.52159e-11
-2.51197e-11
4.32694e-08
1.44048e-11
-2.52084e-11
4.32174e-08
-2.50052e-11
4.31235e-08
1.32898e-11
1.52816e-11
4.32311e-08
-2.07101e-11
1.53473e-11
4.31992e-08
-2.13684e-11
1.49921e-11
4.31298e-08
-2.17296e-11
4.30059e-08
-2.17845e-11
1.42677e-11
1.12917e-11
-2.12442e-11
4.33306e-08
1.04578e-11
-2.12361e-11
4.33151e-08
9.26977e-12
-2.09293e-11
4.32799e-08
-2.03595e-11
4.32122e-08
7.81911e-12
1.13197e-11
-1.98404e-11
4.33208e-08
1.08009e-11
-1.99956e-11
4.33027e-08
9.93021e-12
-1.98619e-11
4.32623e-08
-1.94853e-11
4.31863e-08
8.8013e-12
1.12103e-11
-1.76711e-11
4.32909e-08
1.10046e-11
-1.79853e-11
4.32676e-08
1.04617e-11
-1.80404e-11
4.32161e-08
-1.78923e-11
4.31227e-08
9.67645e-12
1.1011e-11
4.32278e-08
-1.48589e-11
1.11095e-11
4.31964e-08
-1.53227e-11
1.08897e-11
4.31275e-08
-1.55794e-11
4.30042e-08
-1.56232e-11
1.03816e-11
7.91574e-12
-1.48256e-11
4.33305e-08
7.36374e-12
-1.48092e-11
4.33154e-08
6.55585e-12
-1.45858e-11
4.32806e-08
-1.41815e-11
4.32132e-08
5.55206e-12
7.94639e-12
-1.38618e-11
4.33198e-08
7.61325e-12
-1.39609e-11
4.33022e-08
7.02524e-12
-1.38603e-11
4.32621e-08
-1.35931e-11
4.31865e-08
6.24359e-12
7.87961e-12
-1.23604e-11
4.32892e-08
7.76376e-12
-1.25732e-11
4.32663e-08
7.40289e-12
-1.26073e-11
4.32152e-08
-1.25024e-11
4.31221e-08
6.85886e-12
7.74745e-12
4.32255e-08
-1.04054e-11
7.84252e-12
4.31945e-08
-1.07259e-11
7.70559e-12
4.3126e-08
-1.09045e-11
4.30029e-08
-1.09377e-11
7.35389e-12
5.37526e-12
-9.95368e-12
4.33304e-08
5.01777e-12
-9.93667e-12
4.33156e-08
4.48249e-12
-9.78157e-12
4.3281e-08
-9.50677e-12
4.32139e-08
3.80771e-12
5.40198e-12
-9.31648e-12
4.33192e-08
5.19087e-12
-9.37858e-12
4.33019e-08
4.80232e-12
-9.30748e-12
4.3262e-08
-9.12595e-12
4.31866e-08
4.27505e-12
5.36186e-12
-8.31656e-12
4.32881e-08
5.29595e-12
-8.45697e-12
4.32655e-08
5.05898e-12
-8.47847e-12
4.32146e-08
-8.40736e-12
4.31218e-08
4.68976e-12
5.27587e-12
4.32239e-08
-7.00909e-12
5.35067e-12
4.31931e-08
-7.22425e-12
5.2629e-12
4.31249e-08
-7.34499e-12
4.30021e-08
-7.36926e-12
5.02261e-12
3.56161e-12
-6.33858e-12
4.33304e-08
3.33462e-12
-6.3235e-12
4.33157e-08
2.98747e-12
-6.22142e-12
4.32813e-08
-6.04486e-12
4.32143e-08
2.54327e-12
3.58308e-12
-5.9406e-12
4.33188e-08
3.44895e-12
-5.97852e-12
4.33017e-08
3.19478e-12
-5.93229e-12
4.3262e-08
-5.8167e-12
4.31867e-08
2.84345e-12
3.55958e-12
-5.31031e-12
4.32873e-08
3.51744e-12
-5.40133e-12
4.32649e-08
3.35931e-12
-5.41707e-12
4.32143e-08
-5.37359e-12
4.31216e-08
3.10768e-12
3.50409e-12
4.32229e-08
-4.48167e-12
3.55062e-12
4.31923e-08
-4.62408e-12
3.48631e-12
4.31243e-08
-4.70654e-12
4.30017e-08
-4.72853e-12
3.31817e-12
2.46708e-12
-3.95597e-12
2.31584e-12
-3.94227e-12
2.07974e-12
-3.87514e-12
-3.76525e-12
1.77497e-12
2.48508e-12
-3.71431e-12
2.39211e-12
-3.73793e-12
2.21309e-12
-3.70906e-12
-3.639e-12
1.96366e-12
2.4713e-12
-3.3274e-12
2.4363e-12
-3.3879e-12
2.31657e-12
-3.39993e-12
-3.37407e-12
2.12731e-12
2.43556e-12
-2.81798e-12
2.45714e-12
-2.91306e-12
2.39497e-12
-2.96687e-12
-2.98699e-12
2.26184e-12
-1.0317e-08
8.93354e-10
5.34855e-08
-1.47449e-08
2.93968e-09
4.27488e-08
-2.00986e-09
-1.29305e-09
2.10272e-08
-4.14478e-09
3.16978e-08
-6.6931e-09
-1.36693e-08
-1.27564e-09
6.22212e-08
-1.91093e-08
4.79788e-10
5.61687e-08
-1.59736e-08
7.13505e-09
2.4803e-08
-1.11871e-08
3.35054e-08
-1.12762e-08
-1.11858e-08
-7.3273e-09
5.81261e-08
-1.91388e-08
-2.95936e-09
6.56445e-08
-1.26152e-08
1.89212e-08
2.38199e-08
-1.4025e-08
3.55028e-08
-8.39728e-09
-1.11543e-08
6.58652e-08
-7.14279e-09
5.09785e-08
-4.02105e-09
3.66101e-08
3.74527e-08
-4.16456e-09
-5.20274e-10
-5.13356e-09
4.45315e-08
3.18951e-09
-8.76314e-09
3.90462e-08
-5.08155e-09
-1.04792e-09
2.90243e-08
4.62251e-09
2.72174e-08
-3.24442e-09
4.38132e-10
3.47133e-09
4.98841e-08
6.85533e-09
-1.55408e-09
4.25425e-08
-5.04289e-09
3.93868e-09
3.17146e-08
6.27807e-09
3.32846e-08
-6.47759e-09
-5.99977e-10
4.65888e-09
5.51996e-08
7.82482e-09
7.23928e-09
4.84263e-08
-4.59703e-09
3.70545e-09
3.6475e-08
6.21216e-09
3.95388e-08
-8.56715e-09
1.00507e-09
6.71354e-08
3.29967e-09
5.59232e-08
-2.75232e-09
4.63675e-08
4.97723e-08
-8.85975e-09
-2.72334e-09
1.50658e-09
4.404e-08
-3.13565e-09
7.55903e-10
3.94917e-08
-6.16602e-09
1.65238e-09
3.25232e-08
1.4448e-10
2.61289e-08
-4.18492e-09
-1.98424e-09
1.05404e-09
4.93266e-08
-2.55755e-09
-2.13449e-10
4.40851e-08
-6.94063e-09
4.48566e-10
3.73015e-08
-1.02635e-09
3.2559e-08
-5.04424e-09
-1.50175e-09
-1.2321e-09
5.61615e-08
-2.25416e-09
-1.18394e-09
5.01492e-08
-7.21567e-09
-1.26811e-09
4.31531e-08
-2.64086e-09
3.94854e-08
-5.54772e-09
-9.82518e-10
6.40786e-08
-2.7744e-09
5.65311e-08
-7.06326e-09
4.93883e-08
4.56386e-08
-5.57046e-09
-1.34065e-09
1.36741e-09
4.47071e-08
-2.17602e-09
1.14663e-09
4.07351e-08
-3.40192e-09
9.75766e-10
3.42727e-08
-2.80879e-10
2.62516e-08
-2.49675e-09
-1.21096e-09
3.22365e-10
5.03725e-08
-2.25068e-09
2.00839e-10
4.60707e-08
-3.85565e-09
2.21476e-10
3.96608e-08
-9.3923e-10
3.21992e-08
-2.83754e-09
-8.68276e-10
-5.12115e-10
5.6639e-08
-2.07743e-09
-3.10942e-10
5.18702e-08
-3.99668e-09
-6.16626e-11
4.53555e-08
-7.15837e-10
3.82308e-08
-2.96555e-09
-5.62232e-10
6.30455e-08
-2.02512e-09
5.76831e-08
-3.8329e-09
5.11344e-08
4.41255e-08
-3.0356e-09
-1.5852e-10
1.13654e-10
4.51882e-08
-8.48122e-10
1.886e-11
4.14996e-08
-1.45594e-09
-2.06926e-10
3.50272e-08
-8.88751e-10
2.61579e-08
-9.36364e-10
-2.1024e-10
-2.44372e-10
5.106e-08
-1.0071e-09
-2.51543e-10
4.71379e-08
-1.70633e-09
-4.15812e-10
4.05689e-08
-1.07693e-09
3.17834e-08
-1.1023e-09
-1.0192e-10
-4.07105e-10
5.70424e-08
-9.87907e-10
-3.26391e-10
5.2831e-08
-1.79502e-09
-3.82884e-10
4.61297e-08
-8.36174e-10
3.73797e-08
-1.18466e-09
1.00497e-11
6.28828e-08
-9.79785e-10
5.83465e-08
-1.74594e-09
5.15177e-08
4.27903e-08
-1.24698e-09
3.34496e-10
-4.17107e-10
4.54376e-08
-1.10373e-10
-4.63931e-10
4.18711e-08
-4.28737e-10
-5.8413e-10
3.53199e-08
-8.56384e-10
2.60647e-08
-2.16917e-10
2.79472e-10
-4.37145e-10
5.13685e-08
-2.15802e-10
-4.32151e-10
4.76014e-08
-5.53933e-10
-5.38834e-10
4.08617e-08
-8.23963e-10
3.15083e-08
-3.11301e-10
3.14104e-10
-3.41148e-10
5.72217e-08
-2.23898e-10
-2.96037e-10
5.32329e-08
-5.99845e-10
-3.41941e-10
4.63088e-08
-5.45279e-10
3.68694e-08
-3.68185e-10
3.61041e-10
6.28345e-08
-2.1684e-10
5.86284e-08
-5.89069e-10
5.15479e-08
4.20677e-08
-4.11725e-10
4.17161e-10
-4.98793e-10
4.55389e-08
1.60309e-10
-5.23765e-10
4.20308e-08
-1.22135e-11
-5.78702e-10
3.54181e-08
-6.78225e-10
2.59867e-08
6.18536e-11
3.79782e-10
-4.18909e-10
5.14693e-08
9.82535e-11
-4.14675e-10
4.77739e-08
-7.8569e-11
-4.6868e-10
4.09285e-08
-5.83755e-10
3.133e-08
5.26945e-12
3.91321e-10
-2.64217e-10
5.7249e-08
8.75717e-11
-2.42144e-10
5.33641e-08
-1.0721e-10
-2.71347e-10
4.63062e-08
-3.59275e-10
3.65718e-08
-3.41227e-11
4.11469e-10
6.27644e-08
8.84887e-11
5.87092e-08
-1.13522e-10
5.14786e-08
4.16606e-08
-6.57112e-11
3.64563e-10
-4.31545e-10
4.55559e-08
2.29875e-10
-4.45729e-10
4.20789e-08
1.38108e-10
-4.69809e-10
3.54317e-08
-5.03235e-10
2.59239e-08
1.55221e-10
3.39579e-10
-3.37799e-10
5.14686e-08
1.92908e-10
-3.36008e-10
4.78108e-08
1.00827e-10
-3.61201e-10
4.0912e-08
-4.04636e-10
3.12115e-08
1.20783e-10
3.4162e-10
-1.96068e-10
5.72026e-08
1.83421e-10
-1.85788e-10
5.33721e-08
8.1938e-11
-2.01537e-10
4.6248e-08
-2.3596e-10
3.63907e-08
9.43766e-11
3.49113e-10
6.26704e-08
1.80979e-10
5.86916e-08
7.18608e-11
5.13862e-08
4.1424e-08
7.25163e-11
2.89823e-10
-3.39751e-10
4.55323e-08
2.25726e-10
-3.48962e-10
4.20741e-08
1.77443e-10
-3.59559e-10
3.54124e-08
-3.69263e-10
2.58751e-08
1.72123e-10
2.72226e-10
-2.57992e-10
5.1425e-08
2.0262e-10
-2.58377e-10
4.77898e-08
1.5522e-10
-2.69408e-10
4.08692e-08
-2.84061e-10
3.11306e-08
1.50893e-10
2.70336e-10
-1.44481e-10
5.7129e-08
1.94648e-10
-1.40506e-10
5.33299e-08
1.42231e-10
-1.47987e-10
4.6179e-08
-1.59985e-10
3.62754e-08
1.33417e-10
2.72515e-10
6.25696e-08
1.90859e-10
5.86327e-08
1.32679e-10
5.12964e-08
4.12782e-08
1.18506e-10
2.24466e-10
-2.59545e-10
4.5494e-08
1.97364e-10
-2.65671e-10
4.20485e-08
1.71471e-10
-2.7012e-10
3.53838e-08
-2.71364e-10
2.58386e-08
1.58057e-10
2.11828e-10
-1.94505e-10
5.13688e-08
1.82361e-10
-1.95402e-10
4.7749e-08
1.57582e-10
-1.99521e-10
4.08234e-08
-2.02611e-10
3.10748e-08
1.4466e-10
2.08519e-10
-1.07215e-10
5.70519e-08
1.75893e-10
-1.05723e-10
5.32729e-08
1.4843e-10
-1.0865e-10
4.61156e-08
-1.11344e-10
3.61996e-08
1.32982e-10
2.08245e-10
6.24748e-08
1.7195e-10
5.85633e-08
1.40544e-10
5.12191e-08
4.11847e-08
1.22693e-10
1.72327e-10
-1.96093e-10
4.54542e-08
1.63184e-10
-2.00077e-10
4.20182e-08
1.48628e-10
-2.01632e-10
3.53561e-08
-2.00064e-10
2.58118e-08
1.33475e-10
1.63196e-10
-1.46247e-10
5.13141e-08
1.53147e-10
-1.46865e-10
4.77059e-08
1.39589e-10
-1.47668e-10
4.0783e-08
-1.46377e-10
3.10359e-08
1.24771e-10
1.5969e-10
-8.01049e-11
5.69819e-08
1.4801e-10
-7.94144e-11
5.32171e-08
1.33017e-10
-8.00057e-11
4.6063e-08
-7.91159e-11
3.61485e-08
1.16819e-10
1.58394e-10
6.23922e-08
1.44408e-10
5.84979e-08
1.26844e-10
5.11567e-08
4.11228e-08
1.09599e-10
1.31613e-10
-1.47351e-10
4.54186e-08
1.30534e-10
-1.49861e-10
4.199e-08
1.21825e-10
-1.50064e-10
3.53324e-08
-1.47778e-10
2.57923e-08
1.07655e-10
1.25015e-10
-1.09801e-10
5.12666e-08
1.23667e-10
-1.10001e-10
4.76674e-08
1.15746e-10
-1.09315e-10
4.07502e-08
-1.06622e-10
3.10087e-08
1.01838e-10
1.21873e-10
-6.00345e-11
5.69227e-08
1.1967e-10
-5.95396e-11
5.31688e-08
1.10969e-10
-5.90371e-11
4.60214e-08
-5.6971e-11
3.61135e-08
9.63177e-11
1.20299e-10
6.23237e-08
1.16616e-10
5.8442e-08
1.06252e-10
5.1108e-08
4.10809e-08
9.11804e-11
1.00023e-10
-1.10318e-10
4.53889e-08
1.02163e-10
-1.1185e-10
4.19662e-08
9.66129e-11
-1.11464e-10
3.53135e-08
-1.09229e-10
2.57782e-08
8.44406e-11
9.52534e-11
-8.22813e-11
5.12277e-08
9.73824e-11
-8.21629e-11
4.76356e-08
9.24192e-11
-8.09114e-11
4.07246e-08
-7.80407e-11
3.09894e-08
8.04583e-11
9.26382e-11
-4.50023e-11
5.68749e-08
9.43163e-11
-4.45359e-11
5.31295e-08
8.89195e-11
-4.3603e-11
4.59895e-08
-4.13661e-11
3.60892e-08
7.6565e-11
9.11201e-11
6.22687e-08
9.18345e-11
5.83967e-08
8.53593e-11
5.10709e-08
4.10521e-08
7.28739e-11
7.56316e-11
-8.23366e-11
4.53652e-08
7.87381e-11
-8.32421e-11
4.19471e-08
7.50101e-11
-8.26483e-11
3.52989e-08
-8.07176e-11
2.57681e-08
6.50392e-11
7.21826e-11
-6.15101e-11
5.11968e-08
7.5367e-11
-6.12081e-11
4.76103e-08
7.20632e-11
-5.98515e-11
4.07051e-08
-5.72691e-11
3.09758e-08
6.22616e-11
7.00943e-11
-3.3681e-11
5.68373e-08
7.30377e-11
-3.32226e-11
5.30986e-08
6.94881e-11
-3.2205e-11
4.59654e-08
-3.01831e-11
3.60721e-08
5.94836e-11
6.87666e-11
6.22257e-08
7.1075e-11
5.83612e-08
6.68204e-11
5.10429e-08
4.10319e-08
5.68145e-11
5.68983e-11
-6.12715e-11
4.53468e-08
5.99916e-11
-6.17888e-11
4.19323e-08
5.73906e-11
-6.11708e-11
3.52878e-08
-5.95955e-11
2.57607e-08
4.94657e-11
5.44033e-11
-4.58539e-11
5.11728e-08
5.75922e-11
-4.54774e-11
4.75908e-08
5.52934e-11
-4.42253e-11
4.06904e-08
-4.20694e-11
3.0966e-08
4.75019e-11
5.27782e-11
-2.51437e-11
5.68082e-08
5.5836e-11
-2.47131e-11
5.30748e-08
5.33953e-11
-2.37712e-11
4.59474e-08
-2.20806e-11
3.606e-08
4.55037e-11
5.16784e-11
6.21924e-08
5.43125e-11
5.83339e-08
5.14063e-11
5.10221e-08
4.10177e-08
4.3566e-11
4.25842e-11
-4.54523e-11
4.53326e-08
4.52888e-11
-4.57358e-11
4.19209e-08
4.34299e-11
-4.51748e-11
3.52795e-08
-4.39298e-11
2.57555e-08
3.7262e-11
4.07793e-11
-3.40725e-11
5.11545e-08
4.35707e-11
-3.36918e-11
4.7576e-08
4.19254e-11
-3.26228e-11
4.06795e-08
-3.08955e-11
3.09591e-08
3.58611e-11
3.95371e-11
-1.87095e-11
5.6786e-08
4.22555e-11
-1.83263e-11
5.30567e-08
4.05267e-11
-1.75213e-11
4.5934e-08
-1.61664e-11
3.60514e-08
3.44167e-11
3.8657e-11
6.21671e-08
4.10895e-11
5.83131e-08
3.90501e-11
5.10066e-08
4.10075e-08
3.30072e-11
3.16916e-11
-3.35877e-11
4.53219e-08
3.3908e-11
-3.37343e-11
4.19124e-08
3.25617e-11
-3.32595e-11
3.52734e-08
-3.22962e-11
2.57516e-08
2.78385e-11
3.03872e-11
-2.52164e-11
5.11407e-08
3.2674e-11
-2.48701e-11
4.75649e-08
3.14781e-11
-2.39988e-11
4.06715e-08
-2.26509e-11
3.09541e-08
2.6834e-11
2.94506e-11
-1.38641e-11
5.67693e-08
3.16957e-11
-1.35385e-11
5.30431e-08
3.04499e-11
-1.28823e-11
4.59241e-08
-1.18254e-11
3.60453e-08
2.57879e-11
2.87638e-11
6.2148e-08
3.08138e-11
5.82975e-08
2.93586e-11
5.09952e-08
4.10003e-08
2.47627e-11
2.34216e-11
-2.46859e-11
4.53139e-08
2.51673e-11
-2.47549e-11
4.1906e-08
2.41878e-11
-2.43706e-11
3.52688e-08
-2.36376e-11
2.57489e-08
2.06223e-11
2.24817e-11
-1.85577e-11
5.11304e-08
2.42814e-11
-1.82626e-11
4.75566e-08
2.34074e-11
-1.7575e-11
4.06656e-08
-1.6544e-11
3.09505e-08
1.99011e-11
2.17842e-11
-1.02145e-11
5.67569e-08
2.35594e-11
-9.94819e-12
5.3033e-08
2.2655e-11
-9.43047e-12
4.59169e-08
-8.62241e-12
3.60408e-08
1.91445e-11
2.12589e-11
6.21338e-08
2.29e-11
5.82859e-08
2.18534e-11
5.09868e-08
4.09951e-08
1.84005e-11
1.71406e-11
-1.79889e-11
4.5308e-08
1.84752e-11
-1.80159e-11
4.19013e-08
1.77647e-11
-1.7715e-11
3.52655e-08
-1.71665e-11
2.57469e-08
1.51133e-11
1.64675e-11
-1.35387e-11
5.11228e-08
1.78422e-11
-1.32991e-11
4.75505e-08
1.72053e-11
-1.27706e-11
4.06612e-08
-1.19964e-11
3.09479e-08
1.45976e-11
1.59552e-11
-7.45925e-12
5.67477e-08
1.73152e-11
-7.24861e-12
5.30256e-08
1.66593e-11
-6.85089e-12
4.59116e-08
-6.24433e-12
3.60377e-08
1.40533e-11
1.55612e-11
6.21233e-08
1.68288e-11
5.82774e-08
1.60757e-11
5.09807e-08
4.09914e-08
1.35167e-11
1.23541e-11
-1.29215e-11
4.53037e-08
1.33455e-11
-1.29272e-11
4.18979e-08
1.28353e-11
-1.26991e-11
3.52632e-08
-1.22968e-11
2.57455e-08
1.0901e-11
1.1878e-11
-9.73489e-12
5.11173e-08
1.28983e-11
-9.54823e-12
4.75461e-08
1.2439e-11
-9.15287e-12
4.06582e-08
-8.58351e-12
3.09461e-08
1.05362e-11
1.15085e-11
-5.36854e-12
5.6741e-08
1.25198e-11
-5.20723e-12
5.30203e-08
1.20486e-11
-4.90967e-12
4.59078e-08
-4.46371e-12
3.60355e-08
1.01494e-11
1.12196e-11
6.21156e-08
1.21674e-11
5.82713e-08
1.16298e-11
5.09763e-08
4.09888e-08
9.76712e-12
8.69243e-12
-9.05803e-12
4.53007e-08
9.40215e-12
-9.05427e-12
4.18955e-08
9.0417e-12
-8.88761e-12
3.52615e-08
-8.60088e-12
2.57446e-08
7.66741e-12
8.36273e-12
-6.83118e-12
5.11134e-08
9.09294e-12
-6.69172e-12
4.7543e-08
8.76712e-12
-6.40535e-12
4.0656e-08
-5.9985e-12
3.09449e-08
7.4149e-12
8.10311e-12
-3.7713e-12
5.67363e-08
8.82781e-12
-3.65204e-12
5.30165e-08
8.49456e-12
-3.4363e-12
4.59052e-08
-3.11747e-12
3.60339e-08
7.14635e-12
7.89766e-12
6.21103e-08
8.57936e-12
5.82669e-08
8.20137e-12
5.09733e-08
4.0987e-08
6.88012e-12
5.91198e-12
-6.10693e-12
4.52987e-08
6.39158e-12
-6.10021e-12
4.18939e-08
6.13862e-12
-5.9841e-12
3.52604e-08
-5.78842e-12
2.57439e-08
5.19401e-12
5.69073e-12
-4.61076e-12
5.11108e-08
6.18466e-12
-4.51107e-12
4.75409e-08
5.95508e-12
-4.31199e-12
4.06546e-08
-4.03303e-12
3.0944e-08
5.02575e-12
5.5148e-12
-2.54982e-12
5.67331e-08
6.00584e-12
-2.46451e-12
5.3014e-08
5.77212e-12
-2.31352e-12
4.59034e-08
-2.09431e-12
3.60329e-08
4.84681e-12
5.37521e-12
6.21066e-08
5.83847e-12
5.8264e-08
5.57553e-12
5.09712e-08
4.09859e-08
4.66897e-12
3.90294e-12
-3.90627e-12
4.52974e-08
4.19385e-12
-3.90065e-12
4.18929e-08
4.006e-12
-3.82622e-12
3.52597e-08
-3.70406e-12
2.57435e-08
3.37238e-12
3.75899e-12
-2.95373e-12
5.11091e-08
4.06035e-12
-2.88567e-12
4.75396e-08
3.88918e-12
-2.75503e-12
4.06537e-08
-2.57643e-12
3.09435e-08
3.26738e-12
3.64497e-12
-1.64721e-12
5.67311e-08
3.94626e-12
-1.58718e-12
5.30124e-08
3.77442e-12
-1.48514e-12
4.59023e-08
-1.34115e-12
3.60323e-08
3.15744e-12
3.5579e-12
6.21043e-08
3.84365e-12
5.82621e-08
3.65455e-12
5.09699e-08
4.09851e-08
3.04909e-12
2.67653e-12
-2.45822e-12
2.8288e-12
-2.45066e-12
2.65738e-12
-2.39999e-12
-2.32549e-12
2.2007e-12
2.58629e-12
-1.84955e-12
2.74833e-12
-1.80043e-12
2.58878e-12
-1.71381e-12
-1.60436e-12
2.13909e-12
2.51565e-12
-9.87669e-13
2.68045e-12
-9.52147e-13
2.52254e-12
-8.94698e-13
-8.18179e-13
2.0785e-12
2.46658e-12
2.62448e-12
2.45723e-12
2.01991e-12
1.42551e-08
3.42891e-09
3.54996e-08
2.76075e-08
-1.06228e-08
4.94968e-08
-1.21495e-08
1.08104e-07
4.41027e-08
4.69251e-08
4.04691e-08
2.58595e-08
-5.30319e-09
3.45857e-08
2.52428e-08
6.68425e-09
3.22794e-08
6.82126e-08
5.93824e-08
6.3207e-08
4.35333e-08
1.19446e-07
-3.49218e-09
1.31179e-08
2.87377e-08
-3.759e-08
2.71873e-08
5.5564e-08
-3.68766e-08
4.31237e-08
6.39047e-08
9.51222e-09
6.79192e-08
-1.16963e-08
3.49907e-08
-1.03327e-08
4.60939e-08
9.40997e-09
5.19763e-08
5.71851e-08
3.65959e-09
3.28943e-09
3.71081e-08
6.7082e-09
1.0236e-08
4.31913e-08
1.37307e-09
1.40373e-08
4.57452e-08
1.00475e-08
5.08948e-08
4.95723e-12
7.72784e-10
3.81754e-08
-1.05403e-08
3.65164e-09
4.94091e-08
-1.66009e-08
1.44732e-08
6.88318e-08
1.67862e-08
9.61066e-08
-1.8421e-09
-2.02101e-09
3.85345e-08
-2.74814e-10
2.16799e-09
5.54804e-08
5.81477e-09
4.34994e-09
6.79383e-08
2.78882e-09
8.77313e-08
-4.44874e-09
3.04732e-08
-1.48062e-09
3.88162e-08
5.20045e-10
4.57584e-08
5.16342e-08
6.69056e-10
-3.37684e-09
4.08056e-08
9.00542e-10
-4.09051e-09
4.69848e-08
-4.35298e-10
-5.27e-09
5.22646e-08
-6.86056e-09
5.75352e-08
-5.98252e-09
-2.85496e-09
4.10294e-08
-9.49302e-09
-2.52898e-09
5.13581e-08
-1.11513e-08
-7.00081e-10
6.59202e-08
-5.661e-10
7.86608e-08
-9.39693e-09
1.40312e-09
3.80069e-08
-9.11779e-09
3.07907e-09
4.95932e-08
-9.64936e-09
4.57515e-09
6.31947e-08
5.69883e-09
7.1817e-08
-8.66902e-09
2.78295e-08
-6.92696e-09
3.51089e-08
-4.28877e-09
4.21477e-08
4.74738e-08
-3.96199e-10
-3.86515e-09
4.29774e-08
-2.89448e-10
-5.26647e-09
4.93892e-08
-7.55686e-11
-6.78687e-09
5.54801e-08
-7.3609e-09
6.1179e-08
-4.41104e-09
-2.37725e-09
4.19143e-08
-6.03041e-09
-2.64809e-09
5.03591e-08
-4.4406e-09
-2.57752e-09
6.01211e-08
-2.14206e-09
6.90013e-08
-6.7746e-09
1.22426e-09
3.69635e-08
-7.36467e-09
2.16036e-09
4.53748e-08
-4.31793e-09
3.00386e-09
5.45665e-08
3.20786e-09
6.21492e-08
-5.67543e-09
2.71025e-08
-4.69959e-09
3.34559e-08
-2.18012e-09
3.96665e-08
4.54659e-08
-6.30954e-10
-3.05353e-09
4.41581e-08
-6.42851e-10
-3.86935e-09
5.04771e-08
-3.5194e-10
-4.64449e-09
5.66152e-08
-4.93432e-09
6.23436e-08
-2.49605e-09
-1.96335e-09
4.20806e-08
-3.14099e-09
-2.11041e-09
4.92451e-08
-2.25622e-09
-2.13043e-09
5.67222e-08
-1.96567e-09
6.37765e-08
-3.57587e-09
2.24762e-11
3.62666e-08
-3.89538e-09
4.38364e-10
4.31455e-08
-2.46693e-09
8.25607e-10
5.01821e-08
9.73188e-10
5.67434e-08
-3.07621e-09
2.65728e-08
-2.69832e-09
3.24141e-08
-1.5501e-09
3.81592e-08
4.3642e-08
-5.38521e-10
-2.1354e-09
4.47256e-08
-5.78288e-10
-2.50207e-09
5.08716e-08
-3.5289e-10
-2.8206e-09
5.68543e-08
-2.93669e-09
6.24805e-08
-1.34434e-09
-1.44862e-09
4.20478e-08
-1.60555e-09
-1.47695e-09
4.84812e-08
-1.17216e-09
-1.45591e-09
5.49242e-08
-1.37082e-09
6.10384e-08
-1.77136e-09
-3.70103e-10
3.5839e-08
-1.91872e-09
-1.5894e-10
4.19749e-08
-1.30867e-09
3.64367e-11
4.80797e-08
1.56879e-10
5.3907e-08
-1.53459e-09
2.62549e-08
-1.40204e-09
3.18113e-08
-8.44486e-10
3.72699e-08
4.25427e-08
-3.4942e-10
-1.45369e-09
4.49848e-08
-3.87372e-10
-1.59678e-09
5.09875e-08
-2.44294e-10
-1.70833e-09
5.68201e-08
-1.73413e-09
6.23475e-08
-6.92658e-10
-1.03753e-09
4.19899e-08
-8.18685e-10
-1.02159e-09
4.8032e-08
-5.9224e-10
-9.84994e-10
5.39744e-08
-9.25327e-10
5.96374e-08
-8.53078e-10
-4.40067e-10
3.55959e-08
-9.37303e-10
-3.23031e-10
4.13606e-08
-6.52815e-10
-2.15974e-10
4.70262e-08
-1.37789e-10
5.24667e-08
-7.32897e-10
2.60656e-08
-7.03495e-10
3.14641e-08
-4.43056e-10
3.67594e-08
4.18962e-08
-1.78971e-10
-9.96941e-10
4.51051e-08
-2.13904e-10
-1.0419e-09
5.10146e-08
-1.4096e-10
-1.06884e-09
5.67466e-08
-1.05931e-09
6.22036e-08
-3.23324e-10
-7.4724e-10
4.1944e-08
-3.97615e-10
-7.20552e-10
4.77849e-08
-2.89629e-10
-6.85023e-10
5.34826e-08
-6.40955e-10
5.89294e-08
-3.79947e-10
-4.04654e-10
3.54574e-08
-4.39794e-10
-3.37374e-10
4.10372e-08
-3.1238e-10
-2.76252e-10
4.649e-08
-2.27082e-10
5.17404e-08
-3.17983e-10
2.59494e-08
-3.31528e-10
3.12611e-08
-2.1914e-10
3.64652e-08
4.15225e-08
-6.6405e-11
-6.95719e-10
4.51656e-08
-9.76963e-11
-7.02026e-10
5.10216e-08
-6.96162e-11
-6.98331e-10
5.66952e-08
-6.79284e-10
6.21087e-08
-1.26111e-10
-5.45142e-10
4.19141e-08
-1.77116e-10
-5.20225e-10
4.76541e-08
-1.34475e-10
-4.91379e-10
5.3233e-08
-4.59387e-10
5.85751e-08
-1.44034e-10
-3.4066e-10
3.53772e-08
-1.91423e-10
-3.00709e-10
4.08651e-08
-1.4274e-10
-2.64493e-10
4.62144e-08
-2.33172e-10
5.13715e-08
-1.12036e-10
2.58767e-08
-1.41282e-10
3.11405e-08
-1.01508e-10
3.62943e-08
4.13063e-08
-5.19537e-12
-4.93454e-10
4.52e-08
-3.19186e-11
-4.86651e-10
5.10277e-08
-2.76026e-11
-4.74296e-10
5.66699e-08
-4.5555e-10
6.20589e-08
-2.91453e-11
-4.01228e-10
4.18966e-08
-6.70111e-11
-3.81206e-10
4.75866e-08
-5.67656e-11
-3.59408e-10
5.31079e-08
-3.36467e-10
5.83992e-08
-3.31817e-11
-2.74162e-10
3.53301e-08
-7.1658e-11
-2.49426e-10
4.07718e-08
-5.99943e-11
-2.26975e-10
4.60703e-08
-2.06504e-10
5.11815e-08
-1.62336e-11
2.58307e-08
-4.8379e-11
3.10679e-08
-4.19544e-11
3.61939e-08
4.11805e-08
2.27327e-11
-3.54309e-10
4.52222e-08
7.93531e-13
-3.4451e-10
5.10358e-08
-5.6784e-12
-3.31602e-10
5.66623e-08
-3.1609e-10
6.20386e-08
1.37395e-11
-2.96681e-10
4.18872e-08
-1.52071e-11
-2.81507e-10
4.75525e-08
-1.93801e-11
-2.65531e-10
5.3046e-08
-2.49172e-10
5.83129e-08
1.4293e-11
-2.14798e-10
3.53019e-08
-1.67052e-11
-1.98847e-10
4.07202e-08
-2.09858e-11
-1.84314e-10
4.59934e-08
-1.70569e-10
5.10819e-08
2.35854e-11
2.58012e-08
-5.93227e-12
3.10233e-08
-1.33423e-11
3.61338e-08
4.11062e-08
3.22397e-11
-2.56517e-10
4.52381e-08
1.47323e-11
-2.47331e-10
5.10453e-08
4.44681e-12
-2.36377e-10
5.66643e-08
-2.24421e-10
6.20346e-08
2.93832e-11
-2.19754e-10
4.18827e-08
7.121e-12
-2.08552e-10
4.7536e-08
-2.38226e-12
-1.96993e-10
5.30161e-08
-1.8534e-10
5.82715e-08
3.11338e-11
-1.65365e-10
3.52848e-08
6.55663e-12
-1.54725e-10
4.06909e-08
-3.46246e-12
-1.44981e-10
4.59514e-08
-1.35537e-10
5.10287e-08
3.64149e-11
2.5782e-08
1.1449e-11
3.09954e-08
-4.65998e-13
3.60971e-08
4.10614e-08
3.2648e-11
-1.86691e-10
4.525e-08
1.89565e-11
-1.79133e-10
5.10548e-08
8.25376e-12
-1.70553e-10
5.66708e-08
-1.61642e-10
6.20387e-08
3.22054e-11
-1.62787e-10
4.18811e-08
1.51353e-11
-1.54619e-10
4.75286e-08
4.59999e-12
-1.46298e-10
5.30024e-08
-1.37988e-10
5.82524e-08
3.39911e-11
-1.25795e-10
3.52742e-08
1.48044e-11
-1.18517e-10
4.0674e-08
3.7287e-12
-1.11814e-10
4.5928e-08
-1.05214e-10
5.09996e-08
3.70879e-11
2.57693e-08
1.69066e-11
3.09775e-08
4.66499e-12
3.6074e-08
4.10337e-08
2.91332e-11
-1.36289e-10
4.52592e-08
1.85821e-11
-1.30415e-10
5.10635e-08
8.92897e-12
-1.23942e-10
5.66787e-08
-1.1741e-10
6.20459e-08
2.95497e-11
-1.20487e-10
4.18809e-08
1.6538e-11
-1.14564e-10
4.75257e-08
6.82177e-12
-1.08584e-10
5.29967e-08
-1.02646e-10
5.82445e-08
3.10374e-11
-9.4878e-11
3.52676e-08
1.62526e-11
-8.98097e-11
4.0664e-08
6.08398e-12
-8.51164e-11
4.59147e-08
-8.04485e-11
5.09835e-08
3.29007e-11
2.57607e-08
1.7034e-11
3.09659e-08
6.1378e-12
3.60593e-08
4.10162e-08
2.43512e-11
-9.96435e-11
4.52664e-08
1.63109e-11
-9.52083e-11
5.1071e-08
8.20011e-12
-9.04172e-11
5.66863e-08
-8.56687e-11
6.20538e-08
2.49956e-11
-8.90502e-11
4.18813e-08
1.51428e-11
-8.47663e-11
4.75251e-08
6.89895e-12
-8.04663e-11
5.2995e-08
-7.62138e-11
5.82419e-08
2.61431e-11
-7.1093e-11
3.52634e-08
1.48714e-11
-6.75191e-11
4.0658e-08
6.27938e-12
-6.41935e-11
4.5907e-08
-6.08644e-11
5.09744e-08
2.72887e-11
2.57549e-08
1.50429e-11
3.09581e-08
5.99017e-12
3.60497e-08
4.10049e-08
1.95636e-11
-7.28644e-11
4.52719e-08
1.34924e-11
-6.95684e-11
5.10772e-08
6.95756e-12
-6.60586e-11
5.66931e-08
-6.26215e-11
6.20611e-08
2.01941e-11
-6.56804e-11
4.18821e-08
1.2783e-11
-6.25848e-11
4.75256e-08
6.1091e-12
-5.9491e-11
5.29951e-08
-5.64397e-11
5.82418e-08
2.10488e-11
-5.29761e-11
3.52608e-08
1.2533e-11
-5.04351e-11
4.06544e-08
5.60114e-12
-4.80607e-11
4.59025e-08
-4.56736e-11
5.09693e-08
2.17664e-11
2.57509e-08
1.24415e-11
3.09528e-08
5.21371e-12
3.60433e-08
4.09975e-08
1.52978e-11
-5.32145e-11
4.52761e-08
1.07516e-11
-5.07895e-11
5.10821e-08
5.63292e-12
-4.82349e-11
5.66987e-08
-4.57541e-11
6.20673e-08
1.5835e-11
-4.82981e-11
4.18829e-08
1.02988e-11
-4.60636e-11
4.75264e-08
5.05802e-12
-4.38374e-11
5.2996e-08
-4.16462e-11
5.82428e-08
1.64605e-11
-3.92608e-11
3.5259e-08
1.00804e-11
-3.74457e-11
4.06522e-08
4.65197e-12
-3.57433e-11
4.58998e-08
-3.4027e-11
5.09663e-08
1.69175e-11
2.57482e-08
9.89408e-12
3.09492e-08
4.27297e-12
3.60389e-08
4.09925e-08
1.17132e-11
-3.87334e-11
4.52793e-08
8.33887e-12
-3.69637e-11
5.1086e-08
4.41534e-12
-3.51149e-11
5.67032e-08
-3.33303e-11
6.20724e-08
1.21419e-11
-3.53484e-11
4.18836e-08
8.03928e-12
-3.37394e-11
4.75272e-08
4.01655e-12
-3.21402e-11
5.2997e-08
-3.05684e-11
5.8244e-08
1.25951e-11
-2.89071e-11
3.52579e-08
7.85727e-12
-2.7609e-11
4.06508e-08
3.69951e-12
-2.63878e-11
4.58982e-08
-2.5154e-11
5.09646e-08
1.28904e-11
2.57462e-08
7.65547e-12
3.09468e-08
3.37064e-12
3.6036e-08
4.09891e-08
8.79555e-12
-2.80004e-11
4.52817e-08
6.31893e-12
-2.6721e-11
5.1089e-08
3.37068e-12
-2.53933e-11
5.67067e-08
-2.41173e-11
6.20763e-08
9.12444e-12
-2.56657e-11
4.18842e-08
6.11635e-12
-2.45137e-11
4.7528e-08
3.09108e-12
-2.33708e-11
5.2998e-08
-2.22486e-11
5.82453e-08
9.4497e-12
-2.10867e-11
3.52572e-08
5.97068e-12
-2.01615e-11
4.06499e-08
2.84905e-12
-1.9289e-11
4.58973e-08
-1.84059e-11
5.09636e-08
9.64253e-12
2.57449e-08
5.7881e-12
3.09451e-08
2.58192e-12
3.60339e-08
4.09868e-08
6.46106e-12
-1.99805e-11
4.52835e-08
4.67277e-12
-1.90688e-11
5.10912e-08
2.50623e-12
-1.81277e-11
5.67094e-08
-1.72262e-11
6.20794e-08
6.70513e-12
-1.83788e-11
4.18847e-08
4.53458e-12
-1.75637e-11
4.75287e-08
2.31036e-12
-1.67563e-11
5.29989e-08
-1.59639e-11
5.82463e-08
6.93528e-12
-1.51549e-11
3.52567e-08
4.42207e-12
-1.45024e-11
4.06494e-08
2.12998e-12
-1.38856e-11
4.58967e-08
-1.32603e-11
5.0963e-08
7.06156e-12
2.57439e-08
4.2714e-12
3.09439e-08
1.92293e-12
3.60325e-08
4.09852e-08
4.61306e-12
-1.39302e-11
4.52848e-08
3.35366e-12
-1.32961e-11
5.10928e-08
1.8068e-12
-1.26446e-11
5.67113e-08
-1.20224e-11
6.20816e-08
4.7874e-12
-1.28508e-11
4.18851e-08
3.2597e-12
-1.22869e-11
4.75292e-08
1.67131e-12
-1.1729e-11
5.29995e-08
-1.11818e-11
5.82471e-08
4.9459e-12
-1.06281e-11
3.52564e-08
3.17556e-12
-1.01778e-11
4.0649e-08
1.54051e-12
-9.75124e-12
4.58964e-08
-9.31813e-12
5.09627e-08
5.02729e-12
2.57433e-08
3.05864e-12
3.09431e-08
1.38646e-12
3.60316e-08
4.09841e-08
3.17893e-12
-9.3492e-12
4.52856e-08
2.3221e-12
-8.92517e-12
5.10939e-08
1.25697e-12
-8.49285e-12
5.67126e-08
-8.08259e-12
6.20831e-08
3.29727e-12
-8.6506e-12
4.18854e-08
2.2592e-12
-8.27537e-12
4.75296e-08
1.16539e-12
-7.90524e-12
5.3e-08
-7.54376e-12
5.82478e-08
3.40107e-12
-7.17616e-12
3.52562e-08
2.19793e-12
-6.87757e-12
4.06488e-08
1.07345e-12
-6.59397e-12
4.58962e-08
-6.30633e-12
5.09625e-08
3.45123e-12
2.57429e-08
2.11177e-12
3.09426e-08
9.63971e-13
3.6031e-08
4.09835e-08
2.13527e-12
-5.96095e-12
4.52862e-08
1.56948e-12
-5.6938e-12
5.10947e-08
8.60692e-13
-5.42825e-12
5.67136e-08
-5.18366e-12
6.20842e-08
2.21103e-12
-5.5457e-12
4.18856e-08
1.52865e-12
-5.31113e-12
4.75299e-08
7.99167e-13
-5.08359e-12
5.30004e-08
-4.86733e-12
5.82482e-08
2.27389e-12
-4.62764e-12
3.52561e-08
1.4845e-12
-4.44292e-12
4.06487e-08
7.34032e-13
-4.26809e-12
4.58961e-08
-4.09425e-12
5.09625e-08
2.30253e-12
2.57427e-08
1.4231e-12
3.09423e-08
6.56392e-13
3.60307e-08
4.09831e-08
1.50458e-12
-3.74235e-12
1.1073e-12
-3.58587e-12
5.80192e-13
-3.43979e-12
-3.31191e-12
1.5489e-12
-3.52079e-12
1.08035e-12
-3.38569e-12
5.50572e-13
-3.2604e-12
-3.14652e-12
1.58078e-12
-2.9687e-12
1.04714e-12
-2.86416e-12
5.17937e-13
-2.76699e-12
-2.67442e-12
1.59944e-12
1.00788e-12
4.79294e-13
)
;

boundaryField
{
    inlet
    {
        type            calculated;
        value           nonuniform List<scalar> 
48
(
-4.16994e-08
-4.34445e-08
-4.34503e-08
-4.23259e-08
-4.15811e-08
-4.35648e-08
-4.3312e-08
-4.32626e-08
-4.34471e-08
-4.3795e-08
-4.33864e-08
-4.30501e-08
-4.31801e-08
-4.3589e-08
-4.3432e-08
-4.34383e-08
-4.54831e-08
-4.23615e-08
-3.53162e-08
-2.61059e-08
-5.18828e-08
-4.89697e-08
-4.19693e-08
-3.15465e-08
-5.77634e-08
-5.74549e-08
-4.83593e-08
-3.69925e-08
-6.32459e-08
-6.0228e-08
-5.77377e-08
-4.24062e-08
-4.55992e-08
-5.17799e-08
-5.84045e-08
-6.49639e-08
-4.19831e-08
-4.82689e-08
-5.42523e-08
-6.06142e-08
-3.24533e-08
-3.63668e-08
-4.21296e-08
-5.12855e-08
-2.61134e-08
-3.11605e-08
-3.68828e-08
-4.2692e-08
)
;
    }
    outlet
    {
        type            calculated;
        value           nonuniform List<scalar> 
48
(
4.33303e-08
4.33186e-08
4.32869e-08
4.32222e-08
4.33158e-08
4.33015e-08
4.32646e-08
4.31918e-08
4.32816e-08
4.3262e-08
4.32141e-08
4.31239e-08
4.32146e-08
4.31869e-08
4.31215e-08
4.30014e-08
4.52867e-08
4.18858e-08
3.52561e-08
2.57425e-08
5.10952e-08
4.75302e-08
4.06488e-08
3.09421e-08
5.67143e-08
5.30008e-08
4.58961e-08
3.60305e-08
6.2085e-08
5.82486e-08
5.09625e-08
4.09829e-08
4.52966e-08
5.1108e-08
5.67298e-08
6.21028e-08
4.18923e-08
4.75388e-08
5.30114e-08
5.8261e-08
3.52593e-08
4.06531e-08
4.59017e-08
5.09692e-08
2.57433e-08
3.09433e-08
3.6032e-08
4.09847e-08
)
;
    }
    wall
    {
        type            calculated;
        value           nonuniform List<scalar> 
192
(
-2.26251e-08
1.21138e-25
8.15638e-26
2.02021e-26
-5.73753e-27
-4.03789e-26
-8.35588e-28
1.69484e-26
-4.3397e-26
-1.22196e-26
-1.93647e-27
2.35912e-27
-5.64113e-28
3.3331e-27
-3.47069e-27
-2.24985e-27
1.41214e-28
-2.76307e-28
-1.1918e-27
5.29172e-28
2.72525e-29
-2.13527e-28
1.41745e-28
-1.33792e-29
2.66486e-09
-6.47241e-25
9.26079e-26
4.82751e-26
1.32495e-25
-7.26171e-28
-4.38145e-26
-7.86085e-27
-2.26718e-27
2.46028e-26
-1.31563e-26
1.60094e-26
8.05197e-27
-2.73576e-27
-1.5397e-26
3.03949e-27
6.03697e-27
6.00761e-27
-5.76335e-27
-2.13975e-27
-1.78353e-27
-2.70704e-28
-4.07568e-28
-2.02346e-28
3.04749e-08
-5.4104e-25
2.64628e-24
2.28062e-24
-1.08177e-25
-1.32342e-26
-9.94121e-28
2.17496e-26
-2.58591e-26
-2.75477e-26
-2.55923e-26
1.07168e-26
-1.08054e-27
2.78843e-26
-2.33529e-26
8.94258e-27
1.63779e-27
-4.65504e-27
-1.01884e-26
8.71999e-28
-3.75654e-27
3.11418e-30
-4.3183e-28
-3.73348e-28
-8.64221e-09
4.84004e-25
-1.78603e-24
-5.77374e-25
1.77368e-25
-9.96132e-26
1.02239e-26
3.61729e-27
-1.54134e-26
-3.84615e-26
-1.51997e-27
2.52801e-26
2.16747e-26
-2.49742e-26
-8.67063e-27
1.02855e-27
3.85896e-27
-8.83931e-27
-2.97054e-27
1.90275e-27
-3.44071e-27
1.10719e-27
-4.17826e-29
-1.59842e-28
-9.95047e-09
1.23862e-08
-1.3037e-08
-2.12952e-11
-1.92527e-24
2.15963e-25
2.11033e-25
6.88828e-24
1.06575e-25
-3.51266e-25
6.48512e-25
-2.83597e-24
-3.73201e-26
-5.86931e-25
-9.69407e-27
-2.32353e-25
1.26119e-25
-4.59777e-25
4.45459e-25
7.79269e-26
2.03146e-25
6.15613e-25
9.26076e-26
-1.03372e-25
-1.68591e-26
-5.1519e-26
-2.55934e-26
1.54461e-26
1.34599e-26
1.53887e-25
-1.77252e-25
6.35437e-26
7.08095e-26
1.22207e-25
-1.61359e-26
-2.70027e-28
7.25805e-26
4.54648e-26
3.74898e-26
-2.70469e-26
-1.14517e-26
8.1373e-26
2.87121e-27
-6.33293e-28
1.04534e-26
-2.82052e-26
-4.01939e-26
-2.71355e-27
9.65356e-27
-2.21581e-26
-7.59018e-27
2.72275e-26
1.74176e-26
-1.093e-26
1.84212e-26
-1.00831e-26
1.33959e-27
-1.8542e-27
1.01476e-26
-1.61397e-26
-6.45609e-28
3.94548e-27
-3.7056e-27
4.21435e-27
-1.63575e-27
4.39525e-28
-1.68637e-26
8.81578e-27
-3.13605e-28
-4.76601e-28
5.5128e-27
-4.22055e-27
3.69657e-27
5.5577e-27
-1.15199e-27
-1.05011e-26
1.09642e-27
-1.04039e-27
-2.1677e-27
-3.51958e-27
1.11312e-27
-5.39083e-28
-6.42295e-28
-6.58515e-27
4.00218e-28
-8.52746e-28
-1.52717e-28
4.61442e-28
1.26696e-28
5.50912e-28
-4.35453e-28
-2.00079e-27
-2.2354e-28
-9.32512e-29
4.01693e-28
-5.00547e-28
)
;
    }
    procBoundary3to1
    {
        type            processor;
        value           nonuniform List<scalar> 
192
(
4.64374e-09
1.6949e-08
6.00977e-09
1.55739e-08
-8.52254e-09
-7.81654e-09
-7.12402e-09
-6.83414e-09
-1.02905e-09
-6.79207e-10
6.65417e-11
1.43504e-10
1.20494e-09
1.40077e-09
1.60646e-09
1.7709e-09
1.6012e-09
1.62484e-09
1.71397e-09
1.91869e-09
1.46732e-09
1.46673e-09
1.51821e-09
1.65286e-09
1.18305e-09
1.19153e-09
1.22269e-09
1.29176e-09
9.04448e-10
9.15884e-10
9.33588e-10
9.63678e-10
6.7682e-10
6.86265e-10
6.9486e-10
7.04808e-10
5.01896e-10
5.08222e-10
5.11289e-10
5.11871e-10
3.70555e-10
3.74264e-10
3.74378e-10
3.71206e-10
2.72926e-10
2.74848e-10
2.73607e-10
2.69372e-10
2.00716e-10
2.01548e-10
1.99839e-10
1.95718e-10
1.47446e-10
1.4767e-10
1.45941e-10
1.42372e-10
1.08199e-10
1.08115e-10
1.06565e-10
1.03651e-10
7.92895e-11
7.9072e-11
7.77705e-11
7.54704e-11
5.79776e-11
5.77218e-11
5.66716e-11
5.48975e-11
4.22294e-11
4.19838e-11
4.11605e-11
3.98161e-11
3.05389e-11
3.03256e-11
2.96962e-11
2.86947e-11
2.1795e-11
2.1622e-11
2.11536e-11
2.04226e-11
1.51936e-11
1.50613e-11
1.47241e-11
1.42059e-11
1.01907e-11
1.00949e-11
9.86231e-12
9.50981e-12
6.4816e-12
6.41424e-12
6.26101e-12
6.03357e-12
4.03864e-12
3.98797e-12
3.88452e-12
3.73823e-12
7.96752e-09
-3.43625e-10
-5.46865e-08
-2.63472e-08
-6.62069e-09
-6.97914e-09
-1.03448e-08
-1.91002e-08
-2.92925e-10
6.54998e-11
8.64387e-11
-2.15113e-10
2.09923e-09
2.7554e-09
3.35749e-09
3.64156e-09
2.29366e-09
2.79328e-09
3.21848e-09
3.41778e-09
1.87915e-09
2.14735e-09
2.35617e-09
2.44691e-09
1.40069e-09
1.51888e-09
1.59943e-09
1.62285e-09
1.00759e-09
1.04974e-09
1.06938e-09
1.06218e-09
7.17661e-10
7.26264e-10
7.21614e-10
7.04637e-10
5.11559e-10
5.07337e-10
4.95316e-10
4.77738e-10
3.6622e-10
3.58285e-10
3.45729e-10
3.30734e-10
2.63407e-10
2.55385e-10
2.44598e-10
2.32796e-10
1.90217e-10
1.8333e-10
1.74769e-10
1.65838e-10
1.37781e-10
1.32269e-10
1.25733e-10
1.19112e-10
1.00003e-10
9.57495e-11
9.08619e-11
8.60068e-11
7.26544e-11
6.94386e-11
6.58275e-11
6.22905e-11
5.27631e-11
5.0365e-11
4.77184e-11
4.51529e-11
3.82216e-11
3.64526e-11
3.45265e-11
3.26741e-11
2.75204e-11
2.62307e-11
2.48412e-11
2.3513e-11
1.95734e-11
1.86483e-11
1.76601e-11
1.67198e-11
1.36084e-11
1.29616e-11
1.22758e-11
1.16258e-11
9.10614e-12
8.6719e-12
8.21603e-12
7.78701e-12
5.77508e-12
5.5006e-12
5.2204e-12
4.96435e-12
3.57526e-12
3.41195e-12
3.25698e-12
3.12158e-12
)
;
    }
    procBoundary3to2
    {
        type            processor;
        value           nonuniform List<scalar> 
192
(
-2.09222e-08
-3.85844e-09
-1.05034e-09
1.11813e-09
6.44075e-09
7.84981e-09
5.33925e-09
5.42615e-09
1.39674e-10
1.09446e-09
1.80802e-09
2.73659e-09
-1.54462e-09
-9.75604e-10
-1.7197e-10
6.28949e-10
-1.5928e-09
-1.34112e-09
-9.26215e-10
-4.97553e-10
-1.29865e-09
-1.17618e-09
-9.71853e-10
-7.62981e-10
-9.43919e-10
-8.74438e-10
-7.67845e-10
-6.60658e-10
-6.5446e-10
-6.09905e-10
-5.48892e-10
-4.90098e-10
-4.4938e-10
-4.20181e-10
-3.83229e-10
-3.48023e-10
-3.1122e-10
-2.92157e-10
-2.69055e-10
-2.46914e-10
-2.18601e-10
-2.06241e-10
-1.91514e-10
-1.77153e-10
-1.5559e-10
-1.47602e-10
-1.38075e-10
-1.28566e-10
-1.11871e-10
-1.06704e-10
-1.00462e-10
-9.40664e-11
-8.09973e-11
-7.76407e-11
-7.35025e-11
-6.91482e-11
-5.88953e-11
-5.67014e-11
-5.39283e-11
-5.09337e-11
-4.29118e-11
-4.14682e-11
-3.95923e-11
-3.75163e-11
-3.12631e-11
-3.03075e-11
-2.90288e-11
-2.75815e-11
-2.27167e-11
-2.20812e-11
-2.12053e-11
-2.01931e-11
-1.64019e-11
-1.59785e-11
-1.53777e-11
-1.46706e-11
-1.16968e-11
-1.14156e-11
-1.10055e-11
-1.05151e-11
-8.16441e-12
-7.97994e-12
-7.70419e-12
-7.3701e-12
-5.52539e-12
-5.40805e-12
-5.22807e-12
-5.00724e-12
-3.65064e-12
-3.58057e-12
-3.46842e-12
-3.32799e-12
-2.52215e-12
-2.48181e-12
-2.41093e-12
-2.31888e-12
1.35133e-09
5.39697e-09
1.75158e-08
2.55507e-08
3.95453e-09
3.29409e-09
2.3389e-09
2.38367e-09
2.77744e-09
2.99435e-09
2.826e-09
2.80712e-09
9.54135e-10
1.2101e-09
1.2252e-09
1.08322e-09
-2.55649e-10
-1.19292e-10
-1.38667e-10
-2.54368e-10
-6.30438e-10
-5.67901e-10
-5.89432e-10
-6.53924e-10
-5.91145e-10
-5.60441e-10
-5.73336e-10
-6.05609e-10
-4.50875e-10
-4.32646e-10
-4.36893e-10
-4.5117e-10
-3.23433e-10
-3.10351e-10
-3.103e-10
-3.16231e-10
-2.30552e-10
-2.20658e-10
-2.18661e-10
-2.20585e-10
-1.65934e-10
-1.58408e-10
-1.55802e-10
-1.55885e-10
-1.20754e-10
-1.15078e-10
-1.12527e-10
-1.11848e-10
-8.8578e-11
-8.4336e-11
-8.21084e-11
-8.11859e-11
-6.52691e-11
-6.21227e-11
-6.02903e-11
-5.9368e-11
-4.81802e-11
-4.58602e-11
-4.44063e-11
-4.35872e-11
-3.5556e-11
-3.38535e-11
-3.27274e-11
-3.20442e-11
-2.61837e-11
-2.49401e-11
-2.40833e-11
-2.35355e-11
-1.91971e-11
-1.82937e-11
-1.76515e-11
-1.7225e-11
-1.39639e-11
-1.33129e-11
-1.28391e-11
-1.25151e-11
-1.00189e-11
-9.55609e-12
-9.21314e-12
-8.97346e-12
-7.02844e-12
-6.70668e-12
-6.46491e-12
-6.29311e-12
-4.7791e-12
-4.5623e-12
-4.39746e-12
-4.27917e-12
-3.18034e-12
-3.03843e-12
-2.92965e-12
-2.85376e-12
-2.21983e-12
-2.12659e-12
-2.05513e-12
-2.00805e-12
)
;
    }
}


// ************************************************************************* //
