/*--------------------------------*- C++ -*----------------------------------*\
  =========                 |
  \\      /  F ield         | OpenFOAM: The Open Source CFD Toolbox
   \\    /   O peration     | Website:  https://openfoam.org
    \\  /    A nd           | Version:  6
     \\/     M anipulation  |
\*---------------------------------------------------------------------------*/
FoamFile
{
    version     2.0;
    format      ascii;
    class       volVectorField;
    location    "0.07";
    object      U;
}
// * * * * * * * * * * * * * * * * * * * * * * * * * * * * * * * * * * * * * //

dimensions      [0 1 -1 0 0 0 0];

internalField   nonuniform List<vector> 
1152
(
(0.00769281 -0.00179075 0.00170097)
(0.00657225 -0.00257983 0.000715392)
(0.00386077 -0.000923757 0.00455938)
(0.00551327 -0.000103676 0.000996785)
(0.000373937 -0.00209404 0.00894201)
(-0.000359189 -0.000787908 0.00525722)
(0.000130353 -0.000869511 0.00237763)
(0.000863887 0.00149355 0.00394184)
(0.000677572 -0.00151909 0.00232211)
(0.00170726 -0.00144307 0.00139012)
(0.00213205 -3.95083e-05 0.00330063)
(0.000289941 0.000128758 0.0104)
(-6.50795e-05 -0.00184376 0.00130849)
(0.00092606 -0.00138564 0.00336539)
(-0.0021548 -0.000440453 0.00488886)
(-0.00118246 -0.000759421 0.0129775)
(-0.000843216 0.00121342 0.0211526)
(6.57077e-06 0.00132603 0.0238416)
(0.000788699 0.00133782 0.0203984)
(0.00101634 0.000998011 0.0157581)
(-0.00130275 0.000242304 0.0219266)
(-0.000277704 0.000238887 0.0231616)
(1.19768e-05 1.60654e-05 0.0228699)
(0.000110313 -0.000504707 0.0186007)
(-0.00128598 -0.000272667 0.0233932)
(-0.000860379 -0.000682473 0.0242128)
(-0.000916351 -0.000726904 0.0218702)
(7.93629e-05 -0.00124781 0.0206818)
(-0.00147982 -0.00202432 0.0231727)
(-0.00114958 -0.00201953 0.0236247)
(-0.00180479 -0.000830844 0.0196203)
(-0.00154974 -0.000436698 0.0202451)
(1.94029e-06 0.000142712 0.0133792)
(0.000225365 1.86395e-05 0.0132118)
(0.000426863 -0.000173915 0.0123509)
(0.000278939 -0.000405776 0.0112005)
(-0.000255633 9.16093e-05 0.0137295)
(-4.79876e-05 -0.000127795 0.0135106)
(-6.78687e-05 -0.000442398 0.0129643)
(-0.000432601 -0.00102643 0.0122956)
(-0.000532456 0.000316468 0.0136111)
(-0.000517985 7.46692e-05 0.0136934)
(-0.000805104 -0.000172849 0.0132353)
(-0.00123155 -0.000828325 0.0135522)
(-0.000769049 0.000319718 0.0135226)
(-0.000785642 0.000266526 0.0136026)
(-0.00135606 0.000335751 0.0126924)
(-0.00205187 -5.18542e-05 0.0137845)
(0.000374105 -0.000284881 0.0142948)
(0.000375352 -0.000376921 0.013925)
(0.000319074 -0.000509105 0.0135256)
(0.000100167 -0.000681426 0.0132284)
(0.000204889 -0.000147661 0.0144991)
(0.000154231 -0.000303355 0.0141853)
(-1.49112e-06 -0.000519292 0.0138982)
(-0.000339618 -0.000878076 0.0138534)
(-1.57269e-05 0.000138923 0.0145238)
(-0.000114942 4.38625e-06 0.0143482)
(-0.00039776 -0.000163223 0.0141849)
(-0.000853715 -0.000537399 0.0145178)
(-0.000194163 0.000386165 0.0144081)
(-0.000283213 0.000350607 0.0142734)
(-0.0006724 0.000291974 0.0140883)
(-0.00117443 4.03098e-05 0.0147313)
(0.000381786 -0.000389386 0.0143952)
(0.000304742 -0.000427728 0.0141554)
(0.000179993 -0.000497475 0.0139713)
(8.49406e-06 -0.000610257 0.0139029)
(0.000303233 -0.000296532 0.0145204)
(0.000190104 -0.000379568 0.0143122)
(1.11595e-05 -0.000499379 0.0141877)
(-0.000220629 -0.000687974 0.0142408)
(0.000188609 -0.000131673 0.0145805)
(5.19494e-05 -0.000211821 0.0144262)
(-0.000183187 -0.000314961 0.0143573)
(-0.000470607 -0.000497829 0.0145507)
(8.74642e-05 2.27381e-05 0.0145392)
(-4.66602e-05 -1.42271e-05 0.0144096)
(-0.000319749 -6.99611e-05 0.0143514)
(-0.000614989 -0.000197434 0.0146273)
(0.000302164 -0.000361727 0.0144074)
(0.000213447 -0.000378958 0.0142723)
(9.86309e-05 -0.000413936 0.0141897)
(-2.02275e-05 -0.00047443 0.0141795)
(0.000265785 -0.000309664 0.0144919)
(0.00016043 -0.000352125 0.0143716)
(1.94098e-05 -0.000411508 0.0143198)
(-0.000127267 -0.000498802 0.0143696)
(0.000210366 -0.000222878 0.0145459)
(9.48984e-05 -0.000267595 0.014451)
(-6.76637e-05 -0.000321309 0.0144281)
(-0.000234445 -0.000397196 0.0145356)
(0.00016003 -0.000137443 0.0145478)
(4.57103e-05 -0.000164433 0.0144679)
(-0.000125843 -0.000193526 0.014456)
(-0.000289831 -0.000238437 0.0145897)
(0.000215708 -0.000292603 0.0144615)
(0.000146372 -0.000303223 0.014384)
(6.39284e-05 -0.000321014 0.0143407)
(-1.31715e-05 -0.000349719 0.0143352)
(0.00019704 -0.000262593 0.0145221)
(0.000121104 -0.000285086 0.0144523)
(2.82173e-05 -0.000313709 0.0144238)
(-5.98078e-05 -0.00035166 0.0144456)
(0.000169519 -0.000213637 0.0145636)
(9.01966e-05 -0.000238296 0.0145052)
(-9.59878e-06 -0.000264227 0.0144909)
(-0.000103467 -0.000294246 0.0145346)
(0.000143748 -0.000162101 0.014575)
(6.66723e-05 -0.000178732 0.0145243)
(-3.34353e-05 -0.000192408 0.0145143)
(-0.000123576 -0.000206056 0.0145619)
(0.000149028 -0.000223855 0.0145049)
(0.000102634 -0.000230833 0.0144582)
(4.98345e-05 -0.000239841 0.0144297)
(2.12637e-06 -0.000252249 0.0144174)
(0.000137929 -0.000204598 0.0145494)
(8.99827e-05 -0.000217238 0.0145067)
(3.40612e-05 -0.000231069 0.0144848)
(-1.69772e-05 -0.000246834 0.0144835)
(0.000122985 -0.000174574 0.0145797)
(7.4865e-05 -0.000188258 0.0145422)
(1.77604e-05 -0.000200859 0.0145255)
(-3.3913e-05 -0.000212459 0.0145304)
(0.000109433 -0.000140911 0.0145883)
(6.33911e-05 -0.000150741 0.0145539)
(8.10483e-06 -0.000157195 0.014537)
(-4.0548e-05 -0.000160622 0.0145378)
(0.000102949 -0.000167607 0.0145311)
(7.41123e-05 -0.000172035 0.0145009)
(4.19607e-05 -0.000176351 0.0144784)
(1.29762e-05 -0.000180991 0.0144599)
(9.61427e-05 -0.000154608 0.0145634)
(6.76682e-05 -0.000161841 0.0145351)
(3.53218e-05 -0.000168449 0.014515)
(5.93911e-06 -0.00017452 0.0144999)
(8.75123e-05 -0.000134777 0.0145842)
(6.0022e-05 -0.000142637 0.0145579)
(2.84384e-05 -0.000148824 0.0145385)
(1.28628e-08 -0.000153112 0.0145227)
(7.96499e-05 -0.000111407 0.0145875)
(5.41064e-05 -0.000117464 0.0145617)
(2.45569e-05 -0.000120756 0.0145395)
(-1.55281e-06 -0.000121286 0.0145161)
(7.20795e-05 -0.000124401 0.014546)
(5.46864e-05 -0.000127077 0.0145248)
(3.53832e-05 -0.000128926 0.0145052)
(1.7676e-05 -0.000130079 0.014483)
(6.78804e-05 -0.000115435 0.014569)
(5.14351e-05 -0.000119612 0.0145486)
(3.29077e-05 -0.00012268 0.0145293)
(1.57479e-05 -0.000124605 0.0145069)
(6.27199e-05 -0.000101811 0.0145821)
(4.74982e-05 -0.000106449 0.014562)
(3.01954e-05 -0.000109517 0.0145412)
(1.42751e-05 -0.000110878 0.0145151)
(5.79358e-05 -8.51765e-05 0.01458)
(4.4328e-05 -8.90157e-05 0.014559)
(2.8769e-05 -9.08179e-05 0.0145339)
(1.45994e-05 -9.06332e-05 0.0144988)
(5.12626e-05 -9.19603e-05 0.014554)
(4.08438e-05 -9.35054e-05 0.0145382)
(2.91831e-05 -9.4115e-05 0.0145204)
(1.81516e-05 -9.38342e-05 0.0144964)
(4.86798e-05 -8.57331e-05 0.01457)
(3.92572e-05 -8.81594e-05 0.0145543)
(2.85525e-05 -8.95004e-05 0.0145357)
(1.82507e-05 -8.97362e-05 0.0145099)
(4.55243e-05 -7.61889e-05 0.0145771)
(3.72175e-05 -7.89928e-05 0.0145608)
(2.76743e-05 -8.0521e-05 0.0145396)
(1.84733e-05 -8.07392e-05 0.0145088)
(4.25138e-05 -6.42194e-05 0.0145704)
(3.5472e-05 -6.67176e-05 0.0145523)
(2.72959e-05 -6.77663e-05 0.0145261)
(1.94023e-05 -6.748e-05 0.0144857)
(3.69299e-05 -6.78269e-05 0.0145583)
(3.066e-05 -6.86796e-05 0.0145457)
(2.3502e-05 -6.8707e-05 0.0145293)
(1.64554e-05 -6.79369e-05 0.0145046)
(3.53462e-05 -6.34907e-05 0.014569)
(2.99363e-05 -6.49065e-05 0.0145561)
(2.36364e-05 -6.54197e-05 0.0145383)
(1.72463e-05 -6.50367e-05 0.0145112)
(3.33836e-05 -5.67379e-05 0.0145715)
(2.88829e-05 -5.84687e-05 0.0145575)
(2.35347e-05 -5.9227e-05 0.0145366)
(1.80146e-05 -5.90356e-05 0.0145039)
(3.14436e-05 -4.80851e-05 0.0145609)
(2.79026e-05 -4.97429e-05 0.0145449)
(2.35847e-05 -5.03831e-05 0.0145185)
(1.90315e-05 -5.01416e-05 0.0144759)
(2.6842e-05 -4.9953e-05 0.0145604)
(2.30317e-05 -5.03988e-05 0.01455)
(1.85504e-05 -5.01832e-05 0.0145347)
(1.39355e-05 -4.93323e-05 0.01451)
(2.58721e-05 -4.69283e-05 0.0145671)
(2.27467e-05 -4.77573e-05 0.0145562)
(1.89553e-05 -4.78864e-05 0.0145393)
(1.48631e-05 -4.73381e-05 0.0145119)
(2.46333e-05 -4.21232e-05 0.0145661)
(2.22105e-05 -4.32117e-05 0.0145539)
(1.91523e-05 -4.35818e-05 0.0145335)
(1.57147e-05 -4.32789e-05 0.0145003)
(2.33598e-05 -3.5854e-05 0.0145527)
(2.16512e-05 -3.69711e-05 0.0145381)
(1.93544e-05 -3.73764e-05 0.0145121)
(1.66265e-05 -3.71989e-05 0.0144688)
(1.96154e-05 -3.67467e-05 0.0145614)
(1.72721e-05 -3.69615e-05 0.0145526)
(1.44098e-05 -3.66701e-05 0.0145381)
(1.13199e-05 -3.58984e-05 0.0145136)
(1.90211e-05 -3.46327e-05 0.0145652)
(1.72019e-05 -3.51193e-05 0.0145557)
(1.48674e-05 -3.50815e-05 0.0145395)
(1.21725e-05 -3.45477e-05 0.0145123)
(1.82285e-05 -3.1201e-05 0.0145616)
(1.69376e-05 -3.1897e-05 0.0145506)
(1.51513e-05 -3.20707e-05 0.0145308)
(1.29379e-05 -3.17713e-05 0.0144977)
(1.73798e-05 -2.6653e-05 0.0145459)
(1.66145e-05 -2.74148e-05 0.0145324)
(1.53852e-05 -2.76787e-05 0.0145069)
(1.36903e-05 -2.75541e-05 0.0144637)
(1.43737e-05 -2.70006e-05 0.0145618)
(1.29143e-05 -2.70892e-05 0.0145541)
(1.10515e-05 -2.67996e-05 0.0145404)
(8.94478e-06 -2.6156e-05 0.0145163)
(1.40089e-05 -2.55202e-05 0.0145635)
(1.29422e-05 -2.58061e-05 0.014555)
(1.14733e-05 -2.5706e-05 0.0145395)
(9.65748e-06 -2.52481e-05 0.0145125)
(1.34955e-05 -2.30631e-05 0.0145579)
(1.28201e-05 -2.35146e-05 0.0145478)
(1.17548e-05 -2.35894e-05 0.0145286)
(1.02895e-05 -2.33321e-05 0.0144958)
(1.2923e-05 -1.97612e-05 0.0145406)
(1.26319e-05 -2.02858e-05 0.0145279)
(1.1972e-05 -2.04613e-05 0.014503)
(1.08842e-05 -2.03748e-05 0.01446)
(1.05398e-05 -1.981e-05 0.014562)
(9.61945e-06 -1.98329e-05 0.0145551)
(8.38687e-06 -1.95771e-05 0.0145419)
(6.92993e-06 -1.90637e-05 0.0145182)
(1.03155e-05 -1.87712e-05 0.014562)
(9.68562e-06 -1.8939e-05 0.0145543)
(8.74308e-06 -1.88253e-05 0.0145394)
(7.49771e-06 -1.84555e-05 0.0145128)
(9.97926e-06 -1.70091e-05 0.014555)
(9.6368e-06 -1.73056e-05 0.0145456)
(8.98889e-06 -1.73315e-05 0.014527)
(7.99739e-06 -1.71239e-05 0.0144945)
(9.58904e-06 -1.46116e-05 0.0145364)
(9.5265e-06 -1.49757e-05 0.0145244)
(9.17287e-06 -1.5094e-05 0.0144999)
(8.45576e-06 -1.50339e-05 0.0144574)
(7.7188e-06 -1.45006e-05 0.014562)
(7.13159e-06 -1.44919e-05 0.0145557)
(6.30471e-06 -1.42796e-05 0.014543)
(5.2868e-06 -1.38813e-05 0.0145195)
(7.58068e-06 -1.37705e-05 0.0145608)
(7.20658e-06 -1.38687e-05 0.0145537)
(6.59142e-06 -1.37629e-05 0.0145392)
(5.72634e-06 -1.34741e-05 0.0145129)
(7.35839e-06 -1.25062e-05 0.0145527)
(7.19409e-06 -1.27031e-05 0.0145439)
(6.79297e-06 -1.27058e-05 0.0145257)
(6.11122e-06 -1.2544e-05 0.0144935)
(7.0904e-06 -1.07671e-05 0.0145332)
(7.12937e-06 -1.10212e-05 0.0145217)
(6.94139e-06 -1.11018e-05 0.0144977)
(6.45865e-06 -1.10597e-05 0.0144554)
(5.63256e-06 -1.05715e-05 0.014562)
(5.2541e-06 -1.05498e-05 0.0145561)
(4.69366e-06 -1.03805e-05 0.0145438)
(3.97827e-06 -1.00778e-05 0.0145206)
(5.5474e-06 -1.00582e-05 0.0145599)
(5.32419e-06 -1.01154e-05 0.0145532)
(4.91726e-06 -1.00253e-05 0.0145391)
(4.31171e-06 -9.80505e-06 0.0145131)
(5.39941e-06 -9.1525e-06 0.014551)
(5.32844e-06 -9.28426e-06 0.0145426)
(5.07628e-06 -9.27699e-06 0.0145248)
(4.6027e-06 -9.15372e-06 0.0144929)
(5.21448e-06 -7.89445e-06 0.0145308)
(5.29056e-06 -8.0723e-06 0.0145197)
(5.19229e-06 -8.12757e-06 0.014496)
(4.86259e-06 -8.09793e-06 0.0144541)
(4.08079e-06 -7.65081e-06 0.0145619)
(3.83516e-06 -7.62616e-06 0.0145564)
(3.45324e-06 -7.49528e-06 0.0145443)
(2.95015e-06 -7.26931e-06 0.0145213)
(4.02831e-06 -7.29108e-06 0.0145592)
(3.89475e-06 -7.32406e-06 0.0145529)
(3.62324e-06 -7.25162e-06 0.014539)
(3.19859e-06 -7.08686e-06 0.0145132)
(3.92941e-06 -6.64542e-06 0.0145498)
(3.90546e-06 -6.73397e-06 0.0145416)
(3.7451e-06 -6.72347e-06 0.0145241)
(3.41491e-06 -6.63137e-06 0.0144924)
(3.80172e-06 -5.74103e-06 0.0145291)
(3.88344e-06 -5.86541e-06 0.0145182)
(3.83353e-06 -5.90333e-06 0.0144948)
(3.60672e-06 -5.88238e-06 0.0144531)
(2.91813e-06 -5.46375e-06 0.0145619)
(2.75846e-06 -5.44097e-06 0.0145566)
(2.49865e-06 -5.34282e-06 0.0145447)
(2.14727e-06 -5.17771e-06 0.0145219)
(2.88591e-06 -5.21386e-06 0.0145587)
(2.80597e-06 -5.23271e-06 0.0145526)
(2.62458e-06 -5.17692e-06 0.0145389)
(2.32859e-06 -5.05638e-06 0.0145133)
(2.81994e-06 -4.75873e-06 0.0145488)
(2.81791e-06 -4.81813e-06 0.0145409)
(2.71536e-06 -4.80772e-06 0.0145236)
(2.4862e-06 -4.74037e-06 0.0144921)
(2.73227e-06 -4.1166e-06 0.0145278)
(2.80525e-06 -4.20299e-06 0.0145171)
(2.78102e-06 -4.2289e-06 0.0144939)
(2.62521e-06 -4.21416e-06 0.0144524)
(2.04124e-06 -3.81094e-06 0.0145618)
(1.93822e-06 -3.79216e-06 0.0145567)
(1.76363e-06 -3.72116e-06 0.0145449)
(1.52243e-06 -3.60404e-06 0.0145223)
(2.02168e-06 -3.64075e-06 0.0145584)
(1.97402e-06 -3.65137e-06 0.0145524)
(1.85391e-06 -3.61028e-06 0.0145389)
(1.65104e-06 -3.52471e-06 0.0145134)
(1.97816e-06 -3.32689e-06 0.0145482)
(1.98463e-06 -3.36629e-06 0.0145404)
(1.9192e-06 -3.3575e-06 0.0145232)
(1.76262e-06 -3.30972e-06 0.0144919)
(1.91889e-06 -2.88132e-06 0.0145268)
(1.97739e-06 -2.9404e-06 0.0145164)
(1.96625e-06 -2.95795e-06 0.0144933)
(1.86049e-06 -2.94777e-06 0.0144519)
(1.38381e-06 -2.55743e-06 0.0145618)
(1.31858e-06 -2.54313e-06 0.0145568)
(1.20406e-06 -2.49403e-06 0.0145451)
(1.04318e-06 -2.41438e-06 0.0145225)
(1.37231e-06 -2.44577e-06 0.0145581)
(1.34407e-06 -2.45158e-06 0.0145522)
(1.26602e-06 -2.42285e-06 0.0145388)
(1.13089e-06 -2.36468e-06 0.0145134)
(1.34434e-06 -2.23741e-06 0.0145477)
(1.35231e-06 -2.26296e-06 0.0145401)
(1.3108e-06 -2.2564e-06 0.014523)
(1.20664e-06 -2.22397e-06 0.0144917)
(1.30533e-06 -1.93998e-06 0.0145262)
(1.34805e-06 -1.97951e-06 0.0145158)
(1.34275e-06 -1.99137e-06 0.0144929)
(1.27235e-06 -1.98457e-06 0.0144516)
(9.15728e-07 -1.62781e-06 0.0145618)
(8.75149e-07 -1.61734e-06 0.0145568)
(8.01604e-07 -1.58498e-06 0.0145452)
(6.96924e-07 -1.53367e-06 0.0145227)
(9.09562e-07 -1.55875e-06 0.0145579)
(8.92432e-07 -1.56168e-06 0.0145521)
(8.42098e-07 -1.54282e-06 0.0145388)
(7.54369e-07 -1.50557e-06 0.0145135)
(8.92313e-07 -1.4279e-06 0.0145474)
(8.9813e-07 -1.44416e-06 0.0145399)
(8.71017e-07 -1.44012e-06 0.0145228)
(8.03253e-07 -1.41975e-06 0.0144916)
(8.67406e-07 -1.23999e-06 0.0145258)
(8.95134e-07 -1.26644e-06 0.0145155)
(8.90843e-07 -1.27533e-06 0.0144926)
(8.44143e-07 -1.27174e-06 0.0144514)
(6.3382e-07 -1.01558e-06 0.0145618)
(6.07298e-07 -1.00743e-06 0.0145569)
(5.57803e-07 -9.85865e-07 0.0145454)
(4.87289e-07 -9.53412e-07 0.0145229)
(6.31002e-07 -9.74179e-07 0.0145578)
(6.19293e-07 -9.75443e-07 0.0145521)
(5.84324e-07 -9.63263e-07 0.0145388)
(5.25417e-07 -9.40406e-07 0.0145135)
(6.20294e-07 -8.94148e-07 0.0145472)
(6.23182e-07 -9.04771e-07 0.0145397)
(6.02829e-07 -9.02513e-07 0.0145227)
(5.5687e-07 -8.90333e-07 0.0144916)
(6.04133e-07 -7.79146e-07 0.0145255)
(6.21297e-07 -7.97778e-07 0.0145152)
(6.15339e-07 -8.04592e-07 0.0144924)
(5.81991e-07 -8.02372e-07 0.0144512)
(-0.00139456 0.000920094 0.0107232)
(-0.00355524 -9.99647e-05 0.00679767)
(-0.00657625 -5.79043e-05 -0.000472748)
(-0.00157864 -0.00129335 0.0117383)
(-0.00268712 -0.000285265 0.0127261)
(-0.0031189 -0.000380197 0.0107311)
(-0.00802814 0.00198006 -0.00130727)
(-0.0040167 -0.000769828 0.00768681)
(-0.00468154 0.000719767 0.00731842)
(-0.00150514 -0.000949333 0.0106205)
(-0.00429174 0.00574428 -0.00135554)
(-0.00420297 -0.00161114 0.00409646)
(-0.00541182 -0.00415576 0.00464776)
(-0.00308876 0.00133028 0.00310739)
(0.00181168 0.00667508 0.00015679)
(-0.00277049 -0.00102168 0.00160833)
(-0.000640636 -0.00192053 0.0191254)
(7.29778e-05 -0.00230714 0.019036)
(-0.000577816 -0.000367078 0.0180305)
(-0.00159711 0.000968069 0.019901)
(-0.000486198 -0.000232144 0.0180346)
(0.00124997 -0.00140471 0.0179409)
(0.00033216 0.000311001 0.0173802)
(-0.00166653 0.00197804 0.0208579)
(-0.000413679 0.00110393 0.0198639)
(0.00179286 0.000156004 0.0188463)
(0.000815261 0.000769722 0.0166299)
(-0.00165359 0.00244948 0.023472)
(-0.000113512 0.000103982 0.0237796)
(0.00122586 0.000404281 0.0215475)
(0.000686093 0.000503428 0.0206037)
(-0.00183058 0.00206947 0.0265246)
(-0.000605116 0.000361297 0.013245)
(-0.000582215 0.000249204 0.0125384)
(-0.00141329 0.00060529 0.0117358)
(-0.00231321 0.000448468 0.0135132)
(-0.000538734 0.000308344 0.0132105)
(-0.000332738 5.48357e-05 0.0123235)
(-0.00148172 0.000638715 0.0113669)
(-0.00252107 0.000722212 0.0137955)
(-0.000455522 5.15593e-06 0.0134088)
(-0.000191747 -0.000135711 0.0124404)
(-0.00156974 0.000508137 0.0113463)
(-0.00255484 0.000920953 0.0140798)
(-0.000328465 -0.000140327 0.0138645)
(-0.000139825 -4.13981e-05 0.0124164)
(-0.00157504 0.000695595 0.0119124)
(-0.0022518 0.00133605 0.0141916)
(-0.000221366 0.000412254 0.0141695)
(-0.000324447 0.000379624 0.0138911)
(-0.000839593 0.000395378 0.0138315)
(-0.0013509 0.000219598 0.0148142)
(-0.000226377 0.000200528 0.0140688)
(-0.000328315 0.000185115 0.013751)
(-0.000982235 0.000375965 0.013807)
(-0.00143757 0.000331473 0.0151628)
(-0.000175182 -4.70689e-05 0.0141749)
(-0.000279582 8.82705e-06 0.0138312)
(-0.00101294 0.000375212 0.0139758)
(-0.00135124 0.000521064 0.0154949)
(-9.13753e-05 -6.80405e-05 0.0144068)
(-0.000202856 2.76143e-05 0.0139589)
(-0.000966685 0.000476826 0.0142342)
(-0.00114884 0.00074746 0.0157252)
(4.1823e-05 6.07962e-05 0.0144207)
(-0.000105071 3.96247e-05 0.0142699)
(-0.00042054 1.73508e-05 0.0142634)
(-0.000679508 -8.74074e-05 0.0146425)
(2.54661e-05 -1.28416e-05 0.0143646)
(-0.000140281 -6.65718e-06 0.0141992)
(-0.000500691 4.9485e-05 0.0142571)
(-0.000703808 -7.33379e-06 0.0147723)
(5.07876e-05 -8.67198e-05 0.0143863)
(-0.000132012 -4.55373e-05 0.0141926)
(-0.000510055 9.77706e-05 0.0142857)
(-0.000645739 0.000117782 0.014866)
(9.55012e-05 -5.26453e-05 0.0143875)
(-9.89629e-05 1.45054e-06 0.0141516)
(-0.00047152 0.00020061 0.0142664)
(-0.000522212 0.000284442 0.0148623)
(0.000131229 -9.61592e-05 0.0145076)
(1.33016e-05 -0.000112526 0.0144255)
(-0.000165444 -0.000126379 0.0144331)
(-0.000300649 -0.000164117 0.0145963)
(0.000121236 -9.55836e-05 0.0144732)
(-6.48402e-06 -9.57301e-05 0.0143846)
(-0.00019529 -7.92275e-05 0.0144197)
(-0.000299515 -0.000103089 0.0146343)
(0.000134731 -9.16315e-05 0.014442)
(-1.12413e-06 -7.65938e-05 0.0143386)
(-0.000188511 -2.44378e-05 0.0143899)
(-0.000259237 -2.09903e-05 0.014635)
(0.000158257 -4.47756e-05 0.0143636)
(1.81545e-05 -2.72913e-05 0.0142455)
(-0.000159591 5.01458e-05 0.014311)
(-0.000192008 7.94945e-05 0.014577)
(0.000128195 -0.000125199 0.0145562)
(5.11602e-05 -0.000136694 0.0145048)
(-4.72117e-05 -0.000144406 0.0144982)
(-0.000118604 -0.000156711 0.0145479)
(0.000123039 -0.000102381 0.0145194)
(4.26116e-05 -0.000106669 0.0144636)
(-5.63712e-05 -0.000103564 0.0144656)
(-0.000112458 -0.000113669 0.0145328)
(0.000130369 -7.68972e-05 0.0144577)
(4.79831e-05 -7.60304e-05 0.0143941)
(-4.73032e-05 -5.99736e-05 0.0144024)
(-8.85695e-05 -6.12693e-05 0.0144841)
(0.000142884 -3.4993e-05 0.0143473)
(6.01205e-05 -3.4941e-05 0.0142782)
(-2.84271e-05 -8.58474e-06 0.0142952)
(-5.30601e-05 -1.27234e-07 0.0143933)
(0.000100736 -0.00011078 0.0145713)
(5.59997e-05 -0.000118788 0.0145349)
(3.8605e-06 -0.00012382 0.0145152)
(-3.31078e-05 -0.00012815 0.0145096)
(9.77722e-05 -8.54482e-05 0.0145281)
(5.26659e-05 -9.11195e-05 0.0144878)
(2.05119e-06 -9.31734e-05 0.0144687)
(-2.73318e-05 -9.91693e-05 0.0144683)
(0.0001016 -5.87531e-05 0.0144509)
(5.70653e-05 -6.35317e-05 0.0144063)
(9.43395e-06 -6.1935e-05 0.0143894)
(-1.34537e-05 -6.61428e-05 0.0143972)
(0.000107977 -2.5747e-05 0.0143269)
(6.48468e-05 -3.23129e-05 0.0142811)
(2.13558e-05 -2.73562e-05 0.0142713)
(5.44721e-06 -2.90803e-05 0.0142929)
(7.44284e-05 -8.80494e-05 0.0145673)
(5.03947e-05 -9.391e-05 0.0145385)
(2.35945e-05 -9.77233e-05 0.0145107)
(4.78137e-06 -9.99738e-05 0.0144785)
(7.23813e-05 -6.61386e-05 0.0145185)
(4.91665e-05 -7.18863e-05 0.014486)
(2.40699e-05 -7.58202e-05 0.0144554)
(9.14151e-06 -8.08189e-05 0.0144238)
(7.42245e-05 -4.36528e-05 0.0144331)
(5.23688e-05 -5.02246e-05 0.014398)
(2.93054e-05 -5.40626e-05 0.0143679)
(1.72538e-05 -5.99552e-05 0.0143418)
(7.76402e-05 -1.87801e-05 0.014303)
(5.7453e-05 -2.70527e-05 0.0142688)
(3.68471e-05 -3.05908e-05 0.014245)
(2.76432e-05 -3.70768e-05 0.0142312)
(5.45923e-05 -6.75343e-05 0.0145557)
(4.23804e-05 -7.18856e-05 0.0145312)
(2.89088e-05 -7.48942e-05 0.0144994)
(1.93588e-05 -7.65541e-05 0.0144551)
(5.30769e-05 -5.01244e-05 0.0145027)
(4.20055e-05 -5.52326e-05 0.0144747)
(2.99542e-05 -5.94431e-05 0.0144386)
(2.24502e-05 -6.38605e-05 0.0143933)
(5.38893e-05 -3.24418e-05 0.0144127)
(4.42288e-05 -3.88643e-05 0.0143828)
(3.35486e-05 -4.42898e-05 0.0143466)
(2.73006e-05 -5.04639e-05 0.0143059)
(5.57315e-05 -1.38133e-05 0.0142798)
(4.76006e-05 -2.17502e-05 0.0142517)
(3.84164e-05 -2.81022e-05 0.0142215)
(3.32212e-05 -3.59843e-05 0.0141923)
(4.03003e-05 -5.10946e-05 0.0145424)
(3.4421e-05 -5.43219e-05 0.0145206)
(2.77575e-05 -5.6676e-05 0.0144873)
(2.28482e-05 -5.80527e-05 0.0144377)
(3.91683e-05 -3.7755e-05 0.0144863)
(3.43875e-05 -4.1966e-05 0.014461)
(2.88094e-05 -4.57599e-05 0.014423)
(2.49977e-05 -4.95302e-05 0.0143721)
(3.94689e-05 -2.42212e-05 0.0143935)
(3.59061e-05 -2.97696e-05 0.0143668)
(3.127e-05 -3.51123e-05 0.0143284)
(2.79735e-05 -4.07394e-05 0.0142818)
(4.04723e-05 -1.02618e-05 0.0142591)
(3.81677e-05 -1.71106e-05 0.0142346)
(3.44849e-05 -2.37676e-05 0.0142021)
(3.14759e-05 -3.13149e-05 0.0141668)
(2.99503e-05 -3.84002e-05 0.01453)
(2.73269e-05 -4.07807e-05 0.0145101)
(2.40875e-05 -4.25923e-05 0.0144766)
(2.15019e-05 -4.37297e-05 0.0144251)
(2.91131e-05 -2.83561e-05 0.0144716)
(2.7423e-05 -3.16808e-05 0.0144483)
(2.49815e-05 -3.48341e-05 0.01441)
(2.29917e-05 -3.79158e-05 0.0143573)
(2.91775e-05 -1.81324e-05 0.0143769)
(2.84692e-05 -2.26473e-05 0.0143524)
(2.6678e-05 -2.72788e-05 0.0143138)
(2.48654e-05 -3.20196e-05 0.0142655)
(2.97301e-05 -7.66914e-06 0.0142417)
(3.00139e-05 -1.32722e-05 0.0142197)
(2.88465e-05 -1.92222e-05 0.0141868)
(2.70108e-05 -2.57273e-05 0.0141496)
(2.23399e-05 -2.87382e-05 0.0145195)
(2.13337e-05 -3.04858e-05 0.014501)
(1.98025e-05 -3.18595e-05 0.0144679)
(1.83961e-05 -3.27733e-05 0.0144159)
(2.17267e-05 -2.12447e-05 0.0144593)
(2.14671e-05 -2.3803e-05 0.0144375)
(2.05123e-05 -2.63097e-05 0.0143997)
(1.94313e-05 -2.87475e-05 0.0143469)
(2.16907e-05 -1.35783e-05 0.0143633)
(2.2195e-05 -1.71288e-05 0.0143406)
(2.16928e-05 -2.09022e-05 0.0143025)
(2.06394e-05 -2.47158e-05 0.0142541)
(2.19963e-05 -5.74325e-06 0.0142276)
(2.32649e-05 -1.0183e-05 0.0142073)
(2.31816e-05 -1.51244e-05 0.014175)
(2.19949e-05 -2.04242e-05 0.0141379)
(1.66769e-05 -2.14364e-05 0.014511)
(1.64397e-05 -2.27151e-05 0.0144936)
(1.5754e-05 -2.37458e-05 0.0144611)
(1.49604e-05 -2.44612e-05 0.0144093)
(1.6231e-05 -1.58752e-05 0.0144494)
(1.65717e-05 -1.78123e-05 0.0144289)
(1.62993e-05 -1.97534e-05 0.0143918)
(1.56833e-05 -2.16386e-05 0.0143395)
(1.61602e-05 -1.01542e-05 0.0143526)
(1.7083e-05 -1.28875e-05 0.0143311)
(1.7128e-05 -1.58577e-05 0.0142939)
(1.64785e-05 -1.88381e-05 0.0142462)
(1.63292e-05 -4.29863e-06 0.0142164)
(1.78321e-05 -7.74389e-06 0.0141975)
(1.81648e-05 -1.16854e-05 0.0141661)
(1.73579e-05 -1.58614e-05 0.0141297)
(1.24351e-05 -1.59422e-05 0.0145043)
(1.25367e-05 -1.68755e-05 0.0144878)
(1.22635e-05 -1.76431e-05 0.0144559)
(1.17983e-05 -1.81922e-05 0.0144045)
(1.21126e-05 -1.18293e-05 0.0144418)
(1.26526e-05 -1.32807e-05 0.0144222)
(1.26748e-05 -1.47589e-05 0.0143859)
(1.23059e-05 -1.61938e-05 0.0143342)
(1.20369e-05 -7.57573e-06 0.0143442)
(1.30146e-05 -9.65066e-06 0.0143238)
(1.32611e-05 -1.19394e-05 0.0142874)
(1.28386e-05 -1.42249e-05 0.0142406)
(1.21299e-05 -3.21075e-06 0.0142078)
(1.35437e-05 -5.84582e-06 0.01419)
(1.39911e-05 -8.91257e-06 0.0141595)
(1.3422e-05 -1.21336e-05 0.014124)
(9.24855e-06 -1.18192e-05 0.0144991)
(9.4759e-06 -1.24992e-05 0.0144833)
(9.39802e-06 -1.30673e-05 0.014452)
(9.1152e-06 -1.34826e-05 0.0144011)
(9.01614e-06 -8.78635e-06 0.0144359)
(9.57195e-06 -9.86555e-06 0.014417)
(9.705e-06 -1.09783e-05 0.0143814)
(9.47354e-06 -1.20578e-05 0.0143305)
(8.94801e-06 -5.63453e-06 0.0143378)
(9.83006e-06 -7.19388e-06 0.0143182)
(1.01223e-05 -8.93206e-06 0.0142826)
(9.83574e-06 -1.06614e-05 0.0142367)
(8.99877e-06 -2.39082e-06 0.0142012)
(1.02062e-05 -4.38439e-06 0.0141842)
(1.06404e-05 -6.7306e-06 0.0141545)
(1.02298e-05 -9.17866e-06 0.0141199)
(6.85188e-06 -8.72932e-06 0.0144952)
(7.10364e-06 -9.2237e-06 0.0144799)
(7.11258e-06 -9.6419e-06 0.0144491)
(6.93494e-06 -9.95228e-06 0.0143986)
(6.68498e-06 -6.50021e-06 0.0144314)
(7.18048e-06 -7.29763e-06 0.0144131)
(7.34002e-06 -8.12755e-06 0.0143781)
(7.189e-06 -8.93214e-06 0.0143278)
(6.62847e-06 -4.17381e-06 0.014333)
(7.36545e-06 -5.33605e-06 0.014314)
(7.63837e-06 -6.64141e-06 0.0142791)
(7.4382e-06 -7.93626e-06 0.0142338)
(6.65583e-06 -1.77289e-06 0.0141962)
(7.63411e-06 -3.26736e-06 0.0141798)
(8.00807e-06 -5.03943e-06 0.0141509)
(7.70806e-06 -6.87893e-06 0.014117)
(5.04716e-06 -6.41275e-06 0.0144922)
(5.27852e-06 -6.77087e-06 0.0144774)
(5.32084e-06 -7.07679e-06 0.0144469)
(5.20627e-06 -7.3063e-06 0.0143968)
(4.92781e-06 -4.78217e-06 0.014428)
(5.33854e-06 -5.36743e-06 0.0144102)
(5.48824e-06 -5.98091e-06 0.0143757)
(5.38679e-06 -6.57521e-06 0.0143258)
(4.88321e-06 -3.07419e-06 0.0143294)
(5.47141e-06 -3.93329e-06 0.0143108)
(5.70189e-06 -4.90353e-06 0.0142765)
(5.55968e-06 -5.8636e-06 0.0142318)
(4.89772e-06 -1.30701e-06 0.0141924)
(5.66365e-06 -2.41709e-06 0.0141766)
(5.96626e-06 -3.74017e-06 0.0141482)
(5.74628e-06 -5.10799e-06 0.0141149)
(3.68462e-06 -4.6711e-06 0.0144901)
(3.87872e-06 -4.92876e-06 0.0144755)
(3.9288e-06 -5.15056e-06 0.0144453)
(3.85352e-06 -5.31826e-06 0.0143955)
(3.59986e-06 -3.48777e-06 0.0144255)
(3.92464e-06 -3.91339e-06 0.0144081)
(4.05097e-06 -4.36198e-06 0.0143739)
(3.9816e-06 -4.79619e-06 0.0143244)
(3.56592e-06 -2.24439e-06 0.0143267)
(4.01991e-06 -2.87281e-06 0.0143085)
(4.2036e-06 -3.58542e-06 0.0142746)
(4.10196e-06 -4.2891e-06 0.0142303)
(3.57349e-06 -9.54957e-07 0.0141897)
(4.15717e-06 -1.77029e-06 0.0141742)
(4.39223e-06 -2.74558e-06 0.0141462)
(4.2315e-06 -3.7505e-06 0.0141135)
(2.65099e-06 -3.354e-06 0.0144885)
(2.80419e-06 -3.53707e-06 0.0144741)
(2.85036e-06 -3.69558e-06 0.0144442)
(2.80038e-06 -3.81607e-06 0.0143946)
(2.59152e-06 -2.50715e-06 0.0144237)
(2.83848e-06 -2.81221e-06 0.0144065)
(2.93824e-06 -3.13505e-06 0.0143727)
(2.89047e-06 -3.44726e-06 0.0143235)
(2.56652e-06 -1.61492e-06 0.0143247)
(2.90619e-06 -2.06749e-06 0.0143068)
(3.04626e-06 -2.58219e-06 0.0142732)
(2.97389e-06 -3.0895e-06 0.0142293)
(2.57041e-06 -6.87613e-07 0.0141876)
(3.00332e-06 -1.27681e-06 0.0141724)
(3.1796e-06 -1.98332e-06 0.0141448)
(3.06343e-06 -2.70927e-06 0.0141124)
(1.86343e-06 -2.35035e-06 0.0144873)
(1.97781e-06 -2.47756e-06 0.0144731)
(2.01519e-06 -2.58813e-06 0.0144434)
(1.98176e-06 -2.67247e-06 0.014394)
(1.8225e-06 -1.75887e-06 0.0144224)
(2.00248e-06 -1.97241e-06 0.0144054)
(2.07672e-06 -2.199e-06 0.0143718)
(2.04374e-06 -2.41786e-06 0.0143228)
(1.80467e-06 -1.1342e-06 0.0143233)
(2.04953e-06 -1.45221e-06 0.0143056)
(2.15149e-06 -1.8145e-06 0.0142722)
(2.10049e-06 -2.17092e-06 0.0142286)
(1.80661e-06 -4.83391e-07 0.0141862)
(2.11687e-06 -8.98669e-07 0.0141712)
(2.24377e-06 -1.39723e-06 0.0141438)
(2.16128e-06 -1.90813e-06 0.0141117)
(1.2684e-06 -1.58421e-06 0.0144865)
(1.34851e-06 -1.66961e-06 0.0144725)
(1.3754e-06 -1.74396e-06 0.0144428)
(1.35223e-06 -1.80063e-06 0.0143936)
(1.24089e-06 -1.18716e-06 0.0144215)
(1.36506e-06 -1.33156e-06 0.0144047)
(1.41631e-06 -1.48483e-06 0.0143711)
(1.39283e-06 -1.63245e-06 0.0143223)
(1.22848e-06 -7.66942e-07 0.0143223)
(1.3963e-06 -9.82579e-07 0.0143048)
(1.46586e-06 -1.22812e-06 0.0142715)
(1.42982e-06 -1.46897e-06 0.0142281)
(1.22942e-06 -3.2774e-07 0.0141852)
(1.44139e-06 -6.1028e-07 0.0141703)
(1.52733e-06 -9.49059e-07 0.0141431)
(1.46949e-06 -1.29481e-06 0.0141112)
(8.43146e-07 -1.01365e-06 0.014486)
(8.94317e-07 -1.06906e-06 0.014472)
(9.1008e-07 -1.11732e-06 0.0144425)
(8.91804e-07 -1.15442e-06 0.0143933)
(8.24773e-07 -7.61535e-07 0.0144209)
(9.03822e-07 -8.56083e-07 0.0144042)
(9.34617e-07 -9.56069e-07 0.0143707)
(9.15824e-07 -1.05218e-06 0.014322)
(8.1615e-07 -4.94764e-07 0.0143217)
(9.22963e-07 -6.3607e-07 0.0143042)
(9.65047e-07 -7.96031e-07 0.0142711)
(9.38089e-07 -9.52365e-07 0.0142278)
(8.17061e-07 -2.13808e-07 0.0141845)
(9.52308e-07 -4.00011e-07 0.0141698)
(1.00446e-06 -6.21378e-07 0.0141426)
(9.63083e-07 -8.45637e-07 0.0141108)
(5.8795e-07 -6.38713e-07 0.0144856)
(6.20507e-07 -6.74235e-07 0.0144717)
(6.26762e-07 -7.04289e-07 0.0144422)
(6.06824e-07 -7.27331e-07 0.0143931)
(5.76122e-07 -4.8098e-07 0.0144205)
(6.26476e-07 -5.44609e-07 0.0144038)
(6.4126e-07 -6.10708e-07 0.0143705)
(6.19604e-07 -6.73127e-07 0.0143218)
(5.70942e-07 -3.09232e-07 0.0143212)
(6.39474e-07 -4.06252e-07 0.0143038)
(6.60727e-07 -5.14103e-07 0.0142708)
(6.32786e-07 -6.17292e-07 0.0142276)
(5.72138e-07 -1.35823e-07 0.014184)
(6.58262e-07 -2.64619e-07 0.0141694)
(6.84539e-07 -4.13579e-07 0.0141423)
(6.46745e-07 -5.59601e-07 0.0141106)
(0.00491347 1.54439e-05 0.00282436)
(0.00424229 0.00375734 0.0058529)
(0.00210562 0.00815165 0.0063594)
(-0.00537061 0.0313633 0.00268969)
(0.0046397 -0.000677221 0.00455045)
(0.000908991 -0.000991896 0.00036362)
(0.00392887 0.0211938 0.00263854)
(0.00160074 0.00770183 0.014388)
(0.00312924 0.00487509 0.00128412)
(-0.0026036 0.00171259 0.00305498)
(-0.00281545 0.00162144 0.000492825)
(-0.00084511 -0.00757619 0.00430401)
(-0.00253292 0.00415386 0.0130617)
(-0.00597245 0.00994014 0.0142008)
(-0.00438306 0.00913556 0.0131284)
(-0.00285888 0.00628726 0.014253)
(0.000717496 0.00152454 0.0187516)
(0.00108627 0.002551 0.0185614)
(0.000464404 0.0038213 0.0146829)
(-0.000629613 0.00563593 0.0153571)
(0.00029884 0.000481684 0.0179021)
(-0.00164249 0.00156606 0.019803)
(-0.00338892 0.00385565 0.0329594)
(-0.00250561 0.00286775 0.0336913)
(0.000726877 -0.000431234 0.0246806)
(-0.000313131 0.000135481 0.034434)
(0.000142247 0.00177757 0.0426105)
(-4.69462e-05 0.00144659 0.0381351)
(-0.000864305 0.000181523 0.022692)
(-0.00154378 0.00182942 0.0241084)
(-0.0017677 0.00297657 0.0245369)
(-0.00204676 0.00277007 0.0226282)
(0.000135725 -0.000478504 0.0116707)
(0.000247472 -0.000659658 0.0119441)
(9.34377e-05 -0.000872422 0.0115281)
(5.9106e-05 -0.001082 0.0115193)
(-0.000869173 -0.00129443 0.0126594)
(-0.00155944 -0.00154187 0.0141253)
(-0.00189704 -0.00163442 0.017517)
(-0.000663399 -0.0017733 0.0197651)
(-0.00163909 -0.00106327 0.0143531)
(-0.00212791 -0.000874341 0.0168416)
(-0.00198583 -0.000211802 0.019665)
(-0.00114383 0.000575525 0.0192274)
(-0.00212838 0.000107993 0.0147272)
(-0.00218244 0.000730799 0.0154575)
(-0.00202868 0.00138441 0.0157316)
(-0.0017707 0.00183343 0.0153815)
(-5.78138e-05 -0.0008939 0.0133826)
(-2.36637e-05 -0.00122844 0.0135923)
(7.09965e-05 -0.00156485 0.0136579)
(0.000169271 -0.00175695 0.0137199)
(-0.000706628 -0.00120905 0.0143409)
(-0.000964406 -0.00155856 0.0153176)
(-0.000755113 -0.00178462 0.0166363)
(2.56026e-06 -0.00176021 0.0176691)
(-0.00128374 -0.00073394 0.0152857)
(-0.00153125 -0.000636507 0.0164704)
(-0.0012262 -0.000245997 0.017683)
(-0.000595997 0.000247105 0.0182853)
(-0.0013722 6.92885e-05 0.0154472)
(-0.00138983 0.000388791 0.0159344)
(-0.00119308 0.000774465 0.0162191)
(-0.000972436 0.00102974 0.0162583)
(-0.000105152 -0.000771483 0.0140164)
(-0.000105772 -0.000987233 0.0141737)
(-1.69544e-05 -0.00118475 0.0142429)
(9.60814e-05 -0.00129027 0.0141996)
(-0.00040982 -0.000885502 0.0145551)
(-0.000497305 -0.00107443 0.0150912)
(-0.000324458 -0.00118052 0.0156619)
(8.16784e-05 -0.00115471 0.0159886)
(-0.000673672 -0.000597776 0.014983)
(-0.000756652 -0.000536076 0.0155539)
(-0.000583194 -0.000344016 0.0160753)
(-0.000227952 -8.81412e-05 0.0162903)
(-0.00070694 -0.000177823 0.0149638)
(-0.00069949 -1.58314e-05 0.0151728)
(-0.000587843 0.000184842 0.0152766)
(-0.000430976 0.000362368 0.0152362)
(-9.31876e-05 -0.000562315 0.0142447)
(-9.96301e-05 -0.000668795 0.0143253)
(-4.11222e-05 -0.000758068 0.0143458)
(4.52466e-05 -0.000803348 0.0142748)
(-0.000220867 -0.000591976 0.0145335)
(-0.000246164 -0.000667155 0.0147783)
(-0.000145503 -0.000700781 0.0149986)
(6.50234e-05 -0.000675977 0.0150776)
(-0.000321146 -0.000432753 0.0147428)
(-0.000344361 -0.000387454 0.0149864)
(-0.000253112 -0.000286174 0.0151802)
(-7.05337e-05 -0.000150216 0.0152291)
(-0.000328033 -0.000216359 0.0147441)
(-0.000316535 -0.000124796 0.0148254)
(-0.000253398 -1.33076e-05 0.0148453)
(-0.000164144 9.6573e-05 0.0147886)
(-5.90063e-05 -0.000390355 0.0143576)
(-6.55243e-05 -0.000435824 0.0143769)
(-3.14135e-05 -0.000469984 0.0143499)
(2.29464e-05 -0.000483946 0.0142552)
(-0.000107949 -0.000390363 0.0145126)
(-0.000115895 -0.00041544 0.0146004)
(-6.00087e-05 -0.000418943 0.0146519)
(4.79713e-05 -0.000397089 0.0146195)
(-0.000141862 -0.000303588 0.0146149)
(-0.000146692 -0.000272375 0.0146952)
(-9.67504e-05 -0.000215814 0.0147324)
(-3.00752e-06 -0.000142858 0.0146922)
(-0.000139035 -0.000187986 0.0146122)
(-0.000130328 -0.000134589 0.0146208)
(-9.51559e-05 -7.14216e-05 0.014587)
(-4.54542e-05 -6.55783e-06 0.0145044)
(-2.64627e-05 -0.000268764 0.0144112)
(-3.28544e-05 -0.000285491 0.0143917)
(-1.57997e-05 -0.000295507 0.0143323)
(1.41182e-05 -0.000296419 0.0142195)
(-4.24425e-05 -0.000260968 0.0144956)
(-4.61161e-05 -0.000266428 0.0145043)
(-1.71492e-05 -0.000260796 0.0144762)
(3.68343e-05 -0.000244002 0.0143899)
(-5.09733e-05 -0.000212646 0.0145441)
(-5.13249e-05 -0.000192263 0.0145462)
(-2.44541e-05 -0.00015997 0.0145111)
(2.3071e-05 -0.000120207 0.0144248)
(-4.59491e-05 -0.000148213 0.0145332)
(-4.0398e-05 -0.000116886 0.0145038)
(-2.09106e-05 -8.08221e-05 0.0144412)
(6.213e-06 -4.33446e-05 0.0143427)
(-5.02166e-06 -0.000186512 0.0144366)
(-1.10423e-05 -0.000191057 0.0143949)
(-4.13559e-06 -0.000191753 0.0143164)
(1.0421e-05 -0.000188431 0.0141924)
(-7.99402e-06 -0.000178497 0.0144829)
(-1.07703e-05 -0.000177286 0.0144523)
(3.14167e-06 -0.00017039 0.0143863)
(2.91902e-05 -0.00015856 0.0142744)
(-7.57773e-06 -0.000150719 0.0145026)
(-7.37332e-06 -0.000137698 0.0144668)
(6.60114e-06 -0.000118966 0.0143977)
(3.02975e-05 -9.68285e-05 0.0142888)
(-2.79507e-06 -0.00011332 0.0144833)
(4.52807e-07 -9.47391e-05 0.0144339)
(1.12226e-05 -7.38911e-05 0.014356)
(2.59148e-05 -5.21468e-05 0.0142484)
(6.07442e-06 -0.000131006 0.0144503)
(7.38101e-07 -0.000130915 0.0143965)
(2.38946e-06 -0.000128635 0.0143075)
(8.3816e-06 -0.000124626 0.0141771)
(7.74128e-06 -0.000124719 0.0144752)
(5.21051e-06 -0.00012181 0.0144251)
(1.12891e-05 -0.000115968 0.0143411)
(2.32449e-05 -0.000107969 0.014217)
(1.08179e-05 -0.000108155 0.0144784)
(1.07311e-05 -9.97952e-05 0.0144242)
(1.77601e-05 -8.86489e-05 0.0143389)
(2.93228e-05 -7.59763e-05 0.0142193)
(1.48393e-05 -8.55753e-05 0.0144519)
(1.66272e-05 -7.42818e-05 0.0143922)
(2.25931e-05 -6.19189e-05 0.0143063)
(3.05091e-05 -4.90665e-05 0.014194)
(1.04542e-05 -9.30667e-05 0.0144588)
(5.95262e-06 -9.15163e-05 0.0143986)
(5.20386e-06 -8.87181e-05 0.014304)
(6.84038e-06 -8.52086e-05 0.0141701)
(1.33827e-05 -8.8603e-05 0.014471)
(1.10861e-05 -8.57179e-05 0.0144113)
(1.33003e-05 -8.13037e-05 0.0143186)
(1.83358e-05 -7.59751e-05 0.0141888)
(1.68175e-05 -7.83773e-05 0.014464)
(1.6438e-05 -7.29262e-05 0.0144007)
(1.9828e-05 -6.60923e-05 0.0143078)
(2.52989e-05 -5.86041e-05 0.0141832)
(2.00339e-05 -6.42313e-05 0.0144319)
(2.09659e-05 -5.71566e-05 0.0143668)
(2.42887e-05 -4.95899e-05 0.0142767)
(2.85543e-05 -4.17844e-05 0.014162)
(1.12082e-05 -6.6705e-05 0.0144646)
(7.54307e-06 -6.4933e-05 0.0144013)
(5.89056e-06 -6.24445e-05 0.0143038)
(5.51652e-06 -5.96918e-05 0.0141681)
(1.41226e-05 -6.36798e-05 0.0144688)
(1.21269e-05 -6.13038e-05 0.0144045)
(1.25381e-05 -5.81192e-05 0.0143076)
(1.42783e-05 -5.45758e-05 0.014175)
(1.7155e-05 -5.71732e-05 0.0144553)
(1.66306e-05 -5.3556e-05 0.0143876)
(1.81567e-05 -4.92412e-05 0.0142909)
(2.06071e-05 -4.46734e-05 0.014164)
(1.96583e-05 -4.8018e-05 0.014419)
(2.01125e-05 -4.34518e-05 0.014351)
(2.19774e-05 -3.86692e-05 0.0142588)
(2.42809e-05 -3.37874e-05 0.0141429)
(1.02793e-05 -4.81177e-05 0.014469)
(7.36934e-06 -4.65484e-05 0.014404)
(5.5369e-06 -4.45638e-05 0.0143052)
(4.37225e-06 -4.25074e-05 0.0141685)
(1.27675e-05 -4.61164e-05 0.0144679)
(1.11011e-05 -4.42973e-05 0.0144013)
(1.07431e-05 -4.20449e-05 0.0143025)
(1.0987e-05 -3.96776e-05 0.0141686)
(1.52209e-05 -4.1873e-05 0.01445)
(1.46705e-05 -3.94349e-05 0.01438)
(1.52666e-05 -3.66396e-05 0.0142816)
(1.62451e-05 -3.37712e-05 0.0141536)
(1.71348e-05 -3.5787e-05 0.0144104)
(1.73319e-05 -3.27625e-05 0.0143409)
(1.83875e-05 -2.9651e-05 0.0142477)
(1.96349e-05 -2.65117e-05 0.0141311)
(8.731e-06 -3.4861e-05 0.0144723)
(6.46242e-06 -3.35966e-05 0.0144067)
(4.76764e-06 -3.20893e-05 0.0143072)
(3.40986e-06 -3.05884e-05 0.01417)
(1.07194e-05 -3.35546e-05 0.0144677)
(9.37033e-06 -3.22082e-05 0.0144)
(8.74492e-06 -3.06269e-05 0.0143002)
(8.37029e-06 -2.90335e-05 0.0141658)
(1.26243e-05 -3.07331e-05 0.0144467)
(1.21159e-05 -2.90679e-05 0.0143756)
(1.22656e-05 -2.72176e-05 0.0142763)
(1.25484e-05 -2.53706e-05 0.0141479)
(1.40699e-05 -2.66014e-05 0.0144047)
(1.41347e-05 -2.45554e-05 0.0143344)
(1.4737e-05 -2.24814e-05 0.0142406)
(1.54135e-05 -2.04127e-05 0.0141238)
(7.09122e-06 -2.53252e-05 0.0144749)
(5.34696e-06 -2.43509e-05 0.014409)
(3.90463e-06 -2.32336e-05 0.0143092)
(2.62332e-06 -2.21504e-05 0.0141718)
(8.62721e-06 -2.44784e-05 0.0144678)
(7.56033e-06 -2.34981e-05 0.0143996)
(6.89987e-06 -2.23895e-05 0.0142994)
(6.32415e-06 -2.13079e-05 0.0141648)
(1.0074e-05 -2.25739e-05 0.0144446)
(9.63702e-06 -2.14242e-05 0.014373)
(9.58767e-06 -2.01778e-05 0.0142733)
(9.5607e-06 -1.89631e-05 0.0141447)
(1.11567e-05 -1.9724e-05 0.0144009)
(1.11576e-05 -1.83169e-05 0.0143301)
(1.15039e-05 -1.69073e-05 0.0142361)
(1.18701e-05 -1.55161e-05 0.0141191)
(5.59368e-06 -1.84209e-05 0.0144769)
(4.26742e-06 -1.7688e-05 0.0144109)
(3.0966e-06 -1.68703e-05 0.0143111)
(1.99529e-06 -1.60927e-05 0.0141736)
(6.75722e-06 -1.78739e-05 0.014468)
(5.92868e-06 -1.7166e-05 0.0143996)
(5.33148e-06 -1.63877e-05 0.0142993)
(4.74404e-06 -1.56474e-05 0.0141646)
(7.8418e-06 -1.65735e-05 0.0144432)
(7.48307e-06 -1.57728e-05 0.0143714)
(7.35808e-06 -1.49215e-05 0.0142715)
(7.21058e-06 -1.41085e-05 0.0141428)
(8.64759e-06 -1.45848e-05 0.0143982)
(8.62101e-06 -1.36049e-05 0.0143272)
(8.82147e-06 -1.26326e-05 0.014233)
(9.01867e-06 -1.16816e-05 0.014116)
(4.32028e-06 -1.33943e-05 0.0144784)
(3.32175e-06 -1.28509e-05 0.0144125)
(2.40024e-06 -1.22571e-05 0.0143126)
(1.50229e-06 -1.17005e-05 0.0141752)
(5.19034e-06 -1.30414e-05 0.0144683)
(4.55652e-06 -1.25324e-05 0.0143999)
(4.05589e-06 -1.19849e-05 0.0142995)
(3.5344e-06 -1.14746e-05 0.0141647)
(5.99596e-06 -1.21458e-05 0.0144424)
(5.71086e-06 -1.15847e-05 0.0143704)
(5.5697e-06 -1.09971e-05 0.0142705)
(5.39157e-06 -1.04457e-05 0.0141418)
(6.59236e-06 -1.07473e-05 0.0143964)
(6.55724e-06 -1.00591e-05 0.0143252)
(6.67401e-06 -9.38117e-06 0.014231)
(6.77899e-06 -8.72326e-06 0.014114)
(3.27936e-06 -9.71437e-06 0.0144796)
(2.53508e-06 -9.31584e-06 0.0144137)
(1.82645e-06 -8.88726e-06 0.0143139)
(1.11965e-06 -8.48995e-06 0.0141765)
(3.92309e-06 -9.48672e-06 0.0144686)
(3.44496e-06 -9.12223e-06 0.0144001)
(3.0442e-06 -8.73678e-06 0.0142998)
(2.61312e-06 -8.38336e-06 0.014165)
(4.51661e-06 -8.8668e-06 0.0144418)
(4.29568e-06 -8.47218e-06 0.0143698)
(4.16499e-06 -8.06398e-06 0.0142699)
(3.99642e-06 -7.68636e-06 0.0141412)
(4.9553e-06 -7.87943e-06 0.0143951)
(4.9208e-06 -7.39397e-06 0.0143239)
(4.98922e-06 -6.91831e-06 0.0142296)
(5.04405e-06 -6.45968e-06 0.0141126)
(2.44715e-06 -7.00208e-06 0.0144805)
(1.89906e-06 -6.71302e-06 0.0144147)
(1.3654e-06 -6.40607e-06 0.0143149)
(8.24441e-07 -6.12396e-06 0.0141775)
(2.91792e-06 -6.85537e-06 0.0144688)
(2.56265e-06 -6.59586e-06 0.0144004)
(2.25261e-06 -6.32515e-06 0.0143001)
(1.91238e-06 -6.0802e-06 0.0141653)
(3.35078e-06 -6.42589e-06 0.0144415)
(3.1835e-06 -6.14866e-06 0.0143694)
(3.07351e-06 -5.86462e-06 0.0142695)
(2.9302e-06 -5.60497e-06 0.0141408)
(3.67063e-06 -5.72955e-06 0.0143942)
(3.64074e-06 -5.38724e-06 0.014323)
(3.68104e-06 -5.05324e-06 0.0142286)
(3.70879e-06 -4.73283e-06 0.0141116)
(1.78931e-06 -4.98479e-06 0.0144812)
(1.39252e-06 -4.77836e-06 0.0144154)
(9.99764e-07 -4.56138e-06 0.0143157)
(5.96912e-07 -4.36328e-06 0.0141783)
(2.12799e-06 -4.8907e-06 0.014469)
(1.86909e-06 -4.70806e-06 0.0144006)
(1.6366e-06 -4.51961e-06 0.0143003)
(1.37802e-06 -4.35091e-06 0.0141656)
(2.43885e-06 -4.59502e-06 0.0144412)
(2.31533e-06 -4.40183e-06 0.0143692)
(2.22833e-06 -4.20537e-06 0.0142693)
(2.11431e-06 -4.02749e-06 0.0141406)
(2.66865e-06 -4.10799e-06 0.0143936)
(2.64472e-06 -3.86857e-06 0.0143223)
(2.66848e-06 -3.63567e-06 0.014228)
(2.68176e-06 -3.41308e-06 0.014111)
(1.27282e-06 -3.46849e-06 0.0144816)
(9.92737e-07 -3.32475e-06 0.014416)
(7.12e-07 -3.17498e-06 0.0143163)
(4.21336e-07 -3.03906e-06 0.0141789)
(1.51014e-06 -3.40914e-06 0.0144691)
(1.32649e-06 -3.28345e-06 0.0144008)
(1.15798e-06 -3.15498e-06 0.0143005)
(9.68701e-07 -3.04106e-06 0.0141659)
(1.72772e-06 -3.20929e-06 0.0144411)
(1.63931e-06 -3.07735e-06 0.014369)
(1.57383e-06 -2.94399e-06 0.0142691)
(1.48769e-06 -2.82422e-06 0.0141405)
(1.88869e-06 -2.8754e-06 0.0143932)
(1.87073e-06 -2.71135e-06 0.0143219)
(1.88446e-06 -2.55208e-06 0.0142275)
(1.89001e-06 -2.40026e-06 0.0141106)
(8.73868e-07 -2.32297e-06 0.014482)
(6.82672e-07 -2.22691e-06 0.0144163)
(4.89017e-07 -2.12802e-06 0.0143167)
(2.86816e-07 -2.03916e-06 0.0141793)
(1.03334e-06 -2.28735e-06 0.0144693)
(9.07373e-07 -2.20437e-06 0.0144009)
(7.89497e-07 -2.1206e-06 0.0143007)
(6.56257e-07 -2.04738e-06 0.014166)
(1.17939e-06 -2.1575e-06 0.014441)
(1.11825e-06 -2.07105e-06 0.0143689)
(1.07072e-06 -1.9843e-06 0.0142691)
(1.00843e-06 -1.90728e-06 0.0141405)
(1.2877e-06 -1.93718e-06 0.0143929)
(1.27495e-06 -1.82943e-06 0.0143216)
(1.28203e-06 -1.72497e-06 0.0142272)
(1.28316e-06 -1.62571e-06 0.0141103)
(5.83491e-07 -1.47536e-06 0.0144822)
(4.56133e-07 -1.41527e-06 0.0144166)
(3.25981e-07 -1.35542e-06 0.0143169)
(1.88522e-07 -1.30373e-06 0.0141796)
(6.84597e-07 -1.45705e-06 0.0144693)
(5.99951e-07 -1.40637e-06 0.014401)
(5.18828e-07 -1.35697e-06 0.0143008)
(4.27098e-07 -1.31611e-06 0.0141662)
(7.77159e-07 -1.37917e-06 0.0144409)
(7.35548e-07 -1.32716e-06 0.0143689)
(7.00819e-07 -1.27618e-06 0.014269)
(6.56673e-07 -1.2328e-06 0.0141404)
(8.46485e-07 -1.24321e-06 0.0143927)
(8.37884e-07 -1.17834e-06 0.0143214)
(8.39834e-07 -1.11592e-06 0.0142271)
(8.38412e-07 -1.05737e-06 0.0141101)
(4.06457e-07 -9.17574e-07 0.0144824)
(3.16315e-07 -8.83409e-07 0.0144168)
(2.19802e-07 -8.52429e-07 0.0143172)
(1.23101e-07 -8.27152e-07 0.0141798)
(4.67655e-07 -9.1236e-07 0.0144694)
(4.07043e-07 -8.85873e-07 0.0144011)
(3.44586e-07 -8.63038e-07 0.0143009)
(2.79178e-07 -8.45626e-07 0.0141663)
(5.23404e-07 -8.68369e-07 0.0144409)
(4.93168e-07 -8.41902e-07 0.0143689)
(4.64151e-07 -8.18109e-07 0.014269)
(4.31463e-07 -7.99076e-07 0.0141404)
(5.67778e-07 -7.87814e-07 0.0143926)
(5.62174e-07 -7.54114e-07 0.0143213)
(5.59951e-07 -7.22098e-07 0.014227)
(5.55929e-07 -6.92925e-07 0.01411)
)
;

boundaryField
{
    inlet
    {
        type            uniformFixedValue;
        uniformValue    table
        
2
(
(0 (0 0 0.002))
(0.1 (0 0 0.02))
)
;
        value           uniform (0 0 0.0146);
    }
    outlet
    {
        type            zeroGradient;
    }
    wall
    {
        type            slip;
    }
    procBoundary3to1
    {
        type            processor;
        value           nonuniform List<vector> 
192
(
(0.00531557 -0.000851276 0.0123963)
(0.000478113 -0.00594092 0.01364)
(-0.000249557 -0.00127267 0.0133985)
(0.00451005 -0.00311166 0.00836358)
(-0.00136411 0.00155248 0.0207709)
(-0.000475018 0.000896005 0.0198727)
(0.000878175 0.000862915 0.0192387)
(0.00217291 0.000991786 0.0195335)
(6.80716e-05 0.000113211 0.0138926)
(0.00033479 -1.53744e-05 0.0135913)
(0.000609672 -8.01775e-05 0.0128948)
(0.000714924 0.000135974 0.0121103)
(0.00045116 -0.000358144 0.0143141)
(0.000472537 -0.000357327 0.0139683)
(0.000438584 -0.000341249 0.0135687)
(0.000319415 -0.000276606 0.0132513)
(0.000404269 -0.000428598 0.0143157)
(0.000345848 -0.000401771 0.0140874)
(0.000248374 -0.000383072 0.013901)
(0.000124228 -0.000380701 0.0137971)
(0.000307407 -0.000381169 0.0143312)
(0.000230002 -0.000364277 0.0142023)
(0.000133103 -0.000356501 0.0141147)
(3.62331e-05 -0.000365432 0.0140777)
(0.000219504 -0.000303967 0.014398)
(0.000154502 -0.000297872 0.0143226)
(8.00757e-05 -0.000296094 0.0142747)
(1.20003e-05 -0.000302701 0.0142536)
(0.000152761 -0.000231496 0.0144545)
(0.000107212 -0.00023033 0.0144077)
(5.69317e-05 -0.000230338 0.0143762)
(1.21633e-05 -0.000233284 0.0143561)
(0.000106042 -0.000172899 0.0144924)
(7.66409e-05 -0.000173224 0.0144615)
(4.46084e-05 -0.000173262 0.0144373)
(1.60565e-05 -0.000173711 0.0144152)
(7.43081e-05 -0.000128006 0.0145168)
(5.59333e-05 -0.000128501 0.014495)
(3.59072e-05 -0.000128199 0.0144745)
(1.7768e-05 -0.000127377 0.0144508)
(5.27294e-05 -9.4355e-05 0.0145323)
(4.13281e-05 -9.46648e-05 0.014516)
(2.87777e-05 -9.41102e-05 0.0144978)
(1.71224e-05 -9.28149e-05 0.0144732)
(3.78371e-05 -6.93829e-05 0.0145421)
(3.07284e-05 -6.94889e-05 0.0145293)
(2.27647e-05 -6.88341e-05 0.0145127)
(1.51422e-05 -6.74864e-05 0.0144879)
(2.7376e-05 -5.09463e-05 0.0145485)
(2.28989e-05 -5.09135e-05 0.014538)
(1.77636e-05 -5.02674e-05 0.0145226)
(1.26845e-05 -4.9054e-05 0.0144979)
(1.99147e-05 -3.73711e-05 0.0145526)
(1.70608e-05 -3.72648e-05 0.0145437)
(1.36943e-05 -3.66852e-05 0.0145293)
(1.02515e-05 -3.56683e-05 0.0145049)
(1.45317e-05 -2.73878e-05 0.0145554)
(1.26896e-05 -2.72536e-05 0.0145476)
(1.04484e-05 -2.67629e-05 0.0145339)
(8.08074e-06 -2.59453e-05 0.0145099)
(1.06159e-05 -2.00468e-05 0.0145572)
(9.41247e-06 -1.99117e-05 0.0145503)
(7.90009e-06 -1.95121e-05 0.0145372)
(6.25311e-06 -1.8872e-05 0.0145136)
(7.74972e-06 -1.46434e-05 0.0145585)
(6.95469e-06 -1.45212e-05 0.0145522)
(5.92285e-06 -1.42047e-05 0.0145395)
(4.76772e-06 -1.37132e-05 0.0145162)
(5.64e-06 -1.06561e-05 0.0145594)
(5.10993e-06 -1.05527e-05 0.0145535)
(4.40049e-06 -1.03076e-05 0.0145412)
(3.58665e-06 -9.93604e-06 0.0145181)
(4.07723e-06 -7.69999e-06 0.01456)
(3.72183e-06 -7.61649e-06 0.0145545)
(3.23256e-06 -7.43066e-06 0.0145424)
(2.65936e-06 -7.15431e-06 0.0145195)
(2.91044e-06 -5.49163e-06 0.0145604)
(2.67232e-06 -5.42691e-06 0.0145551)
(2.33628e-06 -5.28941e-06 0.0145433)
(1.93552e-06 -5.08793e-06 0.0145205)
(2.03299e-06 -3.82614e-06 0.0145607)
(1.87521e-06 -3.7781e-06 0.0145556)
(1.64778e-06 -3.67955e-06 0.0145438)
(1.37245e-06 -3.5368e-06 0.0145212)
(1.37651e-06 -2.56506e-06 0.0145609)
(1.27451e-06 -2.53096e-06 0.0145559)
(1.12472e-06 -2.46317e-06 0.0145443)
(9.409e-07 -2.36608e-06 0.0145217)
(9.09449e-07 -1.63069e-06 0.014561)
(8.45529e-07 -1.60719e-06 0.0145561)
(7.49616e-07 -1.56253e-06 0.0145445)
(6.29834e-07 -1.49981e-06 0.014522)
(6.2779e-07 -1.01576e-06 0.0145611)
(5.8658e-07 -9.98395e-07 0.0145562)
(5.22946e-07 -9.67938e-07 0.0145447)
(4.41731e-07 -9.2682e-07 0.0145223)
(0.00520395 -0.00377454 0.0056554)
(0.00402718 -0.00301056 0.00273605)
(-0.00224569 -0.00206599 0.000686734)
(-0.000622186 0.00460721 0.00769854)
(0.00269706 0.00156622 0.021283)
(0.00371406 0.00150553 0.0208417)
(0.00243901 0.00208304 0.011145)
(0.000654748 0.00326233 0.00983129)
(0.00104517 0.000470593 0.0121441)
(0.00160051 0.000568263 0.0114357)
(0.001248 0.000781431 0.00938757)
(0.00045514 0.00106697 0.00897461)
(0.000349494 -0.000234845 0.0131912)
(0.000532703 -0.000231943 0.0129045)
(0.000481627 -0.000191676 0.0123664)
(0.000189344 -0.000126317 0.0121604)
(7.01345e-05 -0.000411073 0.0137889)
(0.000100287 -0.000447995 0.0137083)
(9.61892e-05 -0.000462668 0.0135128)
(2.52795e-05 -0.00045421 0.0133348)
(-2.11339e-05 -0.000393428 0.014077)
(-2.78765e-05 -0.000422519 0.0140432)
(-2.25019e-05 -0.000438816 0.0139452)
(-2.53823e-05 -0.000439852 0.0138109)
(-3.24039e-05 -0.000317908 0.0142424)
(-4.47637e-05 -0.000332202 0.0142072)
(-4.01262e-05 -0.000339123 0.0141273)
(-3.05306e-05 -0.000337854 0.0140038)
(-1.92346e-05 -0.000239281 0.0143333)
(-3.12222e-05 -0.000243802 0.0142877)
(-3.06583e-05 -0.000243941 0.0142044)
(-2.37893e-05 -0.000240138 0.0140789)
(-5.51632e-06 -0.000174801 0.0143837)
(-1.58904e-05 -0.000174516 0.0143292)
(-1.84863e-05 -0.000171573 0.0142397)
(-1.61742e-05 -0.000166871 0.0141103)
(2.96854e-06 -0.000126331 0.014414)
(-5.55672e-06 -0.000124204 0.0143536)
(-9.61074e-06 -0.000120447 0.0142594)
(-1.03945e-05 -0.000115962 0.0141268)
(6.87459e-06 -9.1076e-05 0.0144335)
(8.27622e-08 -8.85497e-05 0.0143698)
(-4.24393e-06 -8.50135e-05 0.0142727)
(-6.53931e-06 -8.12132e-05 0.0141379)
(7.9607e-06 -6.57099e-05 0.0144468)
(2.65911e-06 -6.33793e-05 0.0143815)
(-1.32552e-06 -6.04177e-05 0.0142828)
(-4.09443e-06 -5.73913e-05 0.0141467)
(7.59633e-06 -4.74924e-05 0.0144563)
(3.51657e-06 -4.55469e-05 0.0143902)
(1.16498e-07 -4.32039e-05 0.0142907)
(-2.57182e-06 -4.08758e-05 0.0141539)
(6.61498e-06 -3.43881e-05 0.0144632)
(3.50829e-06 -3.28436e-05 0.0143969)
(7.35257e-07 -3.10464e-05 0.014297)
(-1.62717e-06 -2.92917e-05 0.0141598)
(5.46535e-06 -2.49354e-05 0.0144684)
(3.11912e-06 -2.37435e-05 0.014402)
(9.22937e-07 -2.239e-05 0.014302)
(-1.03919e-06 -2.10838e-05 0.0141646)
(4.36457e-06 -1.8094e-05 0.0144722)
(2.6051e-06 -1.71905e-05 0.0144059)
(9.01346e-07 -1.61829e-05 0.0143059)
(-6.70558e-07 -1.52186e-05 0.0141685)
(3.40176e-06 -1.31236e-05 0.014475)
(2.09122e-06 -1.24473e-05 0.0144088)
(7.9039e-07 -1.17035e-05 0.0143089)
(-4.37165e-07 -1.09961e-05 0.0141715)
(2.5998e-06 -9.49527e-06 0.0144771)
(1.63107e-06 -8.99453e-06 0.0144111)
(6.51736e-07 -8.44979e-06 0.0143112)
(-2.876e-07 -7.93411e-06 0.0141738)
(1.9501e-06 -6.82938e-06 0.0144786)
(1.24131e-06 -6.46305e-06 0.0144127)
(5.14872e-07 -6.06798e-06 0.0143129)
(-1.90318e-07 -5.69529e-06 0.0141755)
(1.43166e-06 -4.85275e-06 0.0144798)
(9.2104e-07 -4.58919e-06 0.014414)
(3.92258e-07 -4.30693e-06 0.0143142)
(-1.25798e-07 -4.04134e-06 0.0141768)
(1.02214e-06 -3.37118e-06 0.0144806)
(6.63048e-07 -3.18644e-06 0.0144148)
(2.88245e-07 -2.98978e-06 0.0143151)
(-8.18231e-08 -2.80511e-06 0.0141777)
(7.05321e-07 -2.25406e-06 0.0144811)
(4.61054e-07 -2.12967e-06 0.0144154)
(2.04622e-07 -1.99833e-06 0.0143158)
(-5.06737e-08 -1.87547e-06 0.0141784)
(4.76483e-07 -1.42803e-06 0.0144815)
(3.14783e-07 -1.34897e-06 0.0144158)
(1.44858e-07 -1.26739e-06 0.0143162)
(-2.71658e-08 -1.1925e-06 0.0141788)
(3.40734e-07 -8.80407e-07 0.0144818)
(2.27698e-07 -8.31979e-07 0.0144162)
(1.04804e-07 -7.84724e-07 0.0143165)
(-1.45091e-08 -7.42816e-07 0.0141792)
)
;
    }
    procBoundary3to2
    {
        type            processor;
        value           nonuniform List<vector> 
192
(
(0.000187916 0.000150164 0.000869648)
(0.000718861 -0.000785585 0.00362054)
(0.000412863 -8.6759e-05 0.00314016)
(0.000850551 0.000726558 0.00341254)
(-0.00119579 0.000962335 0.0228867)
(-0.0016618 -4.87264e-06 0.0236498)
(-0.00153807 -0.00042647 0.0240155)
(-0.00168075 -0.0016847 0.0227754)
(2.97067e-05 0.000104552 0.0136267)
(-0.000188467 0.000122801 0.0139352)
(-0.000362566 0.000369106 0.0138091)
(-0.000645354 0.000405038 0.0135491)
(0.000385342 -0.000282303 0.0147053)
(0.00028767 -8.40111e-05 0.0148902)
(0.0001188 0.000223235 0.0148602)
(-9.52727e-05 0.000437982 0.0146552)
(0.000416026 -0.000387794 0.0146959)
(0.000371753 -0.000250496 0.0148163)
(0.000281079 -6.84147e-05 0.0148348)
(0.000170828 6.93456e-05 0.0147439)
(0.000350774 -0.000357687 0.0145859)
(0.000326022 -0.000281328 0.0146661)
(0.000278988 -0.000182495 0.0146995)
(0.000225161 -0.000102391 0.0146776)
(0.000258606 -0.00028572 0.0145647)
(0.000242613 -0.000243348 0.0146225)
(0.000216641 -0.000188537 0.0146535)
(0.000188784 -0.000139216 0.0146528)
(0.000179837 -0.000217222 0.0145657)
(0.000168613 -0.000191999 0.0146074)
(0.000152963 -0.000159067 0.0146319)
(0.00013708 -0.000126364 0.0146343)
(0.000122884 -0.000162376 0.0145679)
(0.000115045 -0.000146365 0.0145981)
(0.000105132 -0.000125056 0.0146154)
(9.53351e-05 -0.000102183 0.0146153)
(8.43318e-05 -0.000120662 0.0145692)
(7.89671e-05 -0.000110065 0.0145907)
(7.25317e-05 -9.55955e-05 0.0146017)
(6.62006e-05 -7.91683e-05 0.0145975)
(5.86055e-05 -8.94212e-05 0.0145692)
(5.49875e-05 -8.22367e-05 0.0145842)
(5.07508e-05 -7.21464e-05 0.01459)
(4.65494e-05 -6.02242e-05 0.0145819)
(4.12726e-05 -6.61488e-05 0.0145685)
(3.88489e-05 -6.12077e-05 0.0145785)
(3.60296e-05 -5.40699e-05 0.0145802)
(3.31935e-05 -4.53856e-05 0.0145689)
(2.93883e-05 -4.88597e-05 0.0145675)
(2.77661e-05 -4.54295e-05 0.0145738)
(2.58718e-05 -4.034e-05 0.0145723)
(2.39331e-05 -3.40072e-05 0.0145583)
(2.10973e-05 -3.60393e-05 0.0145664)
(2.00082e-05 -3.36418e-05 0.01457)
(1.87238e-05 -2.99957e-05 0.014566)
(1.73853e-05 -2.53768e-05 0.01455)
(1.5229e-05 -2.65442e-05 0.0145655)
(1.44943e-05 -2.486e-05 0.0145669)
(1.3616e-05 -2.22404e-05 0.0145611)
(1.26844e-05 -1.88723e-05 0.0145435)
(1.10283e-05 -1.95154e-05 0.0145646)
(1.05299e-05 -1.83279e-05 0.0145645)
(9.92492e-06 -1.64429e-05 0.0145573)
(9.27242e-06 -1.39885e-05 0.0145386)
(7.99416e-06 -1.43099e-05 0.0145639)
(7.65425e-06 -1.34709e-05 0.0145627)
(7.23507e-06 -1.21141e-05 0.0145545)
(6.77605e-06 -1.03284e-05 0.0145349)
(5.785e-06 -1.04476e-05 0.0145634)
(5.5523e-06 -9.85474e-06 0.0145613)
(5.26087e-06 -8.8799e-06 0.0145523)
(4.93736e-06 -7.58499e-06 0.0145321)
(4.16316e-06 -7.57013e-06 0.014563)
(4.00375e-06 -7.15265e-06 0.0145603)
(3.80119e-06 -6.45593e-06 0.0145507)
(3.57365e-06 -5.52314e-06 0.01453)
(2.96118e-06 -5.41128e-06 0.0145627)
(2.85257e-06 -5.12012e-06 0.0145595)
(2.7127e-06 -4.62785e-06 0.0145496)
(2.55399e-06 -3.96442e-06 0.0145285)
(2.06273e-06 -3.77721e-06 0.0145624)
(1.9899e-06 -3.57821e-06 0.014559)
(1.89493e-06 -3.23794e-06 0.0145487)
(1.78629e-06 -2.77689e-06 0.0145274)
(1.39382e-06 -2.53647e-06 0.0145623)
(1.34656e-06 -2.40529e-06 0.0145586)
(1.2841e-06 -2.17873e-06 0.0145482)
(1.21207e-06 -1.87029e-06 0.0145266)
(9.19816e-07 -1.61586e-06 0.0145622)
(8.90883e-07 -1.53383e-06 0.0145583)
(8.51767e-07 -1.39068e-06 0.0145478)
(8.06063e-07 -1.19465e-06 0.0145261)
(6.35014e-07 -1.00953e-06 0.0145621)
(6.17589e-07 -9.58812e-07 0.0145581)
(5.92641e-07 -8.69815e-07 0.0145475)
(5.62414e-07 -7.47716e-07 0.0145258)
(0.00227153 0.0023951 0.0122936)
(0.00351577 0.00262942 0.0134909)
(-0.00118847 0.00476367 0.0123953)
(-0.00741889 0.0160092 0.00591332)
(-0.00156451 -0.00155681 0.0198244)
(-0.00153231 -0.000149798 0.0180618)
(-0.00124177 0.00151617 0.0175216)
(-0.00139334 0.00198487 0.0182954)
(-0.000772804 0.000496764 0.0135913)
(-0.000940704 0.000506068 0.0135514)
(-0.000912806 0.000348733 0.0138353)
(-0.000923828 0.000143468 0.0141008)
(-0.000229633 0.000466488 0.0144683)
(-0.000335748 0.000304188 0.0143765)
(-0.000360028 9.19108e-05 0.0145196)
(-0.000351735 -1.05485e-05 0.0147001)
(9.65224e-05 9.85601e-05 0.0146291)
(5.13732e-05 3.5585e-05 0.0145819)
(4.82813e-05 -3.16195e-05 0.014617)
(6.56638e-05 -1.82037e-05 0.0146122)
(0.000188705 -6.69136e-05 0.0146355)
(0.000170051 -6.5275e-05 0.0146084)
(0.000171657 -5.80704e-05 0.0145879)
(0.000182119 -1.1325e-05 0.0145149)
(0.000170006 -0.000104956 0.0146322)
(0.000160858 -8.15731e-05 0.0145999)
(0.000161725 -5.31228e-05 0.0145455)
(0.000166119 -7.45547e-06 0.0144395)
(0.000126319 -9.73e-05 0.0146161)
(0.000120599 -7.12188e-05 0.0145755)
(0.000119553 -4.20525e-05 0.0145019)
(0.000120612 -5.81631e-06 0.0143804)
(8.83062e-05 -7.90005e-05 0.0145943)
(8.39698e-05 -5.62478e-05 0.0145469)
(8.2386e-05 -3.1951e-05 0.0144633)
(8.20544e-05 -4.82378e-06 0.0143345)
(6.13745e-05 -6.13177e-05 0.0145727)
(5.80019e-05 -4.31375e-05 0.0145204)
(5.63023e-05 -2.41367e-05 0.0144313)
(5.54635e-05 -4.01934e-06 0.0142991)
(4.31532e-05 -4.67511e-05 0.0145537)
(4.05429e-05 -3.27565e-05 0.0144979)
(3.89838e-05 -1.82542e-05 0.0144056)
(3.8033e-05 -3.29782e-06 0.0142715)
(3.07776e-05 -3.53319e-05 0.0145378)
(2.87819e-05 -2.47537e-05 0.0144795)
(2.74601e-05 -1.38077e-05 0.0143851)
(2.65682e-05 -2.65349e-06 0.01425)
(2.22049e-05 -2.65549e-05 0.014525)
(2.06962e-05 -1.86372e-05 0.0144649)
(1.96249e-05 -1.04268e-05 0.0143692)
(1.88559e-05 -2.09741e-06 0.0142334)
(1.61451e-05 -1.98754e-05 0.014515)
(1.50145e-05 -1.39833e-05 0.0144535)
(1.41708e-05 -7.85087e-06 0.0143568)
(1.35387e-05 -1.63345e-06 0.0142206)
(1.17925e-05 -1.48222e-05 0.0145072)
(1.09513e-05 -1.04548e-05 0.0144448)
(1.02996e-05 -5.89017e-06 0.0143473)
(9.79579e-06 -1.25673e-06 0.0142109)
(8.63031e-06 -1.10139e-05 0.0145013)
(8.00786e-06 -7.78736e-06 0.0144381)
(7.51181e-06 -4.40107e-06 0.0143401)
(7.11887e-06 -9.57008e-07 0.0142035)
(6.31378e-06 -8.14985e-06 0.0144968)
(5.8557e-06 -5.77478e-06 0.0144331)
(5.48247e-06 -3.27249e-06 0.0143347)
(5.18119e-06 -7.21987e-07 0.0141979)
(4.60521e-06 -5.99636e-06 0.0144934)
(4.27018e-06 -4.25685e-06 0.0144293)
(3.99246e-06 -2.41786e-06 0.0143306)
(3.76489e-06 -5.39428e-07 0.0141937)
(3.33628e-06 -4.37338e-06 0.014491)
(3.09343e-06 -3.10969e-06 0.0144265)
(2.88938e-06 -1.76973e-06 0.0143276)
(2.72016e-06 -3.98269e-07 0.0141906)
(2.38628e-06 -3.14348e-06 0.0144891)
(2.21275e-06 -2.23829e-06 0.0144244)
(2.06541e-06 -1.27598e-06 0.0143254)
(1.94202e-06 -2.89082e-07 0.0141883)
(1.6703e-06 -2.20456e-06 0.0144878)
(1.54917e-06 -1.57169e-06 0.014423)
(1.44547e-06 -8.97389e-07 0.0143239)
(1.35791e-06 -2.04257e-07 0.0141867)
(1.13449e-06 -1.4865e-06 0.0144869)
(1.05279e-06 -1.06086e-06 0.014422)
(9.82302e-07 -6.06599e-07 0.0143228)
(9.22414e-07 -1.38123e-07 0.0141856)
(7.56289e-07 -9.50336e-07 0.0144864)
(7.03219e-07 -6.78512e-07 0.0144213)
(6.57156e-07 -3.88908e-07 0.0143221)
(6.18323e-07 -8.75143e-08 0.0141849)
(5.28682e-07 -5.97024e-07 0.0144859)
(4.93563e-07 -4.2416e-07 0.0144208)
(4.62743e-07 -2.35011e-07 0.0143215)
(4.37998e-07 -4.6074e-08 0.0141843)
)
;
    }
}


// ************************************************************************* //
