/*--------------------------------*- C++ -*----------------------------------*\
  =========                 |
  \\      /  F ield         | OpenFOAM: The Open Source CFD Toolbox
   \\    /   O peration     | Website:  https://openfoam.org
    \\  /    A nd           | Version:  6
     \\/     M anipulation  |
\*---------------------------------------------------------------------------*/
FoamFile
{
    version     2.0;
    format      ascii;
    class       surfaceScalarField;
    location    "0.03";
    object      phi;
}
// * * * * * * * * * * * * * * * * * * * * * * * * * * * * * * * * * * * * * //

dimensions      [0 3 -1 0 0 0 0];

internalField   nonuniform List<scalar> 
3120
(
-3.64902e-09
-5.51689e-09
2.02171e-08
5.1493e-09
-2.89198e-09
4.26514e-09
2.67559e-08
3.19444e-09
7.90298e-09
2.46054e-08
6.1027e-09
9.40296e-09
2.72327e-11
-5.93796e-09
2.84552e-08
-6.43668e-09
4.56526e-09
-2.57013e-09
2.37344e-08
8.74452e-09
-1.47565e-10
2.55372e-08
8.62615e-09
2.19108e-08
-1.10308e-10
-9.46445e-09
3.10156e-08
-5.86819e-09
3.54042e-09
-6.89814e-09
2.15292e-08
-7.11414e-09
2.14906e-09
3.00924e-08
1.32933e-08
2.48511e-08
-3.11486e-09
1.28084e-08
3.21919e-09
-2.53803e-09
-1.22052e-09
1.76605e-08
-5.14379e-09
-1.09602e-08
2.01447e-08
1.22888e-08
1.89943e-08
2.12189e-08
-9.02513e-09
-5.49413e-09
2.06923e-08
7.81741e-09
-6.70417e-09
-1.6649e-09
2.284e-08
-2.70535e-09
-1.48526e-09
2.00842e-08
-3.13369e-09
1.20232e-08
-4.56603e-09
-3.84068e-09
2.54026e-08
5.96524e-09
-4.61501e-09
-2.24662e-09
2.43651e-08
-2.01968e-09
-2.89119e-09
2.43478e-08
-2.02414e-09
1.85354e-08
-2.62898e-09
-4.53672e-10
2.60632e-08
4.19438e-09
-6.47323e-09
-2.26164e-09
2.53884e-08
-4.99024e-09
-2.58145e-10
2.59764e-08
-7.71492e-10
2.1782e-08
-3.35013e-09
2.4032e-08
-6.98223e-09
-1.3449e-09
-7.20767e-09
2.30548e-08
-3.79839e-09
-1.00006e-08
2.25651e-08
1.14415e-10
2.09134e-08
-3.18395e-09
-9.29394e-10
-5.13222e-09
2.17157e-08
1.06541e-09
1.08827e-09
-4.70948e-09
2.12888e-08
2.94861e-09
-5.3021e-09
1.92859e-08
-5.21356e-09
1.57104e-08
-4.9167e-10
-4.94834e-09
2.36822e-08
2.02811e-09
1.23449e-09
-4.89611e-09
2.28256e-08
3.66744e-09
-5.10429e-09
2.17171e-08
-5.25765e-09
1.86042e-08
-9.20109e-11
-5.10107e-09
2.48851e-08
1.42287e-09
1.35347e-09
-4.3187e-09
2.33655e-08
2.90008e-09
-3.68872e-09
2.30142e-08
-4.45677e-09
2.02706e-08
9.91154e-10
2.4497e-08
-6.59696e-09
3.97303e-11
1.28714e-09
2.35632e-08
-5.12308e-09
1.25727e-09
2.29825e-08
-4.07622e-09
2.01273e-08
-4.01736e-09
1.90334e-09
-3.50561e-09
2.16519e-08
-1.1773e-09
2.91102e-09
-3.65693e-09
2.09946e-08
3.45356e-09
-3.90713e-09
1.97383e-08
-3.68275e-09
1.81232e-08
1.74782e-09
-3.67258e-09
2.25235e-08
-4.22127e-10
2.82172e-09
-3.77534e-09
2.18701e-08
3.76811e-09
-4.01784e-09
2.08814e-08
-3.97877e-09
1.93335e-08
1.72316e-09
-3.6538e-09
2.32223e-08
-7.91222e-11
2.65627e-09
-3.77774e-09
2.24348e-08
3.70419e-09
-3.77038e-09
2.17188e-08
-3.75515e-09
2.02264e-08
1.60954e-09
2.35027e-08
-4.18325e-09
-8.57502e-11
2.54893e-09
2.30049e-08
-4.15889e-09
3.49957e-09
2.22312e-08
-3.9698e-09
2.05357e-08
-3.73942e-09
1.87896e-09
-2.3576e-09
2.14403e-08
-1.33843e-09
2.3498e-09
-2.47535e-09
2.09684e-08
2.41344e-09
-2.53096e-09
2.02574e-08
-2.35994e-09
1.94741e-08
1.73963e-09
-2.50872e-09
2.18923e-08
-9.5733e-10
2.31562e-09
-2.64626e-09
2.1465e-08
2.58813e-09
-2.74728e-09
2.08252e-08
-2.64509e-09
2.00246e-08
1.6066e-09
-2.56733e-09
2.23143e-08
-6.39999e-10
2.22084e-09
-2.74935e-09
2.19237e-08
2.6414e-09
-2.80563e-09
2.13566e-08
-2.68936e-09
2.05485e-08
1.40617e-09
2.26735e-08
-2.71797e-09
-4.26361e-10
2.14494e-09
2.23922e-08
-2.87538e-09
2.67751e-09
2.18247e-08
-2.93163e-09
2.0936e-08
-2.77193e-09
1.31435e-09
-1.61459e-09
2.12742e-08
-9.87594e-10
1.53663e-09
-1.68498e-09
2.09808e-08
1.50839e-09
-1.68931e-09
2.05842e-08
-1.58104e-09
2.01764e-08
1.23388e-09
-1.69916e-09
2.15487e-08
-8.05662e-10
1.53526e-09
-1.80593e-09
2.12846e-08
1.61243e-09
-1.84617e-09
2.09049e-08
-1.77099e-09
2.04748e-08
1.12303e-09
-1.7271e-09
2.1824e-08
-6.04811e-10
1.49397e-09
-1.85509e-09
2.16019e-08
1.66544e-09
-1.90737e-09
2.12463e-08
-1.84131e-09
2.08021e-08
9.8046e-10
2.20822e-08
-1.7005e-09
-4.158e-10
1.43786e-09
2.1925e-08
-1.8453e-09
1.70326e-09
2.15861e-08
-1.93417e-09
2.11105e-08
-1.86511e-09
8.56435e-10
-1.13163e-09
2.1163e-08
-6.67482e-10
9.67016e-10
-1.17495e-09
2.09873e-08
9.36852e-10
-1.17155e-09
2.07613e-08
-1.10833e-09
2.05364e-08
8.12012e-10
-1.16641e-09
2.13445e-08
-5.7299e-10
9.71631e-10
-1.23552e-09
2.11855e-08
9.97337e-10
-1.25557e-09
2.09632e-08
-1.21078e-09
2.07232e-08
7.41888e-10
-1.15574e-09
2.15259e-08
-4.54501e-10
9.51071e-10
-1.23938e-09
2.13966e-08
1.03323e-09
-1.2773e-09
2.11859e-08
-1.24564e-09
2.0936e-08
6.50493e-10
2.16869e-08
-1.07976e-09
-3.31126e-10
9.11874e-10
2.16046e-08
-1.18033e-09
1.05419e-09
2.14118e-08
-1.24531e-09
2.11505e-08
-1.22323e-09
5.5597e-10
-8.03362e-10
2.10875e-08
-4.4569e-10
6.15062e-10
-8.31363e-10
2.09834e-08
5.9559e-10
-8.29683e-10
2.08511e-08
-7.94242e-10
2.07206e-08
5.29427e-10
-8.08762e-10
2.12117e-08
-3.91305e-10
6.17975e-10
-8.52549e-10
2.11182e-08
6.29897e-10
-8.65297e-10
2.09869e-08
-8.40904e-10
2.08476e-08
4.86155e-10
-7.78802e-10
2.13299e-08
-3.20076e-10
6.05399e-10
-8.32964e-10
2.12577e-08
6.50892e-10
-8.59036e-10
2.11342e-08
-8.45451e-10
2.09895e-08
4.28383e-10
2.14208e-08
-6.98e-10
-2.43135e-10
5.7862e-10
2.1386e-08
-7.64645e-10
6.60264e-10
2.12784e-08
-8.07268e-10
2.1131e-08
-8.04251e-10
3.65919e-10
-5.74247e-10
2.10339e-08
-2.99364e-10
4.00229e-10
-5.93477e-10
2.09729e-08
3.89952e-10
-5.9414e-10
2.08935e-08
-5.74789e-10
2.08145e-08
3.48347e-10
-5.65461e-10
2.11197e-08
-2.65134e-10
4.0066e-10
-5.94133e-10
2.10665e-08
4.08953e-10
-6.03539e-10
2.0988e-08
-5.91111e-10
2.09042e-08
3.20518e-10
-5.30512e-10
2.11949e-08
-2.20412e-10
3.91632e-10
-5.6609e-10
2.11586e-08
4.20075e-10
-5.8421e-10
2.10864e-08
-5.7954e-10
2.10003e-08
2.83444e-10
2.12385e-08
-4.59775e-10
-1.71897e-10
3.73071e-10
2.12342e-08
-5.03927e-10
4.23018e-10
2.11762e-08
-5.32024e-10
2.10912e-08
-5.35622e-10
2.44796e-10
-4.12229e-10
2.09944e-08
-2.02987e-10
2.66421e-10
-4.2609e-10
2.09598e-08
2.6213e-10
-4.28194e-10
2.09111e-08
-4.17954e-10
2.08616e-08
2.32245e-10
-3.98285e-10
2.10535e-08
-1.79987e-10
2.6516e-10
-4.17835e-10
2.10253e-08
2.72316e-10
-4.25293e-10
2.0978e-08
-4.19533e-10
2.09259e-08
2.13454e-10
-3.65511e-10
2.10993e-08
-1.50646e-10
2.58052e-10
-3.89499e-10
2.10857e-08
2.77553e-10
-4.02467e-10
2.10441e-08
-4.01995e-10
2.09916e-08
1.88963e-10
2.11117e-08
-3.08409e-10
-1.1924e-10
2.44805e-10
2.1127e-08
-3.38127e-10
2.7727e-10
2.10985e-08
-3.57197e-10
2.10488e-08
-3.62538e-10
1.66268e-10
-2.96898e-10
2.09648e-08
-1.38971e-10
1.80861e-10
-3.07185e-10
2.09466e-08
1.7998e-10
-3.09888e-10
2.09164e-08
-3.04734e-10
2.08844e-08
1.56917e-10
-2.82455e-10
2.1005e-08
-1.22859e-10
1.78764e-10
-2.96226e-10
2.09925e-08
1.85171e-10
-3.02276e-10
2.0964e-08
-3.00092e-10
2.09308e-08
1.4373e-10
-2.54636e-10
2.10306e-08
-1.02923e-10
1.72977e-10
-2.71224e-10
2.10314e-08
1.87127e-10
-2.80742e-10
2.10084e-08
-2.821e-10
2.09758e-08
1.27073e-10
2.10225e-08
-2.10442e-10
-8.20286e-11
1.63277e-10
2.10504e-08
-2.30816e-10
1.85407e-10
2.10398e-08
-2.44128e-10
2.10109e-08
-2.49403e-10
1.14443e-10
-2.14443e-10
2.09424e-08
-9.60194e-11
1.24777e-10
-2.2219e-10
2.09346e-08
1.25617e-10
-2.24956e-10
2.09159e-08
-2.2259e-10
2.08947e-08
1.07341e-10
-2.01547e-10
2.09692e-08
-8.4449e-11
1.22436e-10
-2.11472e-10
2.09667e-08
1.28037e-10
-2.16377e-10
2.09498e-08
-2.1602e-10
2.09283e-08
9.78375e-11
-1.79194e-10
2.0981e-08
-7.05492e-11
1.17712e-10
-1.90907e-10
2.0991e-08
1.28282e-10
-1.9801e-10
2.09794e-08
-2.00017e-10
2.09591e-08
8.62197e-11
2.09592e-08
-1.45796e-10
-5.62972e-11
1.10484e-10
2.09952e-08
-1.60005e-10
1.2608e-10
2.09957e-08
-1.69503e-10
2.09794e-08
-1.74108e-10
7.96726e-11
-1.55276e-10
2.09255e-08
-6.69092e-11
8.72106e-11
-1.61147e-10
2.09245e-08
8.87688e-11
-1.63691e-10
2.0913e-08
-1.62809e-10
2.08988e-08
7.4242e-11
-1.44587e-10
2.09428e-08
-5.84789e-11
8.49625e-11
-1.51848e-10
2.09467e-08
8.96974e-11
-1.55786e-10
2.09371e-08
-1.56285e-10
2.09231e-08
6.72779e-11
-1.27209e-10
2.0945e-08
-4.86071e-11
8.11432e-11
-1.35613e-10
2.09609e-08
8.91347e-11
-1.4096e-10
2.09566e-08
-1.43044e-10
2.09441e-08
5.9016e-11
2.09139e-08
-1.02326e-10
-3.86833e-11
7.57044e-11
2.09553e-08
-1.12379e-10
8.69349e-11
2.09627e-08
-1.19257e-10
2.09544e-08
-1.23056e-10
5.59949e-11
-1.12674e-10
2.09128e-08
-4.69824e-11
6.15816e-11
-1.17128e-10
2.09162e-08
6.33097e-11
-1.19326e-10
2.09095e-08
-1.19199e-10
2.08999e-08
5.18418e-11
-1.04189e-10
2.09233e-08
-4.07897e-11
5.95886e-11
-1.09548e-10
2.09314e-08
6.34733e-11
-1.12673e-10
2.09266e-08
-1.13504e-10
2.09174e-08
4.66896e-11
-9.09605e-11
2.09187e-08
-3.36889e-11
5.65406e-11
-9.70569e-11
2.09385e-08
6.26004e-11
-1.01095e-10
2.0939e-08
-1.02996e-10
2.09314e-08
4.07326e-11
2.08815e-08
-7.25793e-11
-2.66676e-11
5.24323e-11
2.09263e-08
-7.97712e-11
6.06239e-11
2.09382e-08
-8.47999e-11
2.09349e-08
-8.7835e-11
3.96563e-11
-8.18922e-11
2.09033e-08
-3.32083e-11
4.3826e-11
-8.52654e-11
2.09096e-08
4.54519e-11
-8.70904e-11
2.09061e-08
-8.73137e-11
2.08996e-08
3.64897e-11
-7.53393e-11
2.09089e-08
-2.86403e-11
4.21442e-11
-7.93113e-11
2.09198e-08
4.5255e-11
-8.1761e-11
2.09182e-08
-8.26554e-11
2.09122e-08
3.26608e-11
-6.54086e-11
2.08996e-08
-2.349e-11
3.97435e-11
-6.98628e-11
2.0922e-08
4.4331e-11
-7.29116e-11
2.09255e-08
-7.45327e-11
2.09213e-08
2.83268e-11
2.08581e-08
-5.19033e-11
-1.84644e-11
3.66405e-11
2.09052e-08
-5.70902e-11
4.26573e-11
2.09201e-08
-6.07859e-11
2.09201e-08
-6.31608e-11
2.82474e-11
-5.95693e-11
2.08962e-08
-2.3596e-11
3.13636e-11
-6.21148e-11
2.09045e-08
3.27722e-11
-6.3587e-11
2.09032e-08
-6.39435e-11
2.08988e-08
2.58446e-11
-5.46017e-11
2.08983e-08
-2.02219e-11
2.9992e-11
-5.75497e-11
2.0911e-08
3.24345e-11
-5.94481e-11
2.09116e-08
-6.02773e-11
2.09078e-08
2.2996e-11
-4.72196e-11
2.08857e-08
-1.64681e-11
2.81248e-11
-5.04865e-11
2.09098e-08
3.15833e-11
-5.2782e-11
2.09154e-08
-5.41085e-11
2.09134e-08
1.98267e-11
2.08413e-08
-3.73336e-11
-1.2843e-11
2.57872e-11
2.08899e-08
-4.10941e-11
3.02194e-11
2.09067e-08
-4.38163e-11
2.0909e-08
-4.56467e-11
2.01934e-11
-4.33137e-11
2.0891e-08
-1.68243e-11
2.25166e-11
-4.52249e-11
2.09006e-08
2.36763e-11
-4.6386e-11
2.09008e-08
-4.67635e-11
2.08979e-08
1.83815e-11
-3.95992e-11
2.08905e-08
-1.43345e-11
2.14264e-11
-4.17844e-11
2.09046e-08
2.33121e-11
-4.32392e-11
2.09065e-08
-4.3951e-11
2.09043e-08
1.62658e-11
-3.41539e-11
2.08756e-08
-1.15936e-11
1.99916e-11
-3.65523e-11
2.09008e-08
2.25839e-11
-3.8273e-11
2.09079e-08
-3.93272e-11
2.09074e-08
1.39441e-11
2.08291e-08
-2.69415e-11
-8.96792e-12
1.82388e-11
2.08787e-08
-2.96749e-11
2.15027e-11
2.08968e-08
-3.16792e-11
2.09006e-08
-3.30723e-11
1.44471e-11
-3.14156e-11
2.08871e-08
-1.20066e-11
1.61693e-11
-3.28406e-11
2.08977e-08
1.70905e-11
-3.3739e-11
2.08989e-08
-3.40842e-11
2.0897e-08
1.30914e-11
-2.86704e-11
2.08848e-08
-1.01761e-11
1.53212e-11
-3.02835e-11
2.08998e-08
1.67545e-11
-3.13854e-11
2.09028e-08
-3.19673e-11
2.09015e-08
1.15272e-11
-2.46839e-11
2.08683e-08
-8.17764e-12
1.42322e-11
-2.64409e-11
2.08943e-08
1.61604e-11
-2.7722e-11
2.09023e-08
-2.85406e-11
2.09028e-08
9.82956e-12
2.08203e-08
-1.9445e-11
-6.27516e-12
1.29269e-11
2.08706e-08
-2.14304e-11
1.53224e-11
2.08896e-08
-2.29015e-11
2.08944e-08
-2.39493e-11
1.02993e-11
-2.26446e-11
2.08843e-08
-8.53999e-12
1.15637e-11
-2.3696e-11
2.08956e-08
1.22745e-11
-2.43778e-11
2.08974e-08
-2.46694e-11
2.08963e-08
9.29629e-12
-2.06411e-11
2.08807e-08
-7.20466e-12
1.09175e-11
-2.18221e-11
2.08963e-08
1.19894e-11
-2.2645e-11
2.09e-08
-2.31035e-11
2.08995e-08
8.14979e-12
-1.77508e-11
2.0863e-08
-5.75622e-12
1.01031e-11
-1.90293e-11
2.08895e-08
1.15219e-11
-1.99735e-11
2.08982e-08
-2.05955e-11
2.08995e-08
6.91648e-12
2.0814e-08
-1.39733e-11
-4.38414e-12
9.14132e-12
2.08647e-08
-1.5408e-11
1.0886e-11
2.08844e-08
-1.64796e-11
2.08899e-08
-1.7257e-11
7.26153e-12
-1.61076e-11
2.08823e-08
-6.00959e-12
8.17446e-12
-1.68699e-11
2.0894e-08
8.70657e-12
-1.73749e-11
2.08964e-08
-1.76069e-11
2.08958e-08
6.53286e-12
-1.46713e-11
2.08778e-08
-5.05004e-12
7.69441e-12
-1.55225e-11
2.08938e-08
8.47907e-12
-1.61247e-11
2.08979e-08
-1.64733e-11
2.08979e-08
5.70588e-12
-1.26083e-11
2.08592e-08
-4.01433e-12
7.09804e-12
-1.35254e-11
2.08862e-08
8.12401e-12
-1.42093e-11
2.08952e-08
-1.46701e-11
2.0897e-08
4.82252e-12
2.08095e-08
-9.92208e-12
-3.03712e-12
6.40164e-12
2.08606e-08
-1.09456e-11
7.65364e-12
2.08806e-08
-1.17149e-11
2.08866e-08
-1.22805e-11
4.99481e-12
-1.11513e-11
2.08809e-08
-4.12761e-12
5.63417e-12
-1.16869e-11
2.08929e-08
6.01652e-12
-1.20473e-11
2.08956e-08
-1.22211e-11
2.08954e-08
4.48203e-12
-1.01523e-11
2.08758e-08
-3.45787e-12
5.29085e-12
-1.0748e-11
2.0892e-08
5.84584e-12
-1.11741e-11
2.08965e-08
-1.14275e-11
2.08969e-08
3.9031e-12
-8.72167e-12
2.08566e-08
-2.73752e-12
4.86865e-12
-9.3611e-12
2.08838e-08
5.58801e-12
-9.84145e-12
2.08932e-08
-1.01703e-11
2.08953e-08
3.28811e-12
2.08064e-08
-6.86325e-12
-2.06014e-12
4.37986e-12
2.08577e-08
-7.57383e-12
5.2527e-12
2.0878e-08
-8.11055e-12
2.08843e-08
-8.50901e-12
3.27534e-12
-7.30796e-12
2.088e-08
-2.7046e-12
3.69943e-12
-7.66315e-12
2.08922e-08
3.95716e-12
-7.90483e-12
2.08951e-08
-8.02536e-12
2.08951e-08
2.93491e-12
-6.65088e-12
2.08745e-08
-2.26278e-12
3.46875e-12
-7.04493e-12
2.08909e-08
3.83865e-12
-7.32932e-12
2.08956e-08
-7.50179e-12
2.08961e-08
2.55185e-12
-5.7121e-12
2.08549e-08
-1.78862e-12
3.18691e-12
-6.13413e-12
2.08823e-08
3.66333e-12
-6.45305e-12
2.08918e-08
-6.67415e-12
2.08942e-08
2.14646e-12
2.08044e-08
-4.49462e-12
-1.3435e-12
2.86259e-12
2.08558e-08
-4.9624e-12
3.43815e-12
2.08763e-08
-5.31704e-12
2.08828e-08
-5.58242e-12
2.01475e-12
-4.33734e-12
2.08795e-08
-1.66532e-12
2.27505e-12
-4.55127e-12
2.08918e-08
2.43392e-12
-4.69877e-12
2.08948e-08
-4.77505e-12
2.08949e-08
1.80958e-12
-3.94349e-12
2.08737e-08
-1.40123e-12
2.134e-12
-4.18023e-12
2.08902e-08
2.35877e-12
-4.35343e-12
2.0895e-08
-4.46123e-12
2.08957e-08
1.57928e-12
-3.38424e-12
2.08539e-08
-1.11938e-12
1.96224e-12
-3.63672e-12
2.08813e-08
2.24923e-12
-3.83017e-12
2.0891e-08
-3.96704e-12
2.08935e-08
1.33687e-12
2.08032e-08
-2.66263e-12
-8.55995e-13
1.7657e-12
2.08547e-08
-2.94041e-12
2.1099e-12
2.08753e-08
-3.15377e-12
2.08819e-08
-3.31675e-12
1.30468e-12
-2.44795e-12
-1.08638e-12
1.46678e-12
-2.57841e-12
1.56415e-12
-2.67056e-12
-2.72211e-12
1.17978e-12
-2.20606e-12
-9.27341e-13
1.37841e-12
-2.35426e-12
1.51317e-12
-2.46437e-12
-2.53644e-12
1.03592e-12
-1.87008e-12
-7.5109e-13
1.26896e-12
-2.03296e-12
1.43974e-12
-2.15879e-12
-2.25018e-12
8.78457e-13
-1.44582e-12
-5.78094e-13
1.14052e-12
-1.62742e-12
1.34611e-12
-1.77042e-12
-1.87973e-12
-9.87176e-10
1.11846e-08
1.01865e-08
-3.8784e-09
-3.46145e-09
3.48501e-10
1.45463e-08
-2.88633e-08
4.32704e-08
1.54868e-08
2.56838e-08
2.94883e-08
-4.51867e-09
5.67323e-09
2.29329e-08
3.10487e-09
-3.734e-09
1.5501e-09
1.86511e-08
-4.23141e-08
9.38831e-08
-3.42421e-10
2.49419e-08
3.34115e-08
-1.78387e-08
-7.67819e-10
3.33532e-08
9.66748e-09
-4.17827e-08
1.05413e-08
3.87549e-08
-3.58522e-08
5.3157e-08
6.24345e-08
2.54802e-08
3.25355e-08
-2.32981e-08
3.47703e-08
9.2535e-09
-4.0479e-08
7.18917e-09
-2.15048e-08
6.46099e-08
4.96814e-08
-3.53224e-09
-1.19844e-08
1.64043e-08
2.31655e-09
-8.2495e-09
-4.48822e-09
1.99534e-08
-1.86819e-08
4.72249e-09
2.13111e-08
3.5035e-09
2.0514e-08
-2.81612e-09
-1.16358e-08
2.15451e-08
3.85529e-09
-8.77971e-09
-6.61363e-09
2.67401e-08
-2.32308e-08
-9.47568e-09
2.83068e-08
8.41842e-09
2.53769e-08
-4.69754e-09
-5.20099e-09
2.69047e-08
4.71118e-09
-1.65168e-08
9.69874e-09
3.42617e-08
-1.38151e-08
3.95875e-09
4.62985e-08
4.4651e-09
3.53217e-08
-6.1326e-09
3.15999e-08
4.10203e-09
-2.11773e-08
3.19326e-08
-9.50435e-09
5.68957e-08
4.68449e-08
-1.10058e-09
-7.15579e-09
1.52833e-08
2.78044e-09
-7.11459e-10
-6.06757e-09
2.05088e-08
-5.85431e-10
-5.46867e-09
2.25775e-08
-4.50646e-09
2.08594e-08
-1.48802e-09
-6.61891e-09
1.92971e-08
3.19922e-09
-1.60123e-09
-5.29517e-09
2.60809e-08
-8.80019e-10
-7.36715e-09
2.94841e-08
-4.81418e-09
2.5943e-08
-2.07361e-09
-4.25209e-09
2.32151e-08
3.3964e-09
-3.23261e-09
-1.06911e-09
3.11947e-08
5.51759e-10
-4.80645e-09
3.99534e-08
-4.02063e-09
3.42257e-08
-2.30813e-09
2.64534e-08
3.20256e-09
-4.20878e-09
3.27642e-08
1.47216e-09
4.64083e-08
4.11534e-08
-7.15373e-10
-4.42009e-09
1.45363e-08
1.6992e-09
8.73288e-10
-4.93166e-09
1.96929e-08
2.68672e-09
-5.56346e-09
2.23577e-08
-4.88843e-09
2.2011e-08
-1.16094e-09
-3.7284e-09
1.78424e-08
1.92392e-09
2.37364e-10
-4.15804e-09
2.3909e-08
2.7548e-09
-6.18426e-09
2.75874e-08
-5.39058e-09
2.64584e-08
-1.46426e-09
-2.0888e-09
2.10236e-08
2.01616e-09
-6.8277e-10
-1.5961e-09
2.78513e-08
3.00916e-09
-3.7354e-09
3.38126e-08
-3.49164e-09
3.20525e-08
-1.60042e-09
2.4014e-08
1.95099e-09
-1.15695e-09
3.07246e-08
2.93048e-09
3.85855e-08
3.68723e-08
-2.68746e-10
-2.71922e-09
1.38607e-08
9.4556e-10
9.07525e-10
-3.22099e-09
1.88623e-08
2.21264e-09
-3.72852e-09
2.18495e-08
-3.39333e-09
2.2484e-08
-5.38402e-10
-2.24161e-09
1.68484e-08
1.05481e-09
5.40877e-10
-2.75958e-09
2.23683e-08
2.24311e-09
-3.79581e-09
2.59525e-08
-3.47914e-09
2.63389e-08
-7.23523e-10
-1.32212e-09
1.97314e-08
1.09623e-09
9.48159e-11
-1.43216e-09
2.57055e-08
2.23952e-09
-2.36847e-09
3.02406e-08
-2.22669e-09
3.04662e-08
-8.2444e-10
2.24455e-08
1.07077e-09
-1.26762e-10
2.85948e-08
2.11988e-09
3.39704e-08
3.41391e-08
-1.05898e-10
-1.65881e-09
1.33959e-08
5.29094e-10
6.21559e-10
-1.97854e-09
1.8268e-08
1.403e-09
-2.25959e-09
2.13935e-08
-2.1226e-09
2.25397e-08
-2.44659e-10
-1.34971e-09
1.6208e-08
5.75942e-10
4.36523e-10
-1.69294e-09
2.14015e-08
1.3996e-09
-2.15544e-09
2.48853e-08
-2.02622e-09
2.5994e-08
-3.42253e-10
-7.84402e-10
1.892e-08
5.88301e-10
2.36766e-10
-9.59354e-10
2.43929e-08
1.36213e-09
-1.37031e-09
2.83301e-08
-1.28465e-09
2.94234e-08
-3.9259e-10
2.14843e-08
5.69419e-10
1.35084e-10
2.71077e-08
1.30094e-09
3.14342e-08
3.25029e-08
-4.20739e-11
-1.04075e-09
1.30907e-08
3.08191e-10
3.94313e-10
-1.22547e-09
1.78768e-08
8.52331e-10
-1.36852e-09
2.10587e-08
-1.31476e-09
2.24529e-08
-1.08677e-10
-8.41717e-10
1.57924e-08
3.25225e-10
3.05999e-10
-1.03854e-09
2.07999e-08
8.41099e-10
-1.2442e-09
2.42258e-08
-1.18829e-09
2.56598e-08
-1.54248e-10
-4.88053e-10
1.83965e-08
3.24151e-10
2.17257e-10
-6.0546e-10
2.35883e-08
8.13012e-10
-7.82862e-10
2.7273e-08
-7.38445e-10
2.87451e-08
-1.73139e-10
2.08612e-08
3.08199e-10
1.73293e-10
2.61559e-08
7.8288e-10
3.00418e-08
3.15233e-08
-1.66504e-11
-6.66866e-10
1.28889e-08
1.87347e-10
2.49315e-10
-7.73456e-10
1.76196e-08
5.23781e-10
-8.47702e-10
2.08246e-08
-8.27186e-10
2.23386e-08
-4.8309e-11
-5.36866e-10
1.5519e-08
1.91734e-10
2.06745e-10
-6.47655e-10
2.04191e-08
5.13359e-10
-7.42749e-10
2.38143e-08
-7.17793e-10
2.53967e-08
-6.8766e-11
-3.10142e-10
1.80522e-08
1.86309e-10
1.66172e-10
-3.80207e-10
2.30859e-08
4.94939e-10
-4.58213e-10
2.66597e-08
-4.36435e-10
2.83018e-08
-7.41646e-11
2.04515e-08
1.73685e-10
1.47364e-10
2.55541e-08
4.78768e-10
2.92521e-08
3.09232e-08
-6.99253e-12
-4.35856e-10
1.27533e-08
1.18673e-10
1.59633e-10
-4.98769e-10
1.74479e-08
3.30004e-10
-5.39506e-10
2.06617e-08
-5.3244e-10
2.22351e-08
-2.21453e-11
-3.49405e-10
1.53365e-08
1.18214e-10
1.38312e-10
-4.12563e-10
2.01724e-08
3.21742e-10
-4.59227e-10
2.35506e-08
-4.47996e-10
2.52034e-08
-3.11222e-11
-2.01309e-10
1.78229e-08
1.12309e-10
1.18804e-10
-2.41954e-10
2.27654e-08
3.09524e-10
-2.77848e-10
2.62876e-08
-2.67253e-10
2.8009e-08
-3.15809e-11
2.01789e-08
1.02947e-10
1.10412e-10
2.51702e-08
2.99894e-10
2.87848e-08
3.05453e-08
-3.85088e-12
-2.90242e-10
1.26609e-08
7.8053e-11
1.03448e-10
-3.28634e-10
1.73311e-08
2.13055e-10
-3.52567e-10
2.05475e-08
-3.51e-10
2.21515e-08
-1.12152e-11
-2.31662e-10
1.5213e-08
7.60556e-11
9.21532e-11
-2.68689e-10
2.00091e-08
2.06718e-10
-2.93352e-10
2.33768e-08
-2.8845e-10
2.50645e-08
-1.50599e-11
-1.33094e-10
1.76684e-08
7.09837e-11
8.21425e-11
-1.56843e-10
2.25563e-08
1.9837e-10
-1.74487e-10
2.60525e-08
-1.69347e-10
2.78128e-08
-1.40839e-11
1.99955e-08
6.43301e-11
7.80863e-11
2.49212e-08
1.92147e-10
2.84963e-08
3.03006e-08
-3.06658e-12
-1.96681e-10
1.25972e-08
5.30263e-11
6.77276e-11
-2.20952e-10
1.72504e-08
1.40443e-10
-2.35966e-10
2.04666e-08
-2.36599e-10
2.2087e-08
-6.7141e-12
-1.56298e-10
1.51286e-08
5.08098e-11
6.13469e-11
-1.78768e-10
1.98988e-08
1.35609e-10
-1.92877e-10
2.32594e-08
-1.90966e-10
2.49653e-08
-8.29545e-12
-8.95539e-11
1.75631e-08
4.68347e-11
5.58342e-11
-1.03756e-10
2.24172e-08
1.2977e-10
-1.13132e-10
2.58988e-08
-1.10673e-10
2.7679e-08
-7.15273e-12
1.98709e-08
4.22234e-11
5.3664e-11
2.47566e-08
1.25551e-10
2.83112e-08
3.0138e-08
-2.94884e-12
-1.35386e-10
1.25528e-08
3.69795e-11
4.47367e-11
-1.51254e-10
1.7194e-08
9.41896e-11
-1.61201e-10
2.04089e-08
-1.62618e-10
2.20382e-08
-4.79674e-12
-1.07133e-10
1.50701e-08
3.50133e-11
4.08941e-11
-1.21276e-10
1.98232e-08
9.05004e-11
-1.29967e-10
2.31786e-08
-1.29476e-10
2.48942e-08
-5.39735e-12
-6.12253e-11
1.74906e-08
3.20296e-11
3.7646e-11
-6.99921e-11
2.23229e-08
8.63505e-11
-7.54017e-11
2.57955e-08
-7.42796e-11
2.75864e-08
-4.46351e-12
1.97853e-08
2.8876e-11
3.63549e-11
2.46458e-08
8.34197e-11
2.81888e-08
3.00275e-08
-2.88678e-12
-9.4464e-11
1.25215e-08
2.6307e-11
2.97897e-11
-1.05149e-10
1.71541e-08
6.40783e-11
-1.12013e-10
2.03673e-08
-1.13595e-10
2.20017e-08
-3.84848e-12
-7.44553e-11
1.50292e-08
2.4711e-11
2.73407e-11
-8.36732e-11
1.97705e-08
6.12645e-11
-8.93653e-11
2.3122e-08
-8.95236e-11
2.4843e-08
-4.03648e-12
-4.24492e-11
1.74401e-08
2.25199e-11
2.53115e-11
-4.80481e-11
2.22579e-08
5.8284e-11
-5.14144e-11
2.57246e-08
-5.09644e-11
2.75213e-08
-3.36424e-12
1.97258e-08
2.03753e-11
2.44718e-11
2.45699e-08
5.62218e-11
2.81056e-08
2.99508e-08
-2.71776e-12
-6.66559e-11
1.24993e-08
1.89827e-11
1.99877e-11
-7.40265e-11
1.71256e-08
4.41123e-11
-7.88973e-11
2.03373e-08
-8.03784e-11
2.19746e-08
-3.23439e-12
-5.23502e-11
1.50004e-08
1.77432e-11
1.83542e-11
-5.85431e-11
1.97334e-08
4.19713e-11
-6.24453e-11
2.3082e-08
-6.28687e-11
2.4806e-08
-3.25856e-12
-2.97827e-11
1.74047e-08
1.61519e-11
1.70261e-11
-3.34749e-11
2.22125e-08
3.98159e-11
-3.57016e-11
2.56751e-08
-3.5585e-11
2.7475e-08
-2.80393e-12
1.96841e-08
1.46946e-11
1.6445e-11
2.45172e-08
3.83545e-11
2.8048e-08
2.98969e-08
-2.44324e-12
-4.74534e-11
1.24835e-08
1.38275e-11
1.35076e-11
-5.26327e-11
1.71052e-08
3.06637e-11
-5.61514e-11
2.03155e-08
-5.7431e-11
2.19545e-08
-2.73099e-12
-3.71525e-11
1.49799e-08
1.28883e-11
1.23808e-11
-4.14167e-11
1.97071e-08
2.90409e-11
-4.41763e-11
2.30533e-08
-4.46727e-11
2.47791e-08
-2.69796e-12
-2.1097e-11
1.73796e-08
1.17389e-11
1.1481e-11
-2.35997e-11
2.21806e-08
2.74755e-11
-2.51388e-11
2.564e-08
-2.51795e-11
2.74418e-08
-2.40134e-12
1.96547e-08
1.07465e-11
1.10637e-11
2.44801e-08
2.64354e-11
2.80075e-08
2.98585e-08
-2.10883e-12
-3.40024e-11
1.24721e-08
1.01277e-11
9.18874e-12
-3.76904e-11
1.70905e-08
2.14793e-11
-4.02587e-11
2.02997e-08
-4.13141e-11
2.19397e-08
-2.27547e-12
-2.65499e-11
1.49653e-08
9.42645e-12
8.39355e-12
-2.95409e-11
1.96883e-08
2.02555e-11
-3.15307e-11
2.30327e-08
-3.2008e-11
2.47595e-08
-2.22899e-12
-1.50522e-11
1.73617e-08
8.59863e-12
7.76904e-12
-1.67858e-11
2.21578e-08
1.9116e-11
-1.78806e-11
2.5615e-08
-1.79864e-11
2.74179e-08
-2.03974e-12
1.96337e-08
7.92027e-12
7.46371e-12
2.44538e-08
1.83739e-11
2.79787e-08
2.98308e-08
-1.75906e-12
-2.44588e-11
1.2464e-08
7.43262e-12
6.2856e-12
-2.71071e-11
1.70799e-08
1.51279e-11
-2.89905e-11
2.02881e-08
-2.98342e-11
2.19288e-08
-1.85937e-12
-1.90547e-11
1.49549e-08
6.91435e-12
5.71669e-12
-2.11794e-11
1.96748e-08
1.42105e-11
-2.26293e-11
2.30179e-08
-2.30478e-11
2.47453e-08
-1.81582e-12
-1.07883e-11
1.73489e-08
6.31922e-12
5.27651e-12
-1.2008e-11
2.21415e-08
1.3381e-11
-1.27998e-11
2.55971e-08
-1.29233e-11
2.74005e-08
-1.69682e-12
1.96188e-08
5.85362e-12
5.05158e-12
2.44351e-08
1.2851e-11
2.79581e-08
2.98109e-08
-1.42451e-12
-1.76061e-11
1.24581e-08
5.44591e-12
4.31539e-12
-1.95145e-11
1.70722e-08
1.06817e-11
-2.08955e-11
2.02798e-08
-2.15536e-11
2.19208e-08
-1.487e-12
-1.36902e-11
1.49474e-08
5.06618e-12
3.90596e-12
-1.52098e-11
1.96651e-08
9.9995e-12
-1.62698e-11
2.30072e-08
-1.6617e-11
2.47349e-08
-1.45128e-12
-7.74248e-12
1.73398e-08
4.63943e-12
3.59327e-12
-8.60844e-12
2.21299e-08
9.39731e-12
-9.18536e-12
2.55842e-08
-9.30325e-12
2.7388e-08
-1.37718e-12
1.96081e-08
4.31891e-12
3.42777e-12
2.44216e-08
9.01926e-12
2.79433e-08
2.97965e-08
-1.12159e-12
-1.26243e-11
1.24539e-08
3.96504e-12
2.96295e-12
-1.39965e-11
1.70667e-08
7.52862e-12
-1.50032e-11
2.02737e-08
-1.55053e-11
2.19149e-08
-1.1615e-12
-9.80134e-12
1.4942e-08
3.68964e-12
2.66881e-12
-1.08883e-11
1.96581e-08
7.02699e-12
-1.16605e-11
2.29995e-08
-1.1937e-11
2.47274e-08
-1.13404e-12
-5.53814e-12
1.73333e-08
3.38529e-12
2.44663e-12
-6.1543e-12
2.21216e-08
6.5927e-12
-6.57407e-12
2.5575e-08
-6.67604e-12
2.73789e-08
-1.08825e-12
1.96005e-08
3.16465e-12
2.32579e-12
2.44121e-08
6.32442e-12
2.79327e-08
2.97861e-08
-8.55727e-13
-8.94856e-12
1.24509e-08
2.84672e-12
2.02082e-12
-9.92467e-12
1.70628e-08
5.25725e-12
-1.06485e-11
2.02694e-08
-1.10216e-11
2.19108e-08
-8.81508e-13
-6.93913e-12
1.49383e-08
2.65009e-12
1.81188e-12
-7.70963e-12
1.96532e-08
4.8949e-12
-8.26518e-12
2.2994e-08
-8.47718e-12
2.4722e-08
-8.61294e-13
-3.91817e-12
1.73287e-08
2.43559e-12
1.65544e-12
-4.35341e-12
2.21157e-08
4.586e-12
-4.65545e-12
2.55684e-08
-4.73792e-12
2.73725e-08
-8.33284e-13
1.95951e-08
2.28472e-12
1.56855e-12
2.44053e-08
4.39783e-12
2.79253e-08
2.97788e-08
-6.23922e-13
-6.18208e-12
1.24489e-08
1.98581e-12
1.35293e-12
-6.85875e-12
1.70601e-08
3.58859e-12
-7.36463e-12
2.02664e-08
-7.63169e-12
2.19079e-08
-6.40491e-13
-4.79005e-12
1.49357e-08
1.84944e-12
1.20826e-12
-5.32309e-12
1.96499e-08
3.33471e-12
-5.71185e-12
2.29902e-08
-5.86703e-12
2.47183e-08
-6.26368e-13
-2.70389e-12
1.73255e-08
1.70209e-12
1.10058e-12
-3.00434e-12
2.21117e-08
3.12079e-12
-3.21595e-12
2.55639e-08
-3.27853e-12
2.7368e-08
-6.0971e-13
1.95914e-08
1.60102e-12
1.03963e-12
2.44007e-08
2.99182e-12
2.79201e-08
2.97737e-08
-4.14323e-13
-4.04715e-12
1.24476e-08
1.30268e-12
8.78059e-13
-4.49194e-12
1.70584e-08
2.34331e-12
-4.82635e-12
2.02645e-08
-5.00597e-12
2.1906e-08
-4.25252e-13
-3.13592e-12
1.4934e-08
1.21352e-12
7.82241e-13
-3.48628e-12
1.96476e-08
2.1743e-12
-3.74373e-12
2.29877e-08
-3.84958e-12
2.47158e-08
-4.17016e-13
-1.77029e-12
1.73234e-08
1.11778e-12
7.10546e-13
-1.969e-12
2.2109e-08
2.0326e-12
-2.11023e-12
2.5561e-08
-2.15413e-12
2.73651e-08
-4.08542e-13
1.9589e-08
1.05326e-12
6.68557e-13
2.43976e-08
1.94705e-12
2.79167e-08
2.97703e-08
-2.01369e-13
-2.40229e-12
1.24468e-08
7.46643e-13
5.76293e-13
-2.66537e-12
1.70573e-08
1.45216e-12
-2.86593e-12
2.02633e-08
-2.97599e-12
2.19048e-08
-2.09508e-13
-1.86917e-12
1.49329e-08
6.94813e-13
5.15816e-13
-2.07597e-12
1.96463e-08
1.34618e-12
-2.22927e-12
2.29863e-08
-2.29341e-12
2.47144e-08
-2.07823e-13
-1.06957e-12
1.73222e-08
6.39001e-13
4.68467e-13
-1.18723e-12
2.21074e-08
1.25605e-12
-1.26982e-12
2.55592e-08
-1.29463e-12
2.73634e-08
-2.05437e-13
1.95876e-08
6.00773e-13
4.39658e-13
2.43958e-08
1.20034e-12
2.79147e-08
2.97683e-08
-3.65372e-14
-1.33068e-12
3.58158e-13
4.31483e-13
-1.49903e-12
9.51651e-13
-1.62323e-12
-1.6928e-12
-4.95569e-14
-1.03947e-12
3.30672e-13
3.85539e-13
-1.1689e-12
8.79411e-13
-1.26176e-12
-1.30173e-12
-5.37411e-14
-5.66194e-13
2.99694e-13
3.49451e-13
-6.35441e-13
8.15536e-13
-6.8641e-13
-7.06198e-13
-5.03015e-14
2.74254e-13
3.27716e-13
7.72816e-13
-1.74248e-08
1.6121e-08
5.08451e-08
-4.46637e-09
-1.63675e-08
3.76504e-08
-3.05366e-10
2.0263e-09
3.61818e-08
1.21241e-08
8.77461e-09
-1.17427e-08
3.75435e-09
2.35189e-08
-8.01268e-09
-8.04512e-09
1.50279e-08
1.61378e-09
-7.76963e-09
2.48765e-08
1.23258e-08
1.41216e-08
6.10182e-09
-3.79033e-09
2.14137e-08
8.06166e-09
-4.64336e-09
1.69239e-08
6.93979e-09
-2.13375e-09
1.60161e-08
1.35043e-08
1.69258e-08
-2.97896e-09
2.99357e-08
-6.16965e-09
2.69557e-08
-8.15771e-09
1.89069e-08
1.11392e-08
-7.6664e-11
-8.08298e-10
4.06854e-08
-1.41913e-09
-1.4878e-09
3.4521e-08
3.54239e-09
-8.18506e-10
2.78964e-08
-2.89963e-09
1.98222e-08
-3.03501e-10
-2.38215e-09
2.53963e-08
-4.38313e-09
-4.83195e-09
2.24516e-08
3.08699e-10
-2.73973e-09
2.21059e-08
-2.47717e-09
1.9973e-08
1.40532e-09
-6.23678e-09
2.3863e-08
8.26103e-10
-7.20451e-09
1.98757e-08
-9.25087e-10
-5.22493e-09
2.02525e-08
-2.06758e-09
1.97855e-08
2.79266e-09
2.50082e-08
5.5754e-09
2.16796e-08
4.76218e-09
1.83505e-08
1.48055e-08
1.51536e-09
-9.24143e-10
3.54793e-08
1.40108e-09
-9.74907e-10
3.24319e-08
8.15662e-10
-1.58303e-09
2.81836e-08
-3.42615e-09
2.25191e-08
-3.67059e-10
-2.85783e-09
2.7697e-08
-1.56191e-09
-3.49648e-09
2.61681e-08
-1.43626e-09
-3.94231e-09
2.43395e-08
-4.56869e-09
2.17074e-08
6.33619e-10
-4.2088e-09
2.45803e-08
-1.16789e-09
-4.79548e-09
2.29762e-08
-1.43154e-09
-4.609e-09
2.11828e-08
-4.12388e-09
1.9332e-08
1.29214e-09
2.27099e-08
1.31372e-09
2.0259e-08
8.84787e-10
1.73696e-08
1.43865e-08
4.52245e-10
-7.55745e-10
3.29026e-08
1.08195e-09
-9.51044e-10
3.02435e-08
1.55514e-09
-1.4995e-09
2.70419e-08
-2.49554e-09
2.30398e-08
-4.2849e-10
-1.59882e-09
2.89686e-08
-2.10388e-10
-1.94725e-09
2.69462e-08
2.56459e-10
-2.26771e-09
2.46409e-08
-2.71905e-09
2.17653e-08
-2.91429e-10
-2.31112e-09
2.55841e-08
-3.05568e-10
-2.50476e-09
2.35478e-08
-1.58242e-10
-2.52005e-09
2.12879e-08
-2.41229e-09
1.87879e-08
2.80622e-10
2.20691e-08
5.22881e-10
1.95281e-08
4.44294e-10
1.68521e-08
1.4032e-08
3.13319e-10
-9.20082e-10
3.16375e-08
7.42509e-10
-1.09673e-09
2.90651e-08
1.21399e-09
-1.40181e-09
2.61508e-08
-1.81151e-09
2.28219e-08
-1.60785e-11
-1.14418e-09
2.92088e-08
2.57732e-10
-1.33633e-09
2.69119e-08
6.78627e-10
-1.5226e-09
2.43408e-08
-1.73149e-09
2.14065e-08
7.14185e-12
-1.36186e-09
2.57946e-08
1.64609e-10
-1.46578e-09
2.35198e-08
4.0357e-10
-1.50469e-09
2.1031e-08
-1.48202e-09
1.8302e-08
3.07655e-10
2.14704e-08
4.75178e-10
1.89911e-08
5.22264e-10
1.63551e-08
1.35914e-08
2.39871e-10
-8.47568e-10
3.09879e-08
5.20126e-10
-9.70654e-10
2.84564e-08
8.1993e-10
-1.1333e-09
2.56339e-08
-1.30217e-09
2.25451e-08
1.2037e-10
-8.27437e-10
2.90683e-08
3.47195e-10
-9.45246e-10
2.66597e-08
6.20104e-10
-1.05716e-09
2.39917e-08
-1.15444e-09
2.10732e-08
1.2382e-10
-7.99052e-10
2.56424e-08
2.94872e-10
-8.70547e-10
2.32741e-08
4.77462e-10
-9.10541e-10
2.07018e-08
-9.1834e-10
1.79385e-08
2.45975e-10
2.09948e-08
4.05866e-10
1.85489e-08
4.67969e-10
1.59584e-08
1.32543e-08
1.82614e-10
-6.84311e-10
3.06135e-08
3.74806e-10
-7.62358e-10
2.81069e-08
5.57072e-10
-8.54883e-10
2.53317e-08
-9.37182e-10
2.23482e-08
1.44987e-10
-5.97069e-10
2.8836e-08
3.15551e-10
-6.70752e-10
2.63975e-08
4.77776e-10
-7.4103e-10
2.37156e-08
-7.9492e-10
2.08358e-08
1.4873e-10
-4.91027e-10
2.53876e-08
2.90028e-10
-5.40071e-10
2.30021e-08
4.03105e-10
-5.74487e-10
2.04221e-08
-5.90626e-10
1.76828e-08
2.00877e-10
2.06111e-08
3.27824e-10
1.82061e-08
3.74172e-10
1.56628e-08
1.3015e-08
1.38634e-10
-5.19405e-10
3.03694e-08
2.70913e-10
-5.69894e-10
2.78847e-08
3.82609e-10
-6.27302e-10
2.51425e-08
-6.75177e-10
2.22166e-08
1.2902e-10
-4.25442e-10
2.86131e-08
2.50902e-10
-4.73543e-10
2.61793e-08
3.47154e-10
-5.20119e-10
2.35122e-08
-5.54805e-10
2.06712e-08
1.31201e-10
-3.12255e-10
2.51432e-08
2.37052e-10
-3.46194e-10
2.27689e-08
3.0481e-10
-3.73569e-10
2.02078e-08
-3.90177e-10
1.7503e-08
1.51998e-10
2.03205e-08
2.46542e-10
1.79516e-08
2.78024e-10
1.54495e-08
1.2847e-08
1.03287e-10
-3.83471e-10
3.01986e-08
1.94315e-10
-4.17244e-10
2.77336e-08
2.64142e-10
-4.5541e-10
2.50165e-08
-4.86772e-10
2.21269e-08
1.02121e-10
-3.01959e-10
2.84294e-08
1.87526e-10
-3.34056e-10
2.60107e-08
2.45966e-10
-3.66111e-10
2.33645e-08
-3.90343e-10
2.05556e-08
1.02907e-10
-2.04991e-10
2.49434e-08
1.78708e-10
-2.28349e-10
2.25874e-08
2.19902e-10
-2.4906e-10
2.00496e-08
-2.63368e-10
1.73755e-08
1.10429e-10
2.0108e-08
1.78047e-10
1.7768e-08
1.98862e-10
1.52978e-08
1.27293e-08
7.53564e-11
-2.79707e-10
3.0076e-08
1.38241e-10
-3.02828e-10
2.76271e-08
1.83025e-10
-3.29292e-10
2.49291e-08
-3.51235e-10
2.2064e-08
7.6375e-11
-2.14546e-10
2.82879e-08
1.35843e-10
-2.36291e-10
2.58847e-08
1.72376e-10
-2.58844e-10
2.32575e-08
-2.7642e-10
2.04732e-08
7.62899e-11
-1.38266e-10
2.47908e-08
1.29589e-10
-1.54282e-10
2.24521e-08
1.55237e-10
-1.69548e-10
1.99346e-08
-1.80977e-10
1.72846e-08
7.83578e-11
1.99557e-08
1.25822e-10
1.76372e-08
1.39479e-10
1.51907e-08
1.26466e-08
5.42128e-11
-2.03093e-10
2.99872e-08
9.78397e-11
-2.19155e-10
2.75508e-08
1.27273e-10
-2.37934e-10
2.4867e-08
-2.53783e-10
2.20189e-08
5.55125e-11
-1.53066e-10
2.81824e-08
9.68755e-11
-1.67957e-10
2.57922e-08
1.20349e-10
-1.84021e-10
2.31801e-08
-1.96951e-10
2.04139e-08
5.50272e-11
-9.54208e-11
2.46781e-08
9.22305e-11
-1.06396e-10
2.23533e-08
1.08573e-10
-1.17504e-10
1.98518e-08
-1.26282e-10
1.72196e-08
5.5002e-11
1.98475e-08
8.80369e-11
1.75446e-08
9.69791e-11
1.5115e-08
1.25883e-08
3.87028e-11
-1.47317e-10
2.9923e-08
6.9109e-11
-1.58581e-10
2.74959e-08
8.88665e-11
-1.72073e-10
2.48225e-08
-1.83683e-10
2.19863e-08
3.97821e-11
-1.0976e-10
2.8105e-08
6.86044e-11
-1.20043e-10
2.57248e-08
8.40517e-11
-1.31568e-10
2.31241e-08
-1.41119e-10
2.03709e-08
3.91771e-11
-6.70754e-11
2.45963e-08
6.51078e-11
-7.46127e-11
2.2282e-08
7.57404e-11
-8.26467e-11
1.97922e-08
-8.92437e-11
1.71729e-08
3.84613e-11
1.97709e-08
6.14018e-11
1.74791e-08
6.72617e-11
1.50616e-08
1.2547e-08
2.75395e-11
-1.0692e-10
2.98766e-08
4.88394e-11
-1.14873e-10
2.74562e-08
6.23393e-11
-1.24632e-10
2.47903e-08
-1.33185e-10
2.19625e-08
2.83321e-11
-7.90955e-11
2.80489e-08
4.84877e-11
-8.62466e-11
2.5676e-08
5.88607e-11
-9.45546e-11
2.30837e-08
-1.0161e-10
2.03397e-08
2.77479e-11
-4.78227e-11
2.45372e-08
4.58546e-11
-5.30189e-11
2.22306e-08
5.28976e-11
-5.88178e-11
1.97495e-08
-6.37139e-11
1.71393e-08
2.69055e-11
1.97165e-08
4.28575e-11
1.74326e-08
4.67053e-11
1.50236e-08
1.25176e-08
1.9588e-11
-7.76878e-11
2.98431e-08
3.45872e-11
-8.33313e-11
2.74276e-08
4.3946e-11
-9.04179e-11
2.4767e-08
-9.67305e-11
2.1945e-08
2.01412e-11
-5.724e-11
2.80083e-08
3.42991e-11
-6.22441e-11
2.56408e-08
4.13816e-11
-6.82515e-11
2.30544e-08
-7.34577e-11
2.0317e-08
1.96355e-11
-3.44528e-11
2.44948e-08
3.23236e-11
-3.80524e-11
2.21937e-08
3.70606e-11
-4.22379e-11
1.97187e-08
-4.58451e-11
1.71151e-08
1.88726e-11
1.96779e-08
3.00019e-11
1.73996e-08
3.25362e-11
1.49966e-08
1.24966e-08
1.39487e-11
-5.65072e-11
2.98189e-08
2.45636e-11
-6.05278e-11
2.74069e-08
3.11266e-11
-6.56851e-11
2.47502e-08
-7.0345e-11
2.19323e-08
1.43259e-11
-4.15579e-11
2.7979e-08
2.43168e-11
-4.50785e-11
2.56153e-08
2.92179e-11
-4.94318e-11
2.30333e-08
-5.3268e-11
2.03005e-08
1.39131e-11
-2.49998e-11
2.44643e-08
2.28414e-11
-2.75064e-11
2.21672e-08
2.60685e-11
-3.05296e-11
1.96966e-08
-3.31756e-11
1.70975e-08
1.32875e-11
1.96503e-08
2.10848e-11
1.7376e-08
2.27604e-11
1.49773e-08
1.24816e-08
9.94998e-12
-4.11222e-11
2.98015e-08
1.7494e-11
-4.39951e-11
2.7392e-08
2.2136e-11
-4.77518e-11
2.47379e-08
-5.1188e-11
2.1923e-08
1.02043e-11
-3.02322e-11
2.79579e-08
1.72839e-11
-3.27201e-11
2.5597e-08
2.07107e-11
-3.58785e-11
2.3018e-08
-3.87001e-11
2.02885e-08
9.87904e-12
-1.82197e-11
2.44424e-08
1.6187e-11
-1.99737e-11
2.21482e-08
1.84085e-11
-2.21591e-11
1.96806e-08
-2.40943e-11
1.70849e-08
9.3907e-12
1.96306e-08
1.48765e-11
1.73592e-08
1.5989e-11
1.49634e-08
1.24707e-08
7.10636e-12
-2.99083e-11
2.9789e-08
1.24833e-11
-3.19644e-11
2.73812e-08
1.57853e-11
-3.46993e-11
2.47291e-08
-3.72272e-11
2.19162e-08
7.27693e-12
-2.20007e-11
2.79427e-08
1.23083e-11
-2.37642e-11
2.55837e-08
1.47219e-11
-2.60554e-11
2.30069e-08
-2.81253e-11
2.02798e-08
7.02661e-12
-1.33003e-11
2.44267e-08
1.14967e-11
-1.45324e-11
2.21345e-08
1.30381e-11
-1.6112e-11
1.96691e-08
-1.75233e-11
1.70757e-08
6.65609e-12
1.96165e-08
1.05284e-11
1.73471e-08
1.12701e-11
1.49535e-08
1.24629e-08
5.07313e-12
-2.16958e-11
2.978e-08
8.90761e-12
-2.31665e-11
2.73734e-08
1.12617e-11
-2.51521e-11
2.47227e-08
-2.70038e-11
2.19113e-08
5.18719e-12
-1.59777e-11
2.79318e-08
8.76572e-12
-1.72287e-11
2.55742e-08
1.04719e-11
-1.8887e-11
2.29989e-08
-2.03988e-11
2.02735e-08
4.99793e-12
-9.69479e-12
2.44154e-08
8.16866e-12
-1.05618e-11
2.21246e-08
9.24327e-12
-1.17013e-11
1.96609e-08
-1.27264e-11
1.70691e-08
4.7221e-12
1.96064e-08
7.45898e-12
1.73384e-08
7.95504e-12
1.49463e-08
1.24573e-08
3.60724e-12
-1.56399e-11
2.97736e-08
6.33239e-12
-1.66873e-11
2.73679e-08
8.00628e-12
-1.81197e-11
2.47181e-08
-1.94652e-11
2.19077e-08
3.68322e-12
-1.15342e-11
2.7924e-08
6.22035e-12
-1.24189e-11
2.55674e-08
7.42496e-12
-1.36118e-11
2.29932e-08
-1.47075e-11
2.0269e-08
3.54245e-12
-7.02505e-12
2.44074e-08
5.78492e-12
-7.63387e-12
2.21176e-08
6.53415e-12
-8.45134e-12
1.9655e-08
-9.19049e-12
1.70644e-08
3.3404e-12
1.95992e-08
5.26986e-12
1.73322e-08
5.60176e-12
1.49412e-08
1.24533e-08
2.53742e-12
-1.1126e-11
2.9769e-08
4.45356e-12
-1.18635e-11
2.73639e-08
5.63132e-12
-1.2883e-11
2.47148e-08
-1.38462e-11
2.19052e-08
2.58757e-12
-8.21733e-12
2.79185e-08
4.36778e-12
-8.83674e-12
2.55626e-08
5.21034e-12
-9.68386e-12
2.29892e-08
-1.04664e-11
2.02657e-08
2.4849e-12
-5.02272e-12
2.44017e-08
4.05494e-12
-5.44643e-12
2.21127e-08
4.57326e-12
-6.02558e-12
1.96508e-08
-6.55113e-12
1.7061e-08
2.33964e-12
1.95942e-08
3.68685e-12
1.73279e-08
3.90766e-12
1.49377e-08
1.24505e-08
1.74327e-12
-7.70275e-12
2.97659e-08
3.05823e-12
-8.20944e-12
2.73612e-08
3.86659e-12
-8.91548e-12
2.47126e-08
-9.58556e-12
2.19034e-08
1.77572e-12
-5.69659e-12
2.79147e-08
2.99529e-12
-6.12016e-12
2.55593e-08
3.57083e-12
-6.70578e-12
2.29864e-08
-7.249e-12
2.02635e-08
1.70311e-12
-3.49252e-12
2.43978e-08
2.77679e-12
-3.78083e-12
2.21092e-08
3.12765e-12
-4.18049e-12
1.96479e-08
-4.54391e-12
1.70587e-08
1.60176e-12
1.95907e-08
2.52105e-12
1.73249e-08
2.6655e-12
1.49352e-08
1.24486e-08
1.14542e-12
-5.04409e-12
2.97639e-08
2.00495e-12
-5.37555e-12
2.73595e-08
2.53307e-12
-5.83884e-12
2.47111e-08
-6.27958e-12
2.19023e-08
1.16529e-12
-3.7311e-12
2.79123e-08
1.96163e-12
-4.00748e-12
2.55571e-08
2.33676e-12
-4.39131e-12
2.29846e-08
-4.74792e-12
2.02621e-08
1.11562e-12
-2.28961e-12
2.43952e-08
1.81656e-12
-2.47699e-12
2.2107e-08
2.04456e-12
-2.7386e-12
1.9646e-08
-2.97632e-12
1.70572e-08
1.04668e-12
1.95884e-08
1.64715e-12
1.73229e-08
1.74003e-12
1.49336e-08
1.24473e-08
7.14313e-13
-2.97624e-12
2.97626e-08
1.23568e-12
-3.17732e-12
2.73584e-08
1.55813e-12
-3.45446e-12
2.47102e-08
-3.71725e-12
2.19016e-08
7.2733e-13
-2.19158e-12
2.79107e-08
1.20824e-12
-2.35886e-12
2.55558e-08
1.43897e-12
-2.58802e-12
2.29835e-08
-2.79954e-12
2.02612e-08
6.98042e-13
-1.33498e-12
2.43937e-08
1.11969e-12
-1.44839e-12
2.21057e-08
1.26266e-12
-1.60418e-12
1.96449e-08
-1.74396e-12
1.70563e-08
6.55583e-13
1.9587e-08
1.0171e-12
1.73218e-08
1.08053e-12
1.49326e-08
1.24465e-08
4.36496e-13
-1.62149e-12
8.00822e-13
-1.75183e-12
1.01653e-12
-1.91524e-12
-2.06795e-12
4.34292e-13
-1.14824e-12
7.78005e-13
-1.25536e-12
9.41604e-13
-1.3893e-12
-1.5138e-12
4.07808e-13
-6.58633e-13
7.15363e-13
-7.28644e-13
8.28062e-13
-8.18706e-13
-9.01178e-13
3.74466e-13
6.37153e-13
6.99856e-13
)
;

boundaryField
{
    inlet
    {
        type            calculated;
        value           nonuniform List<scalar> 
48
(
-2.17197e-08
-2.16247e-08
-2.15106e-08
-1.98392e-08
-2.18676e-08
-2.14372e-08
-2.08519e-08
-2.13092e-08
-2.17027e-08
-2.1666e-08
-2.17345e-08
-2.05448e-08
-1.71169e-08
-2.16402e-08
-2.17155e-08
-2.08363e-08
-1.32863e-08
-1.60077e-08
-1.87409e-08
-2.14935e-08
-1.75644e-08
-2.06374e-08
-2.3802e-08
1.93002e-08
-2.10664e-08
-1.16903e-08
-2.76389e-08
-3.04271e-08
-2.31227e-08
-2.62266e-08
-3.26236e-08
-3.24001e-08
-3.12698e-08
-2.63046e-08
-2.25342e-08
-2.14935e-08
-3.42198e-08
-2.70803e-08
-2.22855e-08
-1.87409e-08
-2.63519e-08
-2.4707e-08
-2.05301e-08
-1.59477e-08
-2.28654e-08
-1.91462e-08
-1.70326e-08
-1.22091e-08
)
;
    }
    outlet
    {
        type            calculated;
        value           nonuniform List<scalar> 
48
(
2.08791e-08
2.08732e-08
2.08533e-08
2.08025e-08
2.08915e-08
2.08897e-08
2.08808e-08
2.0854e-08
2.08946e-08
2.08946e-08
2.08905e-08
2.08747e-08
2.08948e-08
2.08954e-08
2.08931e-08
2.08814e-08
1.24463e-08
1.49324e-08
1.73215e-08
1.95868e-08
1.70567e-08
1.96456e-08
2.21065e-08
2.43948e-08
2.02626e-08
2.29854e-08
2.55582e-08
2.79135e-08
2.19042e-08
2.47135e-08
2.73624e-08
2.97672e-08
2.97618e-08
2.79098e-08
2.43928e-08
1.95862e-08
2.73577e-08
2.5555e-08
2.21048e-08
1.73211e-08
2.47096e-08
2.29828e-08
1.96442e-08
1.4932e-08
2.19011e-08
2.02606e-08
1.70557e-08
1.24461e-08
)
;
    }
    wall
    {
        type            calculated;
        value           nonuniform List<scalar> 
192
(
-9.14566e-25
3.12635e-25
-6.91661e-25
5.05716e-25
6.38237e-26
3.992e-26
6.20343e-27
-6.33609e-26
-2.57497e-26
1.77266e-26
-6.50231e-27
-9.89311e-27
-1.84963e-27
-5.44476e-27
-1.2434e-28
-5.25075e-28
8.56686e-28
-3.635e-28
-1.21811e-27
-4.66033e-28
-8.95796e-28
-1.94454e-28
-5.37076e-29
-1.73591e-29
1.23278e-09
4.44998e-24
-1.80595e-24
-9.49566e-25
-4.04792e-25
7.66167e-26
8.47688e-26
2.15286e-26
1.34739e-26
1.28464e-26
-6.1135e-27
7.49043e-27
4.357e-27
-1.61173e-27
-4.53551e-28
1.98534e-27
3.49268e-28
1.18623e-27
-2.11053e-28
5.496e-28
-2.1783e-28
4.55232e-29
6.70989e-29
7.60819e-29
-2.35022e-24
-1.03916e-24
-9.64674e-25
-5.48213e-25
2.00011e-25
-3.26907e-25
-9.9196e-26
-6.44666e-26
3.31359e-26
-4.14217e-26
-7.79773e-27
3.03784e-28
-4.19997e-27
-3.78788e-27
-6.13067e-27
-4.36994e-27
3.82398e-27
-9.70027e-28
-2.14863e-28
6.5649e-28
2.86184e-28
-2.58686e-28
-1.48021e-28
-3.56538e-29
1.85448e-24
-4.06583e-25
-8.13819e-25
-5.83375e-25
-2.21069e-25
-1.88762e-25
-2.50604e-26
-1.6358e-26
1.05838e-26
-1.11044e-26
-4.59734e-28
2.44514e-27
-1.50298e-27
-2.50799e-28
9.13673e-28
-3.16166e-28
-2.38892e-27
3.77331e-28
2.39275e-28
-4.82167e-28
2.67577e-28
-1.6622e-28
4.4714e-29
-5.58807e-29
1.28837e-08
2.68951e-08
2.56343e-09
-2.12637e-25
4.24471e-25
-5.16361e-25
-9.47078e-25
3.64094e-25
8.48076e-26
4.97618e-26
-6.44206e-25
1.10763e-24
-2.44815e-26
1.24956e-25
-2.13997e-25
-1.23489e-25
-1.63091e-26
2.72253e-26
-1.85978e-25
3.53571e-25
-1.60731e-26
1.33872e-25
-3.47548e-25
-9.61062e-26
-8.22682e-26
8.00536e-26
1.25896e-25
-5.57527e-26
-8.70535e-27
2.11864e-26
-1.60375e-26
9.15783e-26
8.06205e-27
4.46854e-27
6.45826e-26
1.68274e-26
-9.10957e-27
3.18113e-26
1.09884e-26
-3.78315e-26
1.21919e-26
1.27067e-26
-2.26618e-26
-1.82195e-26
5.62956e-27
1.45658e-26
-2.90261e-26
9.55175e-28
-7.39788e-27
2.61098e-27
1.76673e-26
-1.54182e-26
-2.13665e-27
9.15874e-27
1.05886e-26
7.70058e-27
4.10365e-27
2.68495e-27
1.23106e-26
6.97703e-28
-2.48855e-27
1.02172e-26
-2.25182e-27
-4.14354e-28
2.70455e-27
-1.7194e-27
3.91642e-27
5.58369e-27
1.79653e-27
-1.62333e-27
1.29689e-27
-2.05706e-27
3.61659e-28
3.59653e-27
-9.13406e-28
-4.05402e-28
6.84379e-28
-1.05971e-28
1.27029e-27
-4.49383e-28
-2.80136e-29
1.73499e-27
8.85742e-28
-6.2218e-28
2.65302e-28
1.9598e-28
1.83957e-28
1.80025e-28
2.29569e-28
8.37463e-30
2.83419e-28
3.11372e-28
-1.26416e-28
-2.75345e-28
-1.29401e-28
-8.09303e-29
)
;
    }
    procBoundary2to0
    {
        type            processor;
        value           nonuniform List<scalar> 
192
(
5.51927e-09
-9.91047e-09
-1.68921e-08
5.2677e-09
6.22661e-09
3.25988e-09
2.00771e-09
2.74919e-09
3.97287e-09
4.24301e-09
4.24002e-09
2.84252e-09
2.8433e-09
2.94342e-09
2.91221e-09
2.366e-09
2.02868e-09
2.03072e-09
1.94818e-09
1.67836e-09
1.45398e-09
1.4503e-09
1.3908e-09
1.24426e-09
1.05389e-09
1.0579e-09
1.02459e-09
9.44478e-10
7.6855e-10
7.76157e-10
7.59386e-10
7.15263e-10
5.61319e-10
5.696e-10
5.62008e-10
5.37564e-10
4.09913e-10
4.17573e-10
4.14822e-10
4.01307e-10
2.99229e-10
3.05818e-10
3.05496e-10
2.98109e-10
2.18389e-10
2.23836e-10
2.24633e-10
2.20691e-10
1.59397e-10
1.63786e-10
1.65007e-10
1.62994e-10
1.16359e-10
1.19833e-10
1.21123e-10
1.20175e-10
8.49472e-11
8.76573e-11
8.88483e-11
8.84718e-11
6.19922e-11
6.40827e-11
6.51074e-11
6.50247e-11
4.51804e-11
4.67761e-11
4.76204e-11
4.76786e-11
3.28229e-11
3.40273e-11
3.47006e-11
3.4815e-11
2.36853e-11
2.45817e-11
2.5103e-11
2.52268e-11
1.68604e-11
1.75146e-11
1.79061e-11
1.80171e-11
1.16782e-11
1.21403e-11
1.2423e-11
1.25129e-11
7.65643e-12
7.96394e-12
8.15543e-12
8.2219e-12
4.54918e-12
4.73451e-12
4.85176e-12
4.89581e-12
2.58592e-12
2.69596e-12
2.76767e-12
2.79819e-12
-3.11552e-08
-2.15349e-11
-1.60172e-08
6.81059e-09
1.10446e-08
5.95968e-09
4.14237e-09
3.21182e-09
4.61485e-09
3.17828e-09
1.88125e-09
2.61034e-09
2.88024e-09
2.50968e-09
2.16803e-09
2.35271e-09
1.87191e-09
1.84593e-09
1.82134e-09
1.90493e-09
1.25726e-09
1.29914e-09
1.35042e-09
1.41129e-09
8.7609e-10
9.19634e-10
9.74811e-10
1.02373e-09
6.24905e-10
6.59851e-10
7.04876e-10
7.43607e-10
4.50929e-10
4.7731e-10
5.1158e-10
5.41242e-10
3.27014e-10
3.46457e-10
3.71919e-10
3.94213e-10
2.3763e-10
2.51802e-10
2.70541e-10
2.87156e-10
1.72837e-10
1.83115e-10
1.96857e-10
2.09191e-10
1.25785e-10
1.33223e-10
1.43289e-10
1.5243e-10
9.15849e-11
9.69662e-11
1.04338e-10
1.11105e-10
6.67026e-11
7.05966e-11
7.59941e-11
8.09993e-11
4.85722e-11
5.13903e-11
5.53406e-11
5.9037e-11
3.533e-11
3.73684e-11
4.02552e-11
4.29783e-11
2.56217e-11
2.70926e-11
2.91952e-11
3.11923e-11
1.84606e-11
1.95158e-11
2.10365e-11
2.24896e-11
1.31243e-11
1.38719e-11
1.49564e-11
1.59979e-11
9.08095e-12
9.59685e-12
1.03493e-11
1.10745e-11
5.94704e-12
6.28562e-12
6.78004e-12
7.25753e-12
3.52127e-12
3.72811e-12
4.02476e-12
4.31027e-12
1.96875e-12
2.10501e-12
2.28145e-12
2.44607e-12
)
;
    }
    procBoundary2to3
    {
        type            processor;
        value           nonuniform List<scalar> 
192
(
-4.62004e-10
5.95044e-09
-1.4917e-08
-1.70438e-08
-4.94107e-09
2.46165e-10
-3.17377e-09
-9.50724e-09
1.63243e-09
3.64271e-09
3.61057e-09
1.60399e-09
2.35755e-09
3.33488e-09
3.52484e-09
3.07536e-09
1.74407e-09
2.18213e-09
2.36353e-09
2.35979e-09
1.1429e-09
1.35214e-09
1.48219e-09
1.55261e-09
7.40743e-10
8.51413e-10
9.34125e-10
9.91778e-10
4.9029e-10
5.5215e-10
6.01947e-10
6.38549e-10
3.33297e-10
3.68698e-10
3.97762e-10
4.18897e-10
2.31714e-10
2.52165e-10
2.68731e-10
2.80192e-10
1.63796e-10
1.75634e-10
1.84853e-10
1.90669e-10
1.1716e-10
1.23991e-10
1.28973e-10
1.31645e-10
8.44907e-11
8.8402e-11
9.0983e-11
9.19789e-11
6.12645e-11
6.34775e-11
6.47259e-11
6.48794e-11
4.45715e-11
4.58032e-11
4.63335e-11
4.6103e-11
3.24806e-11
3.31486e-11
3.33074e-11
3.29355e-11
2.36682e-11
2.40152e-11
2.39942e-11
2.36024e-11
1.72014e-11
1.73707e-11
1.72747e-11
1.69192e-11
1.24172e-11
1.24925e-11
1.23769e-11
1.20799e-11
8.84116e-12
8.86866e-12
8.76067e-12
8.52683e-12
6.12869e-12
6.13267e-12
6.04382e-12
5.86996e-12
4.04159e-12
4.03561e-12
3.96947e-12
3.84877e-12
2.48865e-12
2.47925e-12
2.43348e-12
2.35502e-12
1.59487e-12
1.58158e-12
1.54522e-12
1.48828e-12
-3.96938e-08
-4.87571e-08
-3.63025e-08
-1.33059e-08
-1.6395e-08
-2.0111e-08
-1.2648e-08
-2.20268e-09
-4.41734e-10
-1.13846e-09
8.54205e-10
3.14303e-09
2.68417e-09
2.74161e-09
3.28339e-09
3.71987e-09
2.36103e-09
2.44837e-09
2.57343e-09
2.6264e-09
1.6048e-09
1.64812e-09
1.66338e-09
1.65247e-09
1.03067e-09
1.04882e-09
1.04139e-09
1.02404e-09
6.60995e-10
6.67096e-10
6.56956e-10
6.42458e-10
4.30263e-10
4.30654e-10
4.21537e-10
4.10594e-10
2.85128e-10
2.83011e-10
2.75496e-10
2.67488e-10
1.92172e-10
1.89192e-10
1.8322e-10
1.77445e-10
1.31466e-10
1.28435e-10
1.23794e-10
1.19666e-10
9.10842e-11
8.83644e-11
8.48136e-11
8.18785e-11
6.37714e-11
6.14864e-11
5.88019e-11
5.67212e-11
4.50248e-11
4.31807e-11
4.11694e-11
3.96962e-11
3.199e-11
3.05415e-11
2.90455e-11
2.80027e-11
2.28203e-11
2.17049e-11
2.05995e-11
1.98617e-11
1.62969e-11
1.54524e-11
1.46414e-11
1.41202e-11
1.16002e-11
1.09716e-11
1.03824e-11
1.0016e-11
8.16854e-12
7.71073e-12
7.28965e-12
7.03477e-12
5.61294e-12
5.29044e-12
4.99793e-12
4.82464e-12
3.67496e-12
3.4597e-12
3.26609e-12
3.15253e-12
2.24497e-12
2.11034e-12
1.98852e-12
1.9152e-12
1.41286e-12
1.32467e-12
1.24061e-12
1.18451e-12
)
;
    }
}


// ************************************************************************* //
