/*--------------------------------*- C++ -*----------------------------------*\
  =========                 |
  \\      /  F ield         | OpenFOAM: The Open Source CFD Toolbox
   \\    /   O peration     | Website:  https://openfoam.org
    \\  /    A nd           | Version:  6
     \\/     M anipulation  |
\*---------------------------------------------------------------------------*/
FoamFile
{
    version     2.0;
    format      ascii;
    class       volVectorField;
    location    "0.03";
    object      stored_U;
}
// * * * * * * * * * * * * * * * * * * * * * * * * * * * * * * * * * * * * * //

dimensions      [0 1 -1 0 0 0 0];

internalField   nonuniform List<vector> 
1152
(
(-0.00270442 -0.00185349 0.00234849)
(-0.00182031 0.00196939 0.00390901)
(0.00161331 0.00338686 0.00224521)
(-0.0035797 -0.00100424 -0.00163423)
(-0.00206482 -0.0012311 0.00222062)
(0.00152101 0.00103639 0.00118846)
(0.00231295 0.0011874 0.00125908)
(0.00388991 0.00271356 0.00135119)
(-0.00166715 -0.0014684 0.0018216)
(0.000617533 -0.00325625 6.08203e-05)
(0.00177488 0.000251289 0.00128531)
(-0.00611323 0.00256497 0.00137846)
(-0.000304806 -0.00241902 -0.000681783)
(-0.00102334 -0.0015615 0.000464196)
(0.000228736 0.000769281 -0.000390721)
(-0.0081167 0.00275924 -7.05008e-05)
(-0.00243312 -0.00143135 0.0102048)
(-0.00212704 -0.000557598 0.012189)
(-0.00108512 -0.00043794 0.0124332)
(-0.000941237 -0.000826241 0.00660156)
(-0.00184975 -0.00108888 0.0144241)
(-0.00122519 -0.000393896 0.0143957)
(-0.000781025 -0.000600701 0.0153281)
(-8.64959e-06 -0.000590644 0.0114011)
(-0.0012855 -0.000372017 0.0175666)
(-0.00117629 -0.000548139 0.0144959)
(-0.00122678 -0.000349864 0.0178059)
(-0.00117823 -0.000364826 0.0134954)
(-0.000161893 -0.00107041 0.0113375)
(-0.00125987 -0.000666555 0.0115559)
(-0.00205312 2.65011e-05 0.0154427)
(-0.00279285 -0.000434993 0.0119168)
(-0.000367569 -0.00114641 0.00663357)
(4.23841e-05 -0.00113707 0.0066406)
(0.000642464 -0.00123715 0.00586562)
(0.000692041 -0.00110882 0.00423079)
(-0.000386565 -0.00126717 0.00755984)
(0.000134218 -0.00116544 0.00713606)
(0.000682391 -0.00132646 0.00685958)
(0.00106044 -0.00134252 0.00566892)
(-0.000151659 -0.00116014 0.00803122)
(0.000233495 -0.0010749 0.00697635)
(0.000569039 -0.00106609 0.00731918)
(0.000927023 -0.00115132 0.00629901)
(0.0002022 -0.00141873 0.00720773)
(0.000320607 -0.00114917 0.00686715)
(0.000421666 -0.000860179 0.00711163)
(0.000464496 -0.000936787 0.00592288)
(0.000376616 -0.000791887 0.00722383)
(0.000642664 -0.000828195 0.00696308)
(0.000883898 -0.000868607 0.00640677)
(0.000788045 -0.000776989 0.00567303)
(0.000283546 -0.000876033 0.00761006)
(0.000614457 -0.000911612 0.00732293)
(0.000892136 -0.000995594 0.00691422)
(0.000958912 -0.000972066 0.0062325)
(0.000255739 -0.000865802 0.00788926)
(0.000597016 -0.000900857 0.00752879)
(0.000860788 -0.000932555 0.00724161)
(0.000979074 -0.000920431 0.00660409)
(0.00023009 -0.00096796 0.00798554)
(0.000563708 -0.000966377 0.00772766)
(0.000853589 -0.000906565 0.00737806)
(0.000911875 -0.000858861 0.00666425)
(0.000409581 -0.000541644 0.00716144)
(0.000555284 -0.000557796 0.00696605)
(0.000638073 -0.000557465 0.00665606)
(0.000546914 -0.000502508 0.00630043)
(0.000352088 -0.000590821 0.00735194)
(0.000534322 -0.000627404 0.00717411)
(0.000651824 -0.000653591 0.00690547)
(0.000627719 -0.000622595 0.00654733)
(0.000299498 -0.000608413 0.00751671)
(0.000506816 -0.000650827 0.00735065)
(0.000649591 -0.000669514 0.00711866)
(0.000662566 -0.000639442 0.00676194)
(0.000239002 -0.000658764 0.00763967)
(0.000470242 -0.00068944 0.00752199)
(0.000658994 -0.000688608 0.00728397)
(0.000677362 -0.00064525 0.00689133)
(0.000294458 -0.000376608 0.0070793)
(0.000370412 -0.000384899 0.00695772)
(0.000399734 -0.00037821 0.00678787)
(0.000342499 -0.000345905 0.0066089)
(0.000264995 -0.000402813 0.00718992)
(0.000360589 -0.000426826 0.00707989)
(0.000412302 -0.00043403 0.00692069)
(0.00038371 -0.000411637 0.00673362)
(0.000227856 -0.00041474 0.00729845)
(0.000341884 -0.000444919 0.0072025)
(0.000415752 -0.000455653 0.00705582)
(0.000409756 -0.000436383 0.00686371)
(0.000182442 -0.000428039 0.00739718)
(0.000316214 -0.000455787 0.00732794)
(0.000419143 -0.000467544 0.00718599)
(0.000428588 -0.00044692 0.00697771)
(0.000194833 -0.000267846 0.00703292)
(0.000234883 -0.000273415 0.00695963)
(0.00024614 -0.000268485 0.00686419)
(0.000213637 -0.000250145 0.00676859)
(0.000179183 -0.000280144 0.0071039)
(0.000230151 -0.000294766 0.00703729)
(0.000254607 -0.000297021 0.00694405)
(0.000236019 -0.000283351 0.00684217)
(0.000156875 -0.000282892 0.00717537)
(0.000218996 -0.000302196 0.00711968)
(0.000257579 -0.000308902 0.00703146)
(0.000252389 -0.000298431 0.00692539)
(0.000128642 -0.000279039 0.00724053)
(0.000202499 -0.0002986 0.00720255)
(0.000257422 -0.000309091 0.00712041)
(0.000264559 -0.000300812 0.00700815)
(0.000127646 -0.000192776 0.00700368)
(0.000149594 -0.000196925 0.00696004)
(0.000154526 -0.000194312 0.00690489)
(0.000136577 -0.000184086 0.00685077)
(0.000118528 -0.000197091 0.00705175)
(0.000146812 -0.00020615 0.00701217)
(0.00015946 -0.000207381 0.00695743)
(0.000149086 -0.000199642 0.00689943)
(0.000105177 -0.000194164 0.0070986)
(0.000139979 -0.000206368 0.00706691)
(0.000161035 -0.00021087 0.00701498)
(0.000158674 -0.00020559 0.00695449)
(8.80462e-05 -0.000184022 0.00713714)
(0.000129453 -0.000197148 0.00711891)
(0.000159687 -0.000204668 0.0070725)
(0.000165465 -0.00020187 0.00701006)
(8.43715e-05 -0.00013945 0.00698317)
(9.7079e-05 -0.000142682 0.00695747)
(9.97457e-05 -0.000141613 0.00692476)
(8.99954e-05 -0.00013597 0.00689268)
(7.85218e-05 -0.000139662 0.00701635)
(9.50633e-05 -0.000145593 0.00699344)
(0.000102351 -0.000146679 0.00696096)
(9.70455e-05 -0.000142497 0.00692669)
(7.01714e-05 -0.000134365 0.00704651)
(9.05783e-05 -0.000142278 0.00702965)
(0.000102876 -0.000145487 0.00699928)
(0.000102434 -0.000143026 0.00696379)
(5.95807e-05 -0.000123167 0.00706664)
(8.37129e-05 -0.000131949 0.00706098)
(0.000101281 -0.000137164 0.00703548)
(0.000105937 -0.000136649 0.00699985)
(5.64724e-05 -0.000101096 0.00696836)
(6.42782e-05 -0.000103654 0.00695354)
(6.60859e-05 -0.000103449 0.00693369)
(6.0904e-05 -0.00010038 0.00691392)
(5.24324e-05 -9.94979e-05 0.00699129)
(6.26442e-05 -0.000103597 0.00697867)
(6.73071e-05 -0.000104659 0.00695917)
(6.48668e-05 -0.000102513 0.00693824)
(4.69349e-05 -9.37838e-05 0.00701008)
(5.95019e-05 -9.91022e-05 0.00700251)
(6.72156e-05 -0.000101499 0.0069849)
(6.77832e-05 -0.000100519 0.00696353)
(4.01674e-05 -8.36908e-05 0.00701798)
(5.48682e-05 -8.96583e-05 0.00702034)
(6.56992e-05 -9.3324e-05 0.00700715)
(6.94329e-05 -9.37074e-05 0.00698646)
(3.82718e-05 -7.3385e-05 0.00695738)
(4.33362e-05 -7.54118e-05 0.00694925)
(4.47532e-05 -7.56351e-05 0.00693701)
(4.20958e-05 -7.40076e-05 0.00692443)
(3.53529e-05 -7.12152e-05 0.0069731)
(4.19722e-05 -7.41567e-05 0.00696689)
(4.52048e-05 -7.51581e-05 0.00695512)
(4.42983e-05 -7.41432e-05 0.00694197)
(3.15793e-05 -6.60171e-05 0.00698412)
(3.96716e-05 -6.97059e-05 0.00698241)
(4.48099e-05 -7.15452e-05 0.00697245)
(4.58017e-05 -7.13148e-05 0.00695932)
(2.71077e-05 -5.76982e-05 0.00698395)
(3.64428e-05 -6.18299e-05 0.00699145)
(4.34791e-05 -6.44585e-05 0.00698564)
(4.64545e-05 -6.51439e-05 0.00697358)
(2.62367e-05 -5.33293e-05 0.00694913)
(2.96734e-05 -5.49265e-05 0.0069452)
(3.08464e-05 -5.53267e-05 0.00693761)
(2.95646e-05 -5.45015e-05 0.00692939)
(2.40764e-05 -5.11858e-05 0.00695974)
(2.85413e-05 -5.3346e-05 0.00695756)
(3.08978e-05 -5.42421e-05 0.00695052)
(3.07639e-05 -5.3837e-05 0.00694208)
(2.14069e-05 -4.68372e-05 0.00696541)
(2.68149e-05 -4.94584e-05 0.00696743)
(3.03913e-05 -5.08862e-05 0.00696216)
(3.14805e-05 -5.10106e-05 0.006954)
(1.83636e-05 -4.03003e-05 0.0069599)
(2.45076e-05 -4.32105e-05 0.00697071)
(2.92718e-05 -4.5127e-05 0.00696942)
(3.16237e-05 -4.58574e-05 0.00696252)
(1.81729e-05 -3.87969e-05 0.00694291)
(2.05835e-05 -4.0046e-05 0.00694166)
(2.15595e-05 -4.04883e-05 0.00693699)
(2.10101e-05 -4.01034e-05 0.00693152)
(1.65553e-05 -3.69263e-05 0.00694988)
(1.96584e-05 -3.85328e-05 0.00695028)
(2.14223e-05 -3.93009e-05 0.0069462)
(2.16416e-05 -3.92101e-05 0.0069407)
(1.46285e-05 -3.34586e-05 0.00695187)
(1.8348e-05 -3.53533e-05 0.00695627)
(2.09102e-05 -3.64636e-05 0.00695393)
(2.19333e-05 -3.67329e-05 0.00694886)
(1.25073e-05 -2.84636e-05 0.00694279)
(1.66702e-05 -3.05422e-05 0.00695573)
(1.99941e-05 -3.19552e-05 0.00695726)
(2.18366e-05 -3.26242e-05 0.00695354)
(1.27018e-05 -2.82527e-05 0.00693824)
(1.44306e-05 -2.92217e-05 0.00693873)
(1.52318e-05 -2.96397e-05 0.00693594)
(1.50585e-05 -2.94902e-05 0.00693226)
(1.14852e-05 -2.67228e-05 0.0069426)
(1.36874e-05 -2.79246e-05 0.00694467)
(1.50223e-05 -2.85615e-05 0.00694249)
(1.53725e-05 -2.86207e-05 0.00693889)
(1.00769e-05 -2.40387e-05 0.00694203)
(1.26894e-05 -2.54235e-05 0.00694798)
(1.45568e-05 -2.6284e-05 0.00694751)
(1.54452e-05 -2.659e-05 0.00694442)
(8.57169e-06 -2.0287e-05 0.00693055)
(1.14558e-05 -2.17872e-05 0.00694487)
(1.38227e-05 -2.28353e-05 0.00694819)
(1.52529e-05 -2.34057e-05 0.00694649)
(8.94596e-06 -2.0589e-05 0.00693474)
(1.02027e-05 -2.13348e-05 0.00693639)
(1.08486e-05 -2.17e-05 0.00693483)
(1.08567e-05 -2.16711e-05 0.00693234)
(8.0305e-06 -1.93854e-05 0.00693724)
(9.61489e-06 -2.02861e-05 0.00694041)
(1.06274e-05 -2.08009e-05 0.00693947)
(1.09969e-05 -2.0921e-05 0.00693712)
(6.99386e-06 -1.73482e-05 0.00693487)
(8.85557e-06 -1.83667e-05 0.00694183)
(1.02293e-05 -1.90297e-05 0.00694258)
(1.09649e-05 -1.93203e-05 0.00694078)
(5.91235e-06 -1.45609e-05 0.00692174)
(7.94331e-06 -1.56514e-05 0.00693697)
(9.6508e-06 -1.6431e-05 0.00694146)
(1.07512e-05 -1.68974e-05 0.00694106)
(6.33899e-06 -1.50064e-05 0.00693213)
(7.25929e-06 -1.55758e-05 0.00693455)
(7.77062e-06 -1.58801e-05 0.00693382)
(7.85577e-06 -1.5908e-05 0.00693214)
(5.65143e-06 -1.40832e-05 0.0069333)
(6.80068e-06 -1.47576e-05 0.0069372)
(7.56682e-06 -1.51654e-05 0.00693708)
(7.90433e-06 -1.53e-05 0.00693557)
(4.88595e-06 -1.25577e-05 0.00692966)
(6.22511e-06 -1.3309e-05 0.0069373)
(7.23965e-06 -1.38163e-05 0.00693884)
(7.82962e-06 -1.40694e-05 0.00693791)
(4.10277e-06 -1.05024e-05 0.0069154)
(5.54904e-06 -1.12984e-05 0.00693122)
(6.79015e-06 -1.18782e-05 0.00693647)
(7.62955e-06 -1.2249e-05 0.00693693)
(4.51014e-06 -1.09274e-05 0.0069302)
(5.18575e-06 -1.13588e-05 0.00693314)
(5.58391e-06 -1.1604e-05 0.00693298)
(5.69221e-06 -1.16539e-05 0.00693186)
(3.99575e-06 -1.0232e-05 0.0069304)
(4.83246e-06 -1.07353e-05 0.0069348)
(5.40919e-06 -1.1053e-05 0.00693524)
(5.6953e-06 -1.11797e-05 0.00693431)
(3.43052e-06 -9.10126e-06 0.00692586)
(4.39862e-06 -9.65555e-06 0.00693395)
(5.14788e-06 -1.00405e-05 0.00693604)
(5.61001e-06 -1.025e-05 0.00693569)
(2.86113e-06 -7.59466e-06 0.00691082)
(3.89803e-06 -8.17653e-06 0.00692704)
(4.80307e-06 -8.60676e-06 0.0069328)
(5.43781e-06 -8.89559e-06 0.00693383)
(3.21326e-06 -7.93433e-06 0.00692877)
(3.70834e-06 -8.25805e-06 0.00693207)
(4.01337e-06 -8.45066e-06 0.0069323)
(4.11894e-06 -8.50478e-06 0.00693157)
(2.83083e-06 -7.41796e-06 0.00692829)
(3.43969e-06 -7.7915e-06 0.00693302)
(3.87048e-06 -8.03503e-06 0.00693384)
(4.10188e-06 -8.14434e-06 0.00693331)
(2.41481e-06 -6.58763e-06 0.00692311)
(3.11522e-06 -6.99529e-06 0.0069315)
(3.66662e-06 -7.28467e-06 0.00693396)
(4.02156e-06 -7.452e-06 0.006934)
(2.00088e-06 -5.48988e-06 0.00690751)
(2.74605e-06 -5.91456e-06 0.00692399)
(3.40548e-06 -6.2323e-06 0.00693009)
(3.88086e-06 -6.45332e-06 0.00693152)
(2.28255e-06 -5.72371e-06 0.00692773)
(2.64283e-06 -5.96372e-06 0.00693128)
(2.87239e-06 -6.11145e-06 0.00693178)
(2.96408e-06 -6.16111e-06 0.00693133)
(2.00104e-06 -5.34583e-06 0.00692675)
(2.44166e-06 -5.62042e-06 0.00693171)
(2.75974e-06 -5.80389e-06 0.0069328)
(2.94037e-06 -5.89298e-06 0.00693254)
(1.69717e-06 -4.74267e-06 0.00692112)
(2.20171e-06 -5.04027e-06 0.00692972)
(2.60425e-06 -5.25511e-06 0.00693243)
(2.87166e-06 -5.38476e-06 0.00693275)
(1.39779e-06 -3.94961e-06 0.00690512)
(1.93172e-06 -4.25768e-06 0.00692179)
(2.40943e-06 -4.49032e-06 0.00692812)
(2.76108e-06 -4.65642e-06 0.00692982)
(1.60463e-06 -4.07382e-06 0.00692698)
(1.863e-06 -4.24845e-06 0.0069307)
(2.0318e-06 -4.35872e-06 0.00693139)
(2.10577e-06 -4.4002e-06 0.00693112)
(1.40088e-06 -3.80247e-06 0.00692565)
(1.7155e-06 -4.00103e-06 0.00693076)
(1.94611e-06 -4.13615e-06 0.00693204)
(2.08238e-06 -4.20541e-06 0.00693197)
(1.18224e-06 -3.37148e-06 0.0069197)
(1.54123e-06 -3.58553e-06 0.00692844)
(1.83061e-06 -3.74205e-06 0.00693132)
(2.02738e-06 -3.8394e-06 0.00693182)
(9.68511e-07 -2.80691e-06 0.00690342)
(1.34685e-06 -3.02736e-06 0.00692021)
(1.68824e-06 -3.19502e-06 0.0069267)
(1.94359e-06 -3.31704e-06 0.00692858)
(1.10127e-06 -2.8215e-06 0.00692645)
(1.28135e-06 -2.94455e-06 0.00693028)
(1.4012e-06 -3.02372e-06 0.0069311)
(1.45704e-06 -3.05579e-06 0.00693097)
(9.58226e-07 -2.6326e-06 0.00692487)
(1.17681e-06 -2.77188e-06 0.00693009)
(1.33883e-06 -2.86796e-06 0.00693149)
(1.43732e-06 -2.91911e-06 0.00693156)
(8.05433e-07 -2.33353e-06 0.0069187)
(1.05418e-06 -2.48308e-06 0.00692753)
(1.25621e-06 -2.5935e-06 0.00693053)
(1.39594e-06 -2.66366e-06 0.00693116)
(6.57004e-07 -1.94274e-06 0.00690223)
(9.18309e-07 -2.09613e-06 0.0069191)
(1.1556e-06 -2.21344e-06 0.0069257)
(1.3352e-06 -2.30003e-06 0.0069277)
(7.21207e-07 -1.84949e-06 0.00692609)
(8.40314e-07 -1.93125e-06 0.00693)
(9.20635e-07 -1.98461e-06 0.0069309)
(9.59555e-07 -2.00735e-06 0.00693086)
(6.26399e-07 -1.72515e-06 0.00692435)
(7.70529e-07 -1.81742e-06 0.00692964)
(8.78143e-07 -1.88176e-06 0.00693111)
(9.44794e-07 -1.91701e-06 0.00693127)
(5.25448e-07 -1.52882e-06 0.00691802)
(6.89041e-07 -1.62766e-06 0.00692692)
(8.22544e-07 -1.7012e-06 0.00692999)
(9.15883e-07 -1.74871e-06 0.00693071)
(4.27794e-07 -1.27278e-06 0.00690142)
(5.9919e-07 -1.37386e-06 0.00691834)
(7.55419e-07 -1.45155e-06 0.00692501)
(8.74544e-07 -1.50955e-06 0.0069271)
(4.44865e-07 -1.09809e-06 0.00692586)
(5.18196e-07 -1.14737e-06 0.00692982)
(5.67918e-07 -1.18001e-06 0.00693077)
(5.92402e-07 -1.19464e-06 0.00693079)
(3.87912e-07 -1.02323e-06 0.00692402)
(4.7585e-07 -1.07877e-06 0.00692935)
(5.4152e-07 -1.11805e-06 0.00693088)
(5.82316e-07 -1.14032e-06 0.00693109)
(3.27526e-07 -9.06098e-07 0.0069176)
(4.2656e-07 -9.65352e-07 0.00692653)
(5.07235e-07 -1.01007e-06 0.00692965)
(5.63616e-07 -1.0397e-06 0.00693043)
(2.69555e-07 -7.54114e-07 0.00690093)
(3.72505e-07 -8.14259e-07 0.00691788)
(4.66124e-07 -8.61242e-07 0.00692459)
(5.37462e-07 -8.97101e-07 0.00692673)
(2.95696e-07 -6.25671e-07 0.0069257)
(3.42598e-07 -6.55534e-07 0.00692969)
(3.74231e-07 -6.75893e-07 0.00693069)
(3.89479e-07 -6.86034e-07 0.00693074)
(2.60843e-07 -5.78236e-07 0.00692379)
(3.16224e-07 -6.12877e-07 0.00692916)
(3.56996e-07 -6.37923e-07 0.00693072)
(3.81562e-07 -6.5316e-07 0.00693097)
(2.223e-07 -5.06286e-07 0.00691731)
(2.84705e-07 -5.44614e-07 0.00692628)
(3.3438e-07 -5.73894e-07 0.00692943)
(3.68023e-07 -5.94095e-07 0.00693025)
(1.83134e-07 -4.14534e-07 0.00690059)
(2.48902e-07 -4.54949e-07 0.00691757)
(3.06763e-07 -4.87053e-07 0.00692431)
(3.49501e-07 -5.11744e-07 0.00692649)
(-0.000816259 0.00346675 0.000196542)
(-0.00164542 -0.000344611 1.4727e-05)
(-0.00323485 0.00703242 0.000879976)
(-0.0119871 0.00510083 0.00559651)
(-0.00180172 -0.000282273 0.00409751)
(-0.00150476 -0.000234482 0.00045913)
(-0.00599019 0.0114141 -0.00460807)
(-0.019292 0.00513651 0.00593799)
(-0.00282681 -0.00107214 0.00730363)
(-0.0131858 -0.00173508 0.00215355)
(-0.0100965 0.000273048 0.00812131)
(-0.018904 0.0125622 0.00526832)
(-0.00218354 -0.00156025 0.00637524)
(-0.0381978 -0.0190637 -0.0270331)
(-0.00834513 0.00195123 0.0102689)
(-0.00559807 0.00298999 0.00766001)
(0.000241253 -0.00216408 0.0131228)
(-0.00130848 -0.00109238 0.0125124)
(-0.00361117 0.000379257 0.00951708)
(-0.00490388 -8.74988e-06 0.00878683)
(0.000478288 -0.00267385 0.0143853)
(-0.00119039 -0.00147121 0.0140314)
(-0.0040276 -0.000718299 0.00768033)
(-0.00605332 0.000704117 0.00889325)
(3.74943e-05 -0.00198763 0.0144128)
(-0.00387901 -0.000482733 0.0154944)
(-0.00397135 -0.00137466 0.0195042)
(-0.00390402 0.00125492 0.0123987)
(5.68998e-05 -0.000641678 0.0141706)
(-0.00550675 -0.00160598 0.0119707)
(-0.00413118 -0.000704996 0.0177791)
(-0.000853939 0.00019528 0.0130142)
(0.00021836 -0.00167839 0.00779127)
(0.000337593 -0.00134386 0.00755721)
(0.000230404 -0.00106691 0.00683452)
(3.23386e-05 -0.000940764 0.00578845)
(6.81419e-05 -0.00165596 0.00845317)
(4.24698e-05 -0.00133729 0.0086945)
(0.000137344 -0.00152072 0.00813434)
(3.47937e-05 -0.00111199 0.00656119)
(-0.000182173 -0.00136156 0.0088881)
(-0.00076592 -0.000833344 0.00951699)
(-4.23723e-05 -0.00133118 0.0115468)
(0.000656516 -0.000942382 0.0084007)
(-0.000409243 -0.000792423 0.00888994)
(-0.00122497 -0.000577444 0.00832139)
(-0.000365356 -0.000511029 0.0120053)
(0.00123128 -0.000290676 0.00954134)
(0.000117002 -0.00106253 0.00830033)
(0.000485371 -0.00108759 0.00815367)
(0.000868445 -0.00109506 0.00766016)
(0.000888209 -0.000972205 0.00678116)
(-7.79364e-05 -0.000990839 0.00849957)
(0.000197334 -0.00100216 0.00866906)
(0.000810404 -0.00123338 0.00848416)
(0.00099103 -0.00110399 0.00729442)
(-0.000270359 -0.000802427 0.00859931)
(-0.000234094 -0.000658128 0.00897799)
(0.000599587 -0.000923925 0.00957928)
(0.00115524 -0.000861215 0.00813634)
(-0.000423637 -0.000544462 0.00858494)
(-0.000514306 -0.000367512 0.00879885)
(0.000315502 -0.000273933 0.00999725)
(0.00123182 -0.000218822 0.00867932)
(0.000136728 -0.000660251 0.00779248)
(0.00040208 -0.000714783 0.00776438)
(0.000671718 -0.00076234 0.00752998)
(0.000708828 -0.000701933 0.00704889)
(-1.86215e-06 -0.000582446 0.00785828)
(0.000222544 -0.000624084 0.00800574)
(0.000620008 -0.000756157 0.00795208)
(0.000762822 -0.000717645 0.00735537)
(-0.000127143 -0.0004673 0.00786048)
(-1.08684e-06 -0.000426547 0.00812618)
(0.000488723 -0.000533373 0.00838232)
(0.000797916 -0.000527578 0.00772578)
(-0.000236521 -0.000318026 0.0077975)
(-0.000173694 -0.000211775 0.0080545)
(0.000329925 -0.000135641 0.00854737)
(0.000789747 -0.000129375 0.00790724)
(0.00011515 -0.000402543 0.00748584)
(0.000270418 -0.000442787 0.0074707)
(0.000417958 -0.000477963 0.0073495)
(0.000450605 -0.000456246 0.00710688)
(2.97023e-05 -0.000340734 0.00751057)
(0.000171363 -0.000369987 0.00758595)
(0.000380635 -0.000432016 0.0075534)
(0.000469414 -0.000424222 0.00727178)
(-4.88205e-05 -0.000263851 0.00748824)
(5.66524e-05 -0.000250918 0.00762639)
(0.000310282 -0.000292031 0.00771776)
(0.000471226 -0.000296146 0.00741663)
(-0.000118641 -0.000171609 0.00742067)
(-4.12308e-05 -0.000109267 0.00757025)
(0.000229017 -6.56094e-05 0.00775091)
(0.000457993 -7.16856e-05 0.00744648)
(8.73155e-05 -0.00025117 0.00728428)
(0.000174653 -0.000276147 0.00728193)
(0.000252149 -0.000296739 0.00721852)
(0.000275373 -0.00029051 0.00709483)
(3.64148e-05 -0.000206341 0.00728216)
(0.000120763 -0.000222288 0.00732943)
(0.000227897 -0.000250704 0.00731126)
(0.000280128 -0.000251765 0.00717623)
(-1.16665e-05 -0.000153704 0.00724187)
(6.031e-05 -0.000146209 0.00732279)
(0.00018998 -0.000161949 0.00735694)
(0.000275363 -0.000167941 0.00721662)
(-5.55838e-05 -9.29256e-05 0.00716478)
(5.52746e-06 -5.43413e-05 0.00725378)
(0.000147776 -3.14775e-05 0.00732161)
(0.000265355 -3.9935e-05 0.00717642)
(6.26094e-05 -0.00016013 0.00715261)
(0.00011258 -0.000175395 0.00715954)
(0.000154423 -0.000187207 0.00712746)
(0.000170091 -0.000186459 0.00706251)
(3.18227e-05 -0.000128616 0.00713407)
(8.21799e-05 -0.000136905 0.00717027)
(0.000138922 -0.000150441 0.00716341)
(0.000170027 -0.000153508 0.00709691)
(1.99453e-06 -9.24845e-05 0.00708264)
(4.86584e-05 -8.69599e-05 0.00713685)
(0.000117394 -9.30796e-05 0.00715433)
(0.00016493 -9.859e-05 0.00708755)
(-2.58228e-05 -5.18885e-05 0.00699947)
(1.723e-05 -2.74863e-05 0.0070551)
(9.42705e-05 -1.5514e-05 0.00708421)
(0.000157967 -2.3005e-05 0.00701399)
(4.36029e-05 -0.000104298 0.00706459)
(7.3187e-05 -0.000113795 0.00707817)
(9.69786e-05 -0.000120846 0.00706387)
(0.000107576 -0.000121821 0.00702909)
(2.44868e-05 -8.23891e-05 0.00703565)
(5.51866e-05 -8.66349e-05 0.00706805)
(8.68852e-05 -9.35174e-05 0.0070698)
(0.000106056 -9.65598e-05 0.00703691)
(5.60767e-06 -5.76098e-05 0.00697698)
(3.55806e-05 -5.3335e-05 0.00701923)
(7.3944e-05 -5.57788e-05 0.00703393)
(0.000101856 -6.01708e-05 0.00700263)
(-1.23057e-05 -3.03312e-05 0.0068897)
(1.68461e-05 -1.45795e-05 0.00692896)
(6.04921e-05 -8.08692e-06 0.00694644)
(9.70532e-05 -1.38204e-05 0.00691282)
(2.98824e-05 -6.93403e-05 0.0070051)
(4.80493e-05 -7.54356e-05 0.0070233)
(6.23691e-05 -7.98813e-05 0.00701943)
(6.97024e-05 -8.12428e-05 0.00700088)
(1.76769e-05 -5.4136e-05 0.00696961)
(3.68754e-05 -5.6322e-05 0.00700105)
(5.56135e-05 -6.0089e-05 0.00700886)
(6.79199e-05 -6.25971e-05 0.00699341)
(5.45522e-06 -3.71019e-05 0.00690631)
(2.4835e-05 -3.38281e-05 0.00694329)
(4.74404e-05 -3.48262e-05 0.0069592)
(6.46947e-05 -3.81025e-05 0.00694604)
(-6.30144e-06 -1.8675e-05 0.00681638)
(1.32184e-05 -8.28842e-06 0.00684791)
(3.91867e-05 -4.55253e-06 0.00686298)
(6.13721e-05 -8.65554e-06 0.00684807)
(2.03286e-05 -4.69893e-05 0.00696434)
(3.18707e-05 -5.10291e-05 0.00698568)
(4.09422e-05 -5.3975e-05 0.00698808)
(4.61396e-05 -5.52741e-05 0.00697866)
(1.23305e-05 -3.64052e-05 0.0069247)
(2.46485e-05 -3.75474e-05 0.00695622)
(3.63034e-05 -3.97605e-05 0.00696814)
(4.45027e-05 -4.16983e-05 0.00696225)
(4.244e-06 -2.46364e-05 0.00685845)
(1.69455e-05 -2.21647e-05 0.00689322)
(3.09382e-05 -2.257e-05 0.00691105)
(4.209e-05 -2.49356e-05 0.0069077)
(-3.6227e-06 -1.21012e-05 0.00676684)
(9.48127e-06 -5.09921e-06 0.00679483)
(2.56516e-05 -2.7941e-06 0.00681033)
(3.97813e-05 -5.6337e-06 0.00680549)
(1.38007e-05 -3.23879e-05 0.00693606)
(2.13557e-05 -3.5144e-05 0.0069595)
(2.73479e-05 -3.71738e-05 0.00696577)
(3.11028e-05 -3.82802e-05 0.00696169)
(8.43854e-06 -2.49806e-05 0.0068938)
(1.65339e-05 -2.55919e-05 0.00692567)
(2.4096e-05 -2.69732e-05 0.00694031)
(2.9728e-05 -2.84317e-05 0.00693992)
(2.98077e-06 -1.67956e-05 0.00682567)
(1.14409e-05 -1.49488e-05 0.00685956)
(2.04694e-05 -1.51007e-05 0.00687906)
(2.79426e-05 -1.67837e-05 0.0068813)
(-2.37807e-06 -8.19788e-06 0.00673298)
(6.4976e-06 -3.3789e-06 0.00675939)
(1.69681e-05 -1.85797e-06 0.00677593)
(2.63303e-05 -3.79129e-06 0.00677679)
(9.38134e-06 -2.26482e-05 0.00691625)
(1.44515e-05 -2.45735e-05 0.00694108)
(1.85383e-05 -2.6011e-05 0.00694975)
(2.12873e-05 -2.69075e-05 0.00694892)
(5.71648e-06 -1.74324e-05 0.00687231)
(1.11509e-05 -1.77704e-05 0.00690454)
(1.62231e-05 -1.86745e-05 0.00692095)
(2.01822e-05 -1.97602e-05 0.00692386)
(1.9692e-06 -1.16988e-05 0.00680298)
(7.69598e-06 -1.03275e-05 0.00683654)
(1.37176e-05 -1.03681e-05 0.00685728)
(1.88673e-05 -1.15591e-05 0.00686283)
(-1.7386e-06 -5.75013e-06 0.0067096)
(4.34089e-06 -2.37373e-06 0.00673531)
(1.13384e-05 -1.31429e-06 0.0067528)
(1.77353e-05 -2.6217e-06 0.00675701)
(6.39926e-06 -1.60247e-05 0.00690225)
(9.87095e-06 -1.73941e-05 0.00692798)
(1.27236e-05 -1.84306e-05 0.00693819)
(1.47524e-05 -1.91373e-05 0.00693938)
(3.8548e-06 -1.23298e-05 0.00685722)
(7.56893e-06 -1.25243e-05 0.00688974)
(1.10572e-05 -1.31371e-05 0.0069073)
(1.38866e-05 -1.39412e-05 0.00691224)
(1.24498e-06 -8.28523e-06 0.00678711)
(5.17872e-06 -7.27058e-06 0.00682056)
(9.298e-06 -7.26258e-06 0.00684217)
(1.29203e-05 -8.10522e-06 0.00684974)
(-1.35393e-06 -4.13417e-06 0.00669329)
(2.85739e-06 -1.73438e-06 0.00671867)
(7.64973e-06 -9.67992e-07 0.0067369)
(1.21211e-05 -1.851e-06 0.00674316)
(4.38556e-06 -1.14419e-05 0.00689229)
(6.80007e-06 -1.24283e-05 0.00691861)
(8.82349e-06 -1.31838e-05 0.0069298)
(1.03268e-05 -1.37313e-05 0.00693229)
(2.59702e-06 -8.8101e-06 0.00684655)
(5.17249e-06 -8.92722e-06 0.00687927)
(7.61535e-06 -9.35294e-06 0.00689757)
(9.65994e-06 -9.94697e-06 0.00690379)
(7.58556e-07 -5.9392e-06 0.00677592)
(3.49446e-06 -5.1901e-06 0.00680933)
(6.36559e-06 -5.16278e-06 0.00683153)
(8.95065e-06 -5.76003e-06 0.00684038)
(-1.08196e-06 -3.02014e-06 0.00668181)
(1.86477e-06 -1.29623e-06 0.00670704)
(5.20721e-06 -7.29027e-07 0.00672578)
(8.38362e-06 -1.32652e-06 0.00673332)
(3.02076e-06 -8.2227e-06 0.00688517)
(4.71949e-06 -8.93906e-06 0.00691187)
(6.16981e-06 -9.49291e-06 0.0069237)
(7.28479e-06 -9.91171e-06 0.00692704)
(1.75197e-06 -6.34007e-06 0.00683895)
(3.5579e-06 -6.4139e-06 0.0068718)
(5.29016e-06 -6.7146e-06 0.00689059)
(6.77745e-06 -7.15254e-06 0.00689764)
(4.45774e-07 -4.29205e-06 0.00676798)
(2.36744e-06 -3.74008e-06 0.00680137)
(4.39518e-06 -3.70736e-06 0.00682396)
(6.25746e-06 -4.13175e-06 0.00683363)
(-8.67615e-07 -2.2262e-06 0.00667367)
(1.21125e-06 -9.78918e-07 0.00669881)
(3.57278e-06 -5.54317e-07 0.0067179)
(5.85351e-06 -9.60045e-07 0.00672626)
(2.09019e-06 -5.9313e-06 0.00688005)
(3.29458e-06 -6.45371e-06 0.006907)
(4.34021e-06 -6.86052e-06 0.00691926)
(5.16584e-06 -7.17746e-06 0.00692316)
(1.18471e-06 -4.58095e-06 0.00683351)
(2.46088e-06 -4.62949e-06 0.00686644)
(3.6988e-06 -4.84413e-06 0.00688555)
(4.78382e-06 -5.16615e-06 0.00689315)
(2.515e-07 -3.11525e-06 0.00676231)
(1.61071e-06 -2.70956e-06 0.0067957)
(3.0549e-06 -2.678e-06 0.00681853)
(4.40337e-06 -2.98016e-06 0.00682874)
(-6.90212e-07 -1.64664e-06 0.00666787)
(7.84929e-07 -7.40804e-07 0.00669295)
(2.4673e-06 -4.2191e-07 0.00671227)
(4.11486e-06 -6.98514e-07 0.00672117)
(1.45048e-06 -4.28041e-06 0.00687637)
(2.30749e-06 -4.66142e-06 0.00690349)
(3.06246e-06 -4.95966e-06 0.00691602)
(3.67114e-06 -5.197e-06 0.0069203)
(8.0275e-07 -3.3117e-06 0.00682961)
(1.70814e-06 -3.34471e-06 0.0068626)
(2.59555e-06 -3.49864e-06 0.00688191)
(3.3864e-06 -3.73439e-06 0.00688988)
(1.34659e-07 -2.26209e-06 0.00675826)
(1.0994e-06 -1.9652e-06 0.00679163)
(2.13185e-06 -1.93759e-06 0.00681463)
(3.10913e-06 -2.15276e-06 0.00682519)
(-5.41497e-07 -1.21623e-06 0.00666372)
(5.08028e-07 -5.58313e-07 0.00668876)
(1.71099e-06 -3.19506e-07 0.00670824)
(2.90304e-06 -5.08655e-07 0.00671748)
(1.00595e-06 -3.07622e-06 0.00687373)
(1.6148e-06 -3.35272e-06 0.00690096)
(2.1578e-06 -3.56991e-06 0.00691368)
(2.60277e-06 -3.74535e-06 0.00691821)
(5.43793e-07 -2.38403e-06 0.00682683)
(1.18539e-06 -2.40697e-06 0.00685984)
(1.82002e-06 -2.51721e-06 0.00687929)
(2.39317e-06 -2.68845e-06 0.0068875)
(6.6827e-08 -1.63506e-06 0.00675536)
(7.5062e-07 -1.41947e-06 0.00678872)
(1.48738e-06 -1.39677e-06 0.00681183)
(2.19259e-06 -1.54944e-06 0.00682263)
(-4.17047e-07 -8.92178e-07 0.00666076)
(3.2817e-07 -4.16614e-07 0.00668576)
(1.18675e-06 -2.39364e-07 0.00670534)
(2.04594e-06 -3.68728e-07 0.00671482)
(6.9253e-07 -2.18483e-06 0.00687185)
(1.12088e-06 -2.38291e-06 0.00689915)
(1.50677e-06 -2.53882e-06 0.006912)
(1.82702e-06 -2.66609e-06 0.00691671)
(3.66214e-07 -1.69577e-06 0.00682484)
(8.16691e-07 -1.71184e-06 0.00685787)
(1.26571e-06 -1.79002e-06 0.00687741)
(1.67553e-06 -1.91258e-06 0.00688578)
(2.92728e-08 -1.16716e-06 0.0067533)
(5.09439e-07 -1.01293e-06 0.00678665)
(1.02987e-06 -9.9518e-07 0.00680983)
(1.5325e-06 -1.10237e-06 0.00682079)
(-3.13209e-07 -6.44782e-07 0.00665866)
(2.10783e-07 -3.05359e-07 0.00668363)
(8.17374e-07 -1.76037e-07 0.00670327)
(1.42931e-06 -2.63966e-07 0.00671291)
(4.67464e-07 -1.51167e-06 0.00687054)
(7.61572e-07 -1.64975e-06 0.00689788)
(1.02864e-06 -1.75855e-06 0.00691081)
(1.25241e-06 -1.84801e-06 0.00691564)
(2.42696e-07 -1.17479e-06 0.00682346)
(5.51554e-07 -1.18594e-06 0.00685649)
(8.61277e-07 -1.24008e-06 0.00687609)
(1.14626e-06 -1.32539e-06 0.00688458)
(1.048e-08 -8.10952e-07 0.00675186)
(3.39748e-07 -7.03788e-07 0.0067852)
(6.98317e-07 -6.90747e-07 0.00680843)
(1.04704e-06 -7.64258e-07 0.00681949)
(-2.25988e-07 -4.52332e-07 0.00665719)
(1.33684e-07 -2.16623e-07 0.00668214)
(5.51722e-07 -1.25288e-07 0.00670182)
(9.76144e-07 -1.83977e-07 0.00671156)
(3.04186e-07 -9.89982e-07 0.00686965)
(4.96126e-07 -1.08126e-06 0.00689703)
(6.71367e-07 -1.15323e-06 0.00691001)
(8.19045e-07 -1.21277e-06 0.00691491)
(1.56955e-07 -7.69787e-07 0.00682252)
(3.58411e-07 -7.77503e-07 0.00685556)
(5.61147e-07 -8.13417e-07 0.0068752)
(7.48576e-07 -8.69957e-07 0.00688376)
(4.7202e-09 -5.32135e-07 0.0067509)
(2.19572e-07 -4.62301e-07 0.00678422)
(4.54113e-07 -4.53947e-07 0.00680748)
(6.83113e-07 -5.02291e-07 0.00681861)
(-1.50565e-07 -2.98139e-07 0.0066562)
(8.41204e-08 -1.43787e-07 0.00668114)
(3.57655e-07 -8.35056e-08 0.00670084)
(6.36449e-07 -1.21423e-07 0.00671065)
(1.95445e-07 -5.85111e-07 0.0068691)
(3.10599e-07 -6.39587e-07 0.00689649)
(4.15034e-07 -6.83565e-07 0.00690951)
(5.02912e-07 -7.20547e-07 0.00691446)
(1.06597e-07 -4.53536e-07 0.00682195)
(2.2769e-07 -4.58598e-07 0.00685499)
(3.48194e-07 -4.81651e-07 0.00687465)
(4.5942e-07 -5.17173e-07 0.00688324)
(1.51325e-08 -3.12449e-07 0.0067503)
(1.44135e-07 -2.72054e-07 0.00678362)
(2.8326e-07 -2.69039e-07 0.00680689)
(4.18903e-07 -2.99697e-07 0.00681806)
(-7.90696e-08 -1.71466e-07 0.00665559)
(6.17983e-08 -8.13298e-08 0.00668051)
(2.24223e-07 -4.77301e-08 0.00670023)
(3.8953e-07 -7.22987e-08 0.00671008)
(1.38971e-07 -3.20332e-07 0.00686874)
(2.07693e-07 -3.57243e-07 0.00689614)
(2.72396e-07 -3.86399e-07 0.00690919)
(3.25767e-07 -4.11318e-07 0.00691417)
(8.38163e-08 -2.44313e-07 0.00682156)
(1.55887e-07 -2.53079e-07 0.00685461)
(2.30249e-07 -2.69962e-07 0.00687429)
(2.97516e-07 -2.9431e-07 0.00688292)
(2.74026e-08 -1.60799e-07 0.0067499)
(1.03502e-07 -1.42723e-07 0.00678322)
(1.88591e-07 -1.44301e-07 0.00680651)
(2.70093e-07 -1.66391e-07 0.00681771)
(-2.59461e-08 -7.90042e-08 0.00665517)
(5.51934e-08 -3.29509e-08 0.0066801)
(1.52014e-07 -1.75053e-08 0.00669983)
(2.49308e-07 -3.64169e-08 0.00670971)
(-0.00248909 -0.00385032 0.00445622)
(-0.00746391 -0.00662457 0.00821705)
(0.00371519 -0.00683742 0.00677949)
(-0.000122701 0.000285884 0.000227689)
(-0.00276549 0.00686804 -0.00115684)
(0.00260083 -0.00358875 0.000574383)
(0.00023387 -3.75161e-05 0.00497265)
(0.010317 0.00373261 -0.000856709)
(-0.00206327 -0.00402076 -0.00054839)
(0.00131779 -0.0034698 0.000284293)
(0.000688665 -0.00124632 0.00131596)
(0.00465222 0.00188536 0.000331265)
(-0.00143542 -0.00115797 0.00770697)
(-0.00221112 -0.00163106 0.00705129)
(-0.00233901 0.000315991 0.00404331)
(0.000875763 0.00227572 -0.000172289)
(-0.000183142 -0.0022432 0.0137726)
(-0.000640923 -0.00183491 0.013419)
(0.000682519 -0.00105433 0.0112792)
(-0.000600213 -0.000752839 0.00572692)
(-0.000357853 5.71757e-05 0.0089057)
(-0.0006067 -0.000629638 0.00829528)
(-0.000636413 -0.000225895 0.00859541)
(-0.000389328 -0.000518258 0.00894862)
(-0.00040451 -0.00110379 0.0103291)
(-0.00034016 -0.00168993 0.00945216)
(-0.000445687 -0.00120351 0.00908057)
(-0.000494908 -0.000561388 0.0127844)
(-0.00111796 -0.00203714 0.0107901)
(-0.00034059 -0.00254316 0.0112041)
(0.000446299 -0.00223243 0.0116486)
(0.000663749 -0.0013238 0.0126098)
(9.32607e-05 -0.000731719 0.00802006)
(0.000189753 -0.000555547 0.00801816)
(0.0003304 -0.000417177 0.00768557)
(-4.45346e-05 -0.000733922 0.00615302)
(-0.000141282 -0.000235935 0.00586394)
(-0.000328206 -0.000376505 0.00611275)
(-0.000416202 -0.000559106 0.00660751)
(-0.000477642 -0.000985983 0.00665207)
(-0.000435305 -0.000996208 0.00580045)
(-0.000499932 -0.00120347 0.00613658)
(-0.000602715 -0.00121991 0.00649949)
(-0.000521898 -0.00122248 0.00723694)
(-0.000840425 -0.00134512 0.00727996)
(-0.000551443 -0.00158735 0.00738555)
(-0.000290808 -0.00162098 0.00732287)
(-0.000101086 -0.00150695 0.0072645)
(1.28789e-05 -0.000383118 0.00765878)
(9.11715e-05 -0.000376111 0.00772533)
(0.000270889 -0.000423826 0.00769047)
(0.000317572 -0.000611535 0.00731801)
(-9.75487e-05 -0.000151867 0.00691941)
(-0.000160428 -0.000242918 0.00714601)
(-7.47036e-05 -0.000417126 0.00741906)
(3.91214e-05 -0.000687435 0.00750215)
(-0.000295935 -0.000534705 0.00698855)
(-0.000315884 -0.000606548 0.00722038)
(-0.000244756 -0.000689088 0.00750268)
(-9.08901e-05 -0.000787995 0.00774612)
(-0.000492504 -0.000710935 0.00769596)
(-0.000366089 -0.000820082 0.00781256)
(-0.000205372 -0.000897481 0.00789958)
(-5.79191e-05 -0.000929685 0.0079412)
(-1.19952e-06 -0.000305691 0.00724372)
(5.68929e-05 -0.000335853 0.00736426)
(0.000184997 -0.000390178 0.00739813)
(0.000296721 -0.000476878 0.00727207)
(-6.45537e-05 -0.000197126 0.0070166)
(-5.75624e-05 -0.000259567 0.0072018)
(3.57181e-05 -0.000362535 0.00734769)
(0.000166782 -0.000496208 0.00737799)
(-0.000170288 -0.000341999 0.00705907)
(-0.000147141 -0.000392471 0.00724124)
(-6.31379e-05 -0.000461132 0.00739881)
(7.26222e-05 -0.000539672 0.00749093)
(-0.000259719 -0.00039883 0.00735743)
(-0.000176439 -0.000473912 0.00747551)
(-7.3869e-05 -0.000541604 0.00755898)
(3.73441e-05 -0.000596613 0.00759846)
(-2.56485e-06 -0.00024443 0.00704)
(4.30853e-05 -0.000271871 0.00714862)
(0.000122982 -0.000309062 0.00719506)
(0.000208837 -0.000349948 0.0071532)
(-4.46549e-05 -0.000188731 0.0070019)
(-1.59155e-05 -0.00023123 0.00713458)
(5.5686e-05 -0.00029028 0.00722059)
(0.000150422 -0.000355131 0.00723155)
(-9.77583e-05 -0.000222945 0.00705145)
(-6.41382e-05 -0.000264441 0.00718055)
(2.65987e-06 -0.000315893 0.00727333)
(9.55981e-05 -0.000368454 0.00731018)
(-0.000136321 -0.000222714 0.00720209)
(-8.09896e-05 -0.000277453 0.00729824)
(-1.32737e-05 -0.000331289 0.00736166)
(5.92922e-05 -0.000379047 0.0073856)
(-1.94592e-06 -0.000187949 0.00693307)
(3.37585e-05 -0.000207141 0.0070353)
(8.49202e-05 -0.000231102 0.00708574)
(0.000140786 -0.000253432 0.00707714)
(-3.10422e-05 -0.000155593 0.0069479)
(8.30717e-08 -0.000183984 0.00705904)
(5.04958e-05 -0.000219485 0.00712478)
(0.000111537 -0.000254252 0.00713484)
(-5.88603e-05 -0.000150839 0.00698427)
(-2.67726e-05 -0.000182806 0.0070931)
(2.09031e-05 -0.000219427 0.00716401)
(8.00487e-05 -0.00025402 0.00718801)
(-7.30978e-05 -0.00013021 0.00705449)
(-3.46554e-05 -0.000170158 0.00714589)
(9.6213e-06 -0.000210023 0.00720614)
(5.51841e-05 -0.000245668 0.00723139)
(-1.16098e-06 -0.000140735 0.00686722)
(2.58725e-05 -0.000153749 0.00696854)
(5.94992e-05 -0.000169604 0.00702178)
(9.48565e-05 -0.000183511 0.00702803)
(-2.15289e-05 -0.000118885 0.0068906)
(4.86736e-06 -0.000138298 0.0069949)
(3.95367e-05 -0.000160955 0.00705508)
(7.83113e-05 -0.000181719 0.00706938)
(-3.70789e-05 -0.000103341 0.00691301)
(-1.10687e-05 -0.000126905 0.00701472)
(2.18482e-05 -0.000152649 0.00707943)
(5.94407e-05 -0.000175906 0.00710361)
(-4.10821e-05 -7.9267e-05 0.00694258)
(-1.45331e-05 -0.000107727 0.00703277)
(1.4582e-05 -0.00013631 0.00709401)
(4.34784e-05 -0.000161819 0.00712387)
(-6.94743e-07 -0.000103816 0.00682199)
(1.91811e-05 -0.000112764 0.00692417)
(4.1651e-05 -0.000123631 0.00698011)
(6.42658e-05 -0.000132997 0.00699469)
(-1.51107e-05 -8.78284e-05 0.00684137)
(5.24518e-06 -0.00010126 0.00694412)
(2.89724e-05 -0.000116399 0.00700414)
(5.39759e-05 -0.000129822 0.00702351)
(-2.43613e-05 -7.15496e-05 0.00685192)
(-4.76286e-06 -8.84267e-05 0.00695188)
(1.77657e-05 -0.000106463 0.00701615)
(4.20989e-05 -0.000122432 0.00704387)
(-2.44423e-05 -5.02459e-05 0.00685949)
(-6.15697e-06 -7.01787e-05 0.00695022)
(1.3151e-05 -9.03123e-05 0.00701379)
(3.18501e-05 -0.000108304 0.0070484)
(-4.92212e-07 -7.59715e-05 0.00678987)
(1.38333e-05 -8.22108e-05 0.00689331)
(2.9051e-05 -8.98442e-05 0.00695168)
(4.38155e-05 -9.64274e-05 0.00697163)
(-1.07639e-05 -6.39449e-05 0.00680282)
(4.24417e-06 -7.32983e-05 0.00690588)
(2.05253e-05 -8.37149e-05 0.00696734)
(3.69894e-05 -9.28426e-05 0.00699109)
(-1.65765e-05 -5.00259e-05 0.0068045)
(-2.32068e-06 -6.19353e-05 0.00690457)
(1.31131e-05 -7.45896e-05 0.00697012)
(2.91947e-05 -8.57345e-05 0.00700153)
(-1.54234e-05 -3.30243e-05 0.00679975)
(-2.81771e-06 -4.68669e-05 0.0068914)
(1.01265e-05 -6.09594e-05 0.0069572)
(2.24863e-05 -7.36073e-05 0.00699561)
(-4.06965e-07 -5.53805e-05 0.00676676)
(9.80083e-06 -5.97717e-05 0.00687142)
(2.02189e-05 -6.52147e-05 0.00693174)
(3.00632e-05 -6.99463e-05 0.00695531)
(-7.76972e-06 -4.63204e-05 0.00677388)
(3.05699e-06 -5.28603e-05 0.00687773)
(1.42875e-05 -6.01563e-05 0.00694081)
(2.53486e-05 -6.65526e-05 0.00696792)
(-1.15951e-05 -3.5324e-05 0.00676921)
(-1.39224e-06 -4.36773e-05 0.00686991)
(9.23282e-06 -5.25858e-05 0.00693696)
(2.00688e-05 -6.04539e-05 0.00697137)
(-1.02645e-05 -2.23956e-05 0.00675727)
(-1.53399e-06 -3.19912e-05 0.00684977)
(7.24514e-06 -4.18538e-05 0.00691734)
(1.5579e-05 -5.07604e-05 0.00695853)
(-3.58131e-07 -4.03087e-05 0.0067501)
(6.87666e-06 -4.34191e-05 0.00685573)
(1.40741e-05 -4.73343e-05 0.00691753)
(2.0762e-05 -5.07749e-05 0.00694358)
(-5.66482e-06 -3.35308e-05 0.00675262)
(2.06804e-06 -3.81206e-05 0.00685724)
(9.86341e-06 -4.32883e-05 0.00692168)
(1.74253e-05 -4.78486e-05 0.00695122)
(-8.27787e-06 -2.51695e-05 0.00674351)
(-1.02238e-06 -3.10236e-05 0.00684486)
(6.34068e-06 -3.73225e-05 0.00691316)
(1.3766e-05 -4.29234e-05 0.00694978)
(-7.13043e-06 -1.55775e-05 0.0067272)
(-1.04499e-06 -2.22438e-05 0.00682037)
(4.97784e-06 -2.91683e-05 0.00688922)
(1.06961e-05 -3.54653e-05 0.00693235)
(-3.15257e-07 -2.9331e-05 0.0067381)
(4.80529e-06 -3.15442e-05 0.00684446)
(9.8182e-06 -3.43757e-05 0.00690732)
(1.4434e-05 -3.68928e-05 0.00693507)
(-4.15822e-06 -2.43019e-05 0.00673718)
(1.34549e-06 -2.75355e-05 0.00684242)
(6.79213e-06 -3.12228e-05 0.00690789)
(1.20371e-05 -3.45071e-05 0.00693914)
(-5.9947e-06 -1.80732e-05 0.00672497)
(-8.40927e-07 -2.21843e-05 0.00682684)
(4.29821e-06 -2.66584e-05 0.0068961)
(9.45831e-06 -3.06703e-05 0.00693429)
(-5.10927e-06 -1.10474e-05 0.00670593)
(-8.37646e-07 -1.56991e-05 0.00679958)
(3.33859e-06 -2.05839e-05 0.00686934)
(7.31988e-06 -2.50572e-05 0.00691378)
(-2.71133e-07 -2.13496e-05 0.00672946)
(3.35678e-06 -2.29301e-05 0.00683634)
(6.87364e-06 -2.49847e-05 0.00689996)
(1.01002e-05 -2.68321e-05 0.00692887)
(-3.06478e-06 -1.76445e-05 0.00672604)
(8.52105e-07 -1.99315e-05 0.00683173)
(4.68212e-06 -2.25765e-05 0.00689793)
(8.36258e-06 -2.49562e-05 0.00693038)
(-4.38223e-06 -1.30582e-05 0.00671166)
(-7.15607e-07 -1.59553e-05 0.00681393)
(2.89636e-06 -1.91474e-05 0.00688386)
(6.52328e-06 -2.20346e-05 0.00692314)
(-3.73618e-06 -7.94561e-06 0.00669085)
(-7.17134e-07 -1.1209e-05 0.00678484)
(2.20638e-06 -1.46729e-05 0.00685521)
(5.01125e-06 -1.78658e-05 0.00690055)
(-2.26807e-07 -1.55461e-05 0.00672325)
(2.34938e-06 -1.66781e-05 0.00683049)
(4.83233e-06 -1.81721e-05 0.00689465)
(7.11034e-06 -1.95299e-05 0.00692435)
(-2.26329e-06 -1.28317e-05 0.00671801)
(5.28732e-07 -1.44553e-05 0.00682402)
(3.23755e-06 -1.63599e-05 0.00689075)
(5.84362e-06 -1.80902e-05 0.00692401)
(-3.22153e-06 -9.4779e-06 0.00670212)
(-6.05955e-07 -1.15275e-05 0.00680466)
(1.94861e-06 -1.38138e-05 0.00687508)
(4.52068e-06 -1.58989e-05 0.00691509)
(-2.76483e-06 -5.76943e-06 0.00668013)
(-6.18015e-07 -8.07138e-06 0.00677435)
(1.44519e-06 -1.05396e-05 0.00684515)
(3.4395e-06 -1.28283e-05 0.00689109)
(-1.84885e-07 -1.13204e-05 0.00671878)
(1.64904e-06 -1.21328e-05 0.00682628)
(3.41105e-06 -1.32203e-05 0.0068908)
(5.03118e-06 -1.42182e-05 0.00692105)
(-1.67169e-06 -9.34056e-06 0.00671224)
(3.22533e-07 -1.04968e-05 0.00681848)
(2.2475e-06 -1.18717e-05 0.00688556)
(4.10507e-06 -1.31321e-05 0.00691939)
(-2.37449e-06 -6.89882e-06 0.00669527)
(-5.03654e-07 -8.35423e-06 0.00679801)
(1.31234e-06 -9.99663e-06 0.00686875)
(3.1483e-06 -1.15058e-05 0.00690929)
(-2.05764e-06 -4.21332e-06 0.00667247)
(-5.23638e-07 -5.84486e-06 0.00676686)
(9.41774e-07 -7.61056e-06 0.00683795)
(2.36922e-06 -9.25643e-06 0.00688429)
(-1.47298e-07 -8.23542e-06 0.00671557)
(1.1606e-06 -8.8191e-06 0.00682325)
(2.41534e-06 -9.61033e-06 0.00688802)
(3.5729e-06 -1.03427e-05 0.00691864)
(-1.23271e-06 -6.79732e-06 0.00670809)
(1.93689e-07 -7.62246e-06 0.00681448)
(1.56599e-06 -8.61582e-06 0.00688182)
(2.89547e-06 -9.5339e-06 0.00691603)
(-1.75006e-06 -5.0259e-06 0.00669036)
(-4.09543e-07 -6.06201e-06 0.00679323)
(8.85863e-07 -7.24369e-06 0.0068642)
(2.20166e-06 -8.33679e-06 0.00690509)
(-1.53274e-06 -3.08406e-06 0.006667)
(-4.3324e-07 -4.24439e-06 0.0067615)
(6.12043e-07 -5.51062e-06 0.00683278)
(1.63784e-06 -6.69627e-06 0.00687941)
(-1.1491e-07 -5.97421e-06 0.00671327)
(8.17822e-07 -6.39311e-06 0.00682106)
(1.71218e-06 -6.96733e-06 0.00688601)
(2.54038e-06 -7.50284e-06 0.00691689)
(-9.05357e-07 -4.93465e-06 0.0067051)
(1.14487e-07 -5.52347e-06 0.00681161)
(1.09353e-06 -6.24018e-06 0.00687912)
(2.04601e-06 -6.90725e-06 0.0069136)
(-1.2859e-06 -3.65495e-06 0.00668683)
(-3.25633e-07 -4.39288e-06 0.0067898)
(5.9926e-07 -5.24242e-06 0.00686093)
(1.54315e-06 -6.03281e-06 0.00690206)
(-1.13798e-06 -2.25461e-06 0.00666308)
(-3.49545e-07 -3.08067e-06 0.00675766)
(3.97092e-07 -3.98874e-06 0.00682907)
(1.13483e-06 -4.84228e-06 0.0068759)
(-8.77356e-08 -4.30615e-06 0.00671162)
(5.75003e-07 -4.60535e-06 0.0068195)
(1.21046e-06 -5.01945e-06 0.00688456)
(1.80108e-06 -5.40811e-06 0.00691563)
(-6.59715e-07 -3.56033e-06 0.00670297)
(6.65054e-08 -3.97892e-06 0.00680955)
(7.62657e-07 -4.49327e-06 0.00687718)
(1.44266e-06 -4.97487e-06 0.00691184)
(-9.37941e-07 -2.64231e-06 0.00668431)
(-2.52875e-07 -3.1661e-06 0.00678734)
(4.05334e-07 -3.77398e-06 0.00685858)
(1.08001e-06 -4.34229e-06 0.00689988)
(-8.37967e-07 -1.6384e-06 0.00666027)
(-2.74702e-07 -2.22473e-06 0.00675491)
(2.5699e-07 -2.87332e-06 0.00682642)
(7.85547e-07 -3.48492e-06 0.00687338)
(-6.52363e-08 -3.06273e-06 0.00671045)
(4.00686e-07 -3.27395e-06 0.00681838)
(8.47445e-07 -3.56862e-06 0.00688353)
(1.26404e-06 -3.84663e-06 0.00691472)
(-4.7356e-07 -2.53496e-06 0.00670145)
(3.79113e-08 -2.82933e-06 0.00680808)
(5.27651e-07 -3.19389e-06 0.0068758)
(1.00776e-06 -3.53689e-06 0.00691059)
(-6.74144e-07 -1.88514e-06 0.00668252)
(-1.90856e-07 -2.25307e-06 0.0067856)
(2.72595e-07 -2.68288e-06 0.00685691)
(7.49495e-07 -3.08632e-06 0.00689833)
(-6.07286e-07 -1.17445e-06 0.00665828)
(-2.09336e-07 -1.58638e-06 0.00675296)
(1.65287e-07 -2.04443e-06 0.00682453)
(5.39686e-07 -2.47748e-06 0.00687158)
(-4.65093e-08 -2.11998e-06 0.00670963)
(2.73354e-07 -2.26539e-06 0.0068176)
(5.79871e-07 -2.46945e-06 0.00688281)
(8.66447e-07 -2.66275e-06 0.00691408)
(-3.30046e-07 -1.75638e-06 0.0067004)
(2.1537e-08 -1.95845e-06 0.00680706)
(3.57705e-07 -2.21013e-06 0.00687483)
(6.88264e-07 -2.44779e-06 0.00690971)
(-4.70532e-07 -1.30853e-06 0.00668127)
(-1.37891e-07 -1.56088e-06 0.00678438)
(1.80501e-07 -1.85707e-06 0.00685574)
(5.09216e-07 -2.13591e-06 0.00689724)
(-4.26694e-07 -8.18463e-07 0.0066569)
(-1.52406e-07 -1.10104e-06 0.0067516)
(1.05121e-07 -1.41648e-06 0.00682322)
(3.63648e-07 -1.71528e-06 0.00687033)
(-3.02374e-08 -1.38835e-06 0.00670908)
(1.79388e-07 -1.48366e-06 0.00681708)
(3.79591e-07 -1.61757e-06 0.00688233)
(5.67179e-07 -1.74472e-06 0.00691365)
(-2.16188e-07 -1.15047e-06 0.00669969)
(1.41343e-08 -1.28271e-06 0.00680637)
(2.33634e-07 -1.44754e-06 0.00687418)
(4.50037e-07 -1.60351e-06 0.00690912)
(-3.08695e-07 -8.57637e-07 0.00668043)
(-9.08132e-08 -1.02263e-06 0.00678356)
(1.1718e-07 -1.2164e-06 0.00685496)
(3.32541e-07 -1.3991e-06 0.0068965)
(-2.80885e-07 -5.37377e-07 0.00665596)
(-1.01161e-07 -7.21913e-07 0.00675068)
(6.71935e-08 -9.28265e-07 0.00682233)
(2.36789e-07 -1.12391e-06 0.00686948)
(-1.47295e-08 -8.20635e-07 0.00670874)
(1.14366e-07 -8.78964e-07 0.00681675)
(2.36111e-07 -9.59282e-07 0.00688202)
(3.50502e-07 -1.03537e-06 0.00691338)
(-1.2381e-07 -6.77824e-07 0.00669924)
(1.69276e-08 -7.58483e-07 0.00680594)
(1.49442e-07 -8.57256e-07 0.00687377)
(2.80638e-07 -9.50572e-07 0.00690875)
(-1.7716e-07 -5.03452e-07 0.00667991)
(-4.45972e-08 -6.03827e-07 0.00678305)
(8.03946e-08 -7.19697e-07 0.00685447)
(2.10714e-07 -8.28822e-07 0.00689605)
(-1.58626e-07 -3.12977e-07 0.00665539)
(-4.94268e-08 -4.24839e-07 0.00675012)
(5.15488e-08 -5.48056e-07 0.00682178)
(1.54103e-07 -6.65137e-07 0.00686896)
(-4.07074e-09 -4.55598e-07 0.00670849)
(7.92332e-08 -4.94499e-07 0.00681652)
(1.61444e-07 -5.43117e-07 0.00688181)
(2.35619e-07 -5.87966e-07 0.00691319)
(-6.20168e-08 -3.64615e-07 0.00669893)
(2.52809e-08 -4.16486e-07 0.00680565)
(1.12326e-07 -4.76924e-07 0.00687349)
(1.945e-07 -5.33068e-07 0.00690849)
(-8.54471e-08 -2.58344e-07 0.00667955)
(-6.13113e-09 -3.20525e-07 0.0067827)
(7.3687e-08 -3.91253e-07 0.00685414)
(1.52699e-07 -4.57154e-07 0.00689574)
(-7.01177e-08 -1.51333e-07 0.00665499)
(-7.55708e-09 -2.18077e-07 0.00674973)
(5.47334e-08 -2.92493e-07 0.00682141)
(1.14967e-07 -3.62747e-07 0.0068686)
)
;

boundaryField
{
    inlet
    {
        type            calculated;
        value           uniform (0 0 0.00731);
    }
    outlet
    {
        type            calculated;
        value           nonuniform List<vector> 
48
(
(2.95696e-07 -6.25671e-07 0.0069257)
(2.60843e-07 -5.78236e-07 0.00692379)
(2.223e-07 -5.06286e-07 0.00691731)
(1.83134e-07 -4.14534e-07 0.00690059)
(3.42598e-07 -6.55534e-07 0.00692969)
(3.16224e-07 -6.12877e-07 0.00692916)
(2.84705e-07 -5.44614e-07 0.00692628)
(2.48902e-07 -4.54949e-07 0.00691757)
(3.74231e-07 -6.75893e-07 0.00693069)
(3.56996e-07 -6.37923e-07 0.00693072)
(3.3438e-07 -5.73894e-07 0.00692943)
(3.06763e-07 -4.87053e-07 0.00692431)
(3.89479e-07 -6.86034e-07 0.00693074)
(3.81562e-07 -6.5316e-07 0.00693097)
(3.68023e-07 -5.94095e-07 0.00693025)
(3.49501e-07 -5.11744e-07 0.00692649)
(1.38971e-07 -3.20332e-07 0.00686874)
(8.38163e-08 -2.44313e-07 0.00682156)
(2.74026e-08 -1.60799e-07 0.0067499)
(-2.59461e-08 -7.90042e-08 0.00665517)
(2.07693e-07 -3.57243e-07 0.00689614)
(1.55887e-07 -2.53079e-07 0.00685461)
(1.03502e-07 -1.42723e-07 0.00678322)
(5.51934e-08 -3.29509e-08 0.0066801)
(2.72396e-07 -3.86399e-07 0.00690919)
(2.30249e-07 -2.69962e-07 0.00687429)
(1.88591e-07 -1.44301e-07 0.00680651)
(1.52014e-07 -1.75053e-08 0.00669983)
(3.25767e-07 -4.11318e-07 0.00691417)
(2.97516e-07 -2.9431e-07 0.00688292)
(2.70093e-07 -1.66391e-07 0.00681771)
(2.49308e-07 -3.64169e-08 0.00670971)
(-4.07074e-09 -4.55598e-07 0.00670849)
(-6.20168e-08 -3.64615e-07 0.00669893)
(-8.54471e-08 -2.58344e-07 0.00667955)
(-7.01177e-08 -1.51333e-07 0.00665499)
(7.92332e-08 -4.94499e-07 0.00681652)
(2.52809e-08 -4.16486e-07 0.00680565)
(-6.13113e-09 -3.20525e-07 0.0067827)
(-7.55708e-09 -2.18077e-07 0.00674973)
(1.61444e-07 -5.43117e-07 0.00688181)
(1.12326e-07 -4.76924e-07 0.00687349)
(7.3687e-08 -3.91253e-07 0.00685414)
(5.47334e-08 -2.92493e-07 0.00682141)
(2.35619e-07 -5.87966e-07 0.00691319)
(1.945e-07 -5.33068e-07 0.00690849)
(1.52699e-07 -4.57154e-07 0.00689574)
(1.14967e-07 -3.62747e-07 0.0068686)
)
;
    }
    wall
    {
        type            calculated;
        value           nonuniform List<vector> 
192
(
(-0.0020699 -0.00169872 0.00637524)
(-0.000280674 -0.000230343 0.0141706)
(-0.000633139 -0.000519604 0.00888994)
(-0.000520142 -0.00042687 0.00858494)
(-0.000297289 -0.000243979 0.0077975)
(-0.000155049 -0.000127245 0.00742067)
(-7.87838e-05 -6.46562e-05 0.00716478)
(-4.0876e-05 -3.35461e-05 0.00699947)
(-2.22274e-05 -1.82416e-05 0.0068897)
(-1.29235e-05 -1.0606e-05 0.00681638)
(-8.09905e-06 -6.64672e-06 0.00676684)
(-5.44119e-06 -4.46547e-06 0.00673298)
(-3.85872e-06 -3.16677e-06 0.0067096)
(-2.8364e-06 -2.32777e-06 0.00669329)
(-2.12757e-06 -1.74606e-06 0.00668181)
(-1.61015e-06 -1.32142e-06 0.00667367)
(-1.21993e-06 -1.00117e-06 0.00666787)
(-9.19999e-07 -7.55024e-07 0.00666372)
(-6.86722e-07 -5.63578e-07 0.00666076)
(-5.03353e-07 -4.13091e-07 0.00665866)
(-3.56858e-07 -2.92866e-07 0.00665719)
(-2.36175e-07 -1.93823e-07 0.0066562)
(-1.31333e-07 -1.07782e-07 0.00665559)
(-5.42471e-08 -4.45194e-08 0.00665517)
(-0.0376352 -0.0201164 -0.0270331)
(-0.00495073 -0.00264622 0.0119707)
(-0.00119283 -0.000637579 0.00832139)
(-0.000552807 -0.000295482 0.00879885)
(-0.000223138 -0.00011927 0.0080545)
(-7.74949e-05 -4.14219e-05 0.00757025)
(-1.82924e-05 -9.77748e-06 0.00725378)
(1.97427e-06 1.05527e-06 0.0070551)
(7.04146e-06 3.76374e-06 0.00692896)
(6.83532e-06 3.65356e-06 0.00684791)
(5.25447e-06 2.80857e-06 0.00679483)
(3.64901e-06 1.95044e-06 0.00675939)
(2.38944e-06 1.27718e-06 0.00673531)
(1.50139e-06 8.02511e-07 0.00671867)
(9.11506e-07 4.8721e-07 0.00670704)
(5.3512e-07 2.86027e-07 0.00669881)
(3.02528e-07 1.61704e-07 0.00669295)
(1.63027e-07 8.71395e-08 0.00668876)
(8.2045e-08 4.3854e-08 0.00668576)
(3.6995e-08 1.97742e-08 0.00668363)
(1.39199e-08 7.44034e-09 0.00668214)
(5.65039e-09 3.0202e-09 0.00668114)
(1.42542e-08 7.61902e-09 0.00668051)
(2.92298e-08 1.56237e-08 0.0066801)
(-0.0070999 -0.00215373 0.0102689)
(-0.0039789 -0.00120699 0.0177791)
(-0.000476525 -0.000144552 0.0120053)
(0.000212822 6.45589e-05 0.00999725)
(0.000264445 8.02184e-05 0.00854737)
(0.000191493 5.80888e-05 0.00775091)
(0.000126579 3.83974e-05 0.00732161)
(8.20172e-05 2.48796e-05 0.00708421)
(5.31483e-05 1.61224e-05 0.00694644)
(3.462e-05 1.05019e-05 0.00686298)
(2.27139e-05 6.89019e-06 0.00681033)
(1.50222e-05 4.55693e-06 0.00677593)
(1.00179e-05 3.0389e-06 0.0067528)
(6.73623e-06 2.04341e-06 0.0067369)
(4.56591e-06 1.38505e-06 0.00672578)
(3.11774e-06 9.45756e-07 0.0067179)
(2.14219e-06 6.49827e-07 0.00671227)
(1.47806e-06 4.48364e-07 0.00670824)
(1.02025e-06 3.09491e-07 0.00670534)
(6.99597e-07 2.1222e-07 0.00670327)
(4.70428e-07 1.42703e-07 0.00670182)
(3.04321e-07 9.23147e-08 0.00670084)
(1.9207e-07 5.82639e-08 0.00670023)
(1.34342e-07 4.07522e-08 0.00669983)
(-0.00525263 -0.000517339 0.00766001)
(-0.000826687 -8.14215e-05 0.0130142)
(0.0011911 0.000117313 0.00954134)
(0.00119864 0.000118056 0.00867932)
(0.00076954 7.57931e-05 0.00790724)
(0.000446601 4.39863e-05 0.00744648)
(0.00025891 2.55004e-05 0.00717642)
(0.000154205 1.51879e-05 0.00701399)
(9.47727e-05 9.33429e-06 0.00691282)
(5.99381e-05 5.90339e-06 0.00684807)
(3.88496e-05 3.82635e-06 0.00680549)
(2.57076e-05 2.53197e-06 0.00677679)
(1.73091e-05 1.7048e-06 0.00675701)
(1.18241e-05 1.16458e-06 0.00674316)
(8.17368e-06 8.05037e-07 0.00673332)
(5.70362e-06 5.61758e-07 0.00672626)
(4.00719e-06 3.94674e-07 0.00672117)
(2.82553e-06 2.78291e-07 0.00671748)
(1.99032e-06 1.96029e-07 0.00671482)
(1.38983e-06 1.36886e-07 0.00671291)
(9.48819e-07 9.34506e-08 0.00671156)
(6.1849e-07 6.09159e-08 0.00671065)
(3.78735e-07 3.73022e-08 0.00671008)
(2.4336e-07 2.39689e-08 0.00670971)
(-0.000399493 -0.00405612 0.00445622)
(0.0016748 0.00552109 -0.00115684)
(-0.00213006 -0.00398506 -0.00054839)
(-0.00114555 -0.00139586 0.00770697)
(-0.000220573 -0.00223951 0.0137726)
(-1.4272e-05 -4.70485e-05 0.0089057)
(-0.000548772 -0.00102668 0.0103291)
(-0.00144893 -0.00176552 0.0107901)
(-7.04797e-05 -0.000715592 0.00802006)
(-7.74444e-05 -0.0002553 0.00586394)
(-0.00051089 -0.000955807 0.00580045)
(-0.000997868 -0.00121591 0.00727996)
(-3.72476e-05 -0.000378181 0.00765878)
(-5.04062e-05 -0.000166167 0.00691941)
(-0.000288057 -0.000538916 0.00698855)
(-0.000546848 -0.000666336 0.00769596)
(-2.98302e-05 -0.000302871 0.00724372)
(-6.01984e-05 -0.000198448 0.0070166)
(-0.000180021 -0.000336796 0.00705907)
(-0.000300108 -0.000365683 0.00735743)
(-2.38676e-05 -0.000242332 0.00704)
(-5.61895e-05 -0.000185232 0.0070019)
(-0.00011441 -0.000214045 0.00705145)
(-0.00016408 -0.000199933 0.00720209)
(-1.83522e-05 -0.000186333 0.00693307)
(-4.58371e-05 -0.000151105 0.0069479)
(-7.57888e-05 -0.000141791 0.00698427)
(-9.32728e-05 -0.000113653 0.00705449)
(-1.37392e-05 -0.000139497 0.00686722)
(-3.48387e-05 -0.000114848 0.0068906)
(-5.12019e-05 -9.57921e-05 0.00691301)
(-5.54057e-05 -6.7512e-05 0.00694258)
(-1.01334e-05 -0.000102886 0.00682199)
(-2.56707e-05 -8.4625e-05 0.00684137)
(-3.51591e-05 -6.57781e-05 0.00685192)
(-3.44771e-05 -4.20105e-05 0.00685949)
(-7.41539e-06 -7.52897e-05 0.00678987)
(-1.867e-05 -6.15467e-05 0.00680282)
(-2.4481e-05 -4.58008e-05 0.0068045)
(-2.24021e-05 -2.7297e-05 0.00679975)
(-5.40601e-06 -5.48881e-05 0.00676676)
(-1.35218e-05 -4.45755e-05 0.00677388)
(-1.7262e-05 -3.2295e-05 0.00676921)
(-1.51136e-05 -1.8416e-05 0.00675727)
(-3.93536e-06 -3.99564e-05 0.0067501)
(-9.79171e-06 -3.2279e-05 0.00675262)
(-1.23033e-05 -2.30178e-05 0.00674351)
(-1.05088e-05 -1.2805e-05 0.0067272)
(-2.86413e-06 -2.90799e-05 0.0067381)
(-7.1011e-06 -2.34092e-05 0.00673718)
(-8.84578e-06 -1.65493e-05 0.00672497)
(-7.47381e-06 -9.10687e-06 0.00670593)
(-2.08516e-06 -2.11709e-05 0.00672946)
(-5.15963e-06 -1.7009e-05 0.00672604)
(-6.40255e-06 -1.19783e-05 0.00671166)
(-5.40011e-06 -6.58006e-06 0.00669085)
(-1.51863e-06 -1.54189e-05 0.00672325)
(-3.75517e-06 -1.23791e-05 0.00671801)
(-4.65616e-06 -8.71107e-06 0.00670212)
(-3.942e-06 -4.80334e-06 0.00668013)
(-1.10602e-06 -1.12296e-05 0.00671878)
(-2.73553e-06 -9.01785e-06 0.00671224)
(-3.39573e-06 -6.35296e-06 0.00669527)
(-2.89429e-06 -3.5267e-06 0.00667247)
(-8.04741e-07 -8.17067e-06 0.00671557)
(-1.99207e-06 -6.56697e-06 0.00670809)
(-2.47833e-06 -4.63663e-06 0.00669036)
(-2.12926e-06 -2.59451e-06 0.006667)
(-5.8386e-07 -5.92803e-06 0.00671327)
(-1.44706e-06 -4.77032e-06 0.0067051)
(-1.80523e-06 -3.37736e-06 0.00668683)
(-1.56363e-06 -1.90529e-06 0.00666308)
(-4.20887e-07 -4.27334e-06 0.00671162)
(-1.0446e-06 -3.44358e-06 0.00670297)
(-1.30692e-06 -2.44508e-06 0.00668431)
(-1.1407e-06 -1.38995e-06 0.00666027)
(-2.99381e-07 -3.03967e-06 0.00671045)
(-7.44079e-07 -2.4529e-06 0.00670145)
(-9.33522e-07 -1.7465e-06 0.00668252)
(-8.20347e-07 -9.99596e-07 0.00665828)
(-2.07241e-07 -2.10415e-06 0.00670963)
(-5.15708e-07 -1.70006e-06 0.0067004)
(-6.4856e-07 -1.21337e-06 0.00668127)
(-5.73093e-07 -6.98316e-07 0.0066569)
(-1.35717e-07 -1.37796e-06 0.00670908)
(-3.37802e-07 -1.11358e-06 0.00669969)
(-4.25146e-07 -7.95392e-07 0.00668043)
(-3.76569e-07 -4.58851e-07 0.00665596)
(-8.01904e-08 -8.14187e-07 0.00670874)
(-1.98722e-07 -6.55099e-07 0.00669924)
(-2.4867e-07 -4.65229e-07 0.00667991)
(-2.17321e-07 -2.64807e-07 0.00665539)
(-4.44805e-08 -4.51618e-07 0.00670849)
(-1.06511e-07 -3.51118e-07 0.00669893)
(-1.2639e-07 -2.3646e-07 0.00667955)
(-1.02432e-07 -1.24814e-07 0.00665499)
)
;
    }
    procBoundary2to0
    {
        type            processor;
        value           nonuniform List<vector> 
192
(
(-0.00219795 -0.00355248 0.000521747)
(-0.0015424 0.00152201 0.0013397)
(0.000295206 0.00753337 -0.00320914)
(-0.000392547 -0.00222 0.000120846)
(-0.00255689 -0.00100114 0.00832216)
(-0.00255353 -0.000652368 0.0114945)
(-0.00180016 -0.000259763 0.00987239)
(-0.00187855 -0.000231891 0.000594215)
(-0.000389083 -0.000660558 0.00595514)
(-9.44017e-05 -0.00076468 0.00618885)
(0.000320297 -0.000683525 0.00518536)
(0.000105406 -0.000354382 0.00333098)
(0.000370194 -0.000553756 0.00690522)
(0.000587726 -0.000557795 0.00670456)
(0.000763775 -0.000491017 0.00613213)
(0.000539805 -0.000324604 0.00545029)
(0.000405556 -0.000432539 0.00699656)
(0.000528332 -0.00041344 0.00682369)
(0.00058306 -0.000369402 0.00652071)
(0.00044039 -0.000292157 0.00619648)
(0.000294722 -0.000327264 0.00698206)
(0.00035762 -0.000315198 0.00686892)
(0.000370748 -0.000291494 0.00670669)
(0.00029182 -0.000252536 0.00654519)
(0.000197436 -0.000244704 0.00696848)
(0.000229255 -0.000240121 0.00689818)
(0.000230595 -0.000228058 0.00680775)
(0.000187337 -0.000207145 0.00672201)
(0.000130891 -0.000181872 0.00695817)
(0.000147449 -0.000180972 0.0069155)
(0.000146213 -0.000174995 0.00686314)
(0.000122215 -0.000163452 0.00681444)
(8.74402e-05 -0.000134503 0.00695019)
(9.65885e-05 -0.0001351 0.0069247)
(9.53459e-05 -0.000132251 0.00689347)
(8.19192e-05 -0.000125796 0.00686437)
(5.91013e-05 -9.90929e-05 0.00694426)
(6.45348e-05 -0.00010018 0.00692937)
(6.3814e-05 -9.89348e-05 0.00691028)
(5.62875e-05 -9.53056e-05 0.00689216)
(4.04229e-05 -7.28045e-05 0.00693975)
(4.38887e-05 -7.39572e-05 0.00693146)
(4.36378e-05 -7.35239e-05 0.00691959)
(3.94352e-05 -7.14878e-05 0.00690793)
(2.79525e-05 -5.33919e-05 0.00693624)
(3.02996e-05 -5.4442e-05 0.00693213)
(3.03527e-05 -5.44059e-05 0.0069247)
(2.80287e-05 -5.3275e-05 0.006917)
(1.95192e-05 -3.911e-05 0.0069335)
(2.1179e-05 -4.00029e-05 0.00693208)
(2.13913e-05 -4.01454e-05 0.00692746)
(2.01273e-05 -3.95299e-05 0.00692228)
(1.37458e-05 -2.86269e-05 0.00693136)
(1.49524e-05 -2.93572e-05 0.00693171)
(1.52261e-05 -2.95646e-05 0.00692892)
(1.45559e-05 -2.92414e-05 0.00692539)
(9.74798e-06 -2.09404e-05 0.00692972)
(1.06386e-05 -2.15228e-05 0.00693124)
(1.09164e-05 -2.17382e-05 0.00692966)
(1.05749e-05 -2.15788e-05 0.00692725)
(6.95007e-06 -1.53041e-05 0.00692845)
(7.61195e-06 -1.576e-05 0.00693077)
(7.8643e-06 -1.59568e-05 0.00693001)
(7.70178e-06 -1.58871e-05 0.00692838)
(4.97203e-06 -1.11656e-05 0.0069275)
(5.4643e-06 -1.15173e-05 0.00693036)
(5.67908e-06 -1.16851e-05 0.00693017)
(5.61149e-06 -1.16626e-05 0.00692907)
(3.55928e-06 -8.11806e-06 0.00692678)
(3.92402e-06 -8.38552e-06 0.00693002)
(4.09881e-06 -8.5224e-06 0.00693022)
(4.07919e-06 -8.52313e-06 0.0069295)
(2.53872e-06 -5.86147e-06 0.00692625)
(2.8066e-06 -6.06174e-06 0.00692975)
(2.94384e-06 -6.1695e-06 0.00693023)
(2.94639e-06 -6.18022e-06 0.00692977)
(1.79084e-06 -4.17429e-06 0.00692587)
(1.98435e-06 -4.32106e-06 0.00692955)
(2.08838e-06 -4.40298e-06 0.00693021)
(2.09936e-06 -4.4165e-06 0.00692995)
(1.2324e-06 -2.89214e-06 0.00692559)
(1.36802e-06 -2.99607e-06 0.0069294)
(1.4435e-06 -3.05564e-06 0.00693019)
(1.4559e-06 -3.06819e-06 0.00693006)
(8.0829e-07 -1.89644e-06 0.0069254)
(8.98485e-07 -1.96567e-06 0.00692929)
(9.49935e-07 -2.00611e-06 0.00693017)
(9.60416e-07 -2.01589e-06 0.00693013)
(4.97203e-07 -1.12724e-06 0.00692528)
(5.53523e-07 -1.16891e-06 0.00692922)
(5.86242e-07 -1.19361e-06 0.00693016)
(5.93855e-07 -1.20022e-06 0.00693017)
(3.26537e-07 -6.46622e-07 0.00692519)
(3.63958e-07 -6.71166e-07 0.00692917)
(3.86068e-07 -6.86179e-07 0.00693014)
(3.91712e-07 -6.90979e-07 0.0069302)
(-0.000800019 0.0034457 8.1279e-05)
(0.00264191 0.013885 -0.00341674)
(0.00155896 0.00793344 -9.88474e-05)
(0.00119771 -0.0039479 -0.00029277)
(-0.00058512 -0.00027008 0.00166639)
(-0.000555151 0.00161113 0.00695479)
(-0.000629814 0.00146236 0.00580642)
(-0.00142732 -5.09264e-05 0.00760858)
(-0.000113396 -0.000576142 0.00513291)
(-0.000156002 -0.000164611 0.0061771)
(-4.17625e-05 2.23921e-05 0.00652231)
(-0.000197849 -0.000231765 0.00589711)
(-1.6607e-05 -0.000671428 0.00677415)
(-2.20756e-05 -0.000577721 0.00706855)
(0.00018936 -0.000485345 0.00725406)
(0.00030641 -0.000477458 0.00700603)
(3.2944e-05 -0.000503158 0.0069016)
(5.66316e-05 -0.000485864 0.00708519)
(0.000188018 -0.000458463 0.00718424)
(0.000307997 -0.000436496 0.00709812)
(3.94613e-05 -0.000342095 0.00688658)
(7.02467e-05 -0.000341655 0.00701025)
(0.000143176 -0.000339604 0.00707585)
(0.000222143 -0.000333647 0.00704939)
(3.2777e-05 -0.00023381 0.00684959)
(6.0349e-05 -0.000237352 0.00695418)
(0.000104143 -0.000242612 0.00701021)
(0.000152235 -0.000245048 0.00700848)
(2.49258e-05 -0.000163704 0.00681377)
(4.66129e-05 -0.000167817 0.00691491)
(7.45844e-05 -0.00017437 0.00697009)
(0.000103968 -0.000179372 0.00698011)
(1.83936e-05 -0.00011675 0.00678473)
(3.44648e-05 -0.000120417 0.00688644)
(5.2886e-05 -0.000126334 0.00694332)
(7.12205e-05 -0.000131358 0.00696027)
(1.33835e-05 -8.41565e-05 0.00676303)
(2.49388e-05 -8.71281e-05 0.00686613)
(3.72977e-05 -9.19336e-05 0.00692506)
(4.9033e-05 -9.61829e-05 0.00694662)
(9.67358e-06 -6.09955e-05 0.00674726)
(1.78588e-05 -6.32948e-05 0.00685167)
(2.62559e-05 -6.70176e-05 0.00691238)
(3.39531e-05 -7.03794e-05 0.00693708)
(6.97294e-06 -4.43291e-05 0.0067359)
(1.27341e-05 -4.60644e-05 0.00684137)
(1.84969e-05 -4.88819e-05 0.00690344)
(2.36561e-05 -5.14621e-05 0.0069303)
(5.02283e-06 -3.22613e-05 0.00672776)
(9.07242e-06 -3.35529e-05 0.00683401)
(1.3063e-05 -3.56595e-05 0.00689707)
(1.65854e-05 -3.761e-05 0.00692539)
(3.61969e-06 -2.34957e-05 0.00672194)
(6.47073e-06 -2.44497e-05 0.00682874)
(9.25683e-06 -2.60142e-05 0.0068925)
(1.16985e-05 -2.74768e-05 0.00692182)
(2.61088e-06 -1.71167e-05 0.00671777)
(4.62419e-06 -1.78181e-05 0.00682496)
(6.58361e-06 -1.89753e-05 0.00688921)
(8.29661e-06 -2.00665e-05 0.00691921)
(1.88468e-06 -1.24662e-05 0.00671479)
(3.31117e-06 -1.29803e-05 0.00682225)
(4.69756e-06 -1.38337e-05 0.00688684)
(5.9102e-06 -1.46447e-05 0.00691729)
(1.36041e-06 -9.0681e-06 0.00671265)
(2.3738e-06 -9.44383e-06 0.0068203)
(3.35894e-06 -1.00711e-05 0.00688512)
(4.22246e-06 -1.06715e-05 0.00691589)
(9.80162e-07 -6.57611e-06 0.00671112)
(1.7006e-06 -6.84955e-06 0.0068189)
(2.40173e-06 -7.30857e-06 0.00688388)
(3.01811e-06 -7.75052e-06 0.00691486)
(7.02386e-07 -4.73774e-06 0.00671003)
(1.21301e-06 -4.93528e-06 0.00681789)
(1.71067e-06 -5.26851e-06 0.00688298)
(2.1495e-06 -5.59101e-06 0.00691412)
(4.97205e-07 -3.36787e-06 0.00670926)
(8.55514e-07 -3.50859e-06 0.00681718)
(1.20515e-06 -3.74699e-06 0.00688235)
(1.51428e-06 -3.97868e-06 0.00691359)
(3.43066e-07 -2.33002e-06 0.00670872)
(5.88776e-07 -2.42757e-06 0.00681668)
(8.28562e-07 -2.59335e-06 0.0068819)
(1.04098e-06 -2.75499e-06 0.00691321)
(2.2502e-07 -1.52588e-06 0.00670835)
(3.86277e-07 -1.59011e-06 0.00681635)
(5.43064e-07 -1.6992e-06 0.0068816)
(6.82169e-07 -1.80574e-06 0.00691296)
(1.36153e-07 -9.04368e-07 0.00670813)
(2.36963e-07 -9.43974e-07 0.00681613)
(3.33368e-07 -1.00942e-06 0.00688141)
(4.19148e-07 -1.073e-06 0.0069128)
(8.07657e-08 -5.12503e-07 0.00670795)
(1.4946e-07 -5.40125e-07 0.00681598)
(2.17134e-07 -5.78998e-07 0.00688127)
(2.75377e-07 -6.1525e-07 0.00691268)
)
;
    }
    procBoundary2to3
    {
        type            processor;
        value           nonuniform List<vector> 
192
(
(-0.000222134 0.00610794 0.00389832)
(-0.00104615 0.0138153 -0.000219135)
(-0.00384386 0.0207597 -0.00135462)
(-0.00246016 0.0170754 0.00659934)
(-0.00115494 0.00141696 0.00404632)
(-0.000478149 0.00155964 0.00394484)
(-0.000746292 0.000988694 0.00704303)
(-0.00175766 0.000218355 0.0111545)
(0.000133754 -0.000302542 0.00378578)
(0.000686314 -0.000837679 0.00408256)
(0.000754395 -0.00121313 0.00485816)
(0.000371186 -0.00129853 0.00563163)
(0.000371332 -0.000455746 0.00532817)
(0.000646198 -0.000785503 0.00560384)
(0.000736122 -0.000939001 0.00598202)
(0.000656167 -0.000973885 0.00627672)
(0.000306323 -0.000370975 0.00609669)
(0.000431521 -0.000535527 0.00625204)
(0.000496423 -0.000613222 0.00645493)
(0.000506757 -0.000647777 0.00662919)
(0.000212863 -0.000286232 0.00649543)
(0.000273789 -0.000365658 0.00658567)
(0.000316062 -0.000408396 0.00670423)
(0.000340791 -0.000429951 0.00682142)
(0.000144217 -0.000219702 0.0067033)
(0.000176666 -0.000257541 0.00676197)
(0.000202964 -0.000278978 0.00683678)
(0.000222591 -0.000287057 0.00691528)
(9.91218e-05 -0.000167399 0.00681162)
(0.000117394 -0.000184854 0.00685286)
(0.000133287 -0.000193683 0.00690247)
(0.000146035 -0.000193387 0.00695407)
(6.95834e-05 -0.00012648 0.00686828)
(8.01746e-05 -0.00013399 0.00689825)
(8.95975e-05 -0.000136131 0.00693204)
(9.72435e-05 -0.000131936 0.00696544)
(4.96869e-05 -9.48761e-05 0.00689812)
(5.59222e-05 -9.76309e-05 0.00692016)
(6.14367e-05 -9.66653e-05 0.00694348)
(6.5824e-05 -9.12835e-05 0.00696482)
(3.58971e-05 -7.07822e-05 0.00691386)
(3.96001e-05 -7.13608e-05 0.00693008)
(4.27939e-05 -6.92336e-05 0.0069463)
(4.52286e-05 -6.40149e-05 0.00695965)
(2.613e-05 -5.26015e-05 0.00692213)
(2.83407e-05 -5.22682e-05 0.00693405)
(3.01721e-05 -4.99351e-05 0.00694533)
(3.14783e-05 -4.5424e-05 0.00695335)
(1.91075e-05 -3.89828e-05 0.00692644)
(2.04319e-05 -3.83397e-05 0.00693517)
(2.14703e-05 -3.6214e-05 0.00694297)
(2.21413e-05 -3.25427e-05 0.00694738)
(1.40083e-05 -2.88302e-05 0.00692864)
(1.48035e-05 -2.81493e-05 0.00693502)
(1.53839e-05 -2.63704e-05 0.00694034)
(1.57061e-05 -2.34866e-05 0.00694228)
(1.02813e-05 -2.12835e-05 0.00692974)
(1.07594e-05 -2.06752e-05 0.00693437)
(1.10776e-05 -1.92549e-05 0.00693793)
(1.12138e-05 -1.70399e-05 0.00693814)
(7.54449e-06 -1.56817e-05 0.00693026)
(7.83234e-06 -1.51794e-05 0.00693361)
(8.00192e-06 -1.40782e-05 0.00693588)
(8.04322e-06 -1.24026e-05 0.00693489)
(5.52706e-06 -1.15233e-05 0.00693049)
(5.70063e-06 -1.11266e-05 0.00693289)
(5.78731e-06 -1.02898e-05 0.00693424)
(5.78345e-06 -9.03675e-06 0.00693238)
(4.03389e-06 -8.43028e-06 0.00693056)
(4.13863e-06 -8.12633e-06 0.00693227)
(4.18002e-06 -7.50046e-06 0.00693296)
(4.15756e-06 -6.57298e-06 0.00693048)
(2.92227e-06 -6.11915e-06 0.00693058)
(2.98541e-06 -5.89202e-06 0.00693178)
(3.00286e-06 -5.43105e-06 0.00693198)
(2.97547e-06 -4.75263e-06 0.00692906)
(2.0867e-06 -4.37692e-06 0.00693056)
(2.12463e-06 -4.21155e-06 0.0069314)
(2.13011e-06 -3.87872e-06 0.00693125)
(2.10445e-06 -3.39105e-06 0.00692802)
(1.44937e-06 -3.04315e-06 0.00693054)
(1.47189e-06 -2.92702e-06 0.00693112)
(1.472e-06 -2.69432e-06 0.00693073)
(1.45099e-06 -2.35426e-06 0.00692728)
(9.57022e-07 -2.00079e-06 0.00693051)
(9.69861e-07 -1.9241e-06 0.00693092)
(9.6798e-07 -1.77068e-06 0.00693037)
(9.52434e-07 -1.5468e-06 0.00692677)
(5.91459e-07 -1.19187e-06 0.0069305)
(5.97718e-07 -1.14602e-06 0.0069308)
(5.9497e-07 -1.05441e-06 0.00693014)
(5.83951e-07 -9.21012e-07 0.00692645)
(3.88177e-07 -6.86205e-07 0.00693049)
(3.8968e-07 -6.58842e-07 0.00693072)
(3.8544e-07 -6.05403e-07 0.00693)
(3.76051e-07 -5.28785e-07 0.00692625)
(-0.00895315 0.00855386 0.00778327)
(-0.0133455 0.00746419 0.00795253)
(-0.00591646 0.00217617 0.00307987)
(-0.00477198 0.00247766 0.0024663)
(-0.00294119 -8.98941e-05 0.0111674)
(-0.00404093 0.00135792 0.011004)
(-0.00233745 0.00174131 0.0110306)
(-0.000689846 0.000845032 0.0112896)
(-6.69748e-05 -0.0012608 0.00605974)
(-0.000355849 -0.00105861 0.00653823)
(-5.23531e-05 -0.000753068 0.00711181)
(0.00035668 -0.000280373 0.00759197)
(0.000542564 -0.00104258 0.00649001)
(0.000490905 -0.00107504 0.00687119)
(0.000561158 -0.000845468 0.0073761)
(0.000656042 -0.000324122 0.00776424)
(0.000498328 -0.000695183 0.00679089)
(0.000499323 -0.000699696 0.00702808)
(0.000515995 -0.000548153 0.00729188)
(0.000536128 -0.000218601 0.00742832)
(0.000353633 -0.000442936 0.00693911)
(0.00036241 -0.000419358 0.00706772)
(0.000367287 -0.000318688 0.00717353)
(0.000372014 -0.000131062 0.00718613)
(0.000234766 -0.000281962 0.0069916)
(0.000241977 -0.000251998 0.00705369)
(0.000244053 -0.000185026 0.00707739)
(0.000245586 -7.75872e-05 0.00702973)
(0.00015418 -0.000182034 0.00699961)
(0.000158731 -0.000155289 0.00702332)
(0.000159695 -0.000110476 0.00700584)
(0.000160293 -4.68795e-05 0.00692866)
(0.000102034 -0.00011989 0.00699045)
(0.000104505 -9.86792e-05 0.00699215)
(0.000104787 -6.83872e-05 0.00695354)
(0.000104964 -2.92062e-05 0.00686184)
(6.84232e-05 -8.06531e-05 0.00697671)
(6.9575e-05 -6.46229e-05 0.00696569)
(6.94645e-05 -4.38611e-05 0.00691588)
(6.94497e-05 -1.87767e-05 0.00681691)
(4.65315e-05 -5.53422e-05 0.00696324)
(4.69409e-05 -4.34696e-05 0.00694473)
(4.66503e-05 -2.9032e-05 0.00688878)
(4.65682e-05 -1.24253e-05 0.00678603)
(3.20609e-05 -3.86279e-05 0.00695164)
(3.2093e-05 -2.99037e-05 0.00692862)
(3.17534e-05 -1.97292e-05 0.00686918)
(3.16651e-05 -8.4284e-06 0.00676437)
(2.23453e-05 -2.73375e-05 0.00694224)
(2.22099e-05 -2.0943e-05 0.00691642)
(2.18886e-05 -1.36915e-05 0.00685492)
(2.18176e-05 -5.83353e-06 0.00674894)
(1.57242e-05 -1.95548e-05 0.00693487)
(1.55327e-05 -1.48695e-05 0.00690726)
(1.52577e-05 -9.65523e-06 0.00684448)
(1.52087e-05 -4.1015e-06 0.00673781)
(1.11504e-05 -1.40965e-05 0.00692919)
(1.09573e-05 -1.06629e-05 0.00690041)
(1.07348e-05 -6.88914e-06 0.00683682)
(1.07048e-05 -2.91769e-06 0.00672972)
(7.95234e-06 -1.02135e-05 0.00692488)
(7.78102e-06 -7.69745e-06 0.0068953)
(7.60722e-06 -4.95483e-06 0.00683119)
(7.59123e-06 -2.09253e-06 0.00672379)
(5.69142e-06 -7.4178e-06 0.00692164)
(5.54937e-06 -5.5763e-06 0.00689152)
(5.41692e-06 -3.57968e-06 0.00682704)
(5.41011e-06 -1.50791e-06 0.00671945)
(4.07593e-06 -5.38331e-06 0.00691922)
(3.96313e-06 -4.03986e-06 0.00688872)
(3.86407e-06 -2.58818e-06 0.006824)
(3.86274e-06 -1.08779e-06 0.00671628)
(2.90825e-06 -3.88642e-06 0.00691743)
(2.82158e-06 -2.91312e-06 0.00688666)
(2.74879e-06 -1.8636e-06 0.00682177)
(2.75035e-06 -7.81738e-07 0.00671395)
(2.05206e-06 -2.77014e-06 0.00691613)
(1.98758e-06 -2.07484e-06 0.00688517)
(1.93523e-06 -1.32598e-06 0.00682016)
(1.93799e-06 -5.55322e-07 0.00671228)
(1.41233e-06 -1.92197e-06 0.0069152)
(1.36623e-06 -1.43904e-06 0.00688412)
(1.32973e-06 -9.19171e-07 0.00681902)
(1.3326e-06 -3.84488e-07 0.00671109)
(9.25678e-07 -1.26245e-06 0.00691457)
(8.94455e-07 -9.45438e-07 0.0068834)
(8.70044e-07 -6.0429e-07 0.00681824)
(8.72031e-07 -2.52761e-07 0.00671028)
(5.66228e-07 -7.51867e-07 0.00691417)
(5.4586e-07 -5.64059e-07 0.00688294)
(5.29432e-07 -3.62248e-07 0.00681775)
(5.28889e-07 -1.52273e-07 0.00670978)
(3.62812e-07 -4.32573e-07 0.00691393)
(3.48012e-07 -3.25277e-07 0.00688266)
(3.34417e-07 -2.07135e-07 0.00681745)
(3.29164e-07 -8.72592e-08 0.00670945)
)
;
    }
}


// ************************************************************************* //
