/*--------------------------------*- C++ -*----------------------------------*\
  =========                 |
  \\      /  F ield         | OpenFOAM: The Open Source CFD Toolbox
   \\    /   O peration     | Website:  https://openfoam.org
    \\  /    A nd           | Version:  6
     \\/     M anipulation  |
\*---------------------------------------------------------------------------*/
FoamFile
{
    version     2.0;
    format      ascii;
    class       volVectorField;
    location    "0.03";
    object      U;
}
// * * * * * * * * * * * * * * * * * * * * * * * * * * * * * * * * * * * * * //

dimensions      [0 1 -1 0 0 0 0];

internalField   nonuniform List<vector> 
1152
(
(-0.0025498 -0.00180295 0.00222513)
(-0.00156849 0.00184892 0.00375156)
(0.00220276 0.00315585 0.00204966)
(-0.00371736 -0.000999998 -0.00172696)
(-0.00205704 -0.00116536 0.00214968)
(0.00142673 0.000966532 0.00107131)
(0.00236839 0.00129345 0.00125623)
(0.00388936 0.00286377 0.00137059)
(-0.00134077 -0.00163074 0.0016634)
(0.000646278 -0.00336442 -2.68796e-05)
(0.00188284 0.000179289 0.00126605)
(-0.00612635 0.00268386 0.00133983)
(-0.000311139 -0.0022334 -0.000724951)
(-0.00113573 -0.00167322 0.000485845)
(0.000332567 0.000698816 -0.000290839)
(-0.00816157 0.00295036 -8.77348e-05)
(-0.0023726 -0.0014634 0.0102168)
(-0.00211249 -0.000568102 0.012279)
(-0.00105636 -0.000431946 0.0127635)
(-0.000928794 -0.000785184 0.00693396)
(-0.00178028 -0.00111779 0.014558)
(-0.00119326 -0.000448895 0.0145212)
(-0.000761708 -0.000610807 0.0154069)
(-1.46806e-05 -0.000578306 0.0114545)
(-0.00124316 -0.000432221 0.0175873)
(-0.0011697 -0.000634807 0.0149422)
(-0.00121604 -0.000425567 0.0180534)
(-0.00121958 -0.000408718 0.0135927)
(-0.000166197 -0.00115718 0.0112891)
(-0.00131206 -0.000745941 0.0118303)
(-0.00209334 -6.9074e-05 0.0154763)
(-0.00287223 -0.000531349 0.0123927)
(-0.000390771 -0.00118474 0.00667086)
(4.79826e-06 -0.00117474 0.00670714)
(0.000616984 -0.00126567 0.00597928)
(0.000694549 -0.00112538 0.00433248)
(-0.000405541 -0.0013109 0.0076238)
(0.000107421 -0.00121407 0.00721884)
(0.000666743 -0.00136455 0.00695107)
(0.00106089 -0.00137911 0.00574405)
(-0.000177491 -0.00120398 0.00809953)
(0.000199024 -0.00111918 0.00712521)
(0.000545384 -0.00111245 0.00744848)
(0.000912193 -0.00121333 0.00640596)
(0.000181341 -0.00146635 0.00728232)
(0.000279554 -0.00117798 0.00698402)
(0.000368251 -0.000898491 0.00722471)
(0.000413705 -0.00100746 0.00610485)
(0.000361403 -0.000820062 0.00729829)
(0.000625228 -0.000859384 0.00704894)
(0.000875426 -0.000898187 0.00650463)
(0.000796058 -0.000802545 0.00576624)
(0.00026835 -0.000910132 0.0076972)
(0.000599063 -0.000948017 0.00742023)
(0.00088644 -0.00103063 0.00701714)
(0.000967381 -0.00100899 0.00632945)
(0.000239637 -0.000899931 0.00798811)
(0.000579727 -0.000933777 0.00764292)
(0.000851424 -0.000968528 0.00735938)
(0.000981747 -0.000968494 0.0067194)
(0.000219195 -0.00100063 0.00809337)
(0.000545357 -0.000990668 0.0078432)
(0.0008303 -0.000935956 0.00750319)
(0.000897539 -0.000906616 0.00680696)
(0.000406212 -0.00056078 0.00724775)
(0.000552706 -0.000578793 0.00705622)
(0.000640419 -0.000578835 0.00674938)
(0.000556708 -0.000522809 0.00639143)
(0.000347893 -0.000614012 0.00744573)
(0.000531462 -0.000651959 0.00727201)
(0.000654328 -0.000678793 0.00700532)
(0.000637783 -0.000649169 0.00664448)
(0.000294786 -0.000632513 0.00761842)
(0.000502818 -0.000674987 0.00745744)
(0.000650072 -0.000695774 0.00722761)
(0.000670314 -0.000670702 0.00687003)
(0.000235481 -0.000681648 0.00774802)
(0.000465202 -0.000710294 0.00763326)
(0.00065415 -0.000712051 0.00739956)
(0.000678842 -0.000675727 0.00701292)
(0.000295245 -0.000389704 0.00717004)
(0.000372492 -0.000398957 0.00704955)
(0.000404569 -0.00039268 0.00688023)
(0.000350981 -0.000360146 0.00669976)
(0.000265073 -0.00041822 0.0072852)
(0.000362051 -0.00044307 0.00717656)
(0.000416829 -0.000451024 0.00701782)
(0.000392267 -0.000429385 0.00682923)
(0.000227337 -0.000430824 0.00739868)
(0.000342452 -0.000461512 0.00730453)
(0.000419133 -0.000473504 0.00715867)
(0.000417302 -0.000456224 0.00696588)
(0.00018164 -0.000443186 0.00750195)
(0.000315822 -0.000471041 0.00743407)
(0.000420414 -0.000484226 0.00729389)
(0.000433828 -0.000466244 0.00708723)
(0.000196543 -0.000276872 0.00712525)
(0.000237705 -0.000282971 0.00705222)
(0.000250693 -0.00027833 0.00695659)
(0.000220249 -0.000259952 0.00685988)
(0.000180435 -0.000290469 0.00719907)
(0.000232502 -0.00030566 0.00713295)
(0.000258894 -0.00030843 0.00703964)
(0.000242645 -0.000295157 0.0069367)
(0.00015763 -0.000293584 0.00727366)
(0.000220722 -0.000313407 0.00721869)
(0.00026123 -0.000320861 0.0071307)
(0.000258543 -0.000311269 0.00702394)
(0.000128896 -0.000289082 0.00734173)
(0.000203538 -0.000309152 0.00730455)
(0.000260092 -0.000320495 0.00722311)
(0.000269743 -0.000313315 0.00711097)
(0.000129389 -0.000199077 0.00709645)
(0.000152182 -0.000203544 0.00705283)
(0.000158261 -0.000201114 0.00699731)
(0.000141575 -0.00019089 0.00694233)
(0.000119989 -0.000204108 0.00714636)
(0.000149087 -0.000213555 0.00710695)
(0.000163017 -0.000215115 0.00705196)
(0.000154083 -0.000207594 0.00699315)
(0.000106276 -0.000201338 0.00719516)
(0.000141838 -0.000213952 0.00716384)
(0.000164226 -0.000218912 0.00711186)
(0.00016343 -0.000214072 0.00705074)
(8.87119e-05 -0.000190739 0.0072355)
(0.000130849 -0.000204349 0.0072178)
(0.000162354 -0.000212399 0.00717162)
(0.000169751 -0.000210117 0.00710889)
(8.59162e-05 -0.000143896 0.0070759)
(9.92425e-05 -0.00014733 0.00705015)
(0.000102684 -0.000146378 0.00701708)
(9.37389e-05 -0.000140745 0.00698434)
(7.98908e-05 -0.000144489 0.00711029)
(9.70202e-05 -0.000150685 0.00708744)
(0.000105173 -0.000151982 0.00705468)
(0.000100782 -0.00014793 0.00701978)
(7.12869e-05 -0.000139226 0.00714167)
(9.22586e-05 -0.000147439 0.00712503)
(0.000105475 -0.000150939 0.00709453)
(0.000106035 -0.000148726 0.0070585)
(6.03687e-05 -0.000127697 0.00716287)
(8.50824e-05 -0.000136857 0.00715758)
(0.000103571 -0.000142412 0.00713214)
(0.00010928 -0.000142168 0.00709614)
(5.77676e-05 -0.000104257 0.00706087)
(6.60189e-05 -0.000106949 0.007046)
(6.83549e-05 -0.000106822 0.00702585)
(6.36964e-05 -0.000103764 0.00700557)
(5.36144e-05 -0.000102851 0.0070846)
(6.42462e-05 -0.000107131 0.00707202)
(6.94978e-05 -0.000108333 0.00705227)
(6.76505e-05 -0.00010627 0.00703085)
(4.79405e-05 -9.71074e-05 0.00710415)
(6.0917e-05 -0.000102639 0.00709674)
(6.92633e-05 -0.000105229 0.00707899)
(7.04829e-05 -0.000104401 0.00705719)
(4.09351e-05 -8.67669e-05 0.00711264)
(5.60725e-05 -9.30133e-05 0.0071153)
(6.75507e-05 -9.69029e-05 0.00710211)
(7.19762e-05 -9.74428e-05 0.00708109)
(3.93241e-05 -7.56461e-05 0.00704963)
(4.47073e-05 -7.7764e-05 0.00704147)
(4.64863e-05 -7.80413e-05 0.007029)
(4.41718e-05 -7.64243e-05 0.00701602)
(3.633e-05 -7.35628e-05 0.00706588)
(4.32476e-05 -7.66305e-05 0.0070597)
(4.68832e-05 -7.77276e-05 0.00704775)
(4.63651e-05 -7.67694e-05 0.00703422)
(3.24329e-05 -6.83079e-05 0.00707734)
(4.08183e-05 -7.21477e-05 0.00707578)
(4.6392e-05 -7.41183e-05 0.00706571)
(4.78123e-05 -7.39877e-05 0.00705226)
(2.77908e-05 -5.98011e-05 0.00707744)
(3.74444e-05 -6.41344e-05 0.00708522)
(4.49305e-05 -6.69142e-05 0.00707942)
(4.8363e-05 -6.76963e-05 0.0070671)
(2.70739e-05 -5.49528e-05 0.00704113)
(3.07379e-05 -5.6614e-05 0.0070372)
(3.21599e-05 -5.70529e-05 0.00702943)
(3.11041e-05 -5.62375e-05 0.00702092)
(2.4862e-05 -5.284e-05 0.00705208)
(2.95382e-05 -5.50891e-05 0.00704995)
(3.21719e-05 -5.60524e-05 0.00704278)
(3.22944e-05 -5.56878e-05 0.00703406)
(2.21053e-05 -4.84273e-05 0.00705799)
(2.77216e-05 -5.11559e-05 0.00706016)
(3.15982e-05 -5.26751e-05 0.00705482)
(3.29711e-05 -5.28683e-05 0.00704643)
(1.89398e-05 -4.1747e-05 0.00705255)
(2.53129e-05 -4.48022e-05 0.00706363)
(3.03884e-05 -4.68232e-05 0.00706237)
(3.30444e-05 -4.76164e-05 0.00705528)
(1.88285e-05 -3.99663e-05 0.00703469)
(2.1401e-05 -4.12612e-05 0.00703347)
(2.25488e-05 -4.1732e-05 0.00702868)
(2.21497e-05 -4.13561e-05 0.00702299)
(1.71748e-05 -3.80981e-05 0.00704187)
(2.04275e-05 -3.97681e-05 0.00704235)
(2.23826e-05 -4.05842e-05 0.00703819)
(2.27724e-05 -4.05231e-05 0.00703248)
(1.51859e-05 -3.45694e-05 0.00704396)
(1.90529e-05 -3.65408e-05 0.00704853)
(2.18225e-05 -3.77159e-05 0.00704617)
(2.30351e-05 -3.8034e-05 0.00704093)
(1.29769e-05 -2.94649e-05 0.00703482)
(1.73032e-05 -3.1648e-05 0.00704803)
(2.08428e-05 -3.31342e-05 0.00704962)
(2.28889e-05 -3.38457e-05 0.00704578)
(1.3209e-05 -2.90969e-05 0.00702983)
(1.50533e-05 -3.00992e-05 0.00703039)
(1.59734e-05 -3.05384e-05 0.00702752)
(1.59003e-05 -3.0397e-05 0.00702368)
(1.19667e-05 -2.75566e-05 0.00703432)
(1.42749e-05 -2.88041e-05 0.0070365)
(1.57422e-05 -2.94759e-05 0.00703427)
(1.62066e-05 -2.95572e-05 0.00703052)
(1.05137e-05 -2.4819e-05 0.00703375)
(1.32306e-05 -2.62589e-05 0.0070399)
(1.5242e-05 -2.7166e-05 0.00703943)
(1.62577e-05 -2.75072e-05 0.00703623)
(8.94524e-06 -2.0984e-05 0.00702211)
(1.19457e-05 -2.25597e-05 0.00703672)
(1.44623e-05 -2.36599e-05 0.00704014)
(1.60298e-05 -2.42598e-05 0.00703836)
(9.33454e-06 -2.11995e-05 0.00702619)
(1.06738e-05 -2.19696e-05 0.00702792)
(1.14023e-05 -2.23506e-05 0.00702632)
(1.1477e-05 -2.23283e-05 0.00702371)
(8.40048e-06 -1.99808e-05 0.00702875)
(1.006e-05 -2.09147e-05 0.00703205)
(1.11647e-05 -2.14551e-05 0.00703109)
(1.16109e-05 -2.15918e-05 0.00702864)
(7.33148e-06 -1.78989e-05 0.00702632)
(9.26717e-06 -1.89573e-05 0.0070335)
(1.07413e-05 -1.96541e-05 0.00703428)
(1.15629e-05 -1.99703e-05 0.00703241)
(6.20424e-06 -1.50487e-05 0.00701298)
(8.31794e-06 -1.61939e-05 0.00702851)
(1.01297e-05 -1.70108e-05 0.00703311)
(1.13232e-05 -1.7498e-05 0.00703268)
(6.63401e-06 -1.54482e-05 0.00702347)
(7.61328e-06 -1.60355e-05 0.00702599)
(8.18234e-06 -1.63516e-05 0.00702524)
(8.31198e-06 -1.63846e-05 0.00702349)
(5.93292e-06 -1.45094e-05 0.00702465)
(7.13556e-06 -1.52079e-05 0.0070287)
(7.96614e-06 -1.56346e-05 0.00702859)
(8.3554e-06 -1.57817e-05 0.00702701)
(5.14393e-06 -1.29478e-05 0.00702091)
(6.53555e-06 -1.37281e-05 0.00702877)
(7.62023e-06 -1.426e-05 0.00703038)
(8.26866e-06 -1.4532e-05 0.0070294)
(4.32757e-06 -1.08452e-05 0.00700639)
(5.8327e-06 -1.1681e-05 0.00702252)
(7.14668e-06 -1.22877e-05 0.00702791)
(8.04958e-06 -1.26735e-05 0.00702837)
(4.73218e-06 -1.12469e-05 0.00702145)
(5.44988e-06 -1.16914e-05 0.00702451)
(5.8883e-06 -1.19456e-05 0.00702435)
(6.0271e-06 -1.19999e-05 0.00702318)
(4.20794e-06 -1.05373e-05 0.00702164)
(5.08257e-06 -1.10582e-05 0.00702619)
(5.70435e-06 -1.13897e-05 0.00702667)
(6.0258e-06 -1.15257e-05 0.00702569)
(3.62558e-06 -9.37825e-06 0.00701697)
(4.63089e-06 -9.95359e-06 0.00702529)
(5.42927e-06 -1.03565e-05 0.00702747)
(5.93141e-06 -1.05799e-05 0.00702709)
(3.0321e-06 -7.83628e-06 0.00700163)
(4.11084e-06 -8.44715e-06 0.00701817)
(5.06691e-06 -8.89691e-06 0.00702409)
(5.74525e-06 -9.19647e-06 0.00702514)
(3.37883e-06 -8.16467e-06 0.00701995)
(3.90389e-06 -8.49808e-06 0.00702339)
(4.23698e-06 -8.69746e-06 0.00702364)
(4.36353e-06 -8.75523e-06 0.00702287)
(2.98918e-06 -7.6364e-06 0.00701944)
(3.62496e-06 -8.02279e-06 0.00702434)
(4.08721e-06 -8.27643e-06 0.00702521)
(4.34292e-06 -8.39268e-06 0.00702465)
(2.5607e-06 -6.78426e-06 0.00701411)
(3.28745e-06 -7.20721e-06 0.00702275)
(3.87327e-06 -7.5097e-06 0.0070253)
(4.25575e-06 -7.68715e-06 0.00702534)
(2.1293e-06 -5.66034e-06 0.00699819)
(2.90414e-06 -6.10611e-06 0.007015)
(3.59933e-06 -6.43801e-06 0.00702128)
(4.10478e-06 -6.66675e-06 0.00702274)
(2.40454e-06 -5.88871e-06 0.00701886)
(2.78613e-06 -6.13578e-06 0.00702255)
(3.03528e-06 -6.28849e-06 0.00702308)
(3.14093e-06 -6.3409e-06 0.00702261)
(2.11775e-06 -5.50132e-06 0.00701784)
(2.57737e-06 -5.78526e-06 0.00702298)
(2.91747e-06 -5.97617e-06 0.00702412)
(3.11466e-06 -6.07045e-06 0.00702385)
(1.80486e-06 -4.8817e-06 0.00701204)
(2.32795e-06 -5.19035e-06 0.00702089)
(2.75458e-06 -5.41472e-06 0.0070237)
(3.04092e-06 -5.55178e-06 0.00702403)
(1.49289e-06 -4.0695e-06 0.00699571)
(2.04774e-06 -4.39282e-06 0.00701271)
(2.55046e-06 -4.63568e-06 0.00701923)
(2.92284e-06 -4.80735e-06 0.00702098)
(1.69286e-06 -4.19048e-06 0.00701807)
(1.96621e-06 -4.37019e-06 0.00702194)
(2.14866e-06 -4.48403e-06 0.00702267)
(2.23168e-06 -4.52738e-06 0.0070224)
(1.48529e-06 -3.91184e-06 0.00701669)
(1.8132e-06 -4.11708e-06 0.00702199)
(2.05913e-06 -4.2576e-06 0.00702332)
(2.20651e-06 -4.3307e-06 0.00702326)
(1.26023e-06 -3.46873e-06 0.00701055)
(1.63214e-06 -3.69065e-06 0.00701955)
(1.93826e-06 -3.85399e-06 0.00702255)
(2.1479e-06 -3.95673e-06 0.00702308)
(1.03756e-06 -2.89041e-06 0.00699394)
(1.43048e-06 -3.12172e-06 0.00701107)
(1.78923e-06 -3.29666e-06 0.00701775)
(2.05874e-06 -3.42268e-06 0.00701969)
(1.1631e-06 -2.90185e-06 0.00701752)
(1.35342e-06 -3.02845e-06 0.00702151)
(1.48254e-06 -3.11015e-06 0.00702237)
(1.54435e-06 -3.1435e-06 0.00702224)
(1.01742e-06 -2.70762e-06 0.00701588)
(1.24505e-06 -2.85152e-06 0.00702129)
(1.41748e-06 -2.95136e-06 0.00702275)
(1.52335e-06 -3.00522e-06 0.00702283)
(8.60166e-07 -2.39995e-06 0.00700951)
(1.1177e-06 -2.55495e-06 0.00701861)
(1.33111e-06 -2.6701e-06 0.00702172)
(1.47943e-06 -2.74404e-06 0.00702239)
(7.05571e-07 -1.99956e-06 0.0069927)
(9.76791e-07 -2.16048e-06 0.00700991)
(1.22586e-06 -2.28284e-06 0.00701671)
(1.41494e-06 -2.37221e-06 0.00701878)
(7.62124e-07 -1.90213e-06 0.00701714)
(8.87875e-07 -1.98625e-06 0.00702121)
(9.74138e-07 -2.04131e-06 0.00702216)
(1.01699e-06 -2.06496e-06 0.00702212)
(6.65589e-07 -1.77413e-06 0.00701533)
(8.15582e-07 -1.86944e-06 0.00702081)
(9.29901e-07 -1.93624e-06 0.00702236)
(1.0013e-06 -1.97324e-06 0.00702253)
(5.61705e-07 -1.57205e-06 0.00700881)
(7.31003e-07 -1.67447e-06 0.00701797)
(8.71847e-07 -1.75112e-06 0.00702117)
(9.70692e-07 -1.8011e-06 0.00702192)
(4.6002e-07 -1.30965e-06 0.00699187)
(6.37843e-07 -1.41569e-06 0.00700913)
(8.01677e-07 -1.49669e-06 0.007016)
(9.26866e-07 -1.55652e-06 0.00701816)
(4.68807e-07 -1.12958e-06 0.0070169)
(5.45973e-07 -1.18027e-06 0.00702102)
(5.99068e-07 -1.21395e-06 0.00702203)
(6.25853e-07 -1.22916e-06 0.00702205)
(4.10785e-07 -1.05247e-06 0.00701498)
(5.02146e-07 -1.10981e-06 0.00702052)
(5.71655e-07 -1.15054e-06 0.00702212)
(6.15189e-07 -1.17383e-06 0.00702234)
(3.48647e-07 -9.31864e-07 0.00700837)
(4.51028e-07 -9.93233e-07 0.00701757)
(5.35934e-07 -1.03978e-06 0.00702082)
(5.95481e-07 -1.07084e-06 0.00702163)
(2.88334e-07 -7.76036e-07 0.00699135)
(3.95028e-07 -8.3908e-07 0.00700865)
(4.93044e-07 -8.88012e-07 0.00701556)
(5.67869e-07 -9.24952e-07 0.00701777)
(3.04403e-07 -6.40019e-07 0.00701673)
(3.52735e-07 -6.70504e-07 0.00702089)
(3.85616e-07 -6.91307e-07 0.00702194)
(4.01719e-07 -7.01689e-07 0.007022)
(2.6898e-07 -5.91595e-07 0.00701475)
(3.25713e-07 -6.27025e-07 0.00702032)
(3.67965e-07 -6.5268e-07 0.00702196)
(3.93598e-07 -6.68313e-07 0.00702222)
(2.29627e-07 -5.1807e-07 0.00700808)
(2.9341e-07 -5.57331e-07 0.00701731)
(3.44771e-07 -5.87378e-07 0.00702059)
(3.79695e-07 -6.08141e-07 0.00702144)
(1.89486e-07 -4.24525e-07 0.006991)
(2.56792e-07 -4.66187e-07 0.00700833)
(3.1645e-07 -4.99111e-07 0.00701527)
(3.60642e-07 -5.24248e-07 0.00701752)
(-0.000841811 0.00346733 0.00016169)
(-0.0016471 -0.000361961 3.46127e-06)
(-0.00306809 0.00702516 0.00103023)
(-0.0120691 0.00519517 0.00584439)
(-0.00163028 -0.000743761 0.0043502)
(-0.00149504 -0.000205771 0.000457742)
(-0.00580231 0.0117665 -0.00454159)
(-0.0194844 0.00519463 0.00619307)
(-0.00290483 -0.00121056 0.00745463)
(-0.0132203 -0.00210521 0.00217316)
(-0.00987489 0.000507004 0.00799736)
(-0.0185404 0.0127823 0.00530888)
(-0.00241056 -0.00170782 0.00645196)
(-0.0390248 -0.0195723 -0.0260366)
(-0.00826774 0.00185118 0.0102897)
(-0.00547884 0.00301595 0.00772815)
(0.000206131 -0.00230106 0.0131225)
(-0.00136547 -0.00116675 0.0127601)
(-0.00367269 0.000309773 0.00958817)
(-0.00503376 -8.3872e-05 0.00924875)
(0.000470014 -0.0028003 0.0146036)
(-0.00122532 -0.00154333 0.0140752)
(-0.00407491 -0.000699454 0.00755213)
(-0.0062406 0.000753123 0.00927958)
(5.02321e-06 -0.00206711 0.0146661)
(-0.00389942 -0.000610699 0.0155738)
(-0.00400931 -0.00136518 0.0193823)
(-0.00401588 0.00136157 0.0125722)
(-5.91381e-06 -0.00070041 0.0144308)
(-0.00562372 -0.00173349 0.0121602)
(-0.00419278 -0.000724901 0.0177367)
(-0.000949383 0.00023038 0.0130504)
(0.000201233 -0.00173525 0.00790666)
(0.000300085 -0.00136339 0.00766506)
(0.000150337 -0.00108294 0.00696249)
(-5.39721e-05 -0.000983507 0.00603007)
(6.65537e-05 -0.00170858 0.00861598)
(2.59294e-05 -0.00135521 0.00879388)
(6.05175e-05 -0.0015111 0.00820822)
(-7.69992e-05 -0.00109126 0.00680042)
(-0.00018159 -0.00140164 0.0090804)
(-0.000767187 -0.000854793 0.00964892)
(-0.000105695 -0.00132147 0.0116128)
(0.000563378 -0.000894165 0.00856436)
(-0.000414981 -0.000810842 0.00909272)
(-0.00122862 -0.000591134 0.00848048)
(-0.000416959 -0.000517098 0.0120792)
(0.00116054 -0.000274681 0.00965474)
(0.000108174 -0.00109712 0.0084226)
(0.000468836 -0.0011052 0.00827066)
(0.000832676 -0.00111121 0.00779026)
(0.000857153 -0.001003 0.00694852)
(-8.00194e-05 -0.00102186 0.00863679)
(0.000190809 -0.00101631 0.00878919)
(0.000774139 -0.00123847 0.00860349)
(0.000949463 -0.00110877 0.00746333)
(-0.00027122 -0.000826416 0.00874974)
(-0.000234244 -0.000668609 0.00910861)
(0.000571381 -0.000926602 0.00969594)
(0.00112025 -0.000851969 0.00828741)
(-0.00042753 -0.000555794 0.00873993)
(-0.000513773 -0.000370975 0.00893247)
(0.000294022 -0.000278056 0.0101129)
(0.0012073 -0.00021561 0.00881444)
(0.00013193 -0.000682669 0.00790693)
(0.000396657 -0.00073115 0.00787842)
(0.000661639 -0.000778931 0.0076496)
(0.000703628 -0.000724537 0.00718152)
(-4.78391e-06 -0.000602036 0.00797817)
(0.000219666 -0.000637174 0.00812216)
(0.000608931 -0.000766827 0.00807066)
(0.000753521 -0.000729402 0.00749095)
(-0.000130165 -0.000482571 0.00798553)
(-2.69106e-06 -0.000435436 0.00824627)
(0.000479601 -0.000539821 0.00850169)
(0.000790161 -0.000531267 0.00785867)
(-0.000241409 -0.000326474 0.00792277)
(-0.000175867 -0.000215477 0.00817395)
(0.000322248 -0.000138941 0.00866556)
(0.000784727 -0.000130364 0.00803451)
(0.000112266 -0.000416711 0.00759387)
(0.00026902 -0.00045496 0.00757946)
(0.000416882 -0.000490932 0.00746092)
(0.000453164 -0.000471809 0.00722247)
(2.69558e-05 -0.000352885 0.00762102)
(0.000169875 -0.000379718 0.00769639)
(0.0003784 -0.00044138 0.00766597)
(0.000470112 -0.000434608 0.00739015)
(-5.20087e-05 -0.000273373 0.00760091)
(5.4794e-05 -0.000257572 0.00773871)
(0.000307793 -0.000297779 0.00783171)
(0.000471691 -0.000301552 0.00753556)
(-0.000122948 -0.000177455 0.00753227)
(-4.39693e-05 -0.00011248 0.00768142)
(0.000226199 -6.80196e-05 0.00786402)
(0.000458627 -7.33095e-05 0.00756347)
(8.57354e-05 -0.000260321 0.00738733)
(0.000174783 -0.000284583 0.00738586)
(0.000253592 -0.000305914 0.00732376)
(0.000279346 -0.000300976 0.0072012)
(3.45577e-05 -0.00021408 0.00738636)
(0.000120266 -0.000229089 0.00743451)
(0.000228401 -0.000257658 0.00741787)
(0.000283089 -0.000259422 0.00728468)
(-1.39747e-05 -0.000159743 0.00734708)
(5.9129e-05 -0.000150884 0.00742892)
(0.000189825 -0.00016626 0.00746465)
(0.0002778 -0.0001724 0.00732614)
(-5.86352e-05 -9.67829e-05 0.00726845)
(3.50749e-06 -5.66839e-05 0.00735872)
(0.000146938 -3.31275e-05 0.00742854)
(0.000267354 -4.1288e-05 0.00728503)
(6.18591e-05 -0.000166138 0.00725203)
(0.000113288 -0.000181113 0.00725968)
(0.000156372 -0.00019348 0.00722825)
(0.000173755 -0.000193469 0.00716346)
(3.07458e-05 -0.000133647 0.00723408)
(8.22805e-05 -0.000141545 0.00727112)
(0.000140187 -0.000155298 0.00726519)
(0.000173077 -0.000158832 0.00719921)
(5.35012e-07 -9.63663e-05 0.00718317)
(4.81364e-05 -9.01392e-05 0.00723835)
(0.000118061 -9.60938e-05 0.00725688)
(0.000167519 -0.000101808 0.0071907)
(-2.78154e-05 -5.43849e-05 0.00709839)
(1.60151e-05 -2.90609e-05 0.00715545)
(9.43037e-05 -1.65879e-05 0.00718598)
(0.000160066 -2.39727e-05 0.00711645)
(4.33421e-05 -0.000108287 0.00716139)
(7.40622e-05 -0.000117642 0.0071755)
(9.8817e-05 -0.000125088 0.00716155)
(0.000110563 -0.000126526 0.00712665)
(2.39456e-05 -8.57047e-05 0.00713275)
(5.55833e-05 -8.97674e-05 0.00716578)
(8.82421e-05 -9.68299e-05 0.00716807)
(0.000108651 -0.000100187 0.00713524)
(4.76538e-06 -6.01303e-05 0.00707436)
(3.54882e-05 -5.54588e-05 0.00711734)
(7.48404e-05 -5.78197e-05 0.00713267)
(0.0001041 -6.23898e-05 0.00710149)
(-1.35433e-05 -3.19301e-05 0.00698549)
(1.62155e-05 -1.55918e-05 0.00702596)
(6.08817e-05 -8.76343e-06 0.00704437)
(9.88847e-05 -1.44762e-05 0.00701099)
(2.98842e-05 -7.20099e-05 0.00710001)
(4.89029e-05 -7.80198e-05 0.00711862)
(6.39233e-05 -8.27438e-05 0.00711495)
(7.20241e-05 -8.44148e-05 0.00709623)
(1.746e-05 -5.63403e-05 0.00706464)
(3.7375e-05 -5.84274e-05 0.00709652)
(5.68318e-05 -6.23287e-05 0.00710466)
(6.99803e-05 -6.50533e-05 0.00708913)
(5.00926e-06 -3.87489e-05 0.0070015)
(2.49691e-05 -3.52331e-05 0.00703898)
(4.83204e-05 -3.61886e-05 0.00705522)
(6.65006e-05 -3.96069e-05 0.007042)
(-7.04323e-06 -1.96923e-05 0.00691003)
(1.29461e-05 -8.92268e-06 0.0069425)
(3.96809e-05 -4.97032e-06 0.00695817)
(6.2856e-05 -9.09044e-06 0.00694332)
(2.04545e-05 -4.87876e-05 0.00705788)
(3.26234e-05 -5.27678e-05 0.00707956)
(4.21916e-05 -5.59114e-05 0.00708212)
(4.79026e-05 -5.74251e-05 0.00707255)
(1.22924e-05 -3.78804e-05 0.00701825)
(2.51451e-05 -3.89615e-05 0.00705008)
(3.73178e-05 -4.12725e-05 0.00706221)
(4.60872e-05 -4.33625e-05 0.00705623)
(4.03474e-06 -2.5718e-05 0.00695208)
(1.7174e-05 -2.30903e-05 0.00698717)
(3.17078e-05 -2.34748e-05 0.00700517)
(4.34912e-05 -2.59509e-05 0.00700172)
(-4.05333e-06 -1.27456e-05 0.00685898)
(9.40728e-06 -5.49019e-06 0.00688769)
(2.61335e-05 -3.04895e-06 0.0069036)
(4.09385e-05 -5.92016e-06 0.00689875)
(1.39717e-05 -3.36068e-05 0.00702862)
(2.19835e-05 -3.63182e-05 0.00705236)
(2.83243e-05 -3.84897e-05 0.00705877)
(3.24242e-05 -3.97486e-05 0.00705459)
(8.4887e-06 -2.59738e-05 0.00698629)
(1.69778e-05 -2.65437e-05 0.00701839)
(2.49071e-05 -2.79965e-05 0.00703318)
(3.09251e-05 -2.95638e-05 0.00703272)
(2.90433e-06 -1.75095e-05 0.00691818)
(1.16896e-05 -1.55584e-05 0.00695226)
(2.11041e-05 -1.57018e-05 0.00697187)
(2.90076e-05 -1.74697e-05 0.00697399)
(-2.6197e-06 -8.60526e-06 0.00682405)
(6.52282e-06 -3.61723e-06 0.00685103)
(1.73901e-05 -2.01218e-06 0.00686786)
(2.72128e-05 -3.98006e-06 0.00686869)
(9.55583e-06 -2.34795e-05 0.00700809)
(1.49574e-05 -2.53705e-05 0.0070332)
(1.9288e-05 -2.69105e-05 0.00704203)
(2.22701e-05 -2.79169e-05 0.00704114)
(5.80269e-06 -1.81051e-05 0.00696402)
(1.15248e-05 -1.84136e-05 0.00699644)
(1.68559e-05 -1.93702e-05 0.00701298)
(2.10771e-05 -2.05346e-05 0.00701584)
(1.96222e-06 -1.21725e-05 0.00689468)
(7.92812e-06 -1.07299e-05 0.00692836)
(1.42232e-05 -1.07688e-05 0.00694917)
(1.96668e-05 -1.20248e-05 0.00695463)
(-1.86846e-06 -6.00755e-06 0.0067999)
(4.40856e-06 -2.51774e-06 0.00682608)
(1.16874e-05 -1.40706e-06 0.00684381)
(1.83991e-05 -2.74664e-06 0.006848)
(6.55762e-06 -1.6595e-05 0.00699357)
(1.02692e-05 -1.7938e-05 0.00701958)
(1.32926e-05 -1.90492e-05 0.00702995)
(1.54797e-05 -1.98358e-05 0.00703113)
(3.9489e-06 -1.27881e-05 0.00694838)
(7.87239e-06 -1.29612e-05 0.00698105)
(1.1543e-05 -1.36127e-05 0.00699875)
(1.45512e-05 -1.44744e-05 0.00700367)
(1.27067e-06 -8.60129e-06 0.00687823)
(5.37924e-06 -7.53731e-06 0.00691175)
(9.69184e-06 -7.5312e-06 0.00693341)
(1.35157e-05 -8.42316e-06 0.00694093)
(-1.4194e-06 -4.29696e-06 0.00678303)
(2.93711e-06 -1.82072e-06 0.00680883)
(7.92855e-06 -1.02354e-06 0.00682726)
(1.26161e-05 -1.93426e-06 0.00683352)
(4.52033e-06 -1.18354e-05 0.00698323)
(7.10843e-06 -1.28017e-05 0.00700983)
(9.25168e-06 -1.36118e-05 0.0070212)
(1.08631e-05 -1.42178e-05 0.00702371)
(2.68511e-06 -9.12418e-06 0.0069373)
(5.41263e-06 -9.22557e-06 0.00697016)
(7.98395e-06 -9.68007e-06 0.00698861)
(1.01512e-05 -1.03163e-05 0.00699484)
(7.96513e-07 -6.15137e-06 0.00686663)
(3.65981e-06 -5.36783e-06 0.00690008)
(6.66767e-06 -5.34396e-06 0.00692232)
(9.39162e-06 -5.97856e-06 0.00693114)
(-1.11144e-06 -3.12328e-06 0.00677115)
(1.94152e-06 -1.34759e-06 0.00679675)
(5.4249e-06 -7.6213e-07 0.00681569)
(8.75038e-06 -1.38243e-06 0.00682325)
(3.13085e-06 -8.49564e-06 0.00697584)
(4.9551e-06 -9.19683e-06 0.00700282)
(6.48973e-06 -9.79074e-06 0.00701485)
(7.67902e-06 -1.02524e-05 0.00701823)
(1.82818e-06 -6.55652e-06 0.00692941)
(3.74434e-06 -6.6188e-06 0.0069624)
(5.56728e-06 -6.94091e-06 0.00698133)
(7.13912e-06 -7.40992e-06 0.00698842)
(4.85315e-07 -4.43536e-06 0.00685838)
(2.49956e-06 -3.85921e-06 0.00689181)
(4.6241e-06 -3.83035e-06 0.00691443)
(6.58258e-06 -4.28288e-06 0.00692409)
(-8.77822e-07 -2.29174e-06 0.00676273)
(1.27847e-06 -1.00923e-06 0.00678821)
(3.73989e-06 -5.73955e-07 0.00680749)
(6.12397e-06 -9.97873e-07 0.00681589)
(2.17749e-06 -6.12144e-06 0.00697052)
(3.47251e-06 -6.63252e-06 0.00699777)
(4.57757e-06 -7.06869e-06 0.00701023)
(5.45455e-06 -7.41704e-06 0.00701419)
(1.24746e-06 -4.73085e-06 0.00692376)
(2.60339e-06 -4.77095e-06 0.00695683)
(3.90538e-06 -5.00145e-06 0.00697609)
(5.04897e-06 -5.34631e-06 0.00698375)
(2.87507e-07 -3.21264e-06 0.00685249)
(1.71379e-06 -2.78992e-06 0.0068859)
(3.22659e-06 -2.76201e-06 0.00690879)
(4.64198e-06 -3.08521e-06 0.00691899)
(-6.90771e-07 -1.68846e-06 0.00675672)
(8.40604e-07 -7.58557e-07 0.00678213)
(2.59382e-06 -4.33515e-07 0.00680164)
(4.31336e-06 -7.24285e-07 0.00681059)
(1.51808e-06 -4.41317e-06 0.0069667)
(2.44032e-06 -4.78582e-06 0.00699411)
(3.23718e-06 -5.10552e-06 0.00700687)
(3.88148e-06 -5.36577e-06 0.00701122)
(8.52628e-07 -3.41582e-06 0.00691971)
(1.81548e-06 -3.44271e-06 0.00695283)
(2.74818e-06 -3.60835e-06 0.00697231)
(3.57973e-06 -3.8608e-06 0.00698034)
(1.65097e-07 -2.32858e-06 0.00684828)
(1.17822e-06 -2.01969e-06 0.00688167)
(2.25927e-06 -1.99525e-06 0.00690473)
(3.28323e-06 -2.22601e-06 0.0069153)
(-5.37794e-07 -1.24304e-06 0.00675242)
(5.52367e-07 -5.68637e-07 0.00677778)
(1.80556e-06 -3.26343e-07 0.00679745)
(3.04785e-06 -5.26305e-07 0.00680676)
(1.05715e-06 -3.16877e-06 0.00696396)
(1.71263e-06 -3.43919e-06 0.00699148)
(2.28508e-06 -3.67196e-06 0.00700443)
(2.75475e-06 -3.86401e-06 0.00700905)
(5.82276e-07 -2.45629e-06 0.00691682)
(1.26498e-06 -2.47487e-06 0.00694996)
(1.9315e-06 -2.59366e-06 0.00696958)
(2.53293e-06 -2.77702e-06 0.00697787)
(9.12772e-08 -1.68052e-06 0.00684527)
(8.09712e-07 -1.45651e-06 0.00687865)
(1.58077e-06 -1.43639e-06 0.00690181)
(2.3185e-06 -1.60049e-06 0.00691264)
(-4.11977e-07 -9.09413e-07 0.00674935)
(3.62372e-07 -4.22574e-07 0.00677467)
(1.25642e-06 -2.43384e-07 0.00679444)
(2.15066e-06 -3.80841e-07 0.00680399)
(7.30341e-07 -2.24881e-06 0.006962)
(1.19159e-06 -2.44255e-06 0.0069896)
(1.59798e-06 -2.60961e-06 0.00700268)
(1.93522e-06 -2.74876e-06 0.00700749)
(3.95017e-07 -1.74554e-06 0.00691475)
(8.74509e-07 -1.75856e-06 0.00694792)
(1.34577e-06 -1.84288e-06 0.00696763)
(1.77507e-06 -1.97411e-06 0.00697609)
(4.8081e-08 -1.19808e-06 0.00684313)
(5.5271e-07 -1.038e-06 0.00687649)
(1.0971e-06 -1.02226e-06 0.00689973)
(1.62222e-06 -1.13768e-06 0.00691072)
(-3.08245e-07 -6.55848e-07 0.00674717)
(2.36341e-07 -3.08769e-07 0.00677246)
(8.67726e-07 -1.7839e-07 0.0067923)
(1.5039e-06 -2.72237e-07 0.00680201)
(4.94416e-07 -1.55495e-06 0.00696064)
(8.11131e-07 -1.69003e-06 0.00698829)
(1.09214e-06 -1.80659e-06 0.00700145)
(1.32734e-06 -1.9043e-06 0.00700638)
(2.63426e-07 -1.20835e-06 0.00691331)
(5.92225e-07 -1.21743e-06 0.00694649)
(9.17094e-07 -1.27587e-06 0.00696626)
(1.21523e-06 -1.36721e-06 0.00697484)
(2.42743e-08 -8.31595e-07 0.00684163)
(3.70367e-07 -7.2047e-07 0.00687499)
(7.45275e-07 -7.08908e-07 0.00689828)
(1.10922e-06 -7.88168e-07 0.00690938)
(-2.21817e-07 -4.5935e-07 0.00674564)
(1.52036e-07 -2.18542e-07 0.00677092)
(5.86999e-07 -1.26648e-07 0.00679079)
(1.02783e-06 -1.89521e-07 0.00680062)
(3.22291e-07 -1.01794e-06 0.00695972)
(5.28938e-07 -1.10731e-06 0.0069874)
(7.13203e-07 -1.18439e-06 0.00700062)
(8.68221e-07 -1.24933e-06 0.00700563)
(1.70959e-07 -7.91416e-07 0.00691234)
(3.85406e-07 -7.97824e-07 0.00694552)
(5.9796e-07 -8.36568e-07 0.00696534)
(7.93848e-07 -8.97075e-07 0.00697399)
(1.41416e-08 -5.45342e-07 0.00684063)
(2.39975e-07 -4.72957e-07 0.00687398)
(4.85126e-07 -4.65619e-07 0.00689729)
(7.23937e-07 -5.17764e-07 0.00690847)
(-1.47486e-07 -3.02449e-07 0.00674462)
(9.64746e-08 -1.4484e-07 0.00676988)
(3.81014e-07 -8.42729e-08 0.00678978)
(6.70406e-07 -1.24983e-07 0.00679967)
(2.0615e-07 -6.01712e-07 0.00695915)
(3.29748e-07 -6.55207e-07 0.00698684)
(4.39392e-07 -7.02148e-07 0.0070001)
(5.31491e-07 -7.42242e-07 0.00700516)
(1.14844e-07 -4.66367e-07 0.00691175)
(2.43443e-07 -4.70712e-07 0.00694492)
(3.6963e-07 -4.95406e-07 0.00696476)
(4.85737e-07 -5.33229e-07 0.00697346)
(2.06386e-08 -3.20317e-07 0.00684001)
(1.56044e-07 -2.78426e-07 0.00687335)
(3.01338e-07 -2.75997e-07 0.00689668)
(4.42662e-07 -3.08865e-07 0.0069079)
(-7.73147e-08 -1.74077e-07 0.00674399)
(6.903e-08 -8.19799e-08 0.00676923)
(2.37898e-07 -4.82012e-08 0.00678915)
(4.09388e-07 -7.44087e-08 0.00679908)
(1.42417e-07 -3.2797e-07 0.00695877)
(2.14299e-07 -3.64774e-07 0.00698648)
(2.81106e-07 -3.9511e-07 0.00699977)
(3.36239e-07 -4.21175e-07 0.00700486)
(8.62433e-08 -2.50342e-07 0.00691134)
(1.61156e-07 -2.58905e-07 0.00694453)
(2.37832e-07 -2.7639e-07 0.0069644)
(3.07169e-07 -3.01565e-07 0.00697313)
(2.8662e-08 -1.64746e-07 0.00683959)
(1.07255e-07 -1.45966e-07 0.00687294)
(1.94926e-07 -1.47632e-07 0.00689629)
(2.78898e-07 -1.70484e-07 0.00690754)
(-2.62441e-08 -8.08661e-08 0.00674356)
(5.71338e-08 -3.37408e-08 0.0067688)
(1.56751e-07 -1.79609e-08 0.00678873)
(2.56824e-07 -3.73795e-08 0.0067987)
(-0.00240228 -0.00370373 0.00460119)
(-0.00668394 -0.00567108 0.00789201)
(0.00361269 -0.00622198 0.00671772)
(-0.000147023 3.90744e-05 0.000279357)
(-0.00267019 0.00744407 -0.00115629)
(0.00301647 -0.00357703 0.000485703)
(0.000425541 -0.000217733 0.00507406)
(0.0104113 0.00392561 -0.000704168)
(-0.00244967 -0.0046079 -0.000835703)
(0.00128393 -0.00369862 0.000276502)
(0.000819313 -0.00145677 0.00146305)
(0.00457128 0.0016183 0.000438214)
(-0.00155736 -0.00124919 0.0078454)
(-0.00241657 -0.00170089 0.00719539)
(-0.00273971 0.00035913 0.00413982)
(0.000865341 0.00229153 -0.000244425)
(-0.000169246 -0.00225253 0.0138419)
(-0.000581032 -0.0017955 0.0134511)
(0.000719483 -0.0011031 0.0111244)
(-0.000541738 -0.000843847 0.00602501)
(-0.000330528 0.000119871 0.00910422)
(-0.000543928 -0.000654242 0.00837852)
(-0.00058329 -0.000279589 0.00869314)
(-0.00030213 -0.000538973 0.00908839)
(-0.000475661 -0.00123116 0.0105375)
(-0.000371491 -0.0017847 0.00956096)
(-0.000413584 -0.00127899 0.00927865)
(-0.000433538 -0.000627922 0.0127328)
(-0.00117931 -0.00210652 0.0109934)
(-0.000394651 -0.00261753 0.0114096)
(0.000436078 -0.00230444 0.0118771)
(0.000684169 -0.00140331 0.0129352)
(9.53863e-05 -0.000783999 0.00812854)
(0.000200313 -0.000597535 0.00808636)
(0.000335651 -0.00046565 0.007707)
(-5.16003e-05 -0.000777796 0.00619812)
(-0.000141733 -0.000263815 0.00596374)
(-0.000321363 -0.000418563 0.00618311)
(-0.000416113 -0.000606153 0.00666994)
(-0.000483275 -0.00103 0.00671476)
(-0.000451987 -0.00104754 0.00592158)
(-0.000506058 -0.0012601 0.00623141)
(-0.000605061 -0.00127192 0.00659465)
(-0.00053121 -0.00126763 0.0073003)
(-0.000867916 -0.00138678 0.00743086)
(-0.000571302 -0.0016381 0.00753341)
(-0.000298505 -0.00167235 0.00745373)
(-0.000112639 -0.00155351 0.00736699)
(1.46883e-05 -0.000412644 0.00775364)
(9.8113e-05 -0.000403169 0.00780759)
(0.000271418 -0.000450874 0.00775817)
(0.000307914 -0.000637282 0.00738592)
(-0.000100921 -0.000175318 0.00701276)
(-0.000161059 -0.000271978 0.00723166)
(-7.94783e-05 -0.000450017 0.00749968)
(2.77068e-05 -0.000720035 0.00758354)
(-0.000306184 -0.000565181 0.00709953)
(-0.000322059 -0.000642414 0.00732423)
(-0.00025132 -0.000725723 0.00760138)
(-0.00010324 -0.00082264 0.00784069)
(-0.000509121 -0.000737045 0.00782396)
(-0.000378297 -0.000852215 0.00793978)
(-0.000212739 -0.000931061 0.00801947)
(-6.83194e-05 -0.000961535 0.0080517)
(-7.21096e-07 -0.000321793 0.0073351)
(5.955e-05 -0.000352077 0.00745207)
(0.000185467 -0.00040697 0.00748117)
(0.000293722 -0.000494118 0.00735557)
(-6.75932e-05 -0.000212526 0.00710901)
(-5.94608e-05 -0.00027799 0.0072933)
(3.27746e-05 -0.000383448 0.00743766)
(0.00016168 -0.000517977 0.00746873)
(-0.000177412 -0.000360749 0.00716104)
(-0.000152355 -0.000414303 0.00734271)
(-6.78241e-05 -0.000484325 0.00749863)
(6.61171e-05 -0.000563085 0.00759)
(-0.000269948 -0.000414769 0.00746917)
(-0.000184212 -0.000493303 0.00758861)
(-7.89025e-05 -0.000562311 0.00766964)
(3.13121e-05 -0.000617472 0.00770628)
(-2.75179e-06 -0.0002543 0.00713092)
(4.37199e-05 -0.000282431 0.00723914)
(0.000123349 -0.000320272 0.00728427)
(0.000208675 -0.000361912 0.00724288)
(-4.69774e-05 -0.000199004 0.00709481)
(-1.77191e-05 -0.000243241 0.00722833)
(5.41268e-05 -0.000303694 0.00731408)
(0.000148611 -0.00036951 0.00732555)
(-0.00010245 -0.000234418 0.00715008)
(-6.78609e-05 -0.000277709 0.00728026)
(-2.12156e-07 -0.000330302 0.00737255)
(9.24254e-05 -0.000383572 0.00740922)
(-0.000142606 -0.000232338 0.00730662)
(-8.5926e-05 -0.000289053 0.00740456)
(-1.64895e-05 -0.000343848 0.007467)
(5.5915e-05 -0.00039214 0.00748975)
(-2.24233e-06 -0.00019452 0.00702397)
(3.38602e-05 -0.000214381 0.00712688)
(8.52802e-05 -0.000238875 0.00717717)
(0.000141407 -0.000261808 0.00716898)
(-3.26662e-05 -0.000162608 0.00704077)
(-1.18521e-06 -0.000192052 0.0071531)
(4.97486e-05 -0.00022841 0.00721895)
(0.000111066 -0.000263878 0.00722939)
(-6.18788e-05 -0.000158108 0.0070806)
(-2.91801e-05 -0.000191209 0.00719086)
(1.92889e-05 -0.000228662 0.00726164)
(7.85565e-05 -0.000263904 0.00728566)
(-7.69561e-05 -0.000136182 0.00715425)
(-3.76457e-05 -0.000177368 0.00724753)
(7.8037e-06 -0.000217902 0.00730736)
(5.34515e-05 -0.000254053 0.00733209)
(-1.39589e-06 -0.00014528 0.00695816)
(2.59194e-05 -0.000158825 0.00706043)
(5.99108e-05 -0.000175076 0.00711386)
(9.56769e-05 -0.000189412 0.00712051)
(-2.26138e-05 -0.000123697 0.00698311)
(4.08304e-06 -0.0001438 0.0070886)
(3.92741e-05 -0.000167009 0.00714898)
(7.84126e-05 -0.000188261 0.00716361)
(-3.89992e-05 -0.000108041 0.00700764)
(-1.25453e-05 -0.000132372 0.00711076)
(2.10234e-05 -0.000158711 0.00717546)
(5.88272e-05 -0.000182473 0.00719975)
(-4.34618e-05 -8.30371e-05 0.00703921)
(-1.63032e-05 -0.00011232 0.00713119)
(1.36519e-05 -0.000141372 0.00719223)
(4.26948e-05 -0.000167279 0.00722184)
(-8.4623e-07 -0.000107018 0.00691284)
(1.92735e-05 -0.000116364 0.007016)
(4.20945e-05 -0.000127515 0.00707223)
(6.50922e-05 -0.000137183 0.00708719)
(-1.58182e-05 -9.11346e-05 0.00693335)
(4.80524e-06 -0.000105042 0.00703723)
(2.8984e-05 -0.000120553 0.00709748)
(5.43183e-05 -0.000134319 0.00711717)
(-2.55784e-05 -7.46334e-05 0.0069452)
(-5.63347e-06 -9.20477e-05 0.00704648)
(1.74096e-05 -0.000110508 0.00711081)
(4.1947e-05 -0.000126852 0.00713869)
(-2.59131e-05 -5.26572e-05 0.0069539)
(-7.17754e-06 -7.31541e-05 0.00704631)
(1.27463e-05 -9.3617e-05 0.00710978)
(3.15922e-05 -0.000111901 0.0071443)
(-5.7828e-07 -7.825e-05 0.00688053)
(1.39655e-05 -8.47811e-05 0.00698493)
(2.94867e-05 -9.26168e-05 0.0070436)
(4.45689e-05 -9.94124e-05 0.00706393)
(-1.1219e-05 -6.62228e-05 0.00689425)
(4.02343e-06 -7.59133e-05 0.00699837)
(2.06743e-05 -8.65899e-05 0.00706007)
(3.74097e-05 -9.59634e-05 0.00708416)
(-1.73468e-05 -5.20692e-05 0.0068967)
(-2.81464e-06 -6.4362e-05 0.00699802)
(1.3018e-05 -7.7319e-05 0.00706366)
(2.92719e-05 -8.87388e-05 0.00709529)
(-1.63324e-05 -3.45798e-05 0.00689254)
(-3.38764e-06 -4.88158e-05 0.00698578)
(1.00129e-05 -6.31391e-05 0.00705154)
(2.25005e-05 -7.59978e-05 0.00708996)
(-4.4988e-07 -5.70092e-05 0.00685717)
(9.94858e-06 -6.1614e-05 0.00696275)
(2.06168e-05 -6.72011e-05 0.00702338)
(3.07126e-05 -7.20841e-05 0.00704735)
(-8.06033e-06 -4.7896e-05 0.0068648)
(2.96551e-06 -5.46791e-05 0.00696965)
(1.44902e-05 -6.21601e-05 0.00703298)
(2.57649e-05 -6.87342e-05 0.00706045)
(-1.20824e-05 -3.66894e-05 0.00686057)
(-1.65972e-06 -4.53189e-05 0.00696245)
(9.27148e-06 -5.44448e-05 0.00702961)
(2.0245e-05 -6.25135e-05 0.00706428)
(-1.08254e-05 -2.34058e-05 0.00684887)
(-1.838e-06 -3.32787e-05 0.00694289)
(7.2805e-06 -4.33031e-05 0.00701046)
(1.57189e-05 -5.23601e-05 0.00705172)
(-3.75245e-07 -4.14761e-05 0.00684024)
(7.02074e-06 -4.47428e-05 0.00694677)
(1.44187e-05 -4.87613e-05 0.00700889)
(2.13015e-05 -5.23108e-05 0.00703535)
(-5.84971e-06 -3.46256e-05 0.00684309)
(2.04761e-06 -3.93924e-05 0.00694868)
(1.0073e-05 -4.46932e-05 0.00701338)
(1.77997e-05 -4.93831e-05 0.0070433)
(-8.58653e-06 -2.60887e-05 0.0068342)
(-1.15759e-06 -3.21429e-05 0.00693668)
(6.43864e-06 -3.85984e-05 0.00700512)
(1.3971e-05 -4.43459e-05 0.00704203)
(-7.4756e-06 -1.62375e-05 0.00681793)
(-1.19572e-06 -2.31004e-05 0.00691256)
(5.07967e-06 -3.01387e-05 0.00698144)
(1.08805e-05 -3.65428e-05 0.00702468)
(-3.1819e-07 -3.01692e-05 0.006828)
(4.9348e-06 -3.24969e-05 0.00693524)
(1.01057e-05 -3.54028e-05 0.00699844)
(1.48706e-05 -3.7999e-05 0.0070266)
(-4.27567e-06 -2.50661e-05 0.00682728)
(1.36068e-06 -2.8429e-05 0.00693346)
(6.98491e-06 -3.22128e-05 0.0069992)
(1.23555e-05 -3.5592e-05 0.00703084)
(-6.19046e-06 -1.86964e-05 0.00681515)
(-9.01361e-07 -2.29527e-05 0.00691812)
(4.41428e-06 -2.75401e-05 0.00698753)
(9.65633e-06 -3.16591e-05 0.00702604)
(-5.32113e-06 -1.14812e-05 0.00679602)
(-9.02714e-07 -1.62729e-05 0.00689109)
(3.46133e-06 -2.12378e-05 0.00696089)
(7.50652e-06 -2.57876e-05 0.00700548)
(-2.67028e-07 -2.19524e-05 0.00681915)
(3.46723e-06 -2.36168e-05 0.0069269)
(7.10682e-06 -2.57254e-05 0.00699086)
(1.04466e-05 -2.76304e-05 0.0070202)
(-3.13938e-06 -1.81804e-05 0.00681584)
(8.82481e-07 -2.0562e-05 0.00692245)
(4.84833e-06 -2.32771e-05 0.00698894)
(8.62377e-06 -2.57265e-05 0.00702179)
(-4.50665e-06 -1.34834e-05 0.00680145)
(-7.35537e-07 -1.64862e-05 0.00690478)
(3.00936e-06 -1.97603e-05 0.00697489)
(6.69843e-06 -2.27259e-05 0.0070145)
(-3.86582e-06 -8.23254e-06 0.00678046)
(-7.364e-07 -1.1596e-05 0.00687584)
(2.32655e-06 -1.51163e-05 0.00694627)
(5.18028e-06 -1.83638e-05 0.00699178)
(-2.19781e-07 -1.59801e-05 0.00681276)
(2.44025e-06 -1.71736e-05 0.00692087)
(5.01755e-06 -1.87068e-05 0.00698537)
(7.38098e-06 -2.01068e-05 0.00701552)
(-2.3107e-06 -1.3209e-05 0.00680758)
(5.63169e-07 -1.49018e-05 0.0069145)
(3.37508e-06 -1.68575e-05 0.00698151)
(6.05252e-06 -1.86391e-05 0.0070152)
(-3.30081e-06 -9.76982e-06 0.00679161)
(-6.05278e-07 -1.18964e-05 0.0068952)
(2.04892e-06 -1.42422e-05 0.00696579)
(4.66775e-06 -1.63847e-05 0.00700618)
(-2.84389e-06 -5.96038e-06 0.00676939)
(-6.14426e-07 -8.33397e-06 0.00686498)
(1.55209e-06 -1.08421e-05 0.00693584)
(3.58338e-06 -1.31699e-05 0.00698198)
(-1.7718e-07 -1.1633e-05 0.00680816)
(1.72189e-06 -1.24905e-05 0.00691651)
(3.55574e-06 -1.36065e-05 0.00698138)
(5.23986e-06 -1.46353e-05 0.00701209)
(-1.70183e-06 -9.60708e-06 0.00680162)
(3.55418e-07 -1.0814e-05 0.00690875)
(2.35806e-06 -1.22261e-05 0.00697614)
(4.26894e-06 -1.35242e-05 0.00701041)
(-2.42511e-06 -7.10033e-06 0.00678454)
(-4.93599e-07 -8.61174e-06 0.00688831)
(1.3967e-06 -1.02973e-05 0.00695924)
(3.26758e-06 -1.18485e-05 0.00700015)
(-2.10566e-06 -4.3412e-06 0.00676148)
(-5.10034e-07 -6.02414e-06 0.00685722)
(1.03172e-06 -7.81812e-06 0.00692837)
(2.4869e-06 -9.492e-06 0.00697493)
(-1.40049e-07 -8.46054e-06 0.00680484)
(1.2178e-06 -9.07719e-06 0.00691336)
(2.52675e-06 -9.88912e-06 0.00697849)
(3.73194e-06 -1.06441e-05 0.00700958)
(-1.25186e-06 -6.98596e-06 0.00679733)
(2.22521e-07 -7.84809e-06 0.00690461)
(1.65293e-06 -8.86858e-06 0.00697226)
(3.02198e-06 -9.81427e-06 0.00700692)
(-1.78243e-06 -5.16557e-06 0.00677946)
(-3.96245e-07 -6.24237e-06 0.00688336)
(9.54276e-07 -7.45534e-06 0.00695452)
(2.29596e-06 -8.57909e-06 0.0069958)
(-1.56177e-06 -3.17018e-06 0.00675581)
(-4.16553e-07 -4.3674e-06 0.00685165)
(6.84942e-07 -5.65368e-06 0.00692301)
(1.73134e-06 -6.85939e-06 0.00696986)
(-1.08628e-07 -6.1359e-06 0.00680245)
(8.61909e-07 -6.57877e-06 0.00691108)
(1.79677e-06 -7.16799e-06 0.0069764)
(2.66016e-06 -7.71995e-06 0.00700775)
(-9.17521e-07 -5.06814e-06 0.00679424)
(1.38439e-07 -5.68384e-06 0.00690163)
(1.16059e-06 -6.42023e-06 0.00696945)
(2.14222e-06 -7.10747e-06 0.00700439)
(-1.30663e-06 -3.75194e-06 0.00677581)
(-3.12297e-07 -4.51934e-06 0.0068798)
(6.53189e-07 -5.39149e-06 0.00695112)
(1.6161e-06 -6.20419e-06 0.00699265)
(-1.15543e-06 -2.31284e-06 0.00675175)
(-3.33313e-07 -3.16534e-06 0.00684766)
(4.54494e-07 -4.0876e-06 0.00691916)
(1.2074e-06 -4.95549e-06 0.00696621)
(-8.25872e-08 -4.42158e-06 0.00680073)
(6.08332e-07 -4.73809e-06 0.00690945)
(1.27367e-06 -5.16299e-06 0.00697489)
(1.89004e-06 -5.56354e-06 0.00700643)
(-6.67431e-07 -3.65443e-06 0.00679202)
(8.55948e-08 -4.09241e-06 0.00689948)
(8.1337e-07 -4.62093e-06 0.00696743)
(1.51463e-06 -5.11715e-06 0.00700256)
(-9.51223e-07 -2.70956e-06 0.00677319)
(-2.41044e-07 -3.25453e-06 0.00687724)
(4.46766e-07 -3.87865e-06 0.00694868)
(1.13529e-06 -4.46307e-06 0.00699038)
(-8.48392e-07 -1.67781e-06 0.00674885)
(-2.60554e-07 -2.28299e-06 0.00684481)
(3.01039e-07 -2.94159e-06 0.0069164)
(8.40654e-07 -3.56338e-06 0.00696359)
(-6.12137e-08 -3.1441e-06 0.00679952)
(4.25281e-07 -3.36764e-06 0.00690829)
(8.93679e-07 -3.66997e-06 0.00697382)
(1.32878e-06 -3.95646e-06 0.00700548)
(-4.78435e-07 -2.60061e-06 0.00679045)
(5.25391e-08 -2.90876e-06 0.00689796)
(5.65083e-07 -3.28338e-06 0.00696599)
(1.06044e-06 -3.63682e-06 0.00700126)
(-6.82622e-07 -1.93139e-06 0.00677134)
(-1.81154e-07 -2.31433e-06 0.00687543)
(3.03541e-07 -2.75566e-06 0.00694694)
(7.90357e-07 -3.17058e-06 0.00698877)
(-6.13454e-07 -1.20099e-06 0.00674679)
(-1.97867e-07 -1.62618e-06 0.00684278)
(1.98158e-07 -2.09122e-06 0.00691444)
(5.80479e-07 -2.53142e-06 0.00696173)
(-4.35282e-08 -2.17591e-06 0.00679866)
(2.90866e-07 -2.32983e-06 0.00690747)
(6.1257e-07 -2.53919e-06 0.00697306)
(9.12052e-07 -2.73835e-06 0.00700481)
(-3.33089e-07 -1.80111e-06 0.00678935)
(3.22377e-08 -2.01271e-06 0.00689689)
(3.84368e-07 -2.27136e-06 0.00696498)
(7.25557e-07 -2.51627e-06 0.00700034)
(-4.75872e-07 -1.33968e-06 0.00677004)
(-1.30463e-07 -1.60238e-06 0.00687416)
(2.02739e-07 -1.90653e-06 0.00694573)
(5.38356e-07 -2.19333e-06 0.00698763)
(-4.30282e-07 -8.36022e-07 0.00674535)
(-1.43697e-07 -1.1277e-06 0.00684136)
(1.28726e-07 -1.44792e-06 0.00691307)
(3.92771e-07 -1.75161e-06 0.00696042)
(-2.81964e-08 -1.42495e-06 0.00679809)
(1.91115e-07 -1.52585e-06 0.00690693)
(4.01394e-07 -1.66323e-06 0.00697255)
(5.97503e-07 -1.79423e-06 0.00700436)
(-2.18048e-07 -1.17955e-06 0.00678861)
(2.14293e-08 -1.31803e-06 0.00689617)
(2.515e-07 -1.48745e-06 0.00696431)
(4.74936e-07 -1.64821e-06 0.00699972)
(-3.11966e-07 -8.77696e-07 0.00676916)
(-8.56012e-08 -1.04947e-06 0.0068733)
(1.32166e-07 -1.24848e-06 0.00694491)
(3.52106e-07 -1.43643e-06 0.00698687)
(-2.82927e-07 -5.48523e-07 0.00674438)
(-9.50925e-08 -7.39013e-07 0.00684041)
(8.30715e-08 -9.48498e-07 0.00691214)
(2.56339e-07 -1.14737e-06 0.00695954)
(-1.35781e-08 -8.42657e-07 0.00679773)
(1.2125e-07 -9.04198e-07 0.00690658)
(2.48927e-07 -9.86592e-07 0.00697223)
(3.68333e-07 -1.06498e-06 0.00700408)
(-1.25025e-07 -6.95296e-07 0.00678815)
(2.11652e-08 -7.79588e-07 0.00689573)
(1.59907e-07 -8.811e-07 0.00696388)
(2.95304e-07 -9.77276e-07 0.00699934)
(-1.79225e-07 -5.15504e-07 0.00676863)
(-4.16051e-08 -6.19858e-07 0.00687277)
(8.91389e-08 -7.38867e-07 0.0069444)
(2.22266e-07 -8.51139e-07 0.00698639)
(-1.59932e-07 -3.19675e-07 0.00674378)
(-4.59465e-08 -4.35073e-07 0.00683982)
(6.07578e-08 -5.60243e-07 0.00691158)
(1.6557e-07 -6.79332e-07 0.006959)
(-3.90953e-09 -4.66271e-07 0.00679748)
(8.15532e-08 -5.06195e-07 0.00690634)
(1.6603e-07 -5.55624e-07 0.00697201)
(2.42126e-07 -6.01476e-07 0.00700388)
(-6.3131e-08 -3.73277e-07 0.00678783)
(2.63336e-08 -4.26396e-07 0.00689542)
(1.1584e-07 -4.87952e-07 0.00696359)
(1.99731e-07 -5.45335e-07 0.00699907)
(-8.71108e-08 -2.64544e-07 0.00676825)
(-5.73139e-09 -3.28192e-07 0.00687241)
(7.63897e-08 -4.00256e-07 0.00694406)
(1.56644e-07 -4.67526e-07 0.00698607)
(-7.1591e-08 -1.55105e-07 0.00674337)
(-7.09595e-09 -2.23237e-07 0.00683942)
(5.74234e-08 -2.98594e-07 0.00691119)
(1.18685e-07 -3.6981e-07 0.00695863)
)
;

boundaryField
{
    inlet
    {
        type            uniformFixedValue;
        uniformValue    table
        
2
(
(0 (0 0 0.002))
(0.1 (0 0 0.02))
)
;
        value           uniform (0 0 0.0074);
    }
    outlet
    {
        type            zeroGradient;
    }
    wall
    {
        type            slip;
    }
    procBoundary2to0
    {
        type            processor;
        value           nonuniform List<vector> 
192
(
(-0.00261475 -0.00346749 0.000530706)
(-0.00152209 0.00139435 0.00133757)
(0.000749234 0.00790524 -0.00352813)
(-0.000285669 -0.00235401 0.0001386)
(-0.00256027 -0.000995635 0.00824534)
(-0.00254646 -0.000673765 0.0116336)
(-0.00177772 -0.000251105 0.0103496)
(-0.00184897 -0.000228173 0.00123775)
(-0.000411077 -0.00067911 0.00598935)
(-0.000127648 -0.000800126 0.00625241)
(0.000289636 -0.00072004 0.00528692)
(9.83321e-05 -0.000376952 0.00345595)
(0.000357867 -0.000569615 0.00697418)
(0.000572845 -0.000583582 0.00678096)
(0.000752459 -0.00051914 0.00621884)
(0.000541994 -0.000345722 0.00554119)
(0.000403748 -0.000444816 0.00707815)
(0.000527012 -0.000429595 0.00690758)
(0.000584534 -0.000386664 0.0066075)
(0.000447801 -0.00030692 0.00628345)
(0.000296283 -0.000336604 0.00706956)
(0.000360342 -0.000325897 0.00695692)
(0.0003754 -0.000302567 0.00679512)
(0.000299372 -0.000262762 0.00663283)
(0.000199515 -0.000251641 0.00705863)
(0.000232425 -0.000247599 0.00698835)
(0.000235128 -0.00023568 0.00689766)
(0.000193544 -0.000214427 0.00681101)
(0.000132821 -0.000187004 0.00704944)
(0.000150241 -0.000186355 0.00700667)
(0.000149958 -0.000180438 0.00695391)
(0.000127011 -0.00016873 0.00690442)
(8.90851e-05 -0.000138291 0.00704187)
(9.88781e-05 -0.000139023 0.00701627)
(9.82975e-05 -0.000136204 0.00698466)
(8.55536e-05 -0.000129656 0.00695492)
(6.04529e-05 -0.000101884 0.00703602)
(6.63585e-05 -0.000103053 0.00702105)
(6.6096e-05 -0.000101826 0.00700165)
(5.90174e-05 -9.81422e-05 0.00698303)
(4.15088e-05 -7.48586e-05 0.00703146)
(4.5317e-05 -7.60651e-05 0.00702313)
(4.53825e-05 -7.56449e-05 0.00701102)
(4.14754e-05 -7.35766e-05 0.00699897)
(2.88108e-05 -5.49017e-05 0.00702785)
(3.1405e-05 -5.59897e-05 0.00702373)
(3.16765e-05 -5.59642e-05 0.00701612)
(2.95479e-05 -5.48143e-05 0.00700813)
(2.0189e-05 -4.02187e-05 0.007025)
(2.20269e-05 -4.11392e-05 0.0070236)
(2.23902e-05 -4.12908e-05 0.00701886)
(2.12549e-05 -4.06646e-05 0.00701346)
(1.42629e-05 -2.94403e-05 0.00702276)
(1.55977e-05 -3.01911e-05 0.00702316)
(1.5976e-05 -3.04063e-05 0.00702028)
(1.53909e-05 -3.00772e-05 0.0070166)
(1.01436e-05 -2.15366e-05 0.00702102)
(1.11264e-05 -2.21343e-05 0.00702262)
(1.14767e-05 -2.2356e-05 0.00702099)
(1.11922e-05 -2.21933e-05 0.00701847)
(7.25029e-06 -1.57404e-05 0.00701968)
(7.97847e-06 -1.62078e-05 0.0070221)
(8.28116e-06 -1.64097e-05 0.00702132)
(8.15681e-06 -1.63383e-05 0.00701961)
(5.198e-06 -1.14841e-05 0.00701867)
(5.73802e-06 -1.18444e-05 0.00702165)
(5.98797e-06 -1.20165e-05 0.00702146)
(5.94543e-06 -1.19934e-05 0.0070203)
(3.72777e-06 -8.34948e-06 0.00701791)
(4.12683e-06 -8.62342e-06 0.00702128)
(4.32626e-06 -8.76365e-06 0.00702149)
(4.3231e-06 -8.76447e-06 0.00702074)
(2.6628e-06 -6.02828e-06 0.00701734)
(2.95515e-06 -6.23332e-06 0.00702098)
(3.10951e-06 -6.34363e-06 0.00702149)
(3.12335e-06 -6.35454e-06 0.00702101)
(1.88056e-06 -4.2928e-06 0.00701693)
(2.09128e-06 -4.44305e-06 0.00702076)
(2.20701e-06 -4.52685e-06 0.00702146)
(2.22592e-06 -4.54049e-06 0.00702119)
(1.29532e-06 -2.9741e-06 0.00701664)
(1.44274e-06 -3.08051e-06 0.00702059)
(1.52607e-06 -3.14145e-06 0.00702144)
(1.54376e-06 -3.15412e-06 0.0070213)
(8.49979e-07 -1.9503e-06 0.00701643)
(9.47868e-07 -2.02122e-06 0.00702048)
(1.00437e-06 -2.06262e-06 0.00702141)
(1.01808e-06 -2.07259e-06 0.00702137)
(5.21687e-07 -1.15954e-06 0.00701631)
(5.82422e-07 -1.20224e-06 0.00702041)
(6.18032e-07 -1.22756e-06 0.0070214)
(6.27377e-07 -1.23434e-06 0.00702141)
(3.35618e-07 -6.61291e-07 0.00701621)
(3.74601e-07 -6.86311e-07 0.00702035)
(3.97732e-07 -7.01611e-07 0.00702138)
(4.03966e-07 -7.06489e-07 0.00702144)
(-0.000855222 0.00346028 0.000105618)
(0.00231529 0.0141515 -0.00311846)
(0.00198833 0.00819526 5.20606e-05)
(0.00136918 -0.00383206 -0.000322955)
(-0.0006178 -0.000265329 0.00130314)
(-0.00057888 0.00162595 0.00705754)
(-0.000465417 0.00143712 0.00598526)
(-0.0012964 -6.09089e-05 0.00696591)
(-0.000132373 -0.000556816 0.00514223)
(-0.000176624 -0.000148506 0.00623287)
(-3.73177e-05 2.715e-05 0.00653746)
(-0.00019901 -0.000237047 0.00589137)
(-2.26178e-05 -0.000665863 0.00682628)
(-2.84164e-05 -0.000571406 0.00713297)
(0.000184093 -0.000481284 0.00731283)
(0.000296957 -0.000481705 0.00706845)
(3.13699e-05 -0.000505482 0.00697365)
(5.52243e-05 -0.000488306 0.00716153)
(0.000186537 -0.000461851 0.0072603)
(0.000305713 -0.00044368 0.00717709)
(3.9178e-05 -0.000346551 0.00696935)
(7.01557e-05 -0.000346676 0.00709507)
(0.000143489 -0.000345337 0.007161)
(0.000222949 -0.000341077 0.00713595)
(3.29086e-05 -0.000238032 0.00693681)
(6.07067e-05 -0.00024215 0.0070428)
(0.000104913 -0.000247906 0.00709923)
(0.000153633 -0.000251178 0.00709821)
(2.51757e-05 -0.000167164 0.00690279)
(4.71145e-05 -0.000171743 0.00700505)
(7.54288e-05 -0.000178635 0.0070606)
(0.000105359 -0.000184111 0.00707112)
(1.86513e-05 -0.000119443 0.00687442)
(3.49726e-05 -0.000123462 0.00697714)
(5.36781e-05 -0.000129611 0.00703435)
(7.24544e-05 -0.000134927 0.00705174)
(1.36119e-05 -8.62023e-05 0.00685291)
(2.53972e-05 -8.94341e-05 0.00695695)
(3.79925e-05 -9.43987e-05 0.00701621)
(5.00768e-05 -9.88401e-05 0.00703818)
(9.86384e-06 -6.25286e-05 0.00683711)
(1.82499e-05 -6.50191e-05 0.00694243)
(2.68415e-05 -6.88527e-05 0.00700347)
(3.48106e-05 -7.23453e-05 0.00702859)
(7.12616e-06 -4.54686e-05 0.00682564)
(1.30564e-05 -4.73442e-05 0.006932)
(1.89769e-05 -5.02398e-05 0.00699441)
(2.43458e-05 -5.29112e-05 0.00702168)
(5.14366e-06 -3.31038e-05 0.00681737)
(9.33173e-06 -3.44983e-05 0.00692449)
(1.34482e-05 -3.66605e-05 0.00698789)
(1.71311e-05 -3.86758e-05 0.00701664)
(3.71358e-06 -2.41166e-05 0.00681142)
(6.67566e-06 -2.5146e-05 0.00691908)
(9.56091e-06 -2.67503e-05 0.00698319)
(1.21245e-05 -2.82594e-05 0.00701294)
(2.68302e-06 -1.7573e-05 0.00680713)
(4.78385e-06 -1.83298e-05 0.00691517)
(6.8204e-06 -1.95156e-05 0.00697978)
(8.62549e-06 -2.06403e-05 0.00701022)
(1.93959e-06 -1.28008e-05 0.00680405)
(3.4341e-06 -1.33554e-05 0.00691236)
(4.8798e-06 -1.42295e-05 0.00697731)
(6.16158e-06 -1.50647e-05 0.00700822)
(1.40183e-06 -9.31256e-06 0.00680183)
(2.4674e-06 -9.7179e-06 0.00691032)
(3.49765e-06 -1.03601e-05 0.00697551)
(4.41276e-06 -1.0978e-05 0.00700675)
(1.01109e-06 -6.75388e-06 0.00680024)
(1.77105e-06 -7.04883e-06 0.00690885)
(2.50612e-06 -7.51858e-06 0.00697421)
(3.16067e-06 -7.97319e-06 0.00700567)
(7.25201e-07 -4.86595e-06 0.0067991)
(1.26531e-06 -5.079e-06 0.0069078)
(1.78815e-06 -5.41991e-06 0.00697327)
(2.2549e-06 -5.7515e-06 0.00700488)
(5.13722e-07 -3.45901e-06 0.00679829)
(8.93568e-07 -3.61076e-06 0.00690705)
(1.26151e-06 -3.85457e-06 0.00697259)
(1.59072e-06 -4.0927e-06 0.00700432)
(3.54658e-07 -2.39307e-06 0.00679772)
(6.1558e-07 -2.49824e-06 0.00690652)
(8.68249e-07 -2.66775e-06 0.00697212)
(1.0947e-06 -2.83382e-06 0.00700392)
(2.32716e-07 -1.56736e-06 0.00679734)
(4.04098e-07 -1.63657e-06 0.00690617)
(5.69446e-07 -1.7481e-06 0.00697181)
(7.17808e-07 -1.85753e-06 0.00700365)
(1.40754e-07 -9.29356e-07 0.0067971)
(2.47485e-07 -9.71805e-07 0.00690594)
(3.48917e-07 -1.03871e-06 0.0069716)
(4.40088e-07 -1.10403e-06 0.00700348)
(8.27017e-08 -5.24397e-07 0.00679692)
(1.53464e-07 -5.52858e-07 0.00690578)
(2.22942e-07 -5.92274e-07 0.00697146)
(2.83121e-07 -6.29309e-07 0.00700335)
)
;
    }
    procBoundary2to3
    {
        type            processor;
        value           nonuniform List<vector> 
192
(
(9.81254e-05 0.00600634 0.00400611)
(-0.000808483 0.0135213 0.000144375)
(-0.00367572 0.0208747 -0.00083145)
(-0.00197594 0.0164209 0.00684905)
(-0.00107962 0.00141266 0.00418459)
(-0.000446127 0.0015335 0.0040819)
(-0.000746067 0.000981904 0.00727579)
(-0.00176037 0.000140915 0.0116337)
(0.00016512 -0.000321864 0.00385402)
(0.000708438 -0.000879666 0.00415133)
(0.000767795 -0.00128111 0.0049588)
(0.000366492 -0.00137897 0.00582076)
(0.000392313 -0.000478984 0.00540826)
(0.000667294 -0.000824082 0.00569031)
(0.000754866 -0.000994282 0.00608924)
(0.000666663 -0.00103321 0.00642184)
(0.000322205 -0.000389726 0.00618175)
(0.000448339 -0.000562648 0.00634338)
(0.000512546 -0.000647823 0.0065584)
(0.000519578 -0.000683563 0.00675048)
(0.000224606 -0.000299701 0.00658315)
(0.000286154 -0.000383597 0.00667803)
(0.000328188 -0.000429622 0.00680364)
(0.00035157 -0.000451382 0.00692977)
(0.000152753 -0.000229126 0.00679263)
(0.000185554 -0.000269418 0.00685447)
(0.000211765 -0.000292416 0.0069335)
(0.000230795 -0.000300419 0.00701686)
(0.000105301 -0.000174002 0.00690184)
(0.000123772 -0.000192835 0.00694518)
(0.000139628 -0.000202452 0.00699741)
(0.000152083 -0.000202008 0.00705182)
(7.40617e-05 -0.000131143 0.00695896)
(8.47662e-05 -0.000139439 0.00699034)
(9.41689e-05 -0.000141984 0.00702578)
(0.000101653 -0.00013763 0.00706087)
(5.29387e-05 -9.81957e-05 0.00698905)
(5.92386e-05 -0.000101401 0.00701204)
(6.4738e-05 -0.000100639 0.00703643)
(6.90263e-05 -9.51065e-05 0.0070588)
(3.8261e-05 -7.31621e-05 0.00700493)
(4.20011e-05 -7.39983e-05 0.0070218)
(4.51819e-05 -7.1967e-05 0.00703871)
(4.75511e-05 -6.6615e-05 0.00705267)
(2.78499e-05 -5.43169e-05 0.00701328)
(3.00817e-05 -5.41295e-05 0.00702565)
(3.19018e-05 -5.18347e-05 0.00703737)
(3.31625e-05 -4.72109e-05 0.00704574)
(2.03603e-05 -4.02236e-05 0.00701762)
(2.16962e-05 -3.96624e-05 0.00702667)
(2.27248e-05 -3.75455e-05 0.00703476)
(2.3363e-05 -3.37817e-05 0.00703936)
(1.49212e-05 -2.973e-05 0.00701985)
(1.57226e-05 -2.90943e-05 0.00702644)
(1.62946e-05 -2.73101e-05 0.00703195)
(1.65928e-05 -2.43522e-05 0.00703396)
(1.09463e-05 -2.19375e-05 0.00702096)
(1.14278e-05 -2.13526e-05 0.00702574)
(1.17391e-05 -1.99216e-05 0.0070294)
(1.18577e-05 -1.76485e-05 0.00702962)
(8.02875e-06 -1.61573e-05 0.00702149)
(8.31836e-06 -1.56664e-05 0.00702493)
(8.4825e-06 -1.45531e-05 0.00702727)
(8.51069e-06 -1.28327e-05 0.00702622)
(5.87957e-06 -1.18684e-05 0.00702172)
(6.05374e-06 -1.14773e-05 0.00702419)
(6.13607e-06 -1.0629e-05 0.00702556)
(6.12248e-06 -9.34168e-06 0.00702361)
(4.28964e-06 -8.68002e-06 0.0070218)
(4.3944e-06 -8.37853e-06 0.00702355)
(4.43235e-06 -7.74272e-06 0.00702423)
(4.40267e-06 -6.7894e-06 0.00702165)
(3.10622e-06 -6.29893e-06 0.00702181)
(3.16931e-06 -6.07218e-06 0.00702304)
(3.18415e-06 -5.60327e-06 0.00702322)
(3.15146e-06 -4.90572e-06 0.00702018)
(2.2171e-06 -4.50469e-06 0.0070218)
(2.25501e-06 -4.33858e-06 0.00702265)
(2.2586e-06 -3.99972e-06 0.00702247)
(2.22912e-06 -3.4982e-06 0.0070191)
(1.5395e-06 -3.13143e-06 0.00702177)
(1.56194e-06 -3.01438e-06 0.00702236)
(1.56069e-06 -2.77726e-06 0.00702193)
(1.53699e-06 -2.42748e-06 0.00701833)
(1.01621e-06 -2.05866e-06 0.00702175)
(1.02889e-06 -1.98131e-06 0.00702216)
(1.02606e-06 -1.82482e-06 0.00702156)
(1.00871e-06 -1.59448e-06 0.00701781)
(6.2589e-07 -1.22647e-06 0.00702174)
(6.32018e-07 -1.18015e-06 0.00702203)
(6.28693e-07 -1.08661e-06 0.00702132)
(6.16613e-07 -9.49321e-07 0.00701747)
(4.0079e-07 -7.01845e-07 0.00702173)
(4.02297e-07 -6.74194e-07 0.00702195)
(3.97897e-07 -6.19824e-07 0.00702118)
(3.88172e-07 -5.41468e-07 0.00701727)
(-0.00893756 0.00835747 0.00816605)
(-0.0140303 0.0074949 0.00825509)
(-0.00612239 0.00211526 0.00317268)
(-0.00436968 0.00234146 0.00245603)
(-0.00302044 -0.000157366 0.0116568)
(-0.00421308 0.00144118 0.0116104)
(-0.00239238 0.00188504 0.0113608)
(-0.000686257 0.000905271 0.0112561)
(-9.72889e-05 -0.0013167 0.00632723)
(-0.000410598 -0.00103537 0.00684751)
(-8.90572e-05 -0.000681213 0.00733337)
(0.000336021 -0.00024753 0.00770727)
(0.000541668 -0.00108562 0.00666966)
(0.000480972 -0.00108357 0.00706542)
(0.000554659 -0.000829912 0.00754757)
(0.000654155 -0.000315652 0.00790476)
(0.000506679 -0.000723773 0.00692768)
(0.000504198 -0.000714485 0.00717199)
(0.000520912 -0.000551429 0.00743159)
(0.000541821 -0.000218935 0.00755856)
(0.000362619 -0.000461276 0.00705523)
(0.00036993 -0.000431661 0.00718814)
(0.000374256 -0.000325055 0.00729434)
(0.000378617 -0.000133245 0.007304)
(0.000242177 -0.000293856 0.00709738)
(0.000248661 -0.000260841 0.00716208)
(0.000250259 -0.000190458 0.00718695)
(0.000251288 -7.96356e-05 0.00713824)
(0.000159837 -0.00018986 0.00709974)
(0.000163985 -0.000161356 0.00712499)
(0.000164612 -0.000114438 0.00710844)
(0.000164778 -4.84305e-05 0.00703062)
(0.00010623 -0.0001251 0.00708724)
(0.000108458 -0.000102784 0.00708979)
(0.000108509 -7.11355e-05 0.00705174)
(0.000108346 -3.03041e-05 0.00695942)
(7.1497e-05 -8.41558e-05 0.00707144)
(7.24922e-05 -6.73941e-05 0.00706081)
(7.22196e-05 -4.57362e-05 0.00701126)
(7.1944e-05 -1.95354e-05 0.00691161)
(4.87707e-05 -5.77192e-05 0.00705664)
(4.90734e-05 -4.53475e-05 0.00703822)
(4.8667e-05 -3.03079e-05 0.00698232)
(4.83863e-05 -1.29461e-05 0.00687883)
(3.36881e-05 -4.0255e-05 0.00704417)
(3.36449e-05 -3.11841e-05 0.00702104)
(3.32211e-05 -2.06001e-05 0.0069615)
(3.29824e-05 -8.78627e-06 0.00685592)
(2.35265e-05 -2.84604e-05 0.00703419)
(2.33368e-05 -2.18223e-05 0.00700813)
(2.29538e-05 -1.42895e-05 0.00694643)
(2.27696e-05 -6.08053e-06 0.00683966)
(1.65816e-05 -2.03354e-05 0.00702642)
(1.63504e-05 -1.54778e-05 0.00699848)
(1.60299e-05 -1.00686e-05 0.00693545)
(1.58962e-05 -4.27296e-06 0.00682797)
(1.17728e-05 -1.46429e-05 0.00702047)
(1.15505e-05 -1.10865e-05 0.0069913)
(1.12945e-05 -7.17679e-06 0.00692742)
(1.12013e-05 -3.03742e-06 0.00681949)
(8.40403e-06 -1.05979e-05 0.00701597)
(8.21118e-06 -7.99414e-06 0.00698597)
(8.01274e-06 -5.15614e-06 0.00692153)
(7.94979e-06 -2.17656e-06 0.00681331)
(6.01883e-06 -7.68934e-06 0.00701259)
(5.86093e-06 -5.78501e-06 0.00698203)
(5.71039e-06 -3.72117e-06 0.00691721)
(5.66888e-06 -1.56709e-06 0.00680879)
(4.3125e-06 -5.57539e-06 0.00701008)
(4.18809e-06 -4.18696e-06 0.00697912)
(4.07581e-06 -2.68781e-06 0.00691404)
(4.04901e-06 -1.12954e-06 0.00680549)
(3.07803e-06 -4.02192e-06 0.00700823)
(2.98294e-06 -3.01659e-06 0.00697699)
(2.90057e-06 -1.93362e-06 0.00691173)
(2.88362e-06 -8.11124e-07 0.00680308)
(2.17229e-06 -2.86478e-06 0.00700688)
(2.10179e-06 -2.14695e-06 0.00697545)
(2.04261e-06 -1.37475e-06 0.00691006)
(2.03213e-06 -5.7581e-07 0.00680135)
(1.49524e-06 -1.98654e-06 0.00700592)
(1.44497e-06 -1.48815e-06 0.00697435)
(1.40374e-06 -9.52384e-07 0.00690888)
(1.39741e-06 -3.98454e-07 0.00680012)
(9.79914e-07 -1.30442e-06 0.00700527)
(9.45951e-07 -9.77333e-07 0.00697361)
(9.18434e-07 -6.2586e-07 0.00690807)
(9.14399e-07 -2.61841e-07 0.00679928)
(5.97702e-07 -7.76672e-07 0.00700486)
(5.75754e-07 -5.82889e-07 0.00697314)
(5.57563e-07 -3.74966e-07 0.00690757)
(5.53649e-07 -1.57635e-07 0.00679876)
(3.74546e-07 -4.43527e-07 0.0070046)
(3.5925e-07 -3.33538e-07 0.00697285)
(3.45206e-07 -2.12574e-07 0.00690726)
(3.38985e-07 -8.95187e-08 0.00679843)
)
;
    }
}


// ************************************************************************* //
