/*--------------------------------*- C++ -*----------------------------------*\
  =========                 |
  \\      /  F ield         | OpenFOAM: The Open Source CFD Toolbox
   \\    /   O peration     | Website:  https://openfoam.org
    \\  /    A nd           | Version:  6
     \\/     M anipulation  |
\*---------------------------------------------------------------------------*/
FoamFile
{
    version     2.0;
    format      ascii;
    class       volVectorField;
    location    "0.09";
    object      U;
}
// * * * * * * * * * * * * * * * * * * * * * * * * * * * * * * * * * * * * * //

dimensions      [0 1 -1 0 0 0 0];

internalField   nonuniform List<vector> 
1152
(
(-0.00269561 -0.00314072 0.00536106)
(0.00503199 -0.00548645 0.00199654)
(0.00046402 -0.00366304 0.0156509)
(-0.0015111 -0.0017311 0.0136364)
(0.00516926 -0.00609046 -0.00338402)
(0.01004 0.00258787 0.00360392)
(0.00289793 -0.00630741 0.00371846)
(0.000539643 -0.00835166 0.000960157)
(0.00148087 -0.00579005 0.011437)
(0.00386091 0.000497775 0.00754501)
(-4.53543e-05 -0.00213292 0.0115871)
(0.000669637 -0.00167205 0.000973763)
(0.000480335 3.3733e-05 0.0014013)
(0.000245373 -0.000220436 0.00299946)
(0.000172002 -0.00102901 0.00267657)
(4.35152e-05 -0.00065886 0.00208428)
(-0.00129837 -0.00074977 0.0209523)
(-0.00261404 0.00117892 0.0239412)
(-0.00238139 0.00148618 0.0250779)
(-0.000790505 0.00135025 0.0259948)
(5.15827e-05 -0.000953638 0.0196032)
(-0.0012214 0.00105714 0.0259465)
(-0.00145024 0.00162958 0.0266291)
(-0.00183938 0.00170277 0.0268753)
(-0.00119899 -0.000768473 0.0225762)
(-0.00118791 0.000979425 0.0256972)
(-0.000998278 0.00151681 0.0268807)
(-0.00203149 0.00121023 0.0274341)
(-0.000737426 0.000177444 0.0264635)
(-0.00108333 0.000686732 0.0293248)
(-0.000989212 0.00139675 0.030695)
(-0.00228312 0.000757952 0.0313778)
(-0.000128112 0.000181323 0.0140215)
(-0.00114748 0.00040318 0.0152386)
(-0.00101208 0.000212435 0.0169043)
(-0.000534023 1.28501e-05 0.017185)
(-0.000183858 -0.00027446 0.0140823)
(-0.00110042 2.0511e-05 0.0158709)
(-0.000971794 0.000236899 0.0169863)
(-0.000789182 0.000201011 0.0171041)
(-0.000627238 -0.00054408 0.0154667)
(-0.00104999 -0.000173233 0.0166838)
(-0.000793592 0.000101054 0.0174798)
(-0.000776658 4.98959e-05 0.0172627)
(-0.000627911 -0.000590497 0.0160661)
(-0.000907589 -0.000274398 0.0172095)
(-0.000682543 5.15495e-05 0.0176164)
(-0.000724696 -1.52758e-05 0.0176117)
(0.000201124 -0.000329381 0.0167305)
(-0.000307362 -0.000340791 0.0169086)
(-0.000283562 -0.000452881 0.0173544)
(-0.000157186 -0.000530402 0.017443)
(5.36083e-06 -0.000514123 0.0168834)
(-0.000409667 -0.000517904 0.0173036)
(-0.00033373 -0.000489182 0.0177122)
(-0.00018285 -0.000485712 0.0177734)
(-0.000175536 -0.000653145 0.0174571)
(-0.000430191 -0.000589376 0.0178882)
(-0.000300575 -0.000491789 0.0181763)
(-0.000149326 -0.000449576 0.018108)
(-0.000269599 -0.000661507 0.0179344)
(-0.000407078 -0.00055229 0.0183248)
(-0.000257805 -0.000417708 0.018459)
(-0.00010933 -0.000358607 0.018334)
(0.000393978 -0.000405135 0.0174311)
(0.000137887 -0.000459829 0.0174384)
(8.13134e-05 -0.000522097 0.0175324)
(7.36605e-05 -0.000543957 0.0175545)
(0.000211462 -0.000486708 0.0176281)
(3.56153e-05 -0.000552022 0.0177295)
(3.36507e-05 -0.000566944 0.0178377)
(7.69783e-05 -0.00054997 0.0178425)
(8.19728e-05 -0.000555987 0.0179587)
(-1.74531e-05 -0.000583404 0.0180842)
(2.55879e-05 -0.000557764 0.0181546)
(9.76607e-05 -0.000515799 0.0180997)
(-1.18605e-05 -0.000546408 0.0182849)
(-4.3803e-05 -0.000538736 0.0183979)
(3.05114e-05 -0.000491592 0.0184077)
(0.000115306 -0.000445222 0.0182907)
(0.000350396 -0.000372101 0.0176979)
(0.000240403 -0.000403582 0.017654)
(0.000186663 -0.000429652 0.0176428)
(0.000147682 -0.000429165 0.0176219)
(0.000244785 -0.000407538 0.0178417)
(0.000179084 -0.000453365 0.0178404)
(0.000159794 -0.000466362 0.0178412)
(0.000155518 -0.000450941 0.0178121)
(0.000165898 -0.000439732 0.0180309)
(0.000138571 -0.000472162 0.0180465)
(0.000150427 -0.000469014 0.0180355)
(0.000170515 -0.000444109 0.0179792)
(0.000102239 -0.00042929 0.0182198)
(0.000110918 -0.000446441 0.0182362)
(0.00014714 -0.000435694 0.0182017)
(0.000180815 -0.000413429 0.0181135)
(0.000265253 -0.00029646 0.0178118)
(0.000222513 -0.000311689 0.0177811)
(0.000186981 -0.000320726 0.0177538)
(0.000149866 -0.000314904 0.0177234)
(0.000211529 -0.000315755 0.0179296)
(0.00019055 -0.000340799 0.0179132)
(0.000174276 -0.000348481 0.0178897)
(0.000157235 -0.000338945 0.0178541)
(0.000168458 -0.000331752 0.0180542)
(0.00016623 -0.000353786 0.0180453)
(0.000168215 -0.000357119 0.0180169)
(0.000166922 -0.000345966 0.0179684)
(0.000130583 -0.000324505 0.0181707)
(0.000146466 -0.000342029 0.0181647)
(0.000163621 -0.00034446 0.0181276)
(0.000172593 -0.000337622 0.0180647)
(0.000190168 -0.000222861 0.0178615)
(0.000174692 -0.00022976 0.0178533)
(0.000153573 -0.000232215 0.0178349)
(0.000126213 -0.000226827 0.0178104)
(0.000163406 -0.000235958 0.0179617)
(0.000158475 -0.000248903 0.0179549)
(0.000147733 -0.000253224 0.0179354)
(0.000131318 -0.000248273 0.0179066)
(0.000139869 -0.000244753 0.018053)
(0.000144331 -0.000258334 0.0180475)
(0.000143682 -0.000262793 0.0180248)
(0.000136458 -0.000259041 0.0179895)
(0.000117303 -0.000240297 0.0181319)
(0.000130892 -0.000253628 0.0181279)
(0.000138946 -0.000259454 0.0181019)
(0.000138333 -0.000259438 0.0180605)
(0.000133378 -0.000163763 0.0178862)
(0.000128099 -0.000166892 0.0178962)
(0.000115823 -0.000167157 0.0178903)
(9.75177e-05 -0.00016329 0.0178748)
(0.000119426 -0.000173881 0.0179731)
(0.000119466 -0.000180745 0.0179788)
(0.000112862 -0.000183291 0.0179693)
(0.000100519 -0.000180959 0.0179502)
(0.000105799 -0.0001795 0.0180448)
(0.000110838 -0.000187921 0.0180486)
(0.000109841 -0.000191881 0.0180362)
(0.000102765 -0.000191345 0.0180134)
(9.17424e-05 -0.000176945 0.0181022)
(0.000101586 -0.000186391 0.0181062)
(0.000105547 -0.000192107 0.0180922)
(0.000102585 -0.000194354 0.0180668)
(9.28439e-05 -0.000119412 0.0179017)
(9.11786e-05 -0.000120907 0.0179244)
(8.39471e-05 -0.000120591 0.0179288)
(7.21396e-05 -0.000118022 0.0179213)
(8.49789e-05 -0.000127547 0.0179785)
(8.61726e-05 -0.000131423 0.0179944)
(8.21851e-05 -0.000133037 0.0179942)
(7.37523e-05 -0.000132003 0.0179834)
(7.65187e-05 -0.000131649 0.0180377)
(8.05772e-05 -0.000137058 0.0180501)
(7.98363e-05 -0.000140175 0.0180468)
(7.45137e-05 -0.000140753 0.0180336)
(6.73332e-05 -0.000130313 0.0180819)
(7.41043e-05 -0.000136914 0.0180935)
(7.62928e-05 -0.000141555 0.0180892)
(7.35812e-05 -0.000144084 0.0180747)
(6.47116e-05 -8.69159e-05 0.0179128)
(6.4263e-05 -8.77168e-05 0.017944)
(5.98786e-05 -8.73506e-05 0.0179559)
(5.22992e-05 -8.56826e-05 0.0179544)
(5.98895e-05 -9.34477e-05 0.0179822)
(6.10949e-05 -9.58149e-05 0.0180054)
(5.86781e-05 -9.69101e-05 0.0180123)
(5.31254e-05 -9.6476e-05 0.0180078)
(5.4316e-05 -9.66769e-05 0.0180329)
(5.72887e-05 -0.000100287 0.0180518)
(5.6863e-05 -0.000102623 0.0180554)
(5.32451e-05 -0.000103432 0.0180489)
(4.80824e-05 -9.60941e-05 0.0180685)
(5.27142e-05 -0.000100721 0.018086)
(5.41198e-05 -0.000104222 0.0180884)
(5.22253e-05 -0.000106362 0.0180811)
(4.53432e-05 -6.33057e-05 0.0179213)
(4.52826e-05 -6.37977e-05 0.0179581)
(4.25397e-05 -6.35149e-05 0.0179752)
(3.76249e-05 -6.24276e-05 0.0179781)
(4.21804e-05 -6.84765e-05 0.0179852)
(4.31443e-05 -7.00242e-05 0.0180135)
(4.16649e-05 -7.0799e-05 0.0180253)
(3.80433e-05 -7.06262e-05 0.0180253)
(3.8356e-05 -7.10747e-05 0.01803)
(4.048e-05 -7.35575e-05 0.0180535)
(4.02928e-05 -7.52663e-05 0.0180619)
(3.79403e-05 -7.59937e-05 0.01806)
(3.40173e-05 -7.09239e-05 0.0180594)
(3.7231e-05 -7.41863e-05 0.0180812)
(3.82539e-05 -7.67398e-05 0.0180883)
(3.70837e-05 -7.83668e-05 0.0180858)
(3.19756e-05 -4.61709e-05 0.0179279)
(3.20258e-05 -4.65092e-05 0.0179684)
(3.026e-05 -4.63165e-05 0.017989)
(2.70232e-05 -4.55953e-05 0.0179949)
(2.98044e-05 -5.02012e-05 0.0179878)
(3.05256e-05 -5.12631e-05 0.0180196)
(2.96103e-05 -5.18217e-05 0.0180348)
(2.72408e-05 -5.17552e-05 0.0180379)
(2.71138e-05 -5.22825e-05 0.0180282)
(2.86322e-05 -5.40245e-05 0.018055)
(2.85948e-05 -5.52587e-05 0.0180667)
(2.70941e-05 -5.58265e-05 0.018068)
(2.4046e-05 -5.2354e-05 0.0180534)
(2.63182e-05 -5.46674e-05 0.0180781)
(2.71161e-05 -5.64995e-05 0.0180884)
(2.64508e-05 -5.76762e-05 0.018089)
(2.26837e-05 -3.37141e-05 0.017933)
(2.27549e-05 -3.39626e-05 0.017976)
(2.15904e-05 -3.38374e-05 0.017999)
(1.94239e-05 -3.33478e-05 0.0180071)
(2.11514e-05 -3.68133e-05 0.0179899)
(2.16807e-05 -3.75639e-05 0.0180241)
(2.11085e-05 -3.79688e-05 0.0180417)
(1.95452e-05 -3.79412e-05 0.0180469)
(1.92309e-05 -3.84587e-05 0.0180272)
(2.03246e-05 -3.96963e-05 0.0180562)
(2.03686e-05 -4.05816e-05 0.0180702)
(1.94181e-05 -4.09967e-05 0.0180737)
(1.70405e-05 -3.86264e-05 0.0180492)
(1.86733e-05 -4.0274e-05 0.0180759)
(1.93111e-05 -4.15788e-05 0.0180884)
(1.89622e-05 -4.24084e-05 0.0180911)
(1.61708e-05 -2.46346e-05 0.0179369)
(1.6236e-05 -2.48226e-05 0.0179816)
(1.54528e-05 -2.4742e-05 0.0180063)
(1.39811e-05 -2.4402e-05 0.0180158)
(1.50725e-05 -2.69919e-05 0.0179916)
(1.54593e-05 -2.75311e-05 0.0180274)
(1.50981e-05 -2.78243e-05 0.0180466)
(1.40558e-05 -2.78089e-05 0.0180534)
(1.36904e-05 -2.82737e-05 0.0180266)
(1.44843e-05 -2.91597e-05 0.0180571)
(1.45646e-05 -2.97924e-05 0.0180727)
(1.39628e-05 -3.00856e-05 0.0180777)
(1.21173e-05 -2.84679e-05 0.0180463)
(1.33038e-05 -2.96454e-05 0.0180745)
(1.38135e-05 -3.05718e-05 0.0180884)
(1.36502e-05 -3.11494e-05 0.0180926)
(1.15689e-05 -1.79983e-05 0.0179398)
(1.16216e-05 -1.81416e-05 0.0179857)
(1.10866e-05 -1.80893e-05 0.0180116)
(1.00744e-05 -1.78486e-05 0.0180221)
(1.07753e-05 -1.9775e-05 0.017993)
(1.10579e-05 -2.01655e-05 0.0180299)
(1.08274e-05 -2.03771e-05 0.0180503)
(1.01252e-05 -2.03646e-05 0.0180581)
(9.77652e-06 -2.07605e-05 0.0180263)
(1.03556e-05 -2.13974e-05 0.0180579)
(1.04453e-05 -2.18487e-05 0.0180746)
(1.0063e-05 -2.20518e-05 0.0180805)
(8.64292e-06 -2.09459e-05 0.0180443)
(9.51038e-06 -2.17894e-05 0.0180734)
(9.91368e-06 -2.24468e-05 0.0180884)
(9.85269e-06 -2.28466e-05 0.0180935)
(8.29243e-06 -1.31332e-05 0.017942)
(8.33264e-06 -1.3242e-05 0.0179887)
(7.9628e-06 -1.32074e-05 0.0180154)
(7.25994e-06 -1.30346e-05 0.0180267)
(7.71714e-06 -1.44613e-05 0.017994)
(7.92332e-06 -1.47449e-05 0.0180318)
(7.7748e-06 -1.4897e-05 0.0180529)
(7.29717e-06 -1.48848e-05 0.0180614)
(6.99436e-06 -1.52099e-05 0.0180261)
(7.41737e-06 -1.56685e-05 0.0180585)
(7.50233e-06 -1.599e-05 0.0180759)
(7.258e-06 -1.61291e-05 0.0180826)
(6.17648e-06 -1.53713e-05 0.0180429)
(6.81197e-06 -1.59763e-05 0.0180727)
(7.12663e-06 -1.64428e-05 0.0180883)
(7.11788e-06 -1.67191e-05 0.0180942)
(5.9418e-06 -9.55316e-06 0.0179436)
(5.97151e-06 -9.63502e-06 0.017991)
(5.71379e-06 -9.61158e-06 0.0180182)
(5.2227e-06 -9.48668e-06 0.01803)
(5.5251e-06 -1.05376e-05 0.0179948)
(5.675e-06 -1.07432e-05 0.0180331)
(5.57831e-06 -1.08519e-05 0.0180548)
(5.25103e-06 -1.08401e-05 0.0180639)
(5.00277e-06 -1.10996e-05 0.018026)
(5.31117e-06 -1.14293e-05 0.0180589)
(5.3848e-06 -1.16578e-05 0.0180768)
(5.22755e-06 -1.17523e-05 0.0180841)
(4.41339e-06 -1.12325e-05 0.0180419)
(4.87803e-06 -1.1666e-05 0.0180721)
(5.1198e-06 -1.19968e-05 0.0180883)
(5.13465e-06 -1.21876e-05 0.0180946)
(4.24145e-06 -6.90517e-06 0.0179449)
(4.26288e-06 -6.96591e-06 0.0179926)
(4.08277e-06 -6.94971e-06 0.0180202)
(3.73914e-06 -6.85933e-06 0.0180324)
(3.94116e-06 -7.62714e-06 0.0179954)
(4.04938e-06 -7.77528e-06 0.0180341)
(3.98595e-06 -7.85243e-06 0.0180562)
(3.76091e-06 -7.84157e-06 0.0180656)
(3.5656e-06 -8.04342e-06 0.018026)
(3.78908e-06 -8.27941e-06 0.0180592)
(3.84929e-06 -8.44101e-06 0.0180775)
(3.7475e-06 -8.50476e-06 0.0180851)
(3.1429e-06 -8.1485e-06 0.0180412)
(3.48051e-06 -8.45774e-06 0.0180717)
(3.6631e-06 -8.69143e-06 0.0180882)
(3.68613e-06 -8.82304e-06 0.0180949)
(3.00041e-06 -4.93277e-06 0.0179457)
(3.01569e-06 -4.97689e-06 0.0179937)
(2.89047e-06 -4.96545e-06 0.0180216)
(2.65133e-06 -4.90042e-06 0.0180341)
(2.78648e-06 -5.45409e-06 0.0179959)
(2.86381e-06 -5.55945e-06 0.0180348)
(2.82218e-06 -5.61343e-06 0.0180572)
(2.66794e-06 -5.60395e-06 0.0180669)
(2.51943e-06 -5.75696e-06 0.018026)
(2.67958e-06 -5.92396e-06 0.0180594)
(2.72668e-06 -6.03707e-06 0.018078)
(2.66075e-06 -6.07963e-06 0.0180858)
(2.21945e-06 -5.83704e-06 0.0180407)
(2.46192e-06 -6.05534e-06 0.0180714)
(2.59703e-06 -6.21891e-06 0.0180882)
(2.62052e-06 -6.30902e-06 0.0180951)
(2.08838e-06 -3.45271e-06 0.0179464)
(2.09966e-06 -3.48352e-06 0.0179946)
(2.01428e-06 -3.47506e-06 0.0180226)
(1.85059e-06 -3.42872e-06 0.0180353)
(1.93929e-06 -3.81999e-06 0.0179962)
(1.99406e-06 -3.89301e-06 0.0180354)
(1.96736e-06 -3.92968e-06 0.0180579)
(1.86319e-06 -3.9216e-06 0.0180677)
(1.75334e-06 -4.03442e-06 0.018026)
(1.86639e-06 -4.15e-06 0.0180596)
(1.90205e-06 -4.22747e-06 0.0180783)
(1.85986e-06 -4.25523e-06 0.0180864)
(1.54467e-06 -4.09282e-06 0.0180403)
(1.71583e-06 -4.24378e-06 0.0180712)
(1.81344e-06 -4.35606e-06 0.0180882)
(1.834e-06 -4.41666e-06 0.0180953)
(1.42273e-06 -2.34197e-06 0.0179468)
(1.43243e-06 -2.36171e-06 0.0179951)
(1.37687e-06 -2.35455e-06 0.0180233)
(1.26835e-06 -2.32152e-06 0.0180361)
(1.32259e-06 -2.59095e-06 0.0179964)
(1.36195e-06 -2.639e-06 0.0180357)
(1.34631e-06 -2.66225e-06 0.0180583)
(1.27821e-06 -2.65503e-06 0.0180683)
(1.19757e-06 -2.73634e-06 0.018026)
(1.27669e-06 -2.81308e-06 0.0180597)
(1.30352e-06 -2.86389e-06 0.0180786)
(1.27755e-06 -2.8809e-06 0.0180867)
(1.05718e-06 -2.77608e-06 0.0180401)
(1.176e-06 -2.87672e-06 0.0180711)
(1.24508e-06 -2.95108e-06 0.0180881)
(1.26177e-06 -2.99035e-06 0.0180954)
(9.61872e-07 -1.53903e-06 0.0179471)
(9.7291e-07 -1.5483e-06 0.0179955)
(9.40167e-07 -1.5401e-06 0.0180238)
(8.71625e-07 -1.51515e-06 0.0180366)
(8.9815e-07 -1.69891e-06 0.0179966)
(9.28959e-07 -1.72719e-06 0.0180359)
(9.22426e-07 -1.7394e-06 0.0180586)
(8.80254e-07 -1.73184e-06 0.0180687)
(8.17872e-07 -1.79124e-06 0.018026)
(8.75003e-07 -1.83877e-06 0.0180598)
(8.96472e-07 -1.86953e-06 0.0180787)
(8.819e-07 -1.87835e-06 0.018087)
(7.27143e-07 -1.81499e-06 0.0180399)
(8.10608e-07 -1.87857e-06 0.018071)
(8.59952e-07 -1.9252e-06 0.0180881)
(8.73383e-07 -1.94908e-06 0.0180954)
(7.05494e-07 -1.05057e-06 0.0179473)
(7.19121e-07 -1.05545e-06 0.0179958)
(7.00075e-07 -1.04825e-06 0.0180241)
(6.53604e-07 -1.02853e-06 0.018037)
(6.61678e-07 -1.1585e-06 0.0179967)
(6.89483e-07 -1.175e-06 0.0180361)
(6.89118e-07 -1.18081e-06 0.0180589)
(6.61772e-07 -1.17281e-06 0.018069)
(6.08194e-07 -1.21903e-06 0.0180259)
(6.54051e-07 -1.24827e-06 0.0180598)
(6.73208e-07 -1.26671e-06 0.0180788)
(6.65229e-07 -1.2703e-06 0.0180871)
(5.47611e-07 -1.23106e-06 0.0180397)
(6.11399e-07 -1.27196e-06 0.0180709)
(6.49806e-07 -1.30194e-06 0.0180881)
(6.61248e-07 -1.31661e-06 0.0180955)
(-0.0153646 -0.000411963 0.0130974)
(-0.0143024 -0.00134734 0.0148096)
(-0.00975365 -0.00186084 0.0174803)
(-0.00696289 -0.0028153 0.0157082)
(0.000394218 0.000272474 0.0029077)
(0.00292082 0.000651092 0.0125055)
(0.00148298 -0.0036834 0.0154857)
(0.00147065 -0.0057993 0.0115086)
(0.000290736 -5.26102e-05 0.00159789)
(0.00277127 0.000469148 0.00823878)
(0.00508409 0.00117414 0.000325104)
(-0.00252886 -0.00346729 0.00405631)
(0.000167848 -0.00196018 0.000731127)
(-0.000794425 0.0054385 0.00599136)
(-0.00181691 -0.00158846 0.0110278)
(-0.000125203 -0.000229108 0.00237183)
(-0.00354926 0.0013315 0.0318285)
(-0.00463125 -0.000744239 0.0268262)
(-0.00336157 -0.00157892 0.0234426)
(-0.00152838 -0.00136086 0.0214313)
(-0.00228184 0.00189332 0.0325511)
(-0.00228863 0.000406104 0.0272506)
(-0.000562602 -0.000206803 0.0236158)
(0.000774424 -0.00050952 0.021588)
(-0.00104698 0.000561101 0.03149)
(-0.000932355 0.00044156 0.0260614)
(-7.3196e-05 -3.04324e-05 0.0249229)
(-0.000948951 -0.000185603 0.0245133)
(-0.000515252 -0.00191419 0.0308791)
(-0.000972039 -1.03459e-05 0.026055)
(0.000488411 -0.000385329 0.025379)
(0.000716978 5.75164e-05 0.0262729)
(6.11657e-06 0.000486252 0.0205139)
(0.000336506 0.000528897 0.0188341)
(0.000392897 0.000341691 0.0169284)
(0.000428648 0.000252125 0.0154091)
(-0.000505344 0.00171857 0.0189477)
(0.000269878 0.00136724 0.018252)
(0.000663294 0.000752483 0.016758)
(0.000620855 0.000217672 0.0151851)
(2.49712e-05 0.00129804 0.0169674)
(0.000707195 0.00105001 0.0166789)
(0.000686488 0.000369368 0.0158819)
(0.000147927 -0.000145808 0.0152661)
(0.000212563 -3.18223e-05 0.0155565)
(0.000507517 5.58385e-05 0.0159171)
(0.000550143 -0.000288778 0.0161563)
(0.000177232 -0.00051489 0.0157046)
(0.000576813 -0.000311021 0.0203525)
(0.000853754 -7.49858e-05 0.0194612)
(0.000888993 -2.61386e-05 0.0184)
(0.00070291 -0.000114825 0.0175363)
(-5.37274e-05 0.000597546 0.0195803)
(0.000468959 0.000484395 0.0189632)
(0.000713217 0.000169446 0.0180866)
(0.000535621 -0.000198626 0.0173223)
(4.19869e-05 0.000593514 0.0185272)
(0.000477196 0.000408145 0.0181539)
(0.000579965 -3.70602e-06 0.0176923)
(0.000311687 -0.000400751 0.0173934)
(5.94269e-05 5.76541e-05 0.0175858)
(0.00024373 -6.61369e-05 0.01763)
(0.000296485 -0.000322018 0.0177139)
(9.9263e-05 -0.000555804 0.0177071)
(0.000518838 -0.000382613 0.0186949)
(0.000699307 -0.000235447 0.0184437)
(0.000728008 -0.000200416 0.0180614)
(0.000625016 -0.000257996 0.0177408)
(0.00010046 0.000105663 0.0185159)
(0.000385189 6.85067e-05 0.0183546)
(0.000510052 -8.581e-05 0.0180393)
(0.000427484 -0.000288086 0.0177704)
(6.82108e-05 0.000149776 0.0182174)
(0.000293175 4.03579e-05 0.0181701)
(0.00036892 -0.000169624 0.0180401)
(0.0002713 -0.000393544 0.0179438)
(3.12243e-05 -7.25711e-05 0.0178737)
(0.000120832 -0.000159917 0.0180247)
(0.000163408 -0.00030497 0.01813)
(0.000105071 -0.000453709 0.0181907)
(0.000374567 -0.000346278 0.018058)
(0.000457814 -0.000281306 0.0180186)
(0.000477504 -0.000265945 0.017918)
(0.000435619 -0.00029515 0.0178229)
(0.00014465 -0.000132655 0.0180354)
(0.000276559 -0.000143224 0.0180403)
(0.000340678 -0.000209186 0.0179691)
(0.000316039 -0.000305656 0.0178944)
(8.47856e-05 -9.65353e-05 0.0179759)
(0.000194202 -0.000143722 0.0180351)
(0.000241843 -0.000240925 0.0180365)
(0.000220081 -0.00035139 0.0180263)
(3.25257e-05 -0.000166414 0.0178759)
(8.28022e-05 -0.000211956 0.0180233)
(0.000117431 -0.000287026 0.0181229)
(0.000118712 -0.000369616 0.0181809)
(0.000261479 -0.000272503 0.0177648)
(0.000297586 -0.00024699 0.017821)
(0.000308203 -0.000243548 0.0178382)
(0.000291927 -0.000259461 0.0178427)
(0.000135914 -0.0001916 0.0178195)
(0.000197083 -0.00019535 0.0178964)
(0.000231444 -0.000224081 0.0179255)
(0.000228903 -0.000267863 0.0179353)
(8.04369e-05 -0.000172835 0.0178548)
(0.000137157 -0.000193068 0.0179554)
(0.000170193 -0.000236365 0.0180114)
(0.000175243 -0.000287585 0.018042)
(3.15685e-05 -0.000187417 0.0178554)
(6.6833e-05 -0.000210319 0.0179946)
(9.81816e-05 -0.000247828 0.0180898)
(0.000118075 -0.000289993 0.0181459)
(0.000182659 -0.000204379 0.0176433)
(0.000197496 -0.000195235 0.0177371)
(0.000202714 -0.000196162 0.0178013)
(0.000196253 -0.000205424 0.0178471)
(0.00011164 -0.000179541 0.0177186)
(0.000141027 -0.0001808 0.0178256)
(0.000160062 -0.000193689 0.0178957)
(0.000163519 -0.000213686 0.0179415)
(6.74389e-05 -0.000171159 0.0177819)
(9.95095e-05 -0.000179589 0.017901)
(0.000122419 -0.000198937 0.0179806)
(0.000133371 -0.000222666 0.0180305)
(2.77019e-05 -0.00016883 0.0178186)
(5.43026e-05 -0.000179914 0.0179545)
(8.0058e-05 -0.000198754 0.0180491)
(0.000100816 -0.000220552 0.0181066)
(0.00012832 -0.000149717 0.0175944)
(0.00013402 -0.000147024 0.0177036)
(0.000136289 -0.000149278 0.0177867)
(0.000133288 -0.000155241 0.0178496)
(8.60182e-05 -0.000146514 0.0176692)
(0.000100843 -0.000146961 0.0177891)
(0.000111616 -0.000153274 0.0178763)
(0.000115439 -0.000163035 0.0179382)
(5.28117e-05 -0.000143513 0.017735)
(7.21369e-05 -0.000147021 0.0178625)
(8.7654e-05 -0.000156186 0.0179531)
(9.75583e-05 -0.000167826 0.0180132)
(2.2368e-05 -0.000137034 0.0177789)
(4.2232e-05 -0.000142917 0.017915)
(6.15325e-05 -0.000153136 0.018011)
(7.80593e-05 -0.000165163 0.0180718)
(9.06542e-05 -0.000108515 0.017577)
(9.24907e-05 -0.000108276 0.0176926)
(9.32503e-05 -0.000110708 0.0177836)
(9.14438e-05 -0.000114909 0.0178536)
(6.41782e-05 -0.00011269 0.0176448)
(7.19971e-05 -0.00011296 0.0177704)
(7.81893e-05 -0.000116494 0.0178653)
(8.09824e-05 -0.000121807 0.0179349)
(3.98419e-05 -0.000112272 0.017705)
(5.19434e-05 -0.000113858 0.0178368)
(6.23018e-05 -0.000118683 0.0179331)
(6.96947e-05 -0.000124964 0.0179992)
(1.71117e-05 -0.000106298 0.0177469)
(3.14751e-05 -0.000109646 0.0178837)
(4.53159e-05 -0.000115692 0.0179818)
(5.73186e-05 -0.000122881 0.0180462)
(6.44025e-05 -7.83415e-05 0.0175726)
(6.46696e-05 -7.89517e-05 0.017691)
(6.47149e-05 -8.11599e-05 0.0177854)
(6.33871e-05 -8.42888e-05 0.0178584)
(4.71408e-05 -8.42934e-05 0.0176323)
(5.14256e-05 -8.45637e-05 0.0177608)
(5.50314e-05 -8.68326e-05 0.0178596)
(5.67963e-05 -9.00927e-05 0.017933)
(2.95088e-05 -8.50732e-05 0.0176856)
(3.72787e-05 -8.58998e-05 0.0178199)
(4.41534e-05 -8.87611e-05 0.0179195)
(4.92917e-05 -9.25252e-05 0.0179895)
(1.27444e-05 -8.06077e-05 0.0177228)
(2.29322e-05 -8.26768e-05 0.0178607)
(3.26402e-05 -8.65506e-05 0.0179608)
(4.10505e-05 -9.11716e-05 0.0180282)
(4.5992e-05 -5.65414e-05 0.0175732)
(4.56737e-05 -5.73684e-05 0.0176928)
(4.54217e-05 -5.92334e-05 0.0177887)
(4.43644e-05 -6.16234e-05 0.0178632)
(3.43836e-05 -6.22274e-05 0.0176259)
(3.68036e-05 -6.25199e-05 0.017756)
(3.8932e-05 -6.41294e-05 0.0178568)
(3.99705e-05 -6.6332e-05 0.0179325)
(2.16636e-05 -6.34722e-05 0.0176731)
(2.67421e-05 -6.39843e-05 0.0178089)
(3.13144e-05 -6.58626e-05 0.0179105)
(3.47965e-05 -6.83255e-05 0.017983)
(9.36449e-06 -6.041e-05 0.0177055)
(1.65244e-05 -6.17809e-05 0.0178443)
(2.32839e-05 -6.44141e-05 0.0179461)
(2.91187e-05 -6.75461e-05 0.0180159)
(3.29936e-05 -4.08583e-05 0.0175754)
(3.2506e-05 -4.16612e-05 0.0176957)
(3.21622e-05 -4.3177e-05 0.0177924)
(3.13098e-05 -4.50158e-05 0.0178675)
(2.50092e-05 -4.5655e-05 0.0176227)
(2.64076e-05 -4.59514e-05 0.0177538)
(2.76813e-05 -4.71577e-05 0.0178557)
(2.82659e-05 -4.87388e-05 0.0179327)
(1.58391e-05 -4.69841e-05 0.017665)
(1.92048e-05 -4.73501e-05 0.0178017)
(2.22661e-05 -4.8671e-05 0.0179048)
(2.46149e-05 -5.03816e-05 0.0179788)
(6.83565e-06 -4.49738e-05 0.0176932)
(1.18528e-05 -4.59281e-05 0.0178329)
(1.65608e-05 -4.77866e-05 0.0179359)
(2.0616e-05 -4.99829e-05 0.0180075)
(2.37557e-05 -2.9574e-05 0.017578)
(2.32671e-05 -3.02708e-05 0.0176986)
(2.29252e-05 -3.14733e-05 0.0177956)
(2.22451e-05 -3.28856e-05 0.017871)
(1.81759e-05 -3.34001e-05 0.0176212)
(1.89971e-05 -3.36795e-05 0.0177528)
(1.97689e-05 -3.46045e-05 0.0178555)
(2.0086e-05 -3.57755e-05 0.0179333)
(1.15589e-05 -3.463e-05 0.0176597)
(1.38146e-05 -3.49134e-05 0.0177971)
(1.58816e-05 -3.58791e-05 0.017901)
(1.74728e-05 -3.71094e-05 0.0179762)
(4.97428e-06 -3.33414e-05 0.0176847)
(8.49162e-06 -3.40266e-05 0.0178249)
(1.17825e-05 -3.53671e-05 0.0179288)
(1.46176e-05 -3.69385e-05 0.0180016)
(1.71507e-05 -2.14368e-05 0.0175804)
(1.67222e-05 -2.20098e-05 0.0177012)
(1.64198e-05 -2.29475e-05 0.0177984)
(1.58853e-05 -2.40264e-05 0.0178739)
(1.32083e-05 -2.4399e-05 0.0176206)
(1.36956e-05 -2.46476e-05 0.0177526)
(1.41683e-05 -2.53607e-05 0.0178557)
(1.43329e-05 -2.6239e-05 0.0179339)
(8.42712e-06 -2.54554e-05 0.0176562)
(9.95314e-06 -2.56818e-05 0.017794)
(1.13608e-05 -2.6401e-05 0.0178986)
(1.24469e-05 -2.73019e-05 0.0179745)
(3.61449e-06 -2.4641e-05 0.0176786)
(6.08548e-06 -2.51414e-05 0.0178193)
(8.39621e-06 -2.61194e-05 0.0179239)
(1.03915e-05 -2.72562e-05 0.0179976)
(1.24024e-05 -1.55508e-05 0.0175824)
(1.20495e-05 -1.60072e-05 0.0177033)
(1.17977e-05 -1.67288e-05 0.0178006)
(1.13836e-05 -1.75474e-05 0.0178762)
(9.59673e-06 -1.78032e-05 0.0176204)
(9.88759e-06 -1.80147e-05 0.0177526)
(1.01795e-05 -1.85627e-05 0.017856)
(1.02594e-05 -1.92233e-05 0.0179346)
(6.13855e-06 -1.86702e-05 0.0176539)
(7.17909e-06 -1.88515e-05 0.0177921)
(8.14504e-06 -1.93905e-05 0.017897)
(8.89217e-06 -2.00552e-05 0.0179734)
(2.62393e-06 -1.81596e-05 0.0176744)
(4.36429e-06 -1.85281e-05 0.0178154)
(5.99367e-06 -1.92452e-05 0.0179205)
(7.40603e-06 -2.0072e-05 0.0179948)
(8.97129e-06 -1.12771e-05 0.017584)
(8.69083e-06 -1.16329e-05 0.0177049)
(8.48886e-06 -1.21817e-05 0.0178023)
(8.17203e-06 -1.27981e-05 0.0178779)
(6.96612e-06 -1.29686e-05 0.0176204)
(7.14019e-06 -1.31424e-05 0.0177528)
(7.32169e-06 -1.35604e-05 0.0178564)
(7.35572e-06 -1.40559e-05 0.0179351)
(4.46486e-06 -1.36582e-05 0.0176523)
(5.17886e-06 -1.3802e-05 0.0177907)
(5.84584e-06 -1.42057e-05 0.017896)
(6.36319e-06 -1.46968e-05 0.0179727)
(1.90233e-06 -1.33397e-05 0.0176715)
(3.13069e-06 -1.36116e-05 0.0178127)
(4.28323e-06 -1.41377e-05 0.0179181)
(5.28687e-06 -1.474e-05 0.0179928)
(6.47802e-06 -8.1598e-06 0.0175852)
(6.26075e-06 -8.43226e-06 0.0177062)
(6.10291e-06 -8.84502e-06 0.0178036)
(5.86346e-06 -9.30496e-06 0.0178793)
(5.04353e-06 -9.41672e-06 0.0176205)
(5.1477e-06 -9.55546e-06 0.017753)
(5.26104e-06 -9.87104e-06 0.0178568)
(5.2713e-06 -1.02403e-05 0.0179356)
(3.23772e-06 -9.95205e-06 0.0176513)
(3.72976e-06 -1.00644e-05 0.0177899)
(4.19212e-06 -1.03652e-05 0.0178953)
(4.55184e-06 -1.07267e-05 0.0179723)
(1.37543e-06 -9.75403e-06 0.0176694)
(2.24302e-06 -9.95408e-06 0.0178108)
(3.05917e-06 -1.0339e-05 0.0179164)
(3.77331e-06 -1.07769e-05 0.0179914)
(4.65413e-06 -5.87223e-06 0.0175862)
(4.48949e-06 -6.07731e-06 0.0177072)
(4.36892e-06 -6.38361e-06 0.0178046)
(4.19039e-06 -6.7229e-06 0.0178803)
(3.63098e-06 -6.79547e-06 0.0176206)
(3.69328e-06 -6.9033e-06 0.0177532)
(3.76424e-06 -7.13842e-06 0.017857)
(3.76306e-06 -7.41063e-06 0.017936)
(2.33385e-06 -7.20207e-06 0.0176506)
(2.67339e-06 -7.28816e-06 0.0177893)
(2.9941e-06 -7.50998e-06 0.0178949)
(3.24433e-06 -7.7741e-06 0.017972)
(9.88947e-07 -7.07924e-06 0.0176679)
(1.60044e-06 -7.22538e-06 0.0178094)
(2.17713e-06 -7.505e-06 0.0179152)
(2.68405e-06 -7.82145e-06 0.0179904)
(3.30901e-06 -4.18049e-06 0.0175869)
(3.1874e-06 -4.3317e-06 0.0177079)
(3.09764e-06 -4.55491e-06 0.0178054)
(2.96699e-06 -4.80097e-06 0.017881)
(2.58568e-06 -4.84805e-06 0.0176207)
(2.62317e-06 -4.92946e-06 0.0177534)
(2.66774e-06 -5.10132e-06 0.0178573)
(2.66208e-06 -5.29866e-06 0.0179363)
(1.66364e-06 -5.14952e-06 0.0176502)
(1.89737e-06 -5.21386e-06 0.0177889)
(2.11894e-06 -5.37473e-06 0.0178945)
(2.29228e-06 -5.56484e-06 0.0179718)
(7.03598e-07 -5.07341e-06 0.0176669)
(1.1318e-06 -5.17869e-06 0.0178085)
(1.5364e-06 -5.37905e-06 0.0179144)
(1.89348e-06 -5.60489e-06 0.0179897)
(2.30948e-06 -2.9201e-06 0.0175874)
(2.22303e-06 -3.0284e-06 0.0177084)
(2.15872e-06 -3.18651e-06 0.0178059)
(2.06605e-06 -3.36009e-06 0.0178815)
(1.80671e-06 -3.39129e-06 0.0176208)
(1.83026e-06 -3.45045e-06 0.0177535)
(1.85883e-06 -3.57228e-06 0.0178575)
(1.85292e-06 -3.71133e-06 0.0179365)
(1.16344e-06 -3.60772e-06 0.0176498)
(1.32353e-06 -3.65405e-06 0.0177886)
(1.47543e-06 -3.76737e-06 0.0178943)
(1.59467e-06 -3.90063e-06 0.0179716)
(4.91668e-07 -3.56016e-06 0.0176662)
(7.88101e-07 -3.63411e-06 0.0178078)
(1.06835e-06 -3.77415e-06 0.0179138)
(1.31654e-06 -3.93161e-06 0.0179892)
(1.56835e-06 -1.98255e-06 0.0175878)
(1.51123e-06 -2.0567e-06 0.0177088)
(1.46831e-06 -2.16356e-06 0.0178063)
(1.40647e-06 -2.28035e-06 0.0178819)
(1.2274e-06 -2.30324e-06 0.0176209)
(1.24478e-06 -2.34364e-06 0.0177536)
(1.26493e-06 -2.42552e-06 0.0178576)
(1.26215e-06 -2.51867e-06 0.0179367)
(7.91035e-07 -2.45132e-06 0.0176496)
(9.01113e-07 -2.48247e-06 0.0177884)
(1.00517e-06 -2.55813e-06 0.0178942)
(1.0876e-06 -2.64716e-06 0.0179716)
(3.3495e-07 -2.41985e-06 0.0176657)
(5.37949e-07 -2.46943e-06 0.0178074)
(7.29541e-07 -2.56298e-06 0.0179134)
(8.9985e-07 -2.66834e-06 0.0179889)
(1.04247e-06 -1.31504e-06 0.017588)
(1.00945e-06 -1.36259e-06 0.017709)
(9.84738e-07 -1.42932e-06 0.0178065)
(9.48245e-07 -1.50198e-06 0.0178821)
(8.14687e-07 -1.52338e-06 0.0176209)
(8.32192e-07 -1.54783e-06 0.0177537)
(8.50114e-07 -1.59783e-06 0.0178577)
(8.5372e-07 -1.655e-06 0.0179367)
(5.25508e-07 -1.61714e-06 0.0176495)
(6.05138e-07 -1.63517e-06 0.0177883)
(6.79176e-07 -1.68102e-06 0.0178941)
(7.39654e-07 -1.73586e-06 0.0179715)
(2.24766e-07 -1.59218e-06 0.0176654)
(3.66337e-07 -1.62269e-06 0.0178071)
(4.98586e-07 -1.68067e-06 0.0179131)
(6.17262e-07 -1.74689e-06 0.0179887)
(7.29626e-07 -9.13384e-07 0.0175882)
(7.16749e-07 -9.45324e-07 0.0177092)
(7.05387e-07 -9.8688e-07 0.0178067)
(6.89105e-07 -1.03058e-06 0.0178823)
(5.67541e-07 -1.05479e-06 0.0176209)
(5.89736e-07 -1.07105e-06 0.0177537)
(6.1038e-07 -1.09968e-06 0.0178577)
(6.2296e-07 -1.13257e-06 0.0179368)
(3.65521e-07 -1.1171e-06 0.0176493)
(4.30859e-07 -1.12912e-06 0.0177882)
(4.93797e-07 -1.15428e-06 0.017894)
(5.46206e-07 -1.18551e-06 0.0179714)
(1.56381e-07 -1.0917e-06 0.0176651)
(2.64418e-07 -1.11282e-06 0.0178068)
(3.70882e-07 -1.14741e-06 0.0179129)
(4.64025e-07 -1.18769e-06 0.0179885)
(-0.00119854 -0.000869336 0.00390727)
(8.90533e-05 0.00151618 0.00336462)
(0.00609024 -0.00721149 -0.0027824)
(0.00177794 -0.00580917 0.00449382)
(-0.00428761 -2.60079e-05 0.00423646)
(0.00030299 0.00141963 0.011633)
(0.00111334 -0.00154357 0.00456516)
(-0.00420637 -0.00176631 0.00642402)
(-0.00750311 0.00174145 0.00184505)
(0.00106232 -0.0011574 0.016032)
(-0.000989903 0.000182133 0.0152236)
(0.000825326 -0.00221186 0.00847713)
(-0.00419667 -0.0025256 0.00355468)
(0.002381 -0.00491527 0.0154734)
(-0.000975034 -0.00187044 0.0174723)
(0.00847502 -0.000909911 0.00752701)
(-0.00100853 -0.000398264 0.0251861)
(-0.00158483 -0.00039956 0.0257215)
(-0.00173645 -0.00155301 0.0232266)
(-0.00304702 -0.00112589 0.0174744)
(-0.00273803 -0.000930547 0.0238259)
(-0.00275298 -0.00112347 0.0238717)
(-0.0018244 -0.0027281 0.0240351)
(-0.0033704 -0.00170536 0.0196598)
(-0.00354003 -0.000993054 0.0238029)
(-0.00329802 -6.76496e-05 0.0227922)
(-0.00151107 -0.00148993 0.0228773)
(-0.00162366 -0.000900788 0.0217852)
(-0.00299055 -0.000936425 0.0230751)
(-0.00296265 0.00121481 0.0225344)
(-0.00112507 9.63287e-05 0.023227)
(0.000255966 3.50843e-05 0.0245628)
(0.000668584 -0.000435407 0.015597)
(0.000131984 1.45067e-05 0.0155207)
(0.000420926 -0.000272257 0.0149543)
(-0.000408294 -0.000338491 0.0133342)
(0.000324557 -0.000165626 0.0153606)
(-0.000129844 0.000127503 0.015811)
(0.000154649 -0.000422471 0.0154893)
(-0.000711197 -0.000693506 0.0144089)
(-0.000100113 -5.87853e-05 0.0149231)
(-0.000563349 0.000249698 0.015833)
(-0.000159791 -0.000393972 0.0160663)
(-0.000586875 -0.000630398 0.0154323)
(-0.00029066 0.000164225 0.014562)
(-0.000808888 0.000494433 0.0156265)
(-0.000438368 -9.94348e-05 0.0164158)
(-0.000364265 -0.000379702 0.0161776)
(0.000787364 -0.000620607 0.0178386)
(0.000354207 -0.00016521 0.0172614)
(0.000594752 -0.000222961 0.0166553)
(0.000278624 -0.000238336 0.0155755)
(0.000679576 -0.000431108 0.0175991)
(0.000267594 -8.33661e-05 0.0171413)
(0.000402721 -0.000250331 0.016628)
(7.71525e-05 -0.000479877 0.0159392)
(0.000518659 -0.000276408 0.0172456)
(8.40823e-05 -5.10582e-05 0.0170118)
(0.00015734 -0.000295431 0.016784)
(-4.22649e-05 -0.000535005 0.016412)
(0.000316843 -0.000215527 0.0169455)
(-0.000113287 -0.000120121 0.0169138)
(-7.45631e-05 -0.000368067 0.016998)
(-0.000102836 -0.000548153 0.0168807)
(0.000709635 -0.000533535 0.0174773)
(0.000506544 -0.000255635 0.0171642)
(0.000540695 -0.000197131 0.0168421)
(0.000330432 -0.000148253 0.0163393)
(0.000683575 -0.000417806 0.0174936)
(0.000464028 -0.000222539 0.0172205)
(0.000433338 -0.000241961 0.016954)
(0.000228406 -0.000313418 0.0166144)
(0.000609675 -0.000347982 0.0174237)
(0.000368756 -0.000241874 0.0172362)
(0.000301406 -0.000319371 0.0170869)
(0.000146493 -0.000414137 0.0169118)
(0.000490367 -0.000336057 0.0173641)
(0.000249272 -0.000319141 0.0172827)
(0.00017582 -0.000420004 0.0172629)
(9.45778e-05 -0.000491725 0.0172178)
(0.000502596 -0.000396107 0.0174761)
(0.000434131 -0.000236936 0.0172521)
(0.000407379 -0.000156893 0.0170294)
(0.00025854 -9.56454e-05 0.0167766)
(0.000493561 -0.000354608 0.0175493)
(0.000407174 -0.000241053 0.0173553)
(0.000353229 -0.000212194 0.0171729)
(0.000212644 -0.000211435 0.0169887)
(0.0004617 -0.000331036 0.0175786)
(0.000357901 -0.000271048 0.0174334)
(0.000289866 -0.000283039 0.01731)
(0.000175105 -0.000303433 0.0172002)
(0.00040499 -0.000333317 0.0175996)
(0.000296155 -0.000323673 0.0175157)
(0.000229395 -0.000358307 0.0174576)
(0.000152066 -0.000376959 0.0174091)
(0.000342422 -0.000278426 0.0174716)
(0.000325541 -0.000185704 0.0173391)
(0.000294724 -0.000118133 0.0172027)
(0.000192726 -6.49731e-05 0.0170713)
(0.00033504 -0.000267559 0.0175773)
(0.000306738 -0.000202756 0.0174667)
(0.000265454 -0.000167388 0.0173542)
(0.000172154 -0.000146141 0.0172521)
(0.000320192 -0.000264707 0.017652)
(0.000280938 -0.0002301 0.01757)
(0.000234648 -0.000221103 0.0174892)
(0.000156686 -0.000215828 0.0174196)
(0.000294062 -0.00027138 0.0177101)
(0.000249791 -0.00026467 0.0176637)
(0.00020582 -0.000272876 0.0176168)
(0.000148387 -0.000272698 0.0175754)
(0.000232368 -0.000193313 0.0174861)
(0.000232175 -0.000136 0.0174109)
(0.00020857 -8.54765e-05 0.0173335)
(0.000141853 -4.48757e-05 0.0172635)
(0.000226135 -0.000193959 0.0176031)
(0.000218975 -0.000154358 0.0175467)
(0.000191844 -0.000124348 0.0174853)
(0.000132243 -0.000101695 0.0174292)
(0.000218088 -0.00019798 0.0176943)
(0.000204536 -0.000176349 0.0176577)
(0.000176161 -0.00016338 0.0176141)
(0.000126119 -0.000152123 0.0175728)
(0.000205407 -0.000204908 0.0177661)
(0.000188365 -0.000199844 0.0177522)
(0.000162046 -0.000199191 0.0177265)
(0.00012371 -0.000194196 0.0176983)
(0.000158917 -0.000134258 0.0175038)
(0.000162331 -9.67676e-05 0.0174654)
(0.000145818 -6.05496e-05 0.0174257)
(0.000103137 -3.12319e-05 0.0173887)
(0.000153824 -0.000138332 0.0176247)
(0.000153066 -0.000112653 0.0176031)
(0.000135773 -8.97613e-05 0.017575)
(9.8343e-05 -7.11806e-05 0.0175458)
(0.000148763 -0.000143966 0.0177217)
(0.000144396 -0.000129655 0.017715)
(0.000127279 -0.000118044 0.0176979)
(9.59288e-05 -0.000107425 0.0176758)
(0.000141912 -0.000150102 0.0177981)
(0.000135447 -0.000146369 0.017807)
(0.000119954 -0.000143487 0.0177996)
(9.55138e-05 -0.000138356 0.0177836)
(0.000109767 -9.37639e-05 0.0175213)
(0.000112943 -6.82015e-05 0.0175064)
(0.000101646 -4.2621e-05 0.0174901)
(7.43197e-05 -2.19209e-05 0.0174719)
(0.000105722 -9.83102e-05 0.0176434)
(0.000106403 -8.08888e-05 0.0176437)
(9.53036e-05 -6.41546e-05 0.0176368)
(7.17191e-05 -5.02401e-05 0.0176237)
(0.000102197 -0.000103676 0.017742)
(0.000100854 -9.38269e-05 0.0177545)
(9.03475e-05 -8.47235e-05 0.0177549)
(7.07177e-05 -7.63517e-05 0.0177456)
(9.80161e-05 -0.000108799 0.0178197)
(9.55012e-05 -0.000106113 0.0178436)
(8.62231e-05 -0.000103198 0.0178493)
(7.08289e-05 -9.91076e-05 0.0178428)
(7.66243e-05 -6.59847e-05 0.0175365)
(7.88781e-05 -4.80995e-05 0.0175367)
(7.11431e-05 -3.00671e-05 0.0175352)
(5.33699e-05 -1.55219e-05 0.0175281)
(7.34808e-05 -7.00228e-05 0.0176587)
(7.42202e-05 -5.78659e-05 0.0176732)
(6.6952e-05 -4.58343e-05 0.0176798)
(5.18241e-05 -3.57729e-05 0.0176767)
(7.08896e-05 -7.45591e-05 0.0177577)
(7.04794e-05 -6.7629e-05 0.0177825)
(6.38382e-05 -6.08599e-05 0.0177943)
(5.13458e-05 -5.46772e-05 0.0177936)
(6.80794e-05 -7.86902e-05 0.0178354)
(6.70343e-05 -7.68004e-05 0.0178691)
(6.13037e-05 -7.44375e-05 0.0178838)
(5.15137e-05 -7.14377e-05 0.017884)
(5.40055e-05 -4.67952e-05 0.0175489)
(5.54754e-05 -3.40876e-05 0.0175591)
(5.01385e-05 -2.13322e-05 0.017567)
(3.83321e-05 -1.10801e-05 0.0175669)
(5.15982e-05 -5.00975e-05 0.017671)
(5.21285e-05 -4.147e-05 0.0176947)
(4.72693e-05 -3.28638e-05 0.01771)
(3.73374e-05 -2.56719e-05 0.0177134)
(4.96532e-05 -5.37338e-05 0.0177698)
(4.95139e-05 -4.87979e-05 0.0178027)
(4.51909e-05 -4.3876e-05 0.017822)
(3.70568e-05 -3.94207e-05 0.017827)
(4.76524e-05 -5.69887e-05 0.0178473)
(4.71727e-05 -5.56758e-05 0.0178874)
(4.35161e-05 -5.39054e-05 0.017908)
(3.71706e-05 -5.17701e-05 0.0179131)
(3.83701e-05 -3.34101e-05 0.0175587)
(3.93034e-05 -2.42975e-05 0.0175755)
(3.5584e-05 -1.52286e-05 0.0175896)
(2.75773e-05 -7.96184e-06 0.0175941)
(3.65448e-05 -3.60081e-05 0.0176806)
(3.68815e-05 -2.98258e-05 0.0177104)
(3.35698e-05 -2.36684e-05 0.0177314)
(2.68993e-05 -1.85363e-05 0.0177392)
(3.5077e-05 -3.88426e-05 0.0177792)
(3.50118e-05 -3.53038e-05 0.0178174)
(3.21236e-05 -3.17552e-05 0.0178417)
(2.67031e-05 -2.85682e-05 0.0178506)
(3.36111e-05 -4.13657e-05 0.0178563)
(3.33636e-05 -4.04586e-05 0.0179006)
(3.09613e-05 -3.91736e-05 0.0179254)
(2.67606e-05 -3.76645e-05 0.0179338)
(2.74319e-05 -2.39807e-05 0.0175663)
(2.80224e-05 -1.74097e-05 0.0175876)
(2.54038e-05 -1.0929e-05 0.0176058)
(1.98767e-05 -5.7489e-06 0.0176134)
(2.60575e-05 -2.59828e-05 0.017688)
(2.62606e-05 -2.15274e-05 0.0177219)
(2.39661e-05 -1.7112e-05 0.0177468)
(1.93975e-05 -1.34419e-05 0.0177575)
(2.49509e-05 -2.81562e-05 0.0177863)
(2.49053e-05 -2.56088e-05 0.0178282)
(2.29338e-05 -2.30558e-05 0.0178559)
(1.92473e-05 -2.07761e-05 0.0178675)
(2.38638e-05 -3.00884e-05 0.0178631)
(2.37206e-05 -2.9462e-05 0.0179103)
(2.21038e-05 -2.85401e-05 0.0179378)
(1.92681e-05 -2.74708e-05 0.0179485)
(1.97013e-05 -1.72794e-05 0.017572)
(2.00768e-05 -1.25252e-05 0.0175965)
(1.82166e-05 -7.87441e-06 0.0176174)
(1.43474e-05 -4.16431e-06 0.0176272)
(1.86719e-05 -1.88028e-05 0.0176936)
(1.87908e-05 -1.55811e-05 0.0177304)
(1.71798e-05 -1.24066e-05 0.0177579)
(1.40015e-05 -9.77377e-06 0.0177707)
(1.78402e-05 -2.04511e-05 0.0177917)
(1.78009e-05 -1.86129e-05 0.0178361)
(1.64321e-05 -1.67752e-05 0.0178661)
(1.38834e-05 -1.51402e-05 0.0178796)
(1.70309e-05 -2.1917e-05 0.0178682)
(1.69396e-05 -2.14834e-05 0.0179174)
(1.58305e-05 -2.08238e-05 0.0179468)
(1.38848e-05 -2.00617e-05 0.0179592)
(1.41911e-05 -1.24809e-05 0.0175764)
(1.44317e-05 -9.03517e-06 0.017603)
(1.31008e-05 -5.68762e-06 0.0176259)
(1.03642e-05 -3.02153e-06 0.0176372)
(1.34235e-05 -1.36297e-05 0.0176978)
(1.34913e-05 -1.12961e-05 0.0177366)
(1.23487e-05 -9.00896e-06 0.0177659)
(1.01118e-05 -7.11508e-06 0.0177801)
(1.2801e-05 -1.48696e-05 0.0177958)
(1.27658e-05 -1.35412e-05 0.0178419)
(1.18032e-05 -1.22168e-05 0.0178735)
(1.00189e-05 -1.10408e-05 0.0178883)
(1.21986e-05 -1.5973e-05 0.0178721)
(1.21361e-05 -1.56716e-05 0.0179227)
(1.1364e-05 -1.51993e-05 0.0179534)
(1.00118e-05 -1.46529e-05 0.0179669)
(1.02344e-05 -9.02203e-06 0.0175796)
(1.03898e-05 -6.52428e-06 0.0176078)
(9.43305e-06 -4.11139e-06 0.017632)
(7.48455e-06 -2.19245e-06 0.0176443)
(9.66474e-06 -9.88167e-06 0.017701)
(9.70212e-06 -8.19116e-06 0.0177412)
(8.88608e-06 -6.54175e-06 0.0177717)
(7.29963e-06 -5.17755e-06 0.017787)
(9.201e-06 -1.08076e-05 0.0177988)
(9.16998e-06 -9.84743e-06 0.0178461)
(8.48709e-06 -8.89248e-06 0.0178789)
(7.22724e-06 -8.04515e-06 0.0178946)
(8.75384e-06 -1.16321e-05 0.017875)
(8.7089e-06 -1.14217e-05 0.0179265)
(8.16594e-06 -1.10831e-05 0.0179581)
(7.21747e-06 -1.06897e-05 0.0179724)
(7.37293e-06 -6.51231e-06 0.0175821)
(7.47385e-06 -4.70533e-06 0.0176113)
(6.78518e-06 -2.96769e-06 0.0176365)
(5.39374e-06 -1.5875e-06 0.0176495)
(6.95271e-06 -7.15045e-06 0.0177033)
(6.97227e-06 -5.92818e-06 0.0177445)
(6.38771e-06 -4.74002e-06 0.017776)
(5.25829e-06 -3.75813e-06 0.017792)
(6.60942e-06 -7.83657e-06 0.0178011)
(6.5829e-06 -7.14374e-06 0.0178493)
(6.09623e-06 -6.45598e-06 0.0178828)
(5.20264e-06 -5.84574e-06 0.0178992)
(6.27915e-06 -8.44775e-06 0.0178771)
(6.24591e-06 -8.30037e-06 0.0179293)
(5.86177e-06 -8.05757e-06 0.0179616)
(5.19297e-06 -7.77411e-06 0.0179765)
(5.28748e-06 -4.67793e-06 0.0175839)
(5.35328e-06 -3.37764e-06 0.0176138)
(4.85907e-06 -2.13176e-06 0.0176397)
(3.86722e-06 -1.14324e-06 0.0176533)
(4.98023e-06 -5.1468e-06 0.0177051)
(4.98966e-06 -4.26774e-06 0.017747)
(4.57167e-06 -3.41569e-06 0.017779)
(3.76852e-06 -2.71196e-06 0.0177955)
(4.72842e-06 -5.65007e-06 0.0178028)
(4.70653e-06 -5.15261e-06 0.0178515)
(4.3599e-06 -4.65949e-06 0.0178856)
(3.72638e-06 -4.22175e-06 0.0179025)
(4.48652e-06 -6.09841e-06 0.0178787)
(4.4617e-06 -5.99515e-06 0.0179313)
(4.18974e-06 -5.82159e-06 0.0179641)
(3.71797e-06 -5.61791e-06 0.0179794)
(3.75411e-06 -3.32564e-06 0.0175852)
(3.7973e-06 -2.40011e-06 0.0176157)
(3.44619e-06 -1.51569e-06 0.017642)
(2.74518e-06 -8.14489e-07 0.017656)
(3.53278e-06 -3.66499e-06 0.0177063)
(3.53692e-06 -3.03955e-06 0.0177487)
(3.24073e-06 -2.43461e-06 0.0177812)
(2.67416e-06 -1.93508e-06 0.0177981)
(3.35083e-06 -4.0285e-06 0.017804)
(3.3336e-06 -3.67499e-06 0.0178532)
(3.08872e-06 -3.32485e-06 0.0178877)
(2.64291e-06 -3.01379e-06 0.0179049)
(3.17618e-06 -4.35225e-06 0.0178798)
(3.15792e-06 -4.28018e-06 0.0179328)
(2.96674e-06 -4.15711e-06 0.0179659)
(2.63617e-06 -4.01202e-06 0.0179815)
(2.61781e-06 -2.32097e-06 0.0175861)
(2.6469e-06 -1.67485e-06 0.017617)
(2.40289e-06 -1.05834e-06 0.0176436)
(1.91669e-06 -5.69486e-07 0.0176579)
(2.46249e-06 -2.56081e-06 0.0177072)
(2.46469e-06 -2.12423e-06 0.01775)
(2.2592e-06 -1.70236e-06 0.0177828)
(1.86684e-06 -1.35379e-06 0.0177999)
(2.33441e-06 -2.81689e-06 0.0178048)
(2.32208e-06 -2.57012e-06 0.0178543)
(2.15259e-06 -2.32571e-06 0.0178891)
(1.8445e-06 -2.10827e-06 0.0179065)
(2.21154e-06 -3.04479e-06 0.0178806)
(2.19899e-06 -2.99469e-06 0.0179338)
(2.06726e-06 -2.90855e-06 0.0179671)
(1.83963e-06 -2.80667e-06 0.0179829)
(1.77824e-06 -1.57598e-06 0.0175867)
(1.80005e-06 -1.13818e-06 0.0176179)
(1.6373e-06 -7.19888e-07 0.0176448)
(1.31086e-06 -3.87272e-07 0.0176592)
(1.67426e-06 -1.73915e-06 0.0177079)
(1.6775e-06 -1.44301e-06 0.0177508)
(1.54052e-06 -1.15634e-06 0.0177839)
(1.27745e-06 -9.18706e-07 0.0178012)
(1.58819e-06 -1.91234e-06 0.0178054)
(1.5815e-06 -1.74435e-06 0.0178551)
(1.46878e-06 -1.57754e-06 0.0178901)
(1.26261e-06 -1.42862e-06 0.0179077)
(1.50567e-06 -2.06631e-06 0.0178812)
(1.49886e-06 -2.03106e-06 0.0179346)
(1.41174e-06 -1.97129e-06 0.017968)
(1.25995e-06 -1.90068e-06 0.0179839)
(1.18459e-06 -1.04773e-06 0.0175871)
(1.20414e-06 -7.58637e-07 0.0176185)
(1.10278e-06 -4.81024e-07 0.0176455)
(8.93217e-07 -2.58019e-07 0.01766)
(1.11942e-06 -1.15403e-06 0.0177083)
(1.12592e-06 -9.57275e-07 0.0177514)
(1.04079e-06 -7.65826e-07 0.0177846)
(8.72265e-07 -6.05539e-07 0.017802)
(1.06601e-06 -1.26416e-06 0.0178058)
(1.0655e-06 -1.15034e-06 0.0178556)
(9.95679e-07 -1.03716e-06 0.0178907)
(8.63902e-07 -9.35375e-07 0.0179084)
(1.01484e-06 -1.36267e-06 0.0178816)
(1.01385e-06 -1.33461e-06 0.017935)
(9.60518e-07 -1.29151e-06 0.0179686)
(8.63972e-07 -1.2415e-06 0.0179846)
(8.3947e-07 -7.3236e-07 0.0175875)
(8.67331e-07 -5.33354e-07 0.0176189)
(8.05327e-07 -3.36126e-07 0.0176461)
(6.61692e-07 -1.74074e-07 0.0176607)
(8.04151e-07 -8.0218e-07 0.0177086)
(8.21174e-07 -6.64391e-07 0.0177518)
(7.67877e-07 -5.25789e-07 0.0177851)
(6.50332e-07 -4.07506e-07 0.0178026)
(7.71712e-07 -8.74608e-07 0.0178061)
(7.81301e-07 -7.95228e-07 0.017856)
(7.37424e-07 -7.13625e-07 0.0178912)
(6.45526e-07 -6.38652e-07 0.017909)
(7.40919e-07 -9.38164e-07 0.0178818)
(7.47257e-07 -9.15886e-07 0.0179354)
(7.13913e-07 -8.83927e-07 0.017969)
(6.46671e-07 -8.46422e-07 0.0179851)
)
;

boundaryField
{
    inlet
    {
        type            uniformFixedValue;
        uniformValue    table
        
2
(
(0 (0 0 0.002))
(0.1 (0 0 0.02))
)
;
        value           uniform (0 0 0.0182);
    }
    outlet
    {
        type            zeroGradient;
    }
    wall
    {
        type            slip;
    }
    procBoundary0to1
    {
        type            processor;
        value           nonuniform List<vector> 
192
(
(0.000865182 0.00118578 0.00214134)
(0.000870821 0.00100944 0.00896344)
(0.001285 0.000149272 0.0160757)
(0.00280467 -0.000820476 0.0132197)
(-0.00087626 0.00152623 0.0270326)
(-0.0021541 0.00060893 0.0255519)
(-0.0023598 0.000609963 0.0257242)
(-0.00130321 0.000613922 0.0265974)
(-0.000518402 -1.26455e-06 0.0171577)
(-0.000682647 -0.000180346 0.017554)
(-0.000635131 -0.000122751 0.0181011)
(-0.000340778 -2.76674e-05 0.0180322)
(-9.92537e-05 -0.000502681 0.0174678)
(-5.39222e-05 -0.000510714 0.017862)
(1.73222e-05 -0.000437927 0.0182088)
(8.07943e-05 -0.000323052 0.0183087)
(6.39164e-05 -0.000497795 0.017567)
(0.000120837 -0.000503231 0.0178211)
(0.000171427 -0.000465288 0.0180268)
(0.000197971 -0.000407524 0.0181492)
(0.000108705 -0.000391178 0.0176087)
(0.00015058 -0.000409305 0.0177732)
(0.000186582 -0.000405225 0.0179064)
(0.000204412 -0.000388924 0.018006)
(0.000109436 -0.000290578 0.0176986)
(0.000135927 -0.000313621 0.0178153)
(0.000158548 -0.000324718 0.017912)
(0.000170302 -0.000327307 0.0179921)
(9.41703e-05 -0.000212682 0.0177856)
(0.000109519 -0.000234826 0.0178745)
(0.000122135 -0.000249068 0.017949)
(0.000128227 -0.000256135 0.018013)
(7.48831e-05 -0.000155216 0.0178543)
(8.34316e-05 -0.000174133 0.0179259)
(9.00503e-05 -0.000187128 0.0179852)
(9.28111e-05 -0.000194137 0.0180359)
(5.69435e-05 -0.000113306 0.0179056)
(6.17083e-05 -0.000128488 0.0179658)
(6.51469e-05 -0.000139083 0.0180142)
(6.62976e-05 -0.000144834 0.0180544)
(4.22538e-05 -8.28117e-05 0.0179428)
(4.49922e-05 -9.45675e-05 0.0179952)
(4.68448e-05 -0.000102789 0.0180356)
(4.73261e-05 -0.000107208 0.0180675)
(3.09656e-05 -6.05979e-05 0.0179696)
(3.26196e-05 -6.95095e-05 0.0180163)
(3.36934e-05 -7.57337e-05 0.0180507)
(3.3932e-05 -7.90419e-05 0.0180764)
(2.2561e-05 -4.43778e-05 0.0179888)
(2.36176e-05 -5.10471e-05 0.0180315)
(2.42977e-05 -5.56972e-05 0.0180615)
(2.4459e-05 -5.81474e-05 0.0180825)
(1.63956e-05 -3.25084e-05 0.0180027)
(1.71059e-05 -3.74599e-05 0.0180423)
(1.75722e-05 -4.09081e-05 0.018069)
(1.77092e-05 -4.27149e-05 0.0180865)
(1.19013e-05 -2.38077e-05 0.0180126)
(1.23979e-05 -2.74649e-05 0.0180501)
(1.27357e-05 -3.00099e-05 0.0180744)
(1.28603e-05 -3.13397e-05 0.0180893)
(8.63145e-06 -1.74203e-05 0.0180198)
(8.98793e-06 -2.01111e-05 0.0180557)
(9.24031e-06 -2.19833e-05 0.0180782)
(9.3519e-06 -2.29605e-05 0.0180912)
(6.25117e-06 -1.27229e-05 0.018025)
(6.51086e-06 -1.46954e-05 0.0180597)
(6.70175e-06 -1.60681e-05 0.0180809)
(6.79809e-06 -1.67845e-05 0.0180925)
(4.51426e-06 -9.25901e-06 0.0180288)
(4.70447e-06 -1.06983e-05 0.0180626)
(4.84886e-06 -1.17003e-05 0.0180828)
(4.92889e-06 -1.22233e-05 0.0180934)
(3.24149e-06 -6.69352e-06 0.0180315)
(3.38045e-06 -7.73591e-06 0.0180647)
(3.48877e-06 -8.46212e-06 0.0180842)
(3.5529e-06 -8.84122e-06 0.018094)
(2.30391e-06 -4.78081e-06 0.0180334)
(2.40438e-06 -5.52625e-06 0.0180662)
(2.48438e-06 -6.04595e-06 0.0180852)
(2.53405e-06 -6.31739e-06 0.0180944)
(1.61188e-06 -3.34382e-06 0.0180348)
(1.68321e-06 -3.8655e-06 0.0180672)
(1.74099e-06 -4.22947e-06 0.0180858)
(1.77813e-06 -4.41982e-06 0.0180947)
(1.10874e-06 -2.26221e-06 0.0180357)
(1.15839e-06 -2.61515e-06 0.0180679)
(1.19917e-06 -2.86156e-06 0.0180863)
(1.22612e-06 -2.99072e-06 0.018095)
(7.68285e-07 -1.4733e-06 0.0180363)
(8.02672e-07 -1.70308e-06 0.0180684)
(8.31303e-07 -1.86349e-06 0.0180866)
(8.50676e-07 -1.94775e-06 0.0180951)
(5.80156e-07 -9.95635e-07 0.0180368)
(6.074e-07 -1.1496e-06 0.0180688)
(6.29944e-07 -1.25747e-06 0.0180869)
(6.45325e-07 -1.31412e-06 0.0180952)
(0.0277127 0.00598022 -0.00307166)
(0.000838268 0.00212957 0.013735)
(-0.000343787 -0.000413042 0.0166096)
(0.00320401 -8.5646e-05 0.0104918)
(0.0011315 -0.000809455 0.019747)
(-0.00168513 -0.00188432 0.0209508)
(-0.00215063 -0.000118318 0.0220889)
(-0.00115717 0.00154348 0.0237828)
(-0.00118266 -0.000487605 0.013351)
(-0.00127561 -0.000877312 0.015161)
(-0.00115847 -0.00049502 0.0162975)
(-0.000784954 -3.85947e-05 0.0166582)
(-0.0004525 -0.00026935 0.0154493)
(-0.00042286 -0.000544371 0.0160951)
(-0.000351564 -0.000528049 0.0166827)
(-0.000220356 -0.00048495 0.0170691)
(-9.64441e-05 -0.000135281 0.0162598)
(-8.90412e-05 -0.000322807 0.0166242)
(-5.98141e-05 -0.000403358 0.0169729)
(-2.57255e-06 -0.000456621 0.0172712)
(1.02924e-05 -7.42623e-05 0.0167261)
(1.46386e-05 -0.000201073 0.0169704)
(3.29834e-05 -0.000285691 0.0172023)
(6.72608e-05 -0.000348326 0.0174111)
(4.13906e-05 -4.43664e-05 0.0170345)
(4.70671e-05 -0.000131038 0.0172274)
(6.1198e-05 -0.000198932 0.0174024)
(8.37259e-05 -0.000252532 0.017558)
(4.82929e-05 -2.7651e-05 0.0172357)
(5.37322e-05 -8.77954e-05 0.0174056)
(6.40964e-05 -0.000138793 0.0175518)
(7.86789e-05 -0.000181031 0.0176771)
(4.48431e-05 -1.7778e-05 0.0173675)
(4.9224e-05 -6.0075e-05 0.0175261)
(5.6419e-05 -9.76568e-05 0.0176569)
(6.56913e-05 -0.000129905 0.0177647)
(3.74455e-05 -1.17961e-05 0.0174559)
(4.07077e-05 -4.18824e-05 0.0176082)
(4.55738e-05 -6.94035e-05 0.0177304)
(5.14599e-05 -9.36309e-05 0.0178278)
(2.95069e-05 -8.05219e-06 0.0175162)
(3.18537e-05 -2.96504e-05 0.0176649)
(3.51267e-05 -4.97806e-05 0.017782)
(3.89083e-05 -6.78192e-05 0.0178727)
(2.25006e-05 -5.62338e-06 0.0175581)
(2.41658e-05 -2.12361e-05 0.0177046)
(2.63795e-05 -3.59671e-05 0.0178183)
(2.88572e-05 -4.93257e-05 0.0179047)
(1.68344e-05 -3.99319e-06 0.0175876)
(1.80124e-05 -1.53334e-05 0.0177327)
(1.95253e-05 -2.61192e-05 0.0178443)
(2.11846e-05 -3.59778e-05 0.0179276)
(1.24524e-05 -2.86784e-06 0.0176086)
(1.32872e-05 -1.11291e-05 0.0177528)
(1.43335e-05 -1.9028e-05 0.0178628)
(1.54675e-05 -2.62858e-05 0.0179441)
(9.14532e-06 -2.07441e-06 0.0176237)
(9.73897e-06 -8.10182e-06 0.0177672)
(1.04703e-05 -1.38849e-05 0.0178762)
(1.12588e-05 -1.92173e-05 0.017956)
(6.68355e-06 -1.50643e-06 0.0176346)
(7.10702e-06 -5.90515e-06 0.0177776)
(7.62264e-06 -1.01353e-05 0.0178859)
(8.17807e-06 -1.40453e-05 0.0179646)
(4.86436e-06 -1.09535e-06 0.0176425)
(5.16702e-06 -4.30189e-06 0.0177852)
(5.53267e-06 -7.39037e-06 0.0178928)
(5.9273e-06 -1.025e-05 0.0179708)
(3.52389e-06 -7.9518e-07 0.0176482)
(3.74014e-06 -3.12553e-06 0.0177906)
(4.00007e-06 -5.37242e-06 0.0178979)
(4.28157e-06 -7.45544e-06 0.0179752)
(2.53555e-06 -5.7417e-07 0.0176523)
(2.68949e-06 -2.25722e-06 0.0177946)
(2.8739e-06 -3.88102e-06 0.0179016)
(3.07445e-06 -5.38776e-06 0.0179785)
(1.80477e-06 -4.09898e-07 0.0176552)
(1.91341e-06 -1.61141e-06 0.0177974)
(2.04322e-06 -2.77085e-06 0.0179042)
(2.18498e-06 -3.84736e-06 0.0179808)
(1.26441e-06 -2.86486e-07 0.0176573)
(1.33993e-06 -1.1271e-06 0.0177994)
(1.42992e-06 -1.93779e-06 0.017906)
(1.52857e-06 -2.69074e-06 0.0179824)
(8.71469e-07 -1.93068e-07 0.0176587)
(9.23021e-07 -7.62846e-07 0.0178007)
(9.84211e-07 -1.31107e-06 0.0179073)
(1.0515e-06 -1.82038e-06 0.0179835)
(6.07763e-07 -1.24626e-07 0.0176597)
(6.42403e-07 -4.98247e-07 0.0178016)
(6.8359e-07 -8.53898e-07 0.0179081)
(7.29183e-07 -1.18532e-06 0.0179843)
(4.58754e-07 -7.38548e-08 0.0176604)
(4.8432e-07 -3.26026e-07 0.0178023)
(5.15191e-07 -5.77146e-07 0.0179087)
(5.49111e-07 -8.03517e-07 0.0179848)
)
;
    }
    procBoundary0to2
    {
        type            processor;
        value           nonuniform List<vector> 
192
(
(0.00235928 -0.00126061 0.00695919)
(-4.5688e-05 -0.00135145 0.00981165)
(0.0030105 -0.000354901 0.0026904)
(0.000461518 0.0002271 0.00158204)
(-0.000579646 -0.000324592 0.0280441)
(-0.000361893 0.000340657 0.0293043)
(-0.000228702 0.000547058 0.0326623)
(-0.00214702 0.000333306 0.0319619)
(-0.000553263 -0.000722771 0.0169822)
(-0.000626819 -0.000316595 0.017709)
(-0.000475948 -5.42165e-05 0.0178297)
(-0.00066745 -3.97909e-05 0.0176711)
(-0.000281064 -0.000590981 0.0184749)
(-0.000341225 -0.000446871 0.0187344)
(-0.000211657 -0.000306826 0.0187038)
(-0.00010652 -0.000246217 0.0184888)
(-5.73177e-05 -0.000465687 0.0185876)
(-5.2757e-05 -0.000437031 0.0186626)
(2.99638e-05 -0.000387717 0.0186093)
(0.000106357 -0.000356652 0.0184352)
(6.07074e-05 -0.000374114 0.0183887)
(9.18936e-05 -0.000381665 0.0183948)
(0.000139973 -0.000373407 0.0183365)
(0.000174645 -0.000364703 0.0182223)
(0.000101533 -0.000291212 0.0182696)
(0.00012937 -0.000306294 0.0182639)
(0.000155458 -0.000312125 0.0182192)
(0.000168064 -0.000314545 0.0181461)
(9.74394e-05 -0.000221022 0.0181945)
(0.000117417 -0.000234581 0.018193)
(0.000131241 -0.000243341 0.0181655)
(0.000134064 -0.000249086 0.0181209)
(7.80967e-05 -0.0001655 0.0181443)
(9.14845e-05 -0.000175916 0.0181508)
(9.90405e-05 -0.000183831 0.0181375)
(9.87411e-05 -0.00018956 0.0181116)
(5.78536e-05 -0.000123233 0.0181116)
(6.67246e-05 -0.000130838 0.0181252)
(7.12025e-05 -0.000137035 0.0181219)
(7.04513e-05 -0.000141684 0.0181079)
(4.14274e-05 -9.15649e-05 0.01809)
(4.7402e-05 -9.70182e-05 0.0181089)
(5.03305e-05 -0.000101594 0.0181124)
(4.98705e-05 -0.000105051 0.0181057)
(2.9307e-05 -6.79531e-05 0.0180753)
(3.34369e-05 -7.18404e-05 0.0180981)
(3.55159e-05 -7.51299e-05 0.018106)
(3.54013e-05 -7.75964e-05 0.018104)
(2.06913e-05 -5.03678e-05 0.0180651)
(2.36173e-05 -5.31361e-05 0.0180905)
(2.517e-05 -5.5473e-05 0.0181014)
(2.52851e-05 -5.71977e-05 0.0181024)
(1.46401e-05 -3.72784e-05 0.0180579)
(1.67515e-05 -3.92517e-05 0.0180851)
(1.7939e-05 -4.09044e-05 0.018098)
(1.81677e-05 -4.20998e-05 0.018101)
(1.03937e-05 -2.75421e-05 0.0180528)
(1.19349e-05 -2.89509e-05 0.0180813)
(1.28492e-05 -3.0119e-05 0.0180955)
(1.31125e-05 -3.09452e-05 0.0180999)
(7.40229e-06 -2.03041e-05 0.0180491)
(8.53388e-06 -2.13116e-05 0.0180785)
(9.23598e-06 -2.21379e-05 0.0180936)
(9.48956e-06 -2.27093e-05 0.0180989)
(5.28266e-06 -1.49234e-05 0.0180464)
(6.11458e-06 -1.56445e-05 0.0180764)
(6.64981e-06 -1.62297e-05 0.0180922)
(6.87284e-06 -1.66257e-05 0.0180982)
(3.77017e-06 -1.09186e-05 0.0180445)
(4.3802e-06 -1.14343e-05 0.0180749)
(4.78403e-06 -1.18487e-05 0.0180912)
(4.96942e-06 -1.21237e-05 0.0180976)
(2.68213e-06 -7.9286e-06 0.0180432)
(3.12644e-06 -8.29586e-06 0.0180738)
(3.42712e-06 -8.58846e-06 0.0180904)
(3.57488e-06 -8.77934e-06 0.0180971)
(1.89276e-06 -5.68387e-06 0.0180422)
(2.21246e-06 -5.94282e-06 0.018073)
(2.43249e-06 -6.14765e-06 0.0180898)
(2.54593e-06 -6.27931e-06 0.0180968)
(1.31755e-06 -3.98752e-06 0.0180415)
(1.54336e-06 -4.16656e-06 0.0180725)
(1.70075e-06 -4.30736e-06 0.0180894)
(1.78459e-06 -4.39674e-06 0.0180966)
(9.04237e-07 -2.70475e-06 0.018041)
(1.06048e-06 -2.82448e-06 0.0180721)
(1.17032e-06 -2.91826e-06 0.0180891)
(1.22996e-06 -2.97717e-06 0.0180964)
(6.27968e-07 -1.76649e-06 0.0180407)
(7.36185e-07 -1.84294e-06 0.0180718)
(8.12405e-07 -1.90279e-06 0.018089)
(8.53863e-07 -1.94011e-06 0.0180963)
(4.80123e-07 -1.19241e-06 0.0180404)
(5.60985e-07 -1.24383e-06 0.0180716)
(6.181e-07 -1.28415e-06 0.0180888)
(6.48845e-07 -1.30915e-06 0.0180962)
(-0.0012614 0.00363605 0.0138298)
(0.000614402 0.00263101 0.0047944)
(0.000229015 0.000235546 0.00197631)
(0.0002503 -7.4134e-05 0.00138754)
(0.000359706 -0.000932439 0.0270285)
(0.00107301 -0.000435771 0.02935)
(0.00138802 -0.000411747 0.0317076)
(0.000572084 -0.000384882 0.029695)
(0.000334335 -0.000606937 0.0172913)
(0.000716898 -0.000589956 0.0171759)
(0.000503018 -0.000704967 0.0170137)
(1.81837e-05 -0.000829683 0.0165383)
(7.06416e-05 -0.000282979 0.0181646)
(0.000199318 -0.000336821 0.018064)
(0.000165568 -0.000449165 0.018106)
(-2.12872e-05 -0.000573453 0.018201)
(1.38674e-05 -0.000227625 0.0181212)
(6.25675e-05 -0.000263278 0.0182505)
(6.05717e-05 -0.000334054 0.0183775)
(1.09708e-05 -0.000419824 0.0184781)
(-3.30362e-07 -0.000213717 0.0180084)
(3.05672e-05 -0.000237566 0.0181543)
(4.52041e-05 -0.000281375 0.0182678)
(5.3167e-05 -0.000335543 0.0183427)
(-3.26174e-06 -0.00018943 0.0179344)
(2.44251e-05 -0.000204945 0.0180742)
(5.00248e-05 -0.0002315 0.0181765)
(7.66098e-05 -0.000263834 0.01824)
(-2.4705e-06 -0.000155769 0.01787)
(2.25632e-05 -0.000166202 0.018008)
(4.81282e-05 -0.000182892 0.0181062)
(7.42934e-05 -0.000202717 0.0181666)
(-1.62776e-06 -0.000122216 0.0178158)
(1.89779e-05 -0.000129501 0.0179533)
(3.98928e-05 -0.000140528 0.0180509)
(6.05738e-05 -0.000153256 0.0181126)
(-1.25063e-06 -9.37086e-05 0.0177742)
(1.45761e-05 -9.8835e-05 0.0179119)
(3.0331e-05 -0.000106376 0.0180107)
(4.54559e-05 -0.00011489 0.0180751)
(-1.07409e-06 -7.09547e-05 0.0177434)
(1.06282e-05 -7.46038e-05 0.0178818)
(2.2068e-05 -7.98968e-05 0.0179822)
(3.28159e-05 -8.5774e-05 0.0180494)
(-9.49254e-07 -5.33351e-05 0.0177211)
(7.53915e-06 -5.59552e-05 0.0178603)
(1.57244e-05 -5.97335e-05 0.0179621)
(2.33088e-05 -6.38763e-05 0.0180315)
(-8.27114e-07 -3.98951e-05 0.017705)
(5.27545e-06 -4.17873e-05 0.0178449)
(1.11079e-05 -4.45119e-05 0.0179478)
(1.64713e-05 -4.74703e-05 0.0180191)
(-7.01884e-07 -2.97295e-05 0.0176935)
(3.66988e-06 -3.11008e-05 0.0178339)
(7.8274e-06 -3.30768e-05 0.0179378)
(1.16395e-05 -3.52059e-05 0.0180103)
(-5.79942e-07 -2.20815e-05 0.0176853)
(2.54909e-06 -2.30772e-05 0.0178261)
(5.51852e-06 -2.45143e-05 0.0179306)
(8.24188e-06 -2.60535e-05 0.018004)
(-4.67976e-07 -1.63475e-05 0.0176794)
(1.77195e-06 -1.70708e-05 0.0178205)
(3.89713e-06 -1.81172e-05 0.0179255)
(5.85039e-06 -1.92323e-05 0.0179996)
(-3.69885e-07 -1.20567e-05 0.0176752)
(1.23366e-06 -1.25818e-05 0.0178165)
(2.75643e-06 -1.3343e-05 0.0179218)
(4.16037e-06 -1.4151e-05 0.0179964)
(-2.86827e-07 -8.84621e-06 0.0176722)
(8.59761e-07 -9.22636e-06 0.0178136)
(1.95016e-06 -9.77852e-06 0.0179192)
(2.95896e-06 -1.03628e-05 0.0179941)
(-2.18059e-07 -6.43888e-06 0.01767)
(5.98575e-07 -6.7125e-06 0.0178116)
(1.37639e-06 -7.11052e-06 0.0179173)
(2.09843e-06 -7.53065e-06 0.0179924)
(-1.61765e-07 -4.62513e-06 0.0176685)
(4.1494e-07 -4.81988e-06 0.0178101)
(9.64918e-07 -5.10336e-06 0.0179159)
(1.47697e-06 -5.402e-06 0.0179912)
(-1.15675e-07 -3.25067e-06 0.0176675)
(2.85792e-07 -3.38657e-06 0.0178091)
(6.68803e-07 -3.58412e-06 0.017915)
(1.02623e-06 -3.79195e-06 0.0179904)
(-7.75852e-08 -2.20951e-06 0.0176667)
(1.9723e-07 -2.30134e-06 0.0178084)
(4.5915e-07 -2.43404e-06 0.0179144)
(7.03963e-07 -2.57366e-06 0.0179898)
(-4.56662e-08 -1.44926e-06 0.0176662)
(1.43476e-07 -1.50863e-06 0.0178079)
(3.2209e-07 -1.59316e-06 0.0179139)
(4.89708e-07 -1.68268e-06 0.0179895)
(-2.84367e-08 -9.79296e-07 0.0176658)
(1.11174e-07 -1.02147e-06 0.0178075)
(2.51432e-07 -1.07689e-06 0.0179136)
(3.77793e-07 -1.13568e-06 0.0179891)
)
;
    }
}


// ************************************************************************* //
