/*--------------------------------*- C++ -*----------------------------------*\
  =========                 |
  \\      /  F ield         | OpenFOAM: The Open Source CFD Toolbox
   \\    /   O peration     | Website:  https://openfoam.org
    \\  /    A nd           | Version:  6
     \\/     M anipulation  |
\*---------------------------------------------------------------------------*/
FoamFile
{
    version     2.0;
    format      ascii;
    class       volScalarField;
    location    "0.06";
    object      p;
}
// * * * * * * * * * * * * * * * * * * * * * * * * * * * * * * * * * * * * * //

dimensions      [0 2 -2 0 0 0 0];

internalField   nonuniform List<scalar> 
1152
(
1.0152
1.00893
1.01153
1.01201
1.01133
1.00972
1.01202
1.01359
1.01084
1.0102
1.01161
1.0136
1.01054
1.01033
1.01045
1.01232
1.00758
1.0078
1.00737
1.0076
1.00787
1.0081
1.00787
1.00844
1.00823
1.00842
1.00837
1.00854
1.00801
1.00823
1.00818
1.00811
1.00849
1.00853
1.00854
1.00876
1.00863
1.00863
1.00865
1.00885
1.00875
1.00873
1.00873
1.00884
1.00877
1.00874
1.00872
1.00874
1.0083
1.00828
1.00831
1.00837
1.00835
1.00834
1.00837
1.00843
1.00841
1.00839
1.00841
1.00845
1.00847
1.00844
1.00844
1.00846
1.00798
1.00797
1.00799
1.00802
1.00802
1.00801
1.00803
1.00805
1.00807
1.00806
1.00807
1.00808
1.00812
1.00811
1.00811
1.00812
1.00765
1.00764
1.00764
1.00766
1.00768
1.00767
1.00768
1.00769
1.00772
1.00771
1.00771
1.00772
1.00777
1.00776
1.00776
1.00776
1.00729
1.00728
1.00728
1.00729
1.00731
1.00731
1.00731
1.00731
1.00735
1.00734
1.00734
1.00734
1.00739
1.00738
1.00738
1.00737
1.00691
1.0069
1.0069
1.0069
1.00693
1.00693
1.00692
1.00692
1.00696
1.00695
1.00695
1.00695
1.00699
1.00698
1.00698
1.00697
1.00652
1.00651
1.00651
1.00651
1.00653
1.00653
1.00653
1.00653
1.00656
1.00655
1.00655
1.00655
1.00658
1.00658
1.00657
1.00657
1.00611
1.00611
1.00611
1.00611
1.00613
1.00613
1.00612
1.00612
1.00615
1.00614
1.00614
1.00614
1.00617
1.00616
1.00616
1.00615
1.00571
1.00571
1.0057
1.0057
1.00572
1.00572
1.00571
1.00571
1.00573
1.00573
1.00573
1.00572
1.00575
1.00574
1.00574
1.00574
1.00529
1.00529
1.00529
1.00529
1.0053
1.0053
1.0053
1.0053
1.00531
1.00531
1.00531
1.00531
1.00532
1.00532
1.00532
1.00532
1.00488
1.00488
1.00488
1.00488
1.00488
1.00488
1.00488
1.00488
1.00489
1.00489
1.00489
1.00489
1.0049
1.0049
1.0049
1.00489
1.00446
1.00446
1.00446
1.00446
1.00446
1.00446
1.00446
1.00446
1.00447
1.00447
1.00447
1.00447
1.00448
1.00447
1.00447
1.00447
1.00404
1.00404
1.00404
1.00404
1.00404
1.00404
1.00404
1.00404
1.00405
1.00404
1.00404
1.00404
1.00405
1.00405
1.00405
1.00405
1.00362
1.00361
1.00361
1.00361
1.00362
1.00362
1.00362
1.00362
1.00362
1.00362
1.00362
1.00362
1.00362
1.00362
1.00362
1.00362
1.00319
1.00319
1.00319
1.00319
1.00319
1.00319
1.00319
1.00319
1.0032
1.0032
1.00319
1.00319
1.0032
1.0032
1.0032
1.0032
1.00277
1.00277
1.00277
1.00277
1.00277
1.00277
1.00277
1.00277
1.00277
1.00277
1.00277
1.00277
1.00277
1.00277
1.00277
1.00277
1.00234
1.00234
1.00234
1.00234
1.00234
1.00234
1.00234
1.00234
1.00234
1.00234
1.00234
1.00234
1.00235
1.00235
1.00235
1.00234
1.00192
1.00192
1.00192
1.00192
1.00192
1.00192
1.00192
1.00192
1.00192
1.00192
1.00192
1.00192
1.00192
1.00192
1.00192
1.00192
1.00149
1.00149
1.00149
1.00149
1.00149
1.00149
1.00149
1.00149
1.00149
1.00149
1.00149
1.00149
1.00149
1.00149
1.00149
1.00149
1.00107
1.00107
1.00107
1.00107
1.00107
1.00107
1.00107
1.00107
1.00107
1.00107
1.00107
1.00107
1.00107
1.00107
1.00107
1.00107
1.00064
1.00064
1.00064
1.00064
1.00064
1.00064
1.00064
1.00064
1.00064
1.00064
1.00064
1.00064
1.00064
1.00064
1.00064
1.00064
1.00021
1.00021
1.00021
1.00021
1.00021
1.00021
1.00021
1.00021
1.00021
1.00021
1.00021
1.00021
1.00021
1.00021
1.00021
1.00021
1.01379
1.0047
1.00893
1.01616
1.0103
1.00943
1.01081
1.01511
1.0093
1.009
1.00972
1.0125
1.00893
1.00852
1.00842
1.01208
1.00873
1.00711
1.00767
1.00716
1.0085
1.00775
1.00775
1.00755
1.00816
1.00799
1.00789
1.0077
1.00764
1.00779
1.00748
1.00753
1.00879
1.00826
1.00856
1.00903
1.00864
1.00834
1.00853
1.00891
1.00853
1.00843
1.00856
1.00888
1.00847
1.00846
1.00855
1.00881
1.00832
1.00809
1.00817
1.00829
1.00829
1.00815
1.0082
1.00831
1.00826
1.00819
1.00822
1.00831
1.00825
1.00822
1.00824
1.0083
1.00795
1.00787
1.00791
1.00798
1.00794
1.00789
1.00792
1.00798
1.00794
1.00791
1.00793
1.00798
1.00795
1.00793
1.00795
1.00798
1.0076
1.00757
1.00758
1.00762
1.0076
1.00758
1.00759
1.00762
1.0076
1.00759
1.0076
1.00763
1.00762
1.00761
1.00762
1.00763
1.00724
1.00723
1.00723
1.00726
1.00724
1.00723
1.00724
1.00726
1.00725
1.00724
1.00725
1.00726
1.00726
1.00726
1.00726
1.00727
1.00686
1.00686
1.00687
1.00688
1.00687
1.00686
1.00687
1.00688
1.00688
1.00687
1.00688
1.00688
1.00689
1.00688
1.00689
1.00689
1.00648
1.00648
1.00648
1.00649
1.00648
1.00648
1.00648
1.00649
1.00649
1.00649
1.00649
1.0065
1.0065
1.0065
1.0065
1.0065
1.00609
1.00608
1.00609
1.00609
1.00609
1.00609
1.00609
1.0061
1.00609
1.00609
1.00609
1.0061
1.0061
1.0061
1.0061
1.0061
1.00568
1.00568
1.00569
1.00569
1.00569
1.00569
1.00569
1.00569
1.00569
1.00569
1.00569
1.00569
1.0057
1.0057
1.0057
1.0057
1.00528
1.00528
1.00528
1.00528
1.00528
1.00528
1.00528
1.00528
1.00528
1.00528
1.00528
1.00528
1.00529
1.00529
1.00529
1.00529
1.00486
1.00486
1.00487
1.00487
1.00487
1.00487
1.00487
1.00487
1.00487
1.00487
1.00487
1.00487
1.00487
1.00487
1.00487
1.00487
1.00445
1.00445
1.00445
1.00445
1.00445
1.00445
1.00445
1.00445
1.00445
1.00445
1.00445
1.00445
1.00445
1.00445
1.00445
1.00445
1.00403
1.00403
1.00403
1.00403
1.00403
1.00403
1.00403
1.00403
1.00403
1.00403
1.00403
1.00403
1.00403
1.00403
1.00403
1.00403
1.00361
1.00361
1.00361
1.00361
1.00361
1.00361
1.00361
1.00361
1.00361
1.00361
1.00361
1.00361
1.00361
1.00361
1.00361
1.00361
1.00319
1.00319
1.00319
1.00319
1.00319
1.00319
1.00319
1.00319
1.00319
1.00319
1.00319
1.00319
1.00319
1.00319
1.00319
1.00319
1.00276
1.00276
1.00276
1.00276
1.00276
1.00276
1.00276
1.00277
1.00277
1.00276
1.00276
1.00277
1.00277
1.00277
1.00277
1.00277
1.00234
1.00234
1.00234
1.00234
1.00234
1.00234
1.00234
1.00234
1.00234
1.00234
1.00234
1.00234
1.00234
1.00234
1.00234
1.00234
1.00192
1.00192
1.00192
1.00192
1.00192
1.00192
1.00192
1.00192
1.00192
1.00192
1.00192
1.00192
1.00192
1.00192
1.00192
1.00192
1.00149
1.00149
1.00149
1.00149
1.00149
1.00149
1.00149
1.00149
1.00149
1.00149
1.00149
1.00149
1.00149
1.00149
1.00149
1.00149
1.00106
1.00106
1.00106
1.00106
1.00106
1.00106
1.00106
1.00106
1.00106
1.00106
1.00106
1.00106
1.00106
1.00106
1.00106
1.00106
1.00064
1.00064
1.00064
1.00064
1.00064
1.00064
1.00064
1.00064
1.00064
1.00064
1.00064
1.00064
1.00064
1.00064
1.00064
1.00064
1.00021
1.00021
1.00021
1.00021
1.00021
1.00021
1.00021
1.00021
1.00021
1.00021
1.00021
1.00021
1.00021
1.00021
1.00021
1.00021
1.01562
1.01465
1.01519
1.01484
1.01426
1.01593
1.01253
1.01141
1.01404
1.0183
1.01725
1.01298
1.0143
1.01444
1.00799
1.00839
1.00786
1.00811
1.00784
1.0075
1.00882
1.00827
1.00845
1.00862
1.00907
1.00877
1.00829
1.00808
1.00838
1.00828
1.00768
1.00782
1.00898
1.00905
1.00906
1.00915
1.00902
1.009
1.00902
1.00909
1.00901
1.00898
1.00889
1.00893
1.00885
1.00881
1.00872
1.00875
1.0084
1.00841
1.00841
1.00838
1.00847
1.00849
1.0085
1.00849
1.00851
1.00852
1.00851
1.00849
1.00851
1.00852
1.00849
1.00847
1.00804
1.00804
1.00804
1.00804
1.00807
1.00808
1.00809
1.0081
1.0081
1.00811
1.00811
1.00811
1.00813
1.00813
1.00813
1.00813
1.00766
1.00766
1.00766
1.00766
1.00769
1.0077
1.0077
1.0077
1.00772
1.00772
1.00772
1.00773
1.00776
1.00776
1.00776
1.00776
1.00729
1.00729
1.00728
1.00728
1.00731
1.00731
1.00731
1.00731
1.00734
1.00734
1.00734
1.00734
1.00737
1.00737
1.00737
1.00737
1.0069
1.0069
1.0069
1.0069
1.00692
1.00692
1.00692
1.00692
1.00695
1.00694
1.00694
1.00694
1.00697
1.00697
1.00697
1.00697
1.00651
1.00651
1.00651
1.0065
1.00653
1.00652
1.00652
1.00652
1.00654
1.00654
1.00654
1.00654
1.00656
1.00656
1.00656
1.00656
1.00611
1.00611
1.0061
1.0061
1.00612
1.00612
1.00612
1.00612
1.00614
1.00613
1.00613
1.00613
1.00615
1.00615
1.00615
1.00615
1.0057
1.0057
1.0057
1.0057
1.00571
1.00571
1.00571
1.00571
1.00572
1.00572
1.00572
1.00572
1.00573
1.00573
1.00573
1.00573
1.00529
1.00529
1.00529
1.00529
1.0053
1.0053
1.00529
1.00529
1.00531
1.0053
1.0053
1.0053
1.00531
1.00531
1.00531
1.00531
1.00487
1.00487
1.00487
1.00487
1.00488
1.00488
1.00488
1.00488
1.00489
1.00488
1.00488
1.00488
1.00489
1.00489
1.00489
1.00489
1.00446
1.00446
1.00445
1.00445
1.00446
1.00446
1.00446
1.00446
1.00446
1.00446
1.00446
1.00446
1.00447
1.00447
1.00447
1.00447
1.00404
1.00404
1.00403
1.00403
1.00404
1.00404
1.00404
1.00404
1.00404
1.00404
1.00404
1.00404
1.00405
1.00405
1.00405
1.00404
1.00361
1.00361
1.00361
1.00361
1.00362
1.00362
1.00361
1.00361
1.00362
1.00362
1.00362
1.00362
1.00362
1.00362
1.00362
1.00362
1.00319
1.00319
1.00319
1.00319
1.00319
1.00319
1.00319
1.00319
1.00319
1.00319
1.00319
1.00319
1.0032
1.0032
1.0032
1.0032
1.00277
1.00277
1.00277
1.00277
1.00277
1.00277
1.00277
1.00277
1.00277
1.00277
1.00277
1.00277
1.00277
1.00277
1.00277
1.00277
1.00234
1.00234
1.00234
1.00234
1.00234
1.00234
1.00234
1.00234
1.00234
1.00234
1.00234
1.00234
1.00234
1.00234
1.00234
1.00234
1.00192
1.00192
1.00192
1.00192
1.00192
1.00192
1.00192
1.00192
1.00192
1.00192
1.00192
1.00192
1.00192
1.00192
1.00192
1.00192
1.00149
1.00149
1.00149
1.00149
1.00149
1.00149
1.00149
1.00149
1.00149
1.00149
1.00149
1.00149
1.00149
1.00149
1.00149
1.00149
1.00107
1.00106
1.00106
1.00106
1.00107
1.00107
1.00107
1.00107
1.00107
1.00107
1.00107
1.00107
1.00107
1.00107
1.00107
1.00107
1.00064
1.00064
1.00064
1.00064
1.00064
1.00064
1.00064
1.00064
1.00064
1.00064
1.00064
1.00064
1.00064
1.00064
1.00064
1.00064
1.00021
1.00021
1.00021
1.00021
1.00021
1.00021
1.00021
1.00021
1.00021
1.00021
1.00021
1.00021
1.00021
1.00021
1.00021
1.00021
)
;

boundaryField
{
    inlet
    {
        type            zeroGradient;
    }
    outlet
    {
        type            fixedValue;
        value           uniform 1;
    }
    wall
    {
        type            zeroGradient;
    }
    procBoundary1to0
    {
        type            processor;
        value           nonuniform List<scalar> 
192
(
1.01158
1.01552
1.01887
1.01366
1.00773
1.00777
1.00768
1.00721
1.00856
1.00864
1.00873
1.00873
1.00833
1.00838
1.00845
1.0085
1.008
1.00804
1.00808
1.00814
1.00766
1.00769
1.00773
1.00778
1.00729
1.00732
1.00736
1.0074
1.00691
1.00694
1.00697
1.007
1.00652
1.00654
1.00656
1.00659
1.00612
1.00613
1.00615
1.00617
1.00571
1.00572
1.00574
1.00575
1.0053
1.00531
1.00532
1.00533
1.00488
1.00489
1.00489
1.0049
1.00446
1.00447
1.00447
1.00448
1.00404
1.00404
1.00405
1.00405
1.00362
1.00362
1.00362
1.00363
1.00319
1.00319
1.0032
1.0032
1.00277
1.00277
1.00277
1.00277
1.00234
1.00234
1.00234
1.00235
1.00192
1.00192
1.00192
1.00192
1.00149
1.00149
1.00149
1.00149
1.00107
1.00107
1.00107
1.00107
1.00064
1.00064
1.00064
1.00064
1.00021
1.00021
1.00021
1.00021
1.01549
1.01164
1.01059
1.01119
1.00879
1.00834
1.00803
1.00783
1.009
1.00876
1.00861
1.00854
1.00847
1.00839
1.00833
1.0083
1.00803
1.008
1.00798
1.00798
1.00764
1.00763
1.00763
1.00763
1.00726
1.00726
1.00726
1.00727
1.00688
1.00688
1.00688
1.0069
1.00649
1.00649
1.0065
1.00651
1.00609
1.00609
1.0061
1.00611
1.00569
1.00569
1.00569
1.0057
1.00528
1.00528
1.00528
1.00529
1.00487
1.00487
1.00487
1.00487
1.00445
1.00445
1.00445
1.00446
1.00403
1.00403
1.00403
1.00404
1.00361
1.00361
1.00361
1.00361
1.00319
1.00319
1.00319
1.00319
1.00276
1.00276
1.00277
1.00277
1.00234
1.00234
1.00234
1.00234
1.00192
1.00192
1.00192
1.00192
1.00149
1.00149
1.00149
1.00149
1.00106
1.00106
1.00106
1.00107
1.00064
1.00064
1.00064
1.00064
1.00021
1.00021
1.00021
1.00021
)
;
    }
    procBoundary1to3
    {
        type            processor;
        value           nonuniform List<scalar> 
192
(
1.01251
1.01446
1.0105
1.00941
1.00744
1.00743
1.00737
1.00733
1.00879
1.00872
1.00868
1.00868
1.00856
1.00853
1.0085
1.0085
1.0082
1.00818
1.00817
1.00816
1.00784
1.00782
1.00781
1.0078
1.00744
1.00743
1.00742
1.00741
1.00703
1.00702
1.00701
1.00701
1.00661
1.0066
1.0066
1.00659
1.00619
1.00618
1.00618
1.00617
1.00576
1.00576
1.00575
1.00575
1.00534
1.00533
1.00533
1.00533
1.00491
1.00491
1.0049
1.0049
1.00448
1.00448
1.00448
1.00448
1.00405
1.00405
1.00405
1.00405
1.00363
1.00363
1.00363
1.00363
1.0032
1.0032
1.0032
1.0032
1.00277
1.00277
1.00277
1.00277
1.00235
1.00235
1.00235
1.00235
1.00192
1.00192
1.00192
1.00192
1.00149
1.00149
1.00149
1.00149
1.00107
1.00107
1.00107
1.00107
1.00064
1.00064
1.00064
1.00064
1.00021
1.00021
1.00021
1.00021
1.01226
1.01117
1.00959
1.0113
1.00775
1.008
1.00801
1.00797
1.00876
1.00884
1.00886
1.00894
1.00853
1.00856
1.00858
1.00858
1.00817
1.00819
1.00819
1.00819
1.0078
1.00781
1.00781
1.00781
1.00741
1.00741
1.00741
1.00741
1.007
1.007
1.007
1.007
1.00659
1.00659
1.00658
1.00658
1.00617
1.00617
1.00617
1.00617
1.00575
1.00575
1.00575
1.00574
1.00533
1.00532
1.00532
1.00532
1.0049
1.0049
1.0049
1.0049
1.00448
1.00448
1.00447
1.00447
1.00405
1.00405
1.00405
1.00405
1.00362
1.00362
1.00362
1.00362
1.0032
1.0032
1.0032
1.0032
1.00277
1.00277
1.00277
1.00277
1.00235
1.00235
1.00235
1.00235
1.00192
1.00192
1.00192
1.00192
1.00149
1.00149
1.00149
1.00149
1.00107
1.00107
1.00107
1.00107
1.00064
1.00064
1.00064
1.00064
1.00021
1.00021
1.00021
1.00021
)
;
    }
}


// ************************************************************************* //
