FoamFile
{version 2.0; format ascii;class vectorField; location 0;object  v;}
29
(
( -0.00954577 -0.0103286 0.00293517 )  
( 4.00904e-08 -9.13303e-08 -1.03209e-08 )  
( 1.97614e-09 3.62572e-08 -3.90373e-09 )  
( 0.00338291 -0.00172365 0.000122272 )  
( 0.000776335 0.000869847 5.31858e-06 )  
( -0.00275016 -0.00326877 0.000114672 )  
( 0.00304224 -0.00704062 0.00359585 )  
( -0.00581588 0.00358341 0.000663704 )  
( 0.0054428 0.00455549 -0.00145987 )  
( -0.00313746 -0.00344727 -3.4971e-05 )  
( -0.00654168 0.000591292 -7.91322e-05 )  
( 0.0163066 -0.000954834 0.00387403 )  
( -0.0082867 6.71197e-05 9.88692e-05 )  
( 0.000418316 0.0075511 6.36759e-05 )  
( 0.00819674 -0.0169402 -0.00697761 )  
( -0.00115575 -0.00253894 -1.73668e-05 )  
( -8.11028e-09 -4.94527e-08 -2.28289e-08 )  
( 0.00336706 0.0138937 3.48475e-05 )  
( 0.0256183 -0.0197792 -0.00179277 )  
( 0.000689417 0.00142647 -1.5169e-05 )  
( 0.00282231 0.0173731 0.00329106 )  
( -0.0137955 -0.00489098 -0.002807 )  
( -0.000227434 0.00321316 0.000186263 )  
( 0.003138 -0.00174673 -0.000477706 )  
( 0.000435211 0.00114477 -3.80887e-06 )  
( -0.000763106 0.000669545 -4.92371e-05 )  
( 0.00294919 -0.00124731 -0.000244448 )  
( 0.0145145 -0.000855294 -0.00426653 )  
( -0.00335416 0.00011238 0.000238328 )  
)
