/*--------------------------------*- C++ -*----------------------------------*\
  =========                 |
  \\      /  F ield         | OpenFOAM: The Open Source CFD Toolbox
   \\    /   O peration     | Website:  https://openfoam.org
    \\  /    A nd           | Version:  6
     \\/     M anipulation  |
\*---------------------------------------------------------------------------*/
FoamFile
{
    version     2.0;
    format      ascii;
    class       surfaceScalarField;
    location    "0.06";
    object      phi;
}
// * * * * * * * * * * * * * * * * * * * * * * * * * * * * * * * * * * * * * //

dimensions      [0 3 -1 0 0 0 0];

internalField   nonuniform List<scalar> 
3120
(
-3.2614e-09
-2.19548e-10
3.73771e-08
9.39562e-10
-4.35384e-09
2.93941e-08
-1.92753e-09
-7.83296e-09
2.67692e-08
-3.65682e-10
2.29245e-08
-2.46504e-09
-2.98136e-09
-1.07663e-08
5.1925e-08
1.48043e-09
-1.19336e-08
4.12889e-08
1.51415e-09
-8.60416e-09
3.89679e-08
-1.89013e-10
3.61961e-08
3.17274e-09
-6.52202e-10
-8.53359e-09
3.57888e-08
2.53749e-09
-1.74051e-08
3.97366e-08
3.8758e-08
-6.09264e-08
5.42e-08
-6.12169e-09
5.63601e-08
2.64484e-08
-8.98649e-09
3.36471e-08
1.74424e-09
-3.17612e-09
5.9213e-08
-4.46746e-08
3.53098e-08
1.38033e-08
-7.11728e-08
6.046e-08
5.7635e-09
1.05472e-09
-2.38969e-09
2.01555e-09
3.99141e-08
-1.50206e-09
1.75949e-10
3.5354e-08
-1.85387e-09
-3.08188e-09
3.26421e-08
-5.14841e-09
2.97793e-08
-4.68078e-09
-2.60177e-09
6.7377e-09
4.19066e-08
-3.17125e-09
1.9899e-09
4.00444e-08
-3.74893e-09
-1.61099e-09
3.80747e-08
-4.06343e-09
3.6685e-08
-5.32287e-09
-8.26421e-09
3.41075e-09
4.02576e-08
-8.56508e-09
-5.48639e-10
4.2576e-08
-4.80631e-09
9.05613e-09
3.97741e-08
1.19472e-09
4.30706e-08
3.22502e-09
-1.18906e-08
3.83984e-08
2.68745e-09
-9.39014e-10
3.80075e-08
9.70534e-09
-1.98562e-08
3.49481e-08
6.82852e-09
4.06501e-08
8.58521e-09
-7.4368e-09
1.90717e-09
1.38662e-09
3.83393e-08
1.7746e-09
-2.56246e-10
3.62951e-08
9.47403e-10
-2.20567e-09
3.44146e-08
-4.82106e-09
3.33716e-08
-6.28563e-10
-4.3871e-11
4.2017e-09
3.88622e-08
-1.74089e-10
2.28518e-09
3.76332e-08
-1.9592e-09
8.36383e-10
3.68178e-08
-3.05579e-09
3.66629e-08
-3.70233e-09
-2.68234e-09
6.47346e-09
3.88793e-08
-2.85601e-09
6.18585e-09
3.8849e-08
-5.31324e-09
4.98669e-09
3.80811e-08
1.63492e-09
3.90819e-08
-6.01529e-09
-3.37615e-09
3.76255e-08
7.5396e-09
-5.04788e-09
3.75668e-08
8.29822e-09
-8.84179e-09
3.48855e-08
8.84321e-09
3.87947e-08
4.14101e-09
-9.49246e-09
2.11542e-09
-1.03045e-11
3.76465e-08
1.72194e-09
-7.03344e-10
3.65551e-08
8.01339e-10
-1.76054e-09
3.57438e-08
-3.17544e-09
3.54986e-08
-3.12835e-10
1.19845e-09
1.41194e-09
3.79538e-08
4.80218e-10
5.66874e-10
3.70812e-08
-7.97037e-10
-3.59516e-10
3.6694e-08
-2.08575e-09
3.69998e-08
-2.2236e-09
3.23711e-11
3.08819e-09
3.79668e-08
-7.57389e-10
2.72708e-09
3.74786e-08
-2.52812e-09
2.22221e-09
3.72701e-08
3.66747e-10
3.80729e-08
-3.97154e-09
-6.85062e-10
3.73512e-08
3.96351e-09
-1.53596e-09
3.70208e-08
4.12396e-09
-4.32278e-09
3.6417e-08
3.47753e-09
3.80834e-08
1.7696e-09
-5.01429e-09
1.56334e-09
-6.66464e-10
3.76469e-08
9.95322e-10
-9.13971e-10
3.70674e-08
2.38852e-10
-1.3735e-09
3.67345e-08
-2.05374e-09
3.67286e-08
-4.78988e-10
1.22077e-09
1.83473e-14
3.78321e-08
4.36285e-10
-3.73984e-10
3.73257e-08
-5.36976e-10
-8.62309e-10
3.71561e-08
-1.60716e-09
3.74403e-08
-1.42408e-09
7.33906e-10
7.77698e-10
3.78468e-08
-1.455e-10
5.06333e-10
3.74777e-08
-1.32251e-09
1.51683e-10
3.74331e-08
-5.69842e-10
3.79513e-08
-2.23829e-09
3.34626e-10
3.75734e-08
1.20167e-09
-5.71053e-10
3.72947e-08
1.13812e-09
-2.03314e-09
3.72752e-08
7.55638e-10
3.79964e-08
1.32461e-10
-2.64842e-09
1.06619e-09
-7.23723e-10
3.7827e-08
5.75992e-10
-8.27668e-10
3.75169e-08
3.7336e-11
-1.03199e-09
3.73637e-08
-1.34575e-09
3.7386e-08
-4.09383e-10
9.25745e-10
-3.98063e-10
3.79447e-08
3.3116e-10
-5.73227e-10
3.76659e-08
-3.18695e-10
-8.11975e-10
3.75859e-08
-1.12596e-09
3.77421e-08
-8.40277e-10
7.14534e-10
-3.04198e-11
3.79679e-08
6.19922e-11
-1.88822e-10
3.77458e-08
-6.59261e-10
-3.90367e-10
3.77327e-08
-6.385e-10
3.79875e-08
-1.1829e-09
5.23381e-10
3.7848e-08
1.92014e-10
-1.54884e-10
3.7672e-08
1.1222e-10
-9.22144e-10
3.76989e-08
-4.68581e-11
3.8003e-08
-2.32204e-10
-1.3351e-09
7.15563e-10
-6.05617e-10
3.79874e-08
3.76855e-10
-6.59103e-10
3.78132e-08
3.13035e-11
-7.55917e-10
3.77267e-08
-8.97297e-10
3.77252e-08
-2.39318e-10
6.48041e-10
-4.30493e-10
3.80687e-08
2.64357e-10
-5.19094e-10
3.79096e-08
-1.2753e-10
-6.34475e-10
3.78563e-08
-7.68169e-10
3.79116e-08
-4.26188e-10
5.47362e-10
-2.356e-10
3.80927e-08
1.38115e-10
-3.22411e-10
3.79584e-08
-2.7582e-10
-4.22953e-10
3.79351e-08
-5.14436e-10
3.8026e-08
-5.68047e-10
4.53808e-10
3.80348e-08
-9.8116e-11
3.41111e-11
3.79211e-08
-1.51862e-10
-3.82959e-10
3.79143e-08
-2.21225e-10
3.80088e-08
-2.74595e-10
-6.28556e-10
4.86507e-10
-4.71597e-10
3.80927e-08
2.74597e-10
-5.01184e-10
3.79874e-08
6.52927e-11
-5.47633e-10
3.79265e-08
-6.09708e-10
3.78997e-08
-9.63018e-11
4.51229e-10
-3.6853e-10
3.81513e-08
2.22021e-10
-4.15528e-10
3.80531e-08
-3.68754e-12
-4.71361e-10
3.80058e-08
-5.28727e-10
3.80001e-08
-1.7316e-10
3.99834e-10
-2.54205e-10
3.8171e-08
1.61864e-10
-3.02111e-10
3.80829e-08
-6.83391e-11
-3.51428e-10
3.80454e-08
-3.87605e-10
3.80467e-08
-2.30133e-10
3.51398e-10
3.81352e-08
-1.61534e-10
1.11419e-10
3.80541e-08
-1.95157e-10
-1.14943e-10
3.80171e-08
-2.27873e-10
3.8004e-08
-2.43804e-10
-2.53925e-10
3.39127e-10
-3.5893e-10
3.81548e-08
2.11525e-10
-3.75432e-10
3.80858e-08
8.6893e-11
-3.97264e-10
3.80357e-08
-4.2328e-10
3.79923e-08
-1.04966e-11
3.20238e-10
-2.94602e-10
3.81971e-08
1.87311e-10
-3.20325e-10
3.81309e-08
5.83982e-11
-3.47416e-10
3.80848e-08
-3.71779e-10
3.80463e-08
-3.93248e-11
2.92886e-10
-2.22555e-10
3.82102e-08
1.58417e-10
-2.49888e-10
3.8147e-08
3.07116e-11
-2.74692e-10
3.81004e-08
-2.89708e-10
3.80558e-08
-6.04753e-11
2.66405e-10
3.81801e-08
-1.57713e-10
1.33215e-10
3.81168e-08
-1.79333e-10
9.91312e-12
3.80621e-08
-1.96405e-10
3.79952e-08
-2.02395e-10
-6.85962e-11
2.42165e-10
-2.70501e-10
3.81899e-08
1.65868e-10
-2.79651e-10
3.81411e-08
9.10685e-11
-2.89486e-10
3.80968e-08
-2.99387e-10
3.80443e-08
3.08117e-11
2.32012e-10
-2.28948e-10
3.82198e-08
1.5516e-10
-2.43409e-10
3.81715e-08
8.0522e-11
-2.56561e-10
3.81266e-08
-2.66463e-10
3.80717e-08
2.22258e-11
2.17007e-10
-1.81472e-10
3.8226e-08
1.41293e-10
-1.9767e-10
3.8177e-08
6.92977e-11
-2.10576e-10
3.81264e-08
-2.16934e-10
3.80596e-08
1.60094e-11
2.01851e-10
3.8195e-08
-1.35434e-10
1.28383e-10
3.81424e-08
-1.49795e-10
6.01317e-11
3.80794e-08
-1.59636e-10
3.79866e-08
-1.62877e-10
1.46805e-11
1.7602e-10
-2.02613e-10
3.82095e-08
1.30037e-10
-2.07665e-10
3.81727e-08
8.42419e-11
-2.11775e-10
3.81324e-08
-2.14715e-10
3.80756e-08
4.57443e-11
1.70559e-10
-1.75209e-10
3.82298e-08
1.25666e-10
-1.83572e-10
3.81923e-08
8.1376e-11
-1.89971e-10
3.8149e-08
-1.93602e-10
3.80868e-08
4.51782e-11
1.6208e-10
-1.43085e-10
3.82295e-08
1.19041e-10
-1.53055e-10
3.81895e-08
7.73784e-11
-1.60065e-10
3.81382e-08
-1.62778e-10
3.80613e-08
4.48696e-11
1.5303e-10
3.81956e-08
-1.10201e-10
1.12239e-10
3.81501e-08
-1.19988e-10
7.35156e-11
3.80843e-08
-1.26181e-10
3.79796e-08
-1.28517e-10
4.62085e-11
1.29349e-10
-1.51078e-10
3.82202e-08
1.01242e-10
-1.53863e-10
3.81913e-08
7.25295e-11
-1.55321e-10
3.8154e-08
-1.55437e-10
3.80959e-08
4.71729e-11
1.2641e-10
-1.32752e-10
3.82332e-08
9.97649e-11
-1.37738e-10
3.82028e-08
7.27339e-11
-1.4086e-10
3.81616e-08
-1.41854e-10
3.80966e-08
4.93905e-11
1.21466e-10
-1.10659e-10
3.82275e-08
9.66292e-11
-1.17015e-10
3.81936e-08
7.17968e-11
-1.21015e-10
3.81431e-08
-1.22174e-10
3.80622e-08
5.11344e-11
1.15844e-10
3.81902e-08
-8.70865e-11
9.2922e-11
3.81499e-08
-9.38901e-11
7.03303e-11
3.80839e-08
-9.80528e-11
3.79744e-08
-9.99275e-11
5.32706e-11
9.55986e-11
-1.12255e-10
3.82262e-08
7.81398e-11
-1.13791e-10
3.82025e-08
5.9711e-11
-1.14076e-10
3.81678e-08
-1.13189e-10
3.81097e-08
4.25778e-11
9.40158e-11
-9.9874e-11
3.82335e-08
7.79212e-11
-1.02939e-10
3.82081e-08
6.09652e-11
-1.04465e-10
3.8169e-08
-1.04422e-10
3.81033e-08
4.54264e-11
9.1039e-11
-8.45119e-11
3.82235e-08
7.64649e-11
-8.86927e-11
3.81939e-08
6.12278e-11
-9.10946e-11
3.8145e-08
-9.15922e-11
3.8063e-08
4.76312e-11
8.74209e-11
3.81831e-08
-6.75678e-11
7.43659e-11
3.81466e-08
-7.23695e-11
6.08119e-11
3.80816e-08
-7.52927e-11
3.79707e-08
-7.68197e-11
4.97698e-11
7.08144e-11
-8.31681e-11
3.82294e-08
5.97925e-11
-8.40159e-11
3.82095e-08
4.77111e-11
-8.38261e-11
3.8177e-08
-8.27084e-11
3.81196e-08
3.59011e-11
6.99627e-11
-7.47363e-11
3.82326e-08
6.00699e-11
-7.66755e-11
3.82106e-08
4.91667e-11
-7.74207e-11
3.81735e-08
-7.70289e-11
3.81083e-08
3.85647e-11
6.81143e-11
-6.39706e-11
3.8219e-08
5.9419e-11
-6.67917e-11
3.81927e-08
4.98171e-11
-6.83045e-11
3.81455e-08
-6.85221e-11
3.80637e-08
4.06227e-11
6.57152e-11
3.81761e-08
-5.17612e-11
5.8182e-11
3.81425e-08
-5.5188e-11
4.98336e-11
3.8079e-08
-5.72955e-11
3.7968e-08
-5.85238e-11
4.2474e-11
5.24581e-11
-6.14597e-11
3.82312e-08
4.5391e-11
-6.19277e-11
3.8214e-08
3.7325e-11
-6.15837e-11
3.81833e-08
-6.05369e-11
3.81267e-08
2.90624e-11
5.20015e-11
-5.5679e-11
3.82311e-08
4.58186e-11
-5.69386e-11
3.82118e-08
3.86557e-11
-5.72995e-11
3.81763e-08
-5.68433e-11
3.81119e-08
3.1289e-11
5.08211e-11
-4.80901e-11
3.82149e-08
4.55502e-11
-5.00324e-11
3.81911e-08
3.93559e-11
-5.10243e-11
3.81454e-08
-5.11242e-11
3.80643e-08
3.30108e-11
4.91921e-11
3.81699e-08
-3.92752e-11
4.47923e-11
3.81386e-08
-4.174e-11
3.95265e-11
3.80765e-08
-4.32813e-11
3.79662e-08
-4.4252e-11
3.45084e-11
3.88016e-11
-4.52968e-11
3.82322e-08
3.42046e-11
-4.55547e-11
3.82169e-08
2.87374e-11
-4.51964e-11
3.81876e-08
-4.43177e-11
3.8132e-08
2.28958e-11
3.85587e-11
-4.13117e-11
3.82297e-08
3.4634e-11
-4.21484e-11
3.82124e-08
2.98438e-11
-4.23197e-11
3.81782e-08
-4.19055e-11
3.81147e-08
2.46591e-11
3.77864e-11
-3.59394e-11
3.82115e-08
3.45433e-11
-3.72965e-11
3.81895e-08
3.04671e-11
-3.79674e-11
3.81451e-08
-3.80178e-11
3.80649e-08
2.60247e-11
3.66606e-11
3.81648e-08
-2.95677e-11
3.40626e-11
3.81353e-08
-3.13492e-11
3.06712e-11
3.80744e-08
-3.24835e-11
3.79649e-08
-3.32381e-11
2.7192e-11
2.86148e-11
-3.32741e-11
3.82327e-08
2.55865e-11
-3.34156e-11
3.82189e-08
2.18371e-11
-3.30979e-11
3.81908e-08
-3.23999e-11
3.81359e-08
1.76798e-11
2.84876e-11
-3.05152e-11
3.82285e-08
2.59613e-11
-3.10808e-11
3.82125e-08
2.27124e-11
-3.11589e-11
3.81796e-08
-3.0818e-11
3.81168e-08
1.90336e-11
2.79722e-11
-2.67021e-11
3.82087e-08
2.59494e-11
-2.76598e-11
3.81881e-08
2.32234e-11
-2.81237e-11
3.81448e-08
-2.81526e-11
3.80653e-08
2.00839e-11
2.71846e-11
3.81608e-08
-2.20968e-11
2.56356e-11
3.81326e-08
-2.33873e-11
2.34127e-11
3.80727e-08
-2.42228e-11
3.7964e-08
-2.4801e-11
2.09731e-11
2.09962e-11
-2.43244e-11
3.82329e-08
1.89815e-11
-2.44008e-11
3.82203e-08
1.63902e-11
-2.41397e-11
3.8193e-08
-2.36035e-11
3.81387e-08
1.34239e-11
2.09319e-11
-2.24095e-11
3.82274e-08
1.92869e-11
-2.27964e-11
3.82126e-08
1.70617e-11
-2.2829e-11
3.81805e-08
-2.25625e-11
3.81184e-08
1.4442e-11
2.05833e-11
-1.97022e-11
3.82065e-08
1.93064e-11
-2.03814e-11
3.81869e-08
1.7462e-11
-2.07064e-11
3.81446e-08
-2.07251e-11
3.80657e-08
1.52331e-11
2.00286e-11
3.81576e-08
-1.63806e-11
1.90973e-11
3.81304e-08
-1.73144e-11
1.76204e-11
3.80714e-08
-1.79279e-11
3.79633e-08
-1.83649e-11
1.58993e-11
1.52756e-11
-1.76406e-11
3.82331e-08
1.39279e-11
-1.76803e-11
3.82212e-08
1.21325e-11
-1.74755e-11
3.81946e-08
-1.70737e-11
3.81409e-08
1.00211e-11
1.52455e-11
-1.63123e-11
3.82266e-08
1.41662e-11
-1.65782e-11
3.82126e-08
1.26357e-11
-1.65892e-11
3.81811e-08
-1.63876e-11
3.81196e-08
1.07733e-11
1.50082e-11
-1.43965e-11
3.82048e-08
1.41952e-11
-1.48777e-11
3.81861e-08
1.29394e-11
-1.51063e-11
3.81443e-08
-1.51195e-11
3.8066e-08
1.13586e-11
1.46174e-11
3.81553e-08
-1.20144e-11
1.40541e-11
3.81288e-08
-1.26865e-11
1.30646e-11
3.80704e-08
-1.31335e-11
3.79629e-08
-1.34586e-11
1.18502e-11
1.09535e-11
-1.26168e-11
3.82331e-08
1.00529e-11
-1.26363e-11
3.82219e-08
8.81518e-12
-1.24816e-11
3.81957e-08
-1.21877e-11
3.81424e-08
7.3269e-12
1.09412e-11
-1.17019e-11
3.8226e-08
1.02323e-11
-1.18841e-11
3.82125e-08
9.18324e-12
-1.18853e-11
3.81816e-08
-1.17371e-11
3.81204e-08
7.87159e-12
1.078e-11
-1.03595e-11
3.82036e-08
1.02607e-11
-1.06975e-11
3.81854e-08
9.40724e-12
-1.08573e-11
3.81441e-08
-1.08668e-11
3.80663e-08
8.29577e-12
1.05068e-11
3.81535e-08
-8.67152e-12
1.01654e-11
3.81276e-08
-9.14938e-12
9.50211e-12
3.80697e-08
-9.47022e-12
3.79626e-08
-9.70726e-12
8.65173e-12
7.6656e-12
-8.81577e-12
3.82332e-08
7.07052e-12
-8.82495e-12
3.82223e-08
6.23112e-12
-8.71252e-12
3.81965e-08
-8.5038e-12
3.81435e-08
5.20369e-12
7.66164e-12
-8.19717e-12
3.82256e-08
7.20038e-12
-8.32011e-12
3.82125e-08
6.4924e-12
-8.31724e-12
3.81819e-08
-8.21132e-12
3.8121e-08
5.58741e-12
7.5535e-12
-7.27535e-12
3.82027e-08
7.22432e-12
-7.50796e-12
3.81849e-08
6.65231e-12
-7.6174e-12
3.8144e-08
-7.62349e-12
3.80665e-08
5.88641e-12
7.36609e-12
3.81523e-08
-6.10513e-12
7.16052e-12
3.81267e-08
-6.43709e-12
6.72111e-12
3.80692e-08
-6.6614e-12
3.79624e-08
-6.82842e-12
6.13684e-12
5.17539e-12
-5.97014e-12
3.82332e-08
4.79252e-12
-5.97345e-12
3.82226e-08
4.2407e-12
-5.89425e-12
3.8197e-08
-5.75009e-12
3.81442e-08
3.55524e-12
5.17554e-12
-5.5642e-12
3.82252e-08
4.88332e-12
-5.64407e-12
3.82124e-08
4.42015e-12
-5.63898e-12
3.81821e-08
-5.56444e-12
3.81214e-08
3.81686e-12
5.10553e-12
-4.94999e-12
3.82021e-08
4.90238e-12
-5.10422e-12
3.81846e-08
4.53075e-12
-5.17562e-12
3.81439e-08
-5.17721e-12
3.80666e-08
4.02082e-12
4.98143e-12
3.81514e-08
-4.16333e-12
4.86138e-12
3.81261e-08
-4.38544e-12
4.57886e-12
3.80688e-08
-4.53537e-12
3.79622e-08
-4.64538e-12
4.1901e-12
3.39285e-12
-3.99851e-12
3.82332e-08
3.15519e-12
-3.99594e-12
3.82228e-08
2.80432e-12
-3.93822e-12
3.81974e-08
-3.83689e-12
3.81447e-08
2.36119e-12
3.39748e-12
-3.73787e-12
3.8225e-08
3.21999e-12
-3.78557e-12
3.82124e-08
2.92782e-12
-3.77677e-12
3.81822e-08
-3.72134e-12
3.81217e-08
2.53919e-12
3.35585e-12
-3.33508e-12
3.82017e-08
3.23719e-12
-3.4323e-12
3.81843e-08
3.0054e-12
-3.47476e-12
3.81439e-08
-3.46994e-12
3.80667e-08
2.67821e-12
3.27763e-12
3.81508e-08
-2.81259e-12
3.21332e-12
3.81257e-08
-2.95585e-12
3.0395e-12
3.80686e-08
-3.05143e-12
3.79621e-08
-3.11642e-12
2.78944e-12
2.35016e-12
-2.91243e-12
2.20012e-12
-2.90135e-12
1.96895e-12
-2.8502e-12
-2.76835e-12
1.67087e-12
2.36213e-12
-2.73568e-12
2.25518e-12
-2.75994e-12
2.06493e-12
-2.74305e-12
-2.69316e-12
1.80331e-12
2.34129e-12
-2.45303e-12
2.27659e-12
-2.51192e-12
2.12829e-12
-2.53028e-12
-2.51371e-12
1.90742e-12
2.2948e-12
-2.08087e-12
2.26963e-12
-2.17097e-12
2.16075e-12
-2.22415e-12
-2.25173e-12
1.98898e-12
1.19658e-09
3.25661e-09
4.01324e-08
1.43293e-08
-3.36808e-08
1.66045e-08
-1.067e-08
-1.76864e-08
6.54106e-09
-1.36553e-08
3.29223e-08
-1.2796e-09
1.04279e-08
2.33218e-11
4.35258e-08
8.98689e-09
-1.55936e-08
2.55753e-08
1.99223e-08
2.62542e-10
1.29126e-08
-9.63162e-09
4.04503e-08
3.28051e-09
-6.68916e-10
-1.04196e-08
4.57547e-08
2.12218e-09
-8.4363e-09
3.74183e-08
-3.32543e-09
3.67989e-08
1.16107e-08
-1.88517e-08
3.84307e-08
-1.94305e-11
-1.09365e-08
5.89868e-08
-4.97206e-08
4.17402e-08
-8.31961e-09
1.7702e-08
3.35454e-08
-5.00435e-09
-1.50282e-09
4.76305e-09
3.54116e-08
-3.55627e-09
-1.52709e-10
2.8516e-08
-1.43062e-08
5.2256e-09
1.88938e-08
8.47655e-09
2.57331e-08
-7.00826e-09
2.89254e-09
4.04173e-09
3.74317e-08
2.2542e-09
-8.29695e-10
2.68906e-08
-1.2104e-08
9.28652e-09
2.32099e-08
1.20836e-08
3.27898e-08
-8.0506e-09
3.07583e-09
-2.10303e-10
4.23525e-08
6.21092e-09
8.9851e-10
3.2555e-08
-1.05728e-08
8.34021e-09
2.93407e-08
1.12883e-08
3.87473e-08
-1.00942e-08
4.06467e-09
5.34547e-08
5.70363e-09
4.09998e-08
-8.30675e-09
4.00526e-08
4.7701e-08
-1.1174e-08
-3.90317e-09
7.06922e-09
3.67644e-08
-6.57923e-09
7.16013e-09
3.23301e-08
-1.06779e-08
5.35637e-09
2.64793e-08
1.79657e-09
2.32747e-08
-5.87507e-09
-2.8703e-09
3.68932e-09
4.01864e-08
-6.71583e-09
2.98965e-09
3.49067e-08
-1.11806e-08
2.33466e-09
3.06964e-08
-9.74891e-11
2.94574e-08
-5.95411e-09
-1.88912e-09
-6.53528e-10
4.549e-08
-5.83819e-09
-2.7387e-10
3.97676e-08
-1.07357e-08
-5.1949e-10
3.70923e-08
-2.15083e-09
3.57877e-08
-5.72264e-09
-1.04664e-09
5.18055e-08
-5.26562e-09
4.49449e-08
-9.77199e-09
4.40395e-08
4.10273e-08
-5.24917e-09
-1.40943e-09
3.53951e-09
3.81179e-08
-3.10611e-09
3.51807e-09
3.46327e-08
-4.74705e-09
2.27669e-09
2.93211e-08
2.56151e-10
2.2945e-08
-2.90386e-09
-1.37327e-09
1.83218e-09
4.25127e-08
-3.52855e-09
1.82036e-09
3.87596e-08
-5.13113e-09
5.68533e-10
3.40071e-08
-7.31128e-10
2.82405e-08
-2.92695e-09
-9.83152e-10
2.35584e-10
4.75291e-08
-3.45487e-09
6.02928e-10
4.34567e-08
-4.93291e-09
-1.98553e-10
3.93375e-08
-6.53924e-10
3.3514e-08
-2.73646e-09
-6.10692e-10
5.26358e-08
-3.21029e-09
4.81474e-08
-4.29222e-09
4.49229e-08
3.8606e-08
-2.52485e-09
-6.78713e-11
1.11188e-09
3.90129e-08
-1.17903e-09
1.04609e-09
3.58359e-08
-1.89787e-09
4.06804e-10
3.03888e-08
-4.67016e-10
2.28317e-08
-1.18507e-09
-1.66279e-10
5.64443e-10
4.38503e-08
-1.4598e-09
5.77508e-10
4.05217e-08
-2.09758e-09
-1.54566e-10
3.52063e-08
-8.21519e-10
2.77384e-08
-1.24098e-09
-4.72321e-11
7.52876e-11
4.88049e-08
-1.48245e-09
1.98753e-10
4.52707e-08
-2.03297e-09
-3.90412e-10
4.01238e-08
-7.26262e-10
3.25749e-08
-1.18909e-09
9.47213e-11
5.36048e-08
-1.3778e-09
4.98187e-08
-1.77412e-09
4.49288e-08
3.7213e-08
-1.10734e-09
3.40033e-10
2.2247e-10
3.95435e-08
-3.36217e-10
1.69933e-10
3.64545e-08
-7.0602e-10
-1.19051e-10
3.08308e-08
-4.43545e-10
2.28025e-08
-4.65523e-10
2.65076e-10
9.71441e-11
4.45643e-08
-4.8063e-10
9.78842e-11
4.13395e-08
-7.98369e-10
-2.42528e-10
3.56475e-08
-5.28258e-10
2.75427e-08
-5.17972e-10
3.08316e-10
-1.20156e-11
4.95155e-08
-4.91426e-10
4.16688e-11
4.61266e-08
-7.71704e-10
-2.30025e-10
4.03916e-08
-3.92178e-10
3.21802e-08
-5.13072e-10
3.8552e-10
5.42298e-08
-4.18749e-10
5.06646e-08
-6.60821e-10
4.49408e-08
3.66424e-08
-4.82411e-10
3.74969e-10
-4.25428e-11
3.98304e-08
-1.55018e-11
-7.70917e-11
3.67702e-08
-2.24482e-10
-2.06758e-10
3.10253e-08
-3.3522e-10
2.27861e-08
-1.47424e-10
3.26239e-10
-4.08355e-11
4.49281e-08
-9.14199e-11
-4.74647e-11
4.17275e-08
-2.72461e-10
-2.03082e-10
3.58249e-08
-3.31294e-10
2.74494e-08
-1.83063e-10
3.42639e-10
-3.58646e-11
4.98824e-08
-9.55755e-11
-1.71065e-11
4.65345e-08
-2.61841e-10
-1.42814e-10
4.04976e-08
-2.24379e-10
3.19989e-08
-1.87482e-10
3.86446e-10
5.45724e-08
-5.09415e-11
5.10849e-08
-2.12274e-10
4.49593e-08
3.63814e-08
-1.75673e-10
3.17854e-10
-1.08602e-10
3.99693e-08
1.01804e-10
-1.3049e-10
3.69215e-08
-1.89376e-11
-1.90134e-10
3.11083e-08
-2.45323e-10
2.27716e-08
-2.95934e-12
2.85899e-10
-7.39634e-11
4.50994e-08
5.9377e-11
-8.23521e-11
4.19059e-08
-4.61037e-11
-1.54385e-10
3.58946e-08
-2.14553e-10
2.73974e-08
-2.48633e-11
2.90722e-10
-4.0084e-11
5.00566e-08
5.70247e-11
-3.61543e-11
4.6722e-08
-4.21647e-11
-9.4413e-11
4.05368e-08
-1.34278e-10
3.19058e-08
-2.93247e-11
3.15283e-10
5.47386e-08
8.30975e-11
5.12809e-08
-1.85148e-11
4.49665e-08
3.6253e-08
-2.43944e-11
2.52754e-10
-1.14713e-10
4.00278e-08
1.35818e-10
-1.28627e-10
3.69878e-08
6.42287e-11
-1.57051e-10
3.11405e-08
-1.82739e-10
2.27592e-08
5.6943e-11
2.31232e-10
-7.648e-11
4.51705e-08
1.10626e-10
-8.36237e-11
4.19815e-08
4.78542e-11
-1.17648e-10
3.5918e-08
-1.47031e-10
2.73657e-08
4.38551e-11
2.31044e-10
-3.88171e-11
5.01286e-08
1.08426e-10
-3.97268e-11
4.68007e-08
4.88239e-11
-6.71465e-11
4.05459e-08
-8.68927e-11
3.18537e-08
4.07465e-11
2.4447e-10
5.48063e-08
1.22989e-10
5.13627e-08
6.03383e-11
4.4962e-08
3.61837e-08
4.27768e-11
1.97202e-10
-1.02769e-10
4.0046e-08
1.34273e-10
-1.11517e-10
3.70124e-08
9.01995e-11
-1.25395e-10
3.11504e-08
-1.37938e-10
2.27496e-08
7.4904e-11
1.8248e-10
-6.93931e-11
4.51923e-08
1.18624e-10
-7.43332e-11
4.20082e-08
7.99027e-11
-9.04695e-11
3.59218e-08
-1.04936e-10
2.73456e-08
6.70083e-11
1.80432e-10
-3.51698e-11
5.01493e-08
1.16466e-10
-3.6844e-11
4.68272e-08
7.96465e-11
-4.97455e-11
4.0542e-08
-5.94017e-11
3.18229e-08
6.49622e-11
1.87526e-10
5.48234e-08
1.24321e-10
5.1389e-08
8.52115e-11
4.49514e-08
3.61439e-08
6.56147e-11
1.52398e-10
-8.61272e-11
4.0046e-08
1.18383e-10
-9.15469e-11
3.7018e-08
9.01419e-11
-9.84125e-11
3.11508e-08
-1.0469e-10
2.27424e-08
7.34835e-11
1.42207e-10
-5.92526e-11
4.51916e-08
1.08298e-10
-6.223e-11
4.20128e-08
8.34319e-11
-6.97465e-11
3.5918e-08
-7.67621e-11
2.73325e-08
6.8586e-11
1.39713e-10
-3.04205e-11
5.01462e-08
1.06308e-10
-3.16632e-11
4.683e-08
8.27276e-11
-3.76224e-11
4.05335e-08
-4.21678e-11
3.18038e-08
6.72025e-11
1.43261e-10
5.48167e-08
1.10378e-10
5.13902e-08
8.53084e-11
4.49388e-08
3.61198e-08
6.71921e-11
1.16868e-10
-6.95748e-11
4.00386e-08
9.83348e-11
-7.28991e-11
3.70155e-08
7.95996e-11
-7.63099e-11
3.11478e-08
-7.94548e-11
2.27372e-08
6.43351e-11
1.09738e-10
-4.87022e-11
4.5182e-08
9.16313e-11
-5.02954e-11
4.20083e-08
7.50964e-11
-5.36427e-11
3.59118e-08
-5.68658e-11
2.73238e-08
6.11943e-11
1.0738e-10
-2.53609e-11
5.01336e-08
8.99133e-11
-2.60309e-11
4.68232e-08
7.43039e-11
-2.86563e-11
4.05241e-08
-3.05879e-11
3.17916e-08
6.02164e-11
1.08991e-10
5.48008e-08
9.18971e-11
5.13813e-08
7.53739e-11
4.49267e-08
3.61047e-08
5.99125e-11
8.89893e-11
-5.48907e-11
4.00291e-08
7.88147e-11
-5.69234e-11
3.70103e-08
6.60431e-11
-5.85997e-11
3.11439e-08
-6.01434e-11
2.27335e-08
5.31192e-11
8.39517e-11
-3.89795e-11
4.51698e-08
7.42481e-11
-3.97199e-11
4.20008e-08
6.29457e-11
-4.10379e-11
3.59056e-08
-4.23565e-11
2.73179e-08
5.10399e-11
8.19314e-11
-2.05466e-11
5.01186e-08
7.2809e-11
-2.07944e-11
4.68134e-08
6.2198e-11
-2.18047e-11
4.05155e-08
-2.24532e-11
3.17836e-08
5.03219e-11
8.252e-11
5.47827e-08
7.36739e-11
5.13694e-08
6.25223e-11
4.49161e-08
3.60948e-08
4.99187e-11
6.73241e-11
-4.25939e-11
4.00199e-08
6.171e-11
-4.38389e-11
3.70045e-08
5.28287e-11
-4.46392e-11
3.11401e-08
-4.53576e-11
2.27308e-08
4.23617e-11
6.37371e-11
-3.05952e-11
4.51581e-08
5.85397e-11
-3.08542e-11
4.1993e-08
5.0658e-11
-3.12152e-11
3.59e-08
-3.15989e-11
2.73139e-08
4.09482e-11
6.2093e-11
-1.62852e-11
5.01042e-08
5.73753e-11
-1.62836e-11
4.68036e-08
5.00123e-11
-1.65414e-11
4.05082e-08
-1.65794e-11
3.17782e-08
4.04089e-11
6.21712e-11
5.47657e-08
5.76609e-11
5.13576e-08
4.99843e-11
4.49072e-08
3.60882e-08
4.00027e-11
5.06333e-11
-3.26437e-11
4.00119e-08
4.75314e-11
-3.34103e-11
3.69993e-08
4.12686e-11
-3.37688e-11
3.11369e-08
-3.40657e-11
2.27288e-08
3.30263e-11
4.80642e-11
-2.36599e-11
4.51478e-08
4.52998e-11
-2.36711e-11
4.1986e-08
3.9727e-11
-2.36065e-11
3.58955e-08
-2.35575e-11
2.7311e-08
3.20456e-11
4.67671e-11
-1.26902e-11
5.00917e-08
4.43789e-11
-1.25661e-11
4.67948e-08
3.91954e-11
-1.24928e-11
4.05022e-08
-1.22704e-11
3.17744e-08
3.16365e-11
4.66143e-11
5.4751e-08
4.43821e-11
5.13472e-08
3.90195e-11
4.49001e-08
3.60837e-08
3.12711e-11
3.78673e-11
-2.47682e-11
4.00053e-08
3.6159e-11
-2.5244e-11
3.69949e-08
3.17017e-11
-2.53825e-11
3.11342e-08
-2.54703e-11
2.27274e-08
2.53361e-11
3.60202e-11
-1.80791e-11
4.51394e-08
3.45735e-11
-1.79782e-11
4.19802e-08
3.05972e-11
-1.77486e-11
3.58918e-08
-1.7524e-11
2.7309e-08
2.4646e-11
3.5018e-11
-9.75473e-12
5.00814e-08
3.38584e-11
-9.58599e-12
4.67876e-08
3.01732e-11
-9.38727e-12
4.04976e-08
-9.08037e-12
3.17718e-08
2.43354e-11
3.47818e-11
5.47391e-08
3.3739e-11
5.13387e-08
2.99531e-11
4.48945e-08
3.60805e-08
2.40266e-11
2.81548e-11
-1.86247e-11
4.00001e-08
2.72223e-11
-1.89225e-11
3.69914e-08
2.40329e-11
-1.89554e-11
3.11322e-08
-1.89456e-11
2.27264e-08
1.91897e-11
2.68245e-11
-1.36705e-11
4.51327e-08
2.60898e-11
-1.35315e-11
4.19755e-08
2.32381e-11
-1.32614e-11
3.5889e-08
-1.2989e-11
2.73076e-08
1.86999e-11
2.60626e-11
-7.41042e-12
5.00733e-08
2.55431e-11
-7.23937e-12
4.67818e-08
2.29078e-11
-7.01285e-12
4.04939e-08
-6.70537e-12
3.177e-08
1.84651e-11
2.5817e-11
5.47296e-08
2.53844e-11
5.13319e-08
2.26934e-11
4.48901e-08
3.60783e-08
1.82146e-11
2.07866e-11
-1.38745e-11
3.9996e-08
2.02857e-11
-1.40625e-11
3.69886e-08
1.80002e-11
-1.40483e-11
3.11306e-08
-1.39989e-11
2.27257e-08
1.43638e-11
1.98295e-11
-1.02289e-11
4.51275e-08
1.94757e-11
-1.00891e-11
4.19719e-08
1.7428e-11
-9.83465e-12
3.58868e-08
-9.5741e-12
2.73066e-08
1.40148e-11
1.92585e-11
-5.56513e-12
5.0067e-08
1.90639e-11
-5.41201e-12
4.67773e-08
1.71759e-11
-5.20116e-12
4.04912e-08
-4.92927e-12
3.17687e-08
1.3839e-11
1.90373e-11
5.47222e-08
1.89068e-11
5.13266e-08
1.69886e-11
4.48869e-08
3.60767e-08
1.36418e-11
1.51955e-11
-1.02162e-11
3.9993e-08
1.49333e-11
-1.03355e-11
3.69865e-08
1.3301e-11
-1.03038e-11
3.11294e-08
-1.0244e-11
2.27251e-08
1.06094e-11
1.45105e-11
-7.55837e-12
4.51236e-08
1.43561e-11
-7.43491e-12
4.19692e-08
1.2891e-11
-7.21822e-12
3.58852e-08
-6.99419e-12
2.73059e-08
1.03613e-11
1.4089e-11
-4.12433e-12
5.00622e-08
1.40509e-11
-3.99682e-12
4.67739e-08
1.27023e-11
-3.81836e-12
4.04891e-08
-3.59416e-12
3.17677e-08
1.02313e-11
1.3905e-11
5.47167e-08
1.39137e-11
5.13226e-08
1.25491e-11
4.48844e-08
3.60756e-08
1.00802e-11
1.09367e-11
-7.39705e-12
3.99907e-08
1.08048e-11
-7.47265e-12
3.6985e-08
9.6511e-12
-7.4379e-12
3.11285e-08
-7.38141e-12
2.27248e-08
7.69592e-12
1.04521e-11
-5.48855e-12
4.51207e-08
1.03978e-11
-5.38753e-12
4.19671e-08
9.3608e-12
-5.21432e-12
3.5884e-08
-5.03397e-12
2.73054e-08
7.5213e-12
1.01469e-11
-3.00243e-12
5.00587e-08
1.01763e-11
-2.90163e-12
4.67714e-08
9.22281e-12
-2.75943e-12
4.04876e-08
-2.58345e-12
3.17671e-08
7.42697e-12
1.00025e-11
5.47126e-08
1.00653e-11
5.13196e-08
9.10348e-12
4.48826e-08
3.60748e-08
7.31417e-12
7.67618e-12
-5.22192e-12
3.99891e-08
7.61441e-12
-5.26897e-12
3.69839e-08
6.81624e-12
-5.23743e-12
3.11279e-08
-5.18943e-12
2.27245e-08
5.4347e-12
7.34074e-12
-3.88486e-12
4.51186e-08
7.33332e-12
-3.80671e-12
4.19657e-08
6.61503e-12
-3.67489e-12
3.58831e-08
-3.53662e-12
2.7305e-08
5.31398e-12
7.12559e-12
-2.13051e-12
5.00561e-08
7.17652e-12
-2.05424e-12
4.67696e-08
6.51654e-12
-1.94617e-12
4.04866e-08
-1.81366e-12
3.17666e-08
5.24689e-12
7.01752e-12
5.47096e-08
7.09159e-12
5.13175e-08
6.42729e-12
4.48813e-08
3.60743e-08
5.16494e-12
5.19859e-12
-3.57052e-12
3.9988e-08
5.17586e-12
-3.59786e-12
3.69831e-08
4.6431e-12
-3.5705e-12
3.11274e-08
-3.53011e-12
2.27243e-08
3.70292e-12
4.97367e-12
-2.664e-12
4.51172e-08
4.98736e-12
-2.60554e-12
4.19647e-08
4.50739e-12
-2.50815e-12
3.58826e-08
-2.40474e-12
2.73048e-08
3.62076e-12
4.82649e-12
-1.46605e-12
5.00544e-08
4.87876e-12
-1.40957e-12
4.67684e-08
4.43754e-12
-1.32936e-12
4.04858e-08
-1.23218e-12
3.17663e-08
3.57284e-12
4.7489e-12
5.47076e-08
4.81613e-12
5.1316e-08
4.37234e-12
4.48804e-08
3.60739e-08
3.51425e-12
3.43204e-12
-2.42024e-12
3.99872e-08
3.43571e-12
-2.43267e-12
3.69826e-08
3.09346e-12
-2.40689e-12
3.11271e-08
-2.37015e-12
2.27242e-08
2.47358e-12
3.28452e-12
-1.81348e-12
4.51162e-08
3.31081e-12
-1.76834e-12
4.1964e-08
3.00218e-12
-1.69459e-12
3.58821e-08
-1.61475e-12
2.73046e-08
2.41643e-12
3.18445e-12
-1.01087e-12
5.00532e-08
3.23413e-12
-9.67069e-13
4.67675e-08
2.94974e-12
-9.04971e-13
4.04853e-08
-8.30436e-13
3.17661e-08
2.37969e-12
3.13016e-12
5.47062e-08
3.18876e-12
5.1315e-08
2.90304e-12
4.48798e-08
3.60736e-08
2.33829e-12
2.42577e-12
-1.80334e-12
2.45374e-12
-1.79809e-12
2.21723e-12
-1.76128e-12
-1.71574e-12
1.77486e-12
2.32843e-12
-1.34803e-12
2.3705e-12
-1.30423e-12
2.15412e-12
-1.23631e-12
-1.16432e-12
1.73007e-12
2.25671e-12
-7.10822e-13
2.31201e-12
-6.80104e-13
2.10988e-12
-6.37026e-13
-5.87911e-13
1.69796e-12
2.21778e-12
2.27877e-12
2.07695e-12
1.67042e-12
1.123e-08
-5.51215e-09
3.16092e-08
6.22405e-09
1.43648e-08
4.16168e-08
-1.60937e-08
8.74734e-08
4.219e-08
4.51662e-08
3.89938e-08
3.97837e-09
-1.09358e-08
4.16189e-08
-7.1961e-09
1.59246e-08
5.17353e-08
2.46625e-08
4.47837e-08
5.60612e-08
1.81888e-08
1.0227e-07
1.79711e-08
1.32472e-09
2.79798e-08
1.13564e-08
1.27735e-08
4.55471e-08
8.12692e-09
1.61997e-08
7.22392e-08
1.36584e-08
6.95171e-08
-9.65594e-09
3.36533e-08
-6.65693e-09
4.07095e-08
9.82444e-11
4.18349e-08
4.66508e-08
-2.14926e-09
-2.54582e-09
3.30452e-08
2.28463e-10
3.34969e-09
3.97857e-08
-1.82998e-09
1.37048e-08
4.30254e-08
8.60618e-09
4.83996e-08
-7.77263e-09
3.0788e-09
3.8444e-08
-1.01546e-08
6.76688e-09
5.07001e-08
-1.56165e-08
1.12814e-08
6.39464e-08
1.20941e-08
8.31658e-08
-4.53131e-09
2.4587e-09
3.63562e-08
-7.92289e-09
5.68641e-09
5.00192e-08
3.68137e-09
1.02527e-08
6.16636e-08
8.52984e-09
7.67628e-08
-6.12725e-09
2.77942e-08
-2.32283e-09
3.45409e-08
5.73894e-11
3.96133e-08
4.40641e-08
-1.09081e-09
-5.55856e-09
3.60904e-08
-8.00296e-10
-6.16069e-09
4.25334e-08
-1.67403e-09
-5.86299e-09
4.82344e-08
-6.24054e-09
5.31142e-08
-6.60942e-09
-1.96476e-09
3.77573e-08
-8.03843e-09
-1.82283e-09
4.77913e-08
-8.63828e-09
-8.71134e-10
5.95544e-08
-8.78766e-10
6.91658e-08
-9.11475e-09
3.34975e-09
3.41411e-08
-9.04774e-09
4.24691e-09
4.38824e-08
-8.39538e-09
5.28327e-09
5.48569e-08
5.79696e-09
6.16917e-08
-8.73387e-09
2.45103e-08
-6.56624e-09
3.0666e-08
-3.81537e-09
3.6423e-08
4.07965e-08
-1.09387e-09
-3.99864e-09
3.79809e-08
-1.13591e-09
-5.14859e-09
4.41927e-08
-6.21192e-10
-5.99926e-09
5.01242e-08
-6.06662e-09
5.52989e-08
-4.26856e-09
-1.59307e-09
3.73967e-08
-5.11287e-09
-1.75828e-09
4.52453e-08
-3.50583e-09
-1.73746e-09
5.36856e-08
-1.47741e-09
6.10708e-08
-5.9206e-09
1.89308e-09
3.26041e-08
-6.13789e-09
2.48348e-09
3.9858e-08
-3.48225e-09
3.0041e-09
4.74597e-08
2.97775e-09
5.37542e-08
-5.1972e-09
2.36825e-08
-4.12656e-09
2.91519e-08
-1.87145e-09
3.44356e-08
3.93779e-08
-1.05881e-09
-2.49357e-09
3.90029e-08
-1.11064e-09
-3.15641e-09
4.48451e-08
-6.40811e-10
-3.69765e-09
5.0511e-08
-3.82766e-09
5.56297e-08
-2.54046e-09
-1.18518e-09
3.72047e-08
-2.90926e-09
-1.2305e-09
4.36882e-08
-2.0005e-09
-1.21888e-09
5.0298e-08
-1.12583e-09
5.63684e-08
-3.23172e-09
5.35666e-10
3.18766e-08
-3.32419e-09
8.42989e-10
3.78769e-08
-2.06789e-09
1.09451e-09
4.389e-08
1.13272e-09
4.94278e-08
-2.86281e-09
2.32474e-08
-2.43746e-09
2.83286e-08
-1.39366e-09
3.32972e-08
3.80096e-08
-7.76786e-10
-1.5222e-09
3.9486e-08
-8.15019e-10
-1.82663e-09
4.50256e-08
-5.02661e-10
-2.07445e-09
5.04034e-08
-2.14619e-09
5.53579e-08
-1.43403e-09
-8.08678e-10
3.70849e-08
-1.59731e-09
-7.96037e-10
4.28208e-08
-1.12169e-09
-7.63961e-10
4.85119e-08
-7.15165e-10
5.38157e-08
-1.6925e-09
7.33382e-11
3.15042e-08
-1.72971e-09
2.40248e-10
3.68779e-08
-1.14063e-09
3.69562e-10
4.21674e-08
4.23458e-10
4.71485e-08
-1.49769e-09
2.30178e-08
-1.31865e-09
2.78718e-08
-7.81909e-10
3.26169e-08
3.71688e-08
-4.61112e-10
-9.54317e-10
3.9705e-08
-4.93607e-10
-1.07945e-09
4.50503e-08
-3.13801e-10
-1.17828e-09
5.02262e-08
-1.20209e-09
5.50494e-08
-7.48562e-10
-5.62066e-10
3.7015e-08
-8.33284e-10
-5.37991e-10
4.23641e-08
-5.85593e-10
-5.09034e-10
4.7595e-08
-4.78509e-10
5.25065e-08
-8.44559e-10
-9.52289e-11
3.13139e-08
-8.72228e-10
-4.8551e-12
3.63724e-08
-5.84437e-10
6.16877e-11
4.13089e-08
9.46521e-11
4.5991e-08
-7.43046e-10
2.28897e-08
-6.75128e-10
2.7616e-08
-4.14444e-10
3.22305e-08
3.66733e-08
-2.28184e-10
-6.22636e-10
3.98074e-08
-2.58383e-10
-6.67767e-10
4.50421e-08
-1.70269e-10
-7.01466e-10
5.00987e-08
-7.03597e-10
5.4839e-08
-3.52372e-10
-4.05887e-10
3.69775e-08
-4.05807e-10
-3.83862e-10
4.21336e-08
-2.88394e-10
-3.62524e-10
4.71386e-08
-3.42992e-10
5.18575e-08
-3.87434e-10
-1.51022e-10
3.12163e-08
-4.15518e-10
-1.01947e-10
3.61186e-08
-2.83074e-10
-6.79858e-11
4.08819e-08
-5.00699e-11
4.5415e-08
-3.35191e-10
2.2817e-08
-3.20069e-10
2.7474e-08
-2.02988e-10
3.20161e-08
3.63959e-08
-8.97202e-11
-4.22672e-10
3.98602e-08
-1.17045e-10
-4.3489e-10
4.50362e-08
-8.20241e-11
-4.42773e-10
5.00281e-08
-4.37815e-10
5.47212e-08
-1.42682e-10
-3.01628e-10
3.69598e-08
-1.81284e-10
-2.84428e-10
4.20218e-08
-1.33606e-10
-2.69678e-10
4.69178e-08
-2.57144e-10
5.15433e-08
-1.54878e-10
-1.57422e-10
3.11665e-08
-1.82752e-10
-1.30077e-10
3.59921e-08
-1.29418e-10
-1.12393e-10
4.06713e-08
-1.02617e-10
4.5131e-08
-1.27947e-10
2.27758e-08
-1.36356e-10
2.73962e-08
-9.14575e-11
3.18995e-08
3.62446e-08
-1.80854e-11
-2.95965e-10
3.98916e-08
-4.1595e-11
-2.9586e-10
4.50377e-08
-3.34506e-11
-2.94657e-10
4.99964e-08
-2.88568e-10
5.46643e-08
-4.02629e-11
-2.27126e-10
3.69535e-08
-6.98942e-11
-2.14376e-10
4.19699e-08
-5.62808e-11
-2.04334e-10
4.68139e-08
-1.96193e-10
5.13946e-08
-4.39017e-11
-1.42209e-10
3.11415e-08
-6.94565e-11
-1.26265e-10
3.59295e-08
-5.38023e-11
-1.16603e-10
4.05679e-08
-1.10994e-10
4.4992e-08
-2.96022e-11
2.27528e-08
-4.65946e-11
2.7354e-08
-3.56258e-11
3.18369e-08
3.61636e-08
1.45645e-11
-2.11711e-10
3.99129e-08
-4.87678e-12
-2.07762e-10
4.50446e-08
-8.87056e-12
-2.04072e-10
4.99869e-08
-1.9882e-10
5.46424e-08
5.57242e-12
-1.71743e-10
3.69531e-08
-1.75962e-11
-1.62488e-10
4.19478e-08
-1.92445e-11
-1.55634e-10
4.67671e-08
-1.50267e-10
5.13268e-08
4.98724e-12
-1.19719e-10
3.11294e-08
-1.70376e-11
-1.09965e-10
3.5899e-08
-1.80409e-11
-1.04361e-10
4.05176e-08
-1.00914e-10
4.49246e-08
1.28232e-11
2.274e-08
-5.65514e-12
2.73311e-08
-9.33297e-12
3.18034e-08
3.61205e-08
2.66697e-11
-1.53484e-10
3.99287e-08
1.10408e-11
-1.48954e-10
4.50539e-08
2.48448e-12
-1.4516e-10
4.99888e-08
-1.41142e-10
5.46386e-08
2.32514e-11
-1.29809e-10
3.69556e-08
5.1347e-12
-1.23157e-10
4.19401e-08
-2.43439e-12
-1.18448e-10
4.6748e-08
-1.14856e-10
5.12981e-08
2.36138e-11
-9.67717e-11
3.11239e-08
5.42532e-12
-9.05499e-11
3.58846e-08
-2.00329e-12
-8.71056e-11
4.04937e-08
-8.48447e-11
4.48926e-08
2.80162e-11
2.27328e-08
1.10911e-11
2.73186e-08
2.10629e-12
3.17855e-08
3.60977e-08
2.87438e-11
-1.12142e-10
3.99409e-08
1.64342e-11
-1.08143e-10
4.50637e-08
6.96456e-12
-1.04966e-10
4.99955e-08
-1.02053e-10
5.46432e-08
2.76246e-11
-9.78653e-11
3.69591e-08
1.35526e-11
-9.31097e-11
4.19392e-08
4.48341e-12
-8.98542e-11
4.67419e-08
-8.7422e-11
5.12879e-08
2.81661e-11
-7.62419e-11
3.11217e-08
1.35835e-11
-7.21417e-11
3.58782e-08
4.49756e-12
-6.99224e-11
4.04829e-08
-6.83669e-11
4.4878e-08
3.06764e-11
2.27288e-08
1.6348e-11
2.73119e-08
6.34371e-12
3.17759e-08
3.60856e-08
2.6377e-11
-8.22733e-11
3.99505e-08
1.68294e-11
-7.90687e-11
4.50728e-08
8.05679e-12
-7.66143e-11
5.00038e-08
-7.45568e-11
5.46511e-08
2.61622e-11
-7.35309e-11
3.69628e-08
1.53252e-11
-7.01386e-11
4.19411e-08
6.70398e-12
-6.78749e-11
4.67418e-08
-6.62107e-11
5.12863e-08
2.66353e-11
-5.90299e-11
3.11212e-08
1.51881e-11
-5.62614e-11
3.58758e-08
6.51892e-12
-5.47794e-11
4.04784e-08
-5.36749e-11
4.4872e-08
2.80759e-11
2.27265e-08
1.64677e-11
2.73082e-08
7.25167e-12
3.17708e-08
3.60792e-08
2.24059e-11
-6.04621e-11
3.9958e-08
1.50893e-11
-5.80092e-11
4.50808e-08
7.60471e-12
-5.61837e-11
5.0012e-08
-5.47486e-11
5.46596e-08
2.25122e-11
-5.50366e-11
3.69661e-08
1.42384e-11
-5.2618e-11
4.1944e-08
6.80281e-12
-5.10358e-11
4.67441e-08
-4.98869e-11
5.12882e-08
2.28641e-11
-4.51273e-11
3.11214e-08
1.40184e-11
-4.32247e-11
3.58752e-08
6.54279e-12
-4.22095e-11
4.04771e-08
-4.14103e-11
4.48701e-08
2.36904e-11
2.27252e-08
1.4543e-11
2.73061e-08
6.73983e-12
3.1768e-08
3.60758e-08
1.81936e-11
-4.44285e-11
3.99639e-08
1.26425e-11
-4.25965e-11
4.50873e-08
6.5509e-12
-4.12655e-11
5.00191e-08
-4.02698e-11
5.46673e-08
1.83856e-11
-4.1022e-11
3.6969e-08
1.21207e-11
-3.92972e-11
4.19469e-08
6.03841e-12
-3.81867e-11
4.67471e-08
-3.73878e-11
5.12914e-08
1.86277e-11
-3.41551e-11
3.1122e-08
1.18769e-11
-3.28311e-11
3.58755e-08
5.76977e-12
-3.21236e-11
4.04771e-08
-3.15398e-11
4.487e-08
1.90992e-11
2.27245e-08
1.2028e-11
2.7305e-08
5.72387e-12
3.17665e-08
3.6074e-08
1.43357e-11
-3.25881e-11
3.99684e-08
1.01622e-11
-3.12398e-11
4.50926e-08
5.35586e-12
-3.02801e-11
5.00251e-08
-2.95908e-11
5.46739e-08
1.45246e-11
-3.04276e-11
3.69713e-08
9.8198e-12
-2.91975e-11
4.19496e-08
5.00915e-12
-2.84157e-11
4.67501e-08
-2.78575e-11
5.12947e-08
1.46839e-11
-2.56226e-11
3.11226e-08
9.58698e-12
-2.46939e-11
3.58761e-08
4.76419e-12
-2.41957e-11
4.04777e-08
-2.37679e-11
4.48707e-08
1.49504e-11
2.27241e-08
9.56472e-12
2.73044e-08
4.62292e-12
3.17657e-08
3.6073e-08
1.10392e-11
-2.38077e-11
3.99719e-08
7.93135e-12
-2.28259e-11
4.50967e-08
4.22712e-12
-2.21393e-11
5.00298e-08
-2.16629e-11
5.46793e-08
1.11971e-11
-2.24259e-11
3.69732e-08
7.69574e-12
-2.15499e-11
4.19518e-08
3.98398e-12
-2.09992e-11
4.67526e-08
-2.06083e-11
5.12976e-08
1.12989e-11
-1.9046e-11
3.11231e-08
7.49149e-12
-1.83919e-11
3.58768e-08
3.77587e-12
-1.80395e-11
4.04785e-08
-1.77266e-11
4.48716e-08
1.14475e-11
2.27239e-08
7.39951e-12
2.73041e-08
3.61174e-12
3.17653e-08
3.60726e-08
8.32452e-12
-1.72619e-11
3.99744e-08
6.0376e-12
-1.65546e-11
4.50999e-08
3.24288e-12
-1.60676e-11
5.00335e-08
-1.57394e-11
5.46835e-08
8.44688e-12
-1.63733e-11
3.69746e-08
5.87127e-12
-1.57523e-11
4.19536e-08
3.06945e-12
-1.53657e-11
4.67547e-08
-1.50924e-11
5.13e-08
8.51052e-12
-1.39957e-11
3.11236e-08
5.70225e-12
-1.35357e-11
3.58773e-08
2.90112e-12
-1.32867e-11
4.04792e-08
-1.30596e-11
4.48724e-08
8.59195e-12
2.27237e-08
5.5928e-12
2.73039e-08
2.74774e-12
3.17651e-08
3.60723e-08
6.13152e-12
-1.23456e-11
3.99763e-08
4.47761e-12
-1.18434e-11
4.51022e-08
2.41864e-12
-1.15022e-11
5.00363e-08
-1.12779e-11
5.46867e-08
6.22185e-12
-1.17738e-11
3.69757e-08
4.3594e-12
-1.13383e-11
4.19549e-08
2.29482e-12
-1.10692e-11
4.67564e-08
-1.08797e-11
5.13019e-08
6.26077e-12
-1.01138e-11
3.1124e-08
4.22596e-12
-9.79283e-12
3.58778e-08
2.16408e-12
-9.61846e-12
4.04798e-08
-9.4556e-12
4.48732e-08
6.30422e-12
2.27237e-08
4.12372e-12
2.73038e-08
2.03507e-12
3.1765e-08
3.60722e-08
4.37892e-12
-8.62648e-12
3.99777e-08
3.21456e-12
-8.27762e-12
4.51039e-08
1.7443e-12
-8.04283e-12
5.00383e-08
-7.89132e-12
5.4689e-08
4.4427e-12
-8.2613e-12
3.69765e-08
3.13125e-12
-7.96151e-12
4.19559e-08
1.65689e-12
-7.77689e-12
4.67576e-08
-7.64691e-12
5.13033e-08
4.46561e-12
-7.12258e-12
3.11242e-08
3.03031e-12
-6.90256e-12
3.58782e-08
1.55911e-12
-6.78197e-12
4.04803e-08
-6.66707e-12
4.48738e-08
4.48738e-12
2.27236e-08
2.94507e-12
2.73038e-08
1.45774e-12
3.1765e-08
3.60722e-08
3.00493e-12
-5.83673e-12
3.99786e-08
2.2159e-12
-5.60008e-12
4.51051e-08
1.20816e-12
-5.44047e-12
5.00397e-08
-5.33855e-12
5.46906e-08
3.04819e-12
-5.60631e-12
3.6977e-08
2.15831e-12
-5.40427e-12
4.19566e-08
1.14726e-12
-5.27813e-12
4.67584e-08
-5.18896e-12
5.13043e-08
3.06101e-12
-4.8452e-12
3.11244e-08
2.08483e-12
-4.69731e-12
3.58785e-08
1.07633e-12
-4.6134e-12
4.04806e-08
-4.53269e-12
4.48742e-08
3.07016e-12
2.27236e-08
2.01837e-12
2.73037e-08
1.00075e-12
3.17649e-08
3.60722e-08
2.00387e-12
-3.88846e-12
3.99792e-08
1.48542e-12
-3.7262e-12
4.51059e-08
8.20292e-13
-3.61365e-12
5.00406e-08
-3.54394e-12
5.46917e-08
2.03415e-12
-3.74166e-12
3.69774e-08
1.44642e-12
-3.60383e-12
4.19571e-08
7.76343e-13
-3.51287e-12
4.6759e-08
-3.45044e-12
5.1305e-08
2.04226e-12
-3.23736e-12
3.11246e-08
1.39406e-12
-3.13693e-12
3.58787e-08
7.23228e-13
-3.074e-12
4.04809e-08
-3.01676e-12
4.48745e-08
2.04416e-12
2.27236e-08
1.34265e-12
2.73037e-08
6.64912e-13
3.17649e-08
3.60722e-08
1.42729e-12
-2.79528e-12
1.05692e-12
-2.6754e-12
5.55983e-13
-2.58761e-12
-2.53684e-12
1.44903e-12
-2.69225e-12
1.02863e-12
-2.59109e-12
5.32267e-13
-2.51772e-12
-2.47203e-12
1.45302e-12
-2.3242e-12
9.8862e-13
-2.25031e-12
5.02136e-13
-2.19652e-12
-2.15636e-12
1.45339e-12
9.49603e-13
4.6896e-13
)
;

boundaryField
{
    inlet
    {
        type            calculated;
        value           nonuniform List<scalar> 
48
(
-3.8708e-08
-3.80635e-08
-3.76639e-08
-3.66635e-08
-3.83087e-08
-3.81709e-08
-3.74548e-08
-3.77539e-08
-3.79222e-08
-3.82304e-08
-3.80983e-08
-4.20428e-08
-3.80537e-08
-3.80313e-08
-3.81177e-08
-3.80902e-08
-3.99758e-08
-3.70008e-08
-3.17631e-08
-2.28976e-08
-4.52834e-08
-4.21207e-08
-3.57813e-08
-2.76545e-08
-4.9876e-08
-4.52301e-08
-4.04258e-08
-3.24098e-08
-5.2582e-08
-5.25803e-08
-4.12324e-08
-3.71773e-08
-3.9929e-08
-4.53442e-08
-5.04325e-08
-5.50223e-08
-4.0731e-08
-4.22214e-08
-4.73667e-08
-5.03393e-08
-3.50281e-08
-4.1797e-08
-4.26994e-08
-4.49474e-08
-2.2894e-08
-2.78322e-08
-3.25167e-08
-3.70937e-08
)
;
    }
    outlet
    {
        type            calculated;
        value           nonuniform List<scalar> 
48
(
3.82332e-08
3.82249e-08
3.82014e-08
3.81504e-08
3.82229e-08
3.82124e-08
3.81841e-08
3.81254e-08
3.81976e-08
3.81823e-08
3.81438e-08
3.80684e-08
3.8145e-08
3.81219e-08
3.80667e-08
3.7962e-08
3.99797e-08
3.69776e-08
3.11247e-08
2.27236e-08
4.51064e-08
4.19574e-08
3.58788e-08
2.73037e-08
5.00413e-08
4.67594e-08
4.0481e-08
3.17649e-08
5.46924e-08
5.13055e-08
4.48747e-08
3.60721e-08
3.99866e-08
4.51154e-08
5.00523e-08
5.47051e-08
3.69822e-08
4.19634e-08
4.67668e-08
5.13143e-08
3.11269e-08
3.58818e-08
4.04849e-08
4.48794e-08
2.27241e-08
2.73045e-08
3.17659e-08
3.60734e-08
)
;
    }
    wall
    {
        type            calculated;
        value           nonuniform List<scalar> 
192
(
-2.22902e-08
3.13521e-25
-3.92497e-26
1.00756e-26
1.29157e-26
6.09428e-26
-1.26329e-26
3.72396e-26
6.52515e-27
-6.24626e-27
-3.65818e-28
4.0288e-27
2.32871e-27
-2.22781e-27
1.47856e-27
-6.77501e-28
1.70178e-27
8.75643e-28
-1.25824e-27
-1.6833e-28
-7.90453e-28
-4.65775e-29
-6.25107e-29
-9.82309e-29
3.89469e-08
-8.99251e-26
3.99656e-25
5.99081e-25
1.70366e-25
5.0309e-26
1.76478e-27
-1.19324e-26
8.44703e-27
1.9419e-26
2.49224e-26
1.05928e-26
-8.44111e-27
2.67357e-26
2.80648e-27
-7.75382e-27
-2.55896e-27
-1.21796e-27
-9.56629e-28
-1.81943e-28
-8.64334e-28
-1.01265e-27
1.78457e-28
-3.25697e-28
2.26433e-08
8.41634e-25
7.68662e-24
3.91277e-24
-2.19883e-26
1.96927e-25
1.55802e-26
1.17748e-26
3.55163e-27
-2.90095e-27
1.16707e-26
1.83503e-26
-3.62324e-26
1.07423e-26
-6.07647e-27
9.7088e-27
-5.82606e-27
3.91551e-28
-4.32635e-27
-5.51974e-27
1.8325e-27
-1.67791e-27
5.08077e-28
1.83547e-28
-1.86187e-08
-1.35533e-24
1.51356e-24
1.2278e-24
-2.38645e-26
-1.82224e-26
1.88045e-26
-1.50646e-26
9.26703e-27
-4.07016e-27
1.58697e-27
1.1235e-26
-2.47768e-26
1.28758e-26
5.1448e-27
-3.99627e-27
7.66735e-27
-2.75444e-27
-7.85912e-29
3.08598e-28
3.36346e-28
-1.08568e-28
7.34199e-28
7.95467e-28
-1.76917e-08
1.94989e-09
-1.56274e-08
-7.21299e-10
-6.48674e-25
6.06182e-25
2.18021e-25
4.28126e-24
-2.33625e-25
-6.92935e-25
3.95058e-25
-1.00177e-24
1.2432e-25
1.22594e-25
-1.17993e-26
-7.39076e-25
-8.96266e-26
-4.7121e-25
2.74891e-25
1.64945e-25
1.82921e-25
5.16145e-25
7.35254e-27
2.12824e-25
-6.93592e-26
-8.47446e-26
-3.87533e-27
1.19251e-25
2.47856e-26
9.84055e-27
2.26095e-26
1.50254e-26
5.53272e-26
7.81428e-26
1.77709e-26
-2.504e-26
3.2935e-26
7.70096e-26
4.63161e-26
-1.28139e-26
-8.22251e-27
4.09609e-27
2.18986e-26
4.28974e-26
2.87136e-27
2.36089e-26
7.59924e-27
-2.58764e-26
-1.0508e-26
1.5131e-26
-1.89298e-26
-2.86138e-26
-1.94361e-28
1.36437e-26
1.45274e-26
6.00427e-27
1.97148e-28
-7.56393e-27
5.1404e-27
1.77397e-26
-3.47679e-27
-1.69549e-27
-1.19829e-28
-9.30275e-27
-4.32622e-28
-1.76656e-28
1.81542e-27
-4.94088e-28
1.92845e-27
4.14883e-28
-5.26185e-27
1.30835e-28
1.16853e-27
-3.72824e-27
-3.668e-28
-2.0428e-27
8.95321e-29
-4.16614e-28
-6.26304e-27
4.51989e-28
2.4104e-28
2.40617e-28
-9.26508e-28
9.0321e-28
2.82415e-29
-1.21015e-27
7.10771e-29
1.7053e-28
1.92658e-28
5.29148e-28
3.89298e-28
-8.54076e-28
-1.42254e-28
-1.17491e-28
4.21602e-29
-1.49515e-28
)
;
    }
    procBoundary3to1
    {
        type            processor;
        value           nonuniform List<scalar> 
192
(
3.36819e-09
9.06747e-09
2.18531e-08
1.60324e-08
-7.97477e-09
-7.02346e-09
-2.43928e-09
1.1205e-09
-8.92395e-10
-5.52311e-10
1.26037e-09
2.80468e-09
7.91075e-10
8.3691e-10
1.35199e-09
2.16265e-09
1.01961e-09
9.69682e-10
1.13921e-09
1.54155e-09
9.00898e-10
8.68299e-10
9.41527e-10
1.13508e-09
7.11588e-10
7.01528e-10
7.38457e-10
8.28707e-10
5.39828e-10
5.38869e-10
5.57165e-10
5.96803e-10
4.03607e-10
4.04685e-10
4.12646e-10
4.28096e-10
2.9974e-10
3.00632e-10
3.0319e-10
3.07642e-10
2.21691e-10
2.22025e-10
2.22024e-10
2.21856e-10
1.63504e-10
1.63416e-10
1.62372e-10
1.60537e-10
1.20344e-10
1.20031e-10
1.18691e-10
1.16488e-10
8.84379e-11
8.80423e-11
8.67448e-11
8.46955e-11
6.49e-11
6.4504e-11
6.33793e-11
6.16554e-11
4.75508e-11
4.71939e-11
4.6274e-11
4.48968e-11
3.47577e-11
3.44552e-11
3.37287e-11
3.2662e-11
2.53015e-11
2.50577e-11
2.44987e-11
2.36904e-11
1.82797e-11
1.8092e-11
1.76723e-11
1.70717e-11
1.30307e-11
1.28912e-11
1.25839e-11
1.21474e-11
9.08204e-12
8.98061e-12
8.76199e-12
8.45339e-12
6.13913e-12
6.06647e-12
5.91529e-12
5.70365e-12
4.10169e-12
4.04853e-12
3.9434e-12
3.79808e-12
2.97347e-12
2.9272e-12
2.84244e-12
2.72844e-12
1.83692e-10
-5.69228e-09
-5.74696e-08
-2.998e-08
-1.4217e-09
-3.89636e-09
-1.24818e-08
-1.98419e-08
2.9756e-09
3.12255e-09
1.52769e-09
-1.48127e-10
2.88916e-09
3.5313e-09
3.59472e-09
3.26073e-09
2.05144e-09
2.55587e-09
2.84103e-09
2.85603e-09
1.40648e-09
1.68436e-09
1.86974e-09
1.91532e-09
9.57148e-10
1.08721e-09
1.17569e-09
1.19678e-09
6.52129e-10
7.06194e-10
7.4089e-10
7.43723e-10
4.49014e-10
4.68129e-10
4.78287e-10
4.7366e-10
3.13467e-10
3.17816e-10
3.18221e-10
3.11944e-10
2.21604e-10
2.20342e-10
2.17548e-10
2.11883e-10
1.58208e-10
1.55246e-10
1.51885e-10
1.47431e-10
1.13758e-10
1.10653e-10
1.07649e-10
1.04363e-10
8.2202e-11
7.94966e-11
7.70836e-11
7.47356e-11
5.95887e-11
5.7408e-11
5.55647e-11
5.39156e-11
4.3266e-11
4.15779e-11
4.0207e-11
3.9059e-11
3.14119e-11
3.01363e-11
2.91329e-11
2.83372e-11
2.27513e-11
2.18035e-11
2.10773e-11
2.05276e-11
1.63785e-11
1.5685e-11
1.51652e-11
1.4787e-11
1.1646e-11
1.11476e-11
1.07809e-11
1.0523e-11
8.10031e-12
7.75095e-12
7.49736e-12
7.32378e-12
5.46213e-12
5.22346e-12
5.05088e-12
4.93502e-12
3.63212e-12
3.46755e-12
3.34697e-12
3.26943e-12
2.59954e-12
2.47553e-12
2.3826e-12
2.32664e-12
)
;
    }
    procBoundary3to2
    {
        type            processor;
        value           nonuniform List<scalar> 
192
(
1.44372e-09
-3.3332e-10
2.94574e-10
1.72502e-09
5.81184e-09
7.89796e-09
7.1224e-09
7.86256e-09
-8.26586e-10
2.73205e-10
1.78885e-09
3.08289e-09
-2.20341e-09
-1.71227e-09
-7.96144e-10
8.40208e-11
-1.91689e-09
-1.76561e-09
-1.39159e-09
-9.8076e-10
-1.42348e-09
-1.36396e-09
-1.20329e-09
-1.0204e-09
-9.81894e-10
-9.47164e-10
-8.67008e-10
-7.78152e-10
-6.60058e-10
-6.36851e-10
-5.9242e-10
-5.44467e-10
-4.45903e-10
-4.30389e-10
-4.04207e-10
-3.76116e-10
-3.06514e-10
-2.96293e-10
-2.80229e-10
-2.62804e-10
-2.14627e-10
-2.07935e-10
-1.97766e-10
-1.86509e-10
-1.52563e-10
-1.48172e-10
-1.41564e-10
-1.34068e-10
-1.09628e-10
-1.06724e-10
-1.02332e-10
-9.72242e-11
-7.93456e-11
-7.74048e-11
-7.44298e-11
-7.08895e-11
-5.76787e-11
-5.63688e-11
-5.43234e-11
-5.18384e-11
-4.20151e-11
-4.11238e-11
-3.97017e-11
-3.79421e-11
-3.0603e-11
-2.99929e-11
-2.89967e-11
-2.77444e-11
-2.22351e-11
-2.18139e-11
-2.1113e-11
-2.02201e-11
-1.60558e-11
-1.57622e-11
-1.52684e-11
-1.46334e-11
-1.14475e-11
-1.12434e-11
-1.08977e-11
-1.04503e-11
-7.97417e-12
-7.83598e-12
-7.59884e-12
-7.29023e-12
-5.36094e-12
-5.27187e-12
-5.11529e-12
-4.90979e-12
-3.49855e-12
-3.44495e-12
-3.34661e-12
-3.21528e-12
-2.40806e-12
-2.37702e-12
-2.31404e-12
-2.2267e-12
-2.91235e-09
-5.37618e-09
1.57897e-08
1.88424e-08
4.14805e-09
3.92288e-09
4.57833e-09
1.25712e-09
3.02068e-09
3.49545e-09
3.0945e-09
2.04239e-09
4.7994e-10
7.54303e-10
5.40666e-10
1.58913e-11
-7.37337e-10
-6.23851e-10
-7.39396e-10
-9.8843e-10
-9.0103e-10
-8.53736e-10
-9.09828e-10
-1.02249e-09
-7.17452e-10
-6.91774e-10
-7.14517e-10
-7.64957e-10
-5.09744e-10
-4.91849e-10
-4.98746e-10
-5.21554e-10
-3.54194e-10
-3.4053e-10
-3.40698e-10
-3.51e-10
-2.48156e-10
-2.37649e-10
-2.35326e-10
-2.39725e-10
-1.76414e-10
-1.68431e-10
-1.65479e-10
-1.67047e-10
-1.26983e-10
-1.20985e-10
-1.18167e-10
-1.18405e-10
-9.21935e-11
-8.7724e-11
-8.5306e-11
-8.49639e-11
-6.72897e-11
-6.39781e-11
-6.20138e-11
-6.14651e-11
-4.92491e-11
-4.68057e-11
-4.52606e-11
-4.46856e-11
-3.60741e-11
-3.42777e-11
-3.3088e-11
-3.25664e-11
-2.63954e-11
-2.50797e-11
-2.41781e-11
-2.37384e-11
-1.92476e-11
-1.82889e-11
-1.76148e-11
-1.72611e-11
-1.3936e-11
-1.3243e-11
-1.27464e-11
-1.24718e-11
-9.95603e-12
-9.46211e-12
-9.10306e-12
-8.89676e-12
-6.94766e-12
-6.60383e-12
-6.35112e-12
-6.20164e-12
-4.68051e-12
-4.44933e-12
-4.27743e-12
-4.17315e-12
-3.06689e-12
-2.91602e-12
-2.80156e-12
-2.73165e-12
-2.12592e-12
-2.02483e-12
-1.94501e-12
-1.89598e-12
)
;
    }
}


// ************************************************************************* //
