/*--------------------------------*- C++ -*----------------------------------*\
  =========                 |
  \\      /  F ield         | OpenFOAM: The Open Source CFD Toolbox
   \\    /   O peration     | Website:  https://openfoam.org
    \\  /    A nd           | Version:  6
     \\/     M anipulation  |
\*---------------------------------------------------------------------------*/
FoamFile
{
    version     2.0;
    format      ascii;
    class       volVectorField;
    location    "0.05";
    object      stored_U;
}
// * * * * * * * * * * * * * * * * * * * * * * * * * * * * * * * * * * * * * //

dimensions      [0 1 -1 0 0 0 0];

internalField   nonuniform List<vector> 
1152
(
(-0.00763363 0.00275453 -0.00163598)
(-0.0150425 -0.000110972 0.0130975)
(-0.0250511 -0.005577 0.00524463)
(-0.0134192 -0.00282071 0.00286705)
(0.00178191 0.00553313 0.00486863)
(0.00717445 0.00698512 0.0105385)
(-0.000350238 0.00335891 0.0032919)
(-0.00767829 0.00162035 0.00139155)
(0.00212015 0.00222235 0.00962037)
(0.00282569 0.000954553 0.0093084)
(-6.35539e-05 -0.0143771 0.00555779)
(-0.00454769 -0.0163407 0.00388731)
(0.00219897 0.0015373 0.00702275)
(-0.00720693 0.00223061 0.00319915)
(0.000864205 -0.00644172 0.00663123)
(-0.00217605 -0.00819744 0.00152518)
(-0.000625362 9.04301e-05 0.0221812)
(0.00026608 0.000658543 0.022334)
(0.00202261 0.000746951 0.030156)
(0.00308321 0.00127157 0.0207919)
(0.000471385 0.000925755 0.0177684)
(0.00265367 0.00257444 0.0157974)
(0.00364547 0.00225856 0.0103951)
(0.00184293 0.00150784 0.00582341)
(-0.000348495 0.00118178 0.0144709)
(0.0017788 0.00182276 0.0133739)
(0.00276616 -0.000286704 0.0101722)
(0.00123673 -0.000871121 0.00566833)
(-0.000182176 0.00117948 0.0153347)
(0.000581771 0.00147691 0.0133521)
(0.00181838 -0.00029356 0.0109672)
(0.000691429 -0.00133738 0.00721593)
(-0.00024639 0.000110256 0.0115104)
(0.000615265 0.000738343 0.0121815)
(0.00149829 0.00145817 0.0119939)
(0.00111502 0.00229074 0.00988391)
(7.46968e-05 0.000602163 0.0107896)
(0.00103757 0.0013618 0.010834)
(0.00180048 0.00182323 0.00956683)
(0.00127252 0.00221055 0.0079597)
(0.00013797 0.000528467 0.00982989)
(0.000972554 0.00103057 0.00978006)
(0.00161464 0.00103633 0.00882742)
(0.00128498 0.00110461 0.00733457)
(0.000409384 0.00027665 0.00957562)
(0.000928486 0.000543837 0.00908327)
(0.00137276 0.000288386 0.00838959)
(0.00113246 -7.92483e-05 0.00702936)
(-0.00014206 6.19896e-06 0.010797)
(0.000133234 0.000330405 0.0109976)
(0.000404435 0.000692218 0.0109476)
(0.000272211 0.00105309 0.0107268)
(5.52243e-05 0.000242748 0.0106009)
(0.000339743 0.000576524 0.0105997)
(0.000585562 0.000871118 0.0103504)
(0.000430953 0.001106 0.00999329)
(0.000231656 0.000177344 0.010238)
(0.000441669 0.000453255 0.0101253)
(0.00063592 0.000601373 0.00983672)
(0.000523188 0.000687765 0.00940812)
(0.000459818 -1.03251e-05 0.0100789)
(0.000544358 0.000178269 0.0097924)
(0.00062725 0.000190198 0.00949324)
(0.000495087 7.272e-05 0.00907271)
(-1.02405e-05 -5.41656e-05 0.0105883)
(4.88937e-06 0.000105408 0.0106402)
(2.95759e-05 0.000266292 0.0106509)
(-3.60624e-05 0.000414519 0.0106225)
(0.00011294 3.60251e-05 0.0105249)
(0.000131351 0.000196852 0.0104939)
(0.000147272 0.000340478 0.0104257)
(7.23696e-05 0.000452111 0.010335)
(0.000240121 6.13948e-06 0.0103833)
(0.00022906 0.00014843 0.010289)
(0.000219062 0.00024316 0.0101801)
(0.000135621 0.000293637 0.0100523)
(0.000373874 -9.48079e-05 0.0103113)
(0.000312678 1.16785e-05 0.0101427)
(0.000249266 4.71594e-05 0.0100082)
(0.000129571 1.12271e-05 0.00988441)
(5.36281e-05 -6.80635e-05 0.0105605)
(1.3599e-05 1.2123e-05 0.0105747)
(-1.53143e-05 8.41034e-05 0.0105855)
(-5.36483e-05 0.000141616 0.010587)
(0.000126069 -4.14534e-05 0.0105485)
(8.56327e-05 4.00008e-05 0.0105224)
(4.81434e-05 0.000108086 0.0104985)
(-1.02271e-06 0.000156658 0.0104742)
(0.000201195 -5.91892e-05 0.0105019)
(0.000148256 1.36606e-05 0.0104406)
(9.47643e-05 6.35069e-05 0.010392)
(2.95641e-05 8.74841e-05 0.0103517)
(0.000272181 -0.000111349 0.0104778)
(0.000197975 -5.60269e-05 0.0103818)
(0.000118027 -3.21877e-05 0.0103174)
(2.79817e-05 -4.33186e-05 0.0102794)
(6.70033e-05 -6.35564e-05 0.0105977)
(2.96722e-05 -2.14794e-05 0.0105964)
(-3.65591e-07 1.35357e-05 0.010595)
(-2.63193e-05 3.82981e-05 0.0105869)
(0.000108245 -6.09437e-05 0.0106065)
(6.94462e-05 -1.81718e-05 0.0105852)
(3.29138e-05 1.61988e-05 0.0105697)
(-9.01346e-07 3.88183e-05 0.0105551)
(0.00015016 -7.48086e-05 0.0105991)
(0.000105365 -3.66631e-05 0.0105592)
(5.9356e-05 -1.00984e-05 0.0105317)
(1.43206e-05 2.31345e-06 0.0105124)
(0.000187718 -0.000102889 0.010599)
(0.000133335 -7.38641e-05 0.0105423)
(7.42555e-05 -5.91688e-05 0.010507)
(1.57271e-05 -6.10605e-05 0.0104895)
(6.12439e-05 -5.43982e-05 0.0106416)
(3.5268e-05 -3.14755e-05 0.0106334)
(1.31071e-05 -1.287e-05 0.0106235)
(-5.15567e-06 -6.46589e-07 0.0106048)
(8.44954e-05 -5.96184e-05 0.0106577)
(5.72782e-05 -3.63296e-05 0.0106402)
(3.109e-05 -1.77169e-05 0.0106258)
(8.15613e-06 -5.78364e-06 0.0106093)
(0.000107748 -7.05958e-05 0.010665)
(7.7568e-05 -4.98331e-05 0.0106381)
(4.61949e-05 -3.47985e-05 0.0106188)
(1.69667e-05 -2.71576e-05 0.0106026)
(0.00012812 -8.64437e-05 0.0106742)
(9.35903e-05 -7.04423e-05 0.0106391)
(5.59299e-05 -6.09434e-05 0.0106162)
(2.00594e-05 -5.92172e-05 0.0106017)
(5.07565e-05 -4.4718e-05 0.0106764)
(3.38699e-05 -3.16616e-05 0.0106657)
(1.86214e-05 -2.09874e-05 0.0106511)
(5.56873e-06 -1.40186e-05 0.0106259)
(6.40807e-05 -5.14594e-05 0.0106949)
(4.64322e-05 -3.8266e-05 0.0106803)
(2.89581e-05 -2.74897e-05 0.010666)
(1.33757e-05 -2.03077e-05 0.0106466)
(7.72371e-05 -5.97866e-05 0.0107067)
(5.8188e-05 -4.7982e-05 0.0106878)
(3.80686e-05 -3.89165e-05 0.0106722)
(1.92546e-05 -3.35804e-05 0.0106555)
(8.86787e-05 -6.91312e-05 0.0107184)
(6.77385e-05 -5.98351e-05 0.0106954)
(4.47077e-05 -5.34194e-05 0.0106782)
(2.28039e-05 -5.06136e-05 0.0106632)
(4.04083e-05 -3.57428e-05 0.010702)
(2.95318e-05 -2.79739e-05 0.0106908)
(1.91397e-05 -2.1442e-05 0.0106741)
(9.73498e-06 -1.69924e-05 0.0106454)
(4.82614e-05 -4.18585e-05 0.0107207)
(3.70086e-05 -3.40778e-05 0.0107084)
(2.5476e-05 -2.74676e-05 0.0106942)
(1.47526e-05 -2.27192e-05 0.0106731)
(5.59357e-05 -4.79729e-05 0.0107332)
(4.40846e-05 -4.09807e-05 0.0107192)
(3.12837e-05 -3.52331e-05 0.0107056)
(1.89737e-05 -3.13149e-05 0.0106882)
(6.25945e-05 -5.36902e-05 0.0107444)
(5.00023e-05 -4.80612e-05 0.0107284)
(3.59261e-05 -4.36412e-05 0.0107144)
(2.22571e-05 -4.08745e-05 0.0106987)
(3.15063e-05 -2.79631e-05 0.0107203)
(2.44341e-05 -2.31411e-05 0.0107094)
(1.73011e-05 -1.89274e-05 0.0106919)
(1.04811e-05 -1.58623e-05 0.0106617)
(3.62894e-05 -3.29156e-05 0.0107383)
(2.90813e-05 -2.81467e-05 0.0107279)
(2.14044e-05 -2.38956e-05 0.0107141)
(1.39093e-05 -2.05752e-05 0.0106921)
(4.09147e-05 -3.73304e-05 0.0107501)
(3.35074e-05 -3.30369e-05 0.0107393)
(2.52703e-05 -2.92577e-05 0.0107271)
(1.70274e-05 -2.63464e-05 0.0107095)
(4.49158e-05 -4.09392e-05 0.0107598)
(3.72909e-05 -3.74269e-05 0.0107481)
(2.8552e-05 -3.43624e-05 0.0107362)
(1.9768e-05 -3.20317e-05 0.0107203)
(2.42461e-05 -2.15227e-05 0.0107332)
(1.95781e-05 -1.8414e-05 0.010723)
(1.4629e-05 -1.55831e-05 0.0107054)
(9.65953e-06 -1.33784e-05 0.0106746)
(2.72555e-05 -2.53414e-05 0.0107503)
(2.25809e-05 -2.23149e-05 0.0107413)
(1.73984e-05 -1.94798e-05 0.0107281)
(1.20885e-05 -1.70892e-05 0.0107059)
(3.01304e-05 -2.85093e-05 0.010761)
(2.54434e-05 -2.57915e-05 0.0107524)
(2.00494e-05 -2.32426e-05 0.0107413)
(1.44075e-05 -2.10837e-05 0.0107237)
(3.26004e-05 -3.08495e-05 0.0107692)
(2.79205e-05 -2.86098e-05 0.0107602)
(2.2378e-05 -2.64819e-05 0.0107498)
(1.65704e-05 -2.46572e-05 0.0107341)
(1.84858e-05 -1.63626e-05 0.0107423)
(1.53559e-05 -1.42942e-05 0.0107329)
(1.18859e-05 -1.23362e-05 0.0107156)
(8.25308e-06 -1.07162e-05 0.0106846)
(2.04351e-05 -1.92384e-05 0.0107585)
(1.73582e-05 -1.72602e-05 0.0107507)
(1.38087e-05 -1.53189e-05 0.0107381)
(1.00068e-05 -1.35746e-05 0.010716)
(2.2271e-05 -2.15109e-05 0.0107681)
(1.92596e-05 -1.97471e-05 0.0107611)
(1.56615e-05 -1.79977e-05 0.0107509)
(1.17293e-05 -1.64054e-05 0.0107336)
(2.38302e-05 -2.30646e-05 0.0107749)
(2.09103e-05 -2.16132e-05 0.0107679)
(1.73158e-05 -2.01349e-05 0.0107586)
(1.33815e-05 -1.87612e-05 0.0107433)
(1.39927e-05 -1.23237e-05 0.0107488)
(1.18629e-05 -1.09131e-05 0.01074)
(9.40774e-06 -9.532e-06 0.0107231)
(6.74635e-06 -8.33148e-06 0.0106922)
(1.52866e-05 -1.44634e-05 0.0107642)
(1.32305e-05 -1.31394e-05 0.0107573)
(1.07672e-05 -1.17856e-05 0.0107453)
(8.02383e-06 -1.05064e-05 0.0107234)
(1.6486e-05 -1.60974e-05 0.0107729)
(1.45193e-05 -1.49298e-05 0.0107669)
(1.20777e-05 -1.37145e-05 0.0107575)
(9.29844e-06 -1.25465e-05 0.0107406)
(1.74883e-05 -1.71505e-05 0.0107784)
(1.56341e-05 -1.6198e-05 0.0107728)
(1.32536e-05 -1.51701e-05 0.0107644)
(1.05358e-05 -1.41586e-05 0.0107496)
(1.05281e-05 -9.21408e-06 0.0107535)
(9.06023e-06 -8.23457e-06 0.0107452)
(7.31018e-06 -7.2481e-06 0.0107287)
(5.35812e-06 -6.35666e-06 0.010698)
(1.14039e-05 -1.07956e-05 0.0107682)
(1.00104e-05 -9.89313e-06 0.010762)
(8.28211e-06 -8.93753e-06 0.0107504)
(6.29187e-06 -7.99845e-06 0.0107289)
(1.22022e-05 -1.19743e-05 0.010776)
(1.08974e-05 -1.11892e-05 0.010771)
(9.21577e-06 -1.03378e-05 0.0107622)
(7.2312e-06 -9.48488e-06 0.0107457)
(1.28563e-05 -1.27008e-05 0.0107807)
(1.16579e-05 -1.20693e-05 0.010776)
(1.00519e-05 -1.13534e-05 0.0107684)
(8.1465e-06 -1.06181e-05 0.010754)
(7.87807e-06 -6.84725e-06 0.0107568)
(6.85563e-06 -6.15838e-06 0.010749)
(5.60137e-06 -5.44864e-06 0.0107328)
(4.16937e-06 -4.78775e-06 0.0107023)
(8.47983e-06 -8.01139e-06 0.010771)
(7.5237e-06 -7.3878e-06 0.0107654)
(6.30054e-06 -6.70803e-06 0.0107542)
(4.85209e-06 -6.01949e-06 0.0107329)
(9.01895e-06 -8.86408e-06 0.0107782)
(8.14069e-06 -8.32956e-06 0.0107738)
(6.96852e-06 -7.72966e-06 0.0107655)
(5.54157e-06 -7.10912e-06 0.0107493)
(9.45116e-06 -9.37212e-06 0.0107822)
(8.66377e-06 -8.94988e-06 0.0107782)
(7.56341e-06 -8.45044e-06 0.0107711)
(6.21313e-06 -7.92001e-06 0.0107571)
(5.86172e-06 -5.05906e-06 0.0107592)
(5.14391e-06 -4.57071e-06 0.0107518)
(4.24208e-06 -4.0584e-06 0.0107358)
(3.19288e-06 -3.57024e-06 0.0107055)
(6.27958e-06 -5.9129e-06 0.0107729)
(5.61707e-06 -5.47793e-06 0.0107678)
(4.74632e-06 -4.99236e-06 0.0107569)
(3.69117e-06 -4.4889e-06 0.0107359)
(6.64772e-06 -6.53072e-06 0.0107797)
(6.04939e-06 -6.16343e-06 0.0107758)
(5.22507e-06 -5.73922e-06 0.0107679)
(4.19517e-06 -5.28931e-06 0.010752)
(6.93597e-06 -6.8893e-06 0.0107831)
(6.41136e-06 -6.60516e-06 0.0107797)
(5.64836e-06 -6.25619e-06 0.010773)
(4.68492e-06 -5.8755e-06 0.0107594)
(4.33137e-06 -3.71308e-06 0.0107609)
(3.82515e-06 -3.3657e-06 0.0107538)
(3.17652e-06 -2.99606e-06 0.010738)
(2.4104e-06 -2.63761e-06 0.0107079)
(4.62336e-06 -4.33638e-06 0.0107743)
(4.16127e-06 -4.03145e-06 0.0107695)
(3.53989e-06 -3.68436e-06 0.0107589)
(2.77264e-06 -3.31792e-06 0.0107381)
(4.87659e-06 -4.78361e-06 0.0107807)
(4.46525e-06 -4.5298e-06 0.0107772)
(3.88273e-06 -4.22956e-06 0.0107696)
(3.13915e-06 -3.9048e-06 0.0107539)
(5.07018e-06 -5.03822e-06 0.0107838)
(4.7166e-06 -4.84599e-06 0.0107807)
(4.18351e-06 -4.60207e-06 0.0107744)
(3.49421e-06 -4.3301e-06 0.010761)
(3.16894e-06 -2.69979e-06 0.0107621)
(2.81207e-06 -2.45318e-06 0.0107552)
(2.34744e-06 -2.18783e-06 0.0107397)
(1.79199e-06 -1.92705e-06 0.0107096)
(3.37318e-06 -3.15122e-06 0.0107753)
(3.05033e-06 -2.93751e-06 0.0107708)
(2.60796e-06 -2.69037e-06 0.0107604)
(2.0534e-06 -2.42578e-06 0.0107397)
(3.54784e-06 -3.4732e-06 0.0107815)
(3.2638e-06 -3.29772e-06 0.0107782)
(2.85232e-06 -3.08591e-06 0.0107708)
(2.31779e-06 -2.85319e-06 0.0107553)
(3.67849e-06 -3.65447e-06 0.0107842)
(3.43814e-06 -3.52399e-06 0.0107815)
(3.06505e-06 -3.35388e-06 0.0107754)
(2.57312e-06 -3.16084e-06 0.0107622)
(2.2817e-06 -1.93355e-06 0.010763)
(2.03213e-06 -1.76015e-06 0.0107563)
(1.70302e-06 -1.57198e-06 0.0107408)
(1.30586e-06 -1.38518e-06 0.0107109)
(2.42358e-06 -2.25589e-06 0.010776)
(2.19942e-06 -2.10729e-06 0.0107716)
(1.88757e-06 -1.93324e-06 0.0107614)
(1.49192e-06 -1.74488e-06 0.0107408)
(2.54347e-06 -2.48479e-06 0.010782)
(2.34805e-06 -2.36428e-06 0.0107789)
(2.05977e-06 -2.21635e-06 0.0107717)
(1.68001e-06 -2.05179e-06 0.0107563)
(2.63153e-06 -2.61309e-06 0.0107845)
(2.46805e-06 -2.52481e-06 0.010782)
(2.2086e-06 -2.40716e-06 0.0107761)
(1.86108e-06 -2.27178e-06 0.010763)
(1.5994e-06 -1.35059e-06 0.0107636)
(1.42833e-06 -1.2313e-06 0.010757)
(1.20053e-06 -1.10105e-06 0.0107417)
(9.23699e-07 -9.70755e-07 0.0107118)
(1.69606e-06 -1.57511e-06 0.0107765)
(1.54329e-06 -1.4738e-06 0.0107723)
(1.32819e-06 -1.35398e-06 0.0107621)
(1.05285e-06 -1.22324e-06 0.0107417)
(1.77689e-06 -1.73405e-06 0.0107823)
(1.64472e-06 -1.65275e-06 0.0107794)
(1.44681e-06 -1.55162e-06 0.0107723)
(1.18334e-06 -1.43801e-06 0.010757)
(1.83536e-06 -1.82288e-06 0.0107847)
(1.72579e-06 -1.76418e-06 0.0107823)
(1.54869e-06 -1.68441e-06 0.0107765)
(1.30865e-06 -1.59155e-06 0.0107636)
(1.07551e-06 -9.12806e-07 0.010764)
(9.62007e-07 -8.33815e-07 0.0107575)
(8.09925e-07 -7.47055e-07 0.0107422)
(6.24551e-07 -6.59453e-07 0.0107124)
(1.13904e-06 -1.06383e-06 0.0107769)
(1.03818e-06 -9.97156e-07 0.0107727)
(8.95048e-07 -9.17646e-07 0.0107626)
(7.10993e-07 -8.30205e-07 0.0107422)
(1.19168e-06 -1.17055e-06 0.0107825)
(1.10503e-06 -1.11748e-06 0.0107797)
(9.73866e-07 -1.05068e-06 0.0107727)
(7.98199e-07 -9.74955e-07 0.0107575)
(1.22916e-06 -1.2298e-06 0.0107848)
(1.15807e-06 -1.19208e-06 0.0107825)
(1.04127e-06 -1.13975e-06 0.0107769)
(8.81716e-07 -1.07811e-06 0.010764)
(6.96659e-07 -6.21142e-07 0.0107643)
(6.22802e-07 -5.70961e-07 0.0107578)
(5.24294e-07 -5.15572e-07 0.0107426)
(4.05167e-07 -4.59171e-07 0.0107128)
(7.3694e-07 -7.22653e-07 0.0107771)
(6.71505e-07 -6.80231e-07 0.010773)
(5.78885e-07 -6.29207e-07 0.010763)
(4.60495e-07 -5.72685e-07 0.0107426)
(7.70026e-07 -7.94194e-07 0.0107827)
(7.1428e-07 -7.60524e-07 0.0107799)
(6.29764e-07 -7.17424e-07 0.010773)
(5.16947e-07 -6.67938e-07 0.0107578)
(7.93234e-07 -8.33438e-07 0.0107849)
(7.48214e-07 -8.09762e-07 0.0107827)
(6.73508e-07 -7.7592e-07 0.0107771)
(5.71227e-07 -7.35233e-07 0.0107643)
(4.91535e-07 -5.10794e-07 0.0107645)
(4.33588e-07 -4.73491e-07 0.0107581)
(3.5741e-07 -4.29028e-07 0.0107429)
(2.68759e-07 -3.7979e-07 0.0107132)
(5.20862e-07 -5.91737e-07 0.0107773)
(4.71263e-07 -5.60198e-07 0.0107732)
(4.02049e-07 -5.20275e-07 0.0107632)
(3.16761e-07 -4.73585e-07 0.0107429)
(5.44588e-07 -6.49107e-07 0.0107828)
(5.03675e-07 -6.24258e-07 0.0107801)
(4.42433e-07 -5.90851e-07 0.0107732)
(3.6318e-07 -5.50534e-07 0.0107581)
(5.61091e-07 -6.8034e-07 0.010785)
(5.29343e-07 -6.62797e-07 0.0107828)
(4.76721e-07 -6.36407e-07 0.0107772)
(4.05553e-07 -6.03246e-07 0.0107645)
(-0.0164801 -0.00160797 -0.0105359)
(0.00477841 0.00145855 0.00123641)
(-0.000342989 -0.000659011 0.00634675)
(0.00418669 0.00478089 -0.00102407)
(-0.000816622 0.00295515 0.00859799)
(0.00309839 -0.000184447 0.00503593)
(0.000959049 -0.000413976 0.00584455)
(0.000283001 -0.00102426 0.00280808)
(0.000530248 -0.00115186 0.00984675)
(0.00145639 -0.00344026 0.0104153)
(0.00147803 -0.00334106 0.00850507)
(0.00357552 -0.00161871 0.00466)
(-0.00351404 -0.00261739 0.00370385)
(-0.000512923 -0.007093 0.0112079)
(0.00378266 -0.00527425 0.00128782)
(0.00592996 -0.00384655 0.00161494)
(0.00125465 -0.000662624 0.0152)
(0.00150429 -0.00048078 0.0147646)
(0.000970077 0.000161222 0.0164208)
(0.00179165 0.000439829 0.0232312)
(0.0005269 -0.000917352 0.0133807)
(0.00178081 -0.0014624 0.014715)
(0.0018875 -9.42513e-05 0.0165212)
(0.00223748 -0.000161328 0.0219292)
(-0.000229902 -0.000493818 0.0135872)
(0.00171102 -0.00125549 0.0147997)
(0.00300978 0.000171488 0.0158977)
(0.00303374 0.000377355 0.0187241)
(-0.000199572 -0.000207263 0.0164342)
(0.00178035 -0.00105504 0.0170296)
(0.00385308 -0.000147494 0.017705)
(0.00375065 0.000630679 0.017314)
(-0.00030888 -0.000150224 0.00845674)
(-0.000553066 -0.000122979 0.00988732)
(-0.000569124 -3.8793e-05 0.0106777)
(-0.000105149 0.000419608 0.0110184)
(-0.000616672 -0.000280818 0.00912301)
(-0.000435012 -7.38238e-05 0.0101665)
(-0.000358143 0.000374882 0.0107436)
(-0.000154192 0.00105579 0.0112125)
(-0.000691464 -0.000355595 0.00972269)
(-0.00013169 -5.79245e-05 0.0105427)
(0.000244761 0.000696058 0.0107222)
(0.000218973 0.00154983 0.0108578)
(-0.000423223 -0.000290995 0.0104867)
(0.000323526 6.94766e-05 0.0111422)
(0.000949414 0.000916377 0.0108099)
(0.000732836 0.00189555 0.0102848)
(-0.000554197 -0.000114098 0.00952064)
(-0.000564397 -0.000107277 0.0106125)
(-0.000297582 -3.89639e-05 0.0110714)
(-0.000105953 9.49427e-05 0.0116441)
(-0.000556297 -0.00019136 0.00978007)
(-0.000511284 -8.73439e-07 0.0105798)
(-0.000303049 0.000178335 0.011042)
(-0.000168401 0.000407348 0.0115789)
(-0.000468935 -0.000250783 0.0100911)
(-0.000340777 4.16386e-05 0.0106362)
(-0.000148274 0.000379937 0.0109879)
(-0.000111661 0.000712452 0.0113778)
(-0.000294963 -0.000224861 0.0104636)
(-9.14158e-05 8.56024e-05 0.0107951)
(0.000113228 0.000488298 0.0109359)
(5.92676e-05 0.000884344 0.0110859)
(-0.000322919 -6.77363e-05 0.00986789)
(-0.000360561 -7.28892e-05 0.0103897)
(-0.000218483 -5.17565e-05 0.0105367)
(-0.000141619 -1.39956e-05 0.0106986)
(-0.00028472 -0.00011667 0.010068)
(-0.000328544 -1.6787e-05 0.0104608)
(-0.000237574 5.14159e-05 0.0106302)
(-0.00018223 0.000134651 0.0107868)
(-0.000212525 -0.000154058 0.0102574)
(-0.00024473 9.89456e-07 0.0105125)
(-0.000195613 0.000134773 0.010659)
(-0.000170781 0.000260694 0.0107787)
(-0.000113137 -0.000146431 0.0104473)
(-0.00012303 1.74501e-05 0.01058)
(-0.000101005 0.00018548 0.0106578)
(-0.000116151 0.000337363 0.0107135)
(-0.000131026 -3.56397e-05 0.0100867)
(-0.0001738 -3.97369e-05 0.0103243)
(-0.000117581 -3.72795e-05 0.0103929)
(-9.17752e-05 -3.46173e-05 0.0104628)
(-0.000106014 -6.82046e-05 0.0102547)
(-0.000156299 -2.05142e-05 0.0104344)
(-0.000126518 3.79657e-06 0.0105071)
(-0.000107762 2.66535e-05 0.010565)
(-6.44138e-05 -9.24299e-05 0.0103862)
(-0.000115415 -1.71104e-05 0.0105015)
(-0.00011184 3.70006e-05 0.0105651)
(-0.000104275 7.88441e-05 0.0106074)
(-8.99129e-06 -9.6281e-05 0.0104922)
(-5.57333e-05 -1.47258e-05 0.0105481)
(-7.33812e-05 5.66227e-05 0.0105859)
(-8.37867e-05 0.000111319 0.0106088)
(-3.59862e-05 -1.81593e-05 0.0102199)
(-7.249e-05 -1.98746e-05 0.0103194)
(-5.81964e-05 -2.27092e-05 0.0103422)
(-5.26548e-05 -2.7561e-05 0.0103563)
(-2.26705e-05 -4.05625e-05 0.0103733)
(-6.17711e-05 -1.70362e-05 0.0104468)
(-5.872e-05 -7.81207e-06 0.0104679)
(-5.65048e-05 -2.5058e-06 0.010472)
(-6.40436e-08 -5.80922e-05 0.0104798)
(-3.9699e-05 -2.04292e-05 0.0105247)
(-4.91533e-05 3.49297e-06 0.0105416)
(-5.17843e-05 1.80944e-05 0.0105391)
(3.08002e-05 -6.71008e-05 0.0105533)
(-7.81866e-06 -2.55092e-05 0.0105715)
(-2.91364e-05 7.52172e-06 0.0105794)
(-4.00183e-05 2.98725e-05 0.0105723)
(3.30861e-06 -9.50653e-06 0.0103011)
(-2.40698e-05 -9.44712e-06 0.0103367)
(-2.5906e-05 -1.26845e-05 0.0103356)
(-2.83094e-05 -1.86124e-05 0.0103256)
(1.04102e-05 -2.57074e-05 0.0104474)
(-1.68413e-05 -1.32281e-05 0.0104708)
(-2.29051e-05 -9.25756e-06 0.010466)
(-2.69385e-05 -9.49364e-06 0.0104467)
(2.29781e-05 -3.93391e-05 0.0105431)
(-3.75181e-06 -1.94765e-05 0.0105543)
(-1.50773e-05 -7.63714e-06 0.0105478)
(-2.14372e-05 -2.48634e-06 0.0105247)
(4.04824e-05 -4.95243e-05 0.0106047)
(1.43905e-05 -2.73517e-05 0.0106047)
(-2.64779e-06 -1.04699e-05 0.0105962)
(-1.27863e-05 1.67231e-07 0.0105727)
(1.69697e-05 -5.26301e-06 0.010352)
(-2.70004e-06 -4.25837e-06 0.0103586)
(-9.6435e-06 -6.80848e-06 0.0103447)
(-1.48823e-05 -1.2145e-05 0.010323)
(2.1022e-05 -1.74385e-05 0.0104945)
(2.45472e-06 -1.02243e-05 0.010495)
(-5.72362e-06 -8.25915e-06 0.0104771)
(-1.1669e-05 -9.9657e-06 0.0104468)
(2.83921e-05 -2.83407e-05 0.0105855)
(1.08153e-05 -1.72072e-05 0.0105811)
(7.50243e-07 -1.07013e-05 0.010563)
(-6.24666e-06 -8.82961e-06 0.0105301)
(3.86648e-05 -3.78328e-05 0.0106423)
(2.17747e-05 -2.54137e-05 0.0106341)
(9.24064e-06 -1.59491e-05 0.0106172)
(6.41718e-07 -9.95792e-06 0.0105851)
(1.97898e-05 -3.1142e-06 0.0103858)
(5.82179e-06 -1.73889e-06 0.0103795)
(-1.83093e-06 -3.52284e-06 0.010359)
(-7.61564e-06 -7.89658e-06 0.0103317)
(2.22915e-05 -1.24376e-05 0.0105262)
(9.59979e-06 -7.90254e-06 0.0105163)
(1.91454e-06 -6.77406e-06 0.0104921)
(-4.06897e-06 -8.60549e-06 0.0104565)
(2.6875e-05 -2.11331e-05 0.0106148)
(1.52323e-05 -1.44868e-05 0.0106035)
(7.12026e-06 -1.05729e-05 0.0105798)
(7.58606e-07 -9.82893e-06 0.0105423)
(3.31575e-05 -2.92077e-05 0.0106694)
(2.22094e-05 -2.18884e-05 0.0106578)
(1.31874e-05 -1.61519e-05 0.0106369)
(6.2816e-06 -1.22757e-05 0.0106007)
(1.83573e-05 -1.95773e-06 0.0104091)
(8.42672e-06 -5.43002e-07 0.0103972)
(1.62037e-06 -1.72259e-06 0.0103733)
(-3.70913e-06 -5.14057e-06 0.0103433)
(2.00052e-05 -9.12394e-06 0.0105481)
(1.12311e-05 -6.07085e-06 0.010534)
(4.82113e-06 -5.32535e-06 0.0105066)
(-4.53733e-07 -6.87038e-06 0.0104685)
(2.30054e-05 -1.59675e-05 0.0106354)
(1.51674e-05 -1.1761e-05 0.0106214)
(8.90933e-06 -9.22449e-06 0.0105951)
(3.59343e-06 -8.85068e-06 0.0105554)
(2.70082e-05 -2.24933e-05 0.0106887)
(1.98057e-05 -1.79626e-05 0.0106761)
(1.33388e-05 -1.426e-05 0.0106535)
(7.96763e-06 -1.15114e-05 0.0106153)
(1.55414e-05 -1.29003e-06 0.0104256)
(8.44485e-06 3.87514e-10 0.0104115)
(2.88499e-06 -7.53987e-07 0.010386)
(-1.63334e-06 -3.35262e-06 0.0103547)
(1.66757e-05 -6.77743e-06 0.0105638)
(1.05367e-05 -4.6211e-06 0.010548)
(5.47648e-06 -4.07536e-06 0.0105191)
(1.11999e-06 -5.26445e-06 0.0104799)
(1.87178e-05 -1.20846e-05 0.0106502)
(1.33535e-05 -9.28983e-06 0.0106353)
(8.63398e-06 -7.55126e-06 0.0106079)
(4.38799e-06 -7.29557e-06 0.0105672)
(2.13616e-05 -1.71963e-05 0.0107026)
(1.65401e-05 -1.42672e-05 0.0106899)
(1.19004e-05 -1.17618e-05 0.0106667)
(7.8029e-06 -9.71706e-06 0.0106276)
(1.25537e-05 -8.7819e-07 0.0104375)
(7.45386e-06 2.23969e-07 0.0104227)
(3.10024e-06 -2.46971e-07 0.0103965)
(-5.54187e-07 -2.18835e-06 0.0103645)
(1.33557e-05 -5.05292e-06 0.0105751)
(9.01531e-06 -3.48456e-06 0.0105588)
(5.13538e-06 -3.06139e-06 0.0105294)
(1.67209e-06 -3.9375e-06 0.0104896)
(1.47841e-05 -9.1159e-06 0.0106609)
(1.10598e-05 -7.18998e-06 0.0106459)
(7.54505e-06 -5.95243e-06 0.0106181)
(4.24485e-06 -5.74106e-06 0.0105769)
(1.65812e-05 -1.30401e-05 0.0107126)
(1.33008e-05 -1.10784e-05 0.0107002)
(9.96332e-06 -9.32652e-06 0.0106769)
(6.87628e-06 -7.77565e-06 0.0106375)
(9.86388e-06 -6.10337e-07 0.0104461)
(6.18112e-06 2.93347e-07 0.0104313)
(2.85081e-06 4.9726e-09 0.0104048)
(-2.06124e-08 -1.4301e-06 0.0103725)
(1.04395e-05 -3.76444e-06 0.0105833)
(7.34503e-06 -2.60557e-06 0.010567)
(4.41869e-06 -2.27e-06 0.0105375)
(1.7303e-06 -2.90198e-06 0.0104974)
(1.14565e-05 -6.8425e-06 0.0106686)
(8.84063e-06 -5.48156e-06 0.0106538)
(6.2413e-06 -4.58035e-06 0.0106261)
(3.72014e-06 -4.39686e-06 0.0105847)
(1.27047e-05 -9.81469e-06 0.0107198)
(1.0441e-05 -8.46538e-06 0.0107079)
(8.03323e-06 -7.2143e-06 0.0106847)
(5.72619e-06 -6.03276e-06 0.0106453)
(7.61241e-06 -4.29409e-07 0.0104525)
(4.94331e-06 2.9134e-07 0.0104377)
(2.43122e-06 1.17738e-07 0.0104113)
(2.17606e-07 -9.36374e-07 0.0103788)
(8.0287e-06 -2.7968e-06 0.0105892)
(5.80867e-06 -1.93449e-06 0.0105732)
(3.62333e-06 -1.66782e-06 0.0105437)
(1.56925e-06 -2.1194e-06 0.0105036)
(8.76073e-06 -5.10917e-06 0.0106743)
(6.90671e-06 -4.13203e-06 0.0106598)
(4.99218e-06 -3.46783e-06 0.0106322)
(3.08831e-06 -3.31069e-06 0.0105908)
(9.64091e-06 -7.339e-06 0.010725)
(8.06067e-06 -6.39325e-06 0.0107135)
(6.31883e-06 -5.48852e-06 0.0106906)
(4.60427e-06 -4.59065e-06 0.0106513)
(5.79968e-06 -3.04128e-07 0.0104571)
(3.86105e-06 2.5926e-07 0.0104426)
(1.98362e-06 1.56446e-07 0.0104162)
(2.99993e-07 -6.14735e-07 0.0103837)
(6.10169e-06 -2.07014e-06 0.0105936)
(4.50226e-06 -1.42749e-06 0.0105779)
(2.88107e-06 -1.2172e-06 0.0105485)
(1.32933e-06 -1.5388e-06 0.0105083)
(6.63171e-06 -3.79513e-06 0.0106784)
(5.30907e-06 -3.08711e-06 0.0106642)
(3.90287e-06 -2.59525e-06 0.0106367)
(2.47723e-06 -2.46457e-06 0.0105954)
(7.25866e-06 -5.4559e-06 0.0107287)
(6.14552e-06 -4.78466e-06 0.0107177)
(4.88302e-06 -4.12614e-06 0.010695)
(3.61428e-06 -3.44762e-06 0.0106558)
(4.37253e-06 -2.16009e-07 0.0104605)
(2.96388e-06 2.17376e-07 0.0104462)
(1.57089e-06 1.57507e-07 0.0104199)
(3.04016e-07 -4.04847e-07 0.0103874)
(4.59166e-06 -1.5253e-06 0.0105968)
(3.437e-06 -1.04735e-06 0.0105813)
(2.24081e-06 -8.835e-07 0.010552)
(1.07928e-06 -1.11238e-06 0.0105119)
(4.97625e-06 -2.80373e-06 0.0106814)
(4.02894e-06 -2.28865e-06 0.0106675)
(2.99899e-06 -1.92448e-06 0.0106402)
(1.93903e-06 -1.81898e-06 0.0105989)
(5.42538e-06 -4.03274e-06 0.0107315)
(4.63636e-06 -3.55287e-06 0.0107207)
(3.72079e-06 -3.07256e-06 0.0106982)
(2.78589e-06 -2.56343e-06 0.0106592)
(3.26312e-06 -1.53375e-07 0.0104629)
(2.24165e-06 1.75199e-07 0.0104489)
(1.21562e-06 1.4098e-07 0.0104227)
(2.71987e-07 -2.67417e-07 0.0103902)
(3.42168e-06 -1.11717e-06 0.0105991)
(2.5887e-06 -7.6355e-07 0.0105839)
(1.7114e-06 -6.37718e-07 0.0105547)
(8.49756e-07 -8.00497e-07 0.0105146)
(3.70038e-06 -2.05779e-06 0.0106835)
(3.02127e-06 -1.68325e-06 0.0106699)
(2.27004e-06 -1.41472e-06 0.0106427)
(1.48786e-06 -1.33181e-06 0.0106015)
(4.02261e-06 -2.96092e-06 0.0107334)
(3.46172e-06 -2.61701e-06 0.0107229)
(2.79887e-06 -2.2673e-06 0.0107006)
(2.11369e-06 -1.88858e-06 0.0106617)
(2.4055e-06 -1.08483e-07 0.0104647)
(1.66915e-06 1.36743e-07 0.0104508)
(9.20761e-07 1.17602e-07 0.0104247)
(2.26324e-07 -1.76914e-07 0.0103923)
(2.51947e-06 -8.1105e-07 0.0106008)
(1.92148e-06 -5.51828e-07 0.0105857)
(1.28368e-06 -4.56837e-07 0.0105566)
(6.51618e-07 -5.72207e-07 0.0105166)
(2.72026e-06 -1.49631e-06 0.0106851)
(2.23516e-06 -1.22547e-06 0.0106717)
(1.69128e-06 -1.02916e-06 0.0106446)
(1.11987e-06 -9.65658e-07 0.0106035)
(2.95065e-06 -2.15359e-06 0.0107349)
(2.55267e-06 -1.90787e-06 0.0107246)
(2.07546e-06 -1.65489e-06 0.0107024)
(1.57754e-06 -1.37638e-06 0.0106635)
(1.74203e-06 -7.605e-08 0.010466)
(1.21792e-06 1.03239e-07 0.0104522)
(6.80462e-07 9.28057e-08 0.0104262)
(1.78285e-07 -1.16782e-07 0.0103938)
(1.82295e-06 -5.80399e-07 0.010602)
(1.39871e-06 -3.93379e-07 0.0105871)
(9.41858e-07 -3.23251e-07 0.0105581)
(4.85925e-07 -4.04182e-07 0.0105181)
(1.96578e-06 -1.07188e-06 0.0106862)
(1.62297e-06 -8.78542e-07 0.0106729)
(1.23463e-06 -7.37227e-07 0.0106459)
(8.23797e-07 -6.89925e-07 0.0106049)
(2.12871e-06 -1.54286e-06 0.0107359)
(1.84895e-06 -1.36917e-06 0.0107257)
(1.50964e-06 -1.18863e-06 0.0107037)
(1.1531e-06 -9.87345e-07 0.0106649)
(1.22629e-06 -5.25854e-08 0.0104669)
(8.62109e-07 7.45046e-08 0.0104532)
(4.86202e-07 6.89852e-08 0.0104273)
(1.33102e-07 -7.65981e-08 0.0103949)
(1.28254e-06 -4.05813e-07 0.0106029)
(9.88552e-07 -2.74511e-07 0.010588)
(6.69677e-07 -2.24386e-07 0.0105591)
(3.49677e-07 -2.79953e-07 0.0105191)
(1.38175e-06 -7.4931e-07 0.010687)
(1.1449e-06 -6.147e-07 0.0106738)
(8.74501e-07 -5.1567e-07 0.0106469)
(5.86863e-07 -4.81727e-07 0.0106059)
(1.4944e-06 -1.07816e-06 0.0107366)
(1.30187e-06 -9.58171e-07 0.0107265)
(1.06634e-06 -8.32539e-07 0.0107046)
(8.17462e-07 -6.91168e-07 0.0106659)
(8.26247e-07 -3.64501e-08 0.0104675)
(5.82198e-07 4.93543e-08 0.0104539)
(3.29256e-07 4.60917e-08 0.010428)
(9.13938e-08 -5.12503e-08 0.0103956)
(8.64491e-07 -2.76047e-07 0.0106035)
(6.67884e-07 -1.87782e-07 0.0105887)
(4.5353e-07 -1.53694e-07 0.0105598)
(2.37822e-07 -1.90291e-07 0.0105198)
(9.3096e-07 -5.07744e-07 0.0106876)
(7.72846e-07 -4.17806e-07 0.0106744)
(5.91343e-07 -3.51332e-07 0.0106476)
(3.9763e-07 -3.28001e-07 0.0106066)
(1.00603e-06 -7.29261e-07 0.0107371)
(8.77835e-07 -6.49479e-07 0.0107271)
(7.20082e-07 -5.65476e-07 0.0107052)
(5.52649e-07 -4.70295e-07 0.0106665)
(5.33386e-07 -2.88882e-08 0.0104679)
(3.73992e-07 2.54933e-08 0.0104544)
(2.09272e-07 2.19477e-08 0.0104285)
(5.36559e-08 -4.3533e-08 0.0103961)
(5.60003e-07 -1.92584e-07 0.0106039)
(4.31743e-07 -1.36333e-07 0.0105891)
(2.92392e-07 -1.152e-07 0.0105602)
(1.50875e-07 -1.4067e-07 0.0105203)
(6.03519e-07 -3.4823e-07 0.0106879)
(5.00263e-07 -2.90617e-07 0.0106748)
(3.82079e-07 -2.48101e-07 0.010648)
(2.5428e-07 -2.34624e-07 0.010607)
(6.5216e-07 -4.96895e-07 0.0107374)
(5.6855e-07 -4.45485e-07 0.0107275)
(4.65942e-07 -3.91296e-07 0.0107056)
(3.54832e-07 -3.31574e-07 0.0106669)
(3.65153e-07 -2.59209e-08 0.0104683)
(2.39481e-07 7.40053e-09 0.0104548)
(1.13842e-07 -3.56027e-09 0.0104289)
(6.80519e-09 -5.46179e-08 0.0103965)
(3.89027e-07 -1.5752e-07 0.0106042)
(2.84851e-07 -1.20331e-07 0.0105895)
(1.75461e-07 -1.10627e-07 0.0105606)
(7.51905e-08 -1.30266e-07 0.0105207)
(4.22363e-07 -2.90343e-07 0.0106882)
(3.37669e-07 -2.50547e-07 0.0106752)
(2.43716e-07 -2.21422e-07 0.0106484)
(1.50446e-07 -2.08875e-07 0.0106074)
(4.58197e-07 -4.10837e-07 0.0107377)
(3.89771e-07 -3.72524e-07 0.0107278)
(3.07983e-07 -3.30695e-07 0.0107059)
(2.22754e-07 -2.84458e-07 0.0106673)
(0.0109658 -0.000764528 0.0025966)
(0.00438086 0.000649185 0.00627128)
(0.000543996 -0.000720409 0.00408725)
(0.000367073 -0.000541101 0.00185337)
(-0.00125433 0.00243778 0.00400835)
(0.0101279 -0.0058233 0.000316347)
(0.00375621 0.0114044 0.00915339)
(0.00118934 -0.000155023 0.0130217)
(0.000489223 -0.00199333 0.00446934)
(0.00510706 -0.00211048 0.000761014)
(0.0040391 -0.000435925 7.18036e-05)
(-0.00850067 0.00579027 0.00700023)
(0.00201821 0.00177305 0.00243175)
(0.00812201 0.00374189 0.000203563)
(0.00792961 -0.00181307 0.00120853)
(-0.000235982 0.00971161 0.00838219)
(0.00304215 0.00186207 0.0164454)
(0.00205852 0.00141776 0.0190452)
(0.00134323 0.000105467 0.0213843)
(0.000411883 -0.000354484 0.0216861)
(0.00117479 0.00249161 0.0088765)
(0.000437076 0.00316431 0.0126929)
(-0.000590476 0.00404815 0.0181198)
(2.76706e-05 0.00177444 0.0186185)
(0.00120356 0.00102237 0.00577136)
(0.000982452 0.00166334 0.00446988)
(-0.000834753 0.00312773 -7.20333e-05)
(-0.000992986 0.0036226 0.0183759)
(0.000777811 -0.000600193 0.00618213)
(0.000885264 -0.000554254 0.00648959)
(-0.000342456 0.000509377 0.00731147)
(-0.000704096 0.00352425 0.0108274)
(0.000687707 0.00255351 0.0102272)
(0.000398031 0.00231778 0.0112121)
(0.000373374 0.00179298 0.0115473)
(0.000615669 0.00126839 0.0112099)
(0.000722682 0.00282572 0.0085249)
(0.000229415 0.00316629 0.00962762)
(0.000101902 0.00306112 0.0110246)
(0.000637081 0.00235123 0.0114141)
(0.000838279 0.00161888 0.00709086)
(0.000339433 0.00203955 0.00705814)
(-0.000237027 0.0024612 0.00722483)
(0.000111468 0.00244299 0.00958001)
(0.000718953 -0.000159967 0.00652925)
(0.00031505 -0.000183957 0.00664294)
(-0.000259452 0.000280351 0.00679942)
(-0.000194397 0.00100118 0.0078623)
(0.000108399 0.00114731 0.0110816)
(2.22986e-05 0.00101208 0.0114906)
(0.000121667 0.000739391 0.0116908)
(0.000252848 0.00048552 0.0116912)
(0.000215946 0.00131307 0.0101995)
(7.60612e-05 0.00139478 0.0106221)
(0.000145206 0.00127001 0.0109744)
(0.000341419 0.00100092 0.0110919)
(0.00029196 0.000833515 0.009352)
(0.000122407 0.000968133 0.00946118)
(8.66189e-06 0.00103921 0.00963865)
(0.000132011 0.00097939 0.0100147)
(0.000228954 -4.8165e-05 0.00896288)
(4.94346e-05 -0.000146846 0.00906215)
(-7.79231e-05 -0.000114621 0.00914405)
(-4.02872e-05 2.1499e-05 0.0093696)
(-6.73207e-05 0.000440374 0.0107194)
(-8.51807e-05 0.000383578 0.0108302)
(-3.25401e-05 0.000277508 0.0108527)
(4.57771e-05 0.000164443 0.0107623)
(1.43619e-05 0.000519582 0.010405)
(-1.17552e-05 0.00053513 0.0105421)
(3.92273e-05 0.000480133 0.0106038)
(0.000126072 0.000381117 0.0105388)
(3.91308e-05 0.00032908 0.0100544)
(-6.80868e-06 0.00035505 0.0101165)
(-1.06338e-05 0.000347115 0.0101425)
(4.35357e-05 0.000301299 0.0101381)
(-7.92561e-06 -6.44874e-05 0.00988738)
(-6.9957e-05 -0.000146583 0.00996216)
(-7.3295e-05 -0.000198938 0.0099855)
(-3.24904e-05 -0.000205907 0.00995813)
(-6.05213e-05 0.000147532 0.0106109)
(-6.70119e-05 0.000124306 0.0106294)
(-4.51827e-05 8.03719e-05 0.0105984)
(-1.3016e-05 3.09448e-05 0.0105003)
(-2.23201e-05 0.00017709 0.0104936)
(-2.90881e-05 0.000177696 0.010524)
(-4.81509e-06 0.000151844 0.0105027)
(3.04668e-05 0.000112307 0.010403)
(-1.87309e-05 9.32557e-05 0.0103556)
(-3.53769e-05 9.31693e-05 0.0103694)
(-2.56517e-05 7.66276e-05 0.0103401)
(-1.42689e-07 5.00464e-05 0.0102508)
(-4.62542e-05 -8.10764e-05 0.0102926)
(-7.18236e-05 -0.000127042 0.0103213)
(-5.78808e-05 -0.000168055 0.0103038)
(-2.67802e-05 -0.000190219 0.0102155)
(-3.23945e-05 4.0037e-05 0.0105736)
(-3.88362e-05 3.218e-05 0.010549)
(-3.2652e-05 1.46561e-05 0.0104885)
(-2.12272e-05 -6.51268e-06 0.010377)
(-1.43073e-05 4.65283e-05 0.0105464)
(-2.10465e-05 4.66451e-05 0.0105287)
(-1.33911e-05 3.53429e-05 0.0104716)
(-8.77693e-07 1.88101e-05 0.0103548)
(-1.42293e-05 3.66478e-06 0.0105041)
(-2.56088e-05 1.81881e-06 0.0104862)
(-2.17357e-05 -8.43457e-06 0.0104297)
(-1.16028e-05 -2.19395e-05 0.0103138)
(-2.66806e-05 -7.66633e-05 0.0104895)
(-4.20617e-05 -9.75134e-05 0.0104827)
(-3.45085e-05 -0.000119006 0.0104362)
(-1.76542e-05 -0.000133289 0.0103243)
(-1.20238e-05 6.88571e-07 0.0105742)
(-1.88074e-05 -5.17635e-07 0.0105303)
(-1.94451e-05 -6.6888e-06 0.0104559)
(-1.75475e-05 -1.50331e-05 0.0103375)
(-2.31056e-06 -1.35237e-06 0.0105859)
(-1.02047e-05 6.15884e-08 0.0105465)
(-1.07738e-05 -4.15605e-06 0.0104732)
(-8.81101e-06 -1.09527e-05 0.0103486)
(-1.40586e-06 -2.52837e-05 0.0105839)
(-1.15791e-05 -2.51977e-05 0.0105485)
(-1.32906e-05 -2.98063e-05 0.0104777)
(-1.16795e-05 -3.61975e-05 0.0103519)
(-5.39123e-06 -6.40299e-05 0.010589)
(-1.7128e-05 -7.18188e-05 0.0105612)
(-1.64902e-05 -8.12761e-05 0.0104972)
(-1.02763e-05 -8.86128e-05 0.0103736)
(-1.0543e-06 -1.25053e-05 0.0105867)
(-7.46366e-06 -1.10013e-05 0.0105337)
(-1.06635e-05 -1.21843e-05 0.0104524)
(-1.26438e-05 -1.47152e-05 0.0103303)
(5.0626e-06 -1.68988e-05 0.0106154)
(-2.79462e-06 -1.46909e-05 0.0105658)
(-6.69202e-06 -1.55147e-05 0.0104847)
(-9.18411e-06 -1.789e-05 0.0103559)
(6.84081e-06 -3.11196e-05 0.0106302)
(-2.21552e-06 -2.96765e-05 0.0105854)
(-6.63857e-06 -3.10644e-05 0.010507)
(-9.12488e-06 -3.38312e-05 0.0103764)
(6.74037e-06 -5.08622e-05 0.0106424)
(-2.78864e-06 -5.2787e-05 0.0106031)
(-5.84762e-06 -5.63326e-05 0.0105291)
(-5.5817e-06 -5.98478e-05 0.0103994)
(3.97534e-06 -1.54206e-05 0.0106021)
(-1.61923e-06 -1.30301e-05 0.0105448)
(-5.42535e-06 -1.21533e-05 0.0104601)
(-8.6855e-06 -1.21537e-05 0.0103362)
(8.25196e-06 -1.99031e-05 0.010638)
(1.23178e-06 -1.75048e-05 0.0105834)
(-3.52956e-06 -1.68312e-05 0.0104985)
(-7.53798e-06 -1.71948e-05 0.0103677)
(1.02996e-05 -2.88106e-05 0.0106592)
(2.60146e-06 -2.68712e-05 0.0106097)
(-2.54063e-06 -2.6729e-05 0.0105273)
(-6.57984e-06 -2.77264e-05 0.0103943)
(1.16342e-05 -3.95274e-05 0.0106735)
(3.92191e-06 -3.91403e-05 0.0106282)
(-4.36417e-07 -4.00877e-05 0.0105489)
(-2.88042e-06 -4.17421e-05 0.0104158)
(5.76239e-06 -1.43965e-05 0.0106164)
(1.12682e-06 -1.19304e-05 0.0105571)
(-2.44562e-06 -1.03395e-05 0.0104709)
(-5.80138e-06 -9.33306e-06 0.0103463)
(8.9073e-06 -1.82671e-05 0.0106551)
(3.0165e-06 -1.60258e-05 0.0105983)
(-1.5246e-06 -1.48027e-05 0.0105115)
(-5.6829e-06 -1.43141e-05 0.0103797)
(1.08341e-05 -2.41213e-05 0.0106787)
(4.53672e-06 -2.21899e-05 0.0106268)
(-3.32629e-07 -2.14366e-05 0.0105423)
(-4.60797e-06 -2.16103e-05 0.010408)
(1.24847e-05 -3.03538e-05 0.010693)
(6.34607e-06 -2.92342e-05 0.0106447)
(1.93852e-06 -2.91483e-05 0.0105626)
(-1.40653e-06 -2.99316e-05 0.0104278)
(5.92652e-06 -1.21072e-05 0.0106284)
(2.20902e-06 -9.89593e-06 0.0105683)
(-8.43251e-07 -8.20652e-06 0.0104815)
(-3.83494e-06 -6.92769e-06 0.0103566)
(8.28885e-06 -1.52405e-05 0.0106682)
(3.5351e-06 -1.33053e-05 0.0106104)
(-3.8064e-07 -1.19897e-05 0.0105226)
(-4.12256e-06 -1.12104e-05 0.0103905)
(9.92846e-06 -1.92489e-05 0.0106922)
(4.91778e-06 -1.75484e-05 0.0106393)
(7.13186e-07 -1.66377e-05 0.0105538)
(-3.19927e-06 -1.64637e-05 0.0104189)
(1.14507e-05 -2.31229e-05 0.010706)
(6.64541e-06 -2.19166e-05 0.0106564)
(2.72413e-06 -2.14875e-05 0.0105728)
(-6.30731e-07 -2.18682e-05 0.0104372)
(5.36551e-06 -9.66688e-06 0.0106381)
(2.45143e-06 -7.81536e-06 0.0105777)
(-2.88142e-08 -6.28451e-06 0.0104906)
(-2.51995e-06 -5.05049e-06 0.0103657)
(7.14747e-06 -1.2126e-05 0.010678)
(3.40779e-06 -1.05333e-05 0.0106199)
(2.04261e-07 -9.32797e-06 0.0105318)
(-2.93928e-06 -8.52029e-06 0.0103995)
(8.46614e-06 -1.49571e-05 0.010702)
(4.55723e-06 -1.35535e-05 0.0106486)
(1.10655e-06 -1.26884e-05 0.0105627)
(-2.22285e-06 -1.2397e-05 0.0104276)
(9.72363e-06 -1.75058e-05 0.0107149)
(6.01385e-06 -1.64439e-05 0.0106648)
(2.74504e-06 -1.59574e-05 0.0105807)
(-2.37274e-07 -1.6151e-05 0.0104446)
(4.54572e-06 -7.49369e-06 0.0106457)
(2.29793e-06 -6.00373e-06 0.0105852)
(3.42105e-07 -4.71638e-06 0.0104981)
(-1.65326e-06 -3.64766e-06 0.0103733)
(5.88672e-06 -9.39071e-06 0.0106855)
(2.99581e-06 -8.12048e-06 0.0106272)
(4.56341e-07 -7.09811e-06 0.0105391)
(-2.08133e-06 -6.37271e-06 0.0104068)
(6.91164e-06 -1.14336e-05 0.0107091)
(3.90583e-06 -1.03186e-05 0.0106557)
(1.16166e-06 -9.57529e-06 0.0105695)
(-1.55225e-06 -9.27254e-06 0.0104344)
(7.89568e-06 -1.31847e-05 0.0107213)
(5.06313e-06 -1.23247e-05 0.0106711)
(2.44086e-06 -1.18868e-05 0.0105867)
(-4.79929e-08 -1.1992e-05 0.0104505)
(3.69842e-06 -5.70342e-06 0.0106515)
(1.98519e-06 -4.53475e-06 0.0105911)
(4.73024e-07 -3.49745e-06 0.010504)
(-1.08643e-06 -2.6228e-06 0.0103793)
(4.70277e-06 -7.15069e-06 0.0106911)
(2.49619e-06 -6.15952e-06 0.0106329)
(5.24571e-07 -5.33036e-06 0.0105447)
(-1.47186e-06 -4.72351e-06 0.0104125)
(5.48211e-06 -8.64457e-06 0.0107143)
(3.19587e-06 -7.78019e-06 0.010661)
(1.05941e-06 -7.1751e-06 0.0105748)
(-1.09116e-06 -6.90466e-06 0.0104397)
(6.22928e-06 -9.88399e-06 0.010726)
(4.08574e-06 -9.21657e-06 0.0106758)
(2.034e-06 -8.85718e-06 0.0105913)
(3.50395e-08 -8.91912e-06 0.0104551)
(2.92759e-06 -4.28725e-06 0.0106559)
(1.63415e-06 -3.38703e-06 0.0105956)
(4.81412e-07 -2.57391e-06 0.0105086)
(-7.16676e-07 -1.88229e-06 0.010384)
(3.67565e-06 -5.38212e-06 0.0106953)
(2.00805e-06 -4.62118e-06 0.0106372)
(5.00035e-07 -3.9681e-06 0.0105491)
(-1.04218e-06 -3.48131e-06 0.010417)
(4.25949e-06 -6.48218e-06 0.0107182)
(2.53589e-06 -5.82338e-06 0.0106649)
(8.98157e-07 -5.3469e-06 0.0105789)
(-7.72023e-07 -5.12247e-06 0.0104438)
(4.81656e-06 -7.37591e-06 0.0107294)
(3.20667e-06 -6.87041e-06 0.0106793)
(1.62944e-06 -6.58899e-06 0.0105949)
(6.46631e-08 -6.62857e-06 0.0104587)
(2.27027e-06 -3.19214e-06 0.0106593)
(1.30195e-06 -2.50842e-06 0.0105991)
(4.33139e-07 -1.88353e-06 0.0105121)
(-4.75136e-07 -1.34934e-06 0.0103876)
(2.82414e-06 -4.01406e-06 0.0106984)
(1.57475e-06 -3.43754e-06 0.0106405)
(4.35102e-07 -2.93389e-06 0.0105524)
(-7.39294e-07 -2.55425e-06 0.0104204)
(3.25671e-06 -4.82581e-06 0.010721)
(1.96764e-06 -4.33018e-06 0.0106679)
(7.27822e-07 -3.96346e-06 0.0105819)
(-5.4899e-07 -3.78514e-06 0.010447)
(3.66702e-06 -5.47662e-06 0.0107318)
(2.46653e-06 -5.09972e-06 0.0106819)
(1.27068e-06 -4.88541e-06 0.0105976)
(6.88319e-08 -4.9125e-06 0.0104615)
(1.73009e-06 -2.35561e-06 0.0106617)
(1.01149e-06 -1.8429e-06 0.0106016)
(3.63691e-07 -1.37045e-06 0.0105147)
(-3.16562e-07 -9.6541e-07 0.0103903)
(2.1373e-06 -2.96741e-06 0.0107007)
(1.2096e-06 -2.53592e-06 0.0106429)
(3.57997e-07 -2.1542e-06 0.0105549)
(-5.24767e-07 -1.86444e-06 0.010423)
(2.45469e-06 -3.56505e-06 0.0107231)
(1.49879e-06 -3.19646e-06 0.0106702)
(5.7114e-07 -2.91927e-06 0.0105842)
(-3.91327e-07 -2.78178e-06 0.0104493)
(2.75398e-06 -4.04023e-06 0.0107337)
(1.86584e-06 -3.76259e-06 0.0106838)
(9.70405e-07 -3.60251e-06 0.0105996)
(6.19624e-08 -3.62196e-06 0.0104635)
(1.29541e-06 -1.71968e-06 0.0106636)
(7.68065e-07 -1.34056e-06 0.0106035)
(2.91083e-07 -9.89183e-07 0.0105167)
(-2.11537e-07 -6.87417e-07 0.0103923)
(1.59192e-06 -2.16995e-06 0.0107025)
(9.10819e-07 -1.85142e-06 0.0106447)
(2.82679e-07 -1.56704e-06 0.0105568)
(-3.7148e-07 -1.3502e-06 0.0104249)
(1.82226e-06 -2.60673e-06 0.0107247)
(1.12117e-06 -2.33614e-06 0.0106718)
(4.36293e-07 -2.13023e-06 0.010586)
(-2.78375e-07 -2.02678e-06 0.0104511)
(2.03824e-06 -2.95222e-06 0.010735)
(1.38809e-06 -2.7502e-06 0.0106853)
(7.26814e-07 -2.63263e-06 0.0106011)
(5.12254e-08 -2.64694e-06 0.0104651)
(9.49133e-07 -1.23553e-06 0.0106649)
(5.68599e-07 -9.60439e-07 0.0106049)
(2.23582e-07 -7.04374e-07 0.0105181)
(-1.41003e-07 -4.84184e-07 0.0103938)
(1.16171e-06 -1.56127e-06 0.0107037)
(6.70085e-07 -1.33048e-06 0.010646)
(2.15117e-07 -1.12299e-06 0.0105582)
(-2.60482e-07 -9.64269e-07 0.0104263)
(1.32623e-06 -1.8758e-06 0.0107258)
(8.20598e-07 -1.68065e-06 0.010673)
(3.24213e-07 -1.53083e-06 0.0105872)
(-1.96123e-07 -1.45488e-06 0.0104524)
(1.47972e-06 -2.1238e-06 0.0107359)
(1.01155e-06 -1.97923e-06 0.0106863)
(5.32282e-07 -1.89454e-06 0.0106022)
(3.9999e-08 -1.90502e-06 0.0104662)
(6.74112e-07 -8.65641e-07 0.0106659)
(4.07021e-07 -6.71639e-07 0.0106059)
(1.64344e-07 -4.90349e-07 0.0105191)
(-9.28237e-08 -3.34076e-07 0.0103949)
(8.22472e-07 -1.09495e-06 0.0107046)
(4.77337e-07 -9.32372e-07 0.010647)
(1.57067e-07 -7.853e-07 0.0105591)
(-1.78889e-07 -6.72263e-07 0.0104273)
(9.3699e-07 -1.31554e-06 0.0107266)
(5.82265e-07 -1.17857e-06 0.0106739)
(2.32724e-07 -1.07257e-06 0.0105881)
(-1.35178e-07 -1.01817e-06 0.0104534)
(1.04337e-06 -1.48912e-06 0.0107366)
(7.15365e-07 -1.38823e-06 0.0106871)
(3.77955e-07 -1.32872e-06 0.010603)
(2.97325e-08 -1.33581e-06 0.0104671)
(4.56397e-07 -5.8761e-07 0.0106665)
(2.76794e-07 -4.55756e-07 0.0106066)
(1.12934e-07 -3.31788e-07 0.0105199)
(-6.08621e-08 -2.24358e-07 0.0103956)
(5.5581e-07 -7.43602e-07 0.0107052)
(3.23743e-07 -6.33044e-07 0.0106476)
(1.0777e-07 -5.32046e-07 0.0105598)
(-1.19428e-07 -4.5335e-07 0.010428)
(6.32822e-07 -8.9265e-07 0.0107271)
(3.94427e-07 -7.99736e-07 0.0106745)
(1.58794e-07 -7.26771e-07 0.0105887)
(-9.0283e-08 -6.87778e-07 0.010454)
(7.04262e-07 -1.0095e-06 0.0107371)
(4.84075e-07 -9.41199e-07 0.0106876)
(2.56782e-07 -8.99952e-07 0.0106035)
(2.08522e-08 -9.02839e-07 0.0104676)
(2.92552e-07 -4.07958e-07 0.0106669)
(1.76147e-07 -3.19377e-07 0.010607)
(6.91204e-08 -2.35356e-07 0.0105203)
(-4.60963e-08 -1.59992e-07 0.0103961)
(3.55365e-07 -5.14992e-07 0.0107056)
(2.05344e-07 -4.40115e-07 0.010648)
(6.55585e-08 -3.70311e-07 0.0105602)
(-8.34296e-08 -3.13247e-07 0.0104285)
(4.07154e-07 -6.13146e-07 0.0107275)
(2.53269e-07 -5.50033e-07 0.0106749)
(1.01001e-07 -4.98397e-07 0.0105891)
(-6.17955e-08 -4.67179e-07 0.0104544)
(4.55888e-07 -6.89209e-07 0.0107374)
(3.14004e-07 -6.42168e-07 0.0106879)
(1.67396e-07 -6.1112e-07 0.0106039)
(1.32505e-08 -6.07152e-07 0.010468)
(1.86283e-07 -3.32258e-07 0.0106673)
(1.07554e-07 -2.62929e-07 0.0106074)
(2.71038e-08 -1.94829e-07 0.0105207)
(-5.33933e-08 -1.36067e-07 0.0103965)
(2.36368e-07 -4.2229e-07 0.0107059)
(1.3333e-07 -3.59749e-07 0.0106484)
(2.88336e-08 -2.9921e-07 0.0105606)
(-7.5178e-08 -2.50119e-07 0.0104289)
(2.80886e-07 -5.03388e-07 0.0107278)
(1.72499e-07 -4.50575e-07 0.0106752)
(5.81156e-08 -4.03364e-07 0.0105895)
(-5.62936e-08 -3.7013e-07 0.0104548)
(3.22964e-07 -5.6465e-07 0.0107376)
(2.21945e-07 -5.24733e-07 0.0106882)
(1.12586e-07 -4.92988e-07 0.0106042)
(3.39963e-09 -4.77447e-07 0.0104683)
)
;

boundaryField
{
    inlet
    {
        type            calculated;
        value           uniform (0 0 0.01091);
    }
    outlet
    {
        type            calculated;
        value           nonuniform List<vector> 
48
(
(4.91535e-07 -5.10794e-07 0.0107645)
(5.20862e-07 -5.91737e-07 0.0107773)
(5.44588e-07 -6.49107e-07 0.0107828)
(5.61091e-07 -6.8034e-07 0.010785)
(4.33588e-07 -4.73491e-07 0.0107581)
(4.71263e-07 -5.60198e-07 0.0107732)
(5.03675e-07 -6.24258e-07 0.0107801)
(5.29343e-07 -6.62797e-07 0.0107828)
(3.5741e-07 -4.29028e-07 0.0107429)
(4.02049e-07 -5.20275e-07 0.0107632)
(4.42433e-07 -5.90851e-07 0.0107732)
(4.76721e-07 -6.36407e-07 0.0107772)
(2.68759e-07 -3.7979e-07 0.0107132)
(3.16761e-07 -4.73585e-07 0.0107429)
(3.6318e-07 -5.50534e-07 0.0107581)
(4.05553e-07 -6.03246e-07 0.0107645)
(1.86283e-07 -3.32258e-07 0.0106673)
(2.36368e-07 -4.2229e-07 0.0107059)
(2.80886e-07 -5.03388e-07 0.0107278)
(3.22964e-07 -5.6465e-07 0.0107376)
(1.07554e-07 -2.62929e-07 0.0106074)
(1.3333e-07 -3.59749e-07 0.0106484)
(1.72499e-07 -4.50575e-07 0.0106752)
(2.21945e-07 -5.24733e-07 0.0106882)
(2.71038e-08 -1.94829e-07 0.0105207)
(2.88336e-08 -2.9921e-07 0.0105606)
(5.81156e-08 -4.03364e-07 0.0105895)
(1.12586e-07 -4.92988e-07 0.0106042)
(-5.33933e-08 -1.36067e-07 0.0103965)
(-7.5178e-08 -2.50119e-07 0.0104289)
(-5.62936e-08 -3.7013e-07 0.0104548)
(3.39963e-09 -4.77447e-07 0.0104683)
(3.65153e-07 -2.59209e-08 0.0104683)
(3.89027e-07 -1.5752e-07 0.0106042)
(4.22363e-07 -2.90343e-07 0.0106882)
(4.58197e-07 -4.10837e-07 0.0107377)
(2.39481e-07 7.40053e-09 0.0104548)
(2.84851e-07 -1.20331e-07 0.0105895)
(3.37669e-07 -2.50547e-07 0.0106752)
(3.89771e-07 -3.72524e-07 0.0107278)
(1.13842e-07 -3.56027e-09 0.0104289)
(1.75461e-07 -1.10627e-07 0.0105606)
(2.43716e-07 -2.21422e-07 0.0106484)
(3.07983e-07 -3.30695e-07 0.0107059)
(6.80519e-09 -5.46179e-08 0.0103965)
(7.51905e-08 -1.30266e-07 0.0105207)
(1.50446e-07 -2.08875e-07 0.0106074)
(2.22754e-07 -2.84458e-07 0.0106673)
)
;
    }
    wall
    {
        type            calculated;
        value           nonuniform List<vector> 
192
(
(-0.0164786 -0.001623 -0.0105359)
(0.00117796 0.000116019 0.0152)
(-0.000320566 -3.1573e-05 0.00845674)
(-0.000560002 -5.51554e-05 0.00952064)
(-0.000326424 -3.21499e-05 0.00986789)
(-0.000133244 -1.31234e-05 0.0100867)
(-3.74119e-05 -3.68475e-06 0.0102199)
(2.34951e-06 2.31406e-07 0.0103011)
(1.62933e-05 1.60475e-06 0.010352)
(1.92959e-05 1.90048e-06 0.0103858)
(1.799e-05 1.77186e-06 0.0104091)
(1.52663e-05 1.50359e-06 0.0104256)
(1.23474e-05 1.21611e-06 0.0104375)
(9.70958e-06 9.5631e-07 0.0104461)
(7.49739e-06 7.38429e-07 0.0104525)
(5.71429e-06 5.62809e-07 0.0104571)
(4.30945e-06 4.24444e-07 0.0104605)
(3.21681e-06 3.16828e-07 0.0104629)
(2.3718e-06 2.33602e-07 0.0104647)
(1.71788e-06 1.69196e-07 0.010466)
(1.20938e-06 1.19113e-07 0.0104669)
(8.14753e-07 8.02462e-08 0.0104675)
(5.25443e-07 5.17517e-08 0.0104679)
(3.59116e-07 3.53699e-08 0.0104683)
(0.00478092 0.00145028 0.00123641)
(0.00124398 0.000377358 0.0147646)
(-0.000540623 -0.000163996 0.00988732)
(-0.000546638 -0.000165821 0.0106125)
(-0.000350426 -0.000106301 0.0103897)
(-0.000170193 -5.16276e-05 0.0103243)
(-7.19025e-05 -2.18114e-05 0.0103194)
(-2.46658e-05 -7.48228e-06 0.0103367)
(-3.65543e-06 -1.10886e-06 0.0103586)
(4.84818e-06 1.47068e-06 0.0103795)
(7.5658e-06 2.29506e-06 0.0103972)
(7.73335e-06 2.34589e-06 0.0104115)
(6.88798e-06 2.08945e-06 0.0104227)
(5.74175e-06 1.74174e-06 0.0104313)
(4.6077e-06 1.39773e-06 0.0104377)
(3.60772e-06 1.09439e-06 0.0104426)
(2.77452e-06 8.4164e-07 0.0104462)
(2.10142e-06 6.37459e-07 0.0104489)
(1.56649e-06 4.75189e-07 0.0104508)
(1.14397e-06 3.4702e-07 0.0104522)
(8.10159e-07 2.45759e-07 0.0104532)
(5.46849e-07 1.65885e-07 0.0104539)
(3.49559e-07 1.06038e-07 0.0104544)
(2.21357e-07 6.71479e-08 0.0104548)
(-0.000540745 -0.000289034 0.00634675)
(0.000821538 0.000439121 0.0164208)
(-0.000458784 -0.000245225 0.0106777)
(-0.000247653 -0.000132374 0.0110714)
(-0.00019145 -0.000102332 0.0105367)
(-0.000106951 -5.71664e-05 0.0103929)
(-5.47053e-05 -2.92406e-05 0.0103422)
(-2.54227e-05 -1.35887e-05 0.0103356)
(-1.03311e-05 -5.52208e-06 0.0103447)
(-2.88864e-06 -1.54401e-06 0.010359)
(5.44159e-07 2.90859e-07 0.0103733)
(1.93045e-06 1.03184e-06 0.010386)
(2.30865e-06 1.234e-06 0.0103965)
(2.21938e-06 1.18628e-06 0.0104048)
(1.93992e-06 1.03691e-06 0.0104113)
(1.60787e-06 8.59422e-07 0.0104162)
(1.28729e-06 6.88072e-07 0.0104199)
(1.0041e-06 5.36705e-07 0.0104227)
(7.65046e-07 4.08925e-07 0.0104247)
(5.67835e-07 3.03514e-07 0.0104262)
(4.0684e-07 2.17461e-07 0.0104273)
(2.75252e-07 1.47125e-07 0.010428)
(1.71893e-07 9.18788e-08 0.0104285)
(8.70645e-08 4.6537e-08 0.0104289)
(0.00484625 0.00397721 -0.00102407)
(0.00128628 0.00105562 0.0232312)
(0.000142941 0.000117309 0.0110184)
(-1.67527e-05 -1.37486e-05 0.0116441)
(-9.14872e-05 -7.50816e-05 0.0106986)
(-7.18159e-05 -5.89378e-05 0.0104628)
(-4.49793e-05 -3.69136e-05 0.0103563)
(-2.60435e-05 -2.13734e-05 0.0103256)
(-1.48487e-05 -1.2186e-05 0.010323)
(-8.42311e-06 -6.91267e-06 0.0103317)
(-4.73727e-06 -3.88778e-06 0.0103433)
(-2.6201e-06 -2.15026e-06 0.0103547)
(-1.4043e-06 -1.15248e-06 0.0103645)
(-7.13629e-07 -5.85661e-07 0.0103725)
(-3.29162e-07 -2.70136e-07 0.0103788)
(-1.22202e-07 -1.00289e-07 0.0103837)
(-1.68707e-08 -1.38455e-08 0.0103874)
(3.13852e-08 2.57572e-08 0.0103902)
(4.84812e-08 3.97875e-08 0.0103923)
(4.92643e-08 4.04302e-08 0.0103938)
(4.19713e-08 3.44449e-08 0.0103949)
(2.94791e-08 2.41929e-08 0.0103956)
(1.07135e-08 8.79238e-09 0.0103961)
(-2.27178e-08 -1.8644e-08 0.0103965)
(-0.000117621 -0.000143322 0.00185337)
(0.000199841 0.000373876 0.0130217)
(0.00089214 0.00294099 0.00700023)
(0.000945053 0.00959529 0.00838219)
(-8.07193e-06 -9.83568e-06 0.0216861)
(0.000743847 0.00139164 0.0186185)
(0.00092263 0.0030415 0.0183759)
(0.000337009 0.00342171 0.0108274)
(0.00086979 0.00105984 0.0112099)
(0.00111906 0.00209361 0.0114141)
(0.000688018 0.00226809 0.00958001)
(9.57922e-05 0.000972595 0.0078623)
(0.000339856 0.000414115 0.0116912)
(0.000491986 0.000920442 0.0110919)
(0.000283184 0.000933532 0.0100147)
(1.71007e-06 1.73626e-05 0.0093696)
(9.90647e-05 0.000120711 0.0107623)
(0.000186459 0.00034884 0.0105388)
(8.73648e-05 0.000288003 0.0101381)
(-2.03974e-05 -0.000207099 0.00995813)
(9.93673e-06 1.21079e-05 0.0105003)
(5.34602e-05 0.000100017 0.010403)
(1.38901e-05 4.57896e-05 0.0102508)
(-1.88122e-05 -0.000191004 0.0102155)
(-1.17368e-05 -1.43013e-05 0.010377)
(7.62496e-06 1.42653e-05 0.0103548)
(-7.07217e-06 -2.33138e-05 0.0103138)
(-1.31713e-05 -0.000133731 0.0103243)
(-1.44342e-05 -1.75881e-05 0.0103375)
(-6.51137e-06 -1.21819e-05 0.0103486)
(-1.10393e-05 -3.63917e-05 0.0103519)
(-8.74248e-06 -8.87639e-05 0.0103736)
(-1.23048e-05 -1.49934e-05 0.0103303)
(-9.47832e-06 -1.77327e-05 0.0103559)
(-1.01667e-05 -3.35152e-05 0.0103764)
(-5.89148e-06 -5.98172e-05 0.0103994)
(-9.45561e-06 -1.15217e-05 0.0103362)
(-8.82355e-06 -1.65077e-05 0.0103677)
(-8.25643e-06 -2.72178e-05 0.0103943)
(-4.09941e-06 -4.1622e-05 0.0104158)
(-6.91166e-06 -8.42188e-06 0.0103463)
(-7.21369e-06 -1.34959e-05 0.0103797)
(-6.39131e-06 -2.10693e-05 0.010408)
(-2.93319e-06 -2.97812e-05 0.0104278)
(-4.94068e-06 -6.02023e-06 0.0103566)
(-5.57667e-06 -1.04332e-05 0.0103905)
(-4.84294e-06 -1.5965e-05 0.0104189)
(-2.13919e-06 -2.17196e-05 0.0104372)
(-3.49089e-06 -4.25366e-06 0.0103657)
(-4.19533e-06 -7.84892e-06 0.0103995)
(-3.63102e-06 -1.19699e-05 0.0104276)
(-1.57773e-06 -1.6019e-05 0.0104446)
(-2.45415e-06 -2.99038e-06 0.0103733)
(-3.11186e-06 -5.82188e-06 0.0104068)
(-2.70657e-06 -8.92238e-06 0.0104344)
(-1.17023e-06 -1.18815e-05 0.0104505)
(-1.72344e-06 -2.10002e-06 0.0103793)
(-2.29079e-06 -4.28578e-06 0.0104125)
(-2.00996e-06 -6.62594e-06 0.0104397)
(-8.69681e-07 -8.83002e-06 0.0104551)
(-1.21149e-06 -1.47621e-06 0.010384)
(-1.67889e-06 -3.14098e-06 0.010417)
(-1.488e-06 -4.90528e-06 0.0104438)
(-6.45964e-07 -6.55858e-06 0.0104587)
(-8.52926e-07 -1.03929e-06 0.0103876)
(-1.22617e-06 -2.29401e-06 0.0104204)
(-1.09772e-06 -3.61869e-06 0.010447)
(-4.78529e-07 -4.85859e-06 0.0104615)
(-6.00832e-07 -7.32115e-07 0.0103903)
(-8.91725e-07 -1.6683e-06 0.010423)
(-8.05712e-07 -2.65608e-06 0.0104493)
(-3.52709e-07 -3.58112e-06 0.0104635)
(-4.22238e-07 -5.14499e-07 0.0103923)
(-6.43874e-07 -1.2046e-06 0.0104249)
(-5.86468e-07 -1.93332e-06 0.0104511)
(-2.57704e-07 -2.61651e-06 0.0104651)
(-2.94188e-07 -3.58469e-07 0.0103938)
(-4.58763e-07 -8.58285e-07 0.0104263)
(-4.2067e-07 -1.38676e-06 0.0104524)
(-1.85441e-07 -1.88281e-06 0.0104662)
(-2.01186e-07 -2.45146e-07 0.0103949)
(-3.19235e-07 -5.97246e-07 0.0104273)
(-2.94223e-07 -9.69924e-07 0.0104534)
(-1.30017e-07 -1.32008e-06 0.0104671)
(-1.34518e-07 -1.6391e-07 0.0103956)
(-2.15012e-07 -4.02259e-07 0.010428)
(-1.98662e-07 -6.54902e-07 0.010454)
(-8.78672e-08 -8.92131e-07 0.0104676)
(-9.70108e-08 -1.18208e-07 0.0103961)
(-1.48767e-07 -2.78324e-07 0.0104285)
(-1.34983e-07 -4.44978e-07 0.0104544)
(-5.90974e-08 -6.00026e-07 0.010468)
(-8.82145e-08 -1.0749e-07 0.0103965)
(-1.20689e-07 -2.25793e-07 0.0104289)
(-1.0756e-07 -3.54578e-07 0.0104548)
(-4.654e-08 -4.72528e-07 0.0104683)
)
;
    }
    procBoundary1to0
    {
        type            processor;
        value           nonuniform List<vector> 
192
(
(0.00433689 -0.00587945 0.0102092)
(0.00830485 -0.00238184 0.00568097)
(-1.82536e-05 0.000259306 0.000716972)
(0.000464606 0.000523369 0.00158608)
(0.000298398 -0.0010305 0.0189429)
(0.000713612 0.000317563 0.0200591)
(-0.000549009 0.000932918 0.0157693)
(-0.00117482 0.000862549 0.0212366)
(-0.000664751 -0.000266823 0.0109724)
(-0.00042645 0.000160478 0.0105796)
(-0.000250978 6.90997e-05 0.00950052)
(-5.23411e-05 -0.000135648 0.0100458)
(-0.000303812 -0.000202132 0.0106433)
(-0.00013929 -4.93568e-05 0.0105579)
(0.000105869 -0.000145794 0.0103279)
(0.000354496 -0.000295354 0.0104119)
(1.04015e-05 -0.000173745 0.0105504)
(0.000111719 -0.000120843 0.0105604)
(0.000256957 -0.000163082 0.010509)
(0.00040441 -0.000243908 0.0105446)
(0.000105213 -0.000136124 0.0105629)
(0.000166115 -0.000123387 0.0105898)
(0.000244258 -0.00014392 0.0105888)
(0.000321578 -0.000184892 0.0106131)
(0.00010735 -0.000102207 0.0106105)
(0.000143339 -0.000104772 0.0106392)
(0.000185298 -0.000118292 0.0106548)
(0.000225541 -0.000139942 0.0106772)
(8.73291e-05 -7.66063e-05 0.0106549)
(0.000108269 -8.36525e-05 0.0106818)
(0.000131203 -9.3731e-05 0.0107007)
(0.000152567 -0.000105895 0.010721)
(6.68483e-05 -5.7747e-05 0.0106878)
(7.9104e-05 -6.50553e-05 0.0107122)
(9.19271e-05 -7.25659e-05 0.0107302)
(0.000103588 -7.97805e-05 0.0107474)
(5.02901e-05 -4.35957e-05 0.0107112)
(5.7582e-05 -4.97939e-05 0.0107331)
(6.49479e-05 -5.52862e-05 0.010749)
(7.14991e-05 -5.97351e-05 0.0107632)
(3.76403e-05 -3.28365e-05 0.0107275)
(4.20737e-05 -3.76908e-05 0.0107473)
(4.64201e-05 -4.16496e-05 0.0107611)
(5.01972e-05 -4.44706e-05 0.0107724)
(2.81143e-05 -2.46347e-05 0.0107387)
(3.08729e-05 -2.82984e-05 0.0107569)
(3.35028e-05 -3.11313e-05 0.0107688)
(3.57291e-05 -3.29591e-05 0.0107779)
(2.09668e-05 -1.84021e-05 0.0107466)
(2.27222e-05 -2.11174e-05 0.0107634)
(2.43501e-05 -2.31407e-05 0.0107737)
(2.56868e-05 -2.43472e-05 0.010781)
(1.56103e-05 -1.36902e-05 0.0107521)
(1.67506e-05 -1.56846e-05 0.0107679)
(1.77789e-05 -1.71313e-05 0.0107769)
(1.8594e-05 -1.79413e-05 0.0107828)
(1.1599e-05 -1.01464e-05 0.0107559)
(1.23534e-05 -1.16046e-05 0.0107709)
(1.30147e-05 -1.26418e-05 0.010779)
(1.35184e-05 -1.31939e-05 0.0107839)
(8.59674e-06 -7.4923e-06 0.0107586)
(9.10353e-06 -8.55567e-06 0.010773)
(9.53537e-06 -9.30121e-06 0.0107804)
(9.85015e-06 -9.68285e-06 0.0107845)
(6.34955e-06 -5.50977e-06 0.0107606)
(6.69418e-06 -6.28346e-06 0.0107745)
(6.97981e-06 -6.82011e-06 0.0107813)
(7.1783e-06 -7.08726e-06 0.0107848)
(4.66531e-06 -4.02984e-06 0.0107619)
(4.90167e-06 -4.5908e-06 0.0107755)
(5.09246e-06 -4.97687e-06 0.0107819)
(5.21861e-06 -5.16523e-06 0.010785)
(3.3984e-06 -2.92255e-06 0.0107629)
(3.56109e-06 -3.32658e-06 0.0107762)
(3.6893e-06 -3.60321e-06 0.0107824)
(3.77007e-06 -3.73583e-06 0.0107851)
(2.43876e-06 -2.08903e-06 0.0107636)
(2.55028e-06 -2.37627e-06 0.0107767)
(2.63633e-06 -2.57234e-06 0.0107827)
(2.68821e-06 -2.66484e-06 0.0107852)
(1.70523e-06 -1.4569e-06 0.0107641)
(1.78038e-06 -1.65626e-06 0.010777)
(1.83731e-06 -1.79212e-06 0.0107828)
(1.87026e-06 -1.85556e-06 0.0107852)
(1.14498e-06 -9.82752e-07 0.0107644)
(1.19388e-06 -1.11659e-06 0.0107773)
(1.23026e-06 -1.20761e-06 0.010783)
(1.25044e-06 -1.25011e-06 0.0107853)
(7.42151e-07 -6.65164e-07 0.0107646)
(7.72683e-07 -7.55615e-07 0.0107774)
(7.94847e-07 -8.16837e-07 0.0107831)
(8.06401e-07 -8.45581e-07 0.0107853)
(5.28669e-07 -5.408e-07 0.0107648)
(5.4905e-07 -6.14564e-07 0.0107776)
(5.63464e-07 -6.64545e-07 0.0107831)
(5.70304e-07 -6.88164e-07 0.0107853)
(0.00527342 -0.00476147 0.00599056)
(-0.00465246 0.00129508 0.00354296)
(-0.0036125 0.000906281 0.00243056)
(-0.000229576 0.00247645 0.0027292)
(-0.000751033 0.000205633 0.0160379)
(-0.00191441 0.000601887 0.0126314)
(-0.0012493 -0.000303435 0.0131577)
(-3.94053e-05 -0.000733287 0.0168318)
(-0.000862298 0.000169892 0.0089573)
(-0.00100311 5.07496e-05 0.00858484)
(-0.000872384 -0.000409886 0.00900164)
(-0.000666085 -0.00055198 0.010051)
(-0.000278703 -1.98631e-05 0.00939398)
(-0.000333368 -0.000156568 0.00948407)
(-0.000342973 -0.0003262 0.00978914)
(-0.000328331 -0.000352833 0.0102519)
(1.6666e-05 -5.03234e-05 0.00974702)
(-1.71686e-05 -0.000137812 0.00993263)
(-3.38754e-05 -0.000216183 0.0101438)
(-2.81382e-05 -0.000229673 0.0103729)
(8.23571e-05 -4.11799e-05 0.010023)
(6.58359e-05 -9.42776e-05 0.010195)
(6.04339e-05 -0.000136361 0.0103426)
(7.13394e-05 -0.000149705 0.0104709)
(8.01502e-05 -2.84217e-05 0.0101919)
(7.29652e-05 -6.11087e-05 0.0103496)
(7.32854e-05 -8.67575e-05 0.0104656)
(8.37378e-05 -9.96399e-05 0.0105519)
(6.52734e-05 -1.92206e-05 0.0102918)
(6.22738e-05 -4.02842e-05 0.0104407)
(6.42476e-05 -5.75763e-05 0.0105417)
(7.22121e-05 -6.90768e-05 0.0106101)
(5.10949e-05 -1.33092e-05 0.0103515)
(4.98342e-05 -2.75849e-05 0.0104954)
(5.18689e-05 -4.00127e-05 0.0105892)
(5.74233e-05 -4.96863e-05 0.0106495)
(3.95424e-05 -9.48716e-06 0.0103888)
(3.89885e-05 -1.95545e-05 0.0105299)
(4.06475e-05 -2.87528e-05 0.0106199)
(4.44028e-05 -3.65437e-05 0.0106763)
(3.04049e-05 -6.90467e-06 0.0104131)
(3.01376e-05 -1.41829e-05 0.0105526)
(3.13851e-05 -2.10604e-05 0.0106406)
(3.39104e-05 -2.715e-05 0.0106948)
(2.32367e-05 -5.08515e-06 0.0104296)
(2.30883e-05 -1.04173e-05 0.010568)
(2.39972e-05 -1.55652e-05 0.0106547)
(2.57062e-05 -2.02296e-05 0.0107076)
(1.7653e-05 -3.76593e-06 0.010441)
(1.75571e-05 -7.69536e-06 0.0105786)
(1.82118e-05 -1.15393e-05 0.0106646)
(1.93812e-05 -1.50632e-05 0.0107165)
(1.33362e-05 -2.79361e-06 0.010449)
(1.32667e-05 -5.69424e-06 0.0105862)
(1.37372e-05 -8.55424e-06 0.0106716)
(1.45468e-05 -1.11913e-05 0.0107229)
(1.00229e-05 -2.07112e-06 0.0104547)
(9.96932e-06 -4.21099e-06 0.0105916)
(1.03077e-05 -6.33094e-06 0.0106766)
(1.08743e-05 -8.29083e-06 0.0107273)
(7.49492e-06 -1.53237e-06 0.0104589)
(7.45268e-06 -3.10786e-06 0.0105954)
(7.69641e-06 -4.67324e-06 0.0106802)
(8.09647e-06 -6.12198e-06 0.0107305)
(5.57441e-06 -1.12999e-06 0.0104619)
(5.54104e-06 -2.28623e-06 0.0105982)
(5.71677e-06 -3.43719e-06 0.0106828)
(6.00089e-06 -4.5027e-06 0.0107328)
(4.11822e-06 -8.28956e-07 0.010464)
(4.0921e-06 -1.67331e-06 0.0106002)
(4.21863e-06 -2.51485e-06 0.0106846)
(4.42092e-06 -3.29386e-06 0.0107345)
(3.0128e-06 -6.02975e-07 0.0104655)
(2.99266e-06 -1.2146e-06 0.0106017)
(3.0833e-06 -1.82463e-06 0.0106859)
(3.22699e-06 -2.3892e-06 0.0107357)
(2.1693e-06 -4.3226e-07 0.0104666)
(2.15416e-06 -8.69158e-07 0.0106027)
(2.21832e-06 -1.30494e-06 0.0106869)
(2.31942e-06 -1.7081e-06 0.0107365)
(1.52053e-06 -3.02321e-07 0.0104674)
(1.50968e-06 -6.07234e-07 0.0106034)
(1.55411e-06 -9.10874e-07 0.0106875)
(1.62375e-06 -1.19159e-06 0.0107371)
(1.02216e-06 -2.04167e-07 0.0104679)
(1.01527e-06 -4.10871e-07 0.0106039)
(1.04508e-06 -6.15373e-07 0.010688)
(1.09135e-06 -8.04304e-07 0.0107375)
(6.61538e-07 -1.36696e-07 0.0104683)
(6.58738e-07 -2.79245e-07 0.0106042)
(6.78485e-07 -4.17239e-07 0.0106883)
(7.0819e-07 -5.45092e-07 0.0107377)
(4.68527e-07 -1.00773e-07 0.0104686)
(4.71419e-07 -2.18845e-07 0.0106045)
(4.85968e-07 -3.3855e-07 0.0106885)
(5.06018e-07 -4.45379e-07 0.010738)
)
;
    }
    procBoundary1to3
    {
        type            processor;
        value           nonuniform List<vector> 
192
(
(0.00105747 -0.000627348 0.00946982)
(-0.00274681 -0.00220919 0.00292665)
(-0.00249925 -0.00350926 0.00331457)
(-0.00697622 -0.00351928 0.00118535)
(-0.000464462 0.00143676 0.0166266)
(0.000558647 0.000875899 0.0166238)
(0.000766665 -0.000240872 0.0140969)
(-0.000333273 -0.00160383 0.0122452)
(0.000521447 0.00035647 0.00968025)
(0.000849069 0.000282481 0.0090265)
(0.000950878 -0.000129324 0.00833711)
(0.000590998 -0.000818358 0.00768558)
(0.00061181 -8.89081e-05 0.0101064)
(0.000569683 -3.20745e-05 0.00969177)
(0.000480851 -0.00014431 0.00940001)
(0.000226242 -0.000419529 0.00922275)
(0.000471021 -0.000178083 0.0103265)
(0.000349312 -0.000128286 0.0101031)
(0.000204124 -0.000154408 0.00997258)
(1.18061e-05 -0.000260025 0.00994131)
(0.000324179 -0.000163351 0.0104934)
(0.000222699 -0.000134482 0.0103732)
(0.000106012 -0.000138561 0.0103102)
(-1.92169e-05 -0.000178282 0.0103084)
(0.000215015 -0.000131061 0.0106164)
(0.000148562 -0.000114776 0.0105485)
(7.34071e-05 -0.000112726 0.010513)
(-8.31794e-07 -0.00012612 0.0105094)
(0.000143003 -0.000101153 0.0106909)
(0.000103279 -9.14192e-05 0.0106502)
(5.86923e-05 -8.7756e-05 0.0106265)
(1.60752e-05 -9.07356e-05 0.0106171)
(9.71704e-05 -7.68213e-05 0.0107328)
(7.41229e-05 -7.07166e-05 0.0107067)
(4.81927e-05 -6.71009e-05 0.0106887)
(2.35149e-05 -6.63254e-05 0.0106752)
(6.76183e-05 -5.77636e-05 0.0107561)
(5.42787e-05 -5.3844e-05 0.0107383)
(3.90694e-05 -5.08535e-05 0.0107235)
(2.43608e-05 -4.90487e-05 0.010708)
(4.79638e-05 -4.31308e-05 0.010769)
(4.01699e-05 -4.05942e-05 0.0107562)
(3.10626e-05 -3.83233e-05 0.0107436)
(2.19834e-05 -3.65135e-05 0.0107275)
(3.44814e-05 -3.20473e-05 0.0107762)
(2.98606e-05 -3.04038e-05 0.0107666)
(2.42689e-05 -2.87581e-05 0.0107557)
(1.84718e-05 -2.72584e-05 0.0107397)
(2.50048e-05 -2.37302e-05 0.0107802)
(2.22179e-05 -2.26662e-05 0.0107728)
(1.86958e-05 -2.1505e-05 0.0107631)
(1.48836e-05 -2.03573e-05 0.0107475)
(1.82282e-05 -1.75275e-05 0.0107824)
(1.65163e-05 -1.68389e-05 0.0107765)
(1.42434e-05 -1.60318e-05 0.0107679)
(1.16749e-05 -1.51876e-05 0.0107528)
(1.33256e-05 -1.29191e-05 0.0107837)
(1.22544e-05 -1.24733e-05 0.0107788)
(1.07553e-05 -1.19168e-05 0.010771)
(8.99136e-06 -1.13087e-05 0.0107564)
(9.75079e-06 -9.50188e-06 0.0107844)
(9.06792e-06 -9.21303e-06 0.0107803)
(8.06074e-06 -8.83059e-06 0.0107731)
(6.83184e-06 -8.39752e-06 0.010759)
(7.12884e-06 -6.9687e-06 0.0107848)
(6.68569e-06 -6.7813e-06 0.0107813)
(5.999e-06 -6.51885e-06 0.0107745)
(5.13431e-06 -6.21237e-06 0.0107608)
(5.19502e-06 -5.0882e-06 0.010785)
(4.90323e-06 -4.96636e-06 0.0107819)
(4.43014e-06 -4.78635e-06 0.0107755)
(3.81844e-06 -4.57044e-06 0.0107621)
(3.75904e-06 -3.68673e-06 0.0107851)
(3.56544e-06 -3.60729e-06 0.0107824)
(3.23788e-06 -3.48403e-06 0.0107762)
(2.80521e-06 -3.33273e-06 0.010763)
(2.68301e-06 -2.63432e-06 0.0107852)
(2.55458e-06 -2.58257e-06 0.0107826)
(2.32863e-06 -2.49871e-06 0.0107767)
(2.02508e-06 -2.39376e-06 0.0107636)
(1.86793e-06 -1.83691e-06 0.0107852)
(1.78353e-06 -1.80368e-06 0.0107828)
(1.63035e-06 -1.74761e-06 0.010777)
(1.4218e-06 -1.67625e-06 0.0107641)
(1.24947e-06 -1.23887e-06 0.0107853)
(1.19525e-06 -1.21818e-06 0.010783)
(1.09496e-06 -1.18176e-06 0.0107773)
(9.56935e-07 -1.13462e-06 0.0107644)
(8.0568e-07 -8.38999e-07 0.0107853)
(7.71803e-07 -8.26252e-07 0.010783)
(7.08418e-07 -8.02621e-07 0.0107774)
(6.2017e-07 -7.71179e-07 0.0107646)
(5.69814e-07 -6.84105e-07 0.0107853)
(5.47438e-07 -6.7442e-07 0.0107831)
(5.04059e-07 -6.55536e-07 0.0107775)
(4.4248e-07 -6.2957e-07 0.0107647)
(-0.00565786 -0.00363112 0.00225335)
(-0.0016449 0.0025354 0.0040702)
(-0.00874634 0.0270684 0.00181061)
(-0.00726827 0.0318527 -0.00194146)
(-0.000811384 -0.0018427 0.0123574)
(-0.000448766 -0.000759755 0.0136848)
(-0.000885656 0.00310036 0.013031)
(-0.000764964 0.00485954 0.0119406)
(0.000123885 -0.00133166 0.00806931)
(-6.66689e-05 -0.00155072 0.00909294)
(-0.000161662 -0.00121774 0.00925894)
(-1.93617e-05 -0.000902659 0.00903109)
(-7.99645e-05 -0.000755871 0.00949632)
(-0.000187743 -0.00106322 0.0100503)
(-8.62536e-05 -0.00122931 0.010336)
(7.36993e-05 -0.00125928 0.0103914)
(-0.000161535 -0.00042791 0.0101092)
(-0.000206758 -0.000608013 0.0103959)
(-0.000109261 -0.000747096 0.0105663)
(2.83014e-05 -0.000811063 0.0105492)
(-0.000114642 -0.000252228 0.0103909)
(-0.000137272 -0.000336467 0.0105135)
(-8.10974e-05 -0.00040654 0.0105736)
(6.09853e-06 -0.000443088 0.0105113)
(-5.39953e-05 -0.000155649 0.0105379)
(-6.86347e-05 -0.000190751 0.0105714)
(-4.31187e-05 -0.000220844 0.0105612)
(2.35362e-06 -0.000237517 0.0104666)
(-1.46361e-05 -0.000100984 0.010616)
(-2.56054e-05 -0.000114111 0.0106054)
(-1.69338e-05 -0.000125875 0.0105575)
(3.26897e-06 -0.000132992 0.010443)
(4.82876e-06 -6.88079e-05 0.0106591)
(-3.78931e-06 -7.28675e-05 0.0106272)
(-2.98236e-06 -7.70243e-05 0.0105603)
(4.19614e-06 -8.01743e-05 0.0104348)
(1.23659e-05 -4.87156e-05 0.0106847)
(5.56381e-06 -4.93218e-05 0.0106426)
(3.25533e-06 -5.05276e-05 0.0105664)
(4.4051e-06 -5.2114e-05 0.0104352)
(1.3938e-05 -3.53716e-05 0.010701)
(8.61549e-06 -3.48275e-05 0.0106541)
(5.41718e-06 -3.49768e-05 0.0105733)
(4.09029e-06 -3.59339e-05 0.0104394)
(1.29028e-05 -2.60582e-05 0.0107118)
(8.78495e-06 -2.52556e-05 0.0106628)
(5.64815e-06 -2.5083e-05 0.0105799)
(3.52871e-06 -2.57572e-05 0.0104446)
(1.09468e-05 -1.93377e-05 0.0107193)
(7.79463e-06 -1.85891e-05 0.0106694)
(5.0716e-06 -1.83608e-05 0.0105856)
(2.9061e-06 -1.8878e-05 0.0104497)
(8.85428e-06 -1.43914e-05 0.0107246)
(6.46306e-06 -1.37824e-05 0.0106745)
(4.23744e-06 -1.35825e-05 0.0105902)
(2.32021e-06 -1.39914e-05 0.0104541)
(6.95366e-06 -1.07117e-05 0.0107284)
(5.15352e-06 -1.02451e-05 0.0106783)
(3.39683e-06 -1.00913e-05 0.0105939)
(1.81244e-06 -1.04151e-05 0.0104578)
(5.353e-06 -7.95949e-06 0.0107312)
(4.00686e-06 -7.61268e-06 0.0106812)
(2.65128e-06 -7.50088e-06 0.0105968)
(1.39295e-06 -7.75498e-06 0.0104607)
(4.05938e-06 -5.89498e-06 0.0107332)
(3.05925e-06 -5.64151e-06 0.0106833)
(2.03014e-06 -5.56253e-06 0.010599)
(1.05652e-06 -5.75943e-06 0.0104629)
(3.0383e-06 -4.34245e-06 0.0107347)
(2.3007e-06 -4.15925e-06 0.0106849)
(1.53016e-06 -4.10431e-06 0.0106007)
(7.91598e-07 -4.25477e-06 0.0104647)
(2.24227e-06 -3.17038e-06 0.0107358)
(1.70377e-06 -3.03931e-06 0.0106861)
(1.1351e-06 -3.00153e-06 0.0106019)
(5.85032e-07 -3.11464e-06 0.0104659)
(1.62404e-06 -2.27965e-06 0.0107366)
(1.23714e-06 -2.18717e-06 0.010687)
(8.25383e-07 -2.16147e-06 0.0106028)
(4.24395e-07 -2.24465e-06 0.0104669)
(1.14306e-06 -1.5978e-06 0.0107371)
(8.72497e-07 -1.53394e-06 0.0106876)
(5.82917e-07 -1.51655e-06 0.0106035)
(2.99254e-07 -1.5754e-06 0.0104676)
(7.71111e-07 -1.0822e-06 0.0107375)
(5.8977e-07 -1.03897e-06 0.010688)
(3.94957e-07 -1.02637e-06 0.0106039)
(2.02609e-07 -1.06442e-06 0.010468)
(5.01806e-07 -7.35468e-07 0.0107377)
(3.85125e-07 -7.04554e-07 0.0106883)
(2.59897e-07 -6.91904e-07 0.0106042)
(1.33857e-07 -7.10533e-07 0.0104683)
(3.62499e-07 -5.99557e-07 0.0107379)
(2.79066e-07 -5.7162e-07 0.0106885)
(1.86934e-07 -5.53317e-07 0.0106044)
(9.65615e-08 -5.52718e-07 0.0104686)
)
;
    }
}


// ************************************************************************* //
