/*--------------------------------*- C++ -*----------------------------------*\
  =========                 |
  \\      /  F ield         | OpenFOAM: The Open Source CFD Toolbox
   \\    /   O peration     | Website:  https://openfoam.org
    \\  /    A nd           | Version:  6
     \\/     M anipulation  |
\*---------------------------------------------------------------------------*/
FoamFile
{
    version     2.0;
    format      ascii;
    class       volVectorField;
    location    "0.05";
    object      U;
}
// * * * * * * * * * * * * * * * * * * * * * * * * * * * * * * * * * * * * * //

dimensions      [0 1 -1 0 0 0 0];

internalField   nonuniform List<vector> 
1152
(
(-0.00820338 0.00311372 -0.00227646)
(-0.0162696 6.63853e-05 0.0134391)
(-0.0250045 -0.00509297 0.0061041)
(-0.0132259 -0.00233793 0.00339927)
(0.00135168 0.00610603 0.00460295)
(0.00787818 0.00758264 0.0105629)
(0.000526626 0.00348409 0.00361743)
(-0.00821232 0.00529791 0.00123304)
(0.00237755 0.00233276 0.0096513)
(0.00319683 0.00095006 0.00933191)
(0.000192073 -0.015282 0.00609819)
(-0.00376159 -0.0164522 0.00399502)
(0.00230859 0.00148446 0.0071943)
(-0.00709661 0.00213858 0.00350416)
(0.000994678 -0.00677133 0.00658236)
(-0.00135634 -0.00859332 0.00111366)
(-0.00086825 0.000136642 0.022387)
(-0.000222751 0.00072046 0.0229382)
(0.00150127 0.000853247 0.0312141)
(0.00301366 0.00145611 0.0240266)
(0.000432092 0.000991097 0.0179683)
(0.00270143 0.00275296 0.0158287)
(0.00364173 0.00255386 0.00980378)
(0.00167446 0.0020301 0.00493221)
(-0.000291763 0.00118829 0.0146755)
(0.00185783 0.00183442 0.013368)
(0.00278868 -0.000383789 0.00988657)
(0.00117448 -0.00096302 0.00515825)
(-0.000156944 0.00116664 0.0155313)
(0.000623679 0.00144671 0.0133404)
(0.00182797 -0.000379105 0.0107749)
(0.000655807 -0.00141912 0.00706818)
(-0.000299314 0.000124885 0.0116299)
(0.000526694 0.000772539 0.0124209)
(0.0014208 0.00151523 0.0123649)
(0.0011328 0.00235732 0.0103806)
(8.25992e-05 0.000629469 0.0108996)
(0.00105048 0.00143745 0.0109237)
(0.00180503 0.00193969 0.00955521)
(0.00127063 0.00234328 0.00792313)
(0.000171665 0.000540997 0.00994569)
(0.001018 0.00105751 0.00984449)
(0.00164127 0.00106194 0.00881148)
(0.00128029 0.00112303 0.00729322)
(0.000434658 0.000281354 0.00970553)
(0.000967187 0.000537243 0.00915198)
(0.00139111 0.000263304 0.00839014)
(0.00111048 -0.000111748 0.00703012)
(-0.00015813 1.70843e-05 0.0109245)
(0.000117226 0.000352042 0.0111532)
(0.000400768 0.000726337 0.0111243)
(0.000293962 0.00109184 0.0109061)
(5.84402e-05 0.00026084 0.010718)
(0.000350304 0.000613703 0.0107152)
(0.000600364 0.000924641 0.0104502)
(0.000445151 0.00116284 0.0100809)
(0.000245243 0.000189515 0.0103535)
(0.000463838 0.00047295 0.0102245)
(0.000656501 0.000623411 0.00991141)
(0.000532886 0.000705956 0.00947105)
(0.000471636 -2.80152e-06 0.0101994)
(0.000563871 0.000180958 0.00989239)
(0.000641558 0.000185217 0.00956941)
(0.000495719 6.07831e-05 0.00914292)
(-1.69626e-05 -4.69557e-05 0.0107092)
(8.33642e-07 0.000117105 0.010769)
(3.13506e-05 0.000283509 0.0107846)
(-2.79202e-05 0.000434482 0.0107536)
(0.000112384 4.65156e-05 0.0106408)
(0.000134955 0.00021397 0.0106091)
(0.000154354 0.000363488 0.0105361)
(7.96026e-05 0.000476517 0.0104399)
(0.000243603 1.47455e-05 0.0104966)
(0.000236488 0.000159973 0.0103962)
(0.000227584 0.000255825 0.0102789)
(0.000141544 0.000304776 0.0101453)
(0.000377258 -8.77349e-05 0.0104253)
(0.000319135 1.68812e-05 0.0102491)
(0.000255015 4.91227e-05 0.0101066)
(0.000131829 9.3385e-06 0.00997959)
(5.08174e-05 -6.34448e-05 0.010676)
(1.20959e-05 1.84449e-05 0.0106923)
(-1.47126e-05 9.24775e-05 0.0107043)
(-5.14677e-05 0.000151191 0.0107045)
(0.000125265 -3.51702e-05 0.0106618)
(8.63892e-05 4.84149e-05 0.0106354)
(5.03944e-05 0.000118312 0.0106098)
(1.36625e-06 0.000167335 0.0105833)
(0.000201841 -5.30794e-05 0.0106135)
(0.00015021 2.06379e-05 0.01055)
(9.7343e-05 7.06494e-05 0.0104985)
(3.15153e-05 9.37578e-05 0.0104558)
(0.000272754 -0.000105375 0.0105889)
(0.000199353 -5.10341e-05 0.0104901)
(0.00011925 -2.88461e-05 0.0104231)
(2.82886e-05 -4.21009e-05 0.0103836)
(6.57773e-05 -6.03467e-05 0.0107106)
(2.8933e-05 -1.76697e-05 0.0107099)
(-4.29191e-07 1.80245e-05 0.0107086)
(-2.59441e-05 4.31683e-05 0.0106998)
(0.000107704 -5.67441e-05 0.0107184)
(6.93827e-05 -1.33455e-05 0.0106969)
(3.33516e-05 2.14807e-05 0.0106808)
(-4.31008e-07 4.41107e-05 0.0106652)
(0.000150055 -7.02721e-05 0.0107101)
(0.000105573 -3.20234e-05 0.0106693)
(5.97379e-05 -5.6641e-06 0.0106407)
(1.44955e-05 6.14942e-06 0.0106204)
(0.000187414 -9.80675e-05 0.0107092)
(0.000133076 -6.9701e-05 0.0106516)
(7.38414e-05 -5.59913e-05 0.0106153)
(1.50123e-05 -5.91078e-05 0.0105973)
(6.06186e-05 -5.20137e-05 0.0107532)
(3.48021e-05 -2.8907e-05 0.0107451)
(1.2871e-05 -1.01383e-05 0.0107351)
(-5.23964e-06 2.12924e-06 0.0107161)
(8.4067e-05 -5.65894e-05 0.0107689)
(5.69771e-05 -3.31711e-05 0.0107512)
(3.09506e-05 -1.45301e-05 0.0107365)
(8.02283e-06 -2.73945e-06 0.0107194)
(0.000107387 -6.71686e-05 0.0107755)
(7.72335e-05 -4.65243e-05 0.0107483)
(4.58856e-05 -3.17598e-05 0.0107286)
(1.65809e-05 -2.45482e-05 0.010712)
(0.000127536 -8.26756e-05 0.0107841)
(9.28895e-05 -6.71306e-05 0.0107487)
(5.51072e-05 -5.82529e-05 0.0107254)
(1.91332e-05 -5.72613e-05 0.0107108)
(5.03478e-05 -4.28981e-05 0.0107873)
(3.35236e-05 -2.9816e-05 0.0107765)
(1.83702e-05 -1.91528e-05 0.0107618)
(5.3918e-06 -1.22519e-05 0.0107363)
(6.36969e-05 -4.91958e-05 0.0108055)
(4.60788e-05 -3.60286e-05 0.0107909)
(2.86677e-05 -2.53403e-05 0.0107763)
(1.30981e-05 -1.83246e-05 0.0107566)
(7.68025e-05 -5.71864e-05 0.0108169)
(5.77225e-05 -4.55343e-05 0.0107979)
(3.76026e-05 -3.67012e-05 0.0107821)
(1.87722e-05 -3.16701e-05 0.0107651)
(8.80545e-05 -6.62455e-05 0.010828)
(6.70037e-05 -5.72591e-05 0.010805)
(4.39016e-05 -5.12399e-05 0.0107877)
(2.19769e-05 -4.88871e-05 0.0107726)
(4.00955e-05 -3.43451e-05 0.0108123)
(2.92535e-05 -2.66047e-05 0.010801)
(1.89158e-05 -2.01335e-05 0.0107842)
(9.56089e-06 -1.57754e-05 0.0107552)
(4.79169e-05 -4.01457e-05 0.0108309)
(3.66738e-05 -3.24291e-05 0.0108186)
(2.51781e-05 -2.5922e-05 0.0108042)
(1.4476e-05 -2.13189e-05 0.0107828)
(5.55165e-05 -4.60027e-05 0.0108432)
(4.36367e-05 -3.91409e-05 0.0108291)
(3.08395e-05 -3.35693e-05 0.0108154)
(1.85409e-05 -2.98653e-05 0.0107978)
(6.20328e-05 -5.15062e-05 0.0108539)
(4.93651e-05 -4.6083e-05 0.0108379)
(3.52552e-05 -4.19177e-05 0.0108239)
(2.15993e-05 -3.94369e-05 0.0108081)
(3.12526e-05 -2.68912e-05 0.0108302)
(2.42067e-05 -2.21108e-05 0.0108192)
(1.71136e-05 -1.79629e-05 0.0108016)
(1.03331e-05 -1.49818e-05 0.0107711)
(3.59918e-05 -3.16162e-05 0.0108482)
(2.87919e-05 -2.69103e-05 0.0108377)
(2.11445e-05 -2.2748e-05 0.0108238)
(1.36744e-05 -1.95419e-05 0.0108016)
(4.05497e-05 -3.58415e-05 0.0108598)
(3.31256e-05 -3.16463e-05 0.010849)
(2.48986e-05 -2.79936e-05 0.0108367)
(1.66775e-05 -2.52316e-05 0.0108189)
(4.44503e-05 -3.92978e-05 0.0108693)
(3.67793e-05 -3.59204e-05 0.0108576)
(2.80286e-05 -3.30205e-05 0.0108456)
(1.92691e-05 -3.0874e-05 0.0108296)
(2.40388e-05 -2.07039e-05 0.0108428)
(1.93936e-05 -1.76344e-05 0.0108326)
(1.44771e-05 -1.48603e-05 0.0108149)
(9.54016e-06 -1.27236e-05 0.0107837)
(2.70076e-05 -2.4357e-05 0.0108599)
(2.2343e-05 -2.13818e-05 0.010851)
(1.71864e-05 -1.86154e-05 0.0108376)
(1.19011e-05 -1.63106e-05 0.0108152)
(2.98299e-05 -2.73875e-05 0.0108706)
(2.51359e-05 -2.47398e-05 0.0108619)
(1.97555e-05 -2.22797e-05 0.0108508)
(1.41373e-05 -2.02246e-05 0.010833)
(3.22314e-05 -2.96211e-05 0.0108785)
(2.75252e-05 -2.74693e-05 0.0108696)
(2.19823e-05 -2.54487e-05 0.0108591)
(1.62004e-05 -2.37449e-05 0.0108433)
(1.83179e-05 -1.574e-05 0.0108517)
(1.52081e-05 -1.37038e-05 0.0108422)
(1.17653e-05 -1.17906e-05 0.0108248)
(8.15954e-06 -1.02229e-05 0.0107935)
(2.02344e-05 -1.84947e-05 0.010868)
(1.71685e-05 -1.65553e-05 0.0108602)
(1.36416e-05 -1.46648e-05 0.0108474)
(9.862e-06 -1.29832e-05 0.0108251)
(2.20317e-05 -2.06683e-05 0.0108776)
(1.90195e-05 -1.89533e-05 0.0108705)
(1.54358e-05 -1.72654e-05 0.0108602)
(1.15254e-05 -1.57454e-05 0.0108428)
(2.35449e-05 -2.21479e-05 0.0108842)
(2.06112e-05 -2.07539e-05 0.0108772)
(1.70214e-05 -1.93461e-05 0.0108678)
(1.311e-05 -1.8053e-05 0.0108524)
(1.38584e-05 -1.18524e-05 0.0108581)
(1.17462e-05 -1.04667e-05 0.0108492)
(9.31354e-06 -9.1195e-06 0.0108321)
(6.67436e-06 -7.95791e-06 0.0108009)
(1.51273e-05 -1.39035e-05 0.0108736)
(1.30822e-05 -1.26076e-05 0.0108667)
(1.06383e-05 -1.12906e-05 0.0108544)
(7.91402e-06 -1.00566e-05 0.0108324)
(1.62993e-05 -1.54666e-05 0.0108822)
(1.43353e-05 -1.43323e-05 0.0108763)
(1.19072e-05 -1.31595e-05 0.0108668)
(9.14665e-06 -1.20419e-05 0.0108497)
(1.7271e-05 -1.64681e-05 0.0108877)
(1.54106e-05 -1.55532e-05 0.010882)
(1.30365e-05 -1.4572e-05 0.0108736)
(1.03379e-05 -1.3615e-05 0.0108586)
(1.04221e-05 -8.85896e-06 0.0108626)
(8.96902e-06 -7.89801e-06 0.0108543)
(7.23745e-06 -6.93657e-06 0.0108375)
(5.30343e-06 -6.07373e-06 0.0108066)
(1.12795e-05 -1.03756e-05 0.0108774)
(9.89609e-06 -9.49318e-06 0.0108712)
(8.18391e-06 -8.56375e-06 0.0108595)
(6.20953e-06 -7.65715e-06 0.0108377)
(1.20586e-05 -1.15035e-05 0.0108853)
(1.0758e-05 -1.0741e-05 0.0108802)
(9.08819e-06 -9.91891e-06 0.0108713)
(7.11906e-06 -9.10128e-06 0.0108546)
(1.26924e-05 -1.2194e-05 0.0108899)
(1.1492e-05 -1.15871e-05 0.0108852)
(9.89265e-06 -1.09026e-05 0.0108775)
(8.00263e-06 -1.02045e-05 0.0108629)
(7.79534e-06 -6.58091e-06 0.0108658)
(6.78512e-06 -5.90562e-06 0.010858)
(5.54577e-06 -5.21412e-06 0.0108416)
(4.12823e-06 -4.57402e-06 0.0108108)
(8.38386e-06 -7.69758e-06 0.0108802)
(7.43644e-06 -7.08812e-06 0.0108745)
(6.22646e-06 -6.42689e-06 0.0108632)
(4.79084e-06 -5.76157e-06 0.0108417)
(8.90981e-06 -8.51373e-06 0.0108874)
(8.0359e-06 -7.99465e-06 0.010883)
(6.87374e-06 -7.415e-06 0.0108746)
(5.45918e-06 -6.81922e-06 0.0108582)
(9.32855e-06 -8.99689e-06 0.0108914)
(8.54105e-06 -8.59074e-06 0.0108874)
(7.44688e-06 -8.11242e-06 0.0108802)
(6.10876e-06 -7.60765e-06 0.010866)
(5.79792e-06 -4.86034e-06 0.0108681)
(5.08994e-06 -4.38183e-06 0.0108607)
(4.19995e-06 -3.88268e-06 0.0108445)
(3.1622e-06 -3.40956e-06 0.0108139)
(6.20636e-06 -5.67944e-06 0.0108821)
(5.55104e-06 -5.25447e-06 0.0108769)
(4.69088e-06 -4.78199e-06 0.0108659)
(3.64591e-06 -4.29508e-06 0.0108446)
(6.56556e-06 -6.27079e-06 0.0108889)
(5.97106e-06 -5.9142e-06 0.0108849)
(5.15505e-06 -5.50408e-06 0.0108769)
(4.13491e-06 -5.07162e-06 0.0108608)
(6.8453e-06 -6.61288e-06 0.0108923)
(6.32069e-06 -6.33892e-06 0.0108889)
(5.56325e-06 -6.00418e-06 0.0108821)
(4.60932e-06 -5.64128e-06 0.0108682)
(4.28273e-06 -3.56584e-06 0.0108698)
(3.78428e-06 -3.22551e-06 0.0108626)
(3.14489e-06 -2.8653e-06 0.0108467)
(2.38771e-06 -2.51764e-06 0.0108162)
(4.56807e-06 -4.16381e-06 0.0108834)
(4.11178e-06 -3.86589e-06 0.0108785)
(3.49873e-06 -3.52802e-06 0.0108678)
(2.73943e-06 -3.17335e-06 0.0108467)
(4.81528e-06 -4.5918e-06 0.0108899)
(4.40715e-06 -4.34541e-06 0.0108863)
(3.83131e-06 -4.05502e-06 0.0108786)
(3.0953e-06 -3.74259e-06 0.0108627)
(5.0037e-06 -4.83565e-06 0.010893)
(4.64995e-06 -4.64984e-06 0.0108899)
(4.12154e-06 -4.4155e-06 0.0108834)
(3.43958e-06 -4.1559e-06 0.0108698)
(3.13239e-06 -2.59183e-06 0.010871)
(2.78152e-06 -2.35016e-06 0.010864)
(2.32398e-06 -2.09152e-06 0.0108483)
(1.7754e-06 -1.83843e-06 0.0108179)
(3.33192e-06 -3.02498e-06 0.0108844)
(3.01372e-06 -2.81607e-06 0.0108798)
(2.57771e-06 -2.57537e-06 0.0108692)
(2.02925e-06 -2.3191e-06 0.0108483)
(3.50247e-06 -3.33321e-06 0.0108906)
(3.22127e-06 -3.16269e-06 0.0108873)
(2.81489e-06 -2.95768e-06 0.0108798)
(2.28612e-06 -2.73364e-06 0.010864)
(3.62977e-06 -3.50679e-06 0.0108934)
(3.38984e-06 -3.38068e-06 0.0108906)
(3.02032e-06 -3.21711e-06 0.0108844)
(2.53389e-06 -3.03269e-06 0.010871)
(2.25483e-06 -1.85572e-06 0.0108718)
(2.00978e-06 -1.68573e-06 0.010865)
(1.68597e-06 -1.50228e-06 0.0108494)
(1.29396e-06 -1.32089e-06 0.0108192)
(2.39342e-06 -2.16512e-06 0.0108851)
(2.17287e-06 -2.01969e-06 0.0108806)
(1.86575e-06 -1.85009e-06 0.0108702)
(1.47467e-06 -1.66756e-06 0.0108494)
(2.51044e-06 -2.38448e-06 0.0108911)
(2.31752e-06 -2.26713e-06 0.010888)
(2.03297e-06 -2.12379e-06 0.0108806)
(1.65747e-06 -1.96526e-06 0.010865)
(2.59602e-06 -2.50673e-06 0.0108937)
(2.43379e-06 -2.42168e-06 0.0108911)
(2.17686e-06 -2.30855e-06 0.0108851)
(1.83332e-06 -2.17915e-06 0.0108718)
(1.58046e-06 -1.29628e-06 0.0108724)
(1.41264e-06 -1.17931e-06 0.0108657)
(1.18864e-06 -1.05228e-06 0.0108502)
(9.15506e-07 -9.25685e-07 0.0108201)
(1.67489e-06 -1.51188e-06 0.0108856)
(1.52474e-06 -1.41264e-06 0.0108812)
(1.31304e-06 -1.29584e-06 0.0108709)
(1.04096e-06 -1.16908e-06 0.0108502)
(1.7538e-06 -1.66443e-06 0.0108914)
(1.62353e-06 -1.58512e-06 0.0108884)
(1.42827e-06 -1.48702e-06 0.0108812)
(1.16784e-06 -1.3775e-06 0.0108657)
(1.8104e-06 -1.74875e-06 0.0108939)
(1.70224e-06 -1.69231e-06 0.0108914)
(1.5269e-06 -1.61561e-06 0.0108855)
(1.28962e-06 -1.52683e-06 0.0108724)
(1.06335e-06 -8.77569e-07 0.0108728)
(9.51983e-07 -8.00065e-07 0.0108662)
(8.02405e-07 -7.15355e-07 0.0108507)
(6.19427e-07 -6.30103e-07 0.0108207)
(1.12549e-06 -1.02284e-06 0.0108859)
(1.02633e-06 -9.57477e-07 0.0108816)
(8.8545e-07 -8.79875e-07 0.0108714)
(7.03499e-07 -7.94974e-07 0.0108507)
(1.17696e-06 -1.12548e-06 0.0108917)
(1.09151e-06 -1.07365e-06 0.0108888)
(9.62105e-07 -1.00877e-06 0.0108816)
(7.88396e-07 -9.35661e-07 0.0108662)
(1.21327e-06 -1.18195e-06 0.010894)
(1.14307e-06 -1.14557e-06 0.0108917)
(1.02746e-06 -1.09517e-06 0.0108859)
(8.69686e-07 -1.03613e-06 0.0108728)
(6.90664e-07 -6.02021e-07 0.0108731)
(6.17906e-07 -5.52599e-07 0.0108665)
(5.20672e-07 -4.98249e-07 0.0108511)
(4.02762e-07 -4.43046e-07 0.010821)
(7.30225e-07 -7.00385e-07 0.0108861)
(6.65669e-07 -6.58652e-07 0.0108819)
(5.74217e-07 -6.08597e-07 0.0108717)
(4.56885e-07 -5.53386e-07 0.0108511)
(7.62746e-07 -7.69699e-07 0.0108918)
(7.07551e-07 -7.36706e-07 0.010889)
(6.23973e-07 -6.94623e-07 0.0108819)
(5.12144e-07 -6.46527e-07 0.0108665)
(7.85425e-07 -8.07648e-07 0.0108941)
(7.40692e-07 -7.8459e-07 0.0108918)
(6.66621e-07 -7.51747e-07 0.0108861)
(5.65246e-07 -7.12453e-07 0.010873)
(4.90386e-07 -5.03775e-07 0.0108733)
(4.32758e-07 -4.66643e-07 0.0108668)
(3.5691e-07 -4.22457e-07 0.0108514)
(2.68524e-07 -3.73604e-07 0.0108214)
(5.19491e-07 -5.83583e-07 0.0108863)
(4.70154e-07 -5.52222e-07 0.0108821)
(4.01258e-07 -5.12566e-07 0.010872)
(3.16224e-07 -4.6629e-07 0.0108514)
(5.43063e-07 -6.40144e-07 0.010892)
(5.02294e-07 -6.15503e-07 0.0108892)
(4.41304e-07 -5.82421e-07 0.0108821)
(3.62286e-07 -5.42581e-07 0.0108668)
(5.59434e-07 -6.70969e-07 0.0108941)
(5.27704e-07 -6.53614e-07 0.0108919)
(4.75234e-07 -6.27565e-07 0.0108862)
(4.04276e-07 -5.94913e-07 0.0108732)
(-0.0176051 -0.00178444 -0.0114526)
(0.00472633 0.00140209 0.00118587)
(-0.000639848 -0.000565243 0.00639559)
(0.00336336 0.00278626 -5.34684e-05)
(-0.00103614 0.00292409 0.00850886)
(0.00297711 -0.000154129 0.00505578)
(0.000779009 -0.000128665 0.00583361)
(0.000377026 -0.000653143 0.0025997)
(0.000320058 -0.00110802 0.00985241)
(0.00135067 -0.00356295 0.0104955)
(0.00120545 -0.0031465 0.00853869)
(0.00347011 -0.00210995 0.00480386)
(-0.00409016 -0.00293573 0.0035646)
(-0.000856156 -0.00743809 0.011389)
(0.00361418 -0.0050483 0.00126289)
(0.00550882 -0.0063196 0.0019491)
(0.00115002 -0.000695927 0.0152949)
(0.00146991 -0.000540694 0.0144901)
(0.000915957 0.000124256 0.0165053)
(0.00179937 0.000480069 0.0234195)
(0.00051492 -0.000946898 0.0135402)
(0.00177049 -0.00157206 0.0147371)
(0.00185535 -0.000166759 0.0166268)
(0.00226485 -0.000213454 0.0220539)
(-0.000275382 -0.000498748 0.0137338)
(0.00165413 -0.00138258 0.0149431)
(0.00292653 2.75742e-05 0.0160342)
(0.00302106 0.00017132 0.0190224)
(-0.000361118 -0.000236736 0.0165487)
(0.00157674 -0.00121671 0.0172975)
(0.00364141 -0.000405325 0.0179668)
(0.00364826 0.000221038 0.0181087)
(-0.000274516 -0.000154775 0.00855145)
(-0.000549266 -0.000151953 0.00989064)
(-0.000595883 -6.81902e-05 0.0107837)
(-9.1545e-05 0.000421378 0.0111807)
(-0.000592455 -0.000293847 0.00923431)
(-0.000426464 -0.000139128 0.0102454)
(-0.000367319 0.000319219 0.010872)
(-0.000131014 0.00102783 0.0113674)
(-0.000694768 -0.00036794 0.00983575)
(-0.00014373 -0.000124823 0.010671)
(0.000232344 0.000620406 0.0108749)
(0.000242046 0.00148845 0.0110425)
(-0.000459721 -0.000303381 0.0105984)
(0.000270547 1.54334e-05 0.0113129)
(0.000908217 0.0008406 0.0110168)
(0.000740773 0.00182373 0.0105515)
(-0.000536838 -0.000115227 0.00962803)
(-0.000564385 -0.000118846 0.0106919)
(-0.000311719 -5.0815e-05 0.0111944)
(-9.97931e-05 9.98597e-05 0.0117928)
(-0.000548583 -0.000196493 0.00989306)
(-0.000510325 -2.56884e-05 0.0106844)
(-0.000308843 0.000161052 0.0111752)
(-0.000158988 0.000409386 0.0117274)
(-0.00047312 -0.000255779 0.0102092)
(-0.000345185 1.96683e-05 0.010763)
(-0.000149029 0.000362366 0.011133)
(-9.88264e-05 0.000710833 0.0115312)
(-0.000308615 -0.000226962 0.0105869)
(-0.000103735 7.39421e-05 0.0109392)
(0.000111375 0.000477673 0.0110966)
(7.30686e-05 0.000883478 0.0112515)
(-0.000320261 -6.82746e-05 0.00997746)
(-0.000363936 -7.72885e-05 0.0104916)
(-0.000225765 -5.58051e-05 0.0106564)
(-0.00013904 -1.00611e-05 0.010828)
(-0.000285528 -0.000118283 0.0101805)
(-0.000331639 -2.45548e-05 0.0105718)
(-0.000242185 4.78667e-05 0.0107539)
(-0.000179548 0.000140494 0.0109163)
(-0.000217085 -0.000155005 0.0103732)
(-0.000248547 -4.31214e-06 0.0106322)
(-0.000197319 0.000133944 0.0107868)
(-0.000166941 0.000268146 0.0109084)
(-0.000120067 -0.000144976 0.0105665)
(-0.000127723 1.747e-05 0.0107061)
(-0.000100935 0.000188668 0.0107895)
(-0.000111156 0.000346367 0.0108446)
(-0.000131896 -3.58827e-05 0.0101968)
(-0.000176291 -4.12841e-05 0.0104329)
(-0.000120669 -3.84408e-05 0.0105084)
(-9.05545e-05 -3.23767e-05 0.0105818)
(-0.000107873 -6.85045e-05 0.0103664)
(-0.000158733 -2.25667e-05 0.0105465)
(-0.000129015 3.65171e-06 0.0106242)
(-0.00010697 3.04037e-05 0.0106841)
(-6.72638e-05 -9.20025e-05 0.0104997)
(-0.000117826 -1.76003e-05 0.0106167)
(-0.000113309 3.86718e-05 0.0106834)
(-0.000103335 8.40063e-05 0.0107264)
(-1.22793e-05 -9.42919e-05 0.0106072)
(-5.79037e-05 -1.26811e-05 0.0106654)
(-7.38597e-05 6.04415e-05 0.010705)
(-8.25218e-05 0.000117588 0.0107275)
(-3.70068e-05 -1.81913e-05 0.0103298)
(-7.37791e-05 -2.03227e-05 0.0104294)
(-5.93343e-05 -2.28762e-05 0.0104546)
(-5.19487e-05 -2.6261e-05 0.0104698)
(-2.39439e-05 -4.03114e-05 0.0104844)
(-6.309e-05 -1.72458e-05 0.0105584)
(-5.98436e-05 -7.20221e-06 0.0105812)
(-5.61773e-05 -3.17802e-07 0.0105858)
(-1.55712e-06 -5.72145e-05 0.0105919)
(-4.09609e-05 -1.96828e-05 0.0106375)
(-5.00008e-05 5.12946e-06 0.0106555)
(-5.15609e-05 2.11022e-05 0.010653)
(2.93006e-05 -6.52353e-05 0.0106661)
(-8.89961e-06 -2.34655e-05 0.0106851)
(-2.96178e-05 1.02707e-05 0.0106935)
(-3.98174e-05 3.35206e-05 0.010686)
(2.63926e-06 -9.43453e-06 0.0104106)
(-2.4643e-05 -9.49271e-06 0.0104464)
(-2.62185e-05 -1.25397e-05 0.0104461)
(-2.78089e-05 -1.77933e-05 0.0104363)
(9.67447e-06 -2.52712e-05 0.0105578)
(-1.74784e-05 -1.28931e-05 0.0105815)
(-2.33342e-05 -8.57452e-06 0.0105773)
(-2.66993e-05 -8.15644e-06 0.0105578)
(2.21955e-05 -3.83924e-05 0.0106543)
(-4.38976e-06 -1.85193e-05 0.0106657)
(-1.54944e-05 -6.35029e-06 0.0106595)
(-2.13432e-05 -6.69964e-07 0.0106363)
(3.9739e-05 -4.79175e-05 0.0107162)
(1.38185e-05 -2.56528e-05 0.0107165)
(-2.98364e-06 -8.53799e-06 0.010708)
(-1.28188e-05 2.38045e-06 0.0106842)
(1.65757e-05 -5.15781e-06 0.0104611)
(-2.93254e-06 -4.17711e-06 0.0104677)
(-9.65379e-06 -6.60024e-06 0.010454)
(-1.45107e-05 -1.15965e-05 0.0104322)
(2.05995e-05 -1.69893e-05 0.0106044)
(2.15183e-06 -9.78814e-06 0.0106049)
(-5.85764e-06 -7.67253e-06 0.0105871)
(-1.14707e-05 -9.09279e-06 0.0105564)
(2.79456e-05 -2.7487e-05 0.010696)
(1.04736e-05 -1.63405e-05 0.0106916)
(5.49251e-07 -9.7287e-06 0.0106735)
(-6.17874e-06 -7.65353e-06 0.0106403)
(3.82303e-05 -3.65139e-05 0.0107531)
(2.14283e-05 -2.40689e-05 0.0107449)
(9.0132e-06 -1.45543e-05 0.0107279)
(5.70186e-07 -8.50879e-06 0.0106956)
(1.95576e-05 -3.00993e-06 0.0104943)
(5.73672e-06 -1.63248e-06 0.010488)
(-1.75043e-06 -3.33078e-06 0.0104674)
(-7.33893e-06 -7.51437e-06 0.01044)
(2.20353e-05 -1.20418e-05 0.0106355)
(9.44985e-06 -7.50466e-06 0.0106257)
(1.89201e-06 -6.30833e-06 0.0106012)
(-3.90941e-06 -8.00467e-06 0.0105653)
(2.65905e-05 -2.04216e-05 0.0107247)
(1.50295e-05 -1.37779e-05 0.0107134)
(7.01691e-06 -9.84194e-06 0.0106896)
(8.12191e-07 -9.02109e-06 0.0106517)
(3.28609e-05 -2.81561e-05 0.0107796)
(2.1971e-05 -2.08452e-05 0.010768)
(1.30251e-05 -1.51216e-05 0.0107469)
(6.21189e-06 -1.12668e-05 0.0107104)
(1.82129e-05 -1.86717e-06 0.0105172)
(8.40056e-06 -4.4509e-07 0.0105053)
(1.7141e-06 -1.5655e-06 0.0104813)
(-3.50333e-06 -4.86632e-06 0.0104511)
(1.98368e-05 -8.79817e-06 0.010657)
(1.11496e-05 -5.74382e-06 0.0106428)
(4.83451e-06 -4.96547e-06 0.0106152)
(-3.29543e-07 -6.44003e-06 0.0105768)
(2.28054e-05 -1.53977e-05 0.0107449)
(1.50329e-05 -1.12036e-05 0.0107308)
(8.8491e-06 -8.67332e-06 0.0107043)
(3.63443e-06 -8.27124e-06 0.0106643)
(2.6785e-05 -2.16701e-05 0.0107985)
(1.96273e-05 -1.71608e-05 0.0107858)
(1.32167e-05 -1.34878e-05 0.010763)
(7.90774e-06 -1.07792e-05 0.0107245)
(1.54443e-05 -1.21608e-06 0.0105334)
(8.43975e-06 8.11745e-08 0.0105192)
(2.96721e-06 -6.31261e-07 0.0104936)
(-1.48021e-06 -3.15179e-06 0.010462)
(1.65558e-05 -6.51849e-06 0.0106723)
(1.04863e-05 -4.36327e-06 0.0106565)
(5.49724e-06 -3.79996e-06 0.0106274)
(1.21445e-06 -4.94799e-06 0.0105878)
(1.85674e-05 -1.16384e-05 0.0107593)
(1.32561e-05 -8.85904e-06 0.0107443)
(8.59372e-06 -7.13392e-06 0.0107168)
(4.41813e-06 -6.86819e-06 0.0106757)
(2.11857e-05 -1.65598e-05 0.0108121)
(1.64011e-05 -1.36541e-05 0.0107993)
(1.18055e-05 -1.11782e-05 0.0107759)
(7.75356e-06 -9.17238e-06 0.0107365)
(1.24835e-05 -8.19785e-07 0.010545)
(7.45472e-06 2.87591e-07 0.0105301)
(3.1658e-06 -1.52935e-07 0.0105037)
(-4.39827e-07 -2.03914e-06 0.0104715)
(1.32653e-05 -4.85116e-06 0.0106833)
(8.98001e-06 -3.28521e-06 0.010667)
(5.1542e-06 -2.85147e-06 0.0106374)
(1.74335e-06 -3.70099e-06 0.0105972)
(1.46667e-05 -8.77115e-06 0.0107697)
(1.09854e-05 -6.85999e-06 0.0107546)
(7.51536e-06 -5.63569e-06 0.0107267)
(4.26676e-06 -5.42076e-06 0.0106852)
(1.64406e-05 -1.25522e-05 0.0108218)
(1.31908e-05 -1.06113e-05 0.0108093)
(9.88887e-06 -8.88409e-06 0.0107858)
(6.83679e-06 -7.36518e-06 0.0107462)
(9.8104e-06 -5.65127e-07 0.0105534)
(6.18255e-06 3.42291e-07 0.0105384)
(2.90095e-06 7.63589e-08 0.0105118)
(6.50783e-08 -1.3183e-06 0.0104793)
(1.03689e-05 -3.60924e-06 0.0106913)
(7.31804e-06 -2.45309e-06 0.010675)
(4.43335e-06 -2.11043e-06 0.0106452)
(1.7839e-06 -2.72377e-06 0.0106048)
(1.13635e-05 -6.57867e-06 0.0107773)
(8.78235e-06 -5.23027e-06 0.0107624)
(6.21825e-06 -4.33994e-06 0.0107345)
(3.73611e-06 -4.155e-06 0.0106928)
(1.25923e-05 -9.44329e-06 0.0108288)
(1.0354e-05 -8.11091e-06 0.0108168)
(7.97481e-06 -6.87886e-06 0.0107934)
(5.6953e-06 -5.72184e-06 0.0107538)
(7.57055e-06 -3.94876e-07 0.0105595)
(4.94383e-06 3.28486e-07 0.0105447)
(2.4688e-06 1.7163e-07 0.0105181)
(2.81925e-07 -8.52278e-07 0.0104855)
(7.97291e-06 -2.67852e-06 0.0106972)
(5.78712e-06 -1.8187e-06 0.0106811)
(3.63402e-06 -1.5469e-06 0.0106513)
(1.60952e-06 -1.98475e-06 0.0106108)
(8.68695e-06 -4.90878e-06 0.0107827)
(6.8607e-06 -3.9416e-06 0.0107682)
(4.97396e-06 -3.2857e-06 0.0107404)
(3.10007e-06 -3.1277e-06 0.0106987)
(9.55171e-06 -7.05797e-06 0.0108338)
(7.99217e-06 -6.12529e-06 0.0108223)
(6.27325e-06 -5.23475e-06 0.0107992)
(4.58055e-06 -4.35503e-06 0.0107596)
(5.7666e-06 -2.78013e-07 0.010564)
(3.86058e-06 2.87193e-07 0.0105495)
(2.01146e-06 1.96945e-07 0.0105229)
(3.48258e-07 -5.51464e-07 0.0104903)
(6.05753e-06 -1.9807e-06 0.0107014)
(4.48484e-06 -1.34011e-06 0.0106856)
(2.8886e-06 -1.12593e-06 0.0106559)
(1.35954e-06 -1.43718e-06 0.0106154)
(6.5735e-06 -3.64393e-06 0.0107867)
(5.27284e-06 -2.94353e-06 0.0107725)
(3.88845e-06 -2.45777e-06 0.0107448)
(2.48596e-06 -2.32635e-06 0.0107033)
(7.18854e-06 -5.24444e-06 0.0108375)
(6.09204e-06 -4.58302e-06 0.0108263)
(4.84774e-06 -3.93485e-06 0.0108034)
(3.59635e-06 -3.26952e-06 0.010764)
(4.34646e-06 -1.96429e-07 0.0105673)
(2.96275e-06 2.38218e-07 0.010553)
(1.59137e-06 1.87787e-07 0.0105265)
(3.40145e-07 -3.57373e-07 0.0104939)
(4.55694e-06 -1.45817e-06 0.0107045)
(3.42295e-06 -9.81825e-07 0.0106889)
(2.24602e-06 -8.14974e-07 0.0106594)
(1.10189e-06 -1.03598e-06 0.0106189)
(4.93075e-06 -2.6904e-06 0.0107896)
(4.00062e-06 -2.18101e-06 0.0107757)
(2.98766e-06 -1.82122e-06 0.0107482)
(1.94556e-06 -1.71502e-06 0.0107067)
(5.37085e-06 -3.87458e-06 0.0108401)
(4.59501e-06 -3.40196e-06 0.0108293)
(3.69372e-06 -2.9291e-06 0.0108066)
(2.77252e-06 -2.42945e-06 0.0107673)
(3.24278e-06 -1.38826e-07 0.0105697)
(2.2402e-06 1.90624e-07 0.0105556)
(1.23059e-06 1.63467e-07 0.0105292)
(2.98894e-07 -2.31999e-07 0.0104966)
(3.39469e-06 -1.06719e-06 0.0107068)
(2.57752e-06 -7.14795e-07 0.0106914)
(1.71495e-06 -5.86639e-07 0.010662)
(8.66585e-07 -7.43443e-07 0.0106216)
(3.66523e-06 -1.9735e-06 0.0107917)
(2.99938e-06 -1.60314e-06 0.010778)
(2.26124e-06 -1.33773e-06 0.0107507)
(1.49275e-06 -1.25416e-06 0.0107092)
(3.98072e-06 -2.84349e-06 0.010842)
(3.43009e-06 -2.50485e-06 0.0108314)
(2.77831e-06 -2.16048e-06 0.0108089)
(2.10382e-06 -1.78849e-06 0.0107698)
(2.38987e-06 -9.77936e-08 0.0105715)
(1.66768e-06 1.48037e-07 0.0105575)
(9.3161e-07 1.34135e-07 0.0105312)
(2.46183e-07 -1.50748e-07 0.0104986)
(2.49883e-06 -7.74254e-07 0.0107084)
(1.91276e-06 -5.15944e-07 0.0106932)
(1.28609e-06 -4.19171e-07 0.0106639)
(6.64038e-07 -5.30055e-07 0.0106235)
(2.69354e-06 -1.43429e-06 0.0107932)
(2.2185e-06 -1.16649e-06 0.0107797)
(1.68457e-06 -9.72365e-07 0.0107525)
(1.12351e-06 -9.08283e-07 0.0107111)
(2.91896e-06 -2.06731e-06 0.0108434)
(2.52881e-06 -1.82537e-06 0.010833)
(2.06006e-06 -1.57618e-06 0.0108107)
(1.57036e-06 -1.30243e-06 0.0107716)
(1.73035e-06 -6.83398e-08 0.0105727)
(1.21662e-06 1.1137e-07 0.0105588)
(6.88232e-07 1.04764e-07 0.0105327)
(1.92714e-07 -9.77725e-08 0.0105001)
(1.80756e-06 -5.53801e-07 0.0107096)
(1.39213e-06 -3.67435e-07 0.0106945)
(9.43508e-07 -2.95958e-07 0.0106653)
(4.94955e-07 -3.73585e-07 0.0106249)
(1.94595e-06 -1.02705e-06 0.0107943)
(1.61062e-06 -8.35876e-07 0.010781)
(1.22967e-06 -6.96074e-07 0.0107538)
(8.26477e-07 -6.48283e-07 0.0107125)
(2.10529e-06 -1.48056e-06 0.0108444)
(1.83137e-06 -1.30953e-06 0.0108341)
(1.49838e-06 -1.13165e-06 0.0108119)
(1.14799e-06 -9.33685e-07 0.0107729)
(1.218e-06 -4.7207e-08 0.0105736)
(8.61146e-07 8.0185e-08 0.0105598)
(4.91657e-07 7.73767e-08 0.0105337)
(1.43272e-07 -6.32273e-08 0.0105012)
(1.27161e-06 -3.87237e-07 0.0107104)
(9.83877e-07 -2.56366e-07 0.0106954)
(6.70849e-07 -2.05246e-07 0.0106663)
(3.56067e-07 -2.58472e-07 0.0106259)
(1.36769e-06 -7.17992e-07 0.0107951)
(1.13619e-06 -5.84857e-07 0.0107818)
(8.71043e-07 -4.86832e-07 0.0107547)
(5.88818e-07 -4.52501e-07 0.0107135)
(1.47783e-06 -1.03464e-06 0.0108451)
(1.2895e-06 -9.16483e-07 0.0108349)
(1.05847e-06 -7.92657e-07 0.0108128)
(8.13996e-07 -6.5353e-07 0.0107738)
(8.21033e-07 -3.29482e-08 0.0105742)
(5.81724e-07 5.30867e-08 0.0105605)
(3.32929e-07 5.16132e-08 0.0105344)
(9.80975e-08 -4.24798e-08 0.0105019)
(8.57534e-07 -2.63992e-07 0.010711)
(6.64997e-07 -1.7596e-07 0.0106961)
(4.54433e-07 -1.41183e-07 0.0106669)
(2.42087e-07 -1.76246e-07 0.0106266)
(9.21946e-07 -4.87427e-07 0.0107956)
(7.67339e-07 -3.98402e-07 0.0107824)
(5.89253e-07 -3.32536e-07 0.0107554)
(3.99043e-07 -3.08918e-07 0.0107141)
(9.95388e-07 -7.01022e-07 0.0108455)
(8.6996e-07 -6.22403e-07 0.0108355)
(7.15143e-07 -5.39522e-07 0.0108134)
(5.5057e-07 -4.45745e-07 0.0107745)
(5.31198e-07 -2.69365e-08 0.0105746)
(3.74233e-07 2.76532e-08 0.0105609)
(2.11599e-07 2.51015e-08 0.0105349)
(5.74897e-08 -3.86485e-08 0.0105024)
(5.56825e-07 -1.86014e-07 0.0107113)
(4.30668e-07 -1.29817e-07 0.0106965)
(2.93227e-07 -1.08293e-07 0.0106674)
(1.53429e-07 -1.32947e-07 0.0106271)
(5.99198e-07 -3.37201e-07 0.010796)
(4.97778e-07 -2.80027e-07 0.0107828)
(3.81325e-07 -2.37819e-07 0.0107558)
(2.55332e-07 -2.24156e-07 0.0107146)
(6.46966e-07 -4.81577e-07 0.0108459)
(5.64796e-07 -4.30752e-07 0.0108358)
(4.63669e-07 -3.77124e-07 0.0108138)
(3.54022e-07 -3.1808e-07 0.0107749)
(3.65512e-07 -2.50956e-08 0.0105749)
(2.40467e-07 8.45694e-09 0.0105613)
(1.15296e-07 -2.10139e-09 0.0105353)
(8.54252e-09 -5.2597e-08 0.0105028)
(3.88909e-07 -1.55017e-07 0.0107117)
(2.85299e-07 -1.17729e-07 0.0106968)
(1.76367e-07 -1.07846e-07 0.0106678)
(7.65108e-08 -1.27224e-07 0.0106275)
(4.21788e-07 -2.8624e-07 0.0107963)
(3.37626e-07 -2.46505e-07 0.0107832)
(2.44116e-07 -2.17446e-07 0.0107562)
(1.51309e-07 -2.04833e-07 0.010715)
(4.57311e-07 -4.0521e-07 0.0108461)
(3.8931e-07 -3.67036e-07 0.0108362)
(3.07903e-07 -3.25352e-07 0.0108141)
(2.23055e-07 -2.79264e-07 0.0107752)
(0.0126725 -0.000588571 0.00286775)
(0.00534348 0.000656223 0.00648276)
(0.000999244 -0.000577047 0.00398901)
(0.000546874 -0.000484366 0.00173597)
(-0.00245084 0.00319388 0.00406734)
(0.0102089 -0.00607373 0.000850614)
(0.00408888 0.0109687 0.00929032)
(0.00141413 0.000225338 0.0130802)
(-0.000407508 -0.00225727 0.00461368)
(0.00417405 -0.00199968 0.00109654)
(0.00401765 -0.000432417 0.000163307)
(-0.00686781 0.005302 0.00660409)
(0.00187163 0.00184884 0.0025376)
(0.00835042 0.00413127 0.000460202)
(0.00830809 -0.00102639 0.00152176)
(7.51349e-05 0.0094773 0.00846208)
(0.00339639 0.00195864 0.0173071)
(0.0022991 0.00140069 0.0193285)
(0.00149812 6.87933e-05 0.0214879)
(0.000477283 -0.000345868 0.0217437)
(0.00107344 0.00263313 0.00871266)
(0.00050451 0.00315866 0.0126929)
(-0.000455181 0.00404266 0.0181049)
(0.000104626 0.00182204 0.0187085)
(0.00107289 0.000973355 0.00571692)
(0.000974144 0.00167098 0.00450803)
(-0.000592135 0.00308746 9.91615e-06)
(-0.000831085 0.0035817 0.0179892)
(0.000687436 -0.000587731 0.00632599)
(0.000896559 -0.000445866 0.00668588)
(-0.000236652 0.000616297 0.0075817)
(-0.000636593 0.00351889 0.0109413)
(0.00079122 0.00260731 0.0104582)
(0.000489398 0.00234204 0.0113645)
(0.000431711 0.00181026 0.0116723)
(0.000642717 0.0012894 0.0113381)
(0.000753785 0.00290324 0.00855281)
(0.000265367 0.00322154 0.00969318)
(0.000130839 0.00310999 0.0111218)
(0.000658739 0.00239579 0.0115285)
(0.000831084 0.00162522 0.00710589)
(0.000343615 0.0020544 0.0070932)
(-0.000218705 0.00247868 0.00724268)
(0.000126539 0.00245878 0.00959638)
(0.000688467 -0.00018526 0.0065925)
(0.000302431 -0.000193416 0.00671239)
(-0.000260982 0.000280442 0.0068915)
(-0.000193362 0.000997807 0.00793528)
(0.000146402 0.00118459 0.0112288)
(5.34814e-05 0.00104248 0.0116274)
(0.000143603 0.000765424 0.0118236)
(0.000268547 0.000506689 0.011826)
(0.000236547 0.00135811 0.0102868)
(9.04274e-05 0.00143741 0.0107171)
(0.000154254 0.00130969 0.0110815)
(0.000351749 0.00103187 0.0112094)
(0.000299995 0.000845954 0.00941759)
(0.000127467 0.000982806 0.00952908)
(7.60825e-06 0.00105788 0.0097118)
(0.000133293 0.000998874 0.0100966)
(0.000225557 -6.21621e-05 0.00904222)
(4.53376e-05 -0.000158414 0.00914138)
(-8.42538e-05 -0.000121111 0.00922684)
(-4.27764e-05 2.108e-05 0.00945813)
(-5.6045e-05 0.00046024 0.010843)
(-7.58276e-05 0.000401546 0.0109527)
(-2.45311e-05 0.000293298 0.0109747)
(5.38154e-05 0.000177091 0.010885)
(2.27168e-05 0.000541563 0.0105082)
(-6.255e-06 0.000557302 0.0106472)
(4.34167e-05 0.000501438 0.0107126)
(0.000131988 0.000398476 0.0106516)
(4.42465e-05 0.000338302 0.010146)
(-3.90284e-06 0.000365264 0.0102071)
(-1.06686e-05 0.000358763 0.0102344)
(4.47938e-05 0.000312792 0.0102355)
(-7.16939e-06 -6.86176e-05 0.00998355)
(-7.06863e-05 -0.000150932 0.0100575)
(-7.58588e-05 -0.000201889 0.0100818)
(-3.35768e-05 -0.000206501 0.0100567)
(-5.74318e-05 0.000156922 0.0107265)
(-6.41788e-05 0.000132937 0.0107454)
(-4.21107e-05 8.80447e-05 0.0107142)
(-9.27083e-06 3.70972e-05 0.0106161)
(-1.94703e-05 0.000187163 0.0106018)
(-2.70843e-05 0.00018784 0.0106328)
(-2.84825e-06 0.000161508 0.0106124)
(3.33858e-05 0.000120421 0.0105137)
(-1.69583e-05 9.86208e-05 0.0104587)
(-3.44465e-05 9.86527e-05 0.0104718)
(-2.54e-05 8.23415e-05 0.0104426)
(7.62992e-07 5.54326e-05 0.0103546)
(-4.63763e-05 -8.14647e-05 0.0103968)
(-7.24763e-05 -0.000128172 0.010425)
(-5.90192e-05 -0.000169141 0.0104074)
(-2.72366e-05 -0.000190886 0.0103195)
(-3.158e-05 4.46598e-05 0.010686)
(-3.79252e-05 3.63783e-05 0.0106615)
(-3.13753e-05 1.84108e-05 0.0106007)
(-1.9417e-05 -3.47503e-06 0.0104888)
(-1.34953e-05 5.14613e-05 0.010656)
(-2.03861e-05 5.14643e-05 0.0106383)
(-1.24961e-05 3.9864e-05 0.0105811)
(5.4837e-07 2.26656e-05 0.0104641)
(-1.39829e-05 6.89291e-06 0.0106116)
(-2.55337e-05 4.83199e-06 0.0105932)
(-2.16453e-05 -5.55536e-06 0.0105364)
(-1.11205e-05 -1.93408e-05 0.0104203)
(-2.74527e-05 -7.57677e-05 0.0105971)
(-4.2861e-05 -9.73092e-05 0.01059)
(-3.52133e-05 -0.000119115 0.0105432)
(-1.78889e-05 -0.0001335 0.0104308)
(-1.18274e-05 3.23161e-06 0.0106851)
(-1.84656e-05 1.72721e-06 0.0106411)
(-1.88266e-05 -4.69254e-06 0.0105662)
(-1.65831e-05 -1.34118e-05 0.0104473)
(-2.17379e-06 1.38989e-06 0.0106957)
(-1.00154e-05 2.62443e-06 0.0106562)
(-1.03432e-05 -1.81274e-06 0.0105825)
(-8.06117e-06 -8.95132e-06 0.0104572)
(-1.64747e-06 -2.31154e-05 0.0106929)
(-1.17614e-05 -2.33051e-05 0.0106571)
(-1.32982e-05 -2.81219e-05 0.0105859)
(-1.14152e-05 -3.4735e-05 0.0104593)
(-6.24783e-06 -6.275e-05 0.0106979)
(-1.78498e-05 -7.10559e-05 0.0106698)
(-1.69786e-05 -8.08401e-05 0.0106054)
(-1.04074e-05 -8.83687e-05 0.0104811)
(-1.0291e-06 -1.09282e-05 0.0106968)
(-7.31014e-06 -9.65413e-06 0.0106436)
(-1.03174e-05 -1.10057e-05 0.0105616)
(-1.20754e-05 -1.37624e-05 0.010439)
(4.99844e-06 -1.51622e-05 0.0107251)
(-2.76103e-06 -1.31337e-05 0.0106752)
(-6.46346e-06 -1.4132e-05 0.0105935)
(-8.74574e-06 -1.67185e-05 0.0104641)
(6.50882e-06 -2.9527e-05 0.0107395)
(-2.43261e-06 -2.83289e-05 0.0106944)
(-6.67352e-06 -2.99124e-05 0.0106155)
(-8.9572e-06 -3.28541e-05 0.0104841)
(6.01704e-06 -4.9567e-05 0.0107516)
(-3.35355e-06 -5.18528e-05 0.0107121)
(-6.18916e-06 -5.56608e-05 0.0106376)
(-5.65453e-06 -5.93529e-05 0.010507)
(3.95428e-06 -1.43491e-05 0.0107116)
(-1.5384e-06 -1.21405e-05 0.010654)
(-5.21424e-06 -1.13918e-05 0.0105686)
(-8.32681e-06 -1.15483e-05 0.0104442)
(8.14274e-06 -1.86947e-05 0.0107474)
(1.21753e-06 -1.64521e-05 0.0106926)
(-3.39495e-06 -1.59203e-05 0.010607)
(-7.25648e-06 -1.64333e-05 0.0104755)
(9.9996e-06 -2.75874e-05 0.0107686)
(2.4141e-06 -2.58433e-05 0.0107187)
(-2.57461e-06 -2.58641e-05 0.0106357)
(-6.4591e-06 -2.69998e-05 0.0105019)
(1.10772e-05 -3.83686e-05 0.0107827)
(3.5033e-06 -3.82299e-05 0.0107371)
(-6.75273e-07 -3.93746e-05 0.0106573)
(-2.9197e-06 -4.11725e-05 0.0105234)
(5.73303e-06 -1.36251e-05 0.0107255)
(1.17561e-06 -1.13023e-05 0.0106659)
(-2.30309e-06 -9.81233e-06 0.010579)
(-5.55767e-06 -8.92004e-06 0.0104538)
(8.80272e-06 -1.73789e-05 0.0107643)
(2.9918e-06 -1.52643e-05 0.0107072)
(-1.43681e-06 -1.41554e-05 0.0106197)
(-5.48777e-06 -1.37793e-05 0.0104872)
(1.05934e-05 -2.31673e-05 0.0107879)
(4.39056e-06 -2.13852e-05 0.0107356)
(-3.57837e-07 -2.07612e-05 0.0106505)
(-4.51456e-06 -2.10441e-05 0.0105155)
(1.2071e-05 -2.93796e-05 0.0108021)
(6.04211e-06 -2.84321e-05 0.0107535)
(1.77114e-06 -2.8492e-05 0.0106708)
(-1.42661e-06 -2.93872e-05 0.0105352)
(5.89955e-06 -1.15334e-05 0.0107373)
(2.24111e-06 -9.43371e-06 0.0106768)
(-7.42739e-07 -7.82438e-06 0.0105892)
(-3.66206e-06 -6.63251e-06 0.0104638)
(8.20247e-06 -1.45697e-05 0.0107771)
(3.51243e-06 -1.2734e-05 0.010719)
(-3.18289e-07 -1.15089e-05 0.0106306)
(-3.98011e-06 -1.08165e-05 0.0104977)
(9.74479e-06 -1.85039e-05 0.0108012)
(4.80887e-06 -1.69152e-05 0.0107479)
(6.97151e-07 -1.61049e-05 0.0106618)
(-3.12479e-06 -1.60164e-05 0.0105262)
(1.11485e-05 -2.23335e-05 0.0108149)
(6.42661e-06 -2.12475e-05 0.010765)
(2.60675e-06 -2.09262e-05 0.0106809)
(-6.39895e-07 -2.13929e-05 0.0105444)
(5.34382e-06 -9.23332e-06 0.0107467)
(2.47419e-06 -7.46786e-06 0.010686)
(4.47424e-08 -6.00011e-06 0.0105981)
(-2.39346e-06 -4.83311e-06 0.0104727)
(7.08061e-06 -1.16139e-05 0.0107868)
(3.39046e-06 -1.00978e-05 0.0107283)
(2.51153e-07 -8.96318e-06 0.0106395)
(-2.83217e-06 -8.22286e-06 0.0105065)
(8.32956e-06 -1.43782e-05 0.0108108)
(4.47813e-06 -1.30575e-05 0.0107571)
(1.09779e-06 -1.22692e-05 0.0106706)
(-2.16308e-06 -1.20442e-05 0.0105347)
(9.50468e-06 -1.68814e-05 0.0108238)
(5.85704e-06 -1.59045e-05 0.0107733)
(2.66279e-06 -1.54975e-05 0.0106886)
(-2.40375e-07 -1.57568e-05 0.0105517)
(4.52937e-06 -7.16424e-06 0.0107541)
(2.31491e-06 -5.74004e-06 0.0106933)
(3.97154e-07 -4.50191e-06 0.0106054)
(-1.55896e-06 -3.48487e-06 0.0104801)
(5.83673e-06 -8.99907e-06 0.0107941)
(2.98378e-06 -7.78699e-06 0.0107355)
(4.92746e-07 -6.8192e-06 0.0106467)
(-1.99961e-06 -6.14583e-06 0.0105137)
(6.81154e-06 -1.09869e-05 0.0108178)
(3.84928e-06 -9.93295e-06 0.010764)
(1.15794e-06 -9.24789e-06 0.0106773)
(-1.50451e-06 -8.99621e-06 0.0105413)
(7.73767e-06 -1.26989e-05 0.0108301)
(4.95102e-06 -1.18995e-05 0.0107794)
(2.38328e-06 -1.15205e-05 0.0106945)
(-4.78917e-08 -1.16755e-05 0.0105574)
(3.68655e-06 -5.45306e-06 0.0107598)
(1.99823e-06 -4.33425e-06 0.010699)
(5.14694e-07 -3.33494e-06 0.0106112)
(-1.01545e-06 -2.49996e-06 0.010486)
(4.66614e-06 -6.85191e-06 0.0107996)
(2.48839e-06 -5.90447e-06 0.010741)
(5.53203e-07 -5.11703e-06 0.0106522)
(-1.40922e-06 -4.55007e-06 0.0105193)
(5.40937e-06 -8.30233e-06 0.0108229)
(3.15584e-06 -7.48285e-06 0.0107692)
(1.05881e-06 -6.92162e-06 0.0106825)
(-1.05339e-06 -6.69016e-06 0.0105466)
(6.11549e-06 -9.51073e-06 0.0108346)
(4.00568e-06 -8.88672e-06 0.010784)
(1.99371e-06 -8.57089e-06 0.010699)
(3.66674e-08 -8.67045e-06 0.010562)
(2.9192e-06 -4.09756e-06 0.0107641)
(1.64429e-06 -3.23489e-06 0.0107034)
(5.13074e-07 -2.45081e-06 0.0106157)
(-6.63084e-07 -1.78943e-06 0.0104905)
(3.64915e-06 -5.15525e-06 0.0108037)
(2.00329e-06 -4.42698e-06 0.0107452)
(5.2258e-07 -3.8055e-06 0.0106565)
(-9.94223e-07 -3.34907e-06 0.0105236)
(4.20692e-06 -6.22191e-06 0.0108267)
(2.50775e-06 -5.59605e-06 0.0107731)
(8.9929e-07 -5.15241e-06 0.0106864)
(-7.42451e-07 -4.95751e-06 0.0105506)
(4.73472e-06 -7.09194e-06 0.0108379)
(3.14955e-06 -6.61772e-06 0.0107875)
(1.60125e-06 -6.3685e-06 0.0107025)
(6.68648e-08 -6.43635e-06 0.0105655)
(2.26446e-06 -3.04915e-06 0.0107674)
(1.30986e-06 -2.39354e-06 0.0107068)
(4.57162e-07 -1.79063e-06 0.0106191)
(-4.34728e-07 -1.27932e-06 0.0104941)
(2.80513e-06 -3.84287e-06 0.0108068)
(1.57204e-06 -3.29059e-06 0.0107484)
(4.52754e-07 -2.81069e-06 0.0106597)
(-7.02748e-07 -2.45397e-06 0.010527)
(3.21888e-06 -4.6294e-06 0.0108295)
(1.94794e-06 -4.15786e-06 0.010776)
(7.29761e-07 -3.81558e-06 0.0106894)
(-5.26103e-07 -3.65948e-06 0.0105536)
(3.60823e-06 -5.26249e-06 0.0108404)
(2.42582e-06 -4.90818e-06 0.01079)
(1.25097e-06 -4.71763e-06 0.0107051)
(7.10904e-08 -4.76586e-06 0.0105682)
(1.72613e-06 -2.24863e-06 0.0107698)
(1.01763e-06 -1.7568e-06 0.0107093)
(3.81814e-07 -1.30083e-06 0.0106216)
(-2.86255e-07 -9.12929e-07 0.0104967)
(2.12377e-06 -2.83927e-06 0.010809)
(1.20818e-06 -2.42565e-06 0.0107508)
(3.71675e-07 -2.06164e-06 0.0106622)
(-4.97137e-07 -1.78901e-06 0.0105295)
(2.42759e-06 -3.41811e-06 0.0108315)
(1.48507e-06 -3.06709e-06 0.0107782)
(5.73307e-07 -2.80798e-06 0.0106917)
(-3.73835e-07 -2.68705e-06 0.010556)
(2.71184e-06 -3.88027e-06 0.0108422)
(1.83687e-06 -3.61894e-06 0.0107919)
(9.56634e-07 -3.47631e-06 0.0107071)
(6.40178e-08 -3.51146e-06 0.0105702)
(1.29276e-06 -1.64052e-06 0.0107716)
(7.72778e-07 -1.27676e-06 0.0107111)
(3.04613e-07 -9.37582e-07 0.0106236)
(-1.89031e-07 -6.48493e-07 0.0104987)
(1.58237e-06 -2.07514e-06 0.0108107)
(9.10177e-07 -1.76966e-06 0.0107525)
(2.93118e-07 -1.49834e-06 0.010664)
(-3.50842e-07 -1.29415e-06 0.0105314)
(1.80297e-06 -2.49809e-06 0.0108331)
(1.11167e-06 -2.24023e-06 0.0107798)
(4.38352e-07 -2.04757e-06 0.0106934)
(-2.6521e-07 -1.95634e-06 0.0105577)
(2.0082e-06 -2.83414e-06 0.0108435)
(1.36758e-06 -2.64386e-06 0.0107933)
(7.1723e-07 -2.53902e-06 0.0107086)
(5.29651e-08 -2.56487e-06 0.0105717)
(9.47403e-07 -1.17802e-06 0.0107729)
(5.72155e-07 -9.14045e-07 0.0107125)
(2.335e-07 -6.66836e-07 0.010625)
(-1.24584e-07 -4.55837e-07 0.0105001)
(1.15508e-06 -1.4924e-06 0.0108119)
(6.6988e-07 -1.27101e-06 0.0107538)
(2.22901e-07 -1.07299e-06 0.0106653)
(-2.4537e-07 -9.23422e-07 0.0105328)
(1.31268e-06 -1.79699e-06 0.0108342)
(8.14094e-07 -1.61093e-06 0.010781)
(3.25985e-07 -1.47067e-06 0.0106946)
(-1.86433e-07 -1.40356e-06 0.010559)
(1.45857e-06 -2.03826e-06 0.0108444)
(9.97208e-07 -1.90202e-06 0.0107944)
(5.25688e-07 -1.82649e-06 0.0107096)
(4.13928e-08 -1.8453e-06 0.0105729)
(6.73065e-07 -8.25285e-07 0.0107738)
(4.09626e-07 -6.39053e-07 0.0107135)
(1.71371e-07 -4.63973e-07 0.010626)
(-8.1249e-08 -3.14135e-07 0.0105012)
(8.18029e-07 -1.04665e-06 0.0108128)
(4.77362e-07 -8.90628e-07 0.0107548)
(1.62649e-07 -7.50191e-07 0.0106663)
(-1.68223e-07 -6.43554e-07 0.0105338)
(9.27772e-07 -1.26034e-06 0.0108349)
(5.77946e-07 -1.12967e-06 0.0107818)
(2.3413e-07 -1.03034e-06 0.0106955)
(-1.28316e-07 -9.82125e-07 0.0105599)
(1.02895e-06 -1.42925e-06 0.0108451)
(7.05641e-07 -1.33414e-06 0.0107951)
(3.73555e-07 -1.28101e-06 0.0107104)
(3.07873e-08 -1.29395e-06 0.0105737)
(4.55907e-07 -5.613e-07 0.0107745)
(2.78615e-07 -4.34499e-07 0.0107141)
(1.17576e-07 -3.14571e-07 0.0106267)
(-5.32865e-08 -2.11334e-07 0.0105019)
(5.53144e-07 -7.12157e-07 0.0108134)
(3.23919e-07 -6.05855e-07 0.0107554)
(1.115e-07 -5.09186e-07 0.010667)
(-1.12456e-07 -4.3466e-07 0.0105344)
(6.27086e-07 -8.56767e-07 0.0108355)
(3.91818e-07 -7.67934e-07 0.0107824)
(1.59833e-07 -6.99326e-07 0.0106961)
(-8.5791e-08 -6.64373e-07 0.0105605)
(6.95187e-07 -9.70631e-07 0.0108455)
(4.77999e-07 -9.06073e-07 0.0107956)
(2.54086e-07 -8.69007e-07 0.010711)
(2.15873e-08 -8.75726e-07 0.0105742)
(2.92676e-07 -3.93457e-07 0.0107749)
(1.77482e-07 -3.07669e-07 0.0107146)
(7.18897e-08 -2.25883e-07 0.0106271)
(-4.18686e-08 -1.52844e-07 0.0105024)
(3.54385e-07 -4.9774e-07 0.0108138)
(2.05808e-07 -4.25218e-07 0.0107558)
(6.78197e-08 -3.57833e-07 0.0106674)
(-7.95947e-08 -3.03116e-07 0.0105349)
(4.04519e-07 -5.9359e-07 0.0108358)
(2.52218e-07 -5.3274e-07 0.0107828)
(1.01779e-07 -4.83557e-07 0.0106965)
(-5.93362e-08 -4.54639e-07 0.0105609)
(4.51446e-07 -6.68123e-07 0.0108458)
(3.11084e-07 -6.23171e-07 0.0107959)
(1.66169e-07 -5.94508e-07 0.0107113)
(1.3704e-08 -5.92761e-07 0.0105746)
(1.86872e-07 -3.26724e-07 0.0107752)
(1.08456e-07 -2.58428e-07 0.010715)
(2.84177e-08 -1.91201e-07 0.0106275)
(-5.16979e-08 -1.33339e-07 0.0105028)
(2.3668e-07 -4.15742e-07 0.0108141)
(1.33987e-07 -3.54133e-07 0.0107562)
(2.99327e-08 -2.94586e-07 0.0106678)
(-7.37346e-08 -2.4647e-07 0.0105353)
(2.80648e-07 -4.9613e-07 0.0108361)
(1.72634e-07 -4.44231e-07 0.0107831)
(5.86498e-08 -3.98073e-07 0.0106968)
(-5.5405e-08 -3.65865e-07 0.0105613)
(3.221e-07 -5.56973e-07 0.0108461)
(2.21428e-07 -5.17937e-07 0.0107962)
(1.12421e-07 -4.87275e-07 0.0107116)
(3.60374e-09 -4.728e-07 0.0105749)
)
;

boundaryField
{
    inlet
    {
        type            uniformFixedValue;
        uniformValue    table
        
2
(
(0 (0 0 0.002))
(0.1 (0 0 0.02))
)
;
        value           uniform (0 0 0.011);
    }
    outlet
    {
        type            zeroGradient;
    }
    wall
    {
        type            slip;
    }
    procBoundary1to0
    {
        type            processor;
        value           nonuniform List<vector> 
192
(
(0.00382251 -0.005243 0.00982695)
(0.00794271 -0.0019391 0.0054854)
(0.000113269 0.0002038 0.000721626)
(0.000421752 0.000467327 0.00160384)
(0.000286334 -0.00101044 0.0189905)
(0.000739218 0.000315154 0.0201875)
(-0.000493993 0.000922562 0.016132)
(-0.00116915 0.000880546 0.0214936)
(-0.000673191 -0.000272183 0.0110613)
(-0.000408504 0.000157228 0.0106917)
(-0.000226835 7.50071e-05 0.00963531)
(-4.42989e-05 -0.000117448 0.0101845)
(-0.000316905 -0.000199347 0.0107564)
(-0.000140734 -4.41963e-05 0.0106727)
(0.000110134 -0.000138356 0.0104477)
(0.000355506 -0.000283367 0.010537)
(2.57057e-06 -0.000169751 0.0106653)
(0.000108271 -0.000115326 0.0106751)
(0.00025652 -0.000156828 0.0106246)
(0.000403706 -0.000235508 0.0106617)
(0.000101813 -0.000132814 0.0106762)
(0.000164336 -0.000118915 0.0107027)
(0.000243758 -0.000138706 0.0107014)
(0.000321121 -0.000178338 0.0107256)
(0.000105976 -9.95278e-05 0.0107226)
(0.000142589 -0.000101212 0.010751)
(0.000184986 -0.000113987 0.0107662)
(0.000225164 -0.000134716 0.010788)
(8.66853e-05 -7.44138e-05 0.0107662)
(0.000107835 -8.08054e-05 0.0107929)
(0.000130884 -9.02888e-05 0.0108114)
(0.000152125 -0.000101822 0.0108311)
(6.64459e-05 -5.59778e-05 0.0107985)
(7.87529e-05 -6.28131e-05 0.0108227)
(9.15698e-05 -6.98831e-05 0.0108404)
(0.000103111 -7.66742e-05 0.0108571)
(4.99799e-05 -4.21929e-05 0.0108214)
(5.7265e-05 -4.80524e-05 0.0108433)
(6.4591e-05 -5.32315e-05 0.0108589)
(7.1046e-05 -5.73996e-05 0.0108727)
(3.73822e-05 -3.17416e-05 0.0108373)
(4.17918e-05 -3.63533e-05 0.0108572)
(4.60965e-05 -4.00927e-05 0.0108707)
(4.98042e-05 -4.27283e-05 0.0108818)
(2.7898e-05 -2.37906e-05 0.0108483)
(3.06314e-05 -2.72801e-05 0.0108666)
(3.32272e-05 -2.99599e-05 0.0108783)
(3.54064e-05 -3.16649e-05 0.0108872)
(2.07879e-05 -1.77574e-05 0.010856)
(2.2522e-05 -2.03473e-05 0.0108729)
(2.41246e-05 -2.22635e-05 0.0108831)
(2.54302e-05 -2.33886e-05 0.0108903)
(1.54648e-05 -1.32016e-05 0.0108613)
(1.65887e-05 -1.51052e-05 0.0108772)
(1.75993e-05 -1.64768e-05 0.0108862)
(1.83942e-05 -1.72326e-05 0.0108921)
(1.14828e-05 -9.77837e-06 0.010865)
(1.2225e-05 -1.11708e-05 0.0108801)
(1.28741e-05 -1.21548e-05 0.0108883)
(1.33649e-05 -1.26708e-05 0.0108931)
(8.50518e-06 -7.2166e-06 0.0108676)
(9.00333e-06 -8.23235e-06 0.0108822)
(9.42705e-06 -8.94022e-06 0.0108896)
(9.7338e-06 -9.29724e-06 0.0108937)
(6.27842e-06 -5.30449e-06 0.0108695)
(6.617e-06 -6.04373e-06 0.0108836)
(6.89738e-06 -6.55385e-06 0.0108905)
(7.09124e-06 -6.80331e-06 0.010894)
(4.61077e-06 -3.87801e-06 0.0108708)
(4.84293e-06 -4.41412e-06 0.0108846)
(5.03037e-06 -4.78161e-06 0.0108911)
(5.15404e-06 -4.95703e-06 0.0108942)
(3.35723e-06 -2.81131e-06 0.0108718)
(3.51697e-06 -3.19746e-06 0.0108852)
(3.64296e-06 -3.46096e-06 0.0108915)
(3.72225e-06 -3.58482e-06 0.0108943)
(2.40839e-06 -2.00887e-06 0.0108724)
(2.51785e-06 -2.28334e-06 0.0108857)
(2.60237e-06 -2.47003e-06 0.0108918)
(2.65313e-06 -2.55726e-06 0.0108944)
(1.68374e-06 -1.40103e-06 0.0108729)
(1.75752e-06 -1.59155e-06 0.0108861)
(1.81346e-06 -1.72082e-06 0.010892)
(1.84557e-06 -1.7812e-06 0.0108944)
(1.13112e-06 -9.46596e-07 0.0108732)
(1.17919e-06 -1.07475e-06 0.0108863)
(1.21502e-06 -1.16154e-06 0.0108921)
(1.23472e-06 -1.20206e-06 0.0108944)
(7.35257e-07 -6.45611e-07 0.0108734)
(7.65365e-07 -7.32998e-07 0.0108864)
(7.873e-07 -7.91976e-07 0.0108922)
(7.987e-07 -8.195e-07 0.0108944)
(5.27228e-07 -5.3371e-07 0.0108736)
(5.47483e-07 -6.06353e-07 0.0108866)
(5.61857e-07 -6.55535e-07 0.0108923)
(5.68694e-07 -6.78683e-07 0.0108944)
(0.00549756 -0.00483539 0.00658691)
(-0.00467111 0.00152192 0.00364523)
(-0.00397413 0.00113572 0.00223474)
(-0.00100169 0.00284355 0.00230361)
(-0.000632742 0.000241418 0.0164985)
(-0.0018529 0.000702056 0.0128856)
(-0.00126068 -0.00022598 0.0132991)
(-0.000105556 -0.000670846 0.0169464)
(-0.000864279 0.000192529 0.00916812)
(-0.00100419 8.88893e-05 0.00873435)
(-0.000881794 -0.000388668 0.00911058)
(-0.000682457 -0.000547535 0.0101501)
(-0.000295297 -1.07602e-05 0.00953521)
(-0.000347234 -0.000143446 0.00960831)
(-0.00035728 -0.000318909 0.00990274)
(-0.000343727 -0.000350513 0.0103643)
(6.67643e-06 -4.71454e-05 0.0098658)
(-2.60952e-05 -0.000133519 0.0100477)
(-4.2806e-05 -0.000213266 0.010257)
(-3.71865e-05 -0.000227307 0.0104867)
(7.77528e-05 -4.00781e-05 0.010135)
(6.15988e-05 -9.2763e-05 0.0103068)
(5.62162e-05 -0.000134898 0.0104545)
(6.72418e-05 -0.000147762 0.0105836)
(7.80871e-05 -2.79643e-05 0.0103019)
(7.10589e-05 -6.03453e-05 0.0104603)
(7.14164e-05 -8.56806e-05 0.0105769)
(8.19996e-05 -9.79601e-05 0.0106637)
(6.42773e-05 -1.8958e-05 0.0104011)
(6.13569e-05 -3.97151e-05 0.0105508)
(6.33574e-05 -5.66245e-05 0.0106524)
(7.14035e-05 -6.75985e-05 0.0107213)
(5.05512e-05 -1.31171e-05 0.0104602)
(4.93308e-05 -2.70985e-05 0.0106051)
(5.13728e-05 -3.91724e-05 0.0106994)
(5.69622e-05 -4.84269e-05 0.0107601)
(3.92053e-05 -9.33396e-06 0.0104971)
(3.86693e-05 -1.91401e-05 0.0106391)
(4.03213e-05 -2.8041e-05 0.0107297)
(4.40833e-05 -3.55081e-05 0.0107864)
(3.01728e-05 -6.7811e-06 0.0105211)
(2.99107e-05 -1.38404e-05 0.0106614)
(3.1144e-05 -2.0479e-05 0.01075)
(3.36626e-05 -2.63217e-05 0.0108045)
(2.30649e-05 -4.98648e-06 0.0105373)
(2.29152e-05 -1.01419e-05 0.0106765)
(2.38079e-05 -1.51028e-05 0.0107638)
(2.55055e-05 -1.95802e-05 0.010817)
(1.75205e-05 -3.6882e-06 0.0105484)
(1.74204e-05 -7.47843e-06 0.0106869)
(1.80597e-05 -1.11782e-05 0.0107735)
(1.92174e-05 -1.45612e-05 0.0108257)
(1.32322e-05 -2.73311e-06 0.0105562)
(1.31575e-05 -5.52592e-06 0.0106942)
(1.36146e-05 -8.27598e-06 0.0107803)
(1.44141e-05 -1.08073e-05 0.0108318)
(9.9409e-06 -2.02452e-06 0.0105618)
(9.8822e-06 -4.0819e-06 0.0106995)
(1.02095e-05 -6.11868e-06 0.0107851)
(1.07679e-05 -7.99951e-06 0.0108362)
(7.43054e-06 -1.49681e-06 0.0105658)
(7.38371e-06 -3.00978e-06 0.0107032)
(7.61866e-06 -4.51268e-06 0.0107885)
(8.01227e-06 -5.90255e-06 0.0108393)
(5.52425e-06 -1.10309e-06 0.0105687)
(5.487e-06 -2.21235e-06 0.0107059)
(5.65589e-06 -3.31666e-06 0.010791)
(5.93511e-06 -4.33855e-06 0.0108415)
(4.07958e-06 -8.08791e-07 0.0105708)
(4.05031e-06 -1.61816e-06 0.0107078)
(4.1716e-06 -2.42513e-06 0.0107928)
(4.37024e-06 -3.17201e-06 0.0108431)
(2.9835e-06 -5.88047e-07 0.0105723)
(2.96088e-06 -1.1739e-06 0.0107092)
(3.04757e-06 -1.75859e-06 0.0107941)
(3.18859e-06 -2.29969e-06 0.0108442)
(2.14761e-06 -4.21423e-07 0.0105733)
(2.13057e-06 -8.3969e-07 0.0107102)
(2.19181e-06 -1.2572e-06 0.010795)
(2.29098e-06 -1.64348e-06 0.010845)
(1.50518e-06 -2.94734e-07 0.0105741)
(1.49293e-06 -5.86628e-07 0.0107109)
(1.53527e-06 -8.77525e-07 0.0107956)
(1.60356e-06 -1.14649e-06 0.0108456)
(1.01238e-06 -1.9926e-07 0.0105746)
(1.00453e-06 -3.97512e-07 0.0107114)
(1.03292e-06 -5.93757e-07 0.010796)
(1.0783e-06 -7.75088e-07 0.0108459)
(6.56975e-07 -1.34101e-07 0.0105749)
(6.53579e-07 -2.7205e-07 0.0107117)
(6.725e-07 -4.05576e-07 0.0107963)
(7.01725e-07 -5.29311e-07 0.0108462)
(4.68214e-07 -9.99553e-08 0.0105752)
(4.70719e-07 -2.16282e-07 0.010712)
(4.8487e-07 -3.34338e-07 0.0107966)
(5.04724e-07 -4.39655e-07 0.0108464)
)
;
    }
    procBoundary1to3
    {
        type            processor;
        value           nonuniform List<vector> 
192
(
(0.00105565 -0.00081189 0.00956945)
(-0.00262806 -0.00226975 0.00295423)
(-0.00240032 -0.00361811 0.00333386)
(-0.0069171 -0.0035175 0.00127368)
(-0.000472884 0.00138613 0.01687)
(0.000580691 0.000816216 0.0167798)
(0.000747491 -0.000335128 0.0141352)
(-0.000415093 -0.00167763 0.0123163)
(0.000523788 0.000361627 0.00983177)
(0.000863619 0.000264108 0.0091433)
(0.000948383 -0.000174656 0.00841394)
(0.000561884 -0.000873527 0.00776088)
(0.000612858 -7.71132e-05 0.0102342)
(0.000576857 -3.26572e-05 0.00980701)
(0.000484055 -0.000158554 0.00950153)
(0.000222065 -0.000443528 0.00932114)
(0.000470301 -0.000168536 0.0104421)
(0.000350642 -0.000124002 0.0102141)
(0.000204585 -0.00015635 0.010079)
(1.06532e-05 -0.000267753 0.0100467)
(0.000323016 -0.00015609 0.0106041)
(0.000221755 -0.00012966 0.0104823)
(0.000104571 -0.000136778 0.0104181)
(-2.11e-05 -0.000179679 0.0104162)
(0.000213793 -0.00012551 0.0107259)
(0.000147073 -0.000110526 0.0106575)
(7.15396e-05 -0.000110099 0.0106217)
(-2.8755e-06 -0.000125249 0.0106183)
(0.000141871 -9.69364e-05 0.0108)
(0.000101864 -8.79521e-05 0.0107593)
(5.70346e-05 -8.5205e-05 0.0107356)
(1.43574e-05 -8.91761e-05 0.0107264)
(9.62054e-05 -7.36524e-05 0.0108418)
(7.29572e-05 -6.79929e-05 0.0108159)
(4.68916e-05 -6.49111e-05 0.0107979)
(2.22143e-05 -6.47103e-05 0.0107845)
(6.68429e-05 -5.54e-05 0.0108651)
(5.33764e-05 -5.17491e-05 0.0108474)
(3.8098e-05 -4.90771e-05 0.0108327)
(2.34151e-05 -4.76148e-05 0.0108173)
(4.7364e-05 -4.13758e-05 0.0108781)
(3.94932e-05 -3.90031e-05 0.0108654)
(3.03529e-05 -3.69259e-05 0.0108528)
(2.13055e-05 -3.5326e-05 0.0108367)
(3.40279e-05 -3.07476e-05 0.0108853)
(2.93614e-05 -2.92049e-05 0.0108757)
(2.37555e-05 -2.76793e-05 0.0108648)
(1.79881e-05 -2.63116e-05 0.0108487)
(2.46667e-05 -2.27691e-05 0.0108893)
(2.18527e-05 -2.17676e-05 0.0108819)
(1.83258e-05 -2.06821e-05 0.0108722)
(1.45385e-05 -1.96195e-05 0.0108565)
(1.79781e-05 -1.68174e-05 0.0108916)
(1.625e-05 -1.61681e-05 0.0108856)
(1.39769e-05 -1.54096e-05 0.0108769)
(1.14283e-05 -1.46212e-05 0.0108617)
(1.31414e-05 -1.2395e-05 0.0108928)
(1.20605e-05 -1.19742e-05 0.0108879)
(1.05632e-05 -1.14492e-05 0.01088)
(8.81486e-06 -1.08785e-05 0.0108653)
(9.61536e-06 -9.11589e-06 0.0108935)
(8.92705e-06 -8.84279e-06 0.0108894)
(7.92227e-06 -8.48117e-06 0.0108821)
(6.70529e-06 -8.0734e-06 0.0108678)
(7.02911e-06 -6.68551e-06 0.0108939)
(6.58378e-06 -6.50784e-06 0.0108904)
(5.89928e-06 -6.25913e-06 0.0108835)
(5.04355e-06 -5.96996e-06 0.0108696)
(5.12176e-06 -4.88141e-06 0.0108941)
(4.82974e-06 -4.76554e-06 0.010891)
(4.3585e-06 -4.59462e-06 0.0108845)
(3.75346e-06 -4.39059e-06 0.0108708)
(3.70603e-06 -3.53648e-06 0.0108943)
(3.51244e-06 -3.46097e-06 0.0108915)
(3.18659e-06 -3.34381e-06 0.0108852)
(2.75886e-06 -3.20071e-06 0.0108717)
(2.64559e-06 -2.5264e-06 0.0108943)
(2.51663e-06 -2.47746e-06 0.0108917)
(2.29225e-06 -2.39779e-06 0.0108857)
(1.99238e-06 -2.29851e-06 0.0108724)
(1.84237e-06 -1.7618e-06 0.0108944)
(1.75724e-06 -1.73052e-06 0.0108919)
(1.60532e-06 -1.67728e-06 0.010886)
(1.3994e-06 -1.60977e-06 0.0108728)
(1.23323e-06 -1.19041e-06 0.0108944)
(1.17861e-06 -1.17088e-06 0.0108921)
(1.07911e-06 -1.13624e-06 0.0108862)
(9.42771e-07 -1.09155e-06 0.0108731)
(7.97505e-07 -8.12918e-07 0.0108944)
(7.6355e-07 -8.00712e-07 0.0108921)
(7.00504e-07 -7.78007e-07 0.0108864)
(6.13091e-07 -7.47893e-07 0.0108733)
(5.67998e-07 -6.74674e-07 0.0108944)
(5.45583e-07 -6.65165e-07 0.0108922)
(5.02236e-07 -6.46614e-07 0.0108865)
(4.40838e-07 -6.21161e-07 0.0108735)
(-0.0055401 -0.00361263 0.002377)
(-0.00134471 0.00247973 0.00407544)
(-0.00871853 0.0274995 0.00186086)
(-0.00725527 0.0317561 -0.00182937)
(-0.000878928 -0.00185972 0.0125107)
(-0.000440226 -0.000715343 0.0137651)
(-0.000897237 0.00321706 0.0130565)
(-0.000781823 0.00492377 0.0119909)
(9.79495e-05 -0.00137528 0.00815533)
(-7.28588e-05 -0.00158009 0.00915809)
(-0.000162474 -0.00122869 0.00930397)
(-2.00656e-05 -0.000904523 0.00908539)
(-8.37188e-05 -0.000781248 0.0095953)
(-0.000188361 -0.00108811 0.0101433)
(-8.58399e-05 -0.00124906 0.0104246)
(7.50576e-05 -0.00127249 0.0104816)
(-0.000162436 -0.000438667 0.010215)
(-0.000207141 -0.000620738 0.0105006)
(-0.000109411 -0.000759496 0.0106701)
(2.91165e-05 -0.000821747 0.0106525)
(-0.000116367 -0.000255912 0.0104992)
(-0.000138635 -0.000341863 0.010622)
(-8.1897e-05 -0.000412614 0.0106819)
(6.30882e-06 -0.000449018 0.0106192)
(-5.59279e-05 -0.000156217 0.0106471)
(-7.02117e-05 -0.000192462 0.0106809)
(-4.40736e-05 -0.000223213 0.0106707)
(2.25819e-06 -0.000240092 0.0105754)
(-1.62529e-05 -0.000100286 0.0107255)
(-2.6923e-05 -0.000114124 0.0107149)
(-1.7756e-05 -0.000126365 0.0106669)
(3.07599e-06 -0.000133712 0.0105516)
(3.62097e-06 -6.77076e-05 0.0107685)
(-4.76719e-06 -7.22071e-05 0.0107365)
(-3.60922e-06 -7.66885e-05 0.0106692)
(3.99924e-06 -8.00285e-05 0.010543)
(1.14987e-05 -4.75955e-05 0.0107939)
(4.86573e-06 -4.84791e-05 0.0107516)
(2.79755e-06 -4.99068e-05 0.0106749)
(4.23566e-06 -5.16393e-05 0.010543)
(1.33222e-05 -3.43807e-05 0.0108099)
(8.1216e-06 -3.40167e-05 0.0107628)
(5.0871e-06 -3.43206e-05 0.0106815)
(3.95428e-06 -3.53883e-05 0.0105468)
(1.24661e-05 -2.52381e-05 0.0108206)
(8.43537e-06 -2.45556e-05 0.0107713)
(5.41086e-06 -2.4493e-05 0.0106879)
(3.42333e-06 -2.52505e-05 0.0105518)
(1.06366e-05 -1.86836e-05 0.010828)
(7.54648e-06 -1.80173e-05 0.0107778)
(4.90104e-06 -1.78682e-05 0.0106934)
(2.8261e-06 -1.84482e-05 0.0105567)
(8.63333e-06 -1.38814e-05 0.0108332)
(6.28638e-06 -1.33298e-05 0.0107827)
(4.11476e-06 -1.31877e-05 0.0106979)
(2.26024e-06 -1.36439e-05 0.010561)
(6.79588e-06 -1.03202e-05 0.010837)
(5.02738e-06 -9.89424e-06 0.0107865)
(3.30853e-06 -9.78278e-06 0.0107015)
(1.76786e-06 -1.01421e-05 0.0105645)
(5.2401e-06 -7.66233e-06 0.0108397)
(3.91663e-06 -7.34452e-06 0.0107893)
(2.58768e-06 -7.26383e-06 0.0107043)
(1.36001e-06 -7.54455e-06 0.0105674)
(3.97854e-06 -5.67151e-06 0.0108417)
(2.99465e-06 -5.43889e-06 0.0107914)
(1.98436e-06 -5.38276e-06 0.0107065)
(1.03231e-06 -5.59954e-06 0.0105696)
(2.98048e-06 -4.17595e-06 0.0108432)
(2.2545e-06 -4.00776e-06 0.010793)
(1.49727e-06 -3.96959e-06 0.0107081)
(7.73907e-07 -4.13478e-06 0.0105713)
(2.20109e-06 -3.04778e-06 0.0108442)
(1.67087e-06 -2.92749e-06 0.0107941)
(1.11161e-06 -2.90191e-06 0.0107094)
(5.72217e-07 -3.02585e-06 0.0105726)
(1.59504e-06 -2.19098e-06 0.010845)
(1.21399e-06 -2.10617e-06 0.010795)
(8.0881e-07 -2.08924e-06 0.0107103)
(4.15258e-07 -2.18025e-06 0.0105735)
(1.12323e-06 -1.53582e-06 0.0108455)
(8.56688e-07 -1.47727e-06 0.0107956)
(5.71586e-07 -1.46601e-06 0.0107109)
(2.92954e-07 -1.53036e-06 0.0105742)
(7.58569e-07 -1.042e-06 0.0108459)
(5.79776e-07 -1.00223e-06 0.010796)
(3.87792e-07 -9.93651e-07 0.0107113)
(1.98601e-07 -1.03534e-06 0.0105746)
(4.95508e-07 -7.13759e-07 0.0108461)
(3.80105e-07 -6.84782e-07 0.0107963)
(2.56286e-07 -6.74457e-07 0.0107116)
(1.31816e-07 -6.95229e-07 0.0105749)
(3.60985e-07 -5.91794e-07 0.0108463)
(2.77829e-07 -5.64722e-07 0.0107965)
(1.85988e-07 -5.47537e-07 0.0107119)
(9.60076e-08 -5.48039e-07 0.0105752)
)
;
    }
}


// ************************************************************************* //
