/*--------------------------------*- C++ -*----------------------------------*\
  =========                 |
  \\      /  F ield         | OpenFOAM: The Open Source CFD Toolbox
   \\    /   O peration     | Website:  https://openfoam.org
    \\  /    A nd           | Version:  6
     \\/     M anipulation  |
\*---------------------------------------------------------------------------*/
FoamFile
{
    version     2.0;
    format      ascii;
    class       volVectorField;
    location    "0.1";
    object      U;
}
// * * * * * * * * * * * * * * * * * * * * * * * * * * * * * * * * * * * * * //

dimensions      [0 1 -1 0 0 0 0];

internalField   nonuniform List<vector> 
1152
(
(-0.00508532 0.00358268 0.00427289)
(0.00331525 -0.00545525 0.00208644)
(-0.00121064 -0.00378415 0.0172748)
(-0.00220221 -0.00251937 0.0140813)
(0.00734234 -0.0108053 -0.000684026)
(0.00728072 0.00282509 0.00664408)
(0.0026364 -0.00505501 0.00986157)
(2.18374e-05 -0.00644682 0.00674611)
(0.00460746 -0.00264029 0.0143822)
(0.00445445 0.00171948 0.00845764)
(0.00235908 -0.00228279 0.013359)
(-0.00107231 -0.00207736 0.00109215)
(0.000786948 0.000237938 0.0018355)
(0.000918782 0.000176952 0.0036908)
(0.000869539 -0.000836387 0.00281172)
(-0.000381804 -0.00113072 0.00210518)
(-0.000501266 -0.000796913 0.0293476)
(-0.00168216 0.000442266 0.0267127)
(-0.00186904 0.000721533 0.0282336)
(-0.000117677 0.000670604 0.0294997)
(0.00094645 -0.00126282 0.0290661)
(0.000157868 0.000420844 0.0297131)
(-0.000318371 0.000843619 0.0291491)
(-0.000902194 0.00113284 0.0297449)
(0.000210947 0.000129196 0.0292154)
(0.000460306 0.00129332 0.0302767)
(0.000354542 0.0018079 0.0296787)
(-0.00158779 0.0016332 0.0300009)
(-2.98924e-06 0.00118455 0.0337713)
(5.43771e-05 0.00127808 0.0332523)
(-0.000168124 0.00207838 0.0331527)
(-0.0023165 0.00132877 0.0330332)
(9.82671e-06 -8.08799e-05 0.0174612)
(-0.00079501 0.000169463 0.0176844)
(-0.000815935 0.000150521 0.019364)
(-0.00029549 0.000172179 0.0195976)
(3.91306e-05 -0.000215476 0.0173624)
(-0.000539784 3.34121e-05 0.0182466)
(-0.000552467 0.000319029 0.0191866)
(-0.000456385 0.000436215 0.0193441)
(-0.000283899 -0.000168833 0.0182546)
(-0.000425529 0.000118902 0.0188565)
(-0.000329099 0.000424527 0.0194119)
(-0.000541462 0.000416748 0.0191419)
(-0.000306911 -1.06459e-05 0.0186443)
(-0.000409718 0.000149048 0.0192585)
(-0.000345798 0.0004359 0.0194675)
(-0.000610894 0.000331812 0.0195583)
(6.49982e-05 -0.000352283 0.0192224)
(-0.00031895 -0.000282281 0.0191989)
(-0.000334888 -0.000284895 0.0196158)
(-0.000177284 -0.000238158 0.0196739)
(-2.48683e-05 -0.000344564 0.0192804)
(-0.000324474 -0.000307421 0.0195122)
(-0.000291893 -0.0002124 0.019869)
(-0.000149865 -0.000142757 0.0199048)
(-0.00013982 -0.000371827 0.019714)
(-0.000307198 -0.0002948 0.0199922)
(-0.000223875 -0.000179184 0.0202197)
(-0.00011 -0.000130529 0.0201287)
(-0.000181983 -0.000286561 0.0200964)
(-0.00028983 -0.000205225 0.0203874)
(-0.000198147 -9.8308e-05 0.0204893)
(-8.13886e-05 -7.30605e-05 0.0203959)
(0.000286955 -0.000338316 0.0196075)
(7.51555e-05 -0.000355788 0.0195723)
(1.64604e-05 -0.000375189 0.0196602)
(2.74191e-05 -0.000347347 0.0196782)
(0.000161874 -0.000330048 0.0197909)
(1.18853e-05 -0.000368963 0.0198458)
(5.15223e-06 -0.0003556 0.0199379)
(5.788e-05 -0.00031605 0.0199293)
(6.22989e-05 -0.000337184 0.0200747)
(-2.30892e-05 -0.000351383 0.0201671)
(1.22411e-05 -0.00031915 0.0202216)
(8.62557e-05 -0.000280955 0.0201545)
(-7.90321e-06 -0.000271386 0.0203613)
(-4.70266e-05 -0.000263933 0.0204574)
(1.02986e-05 -0.000227653 0.0204651)
(9.57814e-05 -0.000202307 0.0203516)
(0.000297784 -0.00030372 0.0197361)
(0.000197619 -0.000320491 0.0196862)
(0.00014606 -0.00033024 0.0196783)
(0.000116781 -0.000309079 0.0196612)
(0.00021394 -0.000293015 0.0198804)
(0.000150385 -0.000327333 0.0198704)
(0.000133178 -0.000329034 0.0198692)
(0.000137418 -0.000303917 0.0198362)
(0.000144805 -0.000283588 0.0200501)
(0.000116066 -0.000309542 0.020062)
(0.000128159 -0.000303617 0.020049)
(0.000154113 -0.000280777 0.0199879)
(8.57693e-05 -0.000233674 0.0202151)
(8.70521e-05 -0.000247398 0.0202321)
(0.000118799 -0.000240339 0.0201998)
(0.000155824 -0.000228464 0.0201112)
(0.000239374 -0.000240306 0.0197937)
(0.000196754 -0.000248355 0.0197646)
(0.000162327 -0.00024978 0.0197415)
(0.000130155 -0.000234343 0.0197152)
(0.00019353 -0.000232741 0.0199108)
(0.000170191 -0.000252047 0.0198951)
(0.000155434 -0.000254078 0.0198734)
(0.000143489 -0.00023938 0.0198375)
(0.00015379 -0.000221421 0.0200235)
(0.000148098 -0.000239628 0.020017)
(0.000150629 -0.000240901 0.0199902)
(0.000153333 -0.000229898 0.0199402)
(0.000117167 -0.000187225 0.0201205)
(0.00012754 -0.000201756 0.0201187)
(0.000142452 -0.000205017 0.0200846)
(0.000153092 -0.000202763 0.0200218)
(0.000176206 -0.000176837 0.0198139)
(0.00015901 -0.000179566 0.0198091)
(0.000138236 -0.000177917 0.0197947)
(0.000113341 -0.000167738 0.0197736)
(0.000152686 -0.00017292 0.0199117)
(0.000145194 -0.000182394 0.0199079)
(0.000134978 -0.00018345 0.0198911)
(0.000121075 -0.000175567 0.0198635)
(0.000130829 -0.000164189 0.0199938)
(0.000132265 -0.000175021 0.0199918)
(0.00013151 -0.000177857 0.0199716)
(0.000126092 -0.000173797 0.0199366)
(0.000108934 -0.000142672 0.0200572)
(0.000118802 -0.000153511 0.0200574)
(0.000125131 -0.000159163 0.0200342)
(0.000124771 -0.000161291 0.0199937)
(0.000124648 -0.000126256 0.0198201)
(0.000117895 -0.000126693 0.0198339)
(0.000105821 -0.000124561 0.0198317)
(8.88317e-05 -0.000118291 0.019819)
(0.000112495 -0.000124987 0.0199038)
(0.000110598 -0.000129447 0.0199133)
(0.000104107 -0.000129974 0.019907)
(9.29263e-05 -0.000126084 0.0198896)
(0.000100144 -0.000119373 0.019968)
(0.00010292 -0.000125614 0.0199757)
(0.000101499 -0.000128318 0.0199663)
(9.49965e-05 -0.000127518 0.0199448)
(8.68058e-05 -0.000106313 0.0200133)
(9.41149e-05 -0.000113663 0.0200214)
(9.66014e-05 -0.000118874 0.0200105)
(9.31351e-05 -0.000122169 0.0199867)
(8.65621e-05 -8.93345e-05 0.0198226)
(8.39353e-05 -8.90139e-05 0.0198493)
(7.69698e-05 -8.72191e-05 0.0198572)
(6.60273e-05 -8.34247e-05 0.0198521)
(7.99449e-05 -8.95923e-05 0.0198966)
(7.97984e-05 -9.17246e-05 0.0199166)
(7.58419e-05 -9.20392e-05 0.0199197)
(6.80078e-05 -9.02063e-05 0.019911)
(7.25446e-05 -8.63991e-05 0.01995)
(7.49809e-05 -9.00742e-05 0.0199665)
(7.37938e-05 -9.22388e-05 0.0199665)
(6.8556e-05 -9.26594e-05 0.0199551)
(6.40831e-05 -7.86037e-05 0.019985)
(6.90906e-05 -8.34817e-05 0.0200008)
(7.00926e-05 -8.75515e-05 0.0199997)
(6.66838e-05 -9.06034e-05 0.0199871)
(5.97797e-05 -6.32284e-05 0.0198244)
(5.87508e-05 -6.27773e-05 0.0198596)
(5.46902e-05 -6.1456e-05 0.0198748)
(4.77879e-05 -5.9137e-05 0.0198755)
(5.58962e-05 -6.42092e-05 0.0198917)
(5.61879e-05 -6.52957e-05 0.0199192)
(5.38235e-05 -6.55237e-05 0.0199294)
(4.86598e-05 -6.46774e-05 0.019927)
(5.11752e-05 -6.26191e-05 0.0199382)
(5.29952e-05 -6.4878e-05 0.0199615)
(5.22195e-05 -6.64943e-05 0.0199684)
(4.85622e-05 -6.72096e-05 0.019964)
(4.55848e-05 -5.80274e-05 0.019967)
(4.89733e-05 -6.1276e-05 0.0199888)
(4.94891e-05 -6.42412e-05 0.0199946)
(4.69809e-05 -6.66316e-05 0.0199895)
(4.13497e-05 -4.49437e-05 0.0198261)
(4.09428e-05 -4.45592e-05 0.0198668)
(3.85321e-05 -4.36335e-05 0.019887)
(3.41835e-05 -4.21794e-05 0.0198919)
(3.89031e-05 -4.61599e-05 0.0198888)
(3.92379e-05 -4.67648e-05 0.0199214)
(3.78403e-05 -4.69415e-05 0.0199365)
(3.45243e-05 -4.65455e-05 0.0199386)
(3.57402e-05 -4.55251e-05 0.0199308)
(3.70443e-05 -4.69725e-05 0.0199587)
(3.66171e-05 -4.81361e-05 0.0199705)
(3.42297e-05 -4.87968e-05 0.0199707)
(3.19314e-05 -4.28535e-05 0.0199554)
(3.42637e-05 -4.50378e-05 0.0199815)
(3.46513e-05 -4.71264e-05 0.0199921)
(3.30255e-05 -4.88556e-05 0.0199917)
(2.87454e-05 -3.21158e-05 0.0198276)
(2.85851e-05 -3.18326e-05 0.0198719)
(2.71246e-05 -3.11925e-05 0.0198956)
(2.43601e-05 -3.02495e-05 0.0199034)
(2.71188e-05 -3.33098e-05 0.0198872)
(2.74007e-05 -3.36766e-05 0.0199232)
(2.65813e-05 -3.38111e-05 0.0199417)
(2.4469e-05 -3.36132e-05 0.0199468)
(2.49311e-05 -3.31929e-05 0.019926)
(2.58644e-05 -3.41499e-05 0.0199572)
(2.56751e-05 -3.49693e-05 0.0199723)
(2.41698e-05 -3.54805e-05 0.0199756)
(2.22827e-05 -3.16571e-05 0.0199479)
(2.39292e-05 -3.31394e-05 0.019977)
(2.42869e-05 -3.45854e-05 0.0199907)
(2.33096e-05 -3.57845e-05 0.0199934)
(2.01038e-05 -2.30603e-05 0.019829)
(2.00433e-05 -2.28636e-05 0.0198757)
(1.91405e-05 -2.2419e-05 0.0199017)
(1.73596e-05 -2.17856e-05 0.0199116)
(1.89836e-05 -2.41159e-05 0.0198864)
(1.9202e-05 -2.43532e-05 0.0199247)
(1.87257e-05 -2.44509e-05 0.0199455)
(1.73787e-05 -2.43382e-05 0.0199527)
(1.74414e-05 -2.42489e-05 0.0199231)
(1.81164e-05 -2.48951e-05 0.0199564)
(1.80698e-05 -2.5464e-05 0.0199737)
(1.71381e-05 -2.58274e-05 0.0199791)
(1.55762e-05 -2.3377e-05 0.019943)
(1.67646e-05 -2.43907e-05 0.019974)
(1.71022e-05 -2.53835e-05 0.0199898)
(1.65482e-05 -2.61957e-05 0.0199945)
(1.41404e-05 -1.66206e-05 0.0198302)
(1.41204e-05 -1.64869e-05 0.0198785)
(1.35517e-05 -1.61744e-05 0.0199061)
(1.2388e-05 -1.57355e-05 0.0199173)
(1.33526e-05 -1.75005e-05 0.019886)
(1.35171e-05 -1.76601e-05 0.0199259)
(1.32429e-05 -1.77276e-05 0.0199482)
(1.23789e-05 -1.76522e-05 0.0199568)
(1.22537e-05 -1.77314e-05 0.0199212)
(1.27469e-05 -1.81735e-05 0.019956)
(1.27759e-05 -1.85649e-05 0.0199748)
(1.22053e-05 -1.88108e-05 0.0199816)
(1.09293e-05 -1.72434e-05 0.0199397)
(1.17999e-05 -1.79407e-05 0.0199721)
(1.21067e-05 -1.862e-05 0.0199893)
(1.1811e-05 -1.91631e-05 0.0199954)
(9.99278e-06 -1.20083e-05 0.0198312)
(9.98841e-06 -1.19178e-05 0.0198806)
(9.62395e-06 -1.16953e-05 0.0199092)
(8.85307e-06 -1.13838e-05 0.0199214)
(9.43203e-06 -1.27148e-05 0.0198859)
(9.55433e-06 -1.28245e-05 0.0199268)
(9.39828e-06 -1.2869e-05 0.0199502)
(8.83982e-06 -1.28116e-05 0.0199598)
(8.64444e-06 -1.29639e-05 0.01992)
(9.00707e-06 -1.32689e-05 0.0199557)
(9.06937e-06 -1.35366e-05 0.0199756)
(8.7222e-06 -1.36978e-05 0.0199834)
(7.69955e-06 -1.26956e-05 0.0199374)
(8.34201e-06 -1.31775e-05 0.0199707)
(8.60826e-06 -1.3642e-05 0.0199889)
(8.4633e-06 -1.40025e-05 0.0199959)
(7.08428e-06 -8.6832e-06 0.0198319)
(7.08523e-06 -8.62151e-06 0.0198821)
(6.84792e-06 -8.46138e-06 0.0199114)
(6.33116e-06 -8.23664e-06 0.0199243)
(6.68286e-06 -9.23579e-06 0.0198859)
(6.77291e-06 -9.31184e-06 0.0199276)
(6.6853e-06 -9.33975e-06 0.0199517)
(6.3212e-06 -9.2932e-06 0.0199619)
(6.11701e-06 -9.46513e-06 0.0199192)
(6.38391e-06 -9.67656e-06 0.0199556)
(6.45525e-06 -9.85906e-06 0.0199762)
(6.24487e-06 -9.96234e-06 0.0199847)
(5.44116e-06 -9.32114e-06 0.0199358)
(5.91609e-06 -9.65544e-06 0.0199698)
(6.13794e-06 -9.97315e-06 0.0199887)
(6.07681e-06 -1.02116e-05 0.0199963)
(5.02765e-06 -6.27082e-06 0.0198325)
(5.02973e-06 -6.22839e-06 0.0198832)
(4.87309e-06 -6.11241e-06 0.0199131)
(4.52342e-06 -5.94888e-06 0.0199264)
(4.7399e-06 -6.69428e-06 0.019886)
(4.80554e-06 -6.74706e-06 0.0199281)
(4.75714e-06 -6.76369e-06 0.0199527)
(4.5178e-06 -6.72532e-06 0.0199634)
(4.33353e-06 -6.88897e-06 0.0199186)
(4.52939e-06 -7.03579e-06 0.0199556)
(4.59706e-06 -7.15983e-06 0.0199766)
(4.46978e-06 -7.22481e-06 0.0199855)
(3.85012e-06 -6.81437e-06 0.0199347)
(4.20019e-06 -7.04667e-06 0.0199692)
(4.37888e-06 -7.26419e-06 0.0199885)
(4.36149e-06 -7.42174e-06 0.0199965)
(3.56074e-06 -4.50917e-06 0.019833)
(3.56249e-06 -4.47974e-06 0.019884)
(3.45807e-06 -4.39569e-06 0.0199142)
(3.22009e-06 -4.27657e-06 0.0199279)
(3.35506e-06 -4.82777e-06 0.019886)
(3.40239e-06 -4.86425e-06 0.0199285)
(3.37619e-06 -4.87354e-06 0.0199535)
(3.21785e-06 -4.84224e-06 0.0199645)
(3.06435e-06 -4.98465e-06 0.0199183)
(3.20709e-06 -5.08644e-06 0.0199556)
(3.2654e-06 -5.17041e-06 0.0199769)
(3.18839e-06 -5.21059e-06 0.0199862)
(2.71975e-06 -4.94806e-06 0.019934)
(2.97598e-06 -5.10933e-06 0.0199687)
(3.11569e-06 -5.25815e-06 0.0199883)
(3.11895e-06 -5.36217e-06 0.0199967)
(2.50575e-06 -3.21473e-06 0.0198333)
(2.50704e-06 -3.19422e-06 0.0198846)
(2.43714e-06 -3.13366e-06 0.0199151)
(2.27513e-06 -3.04744e-06 0.0199289)
(2.3599e-06 -3.44992e-06 0.0198861)
(2.39379e-06 -3.47488e-06 0.0199288)
(2.38003e-06 -3.4796e-06 0.019954)
(2.27505e-06 -3.45462e-06 0.0199653)
(2.15377e-06 -3.57137e-06 0.0199181)
(2.25678e-06 -3.6415e-06 0.0199555)
(2.304e-06 -3.69794e-06 0.0199771)
(2.25747e-06 -3.72229e-06 0.0199866)
(1.91016e-06 -3.55501e-06 0.0199335)
(2.0956e-06 -3.66636e-06 0.0199684)
(2.20185e-06 -3.76773e-06 0.0199882)
(2.21323e-06 -3.83617e-06 0.0199968)
(1.74447e-06 -2.2625e-06 0.0198336)
(1.74598e-06 -2.24811e-06 0.019885)
(1.69951e-06 -2.20496e-06 0.0199156)
(1.58996e-06 -2.14332e-06 0.0199297)
(1.6425e-06 -2.43265e-06 0.0198861)
(1.6672e-06 -2.44939e-06 0.019929)
(1.66047e-06 -2.45131e-06 0.0199544)
(1.59121e-06 -2.43181e-06 0.0199658)
(1.49861e-06 -2.52344e-06 0.0199179)
(1.57247e-06 -2.57118e-06 0.0199555)
(1.60909e-06 -2.6086e-06 0.0199773)
(1.58122e-06 -2.62289e-06 0.0199869)
(1.329e-06 -2.51737e-06 0.0199331)
(1.46148e-06 -2.59344e-06 0.0199682)
(1.54021e-06 -2.66174e-06 0.0199881)
(1.55348e-06 -2.70627e-06 0.0199969)
(1.20475e-06 -1.57653e-06 0.0198338)
(1.20782e-06 -1.56632e-06 0.0198853)
(1.17747e-06 -1.53594e-06 0.019916)
(1.10398e-06 -1.49229e-06 0.0199302)
(1.13443e-06 -1.6984e-06 0.0198862)
(1.15417e-06 -1.70934e-06 0.0199292)
(1.15169e-06 -1.70949e-06 0.0199546)
(1.10634e-06 -1.69432e-06 0.0199662)
(1.03592e-06 -1.76466e-06 0.0199178)
(1.08987e-06 -1.7968e-06 0.0199555)
(1.1178e-06 -1.8211e-06 0.0199774)
(1.10144e-06 -1.82889e-06 0.0199871)
(9.20146e-07 -1.76352e-06 0.0199329)
(1.01459e-06 -1.81503e-06 0.019968)
(1.07214e-06 -1.86041e-06 0.0199881)
(1.0847e-06 -1.88879e-06 0.0199969)
(8.52561e-07 -1.13435e-06 0.0198339)
(8.5904e-07 -1.12606e-06 0.0198855)
(8.39484e-07 -1.10405e-06 0.0199163)
(7.89284e-07 -1.07238e-06 0.0199305)
(8.03511e-07 -1.22525e-06 0.0198862)
(8.22897e-07 -1.23228e-06 0.0199293)
(8.23269e-07 -1.23117e-06 0.0199548)
(7.93049e-07 -1.21873e-06 0.0199664)
(7.36012e-07 -1.27489e-06 0.0199177)
(7.79142e-07 -1.29721e-06 0.0199555)
(8.01274e-07 -1.31302e-06 0.0199775)
(7.91819e-07 -1.31653e-06 0.0199873)
(6.56984e-07 -1.27644e-06 0.0199327)
(7.27529e-07 -1.31249e-06 0.0199679)
(7.70995e-07 -1.34304e-06 0.019988)
(7.82387e-07 -1.36091e-06 0.0199969)
(6.87244e-07 -9.45731e-07 0.019834)
(6.97387e-07 -9.43645e-07 0.0198857)
(6.80771e-07 -9.30801e-07 0.0199166)
(6.38109e-07 -9.07879e-07 0.0199309)
(6.44227e-07 -1.03323e-06 0.0198863)
(6.66883e-07 -1.04182e-06 0.0199294)
(6.67651e-07 -1.04266e-06 0.019955)
(6.42873e-07 -1.0326e-06 0.0199667)
(5.91113e-07 -1.08155e-06 0.0199177)
(6.31734e-07 -1.10168e-06 0.0199556)
(6.50774e-07 -1.11494e-06 0.0199776)
(6.43946e-07 -1.11675e-06 0.0199874)
(5.30625e-07 -1.08679e-06 0.0199325)
(5.90543e-07 -1.11807e-06 0.0199678)
(6.27466e-07 -1.14288e-06 0.019988)
(6.38505e-07 -1.15594e-06 0.019997)
(3.66974e-06 0.0074269 0.00280152)
(-1.69137e-05 0.00567495 0.0137028)
(-0.00247531 0.002637 0.0185389)
(-0.00523987 0.000749718 0.0168117)
(0.000336921 0.000637977 0.00311489)
(0.00249433 0.00338195 0.0140924)
(0.000811212 0.000175031 0.0176118)
(-4.04475e-05 -0.00222251 0.012476)
(0.000216262 -5.25069e-06 0.00176513)
(0.00326771 0.00133725 0.0108802)
(0.0110214 0.00665338 0.00502523)
(0.00630076 0.000969285 0.00361792)
(0.000413639 0.000177237 0.000886156)
(0.0035035 -0.00120425 0.00480065)
(-0.00141004 -0.00132697 0.0129832)
(-0.000508277 -0.000736313 0.00302895)
(-0.00299018 0.00122388 0.0326306)
(-0.00379052 -0.000424813 0.0296891)
(-0.00236083 -0.00111145 0.0286543)
(-0.000728866 -0.000945427 0.0282204)
(-0.00242389 0.0015892 0.0337849)
(-0.00303359 0.000947823 0.0296991)
(-0.00115217 0.000949968 0.0277776)
(0.000425316 0.000330288 0.0276321)
(-0.00158893 0.000953533 0.0320516)
(-0.00168737 0.00129291 0.0284664)
(0.000285303 0.00165838 0.0290525)
(-0.000144133 0.00107447 0.030612)
(-0.000962456 -0.00112863 0.0361208)
(-0.00171042 0.000469782 0.0311379)
(-0.000259182 0.000780779 0.0310153)
(0.000612811 0.00113382 0.0347926)
(-0.000351856 0.000467283 0.0202162)
(-0.000375748 0.00025111 0.0200987)
(-0.000283094 6.38229e-06 0.0194785)
(5.12119e-05 -2.41808e-05 0.0186012)
(-0.000599557 0.00143613 0.0201002)
(-0.000326197 0.00120851 0.0200295)
(-6.25398e-05 0.00080081 0.0192316)
(0.000180922 0.000334383 0.0181371)
(-0.000191376 0.00112429 0.0182101)
(5.12728e-05 0.00107152 0.018432)
(6.31283e-05 0.000637167 0.0181499)
(-0.000144054 0.000194589 0.0180705)
(0.000130594 0.000247599 0.0180412)
(0.000121094 0.000442338 0.0182316)
(4.56218e-05 0.00022082 0.0187544)
(1.61625e-05 5.87966e-05 0.0186309)
(0.00029508 -0.00026439 0.0215397)
(0.000352302 -0.000204706 0.0211094)
(0.000376475 -0.000191601 0.0205147)
(0.000325143 -0.000228532 0.0199226)
(-0.000106693 0.000472504 0.0213919)
(0.000165547 0.000387225 0.0209629)
(0.000323181 0.000159722 0.0203163)
(0.000257486 -0.000113829 0.0197008)
(-4.86041e-05 0.000518628 0.0203584)
(0.000170108 0.000411172 0.0201087)
(0.000231345 0.000104102 0.0198163)
(0.000102842 -0.000201465 0.0196689)
(5.49175e-05 0.000234273 0.0198498)
(0.000138677 0.000165601 0.0197714)
(0.0001195 -4.61883e-05 0.019904)
(2.77123e-05 -0.000221151 0.0199466)
(0.000395504 -0.000346102 0.0204497)
(0.000483074 -0.000257454 0.0203362)
(0.000498779 -0.000225934 0.0200992)
(0.000439898 -0.000249879 0.0198712)
(6.33188e-05 0.000111016 0.0205322)
(0.000262982 8.81792e-05 0.0204218)
(0.000358681 -2.67916e-05 0.0201638)
(0.000306209 -0.000180822 0.0199316)
(2.05883e-05 0.000211381 0.0202)
(0.00018184 0.000135145 0.0201955)
(0.000243637 -3.46446e-05 0.0201158)
(0.000184156 -0.000214115 0.020063)
(3.15503e-05 9.61399e-05 0.0199859)
(0.000103158 3.73263e-05 0.020096)
(0.000120577 -8.44951e-05 0.0202058)
(7.90798e-05 -0.000202501 0.0202825)
(0.000329216 -0.000323317 0.0199534)
(0.000381783 -0.000269062 0.0199639)
(0.000394194 -0.000246565 0.0199092)
(0.000362979 -0.000256314 0.0198446)
(0.00012173 -9.46401e-05 0.0200356)
(0.00023131 -9.20503e-05 0.0200584)
(0.000285727 -0.000139075 0.0200007)
(0.000264866 -0.000212024 0.0199336)
(5.67777e-05 -9.01121e-06 0.0199519)
(0.000152292 -3.83876e-05 0.0200273)
(0.000197728 -0.000117574 0.0200436)
(0.000181442 -0.000210082 0.0200442)
(2.98709e-05 -2.50454e-05 0.0198714)
(8.05311e-05 -5.26052e-05 0.0200091)
(0.00010587 -0.00011518 0.0201102)
(0.000103003 -0.000184067 0.0201747)
(0.000240051 -0.000253597 0.0196951)
(0.000266834 -0.000226203 0.0197705)
(0.000274791 -0.000214807 0.0198041)
(0.000260033 -0.000218857 0.0198188)
(0.00011928 -0.0001537 0.0197879)
(0.000175364 -0.000146743 0.019873)
(0.000207059 -0.000163808 0.0199059)
(0.00020293 -0.000194824 0.0199165)
(6.26564e-05 -0.000101607 0.0198062)
(0.000117551 -0.000109594 0.0199148)
(0.000150732 -0.00014264 0.0199757)
(0.000154909 -0.000184514 0.0200093)
(2.76956e-05 -8.60585e-05 0.0197957)
(6.46772e-05 -9.55234e-05 0.0199347)
(9.25469e-05 -0.000123772 0.0200323)
(0.000107618 -0.000158385 0.020092)
(0.000168903 -0.000187099 0.0195705)
(0.000181499 -0.000173203 0.0196741)
(0.000186168 -0.00016737 0.019746)
(0.000179373 -0.000168606 0.0197963)
(9.85312e-05 -0.000147292 0.0196573)
(0.000127398 -0.000140152 0.0197706)
(0.000146118 -0.000144802 0.0198435)
(0.000147746 -0.000156619 0.0198901)
(5.53526e-05 -0.00011822 0.0197093)
(8.81053e-05 -0.000117477 0.0198345)
(0.000111752 -0.000129366 0.0199172)
(0.000121132 -0.000146739 0.0199687)
(2.40928e-05 -9.75138e-05 0.0197305)
(5.20863e-05 -9.87946e-05 0.0198703)
(7.66298e-05 -0.000110471 0.0199678)
(9.43456e-05 -0.000126896 0.0200282)
(0.00011763 -0.000134327 0.0195111)
(0.000123195 -0.000126851 0.0196266)
(0.000125724 -0.000123661 0.019715)
(0.00012221 -0.000123783 0.0197807)
(7.54439e-05 -0.000120449 0.0195873)
(9.07019e-05 -0.000114351 0.0197127)
(0.000101887 -0.000114437 0.0198032)
(0.000104474 -0.00011835 0.0198666)
(4.41372e-05 -0.000104637 0.0196445)
(6.43543e-05 -0.000101107 0.0197775)
(8.06664e-05 -0.000104418 0.0198713)
(8.94522e-05 -0.000111228 0.0199334)
(1.94696e-05 -8.70096e-05 0.0196752)
(4.0236e-05 -8.53508e-05 0.0198159)
(5.9247e-05 -8.98244e-05 0.0199154)
(7.40633e-05 -9.7639e-05 0.0199792)
(8.18486e-05 -9.53458e-05 0.0194832)
(8.40437e-05 -9.10302e-05 0.0196036)
(8.52662e-05 -8.91932e-05 0.0196991)
(8.30405e-05 -8.90291e-05 0.0197716)
(5.56327e-05 -9.19994e-05 0.0195487)
(6.39016e-05 -8.72336e-05 0.0196795)
(7.06182e-05 -8.60117e-05 0.0197783)
(7.26317e-05 -8.69932e-05 0.0198499)
(3.33549e-05 -8.3488e-05 0.0196023)
(4.60663e-05 -7.96869e-05 0.0197393)
(5.70632e-05 -7.99247e-05 0.0198393)
(6.3728e-05 -8.24727e-05 0.019908)
(1.48599e-05 -7.05333e-05 0.0196338)
(2.97412e-05 -6.82011e-05 0.0197755)
(4.35293e-05 -6.97513e-05 0.0198775)
(5.45049e-05 -7.36349e-05 0.0199452)
(5.71485e-05 -6.74621e-05 0.01947)
(5.77822e-05 -6.48086e-05 0.0195925)
(5.82619e-05 -6.37277e-05 0.0196912)
(5.66056e-05 -6.3583e-05 0.0197669)
(4.02938e-05 -6.80617e-05 0.0195267)
(4.48568e-05 -6.45052e-05 0.0196601)
(4.88978e-05 -6.31723e-05 0.019763)
(5.01418e-05 -6.32127e-05 0.0198391)
(2.45458e-05 -6.35715e-05 0.0195748)
(3.26209e-05 -6.03294e-05 0.0197141)
(3.99311e-05 -5.96711e-05 0.0198178)
(4.45652e-05 -6.05932e-05 0.0198909)
(1.09797e-05 -5.46857e-05 0.0196042)
(2.13822e-05 -5.25141e-05 0.019747)
(3.10421e-05 -5.29474e-05 0.0198513)
(3.87602e-05 -5.50223e-05 0.0199225)
(4.012e-05 -4.77997e-05 0.0194638)
(4.00659e-05 -4.60908e-05 0.0195873)
(4.01561e-05 -4.54552e-05 0.0196874)
(3.88325e-05 -4.53994e-05 0.0197646)
(2.89701e-05 -4.96353e-05 0.0195139)
(3.15113e-05 -4.70472e-05 0.0196487)
(3.39504e-05 -4.5956e-05 0.0197538)
(3.46114e-05 -4.57768e-05 0.0198324)
(1.78442e-05 -4.73586e-05 0.019557)
(2.30119e-05 -4.48281e-05 0.0196977)
(2.78475e-05 -4.40525e-05 0.0198037)
(3.09515e-05 -4.43857e-05 0.0198797)
(7.97798e-06 -4.14753e-05 0.0195836)
(1.51507e-05 -3.9698e-05 0.0197274)
(2.18161e-05 -3.97381e-05 0.0198336)
(2.7139e-05 -4.09426e-05 0.0199074)
(2.83329e-05 -3.39833e-05 0.0194611)
(2.80101e-05 -3.28482e-05 0.019585)
(2.7916e-05 -3.24809e-05 0.0196858)
(2.68435e-05 -3.25009e-05 0.0197638)
(2.07886e-05 -3.59891e-05 0.0195062)
(2.22051e-05 -3.41314e-05 0.0196418)
(2.36844e-05 -3.33276e-05 0.0197482)
(2.39806e-05 -3.3155e-05 0.0198284)
(1.29094e-05 -3.49187e-05 0.0195454)
(1.62392e-05 -3.30234e-05 0.0196871)
(1.94435e-05 -3.23654e-05 0.0197946)
(2.14958e-05 -3.24968e-05 0.0198724)
(5.75211e-06 -3.10925e-05 0.0195695)
(1.0671e-05 -2.97182e-05 0.019714)
(1.52521e-05 -2.9641e-05 0.0198216)
(1.89114e-05 -3.03942e-05 0.0198974)
(2.01192e-05 -2.42544e-05 0.01946)
(1.97233e-05 -2.34855e-05 0.019584)
(1.9557e-05 -2.32797e-05 0.0196852)
(1.86953e-05 -2.3345e-05 0.0197637)
(1.49261e-05 -2.6049e-05 0.0195016)
(1.57092e-05 -2.47248e-05 0.0196376)
(1.66114e-05 -2.41614e-05 0.0197448)
(1.6703e-05 -2.40449e-05 0.0198259)
(9.3265e-06 -2.56202e-05 0.0195379)
(1.14869e-05 -2.42294e-05 0.0196801)
(1.36217e-05 -2.37292e-05 0.0197886)
(1.49776e-05 -2.37954e-05 0.0198677)
(4.13511e-06 -2.31515e-05 0.0195598)
(7.5071e-06 -2.2118e-05 0.019705)
(1.06615e-05 -2.2022e-05 0.0198136)
(1.31872e-05 -2.25201e-05 0.0198907)
(1.43523e-05 -1.73718e-05 0.0194597)
(1.39701e-05 -1.68443e-05 0.0195838)
(1.3789e-05 -1.67343e-05 0.0196852)
(1.31065e-05 -1.68189e-05 0.0197639)
(1.07322e-05 -1.88522e-05 0.0194987)
(1.11567e-05 -1.79111e-05 0.019635)
(1.17095e-05 -1.75258e-05 0.0197427)
(1.16973e-05 -1.74607e-05 0.0198245)
(6.73831e-06 -1.87499e-05 0.0195329)
(8.14963e-06 -1.77399e-05 0.0196755)
(9.58171e-06 -1.73775e-05 0.0197847)
(1.04817e-05 -1.74228e-05 0.0198647)
(2.97084e-06 -1.71602e-05 0.0195532)
(5.28785e-06 -1.63943e-05 0.0196988)
(7.4692e-06 -1.631e-05 0.0198081)
(9.22374e-06 -1.66518e-05 0.0198862)
(1.02732e-05 -1.24751e-05 0.0194597)
(9.93899e-06 -1.21103e-05 0.0195838)
(9.77013e-06 -1.20558e-05 0.0196854)
(9.23708e-06 -1.21426e-05 0.0197642)
(7.72674e-06 -1.36463e-05 0.019497)
(7.94889e-06 -1.29781e-05 0.0196335)
(8.28887e-06 -1.27177e-05 0.0197415)
(8.23059e-06 -1.2688e-05 0.0198237)
(4.86973e-06 -1.36977e-05 0.0195296)
(5.79782e-06 -1.2968e-05 0.0196725)
(6.76526e-06 -1.27113e-05 0.0197822)
(7.3666e-06 -1.27485e-05 0.0198627)
(2.13479e-06 -1.26722e-05 0.0195487)
(3.73255e-06 -1.21091e-05 0.0196946)
(5.24833e-06 -1.20429e-05 0.0198044)
(6.47489e-06 -1.22827e-05 0.0198832)
(7.36714e-06 -8.97055e-06 0.0194599)
(7.09035e-06 -8.71681e-06 0.019584)
(6.94468e-06 -8.69345e-06 0.0196856)
(6.53381e-06 -8.77293e-06 0.0197645)
(5.56551e-06 -9.87399e-06 0.0194959)
(5.67475e-06 -9.39953e-06 0.0196325)
(5.88427e-06 -9.22448e-06 0.0197407)
(5.81134e-06 -9.21579e-06 0.0198232)
(3.51817e-06 -9.98653e-06 0.0195274)
(4.13223e-06 -9.46088e-06 0.0196705)
(4.78987e-06 -9.28092e-06 0.0197805)
(5.19432e-06 -9.31274e-06 0.0198613)
(1.53393e-06 -9.32255e-06 0.0195456)
(2.63968e-06 -8.91066e-06 0.0196917)
(3.69737e-06 -8.86107e-06 0.0198019)
(4.55907e-06 -9.03114e-06 0.019881)
(5.28191e-06 -6.44621e-06 0.0194601)
(5.06079e-06 -6.26932e-06 0.0195842)
(4.94104e-06 -6.26251e-06 0.0196859)
(4.62836e-06 -6.33043e-06 0.0197648)
(4.00393e-06 -7.13067e-06 0.0194953)
(4.05171e-06 -6.79413e-06 0.019632)
(4.18088e-06 -6.67659e-06 0.0197403)
(4.10923e-06 -6.67883e-06 0.0198229)
(2.53709e-06 -7.25694e-06 0.0195259)
(2.94546e-06 -6.87947e-06 0.0196692)
(3.39457e-06 -6.75391e-06 0.0197793)
(3.66798e-06 -6.78062e-06 0.0198604)
(1.10071e-06 -6.82515e-06 0.0195435)
(1.8679e-06 -6.52539e-06 0.0196897)
(2.60778e-06 -6.48901e-06 0.0198001)
(3.21473e-06 -6.61017e-06 0.0198796)
(3.77418e-06 -4.61504e-06 0.0194604)
(3.60262e-06 -4.49201e-06 0.0195844)
(3.50769e-06 -4.49334e-06 0.0196861)
(3.27313e-06 -4.54863e-06 0.0197651)
(2.86883e-06 -5.12551e-06 0.0194949)
(2.88472e-06 -4.88774e-06 0.0196316)
(2.96426e-06 -4.80893e-06 0.01974)
(2.90126e-06 -4.81588e-06 0.0198227)
(1.82132e-06 -5.24284e-06 0.019525)
(2.09389e-06 -4.9733e-06 0.0196683)
(2.40116e-06 -4.88606e-06 0.0197786)
(2.58646e-06 -4.90772e-06 0.0198598)
(7.86769e-07 -4.9611e-06 0.019542)
(1.31921e-06 -4.74459e-06 0.0196883)
(1.83658e-06 -4.71829e-06 0.0197989)
(2.26376e-06 -4.80447e-06 0.0198786)
(2.67552e-06 -3.27695e-06 0.0194605)
(2.54639e-06 -3.19242e-06 0.0195846)
(2.47369e-06 -3.19734e-06 0.0196863)
(2.30113e-06 -3.24065e-06 0.0197653)
(2.03826e-06 -3.65135e-06 0.0194946)
(2.03935e-06 -3.48515e-06 0.0196314)
(2.08834e-06 -3.4327e-06 0.0197399)
(2.037e-06 -3.44092e-06 0.0198226)
(1.29608e-06 -3.75039e-06 0.0195243)
(1.47844e-06 -3.56018e-06 0.0196677)
(1.68832e-06 -3.50016e-06 0.019778)
(1.81397e-06 -3.51715e-06 0.0198594)
(5.57939e-07 -3.56648e-06 0.019541)
(9.2638e-07 -3.41233e-06 0.0196874)
(1.28655e-06 -3.39378e-06 0.019798)
(1.58571e-06 -3.45469e-06 0.0198779)
(1.87175e-06 -2.29582e-06 0.0194607)
(1.77844e-06 -2.23975e-06 0.0195848)
(1.72512e-06 -2.24616e-06 0.0196864)
(1.6021e-06 -2.27911e-06 0.0197655)
(1.4287e-06 -2.56525e-06 0.0194944)
(1.42516e-06 -2.45195e-06 0.0196312)
(1.45587e-06 -2.41797e-06 0.0197398)
(1.41733e-06 -2.42589e-06 0.0198226)
(9.09787e-07 -2.64372e-06 0.0195239)
(1.03256e-06 -2.51282e-06 0.0196673)
(1.17546e-06 -2.47262e-06 0.0197777)
(1.26102e-06 -2.48568e-06 0.0198592)
(3.90831e-07 -2.52411e-06 0.0195403)
(6.4453e-07 -2.41757e-06 0.0196867)
(8.93335e-07 -2.40535e-06 0.0197975)
(1.10122e-06 -2.44807e-06 0.0198774)
(1.29188e-06 -1.58681e-06 0.0194608)
(1.22899e-06 -1.55329e-06 0.0195849)
(1.19241e-06 -1.56114e-06 0.0196865)
(1.10962e-06 -1.58629e-06 0.0197656)
(9.87935e-07 -1.77811e-06 0.0194943)
(9.86542e-07 -1.70537e-06 0.0196312)
(1.00747e-06 -1.68533e-06 0.0197397)
(9.82643e-07 -1.69287e-06 0.0198226)
(6.30185e-07 -1.83807e-06 0.0195236)
(7.15313e-07 -1.75284e-06 0.019667)
(8.1333e-07 -1.72795e-06 0.0197775)
(8.73637e-07 -1.73839e-06 0.019859)
(2.70847e-07 -1.76064e-06 0.0195398)
(4.46051e-07 -1.69179e-06 0.0196863)
(6.17546e-07 -1.68561e-06 0.0197971)
(7.62097e-07 -1.71594e-06 0.0198771)
(9.06616e-07 -1.11773e-06 0.0194609)
(8.68212e-07 -1.10464e-06 0.0195849)
(8.45397e-07 -1.116e-06 0.0196866)
(7.95221e-07 -1.1376e-06 0.0197657)
(6.95266e-07 -1.25756e-06 0.0194943)
(7.00638e-07 -1.21756e-06 0.0196311)
(7.17862e-07 -1.21e-06 0.0197397)
(7.07616e-07 -1.21909e-06 0.0198225)
(4.44706e-07 -1.30415e-06 0.0195234)
(5.09756e-07 -1.25555e-06 0.0196668)
(5.80171e-07 -1.24435e-06 0.0197773)
(6.27779e-07 -1.25497e-06 0.0198589)
(1.92328e-07 -1.25371e-06 0.0195395)
(3.18947e-07 -1.21643e-06 0.019686)
(4.40715e-07 -1.21789e-06 0.0197968)
(5.45651e-07 -1.24201e-06 0.0198768)
(7.146e-07 -8.85391e-07 0.019461)
(6.95352e-07 -8.93811e-07 0.019585)
(6.81095e-07 -9.15206e-07 0.0196867)
(6.56624e-07 -9.40823e-07 0.0197658)
(5.50581e-07 -1.00915e-06 0.0194942)
(5.64727e-07 -9.99138e-07 0.0196311)
(5.82196e-07 -1.00589e-06 0.0197397)
(5.87022e-07 -1.02122e-06 0.0198225)
(3.52902e-07 -1.05897e-06 0.0195232)
(4.10971e-07 -1.04322e-06 0.0196667)
(4.71178e-07 -1.04612e-06 0.0197772)
(5.17598e-07 -1.06095e-06 0.0198588)
(1.50609e-07 -1.02519e-06 0.0195392)
(2.53456e-07 -1.0181e-06 0.0196857)
(3.5667e-07 -1.03061e-06 0.0197966)
(4.45341e-07 -1.05539e-06 0.0198766)
(-0.000933244 0.000350709 0.00427163)
(0.00199165 2.09359e-05 0.00353082)
(0.0104173 -0.0077776 0.00343328)
(0.00327747 -0.00166906 0.0142091)
(-0.00273044 0.00185161 0.00596599)
(0.000363654 7.25046e-05 0.0123989)
(0.000171069 -0.00177055 0.00495384)
(-0.00292297 0.00277244 0.00851177)
(-0.00675252 0.00321236 0.00262394)
(-0.000610804 -0.000677884 0.0176403)
(-0.00205433 0.000126377 0.0161327)
(-0.00433299 0.000155103 0.00703202)
(-0.00850055 0.00870938 -0.000304618)
(-0.00134777 -0.00155783 0.0166885)
(-0.00441834 -0.000882874 0.0185901)
(-0.00731686 0.00270642 0.00139671)
(-0.00133605 -0.000110636 0.0284441)
(-0.00141511 -0.000926026 0.0240958)
(-0.00145273 -0.0017417 0.0143516)
(-0.00195881 0.000156362 0.0255606)
(-0.00245725 -0.000755988 0.0272895)
(-0.00283467 -0.00200348 0.0250174)
(-0.00221279 -0.00319509 0.0240354)
(-0.00291986 0.00023968 0.0236519)
(-0.00292903 -0.000779289 0.0263815)
(-0.00347296 -0.000650978 0.0252253)
(-0.00179329 -0.0021332 0.0258185)
(-0.00193675 7.63452e-06 0.0249152)
(-0.00261104 -0.000877827 0.0257151)
(-0.00316385 0.000873812 0.0257522)
(-0.00139492 -0.000395399 0.0271427)
(-0.000620019 0.000336853 0.028889)
(0.000387496 -0.000309414 0.0170884)
(0.00028392 -0.000423149 0.0163327)
(-0.000403417 -0.000526897 0.014616)
(-0.00150001 9.31385e-05 0.0165652)
(5.76552e-05 -0.000318103 0.0172475)
(-0.000276644 -0.000653133 0.0173925)
(-0.000634433 -0.00122059 0.0167995)
(-0.00144033 -0.000155771 0.0169151)
(-0.000272538 -0.000437822 0.0171033)
(-0.000724922 -0.000486675 0.0179415)
(-0.000623444 -0.00107838 0.0182841)
(-0.000972527 -0.000368893 0.0177764)
(-0.000336054 -0.000365432 0.0170767)
(-0.000824129 -6.77482e-05 0.0180385)
(-0.000570886 -0.00045927 0.0190146)
(-0.000439361 -0.00022417 0.0187318)
(0.000536367 -0.000509986 0.0196542)
(0.00031316 -0.000306584 0.0187847)
(5.99524e-05 -0.000320881 0.0177788)
(-0.000506922 -9.04525e-05 0.0178203)
(0.00038515 -0.000490652 0.019569)
(8.67227e-05 -0.000398983 0.0189558)
(-9.47476e-05 -0.000613465 0.0182911)
(-0.000484041 -0.000323767 0.0181036)
(0.000239163 -0.000436383 0.0194008)
(-0.000114603 -0.000349029 0.0190769)
(-0.000189733 -0.00056692 0.0188323)
(-0.000379108 -0.000417529 0.0185957)
(0.000103044 -0.00040793 0.0192602)
(-0.000250523 -0.000300691 0.0191454)
(-0.000264165 -0.000431245 0.0192463)
(-0.000247171 -0.000370565 0.0191287)
(0.000583034 -0.000466456 0.0193931)
(0.000453505 -0.000283376 0.0189666)
(0.000316593 -0.000217813 0.0185164)
(-2.4286e-06 -9.84853e-05 0.0184019)
(0.0005328 -0.000411091 0.0194785)
(0.000359167 -0.000309464 0.0191354)
(0.00021743 -0.000347849 0.0188184)
(-2.85954e-05 -0.000254749 0.0186865)
(0.000454784 -0.000365281 0.019485)
(0.000250874 -0.000312838 0.0192559)
(0.00013086 -0.000379469 0.0191012)
(-2.90027e-05 -0.000340018 0.0190132)
(0.000353845 -0.000350137 0.0194853)
(0.000147831 -0.000331618 0.0193783)
(5.87326e-05 -0.000386439 0.0193669)
(-5.13968e-06 -0.000365032 0.0193475)
(0.000457452 -0.000367808 0.0194139)
(0.000398653 -0.000234501 0.0191444)
(0.000316577 -0.00015483 0.018889)
(0.000126888 -7.55647e-05 0.018773)
(0.000436148 -0.000337794 0.019516)
(0.000355221 -0.000254872 0.0192939)
(0.000262679 -0.000231294 0.0191001)
(0.00010354 -0.000179745 0.019001)
(0.000396811 -0.000312477 0.0195738)
(0.000299478 -0.000271802 0.0194141)
(0.000211185 -0.000278927 0.0192945)
(9.25994e-05 -0.000252461 0.0192302)
(0.000340761 -0.000304702 0.019618)
(0.000240731 -0.000295618 0.0195291)
(0.000168551 -0.000312404 0.0194796)
(9.79993e-05 -0.000294317 0.0194512)
(0.000321121 -0.000261068 0.0194104)
(0.000303087 -0.000176987 0.0192612)
(0.00025237 -0.000110846 0.0191195)
(0.000135963 -5.43232e-05 0.0190382)
(0.000309642 -0.000248617 0.0195301)
(0.000279091 -0.000194678 0.0194093)
(0.000222812 -0.00016102 0.0192977)
(0.000122222 -0.000124066 0.019231)
(0.000289823 -0.000238676 0.0196175)
(0.000249698 -0.000211356 0.0195315)
(0.000194956 -0.00020009 0.0194558)
(0.000115572 -0.000177881 0.0194086)
(0.000261756 -0.000236529 0.0196849)
(0.000218757 -0.000229617 0.0196393)
(0.000172514 -0.000229927 0.0195989)
(0.000118346 -0.00021443 0.0195694)
(0.00021903 -0.000180136 0.0194157)
(0.000216713 -0.000126677 0.0193367)
(0.000186148 -7.80205e-05 0.0192613)
(0.000114899 -3.78511e-05 0.0192115)
(0.000211516 -0.000175733 0.0195411)
(0.000202106 -0.00014058 0.0194838)
(0.000169341 -0.000111602 0.0194262)
(0.000107364 -8.43322e-05 0.019386)
(0.000200834 -0.000172364 0.0196395)
(0.000186014 -0.000153686 0.0196044)
(0.000154342 -0.000139722 0.0195658)
(0.000104206 -0.000122229 0.0195358)
(0.000186785 -0.000171805 0.019716)
(0.000169871 -0.000166134 0.0197053)
(0.000142727 -0.000161643 0.0196848)
(0.000106238 -0.000150044 0.0196636)
(0.000148578 -0.000123247 0.0194227)
(0.000150896 -8.84277e-05 0.0193857)
(0.00013258 -5.41913e-05 0.0193496)
(8.92899e-05 -2.6079e-05 0.0193219)
(0.000143211 -0.000121962 0.0195496)
(0.000141471 -9.86541e-05 0.0195308)
(0.000122594 -7.67894e-05 0.0195072)
(8.50363e-05 -5.71632e-05 0.0194859)
(0.000136904 -0.000121181 0.0196517)
(0.000132169 -0.000108284 0.0196487)
(0.00011423 -9.64117e-05 0.0196361)
(8.35333e-05 -8.35628e-05 0.0196203)
(0.000129489 -0.000121113 0.0197312)
(0.00012345 -0.000116754 0.0197441)
(0.000107992 -0.000111955 0.0197409)
(8.48458e-05 -0.000103987 0.0197294)
(0.000101154 -8.44586e-05 0.0194301)
(0.000104066 -6.11708e-05 0.0194184)
(9.29655e-05 -3.74685e-05 0.0194059)
(6.65956e-05 -1.79791e-05 0.0193927)
(9.71555e-05 -8.42759e-05 0.019557)
(9.77262e-05 -6.84831e-05 0.0195615)
(8.67229e-05 -5.27968e-05 0.0195589)
(6.4025e-05 -3.89857e-05 0.0195505)
(9.30831e-05 -8.44422e-05 0.01966)
(9.20168e-05 -7.54513e-05 0.0196769)
(8.17916e-05 -6.64669e-05 0.0196813)
(6.32026e-05 -5.74068e-05 0.0196761)
(8.88142e-05 -8.45656e-05 0.0197403)
(8.70132e-05 -8.1401e-05 0.0197683)
(7.82133e-05 -7.75377e-05 0.0197778)
(6.39211e-05 -7.22664e-05 0.0197744)
(6.9428e-05 -5.82614e-05 0.0194368)
(7.18166e-05 -4.23434e-05 0.0194406)
(6.49415e-05 -2.59655e-05 0.0194425)
(4.86331e-05 -1.24678e-05 0.0194387)
(6.63966e-05 -5.84161e-05 0.0195631)
(6.74152e-05 -4.75195e-05 0.0195821)
(6.08447e-05 -3.64757e-05 0.0195926)
(4.69575e-05 -2.68552e-05 0.0195927)
(6.35789e-05 -5.88806e-05 0.0196662)
(6.37062e-05 -5.25687e-05 0.0196955)
(5.77499e-05 -4.60808e-05 0.0197109)
(4.64112e-05 -3.98025e-05 0.0197131)
(6.08862e-05 -5.90797e-05 0.0197465)
(6.06298e-05 -5.68698e-05 0.0197842)
(5.55334e-05 -5.40531e-05 0.0198023)
(4.6733e-05 -5.06018e-05 0.0198051)
(4.81056e-05 -4.05351e-05 0.0194423)
(4.98397e-05 -2.94739e-05 0.0194559)
(4.54774e-05 -1.81049e-05 0.0194668)
(3.51603e-05 -8.71525e-06 0.0194691)
(4.57947e-05 -4.07617e-05 0.0195682)
(4.67143e-05 -3.31389e-05 0.0195961)
(4.26794e-05 -2.53979e-05 0.0196149)
(3.40007e-05 -1.87032e-05 0.0196208)
(4.37609e-05 -4.12734e-05 0.019671)
(4.41946e-05 -3.68167e-05 0.0197081)
(4.06263e-05 -3.22154e-05 0.0197307)
(3.35847e-05 -2.78798e-05 0.019738)
(4.19374e-05 -4.14919e-05 0.0197511)
(4.21856e-05 -3.99796e-05 0.0197951)
(3.91596e-05 -3.80061e-05 0.0198188)
(3.36803e-05 -3.57352e-05 0.0198261)
(3.36383e-05 -2.84442e-05 0.0194468)
(3.48416e-05 -2.0664e-05 0.0194666)
(3.20059e-05 -1.27169e-05 0.0194833)
(2.53141e-05 -6.14145e-06 0.0194897)
(3.1877e-05 -2.86581e-05 0.0195722)
(3.2588e-05 -2.32714e-05 0.0196059)
(3.00391e-05 -1.78347e-05 0.01963)
(2.44801e-05 -1.31573e-05 0.0196398)
(3.03762e-05 -2.91253e-05 0.0196748)
(3.08215e-05 -2.59627e-05 0.0197169)
(2.862e-05 -2.27154e-05 0.0197441)
(2.41462e-05 -1.9709e-05 0.019755)
(2.9084e-05 -2.93334e-05 0.0197546)
(2.94502e-05 -2.8307e-05 0.0198027)
(2.76041e-05 -2.69429e-05 0.0198303)
(2.4131e-05 -2.54287e-05 0.0198405)
(2.37088e-05 -2.01099e-05 0.0194503)
(2.45298e-05 -1.45889e-05 0.0194742)
(2.26442e-05 -8.9938e-06 0.0194946)
(1.82004e-05 -4.35773e-06 0.0195038)
(2.23703e-05 -2.02897e-05 0.0195753)
(2.28889e-05 -1.64549e-05 0.0196128)
(2.12355e-05 -1.26195e-05 0.0196404)
(1.7588e-05 -9.33205e-06 0.0196528)
(2.12519e-05 -2.06847e-05 0.0196777)
(2.16253e-05 -1.84305e-05 0.0197231)
(2.02282e-05 -1.61361e-05 0.0197535)
(1.73192e-05 -1.40359e-05 0.0197667)
(2.03129e-05 -2.08682e-05 0.0197574)
(2.06618e-05 -2.0172e-05 0.0198081)
(1.95054e-05 -1.92299e-05 0.0198382)
(1.72601e-05 -1.82032e-05 0.0198507)
(1.68165e-05 -1.43033e-05 0.019453)
(1.73735e-05 -1.03606e-05 0.0194797)
(1.60939e-05 -6.3965e-06 0.0195025)
(1.30828e-05 -3.10857e-06 0.0195136)
(1.58033e-05 -1.44479e-05 0.0195778)
(1.61719e-05 -1.17032e-05 0.0196178)
(1.50735e-05 -8.98413e-06 0.0196477)
(1.26291e-05 -6.65964e-06 0.019662)
(1.49672e-05 -1.47686e-05 0.01968)
(1.52569e-05 -1.31556e-05 0.0197276)
(1.43472e-05 -1.15289e-05 0.01976)
(1.24156e-05 -1.005e-05 0.019775)
(1.42763e-05 -1.49225e-05 0.0197595)
(1.4568e-05 -1.44486e-05 0.019812)
(1.38257e-05 -1.37945e-05 0.0198439)
(1.23467e-05 -1.30866e-05 0.0198578)
(1.19833e-05 -1.02178e-05 0.019455)
(1.23606e-05 -7.39017e-06 0.0194836)
(1.14772e-05 -4.56783e-06 0.0195081)
(9.40376e-06 -2.22561e-06 0.0195205)
(1.12199e-05 -1.03316e-05 0.0195796)
(1.14783e-05 -8.36011e-06 0.0196213)
(1.07336e-05 -6.42421e-06 0.0196528)
(9.06685e-06 -4.77226e-06 0.0196684)
(1.05951e-05 -1.05854e-05 0.0196817)
(1.08113e-05 -9.42795e-06 0.0197308)
(1.02055e-05 -8.27009e-06 0.0197647)
(8.90022e-06 -7.22152e-06 0.0197808)
(1.0084e-05 -1.07101e-05 0.0197611)
(1.03139e-05 -1.03855e-05 0.0198148)
(9.82691e-06 -9.92825e-06 0.0198479)
(8.83655e-06 -9.43306e-06 0.0198629)
(8.56292e-06 -7.31761e-06 0.0194566)
(8.81833e-06 -5.28513e-06 0.0194864)
(8.20035e-06 -3.26946e-06 0.0195121)
(6.75557e-06 -1.59643e-06 0.0195254)
(7.99083e-06 -7.406e-06 0.019581)
(8.17036e-06 -5.98729e-06 0.0196239)
(7.6572e-06 -4.60507e-06 0.0196565)
(6.50573e-06 -3.42706e-06 0.0196729)
(7.52514e-06 -7.60316e-06 0.019683)
(7.68283e-06 -6.7712e-06 0.0197332)
(7.27194e-06 -5.94468e-06 0.019768)
(6.37767e-06 -5.19753e-06 0.0197849)
(7.14694e-06 -7.70148e-06 0.0197623)
(7.3219e-06 -7.47785e-06 0.0198168)
(6.99661e-06 -7.15605e-06 0.0198508)
(6.32452e-06 -6.80589e-06 0.0198665)
(6.12143e-06 -5.24157e-06 0.0194578)
(6.29421e-06 -3.78086e-06 0.0194884)
(5.85811e-06 -2.34024e-06 0.0195149)
(4.84393e-06 -1.14474e-06 0.0195289)
(5.69566e-06 -5.30942e-06 0.0195821)
(5.81951e-06 -4.28898e-06 0.0196258)
(5.46185e-06 -3.30143e-06 0.0196591)
(4.65945e-06 -2.46052e-06 0.0196762)
(5.35036e-06 -5.46023e-06 0.019684)
(5.46346e-06 -4.86245e-06 0.0197349)
(5.18095e-06 -4.27196e-06 0.0197703)
(4.56242e-06 -3.73844e-06 0.0197879)
(5.07128e-06 -5.53614e-06 0.0197633)
(5.20142e-06 -5.38126e-06 0.0198183)
(4.98099e-06 -5.15382e-06 0.0198528)
(4.52044e-06 -4.90462e-06 0.019869)
(4.36359e-06 -3.74294e-06 0.0194586)
(4.48023e-06 -2.6968e-06 0.0194899)
(4.17152e-06 -1.66992e-06 0.019517)
(3.45797e-06 -8.18096e-07 0.0195314)
(4.04984e-06 -3.79455e-06 0.0195829)
(4.13464e-06 -3.06331e-06 0.0196271)
(3.88396e-06 -2.35957e-06 0.019661)
(3.32282e-06 -1.76072e-06 0.0196785)
(3.79597e-06 -3.90823e-06 0.0196848)
(3.87591e-06 -3.48021e-06 0.0197361)
(3.68011e-06 -3.05934e-06 0.019772)
(3.25036e-06 -2.67899e-06 0.01979)
(3.59142e-06 -3.9658e-06 0.0197639)
(3.68638e-06 -3.85824e-06 0.0198194)
(3.53562e-06 -3.69737e-06 0.0198543)
(3.21837e-06 -3.51979e-06 0.0198709)
(3.08727e-06 -2.65221e-06 0.0194593)
(3.16585e-06 -1.90923e-06 0.019491)
(2.94822e-06 -1.18269e-06 0.0195184)
(2.44815e-06 -5.80278e-07 0.0195331)
(2.85965e-06 -2.69144e-06 0.0195835)
(2.91727e-06 -2.17189e-06 0.0196281)
(2.74186e-06 -1.67406e-06 0.0196623)
(2.35052e-06 -1.25056e-06 0.0196801)
(2.67564e-06 -2.77592e-06 0.0196853)
(2.73133e-06 -2.47193e-06 0.019737)
(2.59552e-06 -2.17405e-06 0.0197732)
(2.29743e-06 -1.90464e-06 0.0197915)
(2.52763e-06 -2.81904e-06 0.0197645)
(2.59555e-06 -2.74434e-06 0.0198202)
(2.49219e-06 -2.63097e-06 0.0198554)
(2.2738e-06 -2.50496e-06 0.0198722)
(2.1565e-06 -1.85515e-06 0.0194597)
(2.20963e-06 -1.33489e-06 0.0194917)
(2.05829e-06 -8.27508e-07 0.0195194)
(1.71179e-06 -4.06847e-07 0.0195344)
(1.99553e-06 -1.88583e-06 0.0195839)
(2.03461e-06 -1.52191e-06 0.0196288)
(1.91323e-06 -1.17409e-06 0.0196632)
(1.64303e-06 -8.78115e-07 0.0196813)
(1.86539e-06 -1.9481e-06 0.0196857)
(1.90366e-06 -1.73498e-06 0.0197376)
(1.81025e-06 -1.52656e-06 0.0197741)
(1.60529e-06 -1.33782e-06 0.0197925)
(1.76069e-06 -1.98059e-06 0.0197648)
(1.80817e-06 -1.92855e-06 0.0198208)
(1.7378e-06 -1.84913e-06 0.0198561)
(1.5886e-06 -1.76037e-06 0.0198731)
(1.48738e-06 -1.28092e-06 0.0194601)
(1.52468e-06 -9.22453e-07 0.0194922)
(1.42151e-06 -5.72898e-07 0.0195202)
(1.18463e-06 -2.8281e-07 0.0195352)
(1.37838e-06 -1.30753e-06 0.0195842)
(1.40549e-06 -1.05664e-06 0.0196293)
(1.32276e-06 -8.16526e-07 0.0196639)
(1.13827e-06 -6.118e-07 0.0196821)
(1.28991e-06 -1.35461e-06 0.019686)
(1.31607e-06 -1.20707e-06 0.019738)
(1.25254e-06 -1.06256e-06 0.0197747)
(1.11288e-06 -9.31343e-07 0.0197932)
(1.21845e-06 -1.38107e-06 0.0197651)
(1.25068e-06 -1.34396e-06 0.0198212)
(1.20326e-06 -1.28802e-06 0.0198566)
(1.1021e-06 -1.22539e-06 0.0198737)
(1.04266e-06 -9.01123e-07 0.0194603)
(1.07018e-06 -6.50575e-07 0.0194926)
(9.99903e-07 -4.06408e-07 0.0195206)
(8.36543e-07 -2.03354e-07 0.0195358)
(9.72147e-07 -9.31616e-07 0.0195844)
(9.91225e-07 -7.55822e-07 0.0196296)
(9.34684e-07 -5.86859e-07 0.0196643)
(8.0716e-07 -4.4219e-07 0.0196826)
(9.15184e-07 -9.72098e-07 0.0196862)
(9.32175e-07 -8.66776e-07 0.0197383)
(8.88474e-07 -7.63776e-07 0.0197751)
(7.91685e-07 -6.70013e-07 0.0197937)
(8.68276e-07 -1.00003e-06 0.0197653)
(8.88263e-07 -9.6953e-07 0.0198214)
(8.55992e-07 -9.2744e-07 0.019857)
(7.86127e-07 -8.80857e-07 0.0198742)
(8.26468e-07 -7.12776e-07 0.0194605)
(8.56044e-07 -5.1693e-07 0.019493)
(8.00061e-07 -3.22292e-07 0.0195211)
(6.6445e-07 -1.60495e-07 0.0195364)
(7.84171e-07 -7.55483e-07 0.0195847)
(8.04566e-07 -6.17525e-07 0.0196299)
(7.57474e-07 -4.8047e-07 0.0196648)
(6.47963e-07 -3.62854e-07 0.0196831)
(7.45899e-07 -8.04398e-07 0.0196864)
(7.60244e-07 -7.23421e-07 0.0197386)
(7.22492e-07 -6.41733e-07 0.0197755)
(6.38121e-07 -5.66578e-07 0.0197942)
(7.12852e-07 -8.44249e-07 0.0197655)
(7.24764e-07 -8.19129e-07 0.0198217)
(6.96234e-07 -7.86032e-07 0.0198573)
(6.34816e-07 -7.48276e-07 0.0198746)
)
;

boundaryField
{
    inlet
    {
        type            uniformFixedValue;
        uniformValue    table
        
2
(
(0 (0 0 0.002))
(0.1 (0 0 0.02))
)
;
        value           uniform (0 0 0.02);
    }
    outlet
    {
        type            zeroGradient;
    }
    wall
    {
        type            slip;
    }
    procBoundary0to1
    {
        type            processor;
        value           nonuniform List<vector> 
192
(
(-0.00233831 0.000742175 0.00164468)
(0.000976421 0.00120186 0.0102272)
(0.00203169 0.000779711 0.017769)
(0.00333266 -0.00132678 0.0174152)
(-0.000663571 0.00124504 0.0293618)
(-0.00147324 0.000381127 0.0280089)
(-0.00235996 0.000895936 0.0277395)
(-0.00211557 0.00171697 0.0287067)
(-0.000295833 0.000420763 0.0193401)
(-0.000377718 0.000249557 0.019698)
(-0.000478073 0.000286625 0.0200797)
(-0.000355171 0.000444524 0.0201363)
(-6.40412e-05 -0.000109446 0.0196468)
(2.52191e-05 -0.000108738 0.0199607)
(8.96262e-05 -0.000104883 0.0202418)
(0.000133347 -3.37522e-05 0.0203818)
(5.47758e-05 -0.000264759 0.0196745)
(0.000134591 -0.00025533 0.0198883)
(0.00018695 -0.000235441 0.0200684)
(0.000199519 -0.000180549 0.0201964)
(9.73855e-05 -0.000253914 0.0196456)
(0.000150218 -0.000256009 0.0197882)
(0.000185508 -0.00024674 0.0199052)
(0.000190903 -0.000217541 0.0199951)
(0.000100021 -0.000201506 0.0196911)
(0.000131626 -0.00021045 0.0197948)
(0.000152823 -0.000210676 0.0198785)
(0.000156052 -0.000199565 0.0199451)
(8.65185e-05 -0.000149052 0.0197503)
(0.000103903 -0.000160022 0.0198301)
(0.000115472 -0.00016486 0.0198938)
(0.000116798 -0.00016214 0.0199446)
(6.89203e-05 -0.000108087 0.0197997)
(7.80825e-05 -0.000118371 0.0198652)
(8.38264e-05 -0.000124051 0.0199161)
(8.38487e-05 -0.000124412 0.0199556)
(5.24228e-05 -7.78238e-05 0.0198373)
(5.71346e-05 -8.64794e-05 0.0198937)
(5.98014e-05 -9.16174e-05 0.0199359)
(5.92586e-05 -9.2872e-05 0.0199673)
(3.8817e-05 -5.59605e-05 0.0198647)
(4.12439e-05 -6.28471e-05 0.0199149)
(4.24385e-05 -6.70737e-05 0.0199511)
(4.18108e-05 -6.84378e-05 0.0199765)
(2.8325e-05 -4.02876e-05 0.0198841)
(2.96124e-05 -4.55942e-05 0.0199302)
(3.01555e-05 -4.89201e-05 0.019962)
(2.96473e-05 -5.01421e-05 0.0199831)
(2.052e-05 -2.90601e-05 0.0198978)
(2.12419e-05 -3.30718e-05 0.0199409)
(2.15134e-05 -3.56273e-05 0.0199696)
(2.11671e-05 -3.66445e-05 0.0199875)
(1.48185e-05 -2.0999e-05 0.0199075)
(1.52538e-05 -2.3996e-05 0.0199485)
(1.54154e-05 -2.59319e-05 0.019975)
(1.52064e-05 -2.67476e-05 0.0199905)
(1.06875e-05 -1.51932e-05 0.0199144)
(1.09702e-05 -1.74151e-05 0.0199539)
(1.10857e-05 -1.88679e-05 0.0199787)
(1.0974e-05 -1.95074e-05 0.0199925)
(7.70292e-06 -1.09986e-05 0.0199193)
(7.89817e-06 -1.26366e-05 0.0199577)
(7.99057e-06 -1.37192e-05 0.0199813)
(7.94067e-06 -1.42131e-05 0.0199938)
(5.54612e-06 -7.95791e-06 0.0199228)
(5.68662e-06 -9.15978e-06 0.0199604)
(5.76343e-06 -9.96149e-06 0.0199831)
(5.74948e-06 -1.03384e-05 0.0199948)
(3.98401e-06 -5.74544e-06 0.0199253)
(4.08731e-06 -6.62268e-06 0.0199623)
(4.15088e-06 -7.2125e-06 0.0199845)
(4.15563e-06 -7.49659e-06 0.0199954)
(2.84832e-06 -4.12805e-06 0.0199271)
(2.92471e-06 -4.76374e-06 0.0199637)
(2.97616e-06 -5.19405e-06 0.0199854)
(2.98898e-06 -5.40522e-06 0.0199959)
(2.01941e-06 -2.93978e-06 0.0199284)
(2.07561e-06 -3.39543e-06 0.0199647)
(2.11608e-06 -3.70565e-06 0.019986)
(2.13099e-06 -3.86012e-06 0.0199962)
(1.41547e-06 -2.06621e-06 0.0199293)
(1.4564e-06 -2.3879e-06 0.0199654)
(1.48742e-06 -2.60801e-06 0.0199865)
(1.50152e-06 -2.71899e-06 0.0199964)
(9.85763e-07 -1.43747e-06 0.0199299)
(1.01576e-06 -1.66183e-06 0.0199658)
(1.03946e-06 -1.81608e-06 0.0199868)
(1.05194e-06 -1.89481e-06 0.0199966)
(7.07521e-07 -1.03236e-06 0.0199303)
(7.30713e-07 -1.19367e-06 0.0199662)
(7.49801e-07 -1.30506e-06 0.019987)
(7.61243e-07 -1.36264e-06 0.0199967)
(5.69181e-07 -8.74721e-07 0.0199307)
(5.91835e-07 -1.0102e-06 0.0199665)
(6.10667e-07 -1.10502e-06 0.0199872)
(6.23121e-07 -1.15477e-06 0.0199968)
(0.0190613 0.00400014 0.0182558)
(0.00329817 0.00740707 0.0197598)
(0.000536153 0.00176108 0.0186396)
(0.000974806 -0.00078844 0.0117375)
(0.00525439 0.000101942 0.0288918)
(0.000719803 0.000262036 0.0251503)
(-0.00121426 0.00129395 0.0248857)
(-0.000914881 0.00194334 0.0260406)
(-0.00035994 2.68585e-05 0.0171164)
(-0.000909243 7.5934e-05 0.0181041)
(-0.00105449 0.000233488 0.0187901)
(-0.000663209 0.000471442 0.018946)
(-0.000599906 -0.000110784 0.0181828)
(-0.000594599 -0.000194577 0.0185695)
(-0.000488276 -0.000186995 0.0190007)
(-0.00026064 -0.000134469 0.0193068)
(-0.000263552 -9.05588e-05 0.0185445)
(-0.000231062 -0.000193123 0.0188396)
(-0.000160264 -0.000241599 0.019143)
(-5.0481e-05 -0.000261321 0.0194102)
(-7.56278e-05 -5.73708e-05 0.0188198)
(-5.7162e-05 -0.000141763 0.0190505)
(-1.90737e-05 -0.00019886 0.0192699)
(3.78747e-05 -0.000236238 0.0194648)
(1.06087e-06 -3.54582e-05 0.0190461)
(1.20625e-05 -9.77075e-05 0.0192395)
(3.40384e-05 -0.000145454 0.0194118)
(6.60215e-05 -0.000180746 0.0195605)
(2.90383e-05 -2.1679e-05 0.0192046)
(3.59681e-05 -6.58145e-05 0.0193788)
(4.91658e-05 -0.00010202 0.0195257)
(6.75469e-05 -0.000130613 0.0196477)
(3.56138e-05 -1.32769e-05 0.0193107)
(4.00175e-05 -4.42346e-05 0.0194743)
(4.79664e-05 -7.08514e-05 0.0196071)
(5.85087e-05 -9.28403e-05 0.0197136)
(3.30786e-05 -8.26773e-06 0.0193816)
(3.58804e-05 -2.99824e-05 0.0195392)
(4.06796e-05 -4.92852e-05 0.0196639)
(4.67481e-05 -6.57682e-05 0.0197613)
(2.7432e-05 -5.27926e-06 0.0194293)
(2.92238e-05 -2.05764e-05 0.0195832)
(3.21522e-05 -3.45076e-05 0.0197032)
(3.56954e-05 -4.66978e-05 0.0197949)
(2.14715e-05 -3.46482e-06 0.0194617)
(2.26278e-05 -1.43041e-05 0.0196133)
(2.44455e-05 -2.43518e-05 0.0197304)
(2.65638e-05 -3.33016e-05 0.0198185)
(1.62748e-05 -2.33214e-06 0.019484)
(1.70306e-05 -1.00562e-05 0.0196341)
(1.81831e-05 -1.7309e-05 0.0197493)
(1.94879e-05 -2.38536e-05 0.019835)
(1.21078e-05 -1.60258e-06 0.0194995)
(1.26088e-05 -7.13222e-06 0.0196486)
(1.3356e-05 -1.23737e-05 0.0197625)
(1.41858e-05 -1.71484e-05 0.0198466)
(8.90646e-06 -1.11863e-06 0.0195105)
(9.24312e-06 -5.09067e-06 0.0196589)
(9.73787e-06 -8.88206e-06 0.0197719)
(1.02817e-05 -1.23603e-05 0.0198549)
(6.50402e-06 -7.89516e-07 0.0195182)
(6.73294e-06 -3.64863e-06 0.0196661)
(7.06648e-06 -6.39199e-06 0.0197786)
(7.4321e-06 -8.92236e-06 0.0198608)
(4.72402e-06 -5.61167e-07 0.0195237)
(4.88112e-06 -2.62048e-06 0.0196713)
(5.10916e-06 -4.60429e-06 0.0197833)
(5.35985e-06 -6.44177e-06 0.019865)
(3.41333e-06 -4.00174e-07 0.0195277)
(3.52181e-06 -1.88154e-06 0.019675)
(3.67919e-06 -3.31291e-06 0.0197867)
(3.85333e-06 -4.64313e-06 0.0198679)
(2.44986e-06 -2.85162e-07 0.0195305)
(2.52497e-06 -1.34647e-06 0.0196776)
(2.63405e-06 -2.37422e-06 0.0197891)
(2.75577e-06 -3.33184e-06 0.0198701)
(1.74124e-06 -2.02119e-07 0.0195325)
(1.79325e-06 -9.56433e-07 0.0196795)
(1.8688e-06 -1.68781e-06 0.0197908)
(1.95383e-06 -2.37058e-06 0.0198716)
(1.22171e-06 -1.41921e-07 0.0195339)
(1.25784e-06 -6.71719e-07 0.0196808)
(1.31002e-06 -1.18522e-06 0.019792)
(1.36917e-06 -1.66517e-06 0.0198727)
(8.48865e-07 -9.9214e-08 0.0195349)
(8.74744e-07 -4.68203e-07 0.0196817)
(9.11207e-07 -8.24669e-07 0.0197929)
(9.5267e-07 -1.15801e-06 0.0198734)
(6.04034e-07 -7.37921e-08 0.0195355)
(6.24302e-07 -3.40057e-07 0.0196823)
(6.51448e-07 -5.93307e-07 0.0197934)
(6.82304e-07 -8.31008e-07 0.0198739)
(4.69814e-07 -5.8346e-08 0.0195362)
(4.90423e-07 -2.80493e-07 0.0196829)
(5.15945e-07 -5.0472e-07 0.019794)
(5.43904e-07 -7.0626e-07 0.0198744)
)
;
    }
    procBoundary0to2
    {
        type            processor;
        value           nonuniform List<vector> 
192
(
(0.00313625 0.000329778 0.00887835)
(-0.000577005 -0.00022168 0.0114708)
(-0.0022905 0.00216547 0.0025151)
(0.000303043 4.79317e-05 0.00182199)
(-0.000216087 0.00110558 0.0337282)
(0.000325965 0.00139984 0.0338054)
(-0.000114863 0.00150858 0.036399)
(-0.0017849 0.000914154 0.0379961)
(-0.000369155 0.000124345 0.0194129)
(-0.00027896 0.000348712 0.0199408)
(-0.000246446 0.000484278 0.0199333)
(-0.000479174 0.000395043 0.0200319)
(-0.000223098 -7.38963e-05 0.0205528)
(-0.000264982 2.07021e-05 0.0207863)
(-0.000182558 0.000109068 0.0207502)
(-8.13579e-05 0.00011775 0.0205746)
(-6.28083e-05 -0.000118087 0.0205984)
(-7.26492e-05 -9.2432e-05 0.0206799)
(-1.19411e-05 -6.06947e-05 0.0206397)
(6.6455e-05 -5.99849e-05 0.0204794)
(3.95181e-05 -0.000134258 0.0203382)
(5.98193e-05 -0.000138584 0.0203506)
(9.77678e-05 -0.000136791 0.0203009)
(0.000131836 -0.000143773 0.0201926)
(8.61432e-05 -0.000126944 0.0201863)
(0.00010676 -0.000138566 0.0201867)
(0.00012665 -0.000146793 0.0201477)
(0.000137356 -0.000157084 0.0200779)
(8.87625e-05 -0.000107523 0.020096)
(0.000104194 -0.000118383 0.020099)
(0.000113832 -0.000127909 0.0200755)
(0.000114514 -0.000137724 0.0200335)
(7.35504e-05 -8.58324e-05 0.020038)
(8.40158e-05 -9.41122e-05 0.0200484)
(8.85578e-05 -0.000102077 0.0200386)
(8.61941e-05 -0.00010993 0.0200152)
(5.51886e-05 -6.64586e-05 0.0200018)
(6.21135e-05 -7.2352e-05 0.0200194)
(6.44035e-05 -7.82867e-05 0.0200196)
(6.1918e-05 -8.40294e-05 0.0200079)
(3.95042e-05 -5.06742e-05 0.019979)
(4.41498e-05 -5.47647e-05 0.0200021)
(4.55142e-05 -5.89654e-05 0.020009)
(4.3733e-05 -6.29629e-05 0.0200047)
(2.77169e-05 -3.83134e-05 0.0199643)
(3.09283e-05 -4.11293e-05 0.0199913)
(3.19082e-05 -4.40319e-05 0.0200026)
(3.08447e-05 -4.67409e-05 0.0200029)
(1.9333e-05 -2.88033e-05 0.0199545)
(2.16208e-05 -3.07394e-05 0.0199842)
(2.24102e-05 -3.27241e-05 0.0199985)
(2.18658e-05 -3.45348e-05 0.0200016)
(1.3497e-05 -2.15534e-05 0.0199479)
(1.51637e-05 -2.28871e-05 0.0199794)
(1.58237e-05 -2.42396e-05 0.0199956)
(1.56017e-05 -2.54431e-05 0.0200006)
(9.45606e-06 -1.60603e-05 0.0199433)
(1.06867e-05 -1.69818e-05 0.0199761)
(1.12364e-05 -1.79037e-05 0.0199935)
(1.11939e-05 -1.87031e-05 0.0199998)
(6.6517e-06 -1.19172e-05 0.0199401)
(7.56565e-06 -1.2556e-05 0.0199737)
(8.01534e-06 -1.3186e-05 0.0199921)
(8.06106e-06 -1.37178e-05 0.0199992)
(4.69421e-06 -8.8028e-06 0.0199379)
(5.37323e-06 -9.24697e-06 0.019972)
(5.73326e-06 -9.67869e-06 0.019991)
(5.81413e-06 -1.00336e-05 0.0199987)
(3.31752e-06 -6.46584e-06 0.0199363)
(3.82001e-06 -6.77517e-06 0.0199708)
(4.10206e-06 -7.07175e-06 0.0199902)
(4.18977e-06 -7.30932e-06 0.0199983)
(2.34107e-06 -4.7123e-06 0.0199352)
(2.70995e-06 -4.92752e-06 0.01997)
(2.92613e-06 -5.13134e-06 0.0199896)
(3.00686e-06 -5.29076e-06 0.019998)
(1.64301e-06 -3.39541e-06 0.0199343)
(1.91045e-06 -3.54437e-06 0.0199693)
(2.07243e-06 -3.68392e-06 0.0199892)
(2.14036e-06 -3.79074e-06 0.0199978)
(1.14329e-06 -2.40988e-06 0.0199338)
(1.33412e-06 -2.51191e-06 0.0199689)
(1.45274e-06 -2.60653e-06 0.0199889)
(1.50649e-06 -2.67752e-06 0.0199976)
(7.93449e-07 -1.69139e-06 0.0199334)
(9.28141e-07 -1.76073e-06 0.0199686)
(1.01387e-06 -1.82418e-06 0.0199887)
(1.05488e-06 -1.87074e-06 0.0199975)
(5.70498e-07 -1.22712e-06 0.0199331)
(6.68027e-07 -1.27558e-06 0.0199684)
(7.31854e-07 -1.31881e-06 0.0199885)
(7.63716e-07 -1.34948e-06 0.0199974)
(4.63767e-07 -1.04701e-06 0.0199329)
(5.42567e-07 -1.08906e-06 0.0199682)
(5.96824e-07 -1.12439e-06 0.0199884)
(6.25499e-07 -1.1479e-06 0.0199973)
(-0.00107516 0.00364898 0.0144685)
(-0.000378186 -0.000106732 0.00609209)
(-0.000577531 -0.000372786 0.00178222)
(-3.45828e-05 0.000702577 0.0017618)
(0.000398024 0.000182078 0.027846)
(0.000943192 0.00086259 0.0304567)
(0.000674098 0.00113217 0.0353795)
(7.81639e-05 0.00111077 0.0374777)
(0.000241312 0.000125415 0.0184646)
(0.000341129 0.000218837 0.0185955)
(-1.0528e-06 0.000189635 0.0191621)
(-0.000193227 8.79104e-05 0.0192614)
(2.28006e-05 0.000119079 0.0198892)
(1.9052e-05 9.99657e-05 0.0198705)
(-2.79312e-05 2.99564e-05 0.0201036)
(-7.67301e-05 -5.23436e-05 0.0203143)
(1.01609e-05 3.15537e-05 0.0199831)
(2.26953e-05 2.01664e-05 0.0201508)
(1.80434e-05 -2.50706e-05 0.0203421)
(-5.37803e-07 -8.47598e-05 0.020487)
(9.51741e-06 -3.27257e-05 0.0198895)
(3.14872e-05 -3.67929e-05 0.0200497)
(4.00672e-05 -6.41169e-05 0.0201876)
(4.67421e-05 -0.000104441 0.0202825)
(6.40971e-06 -6.57511e-05 0.0198167)
(3.18942e-05 -6.62573e-05 0.0199633)
(5.21908e-05 -8.14024e-05 0.0200757)
(7.33969e-05 -0.000105586 0.0201493)
(4.7861e-06 -7.18624e-05 0.0197492)
(2.93967e-05 -7.10344e-05 0.0198919)
(5.16174e-05 -7.92921e-05 0.019996)
(7.38532e-05 -9.34444e-05 0.0200626)
(3.51696e-06 -6.46954e-05 0.019691)
(2.41999e-05 -6.36194e-05 0.0198327)
(4.31508e-05 -6.82997e-05 0.019935)
(6.14078e-05 -7.67729e-05 0.0200015)
(2.32278e-06 -5.35246e-05 0.0196466)
(1.82495e-05 -5.2518e-05 0.0197887)
(3.2772e-05 -5.53057e-05 0.0198919)
(4.6376e-05 -6.05753e-05 0.0199608)
(1.37747e-06 -4.24843e-05 0.0196145)
(1.30625e-05 -4.1636e-05 0.0197574)
(2.36325e-05 -4.33777e-05 0.0198622)
(3.33552e-05 -4.67817e-05 0.0199339)
(7.24342e-07 -3.29713e-05 0.0195918)
(9.08733e-06 -3.22906e-05 0.0197355)
(1.66036e-05 -3.34232e-05 0.0198419)
(2.34511e-05 -3.56914e-05 0.0199159)
(3.16215e-07 -2.52389e-05 0.0195759)
(6.23447e-06 -2.47069e-05 0.0197203)
(1.15347e-05 -2.54656e-05 0.019828)
(1.63495e-05 -2.70116e-05 0.0199038)
(8.26314e-08 -1.9137e-05 0.0195648)
(4.25441e-06 -1.87273e-05 0.0197098)
(7.98783e-06 -1.92458e-05 0.0198184)
(1.13861e-05 -2.03161e-05 0.0198956)
(-3.829e-08 -1.44042e-05 0.019557)
(2.90181e-06 -1.40917e-05 0.0197025)
(5.53666e-06 -1.44505e-05 0.0198118)
(7.94738e-06 -1.5199e-05 0.0198899)
(-9.15811e-08 -1.07742e-05 0.0195516)
(1.98335e-06 -1.05373e-05 0.0196974)
(3.84799e-06 -1.07875e-05 0.0198072)
(5.56579e-06 -1.13144e-05 0.0198859)
(-1.06891e-07 -8.01049e-06 0.0195478)
(1.35969e-06 -7.83195e-06 0.0196938)
(2.68222e-06 -8.00703e-06 0.019804)
(3.90979e-06 -8.37942e-06 0.0198831)
(-1.02481e-07 -5.91551e-06 0.0195451)
(9.34574e-07 -5.78197e-06 0.0196913)
(1.87317e-06 -5.90461e-06 0.0198017)
(2.75086e-06 -6.16804e-06 0.0198811)
(-8.89782e-08 -4.33017e-06 0.0195432)
(6.42887e-07 -4.23147e-06 0.0196896)
(1.30754e-06 -4.31726e-06 0.0198001)
(1.93329e-06 -4.5032e-06 0.0198797)
(-7.22042e-08 -3.13044e-06 0.0195419)
(4.41312e-07 -3.05914e-06 0.0196883)
(9.09023e-07 -3.11904e-06 0.019799)
(1.3519e-06 -3.24948e-06 0.0198788)
(-5.51381e-08 -2.22531e-06 0.019541)
(3.01808e-07 -2.17636e-06 0.0196874)
(6.27649e-07 -2.21844e-06 0.0197982)
(9.37492e-07 -2.30913e-06 0.0198781)
(-3.94177e-08 -1.55713e-06 0.0195404)
(2.07138e-07 -1.528e-06 0.0196869)
(4.32793e-07 -1.55907e-06 0.0197976)
(6.47771e-07 -1.62224e-06 0.0198776)
(-2.63235e-08 -1.1129e-06 0.0195399)
(1.4879e-07 -1.10344e-06 0.0196864)
(3.08799e-07 -1.13076e-06 0.0197973)
(4.61476e-07 -1.17772e-06 0.0198773)
(-2.57385e-08 -9.10625e-07 0.0195395)
(1.11292e-07 -9.24643e-07 0.0196861)
(2.47282e-07 -9.58309e-07 0.0197969)
(3.70538e-07 -1.00203e-06 0.019877)
)
;
    }
}


// ************************************************************************* //
