FoamFile
{version 2.0; format ascii;class vectorField; location 0;object  v;}
24
(
( 0.000536149 -0.000504441 -2.56208e-05 )  
( -0.00072732 -0.00171547 -0.000358931 )  
( 0.00550019 -0.0031121 -0.000735009 )  
( -0.00410306 0.0422472 0.00172622 )  
( -0.00105765 0.00764991 0.00107523 )  
( -0.000561349 -0.00139115 -3.22153e-05 )  
( 0.00224145 0.00663096 -0.000392917 )  
( -0.00916243 0.00490054 0.00314364 )  
( 0.000235513 -0.00100892 -3.84722e-05 )  
( -0.0101037 0.00460273 0.00145958 )  
( 0.00133805 -0.00158419 -1.59593e-05 )  
( 2.33078e-05 -1.48e-05 3.0054e-06 )  
( -0.0022866 -0.000675043 -0.000100859 )  
( -0.00870063 0.00724862 0.00064143 )  
( -0.00461919 0.00697484 -0.000533289 )  
( 0.00255258 -0.00213893 0.000529993 )  
( 0.000819674 -0.00103133 1.01601e-05 )  
( -0.00288711 0.00629026 -0.00247617 )  
( -0.00134438 0.00911319 8.95754e-05 )  
( -0.00482528 0.00209755 -0.000404508 )  
( -0.00741425 -0.00156704 -0.000272987 )  
( -7.73537e-05 0.0116802 -0.000668094 )  
( 0.00163092 0.00183786 -8.61732e-05 )  
( -0.00185773 -0.0100179 -0.0013846 )  
)
