FoamFile
{version 2.0; format ascii;class Cloud<passiveParticle>; location 0;object  positions;}
27
(
( -0.00663549 0.00179118 0.000807395 ) 0 
( -0.0124423 0.00266131 0.000722682 ) 0 
( -0.00503788 0.00191997 0.000685567 ) 0 
( -0.00532408 0.00398027 0.000678016 ) 0 
( -0.0101037 0.00486954 0.00069084 ) 0 
( -0.00704753 0.00709153 0.000678585 ) 0 
( -0.0079086 0.00353811 0.000732609 ) 0 
( -0.0104998 0.00354011 0.000680763 ) 0 
( -0.00165148 0.01116 0.00067814 ) 0 
( -0.00777349 0.00554723 0.000795854 ) 0 
( -0.00576941 0.00572122 0.00100165 ) 0 
( -0.00585728 0.0116739 0.000997382 ) 0 
( -0.00215252 0.00504452 0.000681444 ) 0 
( -0.0104199 0.00181264 0.000679543 ) 0 
( -0.00407981 0.0051313 0.000848792 ) 0 
( -0.0058311 0.00831235 0.000679403 ) 0 
( -0.00834522 0.00100136 0.000677873 ) 0 
( -0.00277832 0.00329511 0.000680544 ) 0 
( -0.00155361 0.00229128 0.000684483 ) 0 
( -0.011362 0.00610255 0.000708247 ) 0 
( -0.00434949 0.00885427 0.00072038 ) 0 
( -0.0041877 0.00687807 0.000693849 ) 0 
( -0.00057381 0.00119035 0.000877759 ) 0 
( -0.0033449 0.00076872 0.000677927 ) 0 
( -0.00280971 0.00893437 0.000739972 ) 0 
( -0.00210883 0.00675946 0.000896547 ) 0 
( -0.000291107 0.00514267 0.000679491 ) 0 
)
