/*--------------------------------*- C++ -*----------------------------------*\
  =========                 |
  \\      /  F ield         | OpenFOAM: The Open Source CFD Toolbox
   \\    /   O peration     | Website:  https://openfoam.org
    \\  /    A nd           | Version:  6
     \\/     M anipulation  |
\*---------------------------------------------------------------------------*/
FoamFile
{
    version     2.0;
    format      ascii;
    class       surfaceScalarField;
    location    "0.05";
    object      phi;
}
// * * * * * * * * * * * * * * * * * * * * * * * * * * * * * * * * * * * * * //

dimensions      [0 3 -1 0 0 0 0];

internalField   nonuniform List<scalar> 
3120
(
-7.25177e-09
-3.34574e-09
4.79324e-08
-4.76465e-09
-2.45254e-09
3.11404e-08
-1.5673e-08
-9.59505e-09
2.74771e-08
-3.36814e-09
2.01308e-08
-1.95665e-08
-6.12963e-09
-1.78529e-08
4.66814e-08
1.33346e-09
-1.11055e-08
3.39036e-08
-4.54514e-09
-1.13154e-09
3.01137e-08
4.6429e-09
2.9366e-08
-9.12811e-09
-1.04526e-08
-1.45857e-08
3.05495e-08
-4.20481e-09
-1.9087e-08
3.1517e-08
7.72676e-09
-1.3396e-08
3.30686e-08
1.9051e-10
3.80545e-08
6.68616e-09
-1.42325e-08
2.62017e-08
-1.03069e-09
-2.27778e-08
3.84249e-08
-1.91049e-08
-8.22057e-09
2.16661e-08
-2.06144e-08
4.65311e-08
-1.03428e-08
-1.14936e-08
2.58235e-09
7.96282e-09
3.44235e-08
2.58162e-09
4.87181e-09
2.95332e-08
1.43413e-09
-4.4207e-11
2.7013e-08
-5.08203e-09
2.32121e-08
-3.52465e-09
-2.52532e-10
1.35155e-08
3.4052e-08
-2.79272e-10
8.56022e-09
3.0242e-08
-2.81566e-09
4.7125e-09
2.78933e-08
2.27808e-10
2.7538e-08
-6.29751e-09
-6.56749e-09
1.1441e-08
3.21218e-08
-5.41964e-09
8.34557e-09
3.05838e-08
-7.26878e-09
1.03904e-08
2.92398e-08
3.70257e-09
3.01547e-08
-2.84377e-09
-9.13658e-09
3.08428e-08
8.69642e-09
-6.98305e-09
3.09481e-08
1.36688e-08
-1.77145e-08
2.79849e-08
1.4803e-08
3.23257e-08
1.0201e-08
-1.00076e-08
3.19887e-09
2.34847e-09
3.08001e-08
3.52991e-09
1.32658e-09
2.9182e-08
3.23371e-09
-5.73935e-10
2.77285e-08
-3.5341e-09
2.65023e-08
1.13309e-09
1.98646e-09
4.50174e-09
3.09859e-08
1.67238e-09
2.77359e-09
2.9109e-08
8.17286e-11
6.11864e-10
2.82982e-08
-2.21831e-09
2.84314e-08
-2.12743e-09
2.1255e-11
5.60794e-09
3.1372e-08
-6.39352e-10
4.25058e-09
2.97674e-08
-2.5925e-09
2.78644e-09
2.90184e-08
-6.49773e-10
2.97363e-08
-3.74263e-09
-1.90226e-09
3.09222e-08
6.00961e-09
-3.06756e-09
3.03899e-08
5.97411e-09
-6.24813e-09
2.95434e-08
4.40854e-09
3.07086e-08
4.50365e-10
-5.73117e-09
2.36743e-09
-1.65658e-10
3.07373e-08
2.12886e-09
-2.50934e-10
2.98397e-08
1.48314e-09
-9.22956e-10
2.92048e-08
-2.09261e-09
2.8911e-08
2.4393e-10
2.19307e-09
3.01582e-10
3.09391e-08
1.3417e-09
-2.02264e-10
2.99118e-08
1.20417e-10
-9.31914e-10
2.95284e-08
-1.91833e-09
2.9828e-08
-1.45046e-09
1.61408e-09
1.06868e-09
3.1218e-08
5.64754e-10
3.2267e-10
3.02918e-08
-8.78038e-10
-4.71526e-10
3.00008e-08
-1.34454e-09
3.05539e-08
-2.26939e-09
6.52395e-10
3.11131e-08
1.52469e-09
-3.68191e-10
3.06342e-08
1.09894e-09
-1.85121e-09
3.04372e-08
1.17732e-10
3.10421e-08
-9.45468e-10
-2.58373e-09
1.63173e-09
-7.13791e-10
3.12706e-08
1.114e-09
-6.63601e-10
3.07656e-08
4.55094e-10
-8.79698e-10
3.04826e-08
-1.33527e-09
3.04447e-08
-3.1158e-10
1.64277e-09
-6.56268e-10
3.1419e-08
8.35627e-10
-8.19857e-10
3.08752e-08
-1.01467e-10
-1.09788e-09
3.06837e-08
-1.43747e-09
3.08929e-08
-1.06411e-09
1.45568e-09
-3.88295e-10
3.15762e-08
5.4365e-10
-7.04168e-10
3.10881e-08
-4.77413e-10
-1.04551e-09
3.09695e-08
-1.26097e-09
3.12841e-08
-1.38413e-09
1.09525e-09
3.15873e-08
-1.91327e-10
1.97501e-10
3.12598e-08
-4.32026e-10
-7.72172e-10
3.12245e-08
-8.63205e-10
3.15421e-08
-1.07625e-09
-1.45695e-09
1.0852e-09
-6.67601e-10
3.17283e-08
6.51487e-10
-6.22778e-10
3.14492e-08
1.73981e-10
-6.90999e-10
3.13057e-08
-8.66746e-10
3.1303e-08
-2.77492e-10
1.11269e-09
-6.78406e-10
3.18331e-08
5.56548e-10
-7.3141e-10
3.15399e-08
-4.49014e-11
-8.38393e-10
3.14325e-08
-9.55168e-10
3.15261e-08
-5.89684e-10
1.05075e-09
-5.85324e-10
3.19368e-08
4.43035e-10
-7.0246e-10
3.16669e-08
-1.85172e-10
-8.34494e-10
3.15938e-08
-8.7417e-10
3.17236e-08
-7.05683e-10
9.2748e-10
3.19758e-08
-4.89631e-10
3.13635e-10
3.17616e-08
-5.90381e-10
-2.77448e-10
3.17256e-08
-7.44469e-10
3.18397e-08
-7.33555e-10
-7.15623e-10
7.17903e-10
-5.262e-10
3.20244e-08
4.34902e-10
-4.94651e-10
3.18639e-08
1.38496e-10
-5.11479e-10
3.17776e-08
-5.74067e-10
3.17607e-08
-1.1887e-10
7.4166e-10
-5.38794e-10
3.20996e-08
4.07115e-10
-5.51854e-10
3.19317e-08
5.88971e-11
-5.88184e-10
3.18575e-08
-6.2405e-10
3.18743e-08
-2.39365e-10
7.24226e-10
-4.95528e-10
3.21708e-08
3.66872e-10
-5.37047e-10
3.20094e-08
1.04449e-11
-5.83209e-10
3.19453e-08
-5.80018e-10
3.19674e-08
-2.77379e-10
6.82332e-10
3.22052e-08
-4.33625e-10
3.20163e-10
3.206e-08
-4.73296e-10
-1.79285e-11
3.20031e-08
-5.22572e-10
3.20017e-08
-4.851e-10
-2.74803e-10
4.843e-10
-3.98448e-10
3.21975e-08
3.15472e-10
-3.76164e-10
3.20992e-08
1.4201e-10
-3.74187e-10
3.20381e-08
-3.91334e-10
3.20051e-08
-4.80698e-12
5.02984e-10
-4.03556e-10
3.22522e-08
3.12971e-10
-4.0281e-10
3.21483e-08
1.18528e-10
-4.10892e-10
3.20886e-08
-4.16949e-10
3.20638e-08
-4.53653e-11
5.01452e-10
-3.7648e-10
3.23003e-08
3.02563e-10
-3.90172e-10
3.21957e-08
1.06099e-10
-4.03189e-10
3.2134e-08
-3.91498e-10
3.21011e-08
-5.31029e-11
4.88088e-10
3.23208e-08
-3.30861e-10
2.87864e-10
3.22172e-08
-3.4713e-10
9.97094e-11
3.21485e-08
-3.60511e-10
3.20886e-08
-3.31654e-10
-4.70938e-11
3.35879e-10
-2.98141e-10
3.22951e-08
2.37709e-10
-2.82481e-10
3.22305e-08
1.36912e-10
-2.74845e-10
3.21822e-08
-2.75049e-10
3.21395e-08
5.07493e-11
3.49841e-10
-2.97661e-10
3.23346e-08
2.43522e-10
-2.93324e-10
3.22655e-08
1.34612e-10
-2.91496e-10
3.22142e-08
-2.8771e-10
3.21695e-08
4.16413e-11
3.53001e-10
-2.7752e-10
3.23657e-08
2.44023e-10
-2.81604e-10
3.22929e-08
1.35279e-10
-2.83232e-10
3.22345e-08
-2.72196e-10
3.21762e-08
4.46716e-11
3.493e-10
3.23719e-08
-2.42809e-10
2.40867e-10
3.22946e-08
-2.50595e-10
1.36076e-10
3.22233e-08
-2.53185e-10
3.21366e-08
-2.35154e-10
5.10908e-11
2.38596e-10
-2.21768e-10
3.23494e-08
1.81361e-10
-2.10991e-10
3.23043e-08
1.21734e-10
-2.02959e-10
3.22638e-08
-1.9796e-10
3.22168e-08
6.90284e-11
2.48556e-10
-2.18506e-10
3.23776e-08
1.88669e-10
-2.14219e-10
3.23286e-08
1.26265e-10
-2.0991e-10
3.22835e-08
-2.03935e-10
3.22306e-08
7.10737e-11
2.52239e-10
-2.02646e-10
3.2396e-08
1.92247e-10
-2.03779e-10
3.23425e-08
1.30759e-10
-2.02261e-10
3.22883e-08
-1.93784e-10
3.22198e-08
7.69995e-11
2.51448e-10
3.23904e-08
-1.76275e-10
1.92694e-10
3.23305e-08
-1.80911e-10
1.33384e-10
3.22612e-08
-1.80926e-10
3.21639e-08
-1.70435e-10
8.2698e-11
1.72343e-10
-1.64306e-10
3.23796e-08
1.38469e-10
-1.57068e-10
3.23465e-08
1.02205e-10
-1.50393e-10
3.23115e-08
-1.44711e-10
3.22635e-08
6.85954e-11
1.79178e-10
-1.6014e-10
3.23991e-08
1.44876e-10
-1.56907e-10
3.23628e-08
1.08002e-10
-1.52799e-10
3.23228e-08
-1.47321e-10
3.22675e-08
7.36954e-11
1.821e-10
-1.47616e-10
3.24082e-08
1.4859e-10
-1.48066e-10
3.23672e-08
1.12806e-10
-1.46237e-10
3.23176e-08
-1.40268e-10
3.22461e-08
7.95217e-11
1.81933e-10
3.23938e-08
-1.27743e-10
1.49745e-10
3.23457e-08
-1.31072e-10
1.15362e-10
3.22803e-08
-1.30905e-10
3.218e-08
-1.25051e-10
8.40725e-11
1.25765e-10
-1.21402e-10
3.23964e-08
1.05309e-10
-1.16642e-10
3.23712e-08
8.25893e-11
-1.11616e-10
3.23404e-08
-1.06737e-10
3.2293e-08
6.03817e-11
1.30319e-10
-1.17323e-10
3.24094e-08
1.10254e-10
-1.15178e-10
3.23814e-08
8.77506e-11
-1.11997e-10
3.23457e-08
-1.07709e-10
3.22907e-08
6.55591e-11
1.32303e-10
-1.07558e-10
3.24117e-08
1.13231e-10
-1.07985e-10
3.2379e-08
9.17563e-11
-1.06617e-10
3.23337e-08
-1.02604e-10
3.22624e-08
7.03645e-11
1.32103e-10
3.23908e-08
-9.26902e-11
1.14197e-10
3.2351e-08
-9.53322e-11
9.37272e-11
3.22896e-08
-9.54756e-11
3.21896e-08
-9.23236e-11
7.37834e-11
9.22924e-11
-8.95332e-11
3.24058e-08
7.96661e-11
-8.6455e-11
3.23859e-08
6.50266e-11
-8.28566e-11
3.23585e-08
-7.90829e-11
3.23124e-08
4.99397e-11
9.52614e-11
-8.59701e-11
3.24139e-08
8.32571e-11
-8.46682e-11
3.23916e-08
6.90968e-11
-8.24219e-11
3.23594e-08
-7.92963e-11
3.23057e-08
5.42795e-11
9.6481e-11
-7.84644e-11
3.24112e-08
8.54004e-11
-7.89813e-11
3.23844e-08
7.21245e-11
-7.81404e-11
3.23427e-08
-7.55174e-11
3.22727e-08
5.79543e-11
9.61431e-11
3.23856e-08
-6.74013e-11
8.60103e-11
3.23517e-08
-6.95657e-11
7.34959e-11
3.2294e-08
-6.99777e-11
3.21955e-08
-6.83562e-11
6.04311e-11
6.79072e-11
-6.59387e-11
3.2411e-08
5.99413e-11
-6.39729e-11
3.23949e-08
5.02724e-11
-6.14672e-11
3.23701e-08
-5.86901e-11
3.23256e-08
3.98088e-11
6.98126e-11
-6.30138e-11
3.24156e-08
6.24653e-11
-6.22861e-11
3.23972e-08
5.33081e-11
-6.07787e-11
3.23679e-08
-5.85835e-11
3.23158e-08
4.31749e-11
7.04985e-11
-5.73146e-11
3.24092e-08
6.39236e-11
-5.78823e-11
3.23866e-08
5.54891e-11
-5.74422e-11
3.23478e-08
-5.57577e-11
3.22795e-08
4.58798e-11
7.00709e-11
3.23802e-08
-4.91148e-11
6.42351e-11
3.23505e-08
-5.08854e-11
5.63885e-11
3.22958e-08
-5.14303e-11
3.21992e-08
-5.06544e-11
4.76367e-11
5.00006e-11
-4.85001e-11
3.2414e-08
4.48689e-11
-4.72569e-11
3.24006e-08
3.83489e-11
-4.55387e-11
3.23779e-08
-4.35474e-11
3.23346e-08
3.09835e-11
5.12091e-11
-4.61889e-11
3.24158e-08
4.66115e-11
-4.58225e-11
3.24004e-08
4.05496e-11
-4.48423e-11
3.23732e-08
-4.33312e-11
3.23226e-08
3.34976e-11
5.15549e-11
-4.19036e-11
3.24069e-08
4.75705e-11
-4.24633e-11
3.23872e-08
4.20811e-11
-4.22816e-11
3.23507e-08
-4.1212e-11
3.2284e-08
3.54488e-11
5.11041e-11
3.23755e-08
-3.5845e-11
4.7683e-11
3.23487e-08
-3.72739e-11
4.2648e-11
3.22964e-08
-3.78424e-11
3.22015e-08
-3.75199e-11
3.66812e-11
3.67896e-11
-3.56178e-11
3.24156e-08
3.342e-11
-3.48375e-11
3.24043e-08
2.89498e-11
-3.36689e-11
3.23831e-08
-3.22605e-11
3.2341e-08
2.37125e-11
3.75489e-11
-3.38371e-11
3.24155e-08
3.46117e-11
-3.36836e-11
3.24022e-08
3.05211e-11
-3.30596e-11
3.23767e-08
-3.20302e-11
3.23273e-08
2.55531e-11
3.7693e-11
-3.06407e-11
3.24046e-08
3.52286e-11
-3.11505e-11
3.23872e-08
3.15821e-11
-3.11173e-11
3.23524e-08
-3.04429e-11
3.22871e-08
2.69456e-11
3.72673e-11
3.23715e-08
-2.61771e-11
3.52262e-11
3.23469e-08
-2.73115e-11
3.19289e-11
3.22964e-08
-2.78383e-11
3.22029e-08
-2.77486e-11
2.78059e-11
2.7011e-11
-2.6094e-11
3.24165e-08
2.47616e-11
-2.56075e-11
3.24066e-08
2.16585e-11
-2.4816e-11
3.23867e-08
-2.38274e-11
3.23456e-08
1.79117e-11
2.74843e-11
-2.47473e-11
3.2415e-08
2.55727e-11
-2.47107e-11
3.24032e-08
2.27711e-11
-2.43194e-11
3.2379e-08
-2.36217e-11
3.23306e-08
1.92439e-11
2.75172e-11
-2.23803e-11
3.24027e-08
2.59635e-11
-2.2819e-11
3.23868e-08
2.35011e-11
-2.28612e-11
3.23534e-08
-2.24375e-11
3.22892e-08
2.0232e-11
2.71429e-11
3.23683e-08
-1.9103e-11
2.59043e-11
3.23454e-08
-1.99888e-11
2.3708e-11
3.22962e-08
-2.04433e-11
3.22038e-08
-2.04643e-11
2.08317e-11
1.97477e-11
-1.90376e-11
3.24171e-08
1.82272e-11
-1.87359e-11
3.24082e-08
1.60562e-11
-1.82009e-11
3.23892e-08
-1.75103e-11
3.23488e-08
1.33703e-11
2.0041e-11
-1.80342e-11
3.24145e-08
1.87777e-11
-1.80557e-11
3.24038e-08
1.68397e-11
-1.78131e-11
3.23806e-08
-1.73413e-11
3.2333e-08
1.43269e-11
2.00186e-11
-1.62948e-11
3.24012e-08
1.90225e-11
-1.66563e-11
3.23864e-08
1.73401e-11
-1.67294e-11
3.2354e-08
-1.64637e-11
3.22906e-08
1.50252e-11
1.97059e-11
3.23659e-08
-1.39003e-11
1.89425e-11
3.2344e-08
-1.45808e-11
1.74606e-11
3.22959e-08
-1.49541e-11
3.22044e-08
-1.50202e-11
1.5443e-11
1.43247e-11
-1.37861e-11
3.24174e-08
1.329e-11
-1.35995e-11
3.24093e-08
1.17684e-11
-1.32385e-11
3.2391e-08
-1.27585e-11
3.23512e-08
9.84881e-12
1.45058e-11
-1.30492e-11
3.2414e-08
1.36628e-11
-1.3094e-11
3.24041e-08
1.23168e-11
-1.2945e-11
3.23816e-08
-1.26266e-11
3.23346e-08
1.053e-11
1.44613e-11
-1.17837e-11
3.24e-08
1.38149e-11
-1.20707e-11
3.2386e-08
1.26586e-11
-1.21493e-11
3.23543e-08
-1.19829e-11
3.22916e-08
1.10209e-11
1.42108e-11
3.2364e-08
-1.00484e-11
1.37342e-11
3.2343e-08
-1.05616e-11
1.27271e-11
3.22956e-08
-1.08566e-11
3.22047e-08
-1.09334e-11
1.13113e-11
1.02434e-11
-9.84729e-12
3.24175e-08
9.54067e-12
-9.73207e-12
3.241e-08
8.4812e-12
-9.4898e-12
3.23922e-08
-9.15924e-12
3.23528e-08
7.12385e-12
1.0355e-11
-9.31595e-12
3.24136e-08
9.79162e-12
-9.36491e-12
3.24043e-08
8.8612e-12
-9.27406e-12
3.23823e-08
-9.06032e-12
3.23358e-08
7.60268e-12
1.03068e-11
-8.40954e-12
3.23991e-08
9.88532e-12
-8.62916e-12
3.23857e-08
9.09286e-12
-8.70015e-12
3.23546e-08
-8.59589e-12
3.22923e-08
7.94421e-12
1.01139e-11
3.23626e-08
-7.16984e-12
9.81442e-12
3.23422e-08
-7.54819e-12
9.13066e-12
3.22954e-08
-7.77267e-12
3.2205e-08
-7.84333e-12
8.1444e-12
7.14206e-12
-6.86738e-12
3.24176e-08
6.67151e-12
-6.79705e-12
3.24105e-08
5.94786e-12
-6.63685e-12
3.2393e-08
-6.4133e-12
3.23539e-08
5.00967e-12
7.20994e-12
-6.49485e-12
3.24133e-08
6.83778e-12
-6.53826e-12
3.24044e-08
6.20593e-12
-6.48346e-12
3.23828e-08
-6.34178e-12
3.23366e-08
5.33878e-12
7.16735e-12
-5.86209e-12
3.23985e-08
6.89474e-12
-6.02306e-12
3.23855e-08
6.36035e-12
-6.08043e-12
3.23547e-08
-6.01525e-12
3.22927e-08
5.57158e-12
7.02525e-12
3.23617e-08
-4.9981e-12
6.83795e-12
3.23417e-08
-5.2679e-12
6.38043e-12
3.22952e-08
-5.4314e-12
3.22051e-08
-5.48825e-12
5.70665e-12
4.78533e-12
-4.64034e-12
3.24177e-08
4.47968e-12
-4.59847e-12
3.24108e-08
4.00271e-12
-4.495e-12
3.23936e-08
-4.34734e-12
3.23547e-08
3.37883e-12
4.82555e-12
-4.38792e-12
3.24131e-08
4.58699e-12
-4.42168e-12
3.24045e-08
4.17296e-12
-4.38859e-12
3.23831e-08
-4.29583e-12
3.23371e-08
3.59827e-12
4.79235e-12
-3.96031e-12
3.2398e-08
4.62127e-12
-4.07195e-12
3.23853e-08
4.27361e-12
-4.11358e-12
3.23548e-08
-4.07205e-12
3.2293e-08
3.75279e-12
4.69324e-12
3.2361e-08
-3.37715e-12
4.57977e-12
3.23413e-08
-3.56061e-12
4.28446e-12
3.2295e-08
-3.67275e-12
3.22052e-08
-3.71208e-12
3.84107e-12
3.09786e-12
-3.16922e-12
3.24177e-08
2.90542e-12
-3.14379e-12
3.2411e-08
2.60181e-12
-3.07558e-12
3.23939e-08
-2.97523e-12
3.23552e-08
2.20178e-12
3.12212e-12
-2.99567e-12
3.2413e-08
2.9755e-12
-3.01868e-12
3.24045e-08
2.71521e-12
-2.99595e-12
3.23833e-08
-2.93158e-12
3.23374e-08
2.35025e-12
3.09928e-12
-2.70282e-12
3.23977e-08
2.99826e-12
-2.77575e-12
3.23852e-08
2.78309e-12
-2.80153e-12
3.23548e-08
-2.77141e-12
3.22932e-08
2.45587e-12
3.03389e-12
3.23606e-08
-2.30408e-12
2.97167e-12
3.2341e-08
-2.42342e-12
2.7923e-12
3.22949e-08
-2.4957e-12
3.22052e-08
-2.51664e-12
2.51471e-12
2.21129e-12
-2.63187e-12
2.08062e-12
-2.61062e-12
1.87053e-12
-2.55274e-12
-2.46609e-12
1.59244e-12
2.2313e-12
-2.4862e-12
2.13837e-12
-2.49884e-12
1.96348e-12
-2.47318e-12
-2.41328e-12
1.7138e-12
2.2181e-12
-2.24226e-12
2.16247e-12
-2.28899e-12
2.02347e-12
-2.29662e-12
-2.26146e-12
1.8042e-12
2.1757e-12
-1.91322e-12
2.15337e-12
-1.99037e-12
2.04401e-12
-2.02843e-12
-2.02492e-12
1.85853e-12
-1.02724e-08
2.76265e-09
3.35834e-08
2.67119e-10
-1.8519e-08
1.80067e-08
3.20233e-09
-1.18209e-08
9.86398e-09
-1.65662e-08
2.91064e-08
-6.20136e-12
9.00582e-09
-1.05639e-08
3.8113e-08
2.62091e-08
-1.88666e-08
1.92764e-08
2.7078e-08
6.70972e-09
4.30796e-09
-1.06326e-08
3.73559e-08
7.00948e-09
1.0453e-08
-1.66067e-08
3.61528e-08
2.54693e-08
-1.71514e-08
2.40241e-08
1.06997e-08
3.7062e-08
8.84407e-09
-9.80675e-09
3.78452e-08
-5.04856e-10
1.93301e-08
3.44745e-08
6.9835e-09
2.31463e-08
-6.49189e-09
4.68523e-08
3.59708e-08
-6.96476e-09
-6.20349e-09
9.52739e-09
3.06108e-08
-9.77968e-09
9.46052e-09
2.57912e-08
-1.9075e-08
1.34676e-08
2.04947e-08
8.01347e-09
2.09335e-08
-8.71457e-09
-2.02161e-09
7.20585e-09
3.31421e-08
-4.23518e-09
4.4015e-09
2.6549e-08
-1.878e-08
8.36998e-09
2.39504e-08
8.55591e-09
2.68859e-08
-8.85247e-09
1.70221e-09
3.29583e-09
3.42566e-08
2.11389e-10
1.3133e-09
2.86032e-08
-1.50682e-08
-6.85283e-10
3.31789e-08
7.11966e-09
3.34036e-08
-9.19031e-09
6.25652e-09
3.58353e-08
-3.63323e-10
3.10795e-08
-9.39105e-09
5.51948e-08
4.35456e-08
-9.8462e-09
-3.81478e-09
6.00204e-09
3.13598e-08
-6.18467e-09
5.54857e-09
2.85866e-08
-7.28117e-09
2.07649e-09
2.39233e-08
-1.97734e-09
1.88814e-08
-2.80142e-09
-4.22838e-09
4.48078e-09
3.50685e-08
-7.50381e-09
3.21603e-09
3.21569e-08
-7.62627e-09
-2.51121e-09
2.86606e-08
-4.22358e-09
2.39784e-08
-2.47248e-09
-3.36598e-09
1.80974e-09
3.86392e-08
-8.08372e-09
7.35609e-10
3.58013e-08
-6.76427e-09
-7.0039e-09
3.63521e-08
-5.34874e-09
2.95331e-08
-1.76861e-09
-2.40883e-09
4.11406e-08
-8.6142e-09
3.80204e-08
-5.18954e-09
4.47662e-08
3.41343e-08
-1.12702e-09
-3.4974e-10
1.43586e-09
3.23371e-08
-1.43429e-09
1.07025e-09
2.96999e-08
-1.73659e-09
-8.40694e-10
2.5184e-08
-1.98687e-09
1.89675e-08
-7.81278e-10
-8.00742e-10
1.07714e-09
3.65624e-08
-2.26057e-09
7.31657e-10
3.39554e-08
-1.8962e-09
-2.35931e-09
2.98148e-08
-2.49003e-09
2.33395e-08
-7.54223e-10
-6.32629e-10
7.59104e-10
4.07142e-08
-2.90492e-09
7.61399e-10
3.80439e-08
-1.61373e-09
-2.39928e-09
3.51009e-08
-1.66936e-09
2.76802e-08
-5.8156e-10
-2.19741e-10
4.43043e-08
-2.91001e-09
4.14721e-08
-1.0353e-09
4.04922e-08
3.18224e-08
-3.92745e-10
7.57195e-10
-2.00494e-10
3.31005e-08
-4.84699e-11
-3.73255e-10
3.04468e-08
-3.78712e-10
-1.13623e-09
2.57873e-08
-1.37594e-09
1.90798e-08
-1.91275e-10
5.35405e-10
-1.81066e-10
3.7479e-08
-3.92412e-10
-2.68759e-10
3.47787e-08
-4.3393e-10
-1.42698e-09
3.01471e-08
-1.38976e-09
2.31672e-08
-2.47784e-10
5.53698e-10
-3.46865e-11
4.17669e-08
-6.27713e-10
-8.56517e-12
3.89651e-08
-3.39074e-10
-1.18839e-09
3.45737e-08
-9.70569e-10
2.71555e-08
-2.33537e-10
7.20333e-10
4.5692e-08
-5.56438e-10
4.27403e-08
-1.01695e-10
3.88491e-08
3.09167e-08
-1.66493e-10
8.30257e-10
-4.60931e-10
3.35757e-08
2.85364e-10
-5.17837e-10
3.09191e-08
1.67181e-11
-7.83876e-10
2.60953e-08
-7.9768e-10
1.91626e-08
-1.94182e-12
7.27104e-10
-3.72891e-10
3.79901e-08
1.44863e-10
-3.84164e-10
3.52273e-08
-4.7891e-12
-7.72853e-10
3.02857e-08
-7.17151e-10
2.31358e-08
-5.39116e-11
7.23775e-10
-1.8741e-10
4.2276e-08
7.51702e-11
-1.61312e-10
3.93908e-08
3.5223e-11
-5.58453e-10
3.43992e-08
-4.54535e-10
2.69955e-08
-6.73578e-11
8.10122e-10
4.62517e-08
1.55887e-10
4.32332e-08
1.52973e-10
3.82936e-08
3.06543e-08
-3.92234e-11
6.60909e-10
-3.94549e-10
3.38225e-08
3.35145e-10
-4.07084e-10
3.11787e-08
1.44356e-10
-4.92946e-10
2.62565e-08
-4.74673e-10
1.92116e-08
8.49189e-11
6.08731e-10
-3.09507e-10
3.82364e-08
2.70462e-10
-3.0247e-10
3.54609e-08
1.29309e-10
-4.30121e-10
3.0364e-08
-3.95273e-10
2.31346e-08
5.11539e-11
6.0238e-10
-1.63882e-10
4.24947e-08
2.47147e-10
-1.46554e-10
3.95901e-08
1.4467e-10
-2.80495e-10
3.43521e-08
-2.38134e-10
2.69436e-08
3.94635e-11
6.51269e-10
4.64582e-08
3.03875e-10
4.34341e-08
2.05108e-10
3.81118e-08
3.05655e-08
5.58278e-11
4.89565e-10
-2.93674e-10
3.3933e-08
3.0605e-10
-2.92131e-10
3.13072e-08
1.78515e-10
-3.15319e-10
2.63388e-08
-2.98366e-10
1.92391e-08
1.17646e-10
4.60633e-10
-2.2493e-10
3.83364e-08
2.72809e-10
-2.14896e-10
3.55715e-08
1.66893e-10
-2.53387e-10
3.0408e-08
-2.33593e-10
2.31391e-08
9.75534e-11
4.54073e-10
-1.20913e-10
4.25707e-08
2.62753e-10
-1.09975e-10
3.96765e-08
1.71548e-10
-1.53574e-10
3.43435e-08
-1.34861e-10
2.69259e-08
9.04772e-11
4.8211e-10
4.65127e-08
2.97833e-10
4.35084e-08
2.04307e-10
3.80518e-08
3.05335e-08
1.01371e-10
3.56308e-10
-2.12065e-10
3.39738e-08
2.54762e-10
-2.07387e-10
3.13655e-08
1.71034e-10
-2.10285e-10
2.63797e-08
-1.98544e-10
1.92547e-08
1.18855e-10
3.38851e-10
-1.59944e-10
3.83657e-08
2.35966e-10
-1.50979e-10
3.5618e-08
1.62383e-10
-1.5954e-10
3.04308e-08
-1.48067e-10
2.31439e-08
1.07106e-10
3.32975e-10
-8.66252e-11
4.25824e-08
2.30174e-10
-7.93063e-11
3.97077e-08
1.62831e-10
-9.19906e-11
3.43433e-08
-8.28989e-11
2.69203e-08
1.03221e-10
3.48984e-10
4.65057e-08
2.50901e-10
4.35271e-08
1.81357e-10
3.80293e-08
3.05213e-08
1.10743e-10
2.58528e-10
-1.52515e-10
3.39825e-08
2.02188e-10
-1.48071e-10
3.1389e-08
1.47101e-10
-1.45342e-10
2.63992e-08
-1.37607e-10
1.92637e-08
1.05247e-10
2.47242e-10
-1.14036e-10
3.83642e-08
1.90718e-10
-1.06912e-10
3.56333e-08
1.40898e-10
-1.0608e-10
3.04414e-08
-9.89053e-11
2.31478e-08
9.82943e-11
2.42336e-10
-6.19688e-11
4.25683e-08
1.86709e-10
-5.67369e-11
3.97131e-08
1.39995e-10
-5.90053e-11
3.43429e-08
-5.39733e-11
2.69192e-08
9.62401e-11
2.51527e-10
4.64774e-08
1.98944e-10
4.3523e-08
1.50921e-10
3.80184e-08
3.05167e-08
1.01532e-10
1.87655e-10
-1.09956e-10
3.39779e-08
1.55995e-10
-1.06555e-10
3.13962e-08
1.19387e-10
-1.03017e-10
2.64079e-08
-9.79674e-11
1.9269e-08
8.70088e-11
1.79961e-10
-8.18607e-11
3.83515e-08
1.48559e-10
-7.65094e-11
3.56347e-08
1.15e-10
-7.33506e-11
3.04453e-08
-6.85812e-11
2.31506e-08
8.27842e-11
1.76003e-10
-4.45858e-11
4.25463e-08
1.45561e-10
-4.07606e-11
3.97078e-08
1.13838e-10
-3.98324e-11
3.43411e-08
-3.67054e-11
2.69194e-08
8.17049e-11
1.81301e-10
4.64451e-08
1.52875e-10
4.35107e-08
1.2054e-10
3.80109e-08
3.0515e-08
8.54558e-11
1.36362e-10
-7.95666e-11
3.3969e-08
1.18279e-10
-7.71984e-11
3.13961e-08
9.36599e-11
-7.42181e-11
2.64112e-08
-7.0913e-11
1.92721e-08
6.91463e-11
1.30919e-10
-5.91275e-11
3.83362e-08
1.13236e-10
-5.52497e-11
3.56304e-08
9.05593e-11
-5.20508e-11
3.04458e-08
-4.87499e-11
2.31525e-08
6.6501e-11
1.27792e-10
-3.2269e-11
4.25243e-08
1.10945e-10
-2.94834e-11
3.96989e-08
8.95081e-11
-2.78413e-11
3.43383e-08
-2.57181e-11
2.692e-08
6.59338e-11
1.30862e-10
4.64155e-08
1.15407e-10
4.34966e-08
9.37698e-11
3.80047e-08
3.05145e-08
6.86158e-11
9.91997e-11
-5.77785e-11
3.39594e-08
8.86936e-11
-5.62184e-11
3.13933e-08
7.19429e-11
-5.40149e-11
2.6412e-08
-5.1842e-11
1.92739e-08
5.3634e-11
9.52583e-11
-4.29142e-11
3.83219e-08
8.51659e-11
-4.01695e-11
3.56245e-08
6.97399e-11
-3.75466e-11
3.04448e-08
-3.52137e-11
2.31537e-08
5.19286e-11
9.28262e-11
-2.34634e-11
4.2505e-08
8.34154e-11
-2.14581e-11
3.96896e-08
6.88911e-11
-1.99023e-11
3.43352e-08
-1.83884e-11
2.69204e-08
5.16306e-11
9.46177e-11
4.63907e-08
8.61983e-11
4.34836e-08
7.16849e-11
3.79993e-08
3.05142e-08
5.35618e-11
7.22302e-11
-4.20774e-11
3.39509e-08
6.6024e-11
-4.10868e-11
3.13897e-08
5.45045e-11
-3.9547e-11
2.64117e-08
-3.8112e-11
1.92749e-08
4.09491e-11
6.93392e-11
-3.12572e-11
3.83097e-08
6.3506e-11
-2.93422e-11
3.56186e-08
5.29287e-11
-2.73538e-11
3.04431e-08
-2.56896e-11
2.31544e-08
3.9821e-11
6.74715e-11
-1.71178e-11
4.24892e-08
6.21768e-11
-1.56888e-11
3.96812e-08
5.22766e-11
-1.44249e-11
3.43322e-08
-1.33219e-11
2.69206e-08
3.96648e-11
6.85267e-11
4.63709e-08
6.39528e-11
4.34725e-08
5.41542e-11
3.79946e-08
3.0514e-08
4.10621e-11
5.26211e-11
-3.07042e-11
3.39437e-08
4.88962e-11
-3.00925e-11
3.13862e-08
4.09004e-11
-2.90448e-11
2.64109e-08
-2.80929e-11
1.92755e-08
3.09231e-11
5.04875e-11
-2.28192e-11
3.82999e-08
4.7077e-11
-2.14938e-11
3.56134e-08
3.97666e-11
-2.00387e-11
3.04414e-08
-1.88474e-11
2.31548e-08
3.0161e-11
4.90683e-11
-1.25147e-11
4.24768e-08
4.60756e-11
-1.15035e-11
3.96742e-08
3.9278e-11
-1.05384e-11
3.43295e-08
-9.72943e-12
2.69207e-08
3.00799e-11
4.96971e-11
4.63556e-08
4.7234e-11
4.34634e-08
4.0565e-11
3.79908e-08
3.05137e-08
3.10942e-11
3.83326e-11
-2.24252e-11
3.39381e-08
3.6063e-11
-2.20561e-11
3.13832e-08
3.04707e-11
-2.1352e-11
2.641e-08
-2.07176e-11
1.92758e-08
2.31588e-11
3.67553e-11
-1.66761e-11
3.82923e-08
3.47401e-11
-1.57622e-11
3.56091e-08
2.96517e-11
-1.47151e-11
3.04399e-08
-1.38618e-11
2.31549e-08
2.26354e-11
3.56867e-11
-9.15692e-12
4.24672e-08
3.39917e-11
-8.44436e-12
3.96686e-08
2.92909e-11
-7.72874e-12
3.43272e-08
-7.13554e-12
2.69207e-08
2.25944e-11
3.60667e-11
4.63438e-08
3.47624e-11
4.34563e-08
3.01866e-11
3.79876e-08
3.05134e-08
2.33322e-11
2.78921e-11
-1.63691e-11
3.39337e-08
2.64897e-11
-1.61511e-11
3.13808e-08
2.25568e-11
-1.56801e-11
2.64091e-08
-1.52554e-11
1.92759e-08
1.72191e-11
2.67277e-11
-1.21801e-11
3.82864e-08
2.55257e-11
-1.15506e-11
3.56057e-08
2.19641e-11
-1.08036e-11
3.04386e-08
-1.01927e-11
2.3155e-08
1.68555e-11
2.59301e-11
-6.69515e-12
4.24598e-08
2.49707e-11
-6.19417e-12
3.96642e-08
2.17005e-11
-5.67187e-12
3.43253e-08
-5.23819e-12
2.69206e-08
1.6836e-11
2.61634e-11
4.63349e-08
2.54922e-11
4.34508e-08
2.23306e-11
3.79851e-08
3.05132e-08
1.73728e-11
2.02334e-11
-1.1915e-11
3.39303e-08
1.93562e-11
-1.1789e-11
3.13789e-08
1.65826e-11
-1.14743e-11
2.64084e-08
-1.11887e-11
1.9276e-08
1.27047e-11
1.93777e-11
-8.8713e-12
3.8282e-08
1.86549e-11
-8.43786e-12
3.56031e-08
1.61543e-11
-7.90772e-12
3.04375e-08
-7.4711e-12
2.3155e-08
1.24504e-11
1.87878e-11
-4.88074e-12
4.24544e-08
1.82468e-11
-4.5292e-12
3.96608e-08
1.59633e-11
-4.15178e-12
3.43239e-08
-3.83625e-12
2.69205e-08
1.24424e-11
1.89334e-11
4.63283e-08
1.86043e-11
4.34466e-08
1.64096e-11
3.79831e-08
3.05129e-08
1.28324e-11
1.45817e-11
-8.6166e-12
3.39278e-08
1.40278e-11
-8.54544e-12
3.13774e-08
1.20747e-11
-8.33518e-12
2.64079e-08
-8.14259e-12
1.9276e-08
9.27875e-12
1.39582e-11
-6.41942e-12
3.82788e-08
1.35208e-11
-6.12147e-12
3.56011e-08
1.1767e-11
-5.74724e-12
3.04367e-08
-5.43656e-12
2.31549e-08
9.10086e-12
1.35269e-11
-3.5347e-12
4.24503e-08
1.32242e-11
-3.28888e-12
3.96583e-08
1.16302e-11
-3.01855e-12
3.43227e-08
-2.7906e-12
2.69204e-08
9.09875e-12
1.36193e-11
4.63234e-08
1.34711e-11
4.34434e-08
1.19465e-11
3.79817e-08
3.05127e-08
9.3804e-12
1.03728e-11
-6.15117e-12
3.3926e-08
1.00219e-11
-6.11188e-12
3.13763e-08
8.65841e-12
-5.97167e-12
2.64074e-08
-5.8418e-12
1.9276e-08
6.66966e-12
9.92532e-12
-4.58589e-12
3.82764e-08
9.66039e-12
-4.38225e-12
3.55996e-08
8.44022e-12
-4.12045e-12
3.0436e-08
-3.90127e-12
2.31549e-08
6.54614e-12
9.61539e-12
-2.52744e-12
4.24474e-08
9.44829e-12
-2.35687e-12
3.96565e-08
8.34363e-12
-2.16546e-12
3.43219e-08
-2.00253e-12
2.69203e-08
6.54681e-12
9.67458e-12
4.63199e-08
9.61845e-12
4.34411e-08
8.56601e-12
3.79805e-08
3.05125e-08
6.74747e-12
7.20332e-12
-4.29101e-12
3.39247e-08
6.98332e-12
-4.26962e-12
3.13756e-08
6.05106e-12
-4.17676e-12
2.64071e-08
-4.08931e-12
1.92759e-08
4.67052e-12
6.89025e-12
-3.20249e-12
3.82747e-08
6.73157e-12
-3.06516e-12
3.55986e-08
5.89964e-12
-2.88493e-12
3.04356e-08
-2.73235e-12
2.31548e-08
4.58603e-12
6.67318e-12
-1.76754e-12
4.24453e-08
6.58336e-12
-1.651e-12
3.96551e-08
5.83246e-12
-1.5178e-12
3.43213e-08
-1.40301e-12
2.69202e-08
4.58707e-12
6.71008e-12
4.63174e-08
6.69757e-12
4.34395e-08
5.98415e-12
3.79797e-08
3.05123e-08
4.72532e-12
4.81507e-12
-2.90311e-12
3.39238e-08
4.68482e-12
-2.89109e-12
3.1375e-08
4.07271e-12
-2.8296e-12
2.64069e-08
-2.76895e-12
1.92759e-08
3.1509e-12
4.60388e-12
-2.17117e-12
3.82736e-08
4.51489e-12
-2.08024e-12
3.55978e-08
3.96974e-12
-1.95811e-12
3.04353e-08
-1.85191e-12
2.31548e-08
3.09302e-12
4.4563e-12
-1.20249e-12
4.24439e-08
4.41294e-12
-1.12388e-12
3.96542e-08
3.92161e-12
-1.03189e-12
3.43208e-08
-9.50749e-13
2.69201e-08
3.09072e-12
4.47506e-12
4.63157e-08
4.48218e-12
4.34384e-08
4.01558e-12
3.79792e-08
3.05122e-08
3.17725e-12
3.12776e-12
-1.98644e-12
3.39232e-08
3.069e-12
-1.97776e-12
3.13746e-08
2.69046e-12
-1.9339e-12
2.64067e-08
-1.88527e-12
1.92759e-08
2.09784e-12
2.98749e-12
-1.49238e-12
3.82728e-08
2.95345e-12
-1.43111e-12
3.55973e-08
2.61638e-12
-1.34566e-12
3.0435e-08
-1.26561e-12
2.31547e-08
2.05324e-12
2.8855e-12
-8.39027e-13
4.2443e-08
2.87816e-12
-7.84393e-13
3.96536e-08
2.57389e-12
-7.17312e-13
3.43205e-08
-6.53053e-13
2.692e-08
2.04049e-12
2.88292e-12
4.63145e-08
2.90416e-12
4.34376e-08
2.61431e-12
3.79787e-08
3.05121e-08
2.07904e-12
2.28468e-12
-1.66308e-12
2.29438e-12
-1.64588e-12
2.04743e-12
-1.59477e-12
-1.53052e-12
1.61801e-12
2.18201e-12
-1.24581e-12
2.20453e-12
-1.1918e-12
1.9801e-12
-1.11223e-12
-1.02886e-12
1.56908e-12
2.09571e-12
-6.56094e-13
2.13129e-12
-6.1813e-13
1.92562e-12
-5.68528e-13
-5.17026e-13
1.53502e-12
2.05979e-12
2.10791e-12
1.9106e-12
1.52677e-12
-1.12724e-08
4.10519e-10
2.47845e-08
-1.3567e-08
1.6268e-08
3.61197e-08
-2.66e-08
7.78724e-08
3.33594e-08
4.64964e-08
2.7919e-08
-1.41239e-08
2.49937e-10
3.70047e-08
-1.92356e-08
9.21578e-09
4.85404e-08
1.43365e-08
3.54559e-08
5.16882e-08
2.48584e-08
8.10463e-08
5.09418e-09
5.23956e-09
2.23058e-08
-2.13555e-09
1.02864e-08
3.80462e-08
4.72706e-09
1.46186e-08
5.05585e-08
1.77527e-08
5.3481e-08
-1.46276e-08
2.80351e-08
-9.45852e-09
3.58931e-08
-3.17838e-09
3.56645e-08
4.14718e-08
-4.27635e-09
-5.26584e-09
2.51041e-08
-2.06562e-09
-1.83506e-09
3.26605e-08
-2.68633e-09
7.42124e-09
3.55216e-08
5.79801e-09
3.96617e-08
-8.70516e-09
3.23012e-09
3.09163e-08
-7.68564e-09
2.69123e-09
4.29946e-08
-9.08719e-09
6.81787e-09
5.36931e-08
9.77208e-09
6.7985e-08
-7.63096e-09
3.12195e-09
2.72012e-08
-6.84799e-09
3.25707e-09
3.66974e-08
-5.79437e-10
5.64019e-09
4.54677e-08
7.46257e-09
5.5211e-08
-8.96824e-09
2.14031e-08
-5.267e-09
2.65965e-08
-3.58163e-09
3.0429e-08
3.55066e-08
-5.0006e-10
-5.27828e-09
2.8697e-08
-7.18974e-10
-6.11013e-09
3.5143e-08
-1.55055e-09
-5.83366e-09
4.03914e-08
-5.56599e-09
4.44926e-08
-4.76718e-09
-1.91644e-09
3.01943e-08
-5.44753e-09
-1.90144e-09
3.94663e-08
-5.73526e-09
-1.33663e-09
4.94838e-08
-8.46339e-10
5.75301e-08
-5.66384e-09
6.84394e-10
2.65215e-08
-5.84618e-09
9.59078e-10
3.40192e-08
-4.91811e-09
1.52301e-09
4.168e-08
2.02362e-09
4.7423e-08
-5.73613e-09
1.92911e-08
-4.84546e-09
2.41924e-08
-3.58286e-09
2.89208e-08
3.28203e-08
-9.13821e-10
-3.05603e-09
3.10625e-08
-1.08204e-09
-4.04037e-09
3.66994e-08
-6.3327e-10
-4.79181e-09
4.1965e-08
-4.82604e-09
4.63286e-08
-3.3342e-09
-1.46443e-09
3.04864e-08
-3.9462e-09
-1.33424e-09
3.73721e-08
-2.76032e-09
-1.11911e-09
4.46253e-08
-9.23031e-10
5.08668e-08
-3.70012e-09
1.86672e-10
2.63012e-08
-3.794e-09
6.46966e-10
3.21319e-08
-2.24294e-09
1.02281e-09
3.7987e-08
1.2176e-09
4.30394e-08
-3.14621e-09
1.9259e-08
-2.79123e-09
2.37302e-08
-1.50894e-09
2.80797e-08
3.21362e-08
-9.79999e-10
-1.73214e-09
3.23876e-08
-1.04856e-09
-2.265e-09
3.7426e-08
-5.96544e-10
-2.72997e-09
4.2291e-08
-2.84932e-09
4.65676e-08
-2.10227e-09
-9.97067e-10
3.07895e-08
-2.41418e-09
-8.7971e-10
3.62988e-08
-1.68072e-09
-7.39634e-10
4.19015e-08
-6.32588e-10
4.69693e-08
-2.1857e-09
-1.74589e-10
2.62803e-08
-2.25251e-09
1.25321e-10
3.11937e-08
-1.42427e-09
3.65939e-10
3.60532e-08
5.07778e-10
4.04748e-08
-1.82656e-09
1.92627e-08
-1.68941e-09
2.34705e-08
-1.05225e-09
2.7575e-08
3.14253e-08
-6.46391e-10
-1.00763e-09
3.30703e-08
-6.92872e-10
-1.24418e-09
3.7754e-08
-4.18976e-10
-1.45378e-09
4.22937e-08
-1.52111e-09
4.6402e-08
-1.1325e-09
-6.59539e-10
3.09842e-08
-1.2925e-09
-5.82042e-10
3.57966e-08
-9.18874e-10
-4.94282e-10
4.05683e-08
-4.29189e-10
4.49585e-08
-1.13927e-09
-2.29355e-10
2.62837e-08
-1.19243e-09
-6.44058e-11
3.07292e-08
-7.82805e-10
7.14152e-11
3.50779e-08
1.55192e-10
3.91076e-08
-9.39519e-10
1.92553e-08
-8.91316e-10
2.3304e-08
-5.59537e-10
2.72473e-08
3.09817e-08
-3.21193e-10
-6.17633e-10
3.34203e-08
-3.6198e-10
-7.10936e-10
3.79178e-08
-2.28634e-10
-7.94458e-10
4.22638e-08
-8.23181e-10
4.62521e-08
-5.23781e-10
-4.55814e-10
3.11068e-08
-6.16479e-10
-4.08881e-10
3.55873e-08
-4.45265e-10
-3.58663e-10
3.99613e-08
-3.2506e-10
4.40152e-08
-5.16751e-10
-2.31746e-10
2.6299e-08
-5.65471e-10
-1.46718e-10
3.05157e-08
-3.81372e-10
-7.77159e-11
3.46128e-08
-4.01895e-11
3.84413e-08
-4.15576e-10
1.92493e-08
-4.17445e-10
2.32103e-08
-2.71501e-10
2.70631e-08
3.07258e-08
-1.1733e-10
-4.01749e-10
3.36069e-08
-1.53696e-10
-4.32867e-10
3.80137e-08
-1.03341e-10
-4.62449e-10
4.22586e-08
-4.73951e-10
4.61793e-08
-1.98209e-10
-3.28472e-10
3.11864e-08
-2.59143e-10
-2.99673e-10
3.5515e-08
-1.9447e-10
-2.71567e-10
3.97058e-08
-2.56273e-10
4.3603e-08
-1.90352e-10
-2.10909e-10
2.63186e-08
-2.34794e-10
-1.67155e-10
3.04277e-08
-1.66192e-10
-1.32766e-10
3.44054e-08
-1.18368e-10
3.81372e-08
-1.39815e-10
1.92487e-08
-1.63993e-10
2.31649e-08
-1.13668e-10
2.69705e-08
3.05952e-08
-1.4156e-11
-2.75682e-10
3.37129e-08
-4.53019e-11
-2.82079e-10
3.80779e-08
-3.60838e-11
-2.90396e-10
4.22741e-08
-2.95439e-10
4.61602e-08
-4.45199e-11
-2.4314e-10
3.124e-08
-8.80803e-11
-2.24789e-10
3.55013e-08
-7.38641e-11
-2.08777e-10
3.96099e-08
-2.02808e-10
4.34365e-08
-3.82226e-11
-1.7945e-10
2.63378e-08
-7.67428e-11
-1.56274e-10
3.03977e-08
-6.17649e-11
-1.38819e-10
3.43205e-08
-1.34617e-10
3.80073e-08
-1.26509e-11
1.92519e-08
-4.32104e-11
2.31463e-08
-3.70327e-11
2.69287e-08
3.05343e-08
2.97081e-11
-1.96602e-10
3.37774e-08
4.06593e-12
-1.94288e-10
3.81245e-08
-4.08269e-12
-1.9495e-10
4.22984e-08
-1.97763e-10
4.61686e-08
1.95303e-11
-1.82234e-10
3.12772e-08
-1.29244e-11
-1.70105e-10
3.55096e-08
-1.96412e-11
-1.60684e-10
3.95824e-08
-1.59173e-10
4.33783e-08
2.41465e-11
-1.45848e-10
2.63543e-08
-7.65305e-12
-1.33017e-10
3.03924e-08
-1.45871e-11
-1.23851e-10
3.42906e-08
-1.23808e-10
3.79573e-08
3.75268e-11
1.92564e-08
8.29012e-12
2.31408e-08
-2.98585e-12
2.69123e-08
3.0509e-08
4.36041e-11
-1.43602e-10
3.38191e-08
2.30911e-11
-1.38983e-10
3.81595e-08
9.21688e-12
-1.3732e-10
4.23242e-08
-1.39341e-10
4.61881e-08
4.10653e-11
-1.37247e-10
3.13034e-08
1.64911e-11
-1.29026e-10
3.55242e-08
2.78629e-12
-1.23273e-10
3.9582e-08
-1.23687e-10
4.33654e-08
4.42472e-11
-1.15132e-10
2.63675e-08
1.88674e-11
-1.0769e-10
3.03964e-08
4.75725e-12
-1.02665e-10
3.42841e-08
-1.04048e-10
3.79424e-08
5.14365e-11
1.92609e-08
2.63924e-11
2.31409e-08
1.00773e-11
2.69077e-08
3.05005e-08
4.38514e-11
-1.06268e-10
3.38474e-08
2.77746e-11
-1.01695e-10
3.81861e-08
1.33812e-11
-9.96642e-11
4.23478e-08
-1.01326e-10
4.62099e-08
4.39239e-11
-1.03439e-10
3.13222e-08
2.52501e-11
-9.77876e-11
3.55389e-08
1.06556e-11
-9.41701e-11
3.95911e-08
-9.52883e-11
4.337e-08
4.60046e-11
-8.91729e-11
2.63776e-08
2.62022e-11
-8.46757e-11
3.04031e-08
1.12751e-11
-8.18074e-11
3.42866e-08
-8.34953e-11
3.79419e-08
4.99314e-11
1.92648e-08
2.96501e-11
2.3143e-08
1.35878e-11
2.69079e-08
3.04992e-08
3.86692e-11
-7.91183e-11
3.38671e-08
2.62582e-11
-7.53051e-11
3.82064e-08
1.34202e-11
-7.35334e-11
4.23678e-08
-7.4944e-11
4.62302e-08
3.94355e-11
-7.78456e-11
3.13358e-08
2.52762e-11
-7.39285e-11
3.55517e-08
1.21865e-11
-7.16051e-11
3.96023e-08
-7.28762e-11
4.33801e-08
4.07321e-11
-6.81798e-11
2.63851e-08
2.55226e-11
-6.53682e-11
3.04098e-08
1.22241e-11
-6.36747e-11
3.4292e-08
-6.52487e-11
3.79465e-08
4.2888e-11
1.92678e-08
2.6985e-11
2.31455e-08
1.31031e-11
2.69097e-08
3.05006e-08
3.19543e-11
-5.90173e-11
3.38812e-08
2.24829e-11
-5.60568e-11
3.82218e-08
1.18191e-11
-5.46754e-11
4.23841e-08
-5.58582e-11
4.62476e-08
3.27471e-11
-5.84339e-11
3.13456e-08
2.20586e-11
-5.57036e-11
3.55621e-08
1.11897e-11
-5.41861e-11
3.96127e-08
-5.53697e-11
4.33908e-08
3.35165e-11
-5.16457e-11
2.63907e-08
2.19661e-11
-4.98385e-11
3.04154e-08
1.09915e-11
-4.88087e-11
3.42976e-08
-5.01342e-11
3.79523e-08
3.46942e-11
1.927e-08
2.24721e-11
2.31477e-08
1.12046e-11
2.69118e-08
3.05028e-08
2.54258e-11
-4.39985e-11
3.38915e-08
1.82635e-11
-4.17795e-11
3.82335e-08
9.75571e-12
-4.07552e-11
4.23969e-08
-4.17243e-11
4.62617e-08
2.60584e-11
-4.37222e-11
3.13528e-08
1.80313e-11
-4.18105e-11
3.55701e-08
9.38025e-12
-4.08058e-11
3.96214e-08
-4.18149e-11
4.34003e-08
2.64903e-11
-3.8841e-11
2.63948e-08
1.77938e-11
-3.76532e-11
3.042e-08
9.10599e-12
-3.7011e-11
3.43025e-08
-3.80721e-11
3.79576e-08
2.71242e-11
1.92716e-08
1.78567e-11
2.31495e-08
9.02941e-12
2.69137e-08
3.05048e-08
1.97407e-11
-3.27302e-11
3.38989e-08
1.43659e-11
-3.1098e-11
3.82423e-08
7.75053e-12
-3.03568e-11
4.24068e-08
-3.11329e-11
4.62728e-08
2.01961e-11
-3.2592e-11
3.1358e-08
1.41998e-11
-3.12484e-11
3.55763e-08
7.49293e-12
-3.05756e-11
3.96283e-08
-3.13951e-11
4.34081e-08
2.04216e-11
-2.90332e-11
2.63977e-08
1.39197e-11
-2.82386e-11
3.04235e-08
7.21589e-12
-2.78296e-11
3.43064e-08
-2.86547e-11
3.79621e-08
2.07539e-11
1.92728e-08
1.37957e-11
2.31508e-08
7.03234e-12
2.69153e-08
3.05065e-08
1.50572e-11
-2.42588e-11
3.39043e-08
1.10526e-11
-2.30714e-11
3.82489e-08
6.0023e-12
-2.25421e-11
4.24144e-08
-2.31511e-11
4.62814e-08
1.53682e-11
-2.4184e-11
3.13618e-08
1.09148e-11
-2.32371e-11
3.55809e-08
5.80966e-12
-2.27826e-11
3.96336e-08
-2.34277e-11
4.34142e-08
1.54732e-11
-2.15728e-11
2.63999e-08
1.06441e-11
-2.10341e-11
3.04261e-08
5.56152e-12
-2.07692e-11
3.43095e-08
-2.13986e-11
3.79656e-08
1.56402e-11
1.92737e-08
1.04586e-11
2.31518e-08
5.35694e-12
2.69164e-08
3.05078e-08
1.13158e-11
-1.78785e-11
3.39083e-08
8.35557e-12
-1.70215e-11
3.82538e-08
4.55808e-12
-1.66465e-11
4.24201e-08
-1.71158e-11
4.62879e-08
1.15216e-11
-1.78341e-11
3.13646e-08
8.23716e-12
-1.71662e-11
3.55843e-08
4.4089e-12
-1.68572e-11
3.96377e-08
-1.73535e-11
4.34188e-08
1.15601e-11
-1.59175e-11
2.64014e-08
7.99964e-12
-1.5549e-11
3.0428e-08
4.20089e-12
-1.53753e-11
3.43118e-08
-1.58485e-11
3.79683e-08
1.16382e-11
1.92742e-08
7.81177e-12
2.31526e-08
4.01295e-12
2.69173e-08
3.05088e-08
8.37536e-12
-1.30568e-11
3.39112e-08
6.21019e-12
-1.24436e-11
3.82573e-08
3.39857e-12
-1.21801e-11
4.24243e-08
-1.25349e-11
4.62927e-08
8.50887e-12
-1.3028e-11
3.13666e-08
6.11048e-12
-1.25582e-11
3.55868e-08
3.2828e-12
-1.23477e-11
3.96407e-08
-1.27218e-11
4.34223e-08
8.5134e-12
-1.16295e-11
2.64025e-08
5.91454e-12
-1.13766e-11
3.04295e-08
3.11623e-12
-1.12619e-11
3.43135e-08
-1.16123e-11
3.79703e-08
8.54536e-12
1.92747e-08
5.74951e-12
2.31531e-08
2.95888e-12
2.69179e-08
3.05096e-08
6.079e-12
-9.39026e-12
3.39132e-08
4.52116e-12
-8.9573e-12
3.82599e-08
2.48019e-12
-8.77413e-12
4.24274e-08
-9.03604e-12
4.62963e-08
6.16402e-12
-9.37047e-12
3.1368e-08
4.44036e-12
-9.04279e-12
3.55886e-08
2.39184e-12
-8.89998e-12
3.96428e-08
-9.17517e-12
4.34248e-08
6.1535e-12
-8.36381e-12
2.64033e-08
4.2864e-12
-8.19085e-12
3.04305e-08
2.2635e-12
-8.11499e-12
3.43148e-08
-8.36922e-12
3.79718e-08
6.16264e-12
1.92749e-08
4.15264e-12
2.31535e-08
2.13941e-12
2.69184e-08
3.05101e-08
4.28588e-12
-6.58345e-12
3.39146e-08
3.1952e-12
-6.28418e-12
3.82617e-08
1.75659e-12
-6.1585e-12
4.24295e-08
-6.34378e-12
4.62988e-08
4.33874e-12
-6.56864e-12
3.1369e-08
3.13259e-12
-6.34407e-12
3.55899e-08
1.69093e-12
-6.24761e-12
3.96444e-08
-6.44165e-12
4.34266e-08
4.32351e-12
-5.86116e-12
2.64039e-08
3.01699e-12
-5.74418e-12
3.04312e-08
1.59566e-12
-5.69361e-12
3.43156e-08
-5.87097e-12
3.79728e-08
4.32191e-12
1.92751e-08
2.91457e-12
2.31537e-08
1.50222e-12
2.69187e-08
3.05104e-08
2.89619e-12
-4.46272e-12
3.39156e-08
2.16397e-12
-4.26019e-12
3.82629e-08
1.19333e-12
-4.17186e-12
4.2431e-08
-4.28946e-12
4.63005e-08
2.92822e-12
-4.44687e-12
3.13696e-08
2.11747e-12
-4.29487e-12
3.55907e-08
1.14544e-12
-4.22669e-12
3.96454e-08
-4.34973e-12
4.34278e-08
2.91384e-12
-3.96231e-12
2.64042e-08
2.03447e-12
-3.88238e-12
3.04316e-08
1.07686e-12
-3.84505e-12
3.43162e-08
-3.95649e-12
3.79735e-08
2.90726e-12
1.92753e-08
1.95924e-12
2.31539e-08
1.00897e-12
2.69189e-08
3.05107e-08
1.88885e-12
-3.03839e-12
3.39162e-08
1.41466e-12
-2.89464e-12
3.82637e-08
7.88501e-13
-2.81881e-12
4.24319e-08
-2.8687e-12
4.63016e-08
1.9099e-12
-3.00675e-12
3.137e-08
1.38047e-12
-2.8958e-12
3.55913e-08
7.51207e-13
-2.83408e-12
3.9646e-08
-2.88757e-12
4.34286e-08
1.90035e-12
-2.66186e-12
2.64044e-08
1.32206e-12
-2.59831e-12
3.04319e-08
6.99427e-13
-2.55881e-12
3.43166e-08
-2.60699e-12
3.79739e-08
1.89085e-12
1.92753e-08
1.26545e-12
2.31539e-08
6.46055e-13
2.6919e-08
3.05108e-08
1.36742e-12
-2.48503e-12
1.01818e-12
-2.35718e-12
5.38856e-13
-2.26345e-12
-2.24016e-12
1.3838e-12
-2.41627e-12
9.88822e-13
-2.31031e-12
5.15357e-13
-2.22882e-12
-2.20933e-12
1.37789e-12
-2.09854e-12
9.42316e-13
-2.02549e-12
4.82486e-13
-1.96471e-12
-1.94907e-12
1.36639e-12
8.94492e-13
4.46199e-13
)
;

boundaryField
{
    inlet
    {
        type            calculated;
        value           nonuniform List<scalar> 
48
(
-3.27319e-08
-3.26002e-08
-3.00583e-08
-3.04113e-08
-3.29353e-08
-3.27138e-08
-2.97833e-08
-2.98616e-08
-3.28345e-08
-3.26986e-08
-3.27357e-08
-2.9005e-08
-3.31048e-08
-3.27941e-08
-3.25615e-08
-3.27248e-08
-3.46487e-08
-3.18483e-08
-2.57034e-08
-1.96678e-08
-3.90726e-08
-3.63765e-08
-3.18871e-08
-2.37663e-08
-4.34205e-08
-4.28438e-08
-3.65838e-08
-2.78309e-08
-4.2163e-08
-4.52558e-08
-4.03497e-08
-3.19455e-08
-3.42414e-08
-3.89824e-08
-4.35483e-08
-4.91819e-08
-2.91322e-08
-3.6132e-08
-4.07556e-08
-4.69964e-08
-2.15926e-08
-2.37074e-08
-2.44267e-08
-3.55193e-08
-1.96745e-08
-2.3221e-08
-2.74665e-08
-3.20049e-08
)
;
    }
    outlet
    {
        type            calculated;
        value           nonuniform List<scalar> 
48
(
3.24177e-08
3.24128e-08
3.23974e-08
3.23602e-08
3.24111e-08
3.24045e-08
3.2385e-08
3.23407e-08
3.23942e-08
3.23834e-08
3.23547e-08
3.22948e-08
3.23555e-08
3.23376e-08
3.22933e-08
3.22052e-08
3.39166e-08
3.13703e-08
2.64045e-08
1.92753e-08
3.82643e-08
3.55916e-08
3.04321e-08
2.3154e-08
4.24326e-08
3.96465e-08
3.43168e-08
2.6919e-08
4.63023e-08
4.34291e-08
3.79741e-08
3.05108e-08
3.39227e-08
3.82721e-08
4.24421e-08
4.63136e-08
3.13743e-08
3.55969e-08
3.9653e-08
4.34369e-08
2.64065e-08
3.04348e-08
3.43202e-08
3.79784e-08
1.92758e-08
2.31546e-08
2.69199e-08
3.0512e-08
)
;
    }
    wall
    {
        type            calculated;
        value           nonuniform List<scalar> 
192
(
-1.34571e-08
-6.60544e-25
-1.68787e-25
-1.5867e-25
-1.68593e-25
8.14576e-26
-6.54509e-26
-5.90576e-26
1.27506e-27
-2.37299e-26
1.62232e-26
-9.42691e-27
-4.22632e-28
-1.94617e-27
-4.75104e-27
-1.5131e-27
5.16284e-28
-3.72072e-29
-1.77306e-27
1.89547e-29
-3.41471e-28
-2.56944e-28
1.50925e-28
-7.52821e-29
1.90453e-08
1.96049e-24
-5.39525e-25
9.46845e-25
-3.63837e-26
-1.03934e-25
3.26107e-26
4.53819e-26
2.27368e-26
-4.64968e-26
1.33427e-26
2.73764e-27
-5.18798e-28
1.4235e-26
-1.37364e-26
1.65664e-27
-2.14461e-27
2.1989e-27
1.12935e-27
-2.96623e-27
-8.86496e-28
-5.77408e-28
-5.77488e-28
-5.28049e-29
3.92044e-08
-6.06886e-25
-1.01773e-24
-1.12662e-24
-1.44358e-25
1.03887e-25
-6.18989e-26
-4.24572e-26
6.02679e-26
8.3931e-26
-1.26398e-26
5.9516e-27
1.54918e-26
1.70635e-26
-5.16667e-27
7.88038e-27
-4.61164e-27
5.24512e-27
-3.02117e-27
1.95207e-27
-4.22165e-27
-4.57178e-28
-1.41974e-27
-6.74436e-28
-1.32998e-08
1.30208e-24
1.84165e-25
-1.01198e-25
1.03967e-25
-1.20212e-26
-3.41402e-26
-1.09041e-26
6.00065e-26
-7.02536e-26
-4.70138e-27
-2.75205e-26
1.20126e-26
-4.46617e-27
-5.16681e-27
-8.89667e-27
-2.90346e-27
-2.83414e-27
2.29493e-27
9.8939e-28
4.18254e-28
-2.40413e-28
-1.04513e-27
-1.19687e-28
-1.99034e-08
1.83942e-10
-1.29848e-09
-1.91677e-09
-5.30366e-25
1.02537e-24
9.28889e-25
2.76609e-25
3.00728e-26
-1.14158e-24
-3.64037e-25
-2.09769e-25
-3.08428e-25
-2.84543e-25
-2.67936e-25
-3.00107e-26
-4.39942e-27
4.7497e-25
1.55344e-25
1.82768e-25
-1.05701e-25
4.7083e-25
-7.75523e-26
4.69363e-26
3.55192e-27
2.07546e-25
5.77193e-27
-1.965e-26
1.51818e-26
-5.23403e-26
1.34508e-26
4.13604e-26
2.48631e-26
1.00045e-25
5.21988e-26
1.12594e-26
-3.25948e-27
2.07368e-26
5.29067e-26
3.25681e-26
1.23217e-26
2.9913e-26
-1.15184e-26
-1.36067e-26
-1.5055e-27
-9.80764e-28
1.68706e-26
2.41583e-27
-1.80707e-28
7.62037e-27
-5.19388e-27
-3.15934e-26
4.76473e-27
-5.56376e-27
-6.24584e-27
1.45639e-26
-5.8466e-28
3.98906e-27
-2.16515e-26
-1.11974e-26
-1.23361e-28
-4.58206e-27
2.65442e-27
1.94395e-27
6.7415e-28
3.39531e-27
-3.47023e-27
-3.07277e-27
3.50558e-28
-3.71856e-27
-7.96273e-27
-1.21024e-26
-1.49702e-27
1.18302e-27
3.30915e-27
-7.59709e-28
1.60167e-28
1.89287e-27
1.97588e-27
-1.71789e-27
-1.63398e-28
9.96582e-28
1.44994e-28
-2.49453e-27
-2.07376e-28
-4.32645e-28
-2.39992e-28
5.90482e-29
-8.61379e-29
-2.01585e-28
-1.95363e-28
-7.94776e-28
-1.86573e-28
-2.94758e-29
-2.7144e-28
-4.46435e-28
)
;
    }
    procBoundary3to1
    {
        type            processor;
        value           nonuniform List<scalar> 
192
(
5.55363e-10
1.76026e-09
2.58607e-08
2.02356e-08
-4.0481e-09
-3.26383e-09
1.65581e-09
6.95955e-09
-9.98573e-10
-1.30651e-09
1.54694e-10
2.34451e-09
2.38185e-10
-1.68127e-10
9.23732e-11
9.23092e-10
5.37614e-10
2.55366e-10
2.60775e-10
5.68275e-10
5.29961e-10
3.72935e-10
3.45351e-10
4.59904e-10
4.47861e-10
3.62912e-10
3.35989e-10
3.73672e-10
3.57999e-10
3.09765e-10
2.87226e-10
2.93819e-10
2.7818e-10
2.49322e-10
2.3152e-10
2.26791e-10
2.1231e-10
1.9441e-10
1.80977e-10
1.73332e-10
1.601e-10
1.48747e-10
1.38944e-10
1.31612e-10
1.19753e-10
1.12454e-10
1.05458e-10
9.94239e-11
8.90756e-11
8.43408e-11
7.94174e-11
7.47806e-11
6.59948e-11
6.29027e-11
5.94651e-11
5.60261e-11
4.87447e-11
4.6713e-11
4.4322e-11
4.18205e-11
3.59027e-11
3.45593e-11
3.28983e-11
3.10985e-11
2.63593e-11
2.54648e-11
2.43102e-11
2.30238e-11
1.92614e-11
1.86626e-11
1.78599e-11
1.69449e-11
1.39608e-11
1.35606e-11
1.30043e-11
1.23578e-11
9.97454e-12
9.70955e-12
9.32779e-12
8.87639e-12
6.95566e-12
6.78295e-12
6.52599e-12
6.21758e-12
4.70035e-12
4.59047e-12
4.42241e-12
4.21773e-12
3.21239e-12
3.14291e-12
3.03301e-12
2.89584e-12
2.67103e-12
2.6178e-12
2.52933e-12
2.41434e-12
1.15968e-09
-1.10206e-08
-5.47783e-08
-3.8949e-08
5.69788e-09
3.08362e-09
-8.9627e-09
-2.0227e-08
3.31852e-09
3.8465e-09
1.79542e-09
-8.155e-10
1.84832e-09
2.65212e-09
2.76938e-09
2.35675e-09
1.07549e-09
1.60696e-09
1.95204e-09
2.0138e-09
6.93786e-10
9.62659e-10
1.17709e-09
1.26774e-09
4.69985e-10
5.87955e-10
6.91057e-10
7.44384e-10
3.27662e-10
3.73382e-10
4.17273e-10
4.43492e-10
2.34557e-10
2.48943e-10
2.6574e-10
2.78412e-10
1.71418e-10
1.73361e-10
1.78725e-10
1.85242e-10
1.26898e-10
1.24522e-10
1.25405e-10
1.29131e-10
9.45571e-11
9.11523e-11
9.04818e-11
9.28731e-11
7.06295e-11
6.74116e-11
6.63574e-11
6.80364e-11
5.27538e-11
5.00859e-11
4.90767e-11
5.03202e-11
3.93409e-11
3.72565e-11
3.64204e-11
3.73644e-11
2.92602e-11
2.76821e-11
2.70325e-11
2.77545e-11
2.16787e-11
2.05062e-11
2.00183e-11
2.05695e-11
1.597e-11
1.51103e-11
1.47515e-11
1.51693e-11
1.16583e-11
1.10356e-11
1.07762e-11
1.1089e-11
8.38168e-12
7.93796e-12
7.7537e-12
7.98328e-12
5.87584e-12
5.56713e-12
5.43865e-12
5.60038e-12
3.98846e-12
3.77881e-12
3.68769e-12
3.78939e-12
2.73927e-12
2.5909e-12
2.5131e-12
2.55422e-12
2.28076e-12
2.14889e-12
2.05383e-12
2.02713e-12
)
;
    }
    procBoundary3to2
    {
        type            processor;
        value           nonuniform List<scalar> 
192
(
-5.15834e-09
6.55565e-09
6.69421e-09
4.88711e-09
7.01179e-09
7.32926e-09
7.06969e-09
7.24e-09
-9.25333e-10
-1.0737e-09
-3.77632e-10
1.42116e-09
-2.37719e-09
-2.61354e-09
-2.22717e-09
-1.29929e-09
-1.98886e-09
-2.18017e-09
-2.08184e-09
-1.76643e-09
-1.4053e-09
-1.51593e-09
-1.50445e-09
-1.4117e-09
-9.35623e-10
-9.95597e-10
-1.00152e-09
-9.73648e-10
-6.16992e-10
-6.50475e-10
-6.58047e-10
-6.49233e-10
-4.13471e-10
-4.32762e-10
-4.38531e-10
-4.35137e-10
-2.83477e-10
-2.94741e-10
-2.98361e-10
-2.96352e-10
-1.98337e-10
-2.04904e-10
-2.06853e-10
-2.05152e-10
-1.40915e-10
-1.44698e-10
-1.45543e-10
-1.43948e-10
-1.01203e-10
-1.03334e-10
-1.03524e-10
-1.02055e-10
-7.32053e-11
-7.43645e-11
-7.42085e-11
-7.29097e-11
-5.31883e-11
-5.37865e-11
-5.3476e-11
-5.23722e-11
-3.87308e-11
-3.90135e-11
-3.86596e-11
-3.77515e-11
-2.82051e-11
-2.83177e-11
-2.79799e-11
-2.72526e-11
-2.04892e-11
-2.05148e-11
-2.02202e-11
-1.96515e-11
-1.47919e-11
-1.47754e-11
-1.4533e-11
-1.40981e-11
-1.05425e-11
-1.05092e-11
-1.03185e-11
-9.99442e-12
-7.33351e-12
-7.29804e-12
-7.1553e-12
-6.92196e-12
-4.90474e-12
-4.8746e-12
-4.77362e-12
-4.61316e-12
-3.16973e-12
-3.14672e-12
-3.0784e-12
-2.97214e-12
-2.2551e-12
-2.23638e-12
-2.18519e-12
-2.10662e-12
7.13704e-09
5.19019e-09
2.98523e-09
-7.77225e-09
8.34513e-09
9.31396e-09
4.10405e-09
-4.32152e-09
3.07329e-09
3.82333e-09
1.65446e-09
-1.08673e-09
-5.38658e-10
-3.34431e-10
-1.12438e-09
-2.18484e-09
-1.51145e-09
-1.47146e-09
-1.75281e-09
-2.14275e-09
-1.33419e-09
-1.32629e-09
-1.41828e-09
-1.55719e-09
-9.46811e-10
-9.40023e-10
-9.66708e-10
-1.02166e-09
-6.37188e-10
-6.29418e-10
-6.3415e-10
-6.57609e-10
-4.27857e-10
-4.20231e-10
-4.17979e-10
-4.28568e-10
-2.91001e-10
-2.84294e-10
-2.80279e-10
-2.85182e-10
-2.00896e-10
-1.95336e-10
-1.91333e-10
-1.93568e-10
-1.40502e-10
-1.36048e-10
-1.32602e-10
-1.33548e-10
-9.92798e-11
-9.57891e-11
-9.30011e-11
-9.33255e-11
-7.07032e-11
-6.80084e-11
-6.58256e-11
-6.58618e-11
-5.06414e-11
-4.85846e-11
-4.69092e-11
-4.6824e-11
-3.64113e-11
-3.48558e-11
-3.35874e-11
-3.34627e-11
-2.62274e-11
-2.50611e-11
-2.4111e-11
-2.39851e-11
-1.88771e-11
-1.80104e-11
-1.73059e-11
-1.71951e-11
-1.35217e-11
-1.28851e-11
-1.23689e-11
-1.22785e-11
-9.57374e-12
-9.1141e-12
-8.74244e-12
-8.67236e-12
-6.62396e-12
-6.30106e-12
-6.0405e-12
-5.98823e-12
-4.41082e-12
-4.19279e-12
-4.01658e-12
-3.97715e-12
-2.83921e-12
-2.69606e-12
-2.57853e-12
-2.54351e-12
-2.00915e-12
-1.90538e-12
-1.81387e-12
-1.76439e-12
)
;
    }
}


// ************************************************************************* //
