/*--------------------------------*- C++ -*----------------------------------*\
  =========                 |
  \\      /  F ield         | OpenFOAM: The Open Source CFD Toolbox
   \\    /   O peration     | Website:  https://openfoam.org
    \\  /    A nd           | Version:  6
     \\/     M anipulation  |
\*---------------------------------------------------------------------------*/
FoamFile
{
    version     2.0;
    format      ascii;
    class       surfaceScalarField;
    location    "0.09";
    object      phi;
}
// * * * * * * * * * * * * * * * * * * * * * * * * * * * * * * * * * * * * * //

dimensions      [0 3 -1 0 0 0 0];

internalField   nonuniform List<scalar> 
3120
(
1.13643e-08
3.20568e-09
4.21475e-08
-6.01065e-09
-5.15714e-09
6.12907e-09
7.06589e-08
-6.11016e-09
8.95032e-10
-6.35139e-09
5.10546e-08
1.63844e-09
3.47259e-09
4.6991e-08
4.76775e-10
3.17918e-09
1.81546e-09
1.65218e-09
5.74177e-08
-1.28111e-08
3.47401e-09
7.1438e-08
-9.56206e-09
-6.87051e-09
4.93889e-08
-4.73554e-09
4.67613e-08
5.02251e-09
-5.94698e-09
-4.87667e-09
7.13983e-08
-1.79047e-08
-3.69251e-09
7.32806e-08
-4.18145e-08
6.59996e-09
6.40354e-08
4.20699e-09
3.36839e-08
-3.13354e-08
-1.488e-08
6.82744e-08
-1.36641e-08
4.98833e-08
-1.76877e-08
7.18447e-08
5.2079e-08
-6.23727e-09
-4.99013e-09
3.12758e-09
5.18319e-08
-8.00583e-09
1.12238e-08
4.92933e-09
5.67662e-08
-7.25058e-09
1.16341e-08
6.4386e-09
5.21686e-08
-7.96293e-09
6.15313e-09
5.03797e-08
-7.22876e-09
9.32109e-09
-6.20422e-09
1.30113e-09
5.58345e-08
8.35394e-09
3.46142e-09
5.83478e-08
9.40349e-09
1.74069e-09
5.30373e-08
6.09324e-09
5.00333e-08
6.19139e-09
-4.21427e-09
3.7505e-09
5.88203e-08
4.52821e-09
7.98318e-09
6.00163e-08
1.16531e-08
1.99264e-09
5.66586e-08
-2.02442e-09
4.90384e-08
4.41629e-09
8.07126e-10
5.8733e-08
-8.18018e-10
5.6222e-08
9.64274e-09
5.82026e-08
5.21398e-08
8.01912e-09
-1.70361e-09
-5.56917e-10
5.28825e-08
-3.5473e-10
2.40922e-09
5.23657e-10
5.32432e-08
-1.11347e-09
3.15939e-09
2.2749e-09
5.25519e-08
-3.40833e-09
4.35179e-09
5.24954e-08
-6.08549e-09
2.7773e-09
-1.27502e-09
-7.06915e-10
5.40849e-08
3.22016e-09
3.45775e-12
5.43728e-08
4.79275e-09
4.95081e-10
5.32445e-08
2.41275e-09
5.19956e-08
4.76952e-09
-5.75303e-10
-1.57991e-10
5.53261e-08
3.41236e-09
7.06509e-10
5.53256e-08
6.56536e-09
-1.58508e-10
5.41592e-08
-4.09405e-10
5.16866e-08
6.73935e-09
5.88949e-10
5.55918e-08
2.48717e-09
5.50179e-08
6.34956e-09
5.40737e-08
5.16396e-08
7.8491e-09
-2.15588e-12
-1.93495e-09
5.22942e-08
1.97712e-09
9.88845e-10
-1.43188e-09
5.24267e-08
1.25738e-09
1.66042e-09
-4.7543e-10
5.23137e-08
4.20227e-11
8.85183e-10
5.23996e-08
-1.39436e-09
2.26549e-09
3.52666e-10
-1.89657e-09
5.31942e-08
1.67309e-09
-1.51592e-09
5.31364e-08
2.7003e-09
-9.39259e-10
5.26812e-08
1.04518e-10
5.21462e-08
3.33035e-09
7.03538e-10
-1.52564e-09
5.39675e-08
2.13014e-09
-1.26559e-09
5.36487e-08
3.51925e-09
-1.11975e-09
5.29505e-08
-8.2028e-10
5.18656e-08
4.26505e-09
8.9878e-10
5.43126e-08
2.13268e-09
5.37362e-08
3.53607e-09
5.29124e-08
5.16872e-08
4.48969e-09
3.1188e-10
-1.95792e-09
5.22848e-08
1.90337e-09
5.22042e-10
-1.54965e-09
5.23315e-08
1.43472e-09
7.18349e-10
-9.2723e-10
5.23158e-08
7.28825e-10
-1.01412e-10
5.23505e-08
-1.53418e-10
1.02224e-09
6.35104e-10
-1.92955e-09
5.29076e-08
1.02596e-09
-1.59131e-09
5.27872e-08
1.3734e-09
-1.13762e-09
5.25441e-08
-5.19599e-10
5.22729e-08
1.66488e-09
8.92471e-10
-1.74021e-09
5.34063e-08
1.3743e-09
-1.53443e-09
5.311e-08
1.83267e-09
-1.33423e-09
5.26888e-08
-1.10674e-09
5.21628e-08
2.12262e-09
9.94991e-10
5.37263e-08
1.44575e-09
5.32884e-08
1.87864e-09
5.27761e-08
5.21668e-08
2.16921e-09
3.76031e-10
-1.58139e-09
5.2522e-08
1.46893e-09
3.26512e-10
-1.30613e-09
5.24937e-08
1.1934e-09
3.15528e-10
-9.38417e-10
5.24581e-08
8.0708e-10
-5.06565e-10
5.24117e-08
3.57695e-10
4.03197e-10
6.02223e-10
-1.61994e-09
5.29445e-08
6.47294e-10
-1.3854e-09
5.28214e-08
6.9098e-10
-1.10519e-09
5.26672e-08
-7.86636e-10
5.24875e-08
7.56472e-10
7.80351e-10
-1.58051e-09
5.3288e-08
8.73212e-10
-1.4392e-09
5.30709e-08
9.47163e-10
-1.31071e-09
5.28203e-08
-1.19718e-09
5.25352e-08
9.85233e-10
8.55946e-10
5.35548e-08
9.3732e-10
5.3268e-08
9.90813e-10
5.29689e-08
5.2653e-08
1.00813e-09
3.59481e-10
-1.19694e-09
5.27917e-08
1.07897e-09
2.38658e-10
-1.04025e-09
5.27292e-08
9.25584e-10
1.55967e-10
-8.44738e-10
5.26605e-08
7.25071e-10
-6.32113e-10
5.25609e-08
5.04091e-10
1.34826e-10
4.96728e-10
-1.26873e-09
5.30988e-08
4.24192e-10
-1.13713e-09
5.29908e-08
3.62313e-10
-9.85806e-10
5.28701e-08
-8.32141e-10
5.27223e-08
3.27525e-10
6.05688e-10
-1.2969e-09
5.33541e-08
5.58664e-10
-1.22081e-09
5.32016e-08
5.04302e-10
-1.14937e-09
5.30383e-08
-1.09682e-09
5.28529e-08
4.51321e-10
6.5611e-10
5.35684e-08
6.0698e-10
5.33851e-08
5.40964e-10
5.32017e-08
5.30096e-08
4.76111e-10
3.09237e-10
-8.87593e-10
5.30235e-08
7.82358e-10
1.92813e-10
-8.04727e-10
5.29512e-08
6.99184e-10
9.99852e-11
-7.0467e-10
5.28625e-08
5.95446e-10
-6.00128e-10
5.27342e-08
4.86205e-10
4.05868e-11
3.86825e-10
-9.61439e-10
5.32628e-08
2.95382e-10
-8.94111e-10
5.31717e-08
2.12461e-10
-8.17499e-10
5.30659e-08
-7.4283e-10
5.29293e-08
1.48177e-10
4.47489e-10
-1.00444e-09
5.34621e-08
3.70749e-10
-9.68228e-10
5.33525e-08
2.92161e-10
-9.32711e-10
5.32321e-08
-9.06531e-10
5.30875e-08
2.21223e-10
4.75393e-10
5.36326e-08
4.01528e-10
5.3511e-08
3.20446e-10
5.33847e-08
5.32424e-08
2.47354e-10
2.49316e-10
-6.53658e-10
5.32029e-08
5.66594e-10
1.58239e-10
-6.09972e-10
5.31317e-08
5.2056e-10
7.86688e-11
-5.57655e-10
5.30347e-08
4.65006e-10
-5.03251e-10
5.28926e-08
4.07622e-10
1.58733e-11
2.92261e-10
-7.17691e-10
5.33993e-08
2.15051e-10
-6.83932e-10
5.33228e-08
1.41664e-10
-6.44265e-10
5.32259e-08
-6.04823e-10
5.30937e-08
7.87773e-11
3.24934e-10
-7.5783e-10
5.35597e-08
2.57419e-10
-7.41411e-10
5.34775e-08
1.88537e-10
-7.22665e-10
5.33794e-08
-7.06328e-10
5.32521e-08
1.25479e-10
3.39409e-10
5.36948e-08
2.76835e-10
5.36091e-08
2.10307e-10
5.35113e-08
5.33893e-08
1.50061e-10
1.92663e-10
-4.80063e-10
5.3335e-08
4.11227e-10
1.26932e-10
-4.56032e-10
5.3269e-08
3.84465e-10
6.55294e-11
-4.26926e-10
5.31703e-08
3.52759e-10
-3.95941e-10
5.30224e-08
3.19778e-10
1.19377e-11
2.16809e-10
-5.31534e-10
5.35027e-08
1.59522e-10
-5.13904e-10
5.3438e-08
1.02769e-10
-4.91788e-10
5.33475e-08
-4.68366e-10
5.32179e-08
5.10213e-11
2.34659e-10
-5.6424e-10
5.36349e-08
1.84344e-10
-5.56446e-10
5.35704e-08
1.32145e-10
-5.45155e-10
5.34849e-08
-5.32883e-10
5.33659e-08
8.28973e-11
2.4229e-10
5.37422e-08
1.97201e-10
5.36777e-08
1.49107e-10
5.35953e-08
5.34826e-08
1.04277e-10
1.45014e-10
-3.52247e-10
5.34306e-08
2.99337e-10
9.90374e-11
-3.38123e-10
5.33702e-08
2.82832e-10
5.38378e-11
-3.2059e-10
5.32727e-08
2.63364e-10
-3.0122e-10
5.31229e-08
2.42656e-10
1.18596e-11
1.59166e-10
-3.92041e-10
5.35781e-08
1.18767e-10
-3.82062e-10
5.35223e-08
7.72564e-11
-3.68504e-10
5.34369e-08
-3.53044e-10
5.33094e-08
3.76086e-11
1.69441e-10
-4.1729e-10
5.36894e-08
1.34247e-10
-4.13048e-10
5.36365e-08
9.68521e-11
-4.05276e-10
5.35591e-08
-3.9536e-10
5.34447e-08
6.03596e-11
1.73868e-10
5.37752e-08
1.43342e-10
5.37239e-08
1.10163e-10
5.36506e-08
5.35429e-08
7.80419e-11
1.07499e-10
-2.58406e-10
5.34992e-08
2.18446e-10
7.56071e-11
-2.49499e-10
5.34439e-08
2.07693e-10
4.30041e-11
-2.38118e-10
5.33485e-08
1.94932e-10
-2.25073e-10
5.31986e-08
1.80973e-10
1.14395e-11
1.16258e-10
-2.88516e-10
5.36322e-08
8.82568e-11
-2.82311e-10
5.35831e-08
5.85675e-11
-2.73263e-10
5.35018e-08
-2.62313e-10
5.3376e-08
2.91663e-11
1.22622e-10
-3.07537e-10
5.3728e-08
9.85418e-11
-3.04786e-10
5.36831e-08
7.22814e-11
-2.98966e-10
5.36111e-08
-2.90898e-10
5.34997e-08
4.58142e-11
1.25557e-10
5.37975e-08
1.05311e-10
5.37548e-08
8.27091e-11
5.36874e-08
5.3583e-08
5.99487e-11
7.90224e-11
-1.89538e-10
5.35485e-08
1.59691e-10
5.68613e-11
-1.83574e-10
5.34973e-08
1.5237e-10
3.35226e-11
-1.75751e-10
5.3404e-08
1.43586e-10
-1.66524e-10
5.32546e-08
1.3372e-10
1.02643e-11
8.47463e-11
-2.1204e-10
5.3671e-08
6.53821e-11
-2.07853e-10
5.36268e-08
4.43016e-11
-2.01448e-10
5.35485e-08
-1.93394e-10
5.34244e-08
2.2825e-11
8.89813e-11
-2.26199e-10
5.37553e-08
7.25626e-11
-2.2416e-10
5.37158e-08
5.41966e-11
-2.19642e-10
5.36476e-08
-2.13174e-10
5.35386e-08
3.51464e-11
9.1151e-11
5.38126e-08
7.77367e-11
5.37756e-08
6.2304e-11
5.37123e-08
5.36104e-08
4.61774e-11
5.78205e-11
-1.38982e-10
5.35839e-08
1.16846e-10
4.23387e-11
-1.34808e-10
5.35359e-08
1.117e-10
2.56621e-11
-1.29225e-10
5.34445e-08
1.05453e-10
-1.22513e-10
5.32958e-08
9.82857e-11
8.69689e-12
6.17338e-11
-1.55673e-10
5.36987e-08
4.82914e-11
-1.52682e-10
5.36581e-08
3.33341e-11
-1.47989e-10
5.35823e-08
-1.41969e-10
5.34594e-08
1.77509e-11
6.4713e-11
-1.66146e-10
5.37745e-08
5.347e-11
-1.64534e-10
5.37389e-08
4.05942e-11
-1.60998e-10
5.36735e-08
-1.55905e-10
5.35662e-08
2.69054e-11
6.64123e-11
5.38227e-08
5.74587e-11
5.37897e-08
4.6838e-11
5.37293e-08
5.36294e-08
3.5369e-11
4.21906e-11
-1.0185e-10
5.36095e-08
8.55095e-11
3.131e-11
-9.88429e-11
5.35638e-08
8.18164e-11
1.93871e-11
-9.47715e-11
5.34739e-08
7.72857e-11
-8.98204e-11
5.3326e-08
7.20053e-11
7.07452e-12
4.49545e-11
-1.14171e-10
5.37187e-08
3.55694e-11
-1.11962e-10
5.36806e-08
2.49373e-11
-1.08467e-10
5.36066e-08
-1.03943e-10
5.34848e-08
1.36621e-11
4.71256e-11
-1.21889e-10
5.37881e-08
3.9373e-11
-1.2059e-10
5.37553e-08
3.03057e-11
-1.17835e-10
5.36919e-08
-1.13888e-10
5.3586e-08
2.04638e-11
4.84813e-11
5.38297e-08
4.2444e-11
5.37994e-08
3.50697e-11
5.37412e-08
5.36428e-08
2.68777e-11
3.07218e-11
-7.45562e-11
5.36279e-08
6.25382e-11
2.30346e-11
-7.23545e-11
5.3584e-08
5.9854e-11
1.45001e-11
-6.9353e-11
5.34952e-08
5.65347e-11
-6.56812e-11
5.33479e-08
5.26226e-11
5.58838e-12
3.27146e-11
-8.36193e-11
5.3733e-08
2.61251e-11
-8.19629e-11
5.36968e-08
1.85497e-11
-7.93437e-11
5.36241e-08
-7.59481e-11
5.35032e-08
1.04019e-11
3.43265e-11
-8.92923e-11
5.37978e-08
2.89424e-11
-8.82495e-11
5.3767e-08
2.25282e-11
-8.61211e-11
5.37051e-08
-8.31021e-11
5.36002e-08
1.54452e-11
3.54061e-11
5.38344e-08
3.1293e-11
5.38062e-08
2.6132e-11
5.37496e-08
5.36523e-08
2.02603e-11
2.23184e-11
-5.44679e-11
5.36413e-08
4.56603e-11
1.6867e-11
-5.2844e-11
5.35986e-08
4.36977e-11
1.07538e-11
-5.06236e-11
5.35107e-08
4.12568e-11
-4.79006e-11
5.33639e-08
3.83578e-11
4.3171e-12
2.37713e-11
-6.11115e-11
5.37433e-08
1.9124e-11
-5.98639e-11
5.37085e-08
1.37176e-11
-5.79023e-11
5.36368e-08
-5.53637e-11
5.35166e-08
7.83664e-12
2.49765e-11
-6.52696e-11
5.38047e-08
2.12145e-11
-6.44433e-11
5.37753e-08
1.6662e-11
-6.28158e-11
5.37146e-08
-6.05327e-11
5.36105e-08
1.1563e-11
2.58271e-11
5.38377e-08
2.29995e-11
5.38109e-08
1.93659e-11
5.37555e-08
5.36592e-08
1.51492e-11
1.61554e-11
-3.96468e-11
5.36509e-08
3.32221e-11
1.22841e-11
-3.84486e-11
5.36091e-08
3.17863e-11
7.90934e-12
-3.68093e-11
5.35219e-08
2.99937e-11
-3.47981e-11
5.33755e-08
2.78538e-11
3.274e-12
1.72182e-11
-4.44949e-11
5.37507e-08
1.39335e-11
-4.35578e-11
5.37169e-08
1.00754e-11
-4.20962e-11
5.3646e-08
-4.0211e-11
5.35262e-08
5.84099e-12
1.81184e-11
-4.75304e-11
5.38097e-08
1.54799e-11
-4.68859e-11
5.37813e-08
1.2245e-11
-4.56555e-11
5.37214e-08
-4.39477e-11
5.36179e-08
8.57955e-12
1.87789e-11
5.384e-08
1.68226e-11
5.38143e-08
1.4256e-11
5.37598e-08
5.36641e-08
1.12291e-11
1.16217e-11
-2.86657e-11
5.36578e-08
2.40136e-11
8.87874e-12
-2.77865e-11
5.36167e-08
2.29683e-11
5.76068e-12
-2.65848e-11
5.35299e-08
2.16601e-11
-2.51115e-11
5.33838e-08
2.00931e-11
2.44101e-12
1.23963e-11
-3.21777e-11
5.3756e-08
1.00781e-11
-3.14801e-11
5.37229e-08
7.3343e-12
-3.04012e-11
5.36525e-08
-2.9015e-11
5.35331e-08
4.30135e-12
1.30637e-11
-3.43782e-11
5.38132e-08
1.12133e-11
-3.38849e-11
5.37855e-08
8.92001e-12
-3.29673e-11
5.37262e-08
-3.17058e-11
5.36232e-08
6.29726e-12
1.35676e-11
5.38416e-08
1.22108e-11
5.38166e-08
1.03996e-11
5.37628e-08
5.36676e-08
8.2353e-12
8.27242e-12
-2.04764e-11
5.36627e-08
1.71503e-11
6.34447e-12
-1.98392e-11
5.3622e-08
1.63977e-11
4.14275e-12
-1.89699e-11
5.35357e-08
1.54546e-11
-1.79054e-11
5.33898e-08
1.43227e-11
1.78979e-12
8.83074e-12
-2.29884e-11
5.37597e-08
7.20648e-12
-2.24771e-11
5.37271e-08
5.2722e-12
-2.16926e-11
5.36572e-08
-2.06888e-11
5.35381e-08
3.12193e-12
9.31834e-12
-2.45639e-11
5.38157e-08
8.0284e-12
-2.41948e-11
5.37885e-08
6.41549e-12
-2.35228e-11
5.37297e-08
-2.26065e-11
5.3627e-08
4.55706e-12
9.69448e-12
5.38427e-08
8.75702e-12
5.38183e-08
7.48728e-12
5.37649e-08
5.36701e-08
5.95403e-12
5.79625e-12
-1.43224e-11
5.36661e-08
1.19951e-11
4.46345e-12
-1.38698e-11
5.36258e-08
1.14633e-11
2.93536e-12
-1.32542e-11
5.35396e-08
1.0797e-11
-1.25022e-11
5.33939e-08
9.99746e-12
1.29671e-12
6.19097e-12
-1.60808e-11
5.37624e-08
5.07055e-12
-1.57146e-11
5.37301e-08
3.72926e-12
-1.51572e-11
5.36604e-08
-1.4447e-11
5.35415e-08
2.23109e-12
6.53933e-12
-1.71848e-11
5.38174e-08
5.65265e-12
-1.69165e-11
5.37906e-08
4.53562e-12
-1.64368e-11
5.37321e-08
-1.57877e-11
5.36296e-08
3.24066e-12
6.81227e-12
5.38435e-08
6.17191e-12
5.38194e-08
5.29401e-12
5.37664e-08
5.36719e-08
4.22493e-12
3.99625e-12
-9.68965e-12
5.36684e-08
8.11528e-12
3.09744e-12
-9.3756e-12
5.36283e-08
7.7477e-12
2.0622e-12
-8.95137e-12
5.35423e-08
7.2887e-12
-8.43553e-12
5.33967e-08
6.73944e-12
9.47007e-13
4.26879e-12
-1.08796e-11
5.37641e-08
3.51371e-12
-1.06241e-11
5.37321e-08
2.60485e-12
-1.02397e-11
5.36626e-08
-9.75322e-12
5.35439e-08
1.58489e-12
4.51118e-12
-1.16274e-11
5.38185e-08
3.91415e-12
-1.14386e-11
5.3792e-08
3.15653e-12
-1.11075e-11
5.37337e-08
-1.06635e-11
5.36314e-08
2.27338e-12
4.70305e-12
5.3844e-08
4.27252e-12
5.38202e-08
3.67603e-12
5.37674e-08
5.36731e-08
2.94447e-12
2.78439e-12
-6.31075e-12
5.36699e-08
5.28509e-12
2.19281e-12
-6.09579e-12
5.36299e-08
5.03447e-12
1.50637e-12
-5.81176e-12
5.35441e-08
4.72904e-12
-5.4733e-12
5.33986e-08
4.37114e-12
7.61642e-13
2.96932e-12
-7.08525e-12
5.37653e-08
2.46933e-12
-6.90996e-12
5.37334e-08
1.86251e-12
-6.65285e-12
5.36641e-08
-6.33311e-12
5.35454e-08
1.1774e-12
3.13501e-12
-7.57215e-12
5.38193e-08
2.73694e-12
-7.44227e-12
5.3793e-08
2.22679e-12
-7.22159e-12
5.37348e-08
-6.93042e-12
5.36326e-08
1.62749e-12
3.26697e-12
5.38443e-08
2.97684e-12
5.38207e-08
2.57065e-12
5.3768e-08
5.36739e-08
2.06853e-12
2.11023e-12
-4.26135e-12
3.57528e-12
1.67781e-12
-4.09368e-12
3.37586e-12
1.17091e-12
-3.87328e-12
3.12649e-12
-3.60929e-12
2.83948e-12
6.14878e-13
2.25491e-12
-4.78204e-12
1.89264e-12
-4.64789e-12
1.4483e-12
-4.45594e-12
-4.21819e-12
9.41374e-13
2.38157e-12
-5.10933e-12
2.0921e-12
-5.01168e-12
1.71786e-12
-4.85235e-12
-4.64579e-12
1.27752e-12
2.4808e-12
2.26632e-12
1.96437e-12
1.592e-12
6.0926e-08
1.42616e-08
5.45481e-08
2.30932e-08
4.56203e-08
7.0437e-08
2.48988e-09
6.46824e-10
8.55625e-08
1.47147e-08
5.00788e-08
-1.10277e-09
-3.47558e-10
3.87673e-09
8.17748e-08
1.18269e-08
2.48009e-08
7.61544e-08
2.61361e-09
1.60596e-08
5.2518e-08
1.04247e-08
5.12094e-08
1.80952e-09
-4.98118e-09
-2.47164e-09
7.81656e-08
-5.5532e-09
7.2876e-09
7.81534e-08
-5.37335e-09
-2.62557e-09
6.99921e-08
-7.9789e-10
4.50668e-08
1.00371e-10
5.19621e-09
5.99007e-08
-8.33331e-09
6.73919e-08
-3.81612e-09
3.95283e-08
2.99521e-08
-1.27767e-09
3.22516e-09
-1.17352e-08
5.97245e-08
3.54683e-09
-1.92805e-09
7.20433e-08
1.01671e-08
8.49471e-09
7.04475e-08
-5.355e-09
6.30519e-08
2.54898e-09
-1.36989e-09
-4.64604e-09
6.34522e-08
8.04815e-09
3.91862e-10
6.44164e-08
9.83761e-09
1.4034e-09
5.78199e-08
4.75358e-10
5.11075e-08
4.10916e-09
-3.88951e-09
4.6218e-09
6.22322e-08
6.08859e-09
6.62901e-09
6.19381e-08
1.05283e-08
1.2773e-08
5.41828e-08
7.66637e-09
4.33505e-08
5.05355e-09
-2.68668e-09
5.55471e-08
9.49272e-09
5.45909e-08
9.88052e-09
4.39506e-08
3.38899e-08
6.38027e-09
-5.22459e-09
-3.45296e-09
6.50845e-08
-2.55967e-09
1.3121e-09
6.80663e-08
-1.81645e-10
3.84232e-09
6.42271e-08
4.60648e-09
5.51067e-08
3.15711e-09
-4.38474e-09
-3.36236e-09
6.31717e-08
-1.13248e-09
-2.96401e-10
6.27726e-08
4.67348e-10
2.33496e-09
5.77274e-08
4.57454e-09
4.81704e-08
3.43643e-09
-3.62357e-09
-9.81485e-10
5.93572e-08
-3.96085e-10
8.98662e-10
5.75156e-08
1.46144e-09
3.86635e-09
5.07939e-08
5.73871e-09
4.00573e-08
3.5905e-09
-2.28126e-09
5.38486e-08
1.07063e-09
5.10242e-08
2.2088e-09
4.32704e-08
3.21497e-08
3.60226e-09
-2.54531e-09
-2.24805e-09
6.93988e-08
-1.82983e-09
-6.12232e-10
6.79631e-08
-3.71375e-10
1.95706e-10
6.2573e-08
7.27744e-10
5.25471e-08
1.46049e-09
-2.16617e-09
-2.60735e-09
6.48245e-08
-1.32916e-09
-1.1147e-09
6.24381e-08
-2.05105e-11
3.81939e-10
5.62325e-08
1.53987e-09
4.57434e-08
1.59431e-09
-1.579e-09
-2.22211e-09
5.96364e-08
-7.19396e-10
-1.13009e-09
5.66714e-08
4.49557e-10
3.55766e-10
4.96511e-08
1.68177e-09
3.87582e-08
1.60677e-09
-8.56668e-10
5.37463e-08
-2.95854e-11
5.03244e-08
8.36966e-10
4.28017e-08
3.17638e-08
1.51032e-09
-1.06444e-09
-1.30666e-09
7.21682e-08
-1.3541e-09
-6.99572e-10
6.89523e-08
-6.96565e-10
-1.19798e-10
6.20352e-08
3.57958e-10
5.10363e-08
4.56301e-10
-9.32756e-10
-1.83315e-09
6.6477e-08
-1.0655e-09
-1.16039e-09
6.30317e-08
-4.63932e-10
-2.99303e-10
5.58105e-08
4.39448e-10
4.46643e-08
5.33702e-10
-6.56646e-10
-1.92866e-09
6.05008e-08
-6.84817e-10
-1.33662e-09
5.68758e-08
-1.99542e-10
-4.92724e-10
4.93593e-08
3.44472e-10
3.81113e-08
5.42365e-10
-3.02295e-10
5.41719e-08
-2.76562e-10
5.03968e-08
3.28177e-11
4.27284e-08
3.14964e-08
4.91207e-10
-4.32348e-10
-7.9991e-10
7.39042e-08
-8.28935e-10
-5.51666e-10
6.99006e-08
-5.85755e-10
-2.40525e-10
6.20326e-08
8.98738e-13
5.04721e-08
-2.24958e-11
-3.76865e-10
-1.25393e-09
6.77222e-08
-6.84986e-10
-9.30385e-10
6.37185e-08
-4.64718e-10
-4.69941e-10
5.58196e-08
-8.10091e-11
4.42581e-08
2.33882e-11
-2.37442e-10
-1.44001e-09
6.131e-08
-4.79961e-10
-1.11889e-09
5.73068e-08
-3.27718e-10
-6.59198e-10
4.93963e-08
-2.17444e-10
3.78863e-08
3.36895e-11
-4.38089e-11
5.46646e-08
-2.47825e-10
5.06753e-08
-1.95989e-10
4.28244e-08
3.1425e-08
1.57079e-11
-1.42363e-10
-5.22552e-10
7.50206e-08
-4.68695e-10
-4.07397e-10
7.06343e-08
-4.2521e-10
-2.44829e-10
6.22339e-08
-1.19117e-10
5.03496e-08
-1.83562e-10
-1.10971e-10
-8.60467e-10
6.85907e-08
-3.95328e-10
-6.95686e-10
6.42911e-08
-3.6222e-10
-4.55098e-10
5.59968e-08
-2.54632e-10
4.41898e-08
-1.58352e-10
-3.28255e-11
-1.03328e-09
6.19366e-08
-2.88256e-10
-8.60623e-10
5.77272e-08
-2.93218e-10
-6.18443e-10
4.95646e-08
-3.91501e-10
3.78816e-08
-1.51645e-10
7.7721e-11
5.50868e-08
-1.62582e-10
5.09806e-08
-2.23731e-10
4.29922e-08
3.1472e-08
-1.58131e-10
-4.52264e-12
-3.52792e-10
7.57497e-08
-2.46707e-10
-2.96421e-10
7.11729e-08
-2.86239e-10
-2.12425e-10
6.24859e-08
-1.47443e-10
5.04129e-08
-2.02127e-10
1.4753e-11
-5.9714e-10
6.91829e-08
-2.09047e-10
-5.12208e-10
6.47307e-08
-2.544e-10
-3.87082e-10
5.62168e-08
-2.83361e-10
4.42605e-08
-1.89224e-10
5.92445e-11
-7.35922e-10
6.23889e-08
-1.53698e-10
-6.44591e-10
5.80725e-08
-2.20274e-10
-5.17304e-10
4.97614e-08
-4.00534e-10
3.79646e-08
-1.86129e-10
1.21309e-10
5.54109e-08
-8.78535e-11
5.12443e-08
-1.84907e-10
4.31674e-08
3.15618e-08
-1.89115e-10
5.13438e-11
-2.43272e-10
7.62329e-08
-1.22158e-10
-2.14792e-10
7.15612e-08
-1.852e-10
-1.70939e-10
6.27198e-08
-1.35795e-10
5.05331e-08
-1.69647e-10
6.33511e-11
-4.19243e-10
6.95856e-08
-1.02364e-10
-3.74903e-10
6.50566e-08
-1.69078e-10
-3.08663e-10
5.64212e-08
-2.52131e-10
4.43713e-08
-1.63538e-10
8.86779e-11
-5.25581e-10
6.27069e-08
-7.38563e-11
-4.76701e-10
5.83368e-08
-1.52495e-10
-4.08286e-10
4.99396e-08
-3.44845e-10
3.80679e-08
-1.63019e-10
1.23114e-10
5.56477e-08
-3.98759e-11
5.14512e-08
-1.35154e-10
4.33194e-08
3.16549e-08
-1.65395e-10
6.54031e-11
-1.70698e-10
7.65591e-08
-5.75343e-11
-1.55863e-10
7.184e-08
-1.19402e-10
-1.32237e-10
6.29139e-08
-1.12032e-10
5.06551e-08
-1.29337e-10
7.29064e-11
-2.97585e-10
6.98615e-08
-4.67898e-11
-2.73768e-10
6.52942e-08
-1.11098e-10
-2.3726e-10
5.65905e-08
-2.04405e-10
4.44793e-08
-1.26674e-10
8.74437e-11
-3.77453e-10
6.29292e-08
-3.18744e-11
-3.50321e-10
5.85327e-08
-1.02994e-10
-3.11706e-10
5.00852e-08
-2.74654e-10
3.81625e-08
-1.2738e-10
1.06631e-10
5.58171e-08
-1.42357e-11
5.16062e-08
-9.44772e-11
4.34407e-08
3.1735e-08
-1.29518e-10
6.12535e-11
-1.21376e-10
7.67833e-08
-2.58014e-11
-1.13345e-10
7.20404e-08
-7.79324e-11
-9.99714e-11
6.3066e-08
-8.75298e-11
5.07596e-08
-9.48622e-11
6.59689e-11
-2.13236e-10
7.0053e-08
-1.97477e-11
-1.99881e-10
6.54664e-08
-7.35297e-11
-1.78615e-10
5.6723e-08
-1.58164e-10
4.45702e-08
-9.38461e-11
7.44573e-11
-2.72655e-10
6.30855e-08
-1.17277e-11
-2.56802e-10
5.86758e-08
-6.95048e-11
-2.33634e-10
5.0198e-08
-2.10355e-10
3.82402e-08
-9.49836e-11
8.53446e-11
5.59377e-08
-2.38372e-12
5.172e-08
-6.52915e-11
4.35334e-08
3.17989e-08
-9.68627e-11
5.10498e-11
-8.71571e-11
7.694e-08
-1.08174e-11
-8.26047e-11
7.21849e-08
-5.18219e-11
-7.45899e-11
6.31816e-08
-6.64613e-11
5.08427e-08
-6.84926e-11
5.40368e-11
-1.53926e-10
7.01876e-08
-7.28523e-12
-1.46042e-10
6.55912e-08
-4.94248e-11
-1.32906e-10
5.68234e-08
-1.19412e-10
4.4642e-08
-6.82438e-11
5.91063e-11
-1.97908e-10
6.31961e-08
-2.83073e-12
-1.88117e-10
5.87798e-08
-4.73996e-11
-1.73359e-10
5.0283e-08
-1.57819e-10
3.83006e-08
-6.94333e-11
6.54612e-11
5.60238e-08
2.27341e-12
5.18027e-08
-4.52953e-11
4.36025e-08
3.18478e-08
-7.1023e-11
4.01812e-11
-6.30145e-11
7.7051e-08
-3.98231e-12
-6.02961e-11
7.22893e-08
-3.51133e-11
-5.52175e-11
6.3268e-08
-4.96638e-11
5.09064e-08
-4.91823e-11
4.20946e-11
-1.11687e-10
7.02833e-08
-1.85608e-12
-1.06779e-10
6.56816e-08
-3.37795e-11
-9.82215e-11
5.68984e-08
-8.89259e-11
4.46967e-08
-4.92693e-11
4.52008e-11
-1.44143e-10
6.32751e-08
7.04715e-13
-1.37776e-10
5.88553e-08
-3.27542e-11
-1.27894e-10
5.03462e-08
-1.17063e-10
3.83463e-08
-5.03479e-11
4.90382e-11
5.60855e-08
3.59869e-12
5.18628e-08
-3.16947e-11
4.36535e-08
3.18844e-08
-5.16501e-11
3.0649e-11
-4.57599e-11
7.71302e-08
-9.99646e-13
-4.40489e-11
7.2365e-08
-2.41783e-11
-4.0675e-11
6.33318e-08
-3.67644e-11
5.09543e-08
-3.52767e-11
3.18907e-11
-8.13041e-11
7.03518e-08
3.1542e-13
-7.8094e-11
6.57472e-08
-2.34238e-11
-7.228e-11
5.69537e-08
-6.56913e-11
4.47377e-08
-3.549e-11
3.38445e-11
-1.05201e-10
6.33318e-08
1.83812e-12
-1.00881e-10
5.89101e-08
-2.29073e-11
-9.4017e-11
5.03926e-08
-8.62604e-11
3.83804e-08
-3.64023e-11
3.6245e-11
5.61299e-08
3.54544e-12
5.19063e-08
-2.23728e-11
4.36908e-08
3.19115e-08
-3.7443e-11
2.29483e-11
-3.33129e-11
7.71872e-08
2.02265e-13
-3.21834e-11
7.242e-08
-1.68624e-11
-2.98605e-11
6.33788e-08
-2.70554e-11
5.09898e-08
-2.53184e-11
2.37647e-11
-5.92889e-11
7.04011e-08
1.03452e-12
-5.71027e-11
6.57949e-08
-1.64305e-11
-5.30324e-11
5.69943e-08
-4.82821e-11
4.47681e-08
-2.55593e-11
2.50242e-11
-7.68515e-11
6.33727e-08
1.9685e-12
-7.38264e-11
5.89499e-08
-1.61762e-11
-6.89406e-11
5.04267e-08
-6.32996e-11
3.84055e-08
-2.62998e-11
2.65762e-11
5.61619e-08
3.01513e-12
5.19378e-08
-1.59089e-11
4.37181e-08
3.19314e-08
-2.7116e-11
1.69809e-11
-2.4274e-11
7.72284e-08
6.03836e-13
-2.34993e-11
7.24598e-08
-1.18727e-11
-2.18606e-11
6.34131e-08
-1.98279e-11
5.1016e-08
-1.81897e-11
1.7524e-11
-4.32529e-11
7.04367e-08
1.14058e-12
-4.17189e-11
6.58295e-08
-1.16238e-11
-3.88137e-11
5.7024e-08
-3.53577e-11
4.47904e-08
-1.84143e-11
1.83536e-11
-5.61354e-11
6.34022e-08
1.72904e-12
-5.39716e-11
5.89788e-08
-1.1505e-11
-5.04425e-11
5.04516e-08
-4.63093e-11
3.8424e-08
-1.89994e-11
1.93855e-11
5.6185e-08
2.39278e-12
5.19607e-08
-1.13749e-11
4.3738e-08
3.1946e-08
-1.963e-11
1.24597e-11
-1.76761e-11
7.72581e-08
6.62889e-13
-1.71299e-11
7.24888e-08
-8.41342e-12
-1.59568e-11
6.34381e-08
-1.44775e-11
5.10351e-08
-1.30741e-11
1.28244e-11
-3.15227e-11
7.04625e-08
1.01422e-12
-3.0425e-11
6.58546e-08
-8.26961e-12
-2.83287e-11
5.70457e-08
-2.58056e-11
4.48067e-08
-1.32661e-11
1.33803e-11
-4.09479e-11
6.34236e-08
1.39314e-12
-3.93809e-11
5.89997e-08
-8.22029e-12
-3.68131e-11
5.04697e-08
-3.37783e-11
3.84375e-08
-1.37192e-11
1.40813e-11
5.62017e-08
1.82581e-12
5.19773e-08
-8.16075e-12
4.37524e-08
3.19566e-08
-1.42002e-11
9.07456e-12
-1.28364e-11
7.72796e-08
5.89767e-13
-1.2445e-11
7.25097e-08
-5.9802e-12
-1.15995e-11
6.34563e-08
-1.05231e-11
5.1049e-08
-9.38606e-12
9.3211e-12
-2.29053e-11
7.04811e-08
8.2222e-13
-2.21118e-11
6.58727e-08
-5.89729e-12
-2.05931e-11
5.70614e-08
-1.8753e-11
4.48186e-08
-9.54199e-12
9.69796e-12
-2.97732e-11
6.3439e-08
1.0702e-12
-2.86327e-11
5.90148e-08
-5.88256e-12
-2.67616e-11
5.04828e-08
-2.4538e-11
3.84472e-08
-9.88704e-12
1.01811e-11
5.62138e-08
1.35799e-12
5.19892e-08
-5.85885e-12
4.37628e-08
3.19643e-08
-1.02495e-11
6.5529e-12
-9.26607e-12
7.7295e-08
4.79034e-13
-8.98401e-12
7.25247e-08
-4.24388e-12
-8.37489e-12
6.34694e-08
-7.59561e-12
5.10591e-08
-6.70854e-12
6.72005e-12
-1.65408e-11
7.04945e-08
6.33844e-13
-1.59664e-11
6.58858e-08
-4.19635e-12
-1.48687e-11
5.70727e-08
-1.35341e-11
4.48272e-08
-6.83063e-12
6.97716e-12
-2.15101e-11
6.34501e-08
7.97879e-13
-2.06817e-11
5.90257e-08
-4.19764e-12
-1.9324e-11
5.04922e-08
-1.77054e-11
3.84543e-08
-7.08903e-12
7.31248e-12
5.62225e-08
9.91655e-13
5.19979e-08
-4.19143e-12
4.37704e-08
3.19699e-08
-7.35843e-12
4.67741e-12
-6.61301e-12
7.7306e-08
3.72881e-13
-6.4107e-12
7.25355e-08
-2.98401e-12
-5.9754e-12
6.34787e-08
-5.41727e-12
5.10663e-08
-4.74461e-12
4.79073e-12
-1.18066e-11
7.0504e-08
4.76345e-13
-1.1394e-11
6.58951e-08
-2.95684e-12
-1.06083e-11
5.70808e-08
-9.65149e-12
4.48333e-08
-4.83717e-12
4.96622e-12
-1.53574e-11
6.3458e-08
5.8556e-13
-1.47616e-11
5.90335e-08
-2.96407e-12
-1.37872e-11
5.04989e-08
-1.26235e-11
3.84593e-08
-5.02671e-12
5.19875e-12
5.62287e-08
7.16711e-13
5.2004e-08
-2.96543e-12
4.37757e-08
3.19738e-08
-5.22321e-12
3.29002e-12
-4.62661e-12
7.73137e-08
2.94553e-13
-4.48413e-12
7.25429e-08
-2.04797e-12
-4.17905e-12
6.34853e-08
-3.78769e-12
5.10713e-08
-3.28393e-12
3.36691e-12
-8.25775e-12
7.05106e-08
3.63951e-13
-7.96687e-12
6.59016e-08
-2.03214e-12
-7.41548e-12
5.70864e-08
-6.74395e-12
4.48376e-08
-3.35161e-12
3.48639e-12
-1.07404e-11
6.34635e-08
4.37313e-13
-1.032e-11
5.90389e-08
-2.03958e-12
-9.63462e-12
5.05036e-08
-8.81596e-12
3.84629e-08
-3.48639e-12
3.64655e-12
5.6233e-08
5.26255e-13
5.20082e-08
-2.04285e-12
4.37794e-08
3.19766e-08
-3.62547e-12
2.28985e-12
-3.13787e-12
7.73188e-08
2.60047e-13
-3.03949e-12
7.2548e-08
-1.33429e-12
-2.8297e-12
6.34897e-08
-2.5606e-12
5.10747e-08
-2.18182e-12
2.34353e-12
-5.59246e-12
7.05151e-08
3.08564e-13
-5.39314e-12
6.5906e-08
-1.32332e-12
-5.01712e-12
5.70903e-08
-4.55907e-12
4.48405e-08
-2.22914e-12
2.426e-12
-7.26883e-12
6.34672e-08
3.60333e-13
-6.97983e-12
5.90425e-08
-1.32643e-12
-6.51146e-12
5.05068e-08
-5.95234e-12
3.84652e-08
-2.32009e-12
2.53645e-12
5.62359e-08
4.22382e-13
5.20111e-08
-1.32704e-12
4.3782e-08
3.19785e-08
-2.41347e-12
1.6447e-12
-2.07457e-12
7.73222e-08
3.05564e-13
-2.01377e-12
7.25514e-08
-7.63145e-13
-1.87969e-12
6.34926e-08
-1.70474e-12
5.1077e-08
-1.35867e-12
1.68275e-12
-3.6549e-12
7.0518e-08
3.39968e-13
-3.5238e-12
6.59088e-08
-7.53595e-13
-3.27886e-12
5.70927e-08
-2.98379e-12
4.48424e-08
-1.39067e-12
1.74285e-12
-4.73877e-12
6.34697e-08
3.80543e-13
-4.54454e-12
5.90449e-08
-7.49643e-13
-4.23554e-12
5.05089e-08
-3.87385e-12
3.84668e-08
-1.44705e-12
1.82173e-12
5.62378e-08
4.26336e-13
5.2013e-08
-7.4613e-13
4.37836e-08
3.19797e-08
-1.50426e-12
1.27509e-12
-1.32929e-12
3.17621e-13
-1.2766e-12
-4.36751e-13
-1.17947e-12
-1.06171e-12
-8.31489e-13
1.30889e-12
-2.47515e-12
3.43321e-13
-2.37636e-12
-4.36573e-13
-2.19453e-12
-1.97019e-12
-8.58364e-13
1.3592e-12
-3.22156e-12
3.80016e-13
-3.07464e-12
-4.27492e-13
-2.84095e-12
-2.55771e-12
-8.9383e-13
1.42756e-12
4.30616e-13
-4.0851e-13
-9.27973e-13
7.01315e-09
2.00857e-09
2.5404e-08
5.05992e-09
-4.70386e-09
4.60736e-08
3.83553e-09
2.49934e-09
4.61727e-08
5.30355e-09
4.51873e-08
6.1416e-09
2.23291e-09
4.29898e-08
2.188e-08
-5.37256e-09
3.08468e-08
1.46933e-08
-3.89552e-09
7.17922e-08
4.31961e-09
8.12705e-08
-1.86529e-08
-4.39001e-09
4.67673e-08
-1.11128e-09
1.92241e-10
3.69595e-08
1.19533e-08
8.01457e-09
4.20694e-08
2.06374e-08
5.85378e-08
-3.0129e-09
5.09596e-08
1.3232e-08
4.07959e-08
2.68501e-09
3.34812e-08
6.20407e-08
2.70117e-09
5.5311e-09
3.2873e-08
6.00069e-09
6.16354e-09
4.16641e-08
7.20775e-09
1.43903e-09
4.76358e-08
-9.43803e-10
5.58878e-08
6.54451e-09
6.38533e-09
4.17824e-08
-8.43619e-09
6.00087e-09
4.59902e-08
-3.53154e-09
1.20988e-08
5.62277e-08
1.22393e-08
6.45558e-08
1.01209e-08
8.53393e-10
4.65946e-08
2.62838e-09
2.07575e-09
4.83771e-08
-2.45882e-10
6.83146e-09
5.0211e-08
1.05696e-08
5.99616e-08
1.15576e-08
4.96046e-08
8.3584e-09
4.65968e-08
-2.45541e-09
4.42664e-08
4.85913e-08
1.7415e-09
5.76555e-09
3.17456e-08
1.14454e-09
6.64416e-09
3.92074e-08
-6.26076e-10
6.39447e-09
4.64484e-08
6.16473e-09
5.22541e-08
4.83961e-09
5.34018e-09
4.21377e-08
1.58142e-09
7.03303e-09
4.88595e-08
-3.02288e-10
9.06778e-09
5.54381e-08
9.38144e-09
6.10368e-08
8.10061e-09
2.16327e-09
4.84103e-08
6.13106e-09
4.21361e-09
5.3166e-08
1.2075e-09
6.5186e-09
5.76838e-08
8.50633e-09
6.20442e-08
1.00559e-08
5.13126e-08
8.32694e-09
5.39536e-08
3.57737e-09
5.47513e-08
5.7231e-08
1.63825e-09
2.29634e-09
3.15868e-08
1.20284e-09
2.8579e-09
3.83917e-08
9.89244e-10
3.18765e-09
4.50686e-08
3.20977e-09
5.14941e-08
3.19647e-09
2.14595e-09
4.2422e-08
2.61449e-09
3.33501e-09
4.89644e-08
1.71169e-09
4.26739e-09
5.52612e-08
4.66715e-09
6.12911e-08
4.82503e-09
5.65606e-10
4.94307e-08
4.37983e-09
1.73108e-09
5.52152e-08
2.69689e-09
2.98089e-09
6.06532e-08
3.53382e-09
6.58744e-08
5.6212e-09
5.28581e-08
5.67339e-09
5.78699e-08
3.62573e-09
6.18976e-08
6.6332e-08
7.98375e-10
8.664e-10
3.14355e-08
5.38376e-10
1.20934e-09
3.79847e-08
2.51508e-10
1.44528e-09
4.44439e-08
1.50081e-09
5.07011e-08
1.68689e-09
6.24287e-10
4.26421e-08
1.43838e-09
1.23901e-09
4.91832e-08
8.64968e-10
1.71753e-09
5.55624e-08
1.94986e-09
6.17071e-08
2.42449e-09
-4.50777e-10
5.02039e-08
2.27028e-09
2.91198e-11
5.65793e-08
1.45685e-09
4.97269e-10
6.26869e-08
6.56952e-10
6.86242e-08
2.65406e-09
5.41093e-08
2.73635e-09
6.03269e-08
1.8248e-09
6.60905e-08
7.17709e-08
3.44607e-10
8.95588e-11
3.14202e-08
2.39747e-10
2.56881e-10
3.78664e-08
1.18119e-10
3.71459e-10
4.42175e-08
3.89192e-10
5.04075e-08
7.98472e-10
-1.78595e-10
4.28682e-08
6.89654e-10
1.01174e-10
4.94477e-08
4.22276e-10
3.17877e-10
5.58833e-08
4.06843e-10
6.21117e-08
1.12781e-09
-9.00391e-10
5.07831e-08
1.06258e-09
-7.29116e-10
5.74748e-08
6.80835e-10
-5.75228e-10
6.39618e-08
-5.30689e-10
7.02425e-08
1.17862e-09
5.49538e-08
1.18828e-09
6.17416e-08
8.10456e-10
6.82558e-08
7.45502e-08
1.43341e-10
-2.35994e-10
3.14895e-08
1.12584e-10
-1.56807e-10
3.79023e-08
5.88555e-11
-1.00898e-10
4.42138e-08
-9.46971e-11
5.03775e-08
3.63799e-10
-4.88843e-10
4.30848e-08
3.23412e-10
-3.63082e-10
4.96944e-08
2.03543e-10
-2.64456e-10
5.61667e-08
-2.27699e-10
6.24482e-08
5.12803e-10
-9.5177e-10
5.11845e-08
4.84326e-10
-8.88184e-10
5.80284e-08
3.17083e-10
-8.31037e-10
6.46956e-08
-8.16198e-10
7.11481e-08
5.19559e-10
5.54608e-08
5.08429e-10
6.24917e-08
3.55227e-10
6.93113e-08
7.58899e-08
7.28779e-11
-3.16311e-10
3.15844e-08
7.11226e-11
-2.77358e-10
3.79953e-08
4.32385e-11
-2.48157e-10
4.43006e-08
-2.45034e-10
5.04636e-08
1.79907e-10
-5.27755e-10
4.32645e-08
1.66367e-10
-4.67957e-10
4.98985e-08
1.07263e-10
-4.19021e-10
5.63967e-08
-4.01171e-10
6.27116e-08
2.4955e-10
-8.21726e-10
5.14502e-08
2.33907e-10
-7.91885e-10
5.83679e-08
1.54509e-10
-7.63109e-10
6.51191e-08
-7.53944e-10
7.16554e-08
2.48385e-10
5.57535e-08
2.30567e-10
6.28845e-08
1.59521e-10
6.98264e-08
7.65266e-08
5.10901e-11
-2.91591e-10
3.16754e-08
5.7193e-11
-2.70442e-10
3.80966e-08
3.77622e-11
-2.53218e-10
4.44097e-08
-2.50422e-10
5.05822e-08
1.0532e-10
-4.57157e-10
4.34035e-08
1.00547e-10
-4.25285e-10
5.00581e-08
6.53331e-11
-3.97526e-10
5.65762e-08
-3.86716e-10
6.29133e-08
1.40517e-10
-6.47304e-10
5.16253e-08
1.29068e-10
-6.27989e-10
5.85821e-08
8.39769e-11
-6.08247e-10
6.53749e-08
-5.99594e-10
7.19522e-08
1.40294e-10
5.59247e-08
1.21153e-10
6.30986e-08
7.97872e-11
7.00903e-08
7.68408e-08
4.24771e-11
-2.36337e-10
3.17517e-08
4.91834e-11
-2.23507e-10
3.8186e-08
3.34866e-11
-2.12133e-10
4.45109e-08
-2.09245e-10
5.06956e-08
7.20676e-11
-3.61482e-10
4.35076e-08
6.97961e-11
-3.42212e-10
5.01791e-08
4.53194e-11
-3.24389e-10
5.6713e-08
-3.16622e-10
6.3066e-08
9.20756e-11
-4.88006e-10
5.17426e-08
8.25875e-11
-4.73011e-10
5.87224e-08
5.24408e-11
-4.57454e-10
6.55381e-08
-4.4925e-10
7.21373e-08
9.39311e-11
5.60289e-08
7.63633e-11
6.32232e-08
4.72747e-11
7.02367e-08
7.70091e-08
3.60537e-11
-1.81059e-10
3.18117e-08
4.13664e-11
-1.72552e-10
3.82583e-08
2.82979e-11
-1.64478e-10
4.45946e-08
-1.61704e-10
5.07907e-08
5.37434e-11
-2.73911e-10
4.35843e-08
5.20852e-11
-2.61073e-10
5.02693e-08
3.36554e-11
-2.4866e-10
5.68156e-08
-2.42639e-10
6.31805e-08
6.65581e-11
-3.60428e-10
5.18229e-08
5.85854e-11
-3.48315e-10
5.88176e-08
3.63937e-11
-3.35811e-10
6.56474e-08
-3.28605e-10
7.22597e-08
6.96979e-11
5.60953e-08
5.48382e-11
6.33009e-08
3.23924e-11
7.03256e-08
7.71087e-08
2.98483e-11
-1.35068e-10
3.18573e-08
3.36598e-11
-1.2909e-10
3.83141e-08
2.29832e-11
-1.23144e-10
4.46601e-08
-1.20675e-10
5.08659e-08
4.13072e-11
-2.03331e-10
4.36405e-08
3.98475e-11
-1.9426e-10
5.03359e-08
2.56169e-11
-1.85243e-10
5.68919e-08
-1.80498e-10
6.3266e-08
5.02534e-11
-2.63799e-10
5.1879e-08
4.37093e-11
-2.54132e-10
5.8884e-08
2.6749e-11
-2.44248e-10
6.57234e-08
-2.38294e-10
7.23442e-08
5.37804e-11
5.61395e-08
4.18018e-11
6.33525e-08
2.40599e-11
7.03838e-08
7.71731e-08
2.39919e-11
-9.94606e-11
3.18914e-08
2.6624e-11
-9.51169e-11
3.83563e-08
1.8115e-11
-9.06654e-11
4.471e-08
-8.85783e-11
5.09234e-08
3.1861e-11
-1.49431e-10
4.36814e-08
3.05639e-11
-1.42823e-10
5.03849e-08
1.95686e-11
-1.36148e-10
5.69484e-08
-1.32426e-10
6.33294e-08
3.84139e-11
-1.9237e-10
5.19187e-08
3.31862e-11
-1.84812e-10
5.89312e-08
2.013e-11
-1.77157e-10
6.57775e-08
-1.72429e-10
7.24044e-08
4.17624e-11
5.61699e-08
3.2394e-11
6.33881e-08
1.84324e-11
7.04242e-08
7.72175e-08
1.88252e-11
-7.27674e-11
3.19166e-08
2.06174e-11
-6.95587e-11
3.83876e-08
1.39783e-11
-6.6208e-11
4.47474e-08
-6.4506e-11
5.09666e-08
2.44307e-11
-1.09276e-10
4.37112e-08
2.33177e-11
-1.04396e-10
5.04209e-08
1.48838e-11
-9.94211e-11
5.699e-08
-9.65322e-11
6.33763e-08
2.9335e-11
-1.401e-10
5.1947e-08
2.52501e-11
-1.34295e-10
5.89652e-08
1.52416e-11
-1.28461e-10
6.58165e-08
-1.24804e-10
7.24479e-08
3.22426e-11
5.61912e-08
2.50573e-11
6.34134e-08
1.42022e-11
7.0453e-08
7.72494e-08
1.45027e-11
-5.30596e-11
3.19351e-08
1.57192e-11
-5.06732e-11
3.84108e-08
1.0624e-11
-4.8152e-11
4.47751e-08
-4.68e-11
5.09987e-08
1.85778e-11
-7.97066e-11
4.3733e-08
1.76569e-11
-7.60833e-11
5.04472e-08
1.12451e-11
-7.23736e-11
5.70207e-08
-7.01561e-11
6.34109e-08
2.22737e-11
-1.01987e-10
5.19675e-08
1.91348e-11
-9.75879e-11
5.89899e-08
1.15205e-11
-9.31955e-11
6.5845e-08
-9.04152e-11
7.24796e-08
2.46679e-11
5.62065e-08
1.92293e-11
6.34317e-08
1.08931e-11
7.0474e-08
7.72728e-08
1.10156e-11
-3.86097e-11
3.19487e-08
1.18436e-11
-3.68328e-11
3.84278e-08
7.98369e-12
-3.49422e-11
4.47955e-08
-3.38893e-11
5.10224e-08
1.40072e-11
-5.80406e-11
4.37488e-08
1.32678e-11
-5.53502e-11
5.04665e-08
8.43567e-12
-5.25897e-11
5.70431e-08
-5.09053e-11
6.34364e-08
1.67911e-11
-7.42077e-11
5.19823e-08
1.441e-11
-7.09081e-11
5.90078e-08
8.66429e-12
-6.76306e-11
6.58658e-08
-6.55422e-11
7.2503e-08
1.86961e-11
5.62176e-08
1.46195e-11
6.34451e-08
8.28841e-12
7.04894e-08
7.72901e-08
8.26992e-12
-2.80388e-11
3.19586e-08
8.83639e-12
-2.6719e-11
3.84402e-08
5.94402e-12
-2.53084e-11
4.48104e-08
-2.45015e-11
5.10398e-08
1.04724e-11
-4.2185e-11
4.37603e-08
9.89315e-12
-4.01928e-11
5.04805e-08
6.28223e-12
-3.81469e-11
5.70596e-08
-3.68798e-11
6.3455e-08
1.256e-11
-5.39306e-11
5.19931e-08
1.07733e-11
-5.14764e-11
5.90209e-08
6.47348e-12
-4.90491e-11
6.5881e-08
-4.74952e-11
7.252e-08
1.40399e-11
5.62256e-08
1.10089e-11
6.34548e-08
6.2492e-12
7.05008e-08
7.73028e-08
6.14168e-12
-2.02975e-11
3.19658e-08
6.53133e-12
-1.93225e-11
3.84493e-08
4.38621e-12
-1.82773e-11
4.48213e-08
-1.76676e-11
5.10524e-08
7.75967e-12
-3.05636e-11
4.37687e-08
7.31547e-12
-2.9096e-11
5.04907e-08
4.64112e-12
-2.75888e-11
5.70716e-08
-2.6645e-11
6.34686e-08
9.31411e-12
-3.90832e-11
5.20009e-08
7.9872e-12
-3.72729e-11
5.90304e-08
4.79813e-12
-3.54888e-11
6.5892e-08
-3.43428e-11
7.25325e-08
1.04421e-11
5.62313e-08
8.20685e-12
6.3462e-08
4.66469e-12
7.05091e-08
7.73122e-08
4.50782e-12
-1.46049e-11
3.19709e-08
4.77642e-12
-1.38911e-11
3.84558e-08
3.20364e-12
-1.31243e-11
4.48292e-08
-1.26703e-11
5.10616e-08
5.68833e-12
-2.2009e-11
4.37747e-08
5.35425e-12
-2.09373e-11
5.04981e-08
3.3947e-12
-1.98369e-11
5.70803e-08
-1.9142e-11
6.34785e-08
6.83377e-12
-2.81556e-11
5.20065e-08
5.8598e-12
-2.68339e-11
5.90372e-08
3.52008e-12
-2.55351e-11
6.59001e-08
-2.46986e-11
7.25416e-08
7.67844e-12
5.62355e-08
6.04641e-12
6.34671e-08
3.44099e-12
7.05152e-08
7.73191e-08
3.26136e-12
-1.03875e-11
3.19746e-08
3.44483e-12
-9.87264e-12
3.84605e-08
2.30791e-12
-9.31848e-12
4.48348e-08
-8.98649e-12
5.10681e-08
4.11182e-12
-1.56662e-11
4.3779e-08
3.86502e-12
-1.48948e-11
5.05034e-08
2.44928e-12
-1.41028e-11
5.70865e-08
-1.35991e-11
6.34856e-08
4.94307e-12
-2.00519e-11
5.20105e-08
4.23846e-12
-1.91014e-11
5.90422e-08
2.54648e-12
-1.81695e-11
6.59058e-08
-1.75678e-11
7.25481e-08
5.5629e-12
5.62385e-08
4.38762e-12
6.34709e-08
2.50001e-12
7.05196e-08
7.73241e-08
2.32071e-12
-7.23132e-12
3.19772e-08
2.4409e-12
-6.86927e-12
3.84637e-08
1.63365e-12
-6.47872e-12
4.48387e-08
-6.24199e-12
5.10727e-08
2.92061e-12
-1.09197e-11
4.3782e-08
2.73991e-12
-1.03779e-11
5.05071e-08
1.73569e-12
-9.82159e-12
5.70908e-08
-9.46508e-12
6.34905e-08
3.51018e-12
-1.39887e-11
5.20133e-08
3.00889e-12
-1.33215e-11
5.90456e-08
1.80836e-12
-1.26689e-11
6.59099e-08
-1.22459e-11
7.25527e-08
3.9532e-12
5.62406e-08
3.12234e-12
6.34735e-08
1.78151e-12
7.05227e-08
7.73277e-08
1.62959e-12
-4.84889e-12
3.1979e-08
1.69617e-12
-4.60435e-12
3.84659e-08
1.12819e-12
-4.3397e-12
4.48414e-08
-4.17617e-12
5.10759e-08
2.0427e-12
-7.34745e-12
4.3784e-08
1.9058e-12
-6.98157e-12
5.05096e-08
1.20376e-12
-6.60571e-12
5.70938e-08
-6.36141e-12
6.34939e-08
2.44906e-12
-9.43368e-12
5.20152e-08
2.09516e-12
-8.98327e-12
5.9048e-08
1.25879e-12
-8.54401e-12
6.59127e-08
-8.25705e-12
7.25559e-08
2.75575e-12
5.62421e-08
2.17857e-12
6.34753e-08
1.24517e-12
7.05249e-08
7.73301e-08
1.17901e-12
-3.10069e-12
3.19801e-08
1.19771e-12
-2.9466e-12
3.84674e-08
8.09488e-13
-2.77741e-12
4.48432e-08
-2.66788e-12
5.1078e-08
1.45116e-12
-4.73607e-12
4.37854e-08
1.33754e-12
-4.50364e-12
5.05113e-08
8.59564e-13
-4.26402e-12
5.70957e-08
-4.10468e-12
6.34962e-08
1.72319e-12
-6.11193e-12
5.20165e-08
1.46652e-12
-5.82393e-12
5.90495e-08
8.94301e-13
-5.54527e-12
6.59145e-08
-5.36119e-12
7.2558e-08
1.93002e-12
5.6243e-08
1.52627e-12
6.34765e-08
8.83788e-13
7.05263e-08
7.73318e-08
8.96291e-13
-1.96317e-12
8.71122e-13
-1.85564e-12
5.17643e-13
-1.74595e-12
-1.66824e-12
1.12259e-12
-3.08489e-12
9.98125e-13
-2.92711e-12
5.66329e-13
-2.77212e-12
-2.65597e-12
1.32952e-12
-4.06e-12
1.10534e-12
-3.8711e-12
6.08741e-13
-3.69232e-12
-3.55977e-12
1.48149e-12
1.15837e-12
6.22605e-13
)
;

boundaryField
{
    inlet
    {
        type            calculated;
        value           nonuniform List<scalar> 
48
(
-5.44175e-08
-5.41543e-08
-5.41564e-08
-5.40179e-08
-5.41564e-08
-5.41564e-08
-5.41564e-08
-5.24191e-08
-5.23938e-08
-5.21189e-08
-5.35961e-08
-5.41848e-08
-5.32245e-08
-5.31377e-08
-5.31055e-08
-5.49367e-08
-3.25242e-08
-4.43332e-08
-5.28269e-08
-5.68808e-08
-3.93162e-08
-4.59164e-08
-6.00659e-08
-6.37084e-08
-4.56382e-08
-5.82107e-08
-6.70441e-08
-7.14467e-08
-5.14125e-08
-6.55932e-08
-7.51076e-08
-7.96652e-08
-7.54488e-08
-7.2095e-08
-6.45033e-08
-5.69796e-08
-7.36455e-08
-6.75095e-08
-6.0068e-08
-5.26849e-08
-6.55881e-08
-5.87174e-08
-5.14868e-08
-4.50327e-08
-5.3597e-08
-4.61153e-08
-3.9318e-08
-3.28116e-08
)
;
    }
    outlet
    {
        type            calculated;
        value           nonuniform List<scalar> 
48
(
5.36709e-08
5.37661e-08
5.38198e-08
5.38446e-08
5.36311e-08
5.37343e-08
5.37936e-08
5.38211e-08
5.35454e-08
5.36651e-08
5.37356e-08
5.37685e-08
5.33999e-08
5.35465e-08
5.36335e-08
5.36745e-08
3.19809e-08
4.37863e-08
5.20174e-08
5.62438e-08
3.84684e-08
5.05125e-08
5.90507e-08
6.34774e-08
4.48444e-08
5.70972e-08
6.59159e-08
7.05275e-08
5.10793e-08
6.34978e-08
7.25595e-08
7.7333e-08
7.73245e-08
7.05201e-08
6.34714e-08
5.62391e-08
7.25536e-08
6.59109e-08
5.90466e-08
5.20143e-08
6.34946e-08
5.70945e-08
5.05104e-08
4.37848e-08
5.10784e-08
4.48437e-08
3.84679e-08
3.19805e-08
)
;
    }
    wall
    {
        type            calculated;
        value           nonuniform List<scalar> 
192
(
-1.454e-08
-7.37357e-26
-5.02852e-25
4.52138e-26
1.47182e-25
9.29952e-26
5.45265e-26
5.41737e-26
5.01589e-27
1.28745e-26
5.9271e-27
3.48278e-27
-1.12653e-27
-3.57082e-27
2.99442e-27
1.58849e-27
-7.26373e-28
1.03199e-27
-5.86911e-28
1.79615e-29
3.23368e-29
6.78282e-28
3.27192e-28
5.20229e-29
-4.57891e-09
-3.89174e-25
-6.38691e-25
4.04702e-25
-7.59715e-26
-1.499e-25
-5.24066e-26
6.04255e-27
1.10483e-26
3.17738e-27
2.25781e-27
3.1506e-28
-2.95986e-27
5.88821e-27
-4.61789e-27
1.66084e-27
4.7369e-28
1.95239e-28
-5.43348e-28
3.97304e-28
-6.81487e-28
-2.01686e-28
3.78376e-28
2.4391e-28
-1.78363e-11
-2.20222e-25
4.1924e-26
3.74856e-25
-1.08414e-25
1.27712e-25
6.27474e-26
1.08518e-25
-2.58363e-26
1.45289e-26
1.37544e-26
8.98169e-28
-3.63181e-27
-1.84999e-27
3.4808e-27
-1.93e-27
4.0596e-28
8.27e-28
-5.10175e-28
1.25046e-29
1.90494e-28
2.04848e-28
-2.1935e-28
6.35224e-29
-7.60383e-09
-3.31822e-24
7.62464e-25
1.28596e-25
1.04416e-25
6.09891e-26
-2.63087e-26
9.91199e-26
-6.73208e-26
6.78926e-26
-2.6296e-26
-4.91202e-28
9.14997e-27
7.40416e-28
-1.07258e-26
1.15801e-26
5.91181e-27
-2.86726e-27
1.84856e-27
-1.72602e-28
6.26284e-28
9.14288e-28
3.32431e-28
8.73124e-29
3.65448e-09
-6.29863e-25
1.22053e-08
1.08658e-09
1.12806e-25
1.8822e-24
-3.39171e-24
6.48829e-26
1.32744e-24
-3.04666e-24
-8.33527e-25
-2.2902e-25
-6.9009e-25
1.49246e-24
1.13774e-24
3.5432e-25
-1.02287e-25
-4.0807e-25
-2.79218e-25
-1.52755e-25
3.00512e-27
2.53169e-26
2.27712e-26
4.08654e-26
6.18803e-26
-1.75424e-26
-1.42863e-25
-5.78487e-26
-1.30736e-25
-2.21485e-26
6.88102e-26
3.06191e-26
6.21091e-27
-3.19334e-26
-6.48583e-26
-1.22677e-27
4.64148e-26
5.93405e-26
7.16163e-26
-2.34321e-26
-1.55089e-26
1.03019e-26
3.16263e-26
2.84667e-26
4.54521e-27
3.0798e-26
1.75114e-27
-7.87618e-27
6.79326e-27
4.31139e-26
2.55068e-26
-9.30222e-27
8.62371e-28
-2.45882e-26
-1.24309e-26
7.56542e-27
3.2702e-27
6.26656e-27
-7.87697e-27
-2.29223e-27
7.58478e-28
-9.88766e-27
4.36088e-27
-4.6606e-27
-4.62267e-27
5.59106e-27
-8.14667e-27
-6.02643e-28
-1.15827e-27
-1.51325e-27
-2.07342e-28
-3.80975e-27
1.65884e-28
7.25177e-27
2.92345e-27
2.86637e-28
-1.11248e-27
-2.3949e-27
2.88587e-27
1.14363e-27
4.68282e-28
4.77304e-28
-2.1553e-27
-1.09334e-27
4.72298e-28
1.928e-28
-1.35794e-27
-5.93432e-28
-2.12345e-28
1.80982e-28
-6.5225e-29
-2.12078e-28
6.05667e-28
3.37794e-28
2.60999e-28
-1.39999e-29
)
;
    }
    procBoundary1to0
    {
        type            processor;
        value           nonuniform List<scalar> 
192
(
3.71067e-09
-3.52532e-09
-4.76613e-09
-6.0225e-10
1.83977e-10
9.61387e-09
1.4343e-08
1.15782e-08
1.56459e-09
3.17462e-09
3.52055e-09
2.72055e-09
5.48303e-10
4.99666e-10
2.84091e-10
4.3724e-11
-2.47914e-10
-3.76871e-10
-5.20599e-10
-6.14961e-10
-5.00723e-10
-6.00646e-10
-7.01449e-10
-7.58584e-10
-5.11196e-10
-5.79234e-10
-6.43603e-10
-6.78783e-10
-4.35899e-10
-4.7698e-10
-5.12483e-10
-5.28503e-10
-3.41574e-10
-3.64715e-10
-3.82446e-10
-3.87651e-10
-2.55997e-10
-2.68748e-10
-2.77148e-10
-2.77617e-10
-1.87628e-10
-1.94743e-10
-1.98687e-10
-1.97634e-10
-1.36161e-10
-1.40292e-10
-1.42232e-10
-1.41011e-10
-9.8457e-11
-1.00994e-10
-1.02058e-10
-1.01102e-10
-7.11381e-11
-7.27922e-11
-7.34681e-11
-7.28343e-11
-5.14096e-11
-5.25455e-11
-5.30333e-11
-5.26601e-11
-3.71582e-11
-3.79678e-11
-3.83468e-11
-3.81519e-11
-2.68407e-11
-2.74306e-11
-2.77328e-11
-2.7647e-11
-1.93438e-11
-1.97778e-11
-2.00182e-11
-1.99928e-11
-1.38684e-11
-1.41874e-11
-1.43756e-11
-1.43803e-11
-9.84471e-12
-1.0077e-11
-1.02213e-11
-1.02388e-11
-6.87908e-12
-7.04561e-12
-7.15347e-12
-7.17478e-12
-4.72276e-12
-4.84084e-12
-4.9204e-12
-4.94189e-12
-3.25809e-12
-3.34355e-12
-3.40369e-12
-3.42495e-12
-2.45138e-12
-2.52157e-12
-2.57325e-12
-2.59583e-12
-3.97469e-08
1.05259e-09
-2.33279e-09
-1.65996e-08
3.33364e-09
1.26034e-08
1.05551e-08
3.65621e-09
3.31757e-09
4.57469e-09
4.11771e-09
2.64354e-09
4.79018e-10
8.72625e-10
9.14553e-10
7.14004e-10
-3.98267e-10
-1.93242e-10
-1.12284e-10
-1.48632e-10
-5.03698e-10
-4.14274e-10
-3.85603e-10
-4.19925e-10
-4.51499e-10
-4.19625e-10
-4.21004e-10
-4.54221e-10
-3.71759e-10
-3.62607e-10
-3.72738e-10
-3.98987e-10
-2.91346e-10
-2.90113e-10
-3.00331e-10
-3.18834e-10
-2.2086e-10
-2.21958e-10
-2.29944e-10
-2.42272e-10
-1.64107e-10
-1.65581e-10
-1.7127e-10
-1.79312e-10
-1.20597e-10
-1.21866e-10
-1.25769e-10
-1.31014e-10
-8.81055e-11
-8.90642e-11
-9.17109e-11
-9.51704e-11
-6.4164e-11
-6.48516e-11
-6.66473e-11
-6.89674e-11
-4.66398e-11
-4.71218e-11
-4.83479e-11
-4.99311e-11
-3.38512e-11
-3.41857e-11
-3.50295e-11
-3.61265e-11
-2.45241e-11
-2.47551e-11
-2.53398e-11
-2.61088e-11
-1.77115e-11
-1.78703e-11
-1.82773e-11
-1.88199e-11
-1.27175e-11
-1.28262e-11
-1.31095e-11
-1.34928e-11
-9.03772e-12
-9.11184e-12
-9.30799e-12
-9.57722e-12
-6.3189e-12
-6.36951e-12
-6.50411e-12
-6.69106e-12
-4.33509e-12
-4.37086e-12
-4.46306e-12
-4.59185e-12
-2.98141e-12
-3.00833e-12
-3.07366e-12
-3.16469e-12
-2.22641e-12
-2.2547e-12
-2.30638e-12
-2.37611e-12
)
;
    }
    procBoundary1to3
    {
        type            processor;
        value           nonuniform List<scalar> 
192
(
-3.65084e-09
-2.37271e-09
-7.03627e-09
-4.38583e-09
9.06532e-10
3.26962e-09
5.17399e-09
-4.61577e-10
-3.26319e-10
1.2392e-11
1.07951e-10
-1.40878e-09
-1.18895e-09
-1.21783e-09
-1.36183e-09
-1.82148e-09
-1.534e-09
-1.53736e-09
-1.63086e-09
-1.87695e-09
-1.50634e-09
-1.50013e-09
-1.55697e-09
-1.70062e-09
-1.28786e-09
-1.28883e-09
-1.31617e-09
-1.38859e-09
-1.01551e-09
-1.02024e-09
-1.03454e-09
-1.06621e-09
-7.71828e-10
-7.7695e-10
-7.82817e-10
-7.93069e-10
-5.76237e-10
-5.79991e-10
-5.81056e-10
-5.81258e-10
-4.26546e-10
-4.28723e-10
-4.27402e-10
-4.23598e-10
-3.14427e-10
-3.15408e-10
-3.1314e-10
-3.08258e-10
-2.31268e-10
-2.31501e-10
-2.29057e-10
-2.24376e-10
-1.69869e-10
-1.69696e-10
-1.67442e-10
-1.63429e-10
-1.24626e-10
-1.24272e-10
-1.22347e-10
-1.19095e-10
-9.13049e-11
-9.09002e-11
-8.93304e-11
-8.67817e-11
-6.67467e-11
-6.63613e-11
-6.51203e-11
-6.31657e-11
-4.86087e-11
-4.82745e-11
-4.73165e-11
-4.58427e-11
-3.51592e-11
-3.4886e-11
-3.4162e-11
-3.30683e-11
-2.5123e-11
-2.49094e-11
-2.43745e-11
-2.35782e-11
-1.75776e-11
-1.74173e-11
-1.70334e-11
-1.64688e-11
-1.18951e-11
-1.17799e-11
-1.15146e-11
-1.11291e-11
-7.7477e-12
-7.66798e-12
-7.49235e-12
-7.24113e-12
-5.22728e-12
-5.1686e-12
-5.04617e-12
-4.87566e-12
-1.6932e-09
6.8598e-09
5.65271e-08
3.98604e-08
-1.33011e-09
-5.25958e-10
6.86011e-09
2.15636e-08
-1.75157e-09
-1.41415e-09
7.83236e-10
3.44397e-09
-2.11144e-09
-2.23744e-09
-2.11771e-09
-1.94142e-09
-2.18679e-09
-2.51015e-09
-2.78408e-09
-2.95718e-09
-1.91536e-09
-2.15348e-09
-2.36275e-09
-2.49949e-09
-1.50221e-09
-1.6271e-09
-1.73326e-09
-1.80073e-09
-1.11548e-09
-1.16696e-09
-1.20722e-09
-1.23111e-09
-8.08776e-10
-8.2293e-10
-8.30759e-10
-8.34026e-10
-5.8184e-10
-5.79994e-10
-5.74792e-10
-5.70258e-10
-4.185e-10
-4.1121e-10
-4.02241e-10
-3.95775e-10
-3.01806e-10
-2.93672e-10
-2.8476e-10
-2.78651e-10
-2.18327e-10
-2.11075e-10
-2.03505e-10
-1.98447e-10
-1.58352e-10
-1.52444e-10
-1.46442e-10
-1.42496e-10
-1.15059e-10
-1.10458e-10
-1.05865e-10
-1.02879e-10
-8.36694e-11
-8.01753e-11
-7.67304e-11
-7.4509e-11
-6.08119e-11
-5.82005e-11
-5.56493e-11
-5.40144e-11
-4.40882e-11
-4.21599e-11
-4.02892e-11
-3.90961e-11
-3.17787e-11
-3.03719e-11
-2.90145e-11
-2.81519e-11
-2.26466e-11
-2.16363e-11
-2.06658e-11
-2.00504e-11
-1.58126e-11
-1.51046e-11
-1.44272e-11
-1.39977e-11
-1.06843e-11
-1.02069e-11
-9.75263e-12
-9.46374e-12
-6.95376e-12
-6.648e-12
-6.36102e-12
-6.17748e-12
-4.68368e-12
-4.48743e-12
-4.30517e-12
-4.17485e-12
)
;
    }
}


// ************************************************************************* //
