/*--------------------------------*- C++ -*----------------------------------*\
  =========                 |
  \\      /  F ield         | OpenFOAM: The Open Source CFD Toolbox
   \\    /   O peration     | Website:  https://openfoam.org
    \\  /    A nd           | Version:  6
     \\/     M anipulation  |
\*---------------------------------------------------------------------------*/
FoamFile
{
    version     2.0;
    format      ascii;
    class       volVectorField;
    location    "0.09";
    object      U;
}
// * * * * * * * * * * * * * * * * * * * * * * * * * * * * * * * * * * * * * //

dimensions      [0 1 -1 0 0 0 0];

internalField   nonuniform List<vector> 
1152
(
(0.000865182 0.00118578 0.00214134)
(0.00312509 0.00165901 0.0166135)
(-0.000352134 -0.00108537 0.00606922)
(-0.00113596 0.000186855 0.00509106)
(0.000870821 0.00100944 0.00896344)
(-0.000994074 0.000960366 0.016923)
(-0.00775358 -0.00262162 0.00461835)
(-0.0019465 0.00102317 0.00586765)
(0.001285 0.000149272 0.0160757)
(-0.00257177 -0.00074074 0.0171703)
(-0.00540003 -0.000642393 0.0104959)
(-0.0127355 -0.000123686 0.000854657)
(0.00280467 -0.000820476 0.0132197)
(-0.0055466 0.000131891 0.00402299)
(-0.00140377 -0.0016612 0.0145356)
(-0.00639635 -0.00013018 0.00730577)
(-0.00087626 0.00152623 0.0270326)
(0.00102096 0.0016617 0.0246617)
(0.0030307 0.0019311 0.024934)
(0.00255945 0.00171719 0.0245235)
(-0.0021541 0.00060893 0.0255519)
(0.000344873 0.00103688 0.0251292)
(0.00224771 0.000930031 0.0252533)
(0.00214694 0.00155037 0.0226486)
(-0.0023598 0.000609963 0.0257242)
(-8.49395e-06 0.00135866 0.0259805)
(0.00217547 0.000521441 0.0263991)
(0.00182882 0.000521133 0.0227783)
(-0.00130321 0.000613922 0.0265974)
(-0.000179477 0.00144671 0.0268874)
(0.00132858 0.000884413 0.0265965)
(0.00205636 -0.00026846 0.0254554)
(-0.000518402 -1.26455e-06 0.0171577)
(0.000105698 0.000228934 0.0174681)
(0.000778498 0.000734385 0.0166828)
(0.000700615 0.00135243 0.0161477)
(-0.000682647 -0.000180346 0.017554)
(0.000230337 5.33501e-06 0.0179657)
(0.00110161 0.00028595 0.0171264)
(0.00122025 0.000840019 0.0161937)
(-0.000635131 -0.000122751 0.0181011)
(0.000319797 8.13188e-05 0.0183686)
(0.00133826 2.48264e-05 0.0177674)
(0.00171197 0.000257085 0.0161382)
(-0.000340778 -2.76674e-05 0.0180322)
(0.000352227 0.000134746 0.0178368)
(0.00115033 3.27864e-05 0.0176692)
(0.00183918 -0.000221822 0.0163743)
(-9.92537e-05 -0.000502681 0.0174678)
(0.000116367 -0.000349441 0.0176327)
(0.000347857 -7.96371e-05 0.0175454)
(0.000476527 0.000280358 0.0176344)
(-5.39222e-05 -0.000510714 0.017862)
(0.000248531 -0.000404793 0.0179172)
(0.000569971 -0.000205912 0.0176596)
(0.000748445 0.000109319 0.0174298)
(1.73222e-05 -0.000437927 0.0182088)
(0.000344949 -0.000353504 0.0181261)
(0.000727029 -0.000262888 0.0177911)
(0.000991309 -7.17167e-05 0.017243)
(8.07943e-05 -0.000323052 0.0183087)
(0.000370927 -0.000286198 0.0180662)
(0.000720247 -0.000288251 0.0177594)
(0.00103164 -0.000311328 0.0171614)
(6.39164e-05 -0.000497795 0.017567)
(0.00010003 -0.000386748 0.0175983)
(0.000147738 -0.000220524 0.0175873)
(0.000208449 2.37334e-07 0.0176063)
(0.000120837 -0.000503231 0.0178211)
(0.000205906 -0.000406842 0.0177798)
(0.000299826 -0.000265953 0.0176693)
(0.000375577 -7.66902e-05 0.0175495)
(0.000171427 -0.000465288 0.0180268)
(0.000282237 -0.000392258 0.0179073)
(0.000405414 -0.000304701 0.0177225)
(0.000498387 -0.000187139 0.0174817)
(0.000197971 -0.000407524 0.0181492)
(0.000305584 -0.000378678 0.0179641)
(0.000421817 -0.000363661 0.0177461)
(0.000512803 -0.000364375 0.0174686)
(0.000108705 -0.000391178 0.0176087)
(8.5084e-05 -0.000321274 0.0176063)
(7.30952e-05 -0.000226308 0.0175987)
(8.49282e-05 -0.000111797 0.0175922)
(0.00015058 -0.000409305 0.0177732)
(0.000155617 -0.000342064 0.0177286)
(0.000164774 -0.000256507 0.0176669)
(0.000177872 -0.000157584 0.0175951)
(0.000186582 -0.000405225 0.0179064)
(0.000207782 -0.000354602 0.0178197)
(0.000228553 -0.000299245 0.0177142)
(0.000241521 -0.000239443 0.0175909)
(0.000204412 -0.000388924 0.018006)
(0.000226753 -0.000368844 0.0178876)
(0.000243974 -0.000358754 0.0177597)
(0.000250371 -0.000361803 0.0176213)
(0.000109436 -0.000290578 0.0176986)
(7.31542e-05 -0.000251157 0.0176808)
(4.4836e-05 -0.000201334 0.0176615)
(3.36276e-05 -0.000145281 0.0176337)
(0.000135927 -0.000313621 0.0178153)
(0.000115075 -0.000275388 0.017776)
(9.63753e-05 -0.000229375 0.0177311)
(8.39232e-05 -0.000180931 0.0176773)
(0.000158548 -0.000324718 0.017912)
(0.000146873 -0.00029685 0.0178517)
(0.000132843 -0.000266795 0.0177862)
(0.000118283 -0.000238376 0.0177125)
(0.000170302 -0.000327307 0.0179921)
(0.000160317 -0.000316985 0.0179169)
(0.000144383 -0.000311012 0.0178417)
(0.000125975 -0.000313417 0.0177637)
(9.41703e-05 -0.000212682 0.0177856)
(6.2072e-05 -0.000191621 0.0177617)
(3.41833e-05 -0.000166101 0.0177338)
(1.61587e-05 -0.000138686 0.0176935)
(0.000109519 -0.000234826 0.0178745)
(8.55084e-05 -0.000214905 0.0178411)
(6.23534e-05 -0.000191451 0.0178033)
(4.35442e-05 -0.000167777 0.0177559)
(0.000122135 -0.000249068 0.017949)
(0.000103285 -0.000235183 0.0179064)
(8.26923e-05 -0.000220119 0.0178606)
(6.30692e-05 -0.000206364 0.0178073)
(0.000128227 -0.000256135 0.018013)
(0.000111194 -0.000251865 0.0179644)
(9.05086e-05 -0.000249087 0.0179151)
(6.98137e-05 -0.000249866 0.0178618)
(7.48831e-05 -0.000155216 0.0178543)
(5.08253e-05 -0.000143881 0.0178297)
(2.84636e-05 -0.000130468 0.0177976)
(1.12258e-05 -0.000116337 0.0177511)
(8.34316e-05 -0.000174133 0.0179259)
(6.37872e-05 -0.000163892 0.0178979)
(4.40747e-05 -0.000151733 0.0178639)
(2.66805e-05 -0.000139424 0.0178188)
(9.00503e-05 -0.000187128 0.0179852)
(7.35675e-05 -0.000180427 0.0179539)
(5.56865e-05 -0.000172648 0.017918)
(3.85397e-05 -0.000165176 0.0178732)
(9.28111e-05 -0.000194137 0.0180359)
(7.80869e-05 -0.000192615 0.0180026)
(6.10317e-05 -0.000190985 0.0179662)
(4.42951e-05 -0.000190307 0.0179228)
(5.69435e-05 -0.000113306 0.0179056)
(4.01e-05 -0.000106921 0.0178824)
(2.35938e-05 -9.94198e-05 0.0178491)
(9.54929e-06 -9.14654e-05 0.0177998)
(6.17083e-05 -0.000128488 0.0179658)
(4.74504e-05 -0.000123011 0.0179423)
(3.26394e-05 -0.000116293 0.0179109)
(1.88079e-05 -0.000109232 0.0178668)
(6.51469e-05 -0.000139083 0.0180142)
(5.29836e-05 -0.000135716 0.0179901)
(3.96332e-05 -0.000131321 0.0179597)
(2.6522e-05 -0.00012663 0.0179186)
(6.62976e-05 -0.000144834 0.0180544)
(5.56789e-05 -0.0001443 0.0180299)
(4.34529e-05 -0.000143023 0.0180003)
(3.12995e-05 -0.000141556 0.0179611)
(4.22538e-05 -8.28117e-05 0.0179428)
(3.07475e-05 -7.89824e-05 0.0179216)
(1.89809e-05 -7.4451e-05 0.0178885)
(8.30579e-06 -6.95409e-05 0.0178382)
(4.49922e-05 -9.45675e-05 0.0179952)
(3.51207e-05 -9.14233e-05 0.0179751)
(2.45392e-05 -8.73829e-05 0.0179456)
(1.42158e-05 -8.29115e-05 0.0179024)
(4.68448e-05 -0.000102789 0.0180356)
(3.84396e-05 -0.000100927 0.0180162)
(2.90331e-05 -9.81548e-05 0.017989)
(1.95243e-05 -9.48675e-05 0.0179499)
(4.73261e-05 -0.000107208 0.0180675)
(4.01933e-05 -0.000106946 0.0180485)
(3.18818e-05 -0.000105809 0.0180226)
(2.33962e-05 -0.000104105 0.0179857)
(3.09656e-05 -6.05979e-05 0.0179696)
(2.31322e-05 -5.81518e-05 0.0179503)
(1.48442e-05 -5.52105e-05 0.0179178)
(6.98917e-06 -5.19385e-05 0.0178673)
(3.26196e-05 -6.95095e-05 0.0180163)
(2.58855e-05 -6.75537e-05 0.0179989)
(1.84622e-05 -6.49211e-05 0.0179709)
(1.09667e-05 -6.18666e-05 0.0179283)
(3.36934e-05 -7.57337e-05 0.0180507)
(2.80182e-05 -7.45746e-05 0.0180345)
(2.15208e-05 -7.26601e-05 0.0180096)
(1.47602e-05 -7.02174e-05 0.0179717)
(3.3932e-05 -7.90419e-05 0.0180764)
(2.92626e-05 -7.88221e-05 0.0180609)
(2.36989e-05 -7.78068e-05 0.0180374)
(1.7833e-05 -7.61829e-05 0.0180018)
(2.2561e-05 -4.43778e-05 0.0179888)
(1.71977e-05 -4.27309e-05 0.017971)
(1.13688e-05 -4.07136e-05 0.0179394)
(5.67455e-06 -3.8416e-05 0.017889)
(2.36176e-05 -5.10471e-05 0.0180315)
(1.90242e-05 -4.97419e-05 0.0180159)
(1.38359e-05 -4.79201e-05 0.0179892)
(8.45385e-06 -4.57328e-05 0.0179472)
(2.42977e-05 -5.56972e-05 0.0180615)
(2.048e-05 -5.48988e-05 0.0180474)
(1.60049e-05 -5.35005e-05 0.018024)
(1.1223e-05 -5.1644e-05 0.0179869)
(2.4459e-05 -5.81474e-05 0.0180825)
(2.1415e-05 -5.7923e-05 0.0180692)
(1.76844e-05 -5.70458e-05 0.0180474)
(1.36189e-05 -5.56406e-05 0.0180127)
(1.63956e-05 -3.25084e-05 0.0180027)
(1.26919e-05 -3.13557e-05 0.0179861)
(8.58176e-06 -2.99204e-05 0.0179551)
(4.48015e-06 -2.82564e-05 0.017905)
(1.71059e-05 -3.74599e-05 0.0180423)
(1.39542e-05 -3.6543e-05 0.0180282)
(1.03197e-05 -3.5233e-05 0.0180023)
(6.46877e-06 -3.36269e-05 0.0179608)
(1.75722e-05 -4.09081e-05 0.018069)
(1.49915e-05 -4.0321e-05 0.0180565)
(1.18967e-05 -3.92713e-05 0.0180341)
(8.51132e-06 -3.78538e-05 0.0179978)
(1.77092e-05 -4.27149e-05 0.0180865)
(1.5713e-05 -4.24918e-05 0.0180749)
(1.31901e-05 -4.17603e-05 0.0180541)
(1.03528e-05 -4.06091e-05 0.0180202)
(1.19013e-05 -2.38077e-05 0.0180126)
(9.32163e-06 -2.29801e-05 0.0179969)
(6.41233e-06 -2.19364e-05 0.0179665)
(3.4648e-06 -2.07119e-05 0.0179167)
(1.23979e-05 -2.74649e-05 0.0180501)
(1.0219e-05 -2.67996e-05 0.018037)
(7.66206e-06 -2.58374e-05 0.0180118)
(4.90723e-06 -2.46447e-05 0.0179707)
(1.27357e-05 -3.00099e-05 0.0180744)
(1.09775e-05 -2.9564e-05 0.0180629)
(8.82379e-06 -2.87681e-05 0.0180413)
(6.41979e-06 -2.76889e-05 0.0180055)
(1.28603e-05 -3.13397e-05 0.0180893)
(1.1538e-05 -3.11321e-05 0.0180787)
(9.81405e-06 -3.05398e-05 0.0180588)
(7.81934e-06 -2.9628e-05 0.0180255)
(8.63145e-06 -1.74203e-05 0.0180198)
(6.82161e-06 -1.68171e-05 0.0180048)
(4.75487e-06 -1.60498e-05 0.0179748)
(2.63809e-06 -1.51426e-05 0.0179252)
(8.98793e-06 -2.01111e-05 0.0180557)
(7.47058e-06 -1.96199e-05 0.0180433)
(5.66389e-06 -1.89063e-05 0.0180187)
(3.69148e-06 -1.80175e-05 0.0179779)
(9.24031e-06 -2.19833e-05 0.0180782)
(8.0324e-06 -2.16407e-05 0.0180675)
(6.52426e-06 -2.10367e-05 0.0180465)
(4.81179e-06 -2.022e-05 0.0180111)
(9.3519e-06 -2.29605e-05 0.0180912)
(8.46648e-06 -2.27782e-05 0.0180814)
(7.27699e-06 -2.23096e-05 0.0180621)
(5.86576e-06 -2.16035e-05 0.0180293)
(6.25117e-06 -1.27229e-05 0.018025)
(4.97467e-06 -1.22802e-05 0.0180105)
(3.50285e-06 -1.17138e-05 0.0179808)
(1.98343e-06 -1.10413e-05 0.0179314)
(6.51086e-06 -1.46954e-05 0.0180597)
(5.44808e-06 -1.43302e-05 0.0180478)
(4.16728e-06 -1.37998e-05 0.0180236)
(2.75428e-06 -1.31385e-05 0.0179831)
(6.70175e-06 -1.60681e-05 0.0180809)
(5.866e-06 -1.58051e-05 0.0180708)
(4.80463e-06 -1.53487e-05 0.0180502)
(3.58213e-06 -1.47349e-05 0.0180151)
(6.79809e-06 -1.67845e-05 0.0180925)
(6.1995e-06 -1.66316e-05 0.0180833)
(5.37224e-06 -1.62678e-05 0.0180645)
(4.36948e-06 -1.573e-05 0.0180319)
(4.51426e-06 -9.25901e-06 0.0180288)
(3.61156e-06 -8.93376e-06 0.0180146)
(2.56296e-06 -8.51638e-06 0.0179852)
(1.47417e-06 -8.0197e-06 0.0179359)
(4.70447e-06 -1.06983e-05 0.0180626)
(3.95757e-06 -1.04269e-05 0.0180511)
(3.04847e-06 -1.00337e-05 0.0180272)
(2.0372e-06 -9.5441e-06 0.0179869)
(4.84886e-06 -1.17003e-05 0.0180828)
(4.26782e-06 -1.14998e-05 0.0180731)
(3.51888e-06 -1.11575e-05 0.0180529)
(2.64603e-06 -1.07002e-05 0.018018)
(4.92889e-06 -1.22233e-05 0.0180934)
(4.52133e-06 -1.20996e-05 0.0180846)
(3.94305e-06 -1.18219e-05 0.0180661)
(3.22935e-06 -1.14179e-05 0.0180339)
(3.24149e-06 -6.69352e-06 0.0180315)
(2.60396e-06 -6.45578e-06 0.0180176)
(1.85913e-06 -6.15026e-06 0.0179884)
(1.08243e-06 -5.78636e-06 0.0179392)
(3.38045e-06 -7.73591e-06 0.0180647)
(2.85577e-06 -7.53556e-06 0.0180535)
(2.21197e-06 -7.24646e-06 0.0180298)
(1.49111e-06 -6.88721e-06 0.0179896)
(3.48877e-06 -8.46212e-06 0.0180842)
(3.08436e-06 -8.31111e-06 0.0180748)
(2.55644e-06 -8.0573e-06 0.0180548)
(1.93526e-06 -7.7203e-06 0.0180201)
(3.5529e-06 -8.84122e-06 0.018094)
(3.27443e-06 -8.7442e-06 0.0180855)
(2.86983e-06 -8.53578e-06 0.0180673)
(2.36297e-06 -8.23664e-06 0.0180353)
(2.30391e-06 -4.78081e-06 0.0180334)
(1.85694e-06 -4.60905e-06 0.0180197)
(1.33239e-06 -4.38827e-06 0.0179906)
(7.83601e-07 -4.1253e-06 0.0179415)
(2.40438e-06 -5.52625e-06 0.0180662)
(2.03813e-06 -5.38034e-06 0.0180552)
(1.58579e-06 -5.17071e-06 0.0180316)
(1.07666e-06 -4.91087e-06 0.0179915)
(2.48438e-06 -6.04595e-06 0.0180852)
(2.20422e-06 -5.93431e-06 0.018076)
(1.83462e-06 -5.74914e-06 0.0180561)
(1.39633e-06 -5.50475e-06 0.0180216)
(2.53405e-06 -6.31739e-06 0.0180944)
(2.3441e-06 -6.24358e-06 0.0180862)
(2.06245e-06 -6.09031e-06 0.0180681)
(1.70529e-06 -5.87273e-06 0.0180362)
(1.61188e-06 -3.34382e-06 0.0180348)
(1.30355e-06 -3.22209e-06 0.0180212)
(9.40296e-07 -3.06585e-06 0.0179922)
(5.59147e-07 -2.88003e-06 0.0179432)
(1.68321e-06 -3.8655e-06 0.0180672)
(1.43136e-06 -3.76147e-06 0.0180563)
(1.11857e-06 -3.61279e-06 0.0180329)
(7.64934e-07 -3.4291e-06 0.0179929)
(1.74099e-06 -4.22947e-06 0.0180858)
(1.54939e-06 -4.14899e-06 0.0180768)
(1.29439e-06 -4.01715e-06 0.0180571)
(9.90012e-07 -3.84414e-06 0.0180226)
(1.77813e-06 -4.41982e-06 0.0180947)
(1.64971e-06 -4.36551e-06 0.0180866)
(1.4561e-06 -4.25581e-06 0.0180687)
(1.20812e-06 -4.10158e-06 0.0180369)
(1.10874e-06 -2.26221e-06 0.0180357)
(9.01365e-07 -2.17787e-06 0.0180222)
(6.55825e-07 -2.07016e-06 0.0179933)
(3.97198e-07 -1.94253e-06 0.0179443)
(1.15839e-06 -2.61515e-06 0.0180679)
(9.89236e-07 -2.54279e-06 0.0180571)
(7.77837e-07 -2.44028e-06 0.0180338)
(5.37794e-07 -2.31433e-06 0.0179938)
(1.19917e-06 -2.86156e-06 0.0180863)
(1.07078e-06 -2.8052e-06 0.0180774)
(8.98437e-07 -2.71424e-06 0.0180577)
(6.91449e-07 -2.59579e-06 0.0180233)
(1.22612e-06 -2.99072e-06 0.018095)
(1.14048e-06 -2.95218e-06 0.0180869)
(1.00958e-06 -2.87641e-06 0.0180691)
(8.40476e-07 -2.77098e-06 0.0180374)
(7.68285e-07 -1.4733e-06 0.0180363)
(6.32427e-07 -1.41568e-06 0.0180229)
(4.70392e-07 -1.34381e-06 0.017994)
(2.98509e-07 -1.2606e-06 0.0179451)
(8.02672e-07 -1.70308e-06 0.0180684)
(6.91299e-07 -1.65353e-06 0.0180577)
(5.50744e-07 -1.58499e-06 0.0180344)
(3.90132e-07 -1.50235e-06 0.0179945)
(8.31303e-07 -1.86349e-06 0.0180866)
(7.46278e-07 -1.82477e-06 0.0180777)
(6.30734e-07 -1.76401e-06 0.0180582)
(4.90855e-07 -1.68623e-06 0.0180238)
(8.50676e-07 -1.94775e-06 0.0180951)
(7.93383e-07 -1.92116e-06 0.0180871)
(7.04657e-07 -1.87078e-06 0.0180694)
(5.89041e-07 -1.80182e-06 0.0180377)
(5.80156e-07 -9.95635e-07 0.0180368)
(4.81423e-07 -9.49831e-07 0.0180234)
(3.61381e-07 -8.91784e-07 0.0179946)
(2.32582e-07 -8.24117e-07 0.0179457)
(6.074e-07 -1.1496e-06 0.0180688)
(5.27258e-07 -1.11119e-06 0.0180581)
(4.2423e-07 -1.05866e-06 0.0180348)
(3.05955e-07 -9.95181e-07 0.017995)
(6.29944e-07 -1.25747e-06 0.0180869)
(5.68597e-07 -1.22811e-06 0.018078)
(4.83935e-07 -1.18354e-06 0.0180585)
(3.81216e-07 -1.12705e-06 0.0180242)
(6.45325e-07 -1.31412e-06 0.0180952)
(6.03198e-07 -1.29434e-06 0.0180873)
(5.37345e-07 -1.25864e-06 0.0180696)
(4.51537e-07 -1.21084e-06 0.018038)
(0.0277127 0.00598022 -0.00307166)
(0.00662495 0.0044739 0.00339842)
(0.00173432 5.10265e-05 0.0163179)
(-0.00346723 0.000187348 0.00224982)
(0.000838268 0.00212957 0.013735)
(-1.86738e-05 0.010544 0.0108638)
(0.00106249 0.00811556 0.00563245)
(-0.00266456 0.0036449 0.00499468)
(-0.000343787 -0.000413042 0.0166096)
(-0.00241783 0.0037887 0.0178302)
(-0.00309 0.00111746 0.0154244)
(-0.00106581 0.00137604 0.00845463)
(0.00320401 -8.5646e-05 0.0104918)
(-0.00148362 0.000803007 0.0171141)
(-0.00307024 -0.000891984 0.00643419)
(-0.000507338 -0.000532843 0.00575765)
(0.0011315 -0.000809455 0.019747)
(0.000461559 -9.67099e-05 0.0289248)
(0.00208581 0.00172733 0.0259645)
(0.00241936 0.00108866 0.0350095)
(-0.00168513 -0.00188432 0.0209508)
(0.000855215 0.000355983 0.024989)
(0.00253417 0.00230605 0.0266269)
(0.00269946 0.00082322 0.033116)
(-0.00215063 -0.000118318 0.0220889)
(0.000150777 0.000748214 0.023863)
(0.00226877 0.00225058 0.0260934)
(0.00266268 0.00177242 0.0298733)
(-0.00115717 0.00154348 0.0237828)
(0.000458419 0.00177598 0.0238901)
(0.00221208 0.0026927 0.0257954)
(0.00246044 0.00226657 0.0272321)
(-0.00118266 -0.000487605 0.013351)
(-0.00119489 -0.000209609 0.0154692)
(-0.000598545 8.52898e-05 0.0169407)
(0.000327005 0.000773998 0.0173225)
(-0.00127561 -0.000877312 0.015161)
(-0.000809336 -7.79895e-05 0.0161876)
(-0.000387603 0.000527085 0.0169008)
(0.000191964 0.00120863 0.0175251)
(-0.00115847 -0.00049502 0.0162975)
(-0.000603812 -1.80574e-05 0.0170803)
(-9.28362e-05 0.000696096 0.0172514)
(0.000336294 0.0014323 0.017273)
(-0.000784954 -3.85947e-05 0.0166582)
(-0.000282479 0.000279862 0.0172452)
(0.000202098 0.000896935 0.0168128)
(0.00046878 0.00155438 0.0166788)
(-0.0004525 -0.00026935 0.0154493)
(-0.000660501 -0.000231568 0.016438)
(-0.000431837 -0.00017836 0.0176347)
(0.000145773 0.00020992 0.018742)
(-0.00042286 -0.000544371 0.0160951)
(-0.000484951 -0.000285838 0.0167571)
(-0.000307997 -4.29233e-05 0.017637)
(0.000141576 0.000359783 0.0185752)
(-0.000351564 -0.000528049 0.0166827)
(-0.000300784 -0.000284817 0.0171874)
(-0.000127738 6.23443e-05 0.0177037)
(0.000183247 0.000467828 0.0183139)
(-0.000220356 -0.00048495 0.0170691)
(-9.19957e-05 -0.000271768 0.0174068)
(8.11082e-05 6.33327e-05 0.0175845)
(0.000282839 0.000443291 0.0179751)
(-9.64441e-05 -0.000135281 0.0162598)
(-0.000364203 -0.000165145 0.0166695)
(-0.000367379 -0.000187641 0.0172376)
(-6.13866e-05 4.46594e-06 0.0177077)
(-8.90412e-05 -0.000322807 0.0166242)
(-0.000271235 -0.000246841 0.0169401)
(-0.000276652 -0.00014067 0.017386)
(-4.30671e-05 8.22231e-05 0.0177657)
(-5.98141e-05 -0.000403358 0.0169729)
(-0.000156102 -0.000290684 0.0171999)
(-0.000151999 -0.000116867 0.0174785)
(6.75119e-06 0.000111949 0.0177328)
(-2.57255e-06 -0.000456621 0.0172712)
(-2.7324e-05 -0.000332169 0.0173954)
(-1.28439e-05 -0.00014729 0.0175112)
(8.29499e-05 8.15806e-05 0.0176581)
(1.02924e-05 -7.42623e-05 0.0167261)
(-0.000189821 -0.000104212 0.0169063)
(-0.000235777 -0.000136999 0.0171964)
(-0.000101464 -6.96212e-05 0.017428)
(1.46386e-05 -0.000201073 0.0169704)
(-0.000137913 -0.000177664 0.0171162)
(-0.000179986 -0.000137318 0.0173405)
(-7.86489e-05 -4.44045e-05 0.0175159)
(3.29834e-05 -0.000285691 0.0172023)
(-6.99994e-05 -0.000230785 0.0173022)
(-0.000105534 -0.000147488 0.0174419)
(-4.18991e-05 -4.15078e-05 0.0175553)
(6.72608e-05 -0.000348326 0.0174111)
(7.93836e-06 -0.000278741 0.0174557)
(-2.05521e-05 -0.00018011 0.0175125)
(8.52195e-06 -6.53858e-05 0.0175677)
(4.13906e-05 -4.43664e-05 0.0170345)
(-9.14176e-05 -6.3312e-05 0.0171058)
(-0.000139908 -9.14006e-05 0.0172355)
(-9.29651e-05 -7.9238e-05 0.0173339)
(4.70671e-05 -0.000131038 0.0172274)
(-5.99558e-05 -0.00012207 0.0172832)
(-0.000104307 -0.000109436 0.0173783)
(-7.21664e-05 -7.79926e-05 0.0174439)
(6.1198e-05 -0.000198932 0.0174024)
(-1.90908e-05 -0.000170594 0.0174348)
(-5.94719e-05 -0.000132138 0.0174874)
(-4.49955e-05 -8.77927e-05 0.0175203)
(8.37259e-05 -0.000252532 0.017558)
(2.79668e-05 -0.000214568 0.0175626)
(-8.46963e-06 -0.0001644 0.0175732)
(-1.10134e-05 -0.000109163 0.0175737)
(4.82929e-05 -2.7651e-05 0.0172357)
(-3.72254e-05 -3.77836e-05 0.0172566)
(-7.84537e-05 -5.86719e-05 0.0173044)
(-7.13354e-05 -6.7676e-05 0.0173385)
(5.37322e-05 -8.77954e-05 0.0174056)
(-1.7306e-05 -8.33049e-05 0.0174175)
(-5.49835e-05 -8.14821e-05 0.0174454)
(-5.39921e-05 -7.63806e-05 0.0174569)
(6.40964e-05 -0.000138793 0.0175518)
(7.68941e-06 -0.000123615 0.0175514)
(-2.70201e-05 -0.000106362 0.0175574)
(-3.37409e-05 -9.03773e-05 0.0175484)
(7.86789e-05 -0.000181031 0.0176771)
(3.59878e-05 -0.00016056 0.0176631)
(3.93596e-06 -0.000135166 0.0176482)
(-1.00936e-05 -0.000108953 0.0176195)
(4.48431e-05 -1.7778e-05 0.0173675)
(-1.02387e-05 -2.26279e-05 0.0173656)
(-4.26181e-05 -3.73451e-05 0.0173736)
(-5.00099e-05 -5.12716e-05 0.0173764)
(4.9224e-05 -6.0075e-05 0.0175261)
(2.80319e-06 -5.72199e-05 0.0175179)
(-2.65588e-05 -5.89352e-05 0.017513)
(-3.62262e-05 -6.27368e-05 0.0174984)
(5.6419e-05 -9.76568e-05 0.0176569)
(1.84462e-05 -8.91001e-05 0.0176422)
(-8.46616e-06 -8.14432e-05 0.0176251)
(-2.12119e-05 -7.6788e-05 0.0175962)
(6.56913e-05 -0.000129905 0.0177647)
(3.56717e-05 -0.000118576 0.0177437)
(1.08936e-05 -0.000105382 0.0177162)
(-4.63961e-06 -9.23488e-05 0.0176739)
(3.74455e-05 -1.17961e-05 0.0174559)
(1.45944e-06 -1.38874e-05 0.017444)
(-2.29695e-05 -2.40699e-05 0.0174332)
(-3.41232e-05 -3.72135e-05 0.0174205)
(4.07077e-05 -4.18824e-05 0.0176082)
(1.02326e-05 -3.98278e-05 0.0175917)
(-1.171e-05 -4.22592e-05 0.0175712)
(-2.34833e-05 -4.81268e-05 0.0175434)
(4.55738e-05 -6.94035e-05 0.0177304)
(2.03006e-05 -6.42801e-05 0.0177102)
(4.00362e-07 -6.08158e-05 0.0176824)
(-1.23651e-05 -6.03041e-05 0.0176433)
(5.14599e-05 -9.36309e-05 0.0178278)
(3.10632e-05 -8.70424e-05 0.017805)
(1.29504e-05 -7.9783e-05 0.017772)
(-5.37407e-07 -7.27613e-05 0.0177231)
(2.95069e-05 -8.05219e-06 0.0175162)
(5.51482e-06 -8.82547e-06 0.0175004)
(-1.25254e-05 -1.58582e-05 0.0174807)
(-2.31942e-05 -2.65854e-05 0.01746)
(3.18537e-05 -2.96504e-05 0.0176649)
(1.15456e-05 -2.81123e-05 0.0176453)
(-4.50874e-06 -3.03057e-05 0.0176176)
(-1.51457e-05 -3.5788e-05 0.0175831)
(3.51267e-05 -4.97806e-05 0.017782)
(1.82117e-05 -4.65324e-05 0.0177602)
(3.82232e-06 -4.48739e-05 0.0177275)
(-6.93634e-06 -4.56256e-05 0.0176834)
(3.89083e-05 -6.78192e-05 0.0178727)
(2.51517e-05 -6.37628e-05 0.0178503)
(1.22307e-05 -5.94667e-05 0.0178152)
(1.59128e-06 -5.53112e-05 0.0177633)
(2.25006e-05 -5.62338e-06 0.0175581)
(6.17424e-06 -5.81249e-06 0.0175411)
(-7.0039e-06 -1.06965e-05 0.0175173)
(-1.58655e-05 -1.89241e-05 0.0174922)
(2.41658e-05 -2.12361e-05 0.0177046)
(1.03873e-05 -2.00787e-05 0.0176842)
(-1.2459e-06 -2.18101e-05 0.0176531)
(-9.85966e-06 -2.62463e-05 0.017615)
(2.63795e-05 -3.59671e-05 0.0178183)
(1.49111e-05 -3.3809e-05 0.0177966)
(4.59619e-06 -3.29395e-05 0.0177618)
(-3.82146e-06 -3.38978e-05 0.0177151)
(2.88572e-05 -4.93257e-05 0.0179047)
(1.95248e-05 -4.66937e-05 0.0178834)
(1.03795e-05 -4.39658e-05 0.0178477)
(2.35918e-06 -4.12831e-05 0.0177944)
(1.68344e-05 -3.99319e-06 0.0175876)
(5.52935e-06 -3.94676e-06 0.0175705)
(-4.04554e-06 -7.36332e-06 0.0175447)
(-1.09574e-05 -1.3488e-05 0.0175172)
(1.80124e-05 -1.53334e-05 0.0177327)
(8.50772e-06 -1.44646e-05 0.0177124)
(1.10796e-07 -1.57551e-05 0.0176798)
(-6.51557e-06 -1.91319e-05 0.0176397)
(1.95253e-05 -2.61192e-05 0.0178443)
(1.16387e-05 -2.46334e-05 0.017823)
(4.2606e-06 -2.41228e-05 0.0177874)
(-2.08819e-06 -2.49535e-05 0.0177392)
(2.11846e-05 -3.59778e-05 0.0179276)
(1.47863e-05 -3.41958e-05 0.0179074)
(8.3157e-06 -3.23619e-05 0.0178717)
(2.40418e-06 -3.05137e-05 0.0178179)
(1.24524e-05 -2.86784e-06 0.0176086)
(4.5192e-06 -2.74302e-06 0.0175918)
(-2.41936e-06 -5.14928e-06 0.0175651)
(-7.63972e-06 -9.63983e-06 0.017536)
(1.32872e-05 -1.11291e-05 0.0177528)
(6.64265e-06 -1.0479e-05 0.0177329)
(5.89309e-07 -1.14142e-05 0.0176996)
(-4.37365e-06 -1.39095e-05 0.0176582)
(1.43335e-05 -1.9028e-05 0.0178628)
(8.84186e-06 -1.79785e-05 0.0178422)
(3.56178e-06 -1.76441e-05 0.0178063)
(-1.13505e-06 -1.82796e-05 0.0177573)
(1.54675e-05 -2.62858e-05 0.0179441)
(1.10327e-05 -2.50408e-05 0.0179248)
(6.44298e-06 -2.37569e-05 0.0178894)
(2.13491e-06 -2.24301e-05 0.0178353)
(9.14532e-06 -2.07441e-06 0.0176237)
(3.5249e-06 -1.93802e-06 0.0176073)
(-1.49649e-06 -3.64224e-06 0.0175801)
(-5.3701e-06 -6.90882e-06 0.0175501)
(9.73897e-06 -8.10182e-06 0.0177672)
(5.0476e-06 -7.61655e-06 0.0177477)
(6.84652e-07 -8.28465e-06 0.0177142)
(-2.97792e-06 -1.0101e-05 0.017672)
(1.04703e-05 -1.38849e-05 0.0178762)
(6.60858e-06 -1.31307e-05 0.0178562)
(2.82492e-06 -1.28932e-05 0.0178202)
(-6.13272e-07 -1.33528e-05 0.0177707)
(1.12588e-05 -1.92173e-05 0.017956)
(8.15572e-06 -1.83286e-05 0.0179374)
(4.88978e-06 -1.74065e-05 0.0179023)
(1.76814e-06 -1.64323e-05 0.0178481)
(6.68355e-06 -1.50643e-06 0.0176346)
(2.67616e-06 -1.38411e-06 0.0176185)
(-9.54449e-07 -2.59627e-06 0.0175911)
(-3.79899e-06 -4.96238e-06 0.0175605)
(7.10702e-06 -5.90515e-06 0.0177776)
(3.77194e-06 -5.54397e-06 0.0177585)
(6.27431e-07 -6.01785e-06 0.0177248)
(-2.0521e-06 -7.32963e-06 0.0176822)
(7.62264e-06 -1.01353e-05 0.0178859)
(4.88757e-06 -9.58766e-06 0.0178663)
(2.17288e-06 -9.41085e-06 0.0178304)
(-3.28567e-07 -9.73404e-06 0.0177806)
(8.17807e-06 -1.40453e-05 0.0179646)
(5.99071e-06 -1.34025e-05 0.0179465)
(3.66028e-06 -1.27305e-05 0.0179117)
(1.4052e-06 -1.2008e-05 0.0178576)
(4.86436e-06 -1.09535e-06 0.0176425)
(1.99683e-06 -9.94636e-07 0.0176266)
(-6.24912e-07 -1.85909e-06 0.0175991)
(-2.69933e-06 -3.56804e-06 0.0175681)
(5.16702e-06 -4.30189e-06 0.0177852)
(2.78649e-06 -4.03406e-06 0.0177664)
(5.21435e-07 -4.36901e-06 0.0177326)
(-1.42744e-06 -5.31213e-06 0.0176896)
(5.53267e-06 -7.39037e-06 0.0178928)
(3.58679e-06 -6.99067e-06 0.0178737)
(1.63824e-06 -6.85637e-06 0.0178378)
(-1.73978e-07 -7.08041e-06 0.0177878)
(5.9273e-06 -1.025e-05 0.0179708)
(4.37769e-06 -9.78194e-06 0.0179532)
(2.71203e-06 -9.28911e-06 0.0179185)
(1.08654e-06 -8.752e-06 0.0178644)
(3.52389e-06 -7.9518e-07 0.0176482)
(1.47073e-06 -7.16109e-07 0.0176325)
(-4.17627e-07 -1.33286e-06 0.017605)
(-1.92128e-06 -2.56312e-06 0.0175736)
(3.74014e-06 -3.12553e-06 0.0177906)
(2.03917e-06 -2.92799e-06 0.0177721)
(4.10929e-07 -3.16416e-06 0.0177383)
(-9.98957e-07 -3.83966e-06 0.017695)
(4.00007e-06 -5.37242e-06 0.0178979)
(2.61354e-06 -5.08063e-06 0.017879)
(1.21668e-06 -4.97833e-06 0.0178432)
(-9.05952e-08 -5.13247e-06 0.017793)
(4.28157e-06 -7.45544e-06 0.0179752)
(3.18144e-06 -7.11413e-06 0.017958)
(1.99127e-06 -6.75263e-06 0.0179235)
(8.23005e-07 -6.35458e-06 0.0178694)
(2.53555e-06 -5.7417e-07 0.0176523)
(1.07032e-06 -5.13997e-07 0.0176368)
(-2.82512e-07 -9.52594e-07 0.0176092)
(-1.36425e-06 -1.83322e-06 0.0175777)
(2.68949e-06 -2.25722e-06 0.0177946)
(1.47765e-06 -2.11269e-06 0.0177762)
(3.12979e-07 -2.27849e-06 0.0177424)
(-6.99804e-07 -2.75961e-06 0.017699)
(2.8739e-06 -3.88102e-06 0.0179016)
(1.88838e-06 -3.66899e-06 0.0178828)
(8.91389e-07 -3.59166e-06 0.017847)
(-4.56761e-08 -3.6971e-06 0.0177969)
(3.07445e-06 -5.38776e-06 0.0179785)
(2.2949e-06 -5.13994e-06 0.0179614)
(1.44756e-06 -4.87619e-06 0.0179271)
(6.12443e-07 -4.58354e-06 0.017873)
(1.80477e-06 -4.09898e-07 0.0176552)
(7.68648e-07 -3.65084e-07 0.0176398)
(-1.90472e-07 -6.73979e-07 0.0176122)
(-9.59602e-07 -1.29745e-06 0.0175806)
(1.91341e-06 -1.61141e-06 0.0177974)
(1.05768e-06 -1.50685e-06 0.0177791)
(2.32971e-07 -1.62204e-06 0.0177453)
(-4.86347e-07 -1.96103e-06 0.0177018)
(2.04322e-06 -2.77085e-06 0.0179042)
(1.34865e-06 -2.61833e-06 0.0178856)
(6.43912e-07 -2.5607e-06 0.0178498)
(-2.05338e-08 -2.63213e-06 0.0177996)
(2.18498e-06 -3.84736e-06 0.0179808)
(1.63696e-06 -3.66929e-06 0.0179639)
(1.03918e-06 -3.47908e-06 0.0179296)
(4.48256e-07 -3.26687e-06 0.0178756)
(1.26441e-06 -2.86486e-07 0.0176573)
(5.44805e-07 -2.5324e-07 0.017642)
(-1.22726e-07 -4.66135e-07 0.0176144)
(-6.59525e-07 -8.98694e-07 0.0175826)
(1.33993e-06 -1.1271e-06 0.0177994)
(7.4634e-07 -1.05236e-06 0.0177812)
(1.72925e-07 -1.13039e-06 0.0177474)
(-3.28684e-07 -1.3645e-06 0.0177038)
(1.42992e-06 -1.93779e-06 0.017906)
(9.48919e-07 -1.82974e-06 0.0178875)
(4.59616e-07 -1.78743e-06 0.0178518)
(-3.13746e-09 -1.83489e-06 0.0178015)
(1.52857e-06 -2.69074e-06 0.0179824)
(1.1498e-06 -2.565e-06 0.0179656)
(7.35385e-07 -2.43042e-06 0.0179314)
(3.24481e-07 -2.27996e-06 0.0178775)
(8.71469e-07 -1.93068e-07 0.0176587)
(3.85282e-07 -1.67251e-07 0.0176435)
(-6.72598e-08 -3.07966e-07 0.0176158)
(-4.32216e-07 -5.97514e-07 0.017584)
(9.23021e-07 -7.62846e-07 0.0178007)
(5.22408e-07 -7.09274e-07 0.0177826)
(1.33832e-07 -7.58978e-07 0.0177488)
(-2.07376e-07 -9.14446e-07 0.0177052)
(9.84211e-07 -1.31107e-06 0.0179073)
(6.60024e-07 -1.23547e-06 0.0178888)
(3.28857e-07 -1.2043e-06 0.0178531)
(1.43416e-08 -1.23399e-06 0.0178028)
(1.0515e-06 -1.82038e-06 0.0179835)
(7.96536e-07 -1.73334e-06 0.0179668)
(5.16347e-07 -1.64025e-06 0.0179327)
(2.37252e-07 -1.53641e-06 0.0178787)
(6.07763e-07 -1.24626e-07 0.0176597)
(2.89715e-07 -1.01135e-07 0.0176445)
(-8.55817e-09 -1.86969e-07 0.0176168)
(-2.53951e-07 -3.73132e-07 0.0175849)
(6.42403e-07 -4.98247e-07 0.0178016)
(3.80856e-07 -4.57863e-07 0.0177835)
(1.25365e-07 -4.85458e-07 0.0177497)
(-1.03608e-07 -5.8507e-07 0.0177061)
(6.8359e-07 -8.53898e-07 0.0179081)
(4.72116e-07 -7.99937e-07 0.0178897)
(2.54516e-07 -7.75635e-07 0.017854)
(4.33189e-08 -7.94384e-07 0.0178037)
(7.29183e-07 -1.18532e-06 0.0179843)
(5.62889e-07 -1.12509e-06 0.0179676)
(3.78833e-07 -1.06162e-06 0.0179335)
(1.91259e-07 -9.94092e-07 0.0178795)
(4.58754e-07 -7.38548e-08 0.0176604)
(2.29942e-07 -5.14689e-08 0.0176452)
(1.5251e-08 -1.073e-07 0.0176176)
(-1.51908e-07 -2.27264e-07 0.0175857)
(4.8432e-07 -3.26026e-07 0.0178023)
(2.92499e-07 -2.9235e-07 0.0177843)
(1.04769e-07 -3.08361e-07 0.0177505)
(-5.34833e-08 -3.69576e-07 0.0177068)
(5.15191e-07 -5.77146e-07 0.0179087)
(3.59628e-07 -5.34644e-07 0.0178904)
(1.98995e-07 -5.12796e-07 0.0178547)
(5.12164e-08 -5.15689e-07 0.0178044)
(5.49111e-07 -8.03517e-07 0.0179848)
(4.26537e-07 -7.56459e-07 0.0179682)
(2.9002e-07 -7.05764e-07 0.0179342)
(1.55102e-07 -6.49961e-07 0.0178802)
(0.0034164 -0.00334297 0.00332998)
(0.000770895 -0.00017705 0.00816691)
(0.000477847 0.000952688 0.00485209)
(0.000816438 -0.000856718 0.00244797)
(-0.00133179 0.00383702 0.00975309)
(0.00292391 -0.00686937 -0.0013265)
(0.00267798 0.00115725 0.0124317)
(0.00277851 0.00216806 0.0170059)
(-0.00272611 0.000429051 0.00918034)
(-0.00111531 -0.000102523 0.00301785)
(0.00284609 0.00117152 0.00153037)
(0.00301913 0.0026499 0.00518154)
(-0.00069171 -0.000336488 0.00702091)
(0.00253252 0.00355409 0.00195537)
(0.00286807 0.00335845 0.00251941)
(9.93949e-05 0.00739271 0.011979)
(0.00175447 0.00132921 0.0262159)
(0.00146201 0.00124855 0.0289128)
(0.00146288 -7.92303e-05 0.0296813)
(0.000462213 -0.000664796 0.0284299)
(0.0016096 0.00145498 0.0221085)
(0.000384485 0.00176609 0.0248222)
(-0.000531084 0.00222526 0.0250573)
(0.000182352 0.00152286 0.0232443)
(0.00203396 0.000535573 0.0208047)
(0.00157962 0.000977187 0.020468)
(0.000911887 0.00258514 0.0222163)
(0.000960173 0.00324254 0.0218745)
(0.00250542 -0.000300223 0.022676)
(0.0022624 4.92199e-05 0.0210623)
(0.000706244 0.00160269 0.0148803)
(-0.000125625 0.00328174 0.0139865)
(0.000832674 0.00153621 0.016333)
(0.000861377 0.00168778 0.0168216)
(0.000915361 0.00159151 0.0167545)
(0.000989602 0.00143476 0.0162128)
(0.00140002 0.00132976 0.0158862)
(0.0012073 0.00187152 0.0157643)
(0.000934499 0.00221966 0.0160747)
(0.000982979 0.00219442 0.0159105)
(0.00192445 0.000698633 0.0153211)
(0.00178686 0.00133232 0.0143655)
(0.00120681 0.00217964 0.0138475)
(0.000848355 0.00265366 0.0134176)
(0.00219384 -9.25374e-05 0.0150941)
(0.00209461 0.000241248 0.0135075)
(0.0012531 0.000927859 0.0114766)
(0.000431202 0.00156042 0.0109596)
(0.000589182 0.000512342 0.0178327)
(0.000566997 0.0006558 0.0180679)
(0.000631662 0.000692607 0.0181827)
(0.000613058 0.000705702 0.0181857)
(0.00087364 0.000413642 0.0173262)
(0.000853892 0.000729459 0.0172515)
(0.000815747 0.000959168 0.0172061)
(0.000672469 0.00108407 0.017113)
(0.00113332 0.000202507 0.0168138)
(0.00113048 0.00059111 0.0163177)
(0.000941408 0.00100584 0.0158632)
(0.000594237 0.00128015 0.0156081)
(0.00122198 -0.000245764 0.0165122)
(0.00125509 -8.92598e-05 0.0156841)
(0.000950255 0.000137934 0.0147772)
(0.000373584 0.000321285 0.0143194)
(0.000273204 0.000154568 0.0175996)
(0.000245715 0.000256625 0.0176347)
(0.000256245 0.000309841 0.0176184)
(0.000254029 0.000321596 0.0175143)
(0.000438524 9.79099e-05 0.0174311)
(0.000427161 0.000274668 0.0173508)
(0.000403721 0.000414439 0.017234)
(0.000322837 0.000503124 0.017059)
(0.000555271 -4.84234e-05 0.0172418)
(0.00054764 0.000142394 0.0169912)
(0.000458862 0.000331866 0.0167101)
(0.000266978 0.000463597 0.0164478)
(0.000572606 -0.000358204 0.0171623)
(0.000578666 -0.000322558 0.0167814)
(0.000448455 -0.000271104 0.0163321)
(0.000164636 -0.00023108 0.0159721)
(0.000104961 -3.03216e-05 0.0175533)
(7.84563e-05 2.74416e-05 0.0175295)
(7.119e-05 6.01444e-05 0.0174775)
(5.83575e-05 6.91601e-05 0.0173793)
(0.000193719 -7.18801e-05 0.0175068)
(0.000174934 1.86968e-05 0.0174302)
(0.000153387 9.02759e-05 0.0173259)
(0.000104361 0.000134436 0.017183)
(0.000248954 -0.000178108 0.0174537)
(0.000229787 -9.23719e-05 0.0173049)
(0.00017833 -1.06791e-05 0.0171283)
(7.9763e-05 4.57336e-05 0.0169368)
(0.000253574 -0.000372736 0.017467)
(0.000240006 -0.000374297 0.0172752)
(0.000178449 -0.00037027 0.0170398)
(5.21258e-05 -0.000365618 0.0168077)
(3.08171e-05 -0.000102709 0.0175793)
(7.15671e-06 -6.76068e-05 0.0175238)
(-6.50039e-06 -4.50838e-05 0.0174456)
(-2.22901e-05 -3.58006e-05 0.0173348)
(7.75131e-05 -0.000139425 0.0176036)
(5.58809e-05 -9.2017e-05 0.0175235)
(3.6156e-05 -5.39935e-05 0.0174199)
(4.49245e-06 -3.0357e-05 0.0172849)
(0.0001064 -0.000211285 0.0176218)
(8.48394e-05 -0.00017166 0.0175134)
(5.31748e-05 -0.000134631 0.0173794)
(1.5339e-06 -0.000109089 0.0172215)
(0.000111617 -0.000322262 0.0176721)
(9.47524e-05 -0.000327359 0.0175538)
(6.42142e-05 -0.000329631 0.0174027)
(8.05281e-06 -0.000330098 0.0172292)
(5.13036e-06 -0.000115445 0.0176317)
(-1.43894e-05 -9.22826e-05 0.0175617)
(-2.88091e-05 -7.53013e-05 0.0174713)
(-4.43873e-05 -6.56118e-05 0.0173546)
(3.02918e-05 -0.000146424 0.017688)
(1.01438e-05 -0.000119739 0.0176058)
(-7.36944e-06 -9.74792e-05 0.0175012)
(-2.99007e-05 -8.30161e-05 0.0173682)
(4.71455e-05 -0.000192944 0.0177357)
(2.7732e-05 -0.000172566 0.0176435)
(6.19229e-06 -0.000153503 0.0175261)
(-2.33055e-05 -0.00014036 0.0173805)
(5.3438e-05 -0.000253604 0.0177938)
(3.8359e-05 -0.000255172 0.0177023)
(2.08198e-05 -0.000255176 0.0175808)
(-5.97788e-06 -0.000254683 0.0174286)
(-1.05865e-06 -0.000102452 0.0176861)
(-1.64304e-05 -8.60942e-05 0.0176101)
(-2.9266e-05 -7.27662e-05 0.0175141)
(-4.28684e-05 -6.36318e-05 0.0173941)
(1.32714e-05 -0.000127159 0.0177532)
(-3.62023e-06 -0.000110636 0.0176701)
(-1.8417e-05 -9.61245e-05 0.0175647)
(-3.53154e-05 -8.61041e-05 0.0174318)
(2.41489e-05 -0.000157168 0.0178092)
(8.19333e-06 -0.000145059 0.0177234)
(-7.60437e-06 -0.000133566 0.0176121)
(-2.6378e-05 -0.00012558 0.0174709)
(3.04879e-05 -0.000190467 0.0178632)
(1.81706e-05 -0.000189114 0.0177807)
(6.33405e-06 -0.000186912 0.0176691)
(-8.41366e-06 -0.000185227 0.0175243)
(-1.30118e-06 -8.24378e-05 0.0177334)
(-1.30468e-05 -7.04835e-05 0.0176553)
(-2.35211e-05 -6.00316e-05 0.0175572)
(-3.45897e-05 -5.20831e-05 0.0174359)
(7.45532e-06 -0.00010138 0.0178024)
(-5.92786e-06 -9.03174e-05 0.0177192)
(-1.78529e-05 -8.01428e-05 0.0176134)
(-3.07315e-05 -7.2706e-05 0.0174803)
(1.50254e-05 -0.000121076 0.0178578)
(2.50208e-06 -0.000112977 0.0177747)
(-9.43055e-06 -0.000105164 0.0176657)
(-2.24451e-05 -9.96409e-05 0.0175259)
(2.07367e-05 -0.000139991 0.0179045)
(1.10643e-05 -0.000137334 0.0178249)
(2.2785e-06 -0.00013424 0.0177164)
(-7.22868e-06 -0.000132084 0.0175738)
(-4.43805e-07 -6.33035e-05 0.0177714)
(-9.27163e-06 -5.44491e-05 0.0176928)
(-1.74478e-05 -4.63595e-05 0.0175939)
(-2.60873e-05 -3.98497e-05 0.0174722)
(5.28868e-06 -7.74868e-05 0.0178388)
(-4.98562e-06 -6.97018e-05 0.0177559)
(-1.42857e-05 -6.22893e-05 0.0176501)
(-2.40768e-05 -5.66292e-05 0.0175168)
(1.07995e-05 -9.07197e-05 0.0178907)
(1.21613e-06 -8.49242e-05 0.0178091)
(-7.85053e-06 -7.92617e-05 0.017701)
(-1.73168e-05 -7.51783e-05 0.0175615)
(1.56094e-05 -0.000102004 0.0179304)
(8.17316e-06 -9.91231e-05 0.0178518)
(1.4123e-06 -9.60314e-05 0.0177441)
(-5.41428e-06 -9.39275e-05 0.0176021)
(2.46021e-07 -4.74718e-05 0.0178005)
(-6.31518e-06 -4.08915e-05 0.0177222)
(-1.25306e-05 -3.47142e-05 0.0176232)
(-1.91082e-05 -2.95766e-05 0.0175013)
(4.19375e-06 -5.7956e-05 0.0178654)
(-3.54721e-06 -5.23287e-05 0.0177831)
(-1.06439e-05 -4.68417e-05 0.0176774)
(-1.80347e-05 -4.25204e-05 0.0175441)
(8.29029e-06 -6.70473e-05 0.0179135)
(1.0681e-06 -6.27762e-05 0.0178328)
(-5.79686e-06 -5.85654e-05 0.0177252)
(-1.28273e-05 -5.54745e-05 0.0175858)
(1.21689e-05 -7.41338e-05 0.0179473)
(6.52823e-06 -7.15372e-05 0.0178692)
(1.29878e-06 -6.88487e-05 0.0177619)
(-3.85252e-06 -6.70338e-05 0.0176198)
(6.01451e-07 -3.51564e-05 0.0178224)
(-4.24096e-06 -3.02679e-05 0.0177445)
(-8.89109e-06 -2.56002e-05 0.0176457)
(-1.38211e-05 -2.16397e-05 0.0175239)
(3.40883e-06 -4.28559e-05 0.0178848)
(-2.35749e-06 -3.87343e-05 0.0178031)
(-7.69541e-06 -3.4651e-05 0.0176977)
(-1.32324e-05 -3.13655e-05 0.0175644)
(6.47525e-06 -4.92182e-05 0.0179296)
(1.0847e-06 -4.60385e-05 0.0178495)
(-4.08157e-06 -4.28848e-05 0.0177422)
(-9.3364e-06 -4.05356e-05 0.0176028)
(9.51388e-06 -5.38746e-05 0.0179588)
(5.27467e-06 -5.17283e-05 0.0178811)
(1.25517e-06 -4.95497e-05 0.0177739)
(-2.69039e-06 -4.80819e-05 0.0176318)
(7.14561e-07 -2.58569e-05 0.0178386)
(-2.84341e-06 -2.22316e-05 0.0177612)
(-6.28843e-06 -1.87325e-05 0.0176626)
(-9.94705e-06 -1.57263e-05 0.0175409)
(2.74767e-06 -3.14931e-05 0.017899)
(-1.5175e-06 -2.84569e-05 0.0178178)
(-5.49436e-06 -2.5417e-05 0.0177126)
(-9.61604e-06 -2.29344e-05 0.0175793)
(5.04367e-06 -3.60081e-05 0.017941)
(1.04548e-06 -3.36371e-05 0.0178615)
(-2.81921e-06 -3.12761e-05 0.0177545)
(-6.74656e-06 -2.94965e-05 0.0176151)
(7.37804e-06 -3.91789e-05 0.0179668)
(4.21305e-06 -3.74856e-05 0.0178895)
(1.15051e-06 -3.57881e-05 0.0177824)
(-1.87009e-06 -3.46443e-05 0.0176402)
(6.91834e-07 -1.89399e-05 0.0178505)
(-1.91455e-06 -1.62578e-05 0.0177735)
(-4.45071e-06 -1.3651e-05 0.0176752)
(-7.14808e-06 -1.13935e-05 0.0175536)
(2.17792e-06 -2.30588e-05 0.0179093)
(-9.62259e-07 -2.08183e-05 0.0178286)
(-3.90574e-06 -1.85593e-05 0.0177236)
(-6.95798e-06 -1.66952e-05 0.0175904)
(3.89273e-06 -2.62945e-05 0.0179492)
(9.40343e-07 -2.45297e-05 0.0178702)
(-1.93549e-06 -2.27678e-05 0.0177633)
(-4.86272e-06 -2.14274e-05 0.0176241)
(5.66173e-06 -2.85099e-05 0.0179725)
(3.31063e-06 -2.72099e-05 0.0178955)
(9.96685e-07 -2.59177e-05 0.0177885)
(-1.30203e-06 -2.5046e-05 0.0176464)
(6.06616e-07 -1.38342e-05 0.0178593)
(-1.29808e-06 -1.18554e-05 0.0177826)
(-3.1568e-06 -9.92344e-06 0.0176845)
(-5.13609e-06 -8.24187e-06 0.017563)
(1.69693e-06 -1.68404e-05 0.0179168)
(-6.06864e-07 -1.51882e-05 0.0178365)
(-2.77472e-06 -1.35145e-05 0.0177317)
(-5.02498e-06 -1.21233e-05 0.0175986)
(2.97285e-06 -1.91739e-05 0.0179551)
(8.00546e-07 -1.78645e-05 0.0178765)
(-1.32929e-06 -1.65551e-05 0.0177698)
(-3.50263e-06 -1.55519e-05 0.0176306)
(4.30002e-06 -2.07483e-05 0.0179766)
(2.5611e-06 -1.97671e-05 0.0178998)
(8.25995e-07 -1.87978e-05 0.017793)
(-9.10193e-07 -1.81431e-05 0.0176509)
(5.01413e-07 -1.00774e-05 0.0178657)
(-8.86832e-07 -8.6227e-06 0.0177893)
(-2.2437e-06 -7.19807e-06 0.0176913)
(-3.69002e-06 -5.95403e-06 0.0175699)
(1.3014e-06 -1.22676e-05 0.0179222)
(-3.82975e-07 -1.10522e-05 0.0178422)
(-1.9724e-06 -9.81715e-06 0.0177376)
(-3.62412e-06 -8.78522e-06 0.0176045)
(2.24632e-06 -1.39556e-05 0.0179594)
(6.53863e-07 -1.29882e-05 0.017881)
(-9.15851e-07 -1.20199e-05 0.0177746)
(-2.52185e-06 -1.12739e-05 0.0176354)
(3.23385e-06 -1.50857e-05 0.0179795)
(1.95344e-06 -1.4354e-05 0.017903)
(6.618e-07 -1.36345e-05 0.0177963)
(-6.38951e-07 -1.31479e-05 0.0176543)
(3.98134e-07 -7.31298e-06 0.0178703)
(-6.09773e-07 -6.24877e-06 0.0177941)
(-1.59565e-06 -5.2045e-06 0.0176963)
(-2.64735e-06 -4.29065e-06 0.017575)
(9.83293e-07 -8.90333e-06 0.0179262)
(-2.4269e-07 -8.01328e-06 0.0178464)
(-1.40188e-06 -7.10696e-06 0.0177419)
(-2.60779e-06 -6.34687e-06 0.0176089)
(1.67882e-06 -1.01241e-05 0.0179626)
(5.17039e-07 -9.41352e-06 0.0178844)
(-6.33087e-07 -8.70193e-06 0.0177781)
(-1.81265e-06 -8.15134e-06 0.0176389)
(2.40769e-06 -1.09385e-05 0.0179817)
(1.47012e-06 -1.03983e-05 0.0179053)
(5.16154e-07 -9.86907e-06 0.0177988)
(-4.49728e-07 -9.51081e-06 0.0176568)
(3.06688e-07 -5.27229e-06 0.0178737)
(-4.20273e-07 -4.49981e-06 0.0177976)
(-1.13154e-06 -3.74074e-06 0.0176999)
(-1.89078e-06 -3.07547e-06 0.0175787)
(7.31779e-07 -6.4198e-06 0.0179291)
(-1.54279e-07 -5.77303e-06 0.0178494)
(-9.93251e-07 -5.11347e-06 0.017745)
(-1.86687e-06 -4.55876e-06 0.0176121)
(1.23921e-06 -7.29871e-06 0.0179648)
(3.97903e-07 -6.78129e-06 0.0178868)
(-4.37818e-07 -6.26295e-06 0.0177806)
(-1.29677e-06 -5.8605e-06 0.0176415)
(1.77182e-06 -7.88446e-06 0.0179832)
(1.09083e-06 -7.49006e-06 0.017907)
(3.93238e-07 -7.10482e-06 0.0178006)
(-3.16229e-07 -6.84375e-06 0.0176586)
(2.30853e-07 -3.75631e-06 0.0178761)
(-2.8748e-07 -3.20278e-06 0.0178002)
(-7.94659e-07 -2.65822e-06 0.0177025)
(-1.3363e-06 -2.18034e-06 0.0175813)
(5.35856e-07 -4.57465e-06 0.0179311)
(-9.70035e-08 -4.11075e-06 0.0178516)
(-6.96877e-07 -3.63713e-06 0.0177473)
(-1.32203e-06 -3.23777e-06 0.0176144)
(9.0095e-07 -5.20083e-06 0.0179664)
(2.99028e-07 -4.8292e-06 0.0178886)
(-3.00541e-07 -4.45684e-06 0.0177824)
(-9.17962e-07 -4.16678e-06 0.0176433)
(1.28448e-06 -5.6183e-06 0.0179844)
(7.96037e-07 -5.33475e-06 0.0179083)
(2.92999e-07 -5.05845e-06 0.0178019)
(-2.20575e-07 -4.87091e-06 0.0176599)
(1.72542e-07 -2.62083e-06 0.0178778)
(-1.90073e-07 -2.23258e-06 0.017802)
(-5.44982e-07 -1.85013e-06 0.0177043)
(-9.24205e-07 -1.51373e-06 0.0175832)
(3.86778e-07 -3.19266e-06 0.0179326)
(-5.67441e-08 -2.86709e-06 0.0178532)
(-4.77607e-07 -2.53427e-06 0.0177489)
(-9.166e-07 -2.25264e-06 0.017616)
(6.43672e-07 -3.63015e-06 0.0179676)
(2.2105e-07 -3.36916e-06 0.0178898)
(-2.0094e-07 -3.10759e-06 0.0177837)
(-6.36366e-07 -2.90294e-06 0.0176447)
(9.13614e-07 -3.92228e-06 0.0179851)
(5.6973e-07 -3.72323e-06 0.0179091)
(2.14003e-07 -3.5297e-06 0.0178028)
(-1.50552e-07 -3.39796e-06 0.0176609)
(1.33354e-07 -1.76599e-06 0.017879)
(-1.13544e-07 -1.50219e-06 0.0178032)
(-3.55607e-07 -1.2417e-06 0.0177056)
(-6.13595e-07 -1.01168e-06 0.0175845)
(2.79633e-07 -2.15333e-06 0.0179336)
(-2.32366e-08 -1.93205e-06 0.0178542)
(-3.11221e-07 -1.70543e-06 0.01775)
(-6.11447e-07 -1.51229e-06 0.0176171)
(4.54626e-07 -2.4502e-06 0.0179684)
(1.64972e-07 -2.27299e-06 0.0178906)
(-1.25023e-07 -2.09537e-06 0.0177846)
(-4.24795e-07 -1.95514e-06 0.0176456)
(6.38366e-07 -2.6492e-06 0.0179857)
(4.01402e-07 -2.51451e-06 0.0179097)
(1.55337e-07 -2.38401e-06 0.0178034)
(-9.79238e-08 -2.29452e-06 0.0176616)
(1.18978e-07 -1.14371e-06 0.0178798)
(-4.60071e-08 -9.70857e-07 0.017804)
(-2.07359e-07 -7.99849e-07 0.0177064)
(-3.80969e-07 -6.44893e-07 0.0175853)
(2.14054e-07 -1.39771e-06 0.0179343)
(1.05282e-08 -1.25299e-06 0.0178549)
(-1.82605e-07 -1.10451e-06 0.0177507)
(-3.85868e-07 -9.74767e-07 0.0176179)
(3.29153e-07 -1.5916e-06 0.0179689)
(1.32973e-07 -1.47605e-06 0.0178912)
(-6.3309e-08 -1.36051e-06 0.0177852)
(-2.68244e-07 -1.26717e-06 0.0176462)
(4.49969e-07 -1.72284e-06 0.0179861)
(2.87304e-07 -1.63585e-06 0.0179101)
(1.18351e-07 -1.5524e-06 0.0178039)
(-5.75311e-08 -1.49426e-06 0.017662)
(1.08642e-07 -7.42679e-07 0.0178804)
(-2.83492e-09 -6.2464e-07 0.0178047)
(-1.18785e-07 -5.05014e-07 0.0177071)
(-2.33618e-07 -3.98802e-07 0.017586)
(1.82738e-07 -9.17415e-07 0.0179348)
(4.07377e-08 -8.16067e-07 0.0178555)
(-1.03028e-07 -7.11437e-07 0.0177513)
(-2.4307e-07 -6.2047e-07 0.0176185)
(2.64905e-07 -1.05861e-06 0.0179693)
(1.22559e-07 -9.78853e-07 0.0178917)
(-2.75985e-08 -8.98953e-07 0.0177857)
(-1.73719e-07 -8.32237e-07 0.0176467)
(3.48877e-07 -1.15648e-06 0.0179864)
(2.26579e-07 -1.09897e-06 0.0179105)
(9.41872e-08 -1.04403e-06 0.0178042)
(-3.57439e-08 -1.00231e-06 0.0176624)
)
;

boundaryField
{
    inlet
    {
        type            uniformFixedValue;
        uniformValue    table
        
2
(
(0 (0 0 0.002))
(0.1 (0 0 0.02))
)
;
        value           uniform (0 0 0.0182);
    }
    outlet
    {
        type            zeroGradient;
    }
    wall
    {
        type            slip;
    }
    procBoundary1to0
    {
        type            processor;
        value           nonuniform List<vector> 
192
(
(-0.0015111 -0.0017311 0.0136364)
(0.000539643 -0.00835166 0.000960157)
(0.000669637 -0.00167205 0.000973763)
(4.35152e-05 -0.00065886 0.00208428)
(-0.000790505 0.00135025 0.0259948)
(-0.00183938 0.00170277 0.0268753)
(-0.00203149 0.00121023 0.0274341)
(-0.00228312 0.000757952 0.0313778)
(-0.000534023 1.28501e-05 0.017185)
(-0.000789182 0.000201011 0.0171041)
(-0.000776658 4.98959e-05 0.0172627)
(-0.000724696 -1.52758e-05 0.0176117)
(-0.000157186 -0.000530402 0.017443)
(-0.00018285 -0.000485712 0.0177734)
(-0.000149326 -0.000449576 0.018108)
(-0.00010933 -0.000358607 0.018334)
(7.36605e-05 -0.000543957 0.0175545)
(7.69783e-05 -0.00054997 0.0178425)
(9.76607e-05 -0.000515799 0.0180997)
(0.000115306 -0.000445222 0.0182907)
(0.000147682 -0.000429165 0.0176219)
(0.000155518 -0.000450941 0.0178121)
(0.000170515 -0.000444109 0.0179792)
(0.000180815 -0.000413429 0.0181135)
(0.000149866 -0.000314904 0.0177234)
(0.000157235 -0.000338945 0.0178541)
(0.000166922 -0.000345966 0.0179684)
(0.000172593 -0.000337622 0.0180647)
(0.000126213 -0.000226827 0.0178104)
(0.000131318 -0.000248273 0.0179066)
(0.000136458 -0.000259041 0.0179895)
(0.000138333 -0.000259438 0.0180605)
(9.75177e-05 -0.00016329 0.0178748)
(0.000100519 -0.000180959 0.0179502)
(0.000102765 -0.000191345 0.0180134)
(0.000102585 -0.000194354 0.0180668)
(7.21396e-05 -0.000118022 0.0179213)
(7.37523e-05 -0.000132003 0.0179834)
(7.45137e-05 -0.000140753 0.0180336)
(7.35812e-05 -0.000144084 0.0180747)
(5.22992e-05 -8.56826e-05 0.0179544)
(5.31254e-05 -9.6476e-05 0.0180078)
(5.32451e-05 -0.000103432 0.0180489)
(5.22253e-05 -0.000106362 0.0180811)
(3.76249e-05 -6.24276e-05 0.0179781)
(3.80433e-05 -7.06262e-05 0.0180253)
(3.79403e-05 -7.59937e-05 0.01806)
(3.70837e-05 -7.83668e-05 0.0180858)
(2.70232e-05 -4.55953e-05 0.0179949)
(2.72408e-05 -5.17552e-05 0.0180379)
(2.70941e-05 -5.58265e-05 0.018068)
(2.64508e-05 -5.76762e-05 0.018089)
(1.94239e-05 -3.33478e-05 0.0180071)
(1.95452e-05 -3.79412e-05 0.0180469)
(1.94181e-05 -4.09967e-05 0.0180737)
(1.89622e-05 -4.24084e-05 0.0180911)
(1.39811e-05 -2.4402e-05 0.0180158)
(1.40558e-05 -2.78089e-05 0.0180534)
(1.39628e-05 -3.00856e-05 0.0180777)
(1.36502e-05 -3.11494e-05 0.0180926)
(1.00744e-05 -1.78486e-05 0.0180221)
(1.01252e-05 -2.03646e-05 0.0180581)
(1.0063e-05 -2.20518e-05 0.0180805)
(9.85269e-06 -2.28466e-05 0.0180935)
(7.25994e-06 -1.30346e-05 0.0180267)
(7.29717e-06 -1.48848e-05 0.0180614)
(7.258e-06 -1.61291e-05 0.0180826)
(7.11788e-06 -1.67191e-05 0.0180942)
(5.2227e-06 -9.48668e-06 0.01803)
(5.25103e-06 -1.08401e-05 0.0180639)
(5.22755e-06 -1.17523e-05 0.0180841)
(5.13465e-06 -1.21876e-05 0.0180946)
(3.73914e-06 -6.85933e-06 0.0180324)
(3.76091e-06 -7.84157e-06 0.0180656)
(3.7475e-06 -8.50476e-06 0.0180851)
(3.68613e-06 -8.82304e-06 0.0180949)
(2.65133e-06 -4.90042e-06 0.0180341)
(2.66794e-06 -5.60395e-06 0.0180669)
(2.66075e-06 -6.07963e-06 0.0180858)
(2.62052e-06 -6.30902e-06 0.0180951)
(1.85059e-06 -3.42872e-06 0.0180353)
(1.86319e-06 -3.9216e-06 0.0180677)
(1.85986e-06 -4.25523e-06 0.0180864)
(1.834e-06 -4.41666e-06 0.0180953)
(1.26835e-06 -2.32152e-06 0.0180361)
(1.27821e-06 -2.65503e-06 0.0180683)
(1.27755e-06 -2.8809e-06 0.0180867)
(1.26177e-06 -2.99035e-06 0.0180954)
(8.71625e-07 -1.51515e-06 0.0180366)
(8.80254e-07 -1.73184e-06 0.0180687)
(8.819e-07 -1.87835e-06 0.018087)
(8.73383e-07 -1.94908e-06 0.0180954)
(6.53604e-07 -1.02853e-06 0.018037)
(6.61772e-07 -1.17281e-06 0.018069)
(6.65229e-07 -1.2703e-06 0.0180871)
(6.61248e-07 -1.31661e-06 0.0180955)
(0.00177794 -0.00580917 0.00449382)
(-0.00420637 -0.00176631 0.00642402)
(0.000825326 -0.00221186 0.00847713)
(0.00847502 -0.000909911 0.00752701)
(-0.00304702 -0.00112589 0.0174744)
(-0.0033704 -0.00170536 0.0196598)
(-0.00162366 -0.000900788 0.0217852)
(0.000255966 3.50843e-05 0.0245628)
(-0.000408294 -0.000338491 0.0133342)
(-0.000711197 -0.000693506 0.0144089)
(-0.000586875 -0.000630398 0.0154323)
(-0.000364265 -0.000379702 0.0161776)
(0.000278624 -0.000238336 0.0155755)
(7.71525e-05 -0.000479877 0.0159392)
(-4.22649e-05 -0.000535005 0.016412)
(-0.000102836 -0.000548153 0.0168807)
(0.000330432 -0.000148253 0.0163393)
(0.000228406 -0.000313418 0.0166144)
(0.000146493 -0.000414137 0.0169118)
(9.45778e-05 -0.000491725 0.0172178)
(0.00025854 -9.56454e-05 0.0167766)
(0.000212644 -0.000211435 0.0169887)
(0.000175105 -0.000303433 0.0172002)
(0.000152066 -0.000376959 0.0174091)
(0.000192726 -6.49731e-05 0.0170713)
(0.000172154 -0.000146141 0.0172521)
(0.000156686 -0.000215828 0.0174196)
(0.000148387 -0.000272698 0.0175754)
(0.000141853 -4.48757e-05 0.0172635)
(0.000132243 -0.000101695 0.0174292)
(0.000126119 -0.000152123 0.0175728)
(0.00012371 -0.000194196 0.0176983)
(0.000103137 -3.12319e-05 0.0173887)
(9.8343e-05 -7.11806e-05 0.0175458)
(9.59288e-05 -0.000107425 0.0176758)
(9.55138e-05 -0.000138356 0.0177836)
(7.43197e-05 -2.19209e-05 0.0174719)
(7.17191e-05 -5.02401e-05 0.0176237)
(7.07177e-05 -7.63517e-05 0.0177456)
(7.08289e-05 -9.91076e-05 0.0178428)
(5.33699e-05 -1.55219e-05 0.0175281)
(5.18241e-05 -3.57729e-05 0.0176767)
(5.13458e-05 -5.46772e-05 0.0177936)
(5.15137e-05 -7.14377e-05 0.017884)
(3.83321e-05 -1.10801e-05 0.0175669)
(3.73374e-05 -2.56719e-05 0.0177134)
(3.70568e-05 -3.94207e-05 0.017827)
(3.71706e-05 -5.17701e-05 0.0179131)
(2.75773e-05 -7.96184e-06 0.0175941)
(2.68993e-05 -1.85363e-05 0.0177392)
(2.67031e-05 -2.85682e-05 0.0178506)
(2.67606e-05 -3.76645e-05 0.0179338)
(1.98767e-05 -5.7489e-06 0.0176134)
(1.93975e-05 -1.34419e-05 0.0177575)
(1.92473e-05 -2.07761e-05 0.0178675)
(1.92681e-05 -2.74708e-05 0.0179485)
(1.43474e-05 -4.16431e-06 0.0176272)
(1.40015e-05 -9.77377e-06 0.0177707)
(1.38834e-05 -1.51402e-05 0.0178796)
(1.38848e-05 -2.00617e-05 0.0179592)
(1.03642e-05 -3.02153e-06 0.0176372)
(1.01118e-05 -7.11508e-06 0.0177801)
(1.00189e-05 -1.10408e-05 0.0178883)
(1.00118e-05 -1.46529e-05 0.0179669)
(7.48455e-06 -2.19245e-06 0.0176443)
(7.29963e-06 -5.17755e-06 0.017787)
(7.22724e-06 -8.04515e-06 0.0178946)
(7.21747e-06 -1.06897e-05 0.0179724)
(5.39374e-06 -1.5875e-06 0.0176495)
(5.25829e-06 -3.75813e-06 0.017792)
(5.20264e-06 -5.84574e-06 0.0178992)
(5.19297e-06 -7.77411e-06 0.0179765)
(3.86722e-06 -1.14324e-06 0.0176533)
(3.76852e-06 -2.71196e-06 0.0177955)
(3.72638e-06 -4.22175e-06 0.0179025)
(3.71797e-06 -5.61791e-06 0.0179794)
(2.74518e-06 -8.14489e-07 0.017656)
(2.67416e-06 -1.93508e-06 0.0177981)
(2.64291e-06 -3.01379e-06 0.0179049)
(2.63617e-06 -4.01202e-06 0.0179815)
(1.91669e-06 -5.69486e-07 0.0176579)
(1.86684e-06 -1.35379e-06 0.0177999)
(1.8445e-06 -2.10827e-06 0.0179065)
(1.83963e-06 -2.80667e-06 0.0179829)
(1.31086e-06 -3.87272e-07 0.0176592)
(1.27745e-06 -9.18706e-07 0.0178012)
(1.26261e-06 -1.42862e-06 0.0179077)
(1.25995e-06 -1.90068e-06 0.0179839)
(8.93217e-07 -2.58019e-07 0.01766)
(8.72265e-07 -6.05539e-07 0.017802)
(8.63902e-07 -9.35375e-07 0.0179084)
(8.63972e-07 -1.2415e-06 0.0179846)
(6.61692e-07 -1.74074e-07 0.0176607)
(6.50332e-07 -4.07506e-07 0.0178026)
(6.45526e-07 -6.38652e-07 0.017909)
(6.46671e-07 -8.46422e-07 0.0179851)
)
;
    }
    procBoundary1to3
    {
        type            processor;
        value           nonuniform List<vector> 
192
(
(0.00258168 -0.0015952 0.0152938)
(-0.00380812 -0.000916037 0.00443199)
(-0.00244093 -0.00194722 0.00538015)
(-0.00374144 -0.0028632 0.00373465)
(-0.000837547 0.000330808 0.0274669)
(0.000421625 0.000568092 0.0289705)
(0.000788588 0.00081281 0.0287093)
(0.00125553 -0.000608404 0.0283976)
(-0.000228712 -1.82467e-05 0.0180415)
(0.000411522 -2.96702e-05 0.0176574)
(0.000838845 -4.44449e-05 0.0171313)
(0.00128774 -0.000546909 0.0163897)
(6.13432e-05 -0.000243103 0.0183916)
(0.000308058 -0.000283709 0.0180685)
(0.000539333 -0.000357363 0.0176855)
(0.000725267 -0.000566909 0.0172564)
(0.000172951 -0.000353501 0.0182524)
(0.000254603 -0.000381863 0.0180424)
(0.000320843 -0.00044435 0.0178212)
(0.000353757 -0.000566213 0.0176143)
(0.000191999 -0.00036498 0.0180946)
(0.000200989 -0.000381751 0.0179669)
(0.000195197 -0.000420663 0.017845)
(0.000176336 -0.000489097 0.0177437)
(0.000164499 -0.000319255 0.018065)
(0.000149121 -0.000329906 0.0179862)
(0.000123643 -0.000349536 0.0179163)
(9.57199e-05 -0.000383274 0.0178575)
(0.000124854 -0.000254282 0.0180705)
(0.000106487 -0.000260871 0.0180211)
(8.27987e-05 -0.000270771 0.0179751)
(5.94758e-05 -0.000285802 0.0179309)
(9.04604e-05 -0.000194019 0.0180801)
(7.62008e-05 -0.000198093 0.0180469)
(5.89363e-05 -0.000202642 0.0180123)
(4.23117e-05 -0.000208424 0.017973)
(6.46419e-05 -0.000145048 0.0180877)
(5.50728e-05 -0.00014746 0.0180637)
(4.36487e-05 -0.000149258 0.0180349)
(3.25e-05 -0.000150802 0.0179974)
(4.62261e-05 -0.00010741 0.0180925)
(4.01952e-05 -0.000108762 0.0180738)
(3.29094e-05 -0.000109227 0.0180483)
(2.55601e-05 -0.000109005 0.0180119)
(3.32509e-05 -7.91826e-05 0.018095)
(2.95398e-05 -7.98919e-05 0.0180797)
(2.49215e-05 -7.97619e-05 0.0180563)
(2.00534e-05 -7.89236e-05 0.0180207)
(2.4066e-05 -5.82398e-05 0.0180962)
(2.17912e-05 -5.85785e-05 0.018083)
(1.88358e-05 -5.82236e-05 0.0180612)
(1.55659e-05 -5.72708e-05 0.0180264)
(1.74996e-05 -4.27767e-05 0.0180966)
(1.60967e-05 -4.29117e-05 0.018085)
(1.41752e-05 -4.25075e-05 0.0180642)
(1.19437e-05 -4.16381e-05 0.0180302)
(1.276e-05 -3.13832e-05 0.0180967)
(1.18858e-05 -3.14124e-05 0.0180862)
(1.06151e-05 -3.10357e-05 0.0180662)
(9.07054e-06 -3.03108e-05 0.0180327)
(9.31329e-06 -2.29926e-05 0.0180966)
(8.7617e-06 -2.29717e-05 0.0180869)
(7.90827e-06 -2.26505e-05 0.0180675)
(6.82733e-06 -2.20739e-05 0.0180345)
(6.79222e-06 -1.68091e-05 0.0180965)
(6.4396e-06 -1.67684e-05 0.0180873)
(5.85913e-06 -1.65079e-05 0.0180684)
(5.09683e-06 -1.60623e-05 0.0180358)
(4.9388e-06 -1.22424e-05 0.0180964)
(4.71052e-06 -1.21977e-05 0.0180875)
(4.31216e-06 -1.19934e-05 0.018069)
(3.77249e-06 -1.16559e-05 0.0180367)
(3.56885e-06 -8.856e-06 0.0180962)
(3.41963e-06 -8.81496e-06 0.0180877)
(3.14507e-06 -8.65889e-06 0.0180695)
(2.76329e-06 -8.40775e-06 0.0180373)
(2.55063e-06 -6.32872e-06 0.0180961)
(2.45268e-06 -6.29439e-06 0.0180878)
(2.26379e-06 -6.17828e-06 0.0180698)
(1.99546e-06 -5.99514e-06 0.0180378)
(1.79268e-06 -4.42834e-06 0.018096)
(1.72849e-06 -4.40152e-06 0.0180879)
(1.59961e-06 -4.31785e-06 0.01807)
(1.41342e-06 -4.18792e-06 0.0180381)
(1.2377e-06 -2.99698e-06 0.018096)
(1.19557e-06 -2.97729e-06 0.0180879)
(1.10836e-06 -2.91945e-06 0.0180701)
(9.80853e-07 -2.83086e-06 0.0180384)
(8.59485e-07 -1.95212e-06 0.0180959)
(8.3061e-07 -1.93851e-06 0.018088)
(7.70283e-07 -1.90047e-06 0.0180702)
(6.81606e-07 -1.84307e-06 0.0180385)
(6.52461e-07 -1.31689e-06 0.0180959)
(6.29919e-07 -1.30714e-06 0.018088)
(5.83472e-07 -1.28122e-06 0.0180703)
(5.15778e-07 -1.24308e-06 0.0180387)
(-0.00338104 -0.00278922 0.00334515)
(0.00392198 -0.00275268 0.00742202)
(0.00404656 -0.00669848 0.00813634)
(-0.00266619 0.0246677 0.00780249)
(0.0014271 -0.00100892 0.0254091)
(0.00185463 -0.0004915 0.0212248)
(0.00104779 0.00164438 0.0152705)
(-0.000502836 0.00660893 0.0158456)
(0.00154393 -0.000860169 0.0154751)
(0.00147041 -0.000910176 0.0145407)
(0.000905731 -0.0005372 0.0132483)
(0.00025643 -6.30738e-05 0.0129966)
(0.000826974 -0.000801741 0.0168557)
(0.000806737 -0.00105391 0.016488)
(0.00064255 -0.00124958 0.0160907)
(0.000336721 -0.00136061 0.0159102)
(0.000365262 -0.000732546 0.0174465)
(0.000349438 -0.000937698 0.0173061)
(0.000307169 -0.00113318 0.0171292)
(0.000208338 -0.00126978 0.0169387)
(0.000160137 -0.000586461 0.0176646)
(0.000146335 -0.00070457 0.0175959)
(0.000138279 -0.000815335 0.0174939)
(0.000115542 -0.000893901 0.0173482)
(7.57511e-05 -0.000431628 0.0178047)
(6.51462e-05 -0.000488775 0.0177478)
(6.58667e-05 -0.000540075 0.0176597)
(6.44254e-05 -0.000575381 0.0175272)
(4.29232e-05 -0.00030686 0.0178823)
(3.46395e-05 -0.000330808 0.0178209)
(3.53209e-05 -0.000350943 0.0177289)
(3.74266e-05 -0.000364133 0.0175955)
(3.00578e-05 -0.000216164 0.0179229)
(2.34e-05 -0.000224414 0.0178554)
(2.24052e-05 -0.000230442 0.0177576)
(2.33283e-05 -0.000234055 0.0176212)
(2.37653e-05 -0.000152656 0.0179455)
(1.8409e-05 -0.000154261 0.0178735)
(1.6276e-05 -0.000154664 0.0177715)
(1.56194e-05 -0.000154675 0.0176327)
(1.93827e-05 -0.00010854 0.0179589)
(1.51247e-05 -0.000107688 0.0178844)
(1.25877e-05 -0.000106225 0.0177799)
(1.10036e-05 -0.000105146 0.0176395)
(1.5667e-05 -7.77275e-05 0.0179674)
(1.23346e-05 -7.6198e-05 0.0178916)
(9.87613e-06 -7.43784e-05 0.0177858)
(7.97994e-06 -7.31593e-05 0.0176445)
(1.24283e-05 -5.59946e-05 0.0179731)
(9.85762e-06 -5.44746e-05 0.0178967)
(7.70673e-06 -5.28307e-05 0.0177904)
(5.86934e-06 -5.17777e-05 0.0176486)
(9.68458e-06 -4.05154e-05 0.0179771)
(7.72476e-06 -3.92266e-05 0.0179006)
(5.94978e-06 -3.78963e-05 0.0177939)
(4.34086e-06 -3.70702e-05 0.0176519)
(7.43614e-06 -2.93997e-05 0.0179799)
(5.95608e-06 -2.83793e-05 0.0179034)
(4.54345e-06 -2.73558e-05 0.0177967)
(3.21391e-06 -2.67352e-05 0.0176547)
(5.64165e-06 -2.13645e-05 0.017982)
(4.53269e-06 -2.05846e-05 0.0179056)
(3.43543e-06 -1.98176e-05 0.0177989)
(2.37629e-06 -1.93615e-05 0.0176569)
(4.23618e-06 -1.55233e-05 0.0179835)
(3.41135e-06 -1.49393e-05 0.0179072)
(2.57412e-06 -1.43733e-05 0.0178006)
(1.7516e-06 -1.4042e-05 0.0176586)
(3.149e-06 -1.12533e-05 0.0179846)
(2.54031e-06 -1.08223e-05 0.0179084)
(1.91095e-06 -1.0409e-05 0.0178019)
(1.28473e-06 -1.01703e-05 0.0176599)
(2.31405e-06 -8.11167e-06 0.0179854)
(1.8693e-06 -7.79758e-06 0.0179093)
(1.40313e-06 -7.49905e-06 0.0178029)
(9.3488e-07 -7.32842e-06 0.0176609)
(1.6751e-06 -5.78125e-06 0.0179859)
(1.35459e-06 -5.5561e-06 0.0179099)
(1.01516e-06 -5.34356e-06 0.0178036)
(6.71635e-07 -5.22305e-06 0.0176617)
(1.18856e-06 -4.0374e-06 0.0179864)
(9.61744e-07 -3.87998e-06 0.0179104)
(7.19646e-07 -3.7323e-06 0.0178041)
(4.72895e-07 -3.64904e-06 0.0176622)
(8.25422e-07 -2.72908e-06 0.0179867)
(6.6748e-07 -2.62344e-06 0.0179107)
(4.97962e-07 -2.52514e-06 0.0178044)
(3.23826e-07 -2.46994e-06 0.0176626)
(5.72834e-07 -1.77779e-06 0.0179869)
(4.61439e-07 -1.71096e-06 0.017911)
(3.42044e-07 -1.64994e-06 0.0178047)
(2.17532e-07 -1.616e-06 0.0176628)
(4.32697e-07 -1.20061e-06 0.017987)
(3.44706e-07 -1.15931e-06 0.0179112)
(2.47638e-07 -1.12239e-06 0.0178049)
(1.51054e-07 -1.09884e-06 0.0176631)
)
;
    }
}


// ************************************************************************* //
