FoamFile
{version 2.0; format ascii;class Cloud<passiveParticle>; location 0;object  positions;}
28
(
( -0.00670846 0.00181722 0.000798145 ) 0 
( -0.0124532 0.00277804 0.000683816 ) 0 
( -0.00953835 0.000180851 0.000684348 ) 0 
( -0.00501296 0.00197375 0.000677978 ) 0 
( -0.0053747 0.00382993 0.000678974 ) 0 
( -0.0100454 0.00478162 0.000678031 ) 0 
( -0.0070061 0.00724363 0.00067794 ) 0 
( -0.00744964 0.00348747 0.000682486 ) 0 
( -0.0104379 0.00333524 0.000678078 ) 0 
( -0.00205847 0.0121556 0.000689522 ) 0 
( -0.00772528 0.0055761 0.00076083 ) 0 
( -0.00578633 0.00555891 0.000951035 ) 0 
( -0.00668876 0.011033 0.000940375 ) 0 
( -0.00210314 0.00506744 0.000679787 ) 0 
( -0.0103334 0.00180841 0.000694129 ) 0 
( -0.00402199 0.00495262 0.000829054 ) 0 
( -0.00588911 0.00827825 0.000678757 ) 0 
( -0.00831037 0.00103479 0.000678015 ) 0 
( -0.0027606 0.00332714 0.000678259 ) 0 
( -0.00153027 0.00233836 0.00067809 ) 0 
( -0.0114505 0.00592139 0.0006819 ) 0 
( -0.00432934 0.00879761 0.000696346 ) 0 
( -0.00418038 0.00679328 0.000682532 ) 0 
( -0.000667675 0.00118505 0.000835062 ) 0 
( -0.00319133 0.00088174 0.000677958 ) 0 
( -0.0027776 0.00925252 0.000678203 ) 0 
( -0.00212997 0.00680476 0.000873962 ) 0 
( -0.000499933 0.00519542 0.000677996 ) 0 
)
