FoamFile
{version 2.0; format ascii;class vectorField; location 0;object  v;}
28
(
( -0.00127434 0.00024624 -0.000243621 )  
( 0.00986976 -0.0161348 0.00421943 )  
( 0.000739332 0.00249672 7.94162e-05 )  
( -0.00064495 0.000489132 2.26594e-06 )  
( 0.00103432 -0.00448487 -0.000815995 )  
( 4.64576e-05 -0.00118593 -5.90213e-06 )  
( 0.000982492 0.000450889 -7.90746e-06 )  
( 0.00467496 -0.0105388 0.00249378 )  
( -0.00822627 -0.00715098 -0.000341219 )  
( -0.00680261 0.0301911 -0.00152489 )  
( 0.000946 -0.000725753 -0.00011798 )  
( -0.00136451 -0.00534658 -0.00165592 )  
( 0.027615 -0.00277801 -0.019147 )  
( 0.000998237 4.56701e-05 -6.56548e-05 )  
( 0.000588142 0.0036983 0.000950137 )  
( 0.00168936 -0.00399787 -0.000663849 )  
( 0.000289969 -0.00140544 0.000121221 )  
( 0.000141598 0.000602312 -2.60596e-05 )  
( -0.000644246 0.000755295 2.86179e-05 )  
( -0.00193918 -0.00132215 8.6565e-05 )  
( 0.0071914 0.00214054 -0.00135119 )  
( 0.00239017 -0.00237063 -0.000820592 )  
( 0.00305861 -0.00546993 -0.000174645 )  
( -0.000886288 0.00042443 -0.000141095 )  
( 0.000308667 0.00667577 6.35663e-05 )  
( 0.0158436 -0.0127534 0.00109176 )  
( -0.000229259 0.0019907 -0.000518818 )  
( -0.000134631 -0.00131132 -4.01892e-05 )  
)
