/*--------------------------------*- C++ -*----------------------------------*\
  =========                 |
  \\      /  F ield         | OpenFOAM: The Open Source CFD Toolbox
   \\    /   O peration     | Website:  https://openfoam.org
    \\  /    A nd           | Version:  6
     \\/     M anipulation  |
\*---------------------------------------------------------------------------*/
FoamFile
{
    version     2.0;
    format      ascii;
    class       volScalarField;
    location    "0.02";
    object      p;
}
// * * * * * * * * * * * * * * * * * * * * * * * * * * * * * * * * * * * * * //

dimensions      [0 2 -2 0 0 0 0];

internalField   nonuniform List<scalar> 
1152
(
1.0044
0.999579
0.998183
1.00029
1.00289
1.00248
1.00716
1.00401
1.00398
1.00514
1.00679
1.0028
1.00077
1.00489
1.00901
0.967568
0.99928
0.999687
0.999875
1.0001
0.999747
1.00001
1.00033
1.00029
1.00039
1.00079
1.00088
0.999976
0.999966
1.00065
1.00061
0.99812
1.00069
1.00069
1.00067
1.0006
1.00078
1.00081
1.00079
1.00067
1.00088
1.00095
1.00087
1.00062
1.00087
1.00094
1.00079
1.00038
1.00076
1.00073
1.0007
1.00068
1.0008
1.00079
1.00078
1.00073
1.00084
1.00085
1.00081
1.00071
1.00088
1.00087
1.0008
1.00066
1.00075
1.00073
1.00072
1.0007
1.00078
1.00076
1.00075
1.00073
1.00081
1.0008
1.00077
1.00073
1.00085
1.00083
1.00079
1.00073
1.00074
1.00072
1.00071
1.0007
1.00076
1.00074
1.00073
1.00071
1.00078
1.00077
1.00075
1.00072
1.00081
1.00079
1.00076
1.00073
1.00071
1.0007
1.00069
1.00068
1.00073
1.00071
1.0007
1.00069
1.00074
1.00073
1.00072
1.0007
1.00077
1.00075
1.00073
1.00071
1.00068
1.00067
1.00066
1.00066
1.00069
1.00068
1.00067
1.00066
1.0007
1.00069
1.00068
1.00067
1.00072
1.00071
1.00069
1.00068
1.00064
1.00064
1.00063
1.00062
1.00065
1.00064
1.00064
1.00063
1.00066
1.00065
1.00064
1.00063
1.00067
1.00066
1.00065
1.00064
1.0006
1.0006
1.00059
1.00059
1.00061
1.0006
1.0006
1.00059
1.00062
1.00061
1.0006
1.0006
1.00063
1.00062
1.00061
1.0006
1.00056
1.00056
1.00056
1.00055
1.00057
1.00056
1.00056
1.00055
1.00057
1.00057
1.00056
1.00056
1.00058
1.00057
1.00057
1.00056
1.00052
1.00052
1.00052
1.00051
1.00053
1.00052
1.00052
1.00051
1.00053
1.00053
1.00052
1.00052
1.00053
1.00053
1.00052
1.00052
1.00048
1.00048
1.00048
1.00047
1.00048
1.00048
1.00048
1.00047
1.00049
1.00048
1.00048
1.00048
1.00049
1.00049
1.00048
1.00048
1.00044
1.00044
1.00043
1.00043
1.00044
1.00044
1.00044
1.00043
1.00044
1.00044
1.00044
1.00044
1.00044
1.00044
1.00044
1.00044
1.0004
1.0004
1.00039
1.00039
1.0004
1.0004
1.00039
1.00039
1.0004
1.0004
1.0004
1.00039
1.0004
1.0004
1.0004
1.0004
1.00035
1.00035
1.00035
1.00035
1.00036
1.00035
1.00035
1.00035
1.00036
1.00036
1.00035
1.00035
1.00036
1.00036
1.00036
1.00035
1.00031
1.00031
1.00031
1.00031
1.00031
1.00031
1.00031
1.00031
1.00031
1.00031
1.00031
1.00031
1.00032
1.00031
1.00031
1.00031
1.00027
1.00027
1.00027
1.00027
1.00027
1.00027
1.00027
1.00027
1.00027
1.00027
1.00027
1.00027
1.00027
1.00027
1.00027
1.00027
1.00023
1.00023
1.00023
1.00023
1.00023
1.00023
1.00023
1.00023
1.00023
1.00023
1.00023
1.00023
1.00023
1.00023
1.00023
1.00023
1.00019
1.00019
1.00019
1.00019
1.00019
1.00019
1.00019
1.00019
1.00019
1.00019
1.00019
1.00019
1.00019
1.00019
1.00019
1.00019
1.00015
1.00015
1.00015
1.00015
1.00015
1.00015
1.00015
1.00015
1.00015
1.00015
1.00015
1.00015
1.00015
1.00015
1.00015
1.00015
1.0001
1.0001
1.0001
1.0001
1.0001
1.0001
1.0001
1.0001
1.0001
1.0001
1.0001
1.0001
1.0001
1.0001
1.0001
1.0001
1.00006
1.00006
1.00006
1.00006
1.00006
1.00006
1.00006
1.00006
1.00006
1.00006
1.00006
1.00006
1.00006
1.00006
1.00006
1.00006
1.00002
1.00002
1.00002
1.00002
1.00002
1.00002
1.00002
1.00002
1.00002
1.00002
1.00002
1.00002
1.00002
1.00002
1.00002
1.00002
1.00135
1.0016
1.00078
0.999574
1.00359
1.00219
1.00199
1.00196
1.0048
1.00245
1.00235
1.00258
1.00258
1.00549
0.998642
0.99662
1.00032
1.00027
0.999924
0.99969
1.0002
1.00038
1.00029
0.999966
0.999984
1.00014
0.999843
0.99976
0.999544
0.999932
0.999433
0.999209
1.00086
1.00084
1.00082
1.00079
1.00094
1.00088
1.00084
1.0008
1.00093
1.00086
1.00078
1.00078
1.001
1.00092
1.00074
1.00076
1.00074
1.00075
1.00074
1.00074
1.00083
1.00081
1.0008
1.00079
1.00085
1.00085
1.00083
1.00082
1.00095
1.00095
1.00092
1.00087
1.00075
1.00076
1.00075
1.00075
1.0008
1.00079
1.00079
1.00078
1.00082
1.00082
1.00082
1.00081
1.00089
1.00089
1.00088
1.00086
1.00074
1.00074
1.00074
1.00074
1.00077
1.00077
1.00077
1.00076
1.0008
1.00079
1.00079
1.00079
1.00085
1.00084
1.00084
1.00082
1.00071
1.00071
1.00071
1.00071
1.00074
1.00074
1.00073
1.00073
1.00076
1.00076
1.00076
1.00075
1.00079
1.00079
1.00079
1.00078
1.00068
1.00068
1.00068
1.00068
1.0007
1.0007
1.0007
1.0007
1.00072
1.00072
1.00071
1.00071
1.00074
1.00074
1.00074
1.00073
1.00065
1.00064
1.00064
1.00064
1.00066
1.00066
1.00066
1.00065
1.00067
1.00067
1.00067
1.00067
1.00069
1.00069
1.00068
1.00068
1.00061
1.00061
1.00061
1.00061
1.00062
1.00061
1.00061
1.00061
1.00063
1.00062
1.00062
1.00062
1.00064
1.00064
1.00063
1.00063
1.00057
1.00057
1.00056
1.00056
1.00057
1.00057
1.00057
1.00057
1.00058
1.00058
1.00058
1.00058
1.00059
1.00059
1.00059
1.00058
1.00052
1.00052
1.00052
1.00052
1.00053
1.00053
1.00053
1.00053
1.00053
1.00053
1.00053
1.00053
1.00054
1.00054
1.00054
1.00054
1.00048
1.00048
1.00048
1.00048
1.00049
1.00049
1.00048
1.00048
1.00049
1.00049
1.00049
1.00049
1.00049
1.00049
1.00049
1.00049
1.00044
1.00044
1.00044
1.00044
1.00044
1.00044
1.00044
1.00044
1.00045
1.00045
1.00044
1.00044
1.00045
1.00045
1.00045
1.00045
1.0004
1.0004
1.0004
1.0004
1.0004
1.0004
1.0004
1.0004
1.0004
1.0004
1.0004
1.0004
1.0004
1.0004
1.0004
1.0004
1.00036
1.00036
1.00036
1.00036
1.00036
1.00036
1.00036
1.00036
1.00036
1.00036
1.00036
1.00036
1.00036
1.00036
1.00036
1.00036
1.00031
1.00031
1.00031
1.00031
1.00031
1.00031
1.00031
1.00031
1.00032
1.00032
1.00032
1.00031
1.00032
1.00032
1.00032
1.00032
1.00027
1.00027
1.00027
1.00027
1.00027
1.00027
1.00027
1.00027
1.00027
1.00027
1.00027
1.00027
1.00027
1.00027
1.00027
1.00027
1.00023
1.00023
1.00023
1.00023
1.00023
1.00023
1.00023
1.00023
1.00023
1.00023
1.00023
1.00023
1.00023
1.00023
1.00023
1.00023
1.00019
1.00019
1.00019
1.00019
1.00019
1.00019
1.00019
1.00019
1.00019
1.00019
1.00019
1.00019
1.00019
1.00019
1.00019
1.00019
1.00015
1.00015
1.00015
1.00015
1.00015
1.00015
1.00015
1.00015
1.00015
1.00015
1.00015
1.00015
1.00015
1.00015
1.00015
1.00015
1.0001
1.0001
1.0001
1.0001
1.0001
1.0001
1.0001
1.0001
1.0001
1.0001
1.0001
1.0001
1.0001
1.0001
1.0001
1.0001
1.00006
1.00006
1.00006
1.00006
1.00006
1.00006
1.00006
1.00006
1.00006
1.00006
1.00006
1.00006
1.00006
1.00006
1.00006
1.00006
1.00002
1.00002
1.00002
1.00002
1.00002
1.00002
1.00002
1.00002
1.00002
1.00002
1.00002
1.00002
1.00002
1.00002
1.00002
1.00002
1.0039
1.00544
1.00593
0.997891
1.00426
1.00468
1.00361
0.999268
1.0045
1.00089
1.00147
1.00395
1.00377
1.00072
0.999966
1.00042
1.00006
1.00017
1.00102
1.00002
1.00006
1.00021
1.00079
1.00028
0.999901
1.00024
1.00055
1.00051
0.99977
1.00009
1.00015
1.00013
1.00111
1.001
1.00095
1.00042
1.00102
1.00088
1.00085
1.00055
1.00096
1.00085
1.00076
1.00058
1.00088
1.00076
1.00065
1.00056
1.00082
1.0008
1.00078
1.00059
1.00082
1.0008
1.00076
1.00063
1.0008
1.00076
1.00072
1.00065
1.00077
1.00072
1.00068
1.00065
1.00078
1.00075
1.00073
1.00066
1.00078
1.00075
1.00072
1.00067
1.00077
1.00074
1.00071
1.00068
1.00076
1.00072
1.0007
1.00069
1.00074
1.00072
1.0007
1.00068
1.00074
1.00072
1.0007
1.00068
1.00074
1.00072
1.0007
1.00069
1.00073
1.00071
1.0007
1.00069
1.00071
1.00069
1.00068
1.00067
1.00071
1.00069
1.00068
1.00067
1.00071
1.00069
1.00068
1.00067
1.00071
1.00069
1.00068
1.00068
1.00067
1.00066
1.00065
1.00064
1.00067
1.00066
1.00065
1.00065
1.00067
1.00066
1.00065
1.00065
1.00067
1.00066
1.00066
1.00065
1.00064
1.00063
1.00062
1.00061
1.00064
1.00063
1.00062
1.00062
1.00064
1.00063
1.00062
1.00062
1.00064
1.00063
1.00063
1.00062
1.0006
1.00059
1.00059
1.00058
1.0006
1.00059
1.00059
1.00058
1.0006
1.00059
1.00059
1.00058
1.0006
1.00059
1.00059
1.00059
1.00056
1.00055
1.00055
1.00055
1.00056
1.00055
1.00055
1.00055
1.00056
1.00056
1.00055
1.00055
1.00056
1.00056
1.00055
1.00055
1.00052
1.00051
1.00051
1.00051
1.00052
1.00052
1.00051
1.00051
1.00052
1.00052
1.00051
1.00051
1.00052
1.00052
1.00051
1.00051
1.00048
1.00048
1.00047
1.00047
1.00048
1.00048
1.00047
1.00047
1.00048
1.00048
1.00047
1.00047
1.00048
1.00048
1.00047
1.00047
1.00044
1.00043
1.00043
1.00043
1.00044
1.00043
1.00043
1.00043
1.00044
1.00044
1.00043
1.00043
1.00044
1.00044
1.00043
1.00043
1.0004
1.00039
1.00039
1.00039
1.0004
1.00039
1.00039
1.00039
1.0004
1.00039
1.00039
1.00039
1.0004
1.00039
1.00039
1.00039
1.00035
1.00035
1.00035
1.00035
1.00035
1.00035
1.00035
1.00035
1.00035
1.00035
1.00035
1.00035
1.00035
1.00035
1.00035
1.00035
1.00031
1.00031
1.00031
1.00031
1.00031
1.00031
1.00031
1.00031
1.00031
1.00031
1.00031
1.00031
1.00031
1.00031
1.00031
1.00031
1.00027
1.00027
1.00027
1.00027
1.00027
1.00027
1.00027
1.00027
1.00027
1.00027
1.00027
1.00027
1.00027
1.00027
1.00027
1.00027
1.00023
1.00023
1.00023
1.00023
1.00023
1.00023
1.00023
1.00023
1.00023
1.00023
1.00023
1.00023
1.00023
1.00023
1.00023
1.00023
1.00019
1.00019
1.00019
1.00019
1.00019
1.00019
1.00019
1.00019
1.00019
1.00019
1.00019
1.00019
1.00019
1.00019
1.00019
1.00019
1.00015
1.00015
1.00015
1.00014
1.00015
1.00015
1.00015
1.00014
1.00015
1.00015
1.00015
1.00014
1.00015
1.00015
1.00015
1.00015
1.0001
1.0001
1.0001
1.0001
1.0001
1.0001
1.0001
1.0001
1.0001
1.0001
1.0001
1.0001
1.0001
1.0001
1.0001
1.0001
1.00006
1.00006
1.00006
1.00006
1.00006
1.00006
1.00006
1.00006
1.00006
1.00006
1.00006
1.00006
1.00006
1.00006
1.00006
1.00006
1.00002
1.00002
1.00002
1.00002
1.00002
1.00002
1.00002
1.00002
1.00002
1.00002
1.00002
1.00002
1.00002
1.00002
1.00002
1.00002
)
;

boundaryField
{
    inlet
    {
        type            zeroGradient;
    }
    outlet
    {
        type            fixedValue;
        value           uniform 1;
    }
    wall
    {
        type            zeroGradient;
    }
    procBoundary0to1
    {
        type            processor;
        value           nonuniform List<scalar> 
192
(
1.00009
1.00179
1.00266
1.00405
0.999969
1.00014
1.00053
1.00021
1.00053
1.00065
1.00066
1.0005
1.00067
1.00071
1.0007
1.00066
1.0007
1.00072
1.00072
1.00071
1.0007
1.00071
1.00071
1.00071
1.00068
1.00068
1.00069
1.00069
1.00065
1.00066
1.00066
1.00066
1.00062
1.00062
1.00063
1.00063
1.00058
1.00059
1.00059
1.00059
1.00055
1.00055
1.00055
1.00055
1.00051
1.00051
1.00051
1.00051
1.00047
1.00047
1.00047
1.00047
1.00043
1.00043
1.00043
1.00043
1.00039
1.00039
1.00039
1.00039
1.00035
1.00035
1.00035
1.00035
1.00031
1.00031
1.00031
1.00031
1.00027
1.00027
1.00027
1.00027
1.00023
1.00023
1.00023
1.00023
1.00019
1.00019
1.00019
1.00019
1.00014
1.00015
1.00015
1.00015
1.0001
1.0001
1.0001
1.0001
1.00006
1.00006
1.00006
1.00006
1.00002
1.00002
1.00002
1.00002
0.996387
1.00081
1.00124
1.00053
0.999601
1.00027
1.00042
1.00002
1.00036
1.00054
1.00059
1.00052
1.00058
1.00065
1.00067
1.00066
1.00067
1.00069
1.00069
1.0007
1.00068
1.00069
1.00069
1.00069
1.00067
1.00067
1.00067
1.00068
1.00064
1.00064
1.00065
1.00065
1.00061
1.00061
1.00062
1.00062
1.00058
1.00058
1.00058
1.00058
1.00054
1.00054
1.00054
1.00055
1.00051
1.00051
1.00051
1.00051
1.00047
1.00047
1.00047
1.00047
1.00043
1.00043
1.00043
1.00043
1.00039
1.00039
1.00039
1.00039
1.00035
1.00035
1.00035
1.00035
1.00031
1.00031
1.00031
1.00031
1.00027
1.00027
1.00027
1.00027
1.00023
1.00023
1.00023
1.00023
1.00019
1.00019
1.00019
1.00019
1.00014
1.00014
1.00014
1.00014
1.0001
1.0001
1.0001
1.0001
1.00006
1.00006
1.00006
1.00006
1.00002
1.00002
1.00002
1.00002
)
;
    }
    procBoundary0to2
    {
        type            processor;
        value           nonuniform List<scalar> 
192
(
1.00229
1.00435
1.00499
0.99592
1.00024
1.0008
1.00058
0.999433
1.00099
1.00104
1.00089
1.00052
1.00095
1.00094
1.00086
1.00072
1.0009
1.00088
1.00083
1.00076
1.00085
1.00083
1.00079
1.00075
1.0008
1.00078
1.00075
1.00072
1.00074
1.00073
1.00071
1.00069
1.00069
1.00068
1.00066
1.00065
1.00063
1.00063
1.00062
1.00061
1.00058
1.00058
1.00057
1.00057
1.00054
1.00053
1.00053
1.00052
1.00049
1.00049
1.00048
1.00048
1.00045
1.00044
1.00044
1.00044
1.0004
1.0004
1.0004
1.0004
1.00036
1.00036
1.00036
1.00035
1.00032
1.00031
1.00031
1.00031
1.00027
1.00027
1.00027
1.00027
1.00023
1.00023
1.00023
1.00023
1.00019
1.00019
1.00019
1.00019
1.00015
1.00015
1.00015
1.00015
1.0001
1.0001
1.0001
1.0001
1.00006
1.00006
1.00006
1.00006
1.00002
1.00002
1.00002
1.00002
1.00395
1.00162
0.998202
0.992468
1.00077
1.00026
0.999591
0.999258
1.00119
1.00102
1.00089
1.00084
1.00104
1.00102
1.00098
1.00093
1.00096
1.00095
1.00094
1.00091
1.00089
1.00089
1.00088
1.00087
1.00083
1.00083
1.00082
1.00081
1.00077
1.00076
1.00076
1.00075
1.00071
1.0007
1.0007
1.00069
1.00065
1.00065
1.00065
1.00064
1.0006
1.0006
1.00059
1.00059
1.00055
1.00055
1.00054
1.00054
1.0005
1.0005
1.0005
1.00049
1.00045
1.00045
1.00045
1.00045
1.00041
1.00041
1.0004
1.0004
1.00036
1.00036
1.00036
1.00036
1.00032
1.00032
1.00032
1.00032
1.00027
1.00027
1.00027
1.00027
1.00023
1.00023
1.00023
1.00023
1.00019
1.00019
1.00019
1.00019
1.00015
1.00015
1.00015
1.00015
1.0001
1.0001
1.0001
1.0001
1.00006
1.00006
1.00006
1.00006
1.00002
1.00002
1.00002
1.00002
)
;
    }
}


// ************************************************************************* //
