/*--------------------------------*- C++ -*----------------------------------*\
  =========                 |
  \\      /  F ield         | OpenFOAM: The Open Source CFD Toolbox
   \\    /   O peration     | Website:  https://openfoam.org
    \\  /    A nd           | Version:  6
     \\/     M anipulation  |
\*---------------------------------------------------------------------------*/
FoamFile
{
    version     2.0;
    format      ascii;
    class       volVectorField;
    location    "0.02";
    object      stored_U;
}
// * * * * * * * * * * * * * * * * * * * * * * * * * * * * * * * * * * * * * //

dimensions      [0 1 -1 0 0 0 0];

internalField   nonuniform List<vector> 
1152
(
(0.00206574 -0.00966122 -0.0062609)
(0.000190459 0.000823057 0.000506822)
(0.000181119 0.0117366 0.0058152)
(-0.0031634 -0.00508153 0.00351922)
(-0.00225777 -0.00262144 -0.00348086)
(-0.0148828 0.00846199 -0.00208219)
(-0.000276945 0.0214286 0.00976064)
(0.00313855 0.00279292 0.00471909)
(-0.0069877 -0.0022693 0.00225769)
(-0.0130468 -0.000728465 0.00467996)
(-0.0129398 0.00302718 0.00475679)
(0.00188942 -0.00210935 0.000248644)
(-0.00381447 -0.00199776 0.000484758)
(-0.0042657 0.00363612 0.000155081)
(-0.0104219 0.00110394 0.00178141)
(-0.000628143 -0.00493612 -5.5775e-05)
(0.000400231 -0.00111006 0.016578)
(0.000482938 -0.000720946 0.00956777)
(-6.06292e-05 0.000106762 0.00569735)
(-0.000431114 -0.00200941 0.00611438)
(-0.000875152 -0.00279057 0.0118798)
(-0.00253621 -0.0020856 0.0124148)
(-0.00137272 0.000606698 0.0156313)
(0.000280903 -0.000125943 0.0133046)
(-0.0024886 -0.00118275 0.010248)
(-0.00332425 -0.00140748 0.0123551)
(-0.00254399 -0.000216671 0.0118022)
(-0.000437539 0.000338761 0.00295921)
(-0.00162639 7.09912e-05 0.00939266)
(-0.00157261 0.00020993 0.00897963)
(-0.00163919 -0.000231287 0.00453975)
(-0.000859983 -0.000402694 -0.00275975)
(0.000733768 -0.000415788 0.00750822)
(0.00168385 -0.000988552 0.00604917)
(0.00163318 -0.00125302 0.00486996)
(0.00124473 -0.00143057 0.00443452)
(0.000278781 -0.000565235 0.00640591)
(0.000783209 -0.000860373 0.00659382)
(0.0012005 -0.00057015 0.00666638)
(0.00131424 -0.000376162 0.0056152)
(0.000198673 -0.000432465 0.00567104)
(0.000599505 -0.000333675 0.00637941)
(0.00110658 0.000109959 0.00567918)
(0.00108569 0.000372121 0.00352732)
(0.000927687 -0.000521609 0.00530111)
(0.00125805 -0.000282914 0.00510983)
(0.00142149 -0.000167443 0.00354906)
(0.00093338 -0.000129386 0.0020142)
(0.000609566 -0.000487741 0.00649335)
(0.00123293 -0.000755208 0.00592646)
(0.00128666 -0.000882835 0.00525027)
(0.00103297 -0.000877545 0.00471988)
(0.000512062 -0.000322071 0.00620621)
(0.000963983 -0.000463619 0.00606771)
(0.00117518 -0.000459196 0.0056688)
(0.00105763 -0.000387758 0.00503971)
(0.000625869 -0.000386934 0.00589271)
(0.000975882 -0.000256275 0.0058474)
(0.00120555 -8.94155e-05 0.00530656)
(0.000993343 -2.81944e-05 0.0045339)
(0.00102805 -0.000552162 0.00586977)
(0.0012576 -0.000370506 0.00548802)
(0.00132067 -0.00025929 0.00469795)
(0.000938193 -0.00024715 0.00403813)
(0.000509382 -0.00040841 0.00582014)
(0.000779938 -0.000508758 0.00555792)
(0.000801769 -0.000549624 0.00520243)
(0.000651358 -0.000542805 0.00488226)
(0.00049098 -0.000339388 0.00579678)
(0.000706736 -0.000378311 0.00564833)
(0.000777127 -0.000382365 0.0053658)
(0.000661983 -0.000364355 0.00502726)
(0.000551612 -0.000377932 0.00573366)
(0.000728879 -0.000313546 0.00558833)
(0.000799606 -0.00025349 0.0052676)
(0.000650014 -0.000235979 0.00490315)
(0.000708198 -0.000448838 0.00579204)
(0.000834455 -0.000372304 0.00551707)
(0.000845011 -0.000321316 0.00511188)
(0.000641166 -0.000310605 0.00476448)
(0.000386056 -0.00032383 0.0055457)
(0.000494685 -0.000358244 0.00539859)
(0.00049429 -0.000368842 0.00520561)
(0.000403946 -0.000365022 0.00502673)
(0.000384391 -0.000311778 0.00558865)
(0.000477671 -0.000319031 0.00546914)
(0.000490788 -0.000318129 0.00529386)
(0.00040912 -0.000312853 0.00511103)
(0.000407169 -0.000327751 0.00561104)
(0.000489261 -0.000303305 0.00548495)
(0.000500807 -0.000282648 0.00529702)
(0.000409525 -0.000274965 0.00510732)
(0.000459064 -0.000349517 0.00567429)
(0.00052487 -0.000325841 0.00550214)
(0.0005191 -0.0003077 0.00528442)
(0.000412404 -0.000299813 0.00509477)
(0.000277961 -0.000249149 0.00544674)
(0.00032258 -0.000261256 0.00535833)
(0.00031407 -0.000263017 0.0052475)
(0.000258452 -0.000259949 0.00514442)
(0.000277912 -0.000254988 0.00550135)
(0.00031889 -0.000256393 0.00541566)
(0.000315051 -0.000255054 0.00530733)
(0.000262066 -0.000252463 0.00520294)
(0.000284513 -0.000262966 0.00554433)
(0.000323229 -0.000255828 0.0054531)
(0.000319387 -0.000249237 0.00533966)
(0.000264286 -0.00024552 0.00523293)
(0.000299449 -0.000268347 0.00559895)
(0.000333848 -0.000264107 0.00549168)
(0.000326078 -0.000259306 0.0053678)
(0.0002674 -0.000255546 0.0052589)
(0.000195676 -0.000188216 0.00541608)
(0.000214813 -0.000192779 0.00536162)
(0.000205441 -0.000192265 0.00529487)
(0.000170718 -0.000189711 0.00523289)
(0.000195066 -0.000197876 0.00546579)
(0.000213934 -0.000198867 0.00540784)
(0.000206957 -0.000198178 0.00533998)
(0.000173525 -0.00019653 0.00527699)
(0.000195413 -0.000203033 0.00550765)
(0.000214762 -0.000202577 0.00544606)
(0.000208737 -0.000201139 0.00537579)
(0.000175425 -0.000199491 0.00531164)
(0.000197793 -0.000203603 0.0055518)
(0.000216625 -0.0002057 0.00548454)
(0.000210594 -0.000205828 0.00541053)
(0.000177209 -0.000204675 0.00534491)
(0.000136585 -0.000140555 0.00540981)
(0.00014532 -0.000142526 0.00537669)
(0.00013764 -0.000141645 0.00533539)
(0.000115758 -0.000139623 0.0052968)
(0.000135578 -0.00014983 0.00545146)
(0.00014493 -0.000150999 0.00541339)
(0.000138862 -0.000150845 0.00537021)
(0.000117937 -0.000149759 0.00533067)
(0.000133866 -0.00015371 0.00548672)
(0.00014435 -0.000155461 0.00544619)
(0.000139475 -0.000155856 0.0054017)
(0.000119306 -0.000155242 0.00536146)
(0.000132317 -0.000153093 0.00552131)
(0.000143345 -0.000156761 0.00547877)
(0.00013946 -0.000158448 0.00543296)
(0.000120174 -0.000158499 0.005392)
(9.52111e-05 -0.000104215 0.00541216)
(9.95697e-05 -0.000105259 0.00539293)
(9.39788e-05 -0.0001045 0.00536703)
(8.00921e-05 -0.000102951 0.00534231)
(9.41172e-05 -0.000112023 0.00544632)
(9.9224e-05 -0.00011322 0.00542181)
(9.48435e-05 -0.000113346 0.00539391)
(8.17739e-05 -0.000112618 0.00536831)
(9.1997e-05 -0.000115102 0.00547457)
(9.82192e-05 -0.000117302 0.00544814)
(9.49488e-05 -0.000118236 0.0054194)
(8.27418e-05 -0.000118086 0.00539336)
(8.95573e-05 -0.000114364 0.00550122)
(9.65015e-05 -0.000117952 0.00547405)
(9.432e-05 -0.000119897 0.00544489)
(8.31375e-05 -0.000120383 0.00541854)
(6.65397e-05 -7.69141e-05 0.005417)
(6.89693e-05 -7.75901e-05 0.00540694)
(6.51357e-05 -7.70329e-05 0.00539068)
(5.62696e-05 -7.58678e-05 0.0053745)
(6.55292e-05 -8.31564e-05 0.00544504)
(6.86242e-05 -8.42431e-05 0.00542963)
(6.57273e-05 -8.44748e-05 0.00541139)
(5.75617e-05 -8.39727e-05 0.00539441)
(6.3583e-05 -8.56218e-05 0.00546727)
(6.76063e-05 -8.76481e-05 0.00545014)
(6.56376e-05 -8.86265e-05 0.00543126)
(5.82605e-05 -8.86578e-05 0.00541397)
(6.12591e-05 -8.50344e-05 0.0054876)
(6.59272e-05 -8.80573e-05 0.00547014)
(6.48989e-05 -8.98029e-05 0.00545115)
(5.8439e-05 -9.03742e-05 0.00543374)
(4.67105e-05 -5.65931e-05 0.00542198)
(4.82268e-05 -5.7091e-05 0.00541804)
(4.56862e-05 -5.67059e-05 0.00540797)
(3.99915e-05 -5.5838e-05 0.00539725)
(4.58492e-05 -6.14591e-05 0.00544526)
(4.79046e-05 -6.2376e-05 0.00543595)
(4.60904e-05 -6.26226e-05 0.00542395)
(4.09799e-05 -6.22655e-05 0.00541247)
(4.42382e-05 -6.34216e-05 0.0054627)
(4.70202e-05 -6.50997e-05 0.00545172)
(4.59453e-05 -6.59534e-05 0.00543915)
(4.14964e-05 -6.60393e-05 0.00542742)
(4.2305e-05 -6.30175e-05 0.00547815)
(4.56038e-05 -6.54111e-05 0.00546691)
(4.52787e-05 -6.68379e-05 0.00545432)
(4.15802e-05 -6.73574e-05 0.00544256)
(3.29613e-05 -4.1557e-05 0.00542632)
(3.3999e-05 -4.19441e-05 0.00542648)
(3.23499e-05 -4.16848e-05 0.00542049)
(2.86686e-05 -4.10418e-05 0.00541333)
(3.22599e-05 -4.52947e-05 0.00544599)
(3.37179e-05 -4.60352e-05 0.00544078)
(3.26287e-05 -4.62573e-05 0.00543287)
(2.94209e-05 -4.59974e-05 0.00542501)
(3.09887e-05 -4.68428e-05 0.00545973)
(3.30004e-05 -4.81661e-05 0.00545284)
(3.2485e-05 -4.88564e-05 0.00544439)
(2.98084e-05 -4.89459e-05 0.00543631)
(2.94686e-05 -4.65904e-05 0.00547146)
(3.18774e-05 -4.84283e-05 0.00546429)
(3.19397e-05 -4.95433e-05 0.00545582)
(2.98517e-05 -4.99711e-05 0.00544773)
(2.33798e-05 -3.04726e-05 0.00542984)
(2.41347e-05 -3.07774e-05 0.00543278)
(2.30782e-05 -3.06048e-05 0.0054295)
(2.06816e-05 -3.013e-05 0.00542474)
(2.2825e-05 -3.3316e-05 0.0054468)
(2.39009e-05 -3.38976e-05 0.00544436)
(2.32728e-05 -3.40826e-05 0.00543919)
(2.12512e-05 -3.38908e-05 0.00543375)
(2.18474e-05 -3.45261e-05 0.00545775)
(2.33398e-05 -3.55427e-05 0.0054536)
(2.315e-05 -3.608e-05 0.00544788)
(2.15436e-05 -3.61563e-05 0.00544225)
(2.06848e-05 -3.43833e-05 0.00546668)
(2.24766e-05 -3.57711e-05 0.00546219)
(2.27242e-05 -3.66215e-05 0.00545644)
(2.15694e-05 -3.69569e-05 0.0054508)
(1.66613e-05 -2.23186e-05 0.00543258)
(1.72287e-05 -2.25575e-05 0.00543742)
(1.65575e-05 -2.24428e-05 0.00543599)
(1.49854e-05 -2.20932e-05 0.00543286)
(1.62308e-05 -2.44662e-05 0.00544753)
(1.70407e-05 -2.49146e-05 0.00544698)
(1.66947e-05 -2.50622e-05 0.00544367)
(1.54141e-05 -2.49198e-05 0.00543989)
(1.54904e-05 -2.54041e-05 0.0054564)
(1.66111e-05 -2.61733e-05 0.0054541)
(1.65964e-05 -2.65824e-05 0.00545024)
(1.56348e-05 -2.66425e-05 0.00544626)
(1.46148e-05 -2.53344e-05 0.00546323)
(1.5959e-05 -2.63719e-05 0.00546055)
(1.62722e-05 -2.70114e-05 0.00545662)
(1.56522e-05 -2.72674e-05 0.00545264)
(1.19178e-05 -1.63247e-05 0.00543467)
(1.23502e-05 -1.65101e-05 0.00544082)
(1.1926e-05 -1.64338e-05 0.00544066)
(1.08866e-05 -1.6177e-05 0.00543866)
(1.15886e-05 -1.7937e-05 0.00544814)
(1.22026e-05 -1.82781e-05 0.00544889)
(1.20234e-05 -1.83929e-05 0.00544685)
(1.12074e-05 -1.8287e-05 0.00544422)
(1.10335e-05 -1.86581e-05 0.00545546)
(1.18781e-05 -1.92343e-05 0.00545444)
(1.19474e-05 -1.95417e-05 0.00545183)
(1.13732e-05 -1.95873e-05 0.00544901)
(1.03802e-05 -1.86339e-05 0.00546074)
(1.13908e-05 -1.94043e-05 0.00545928)
(1.17041e-05 -1.98809e-05 0.0054566)
(1.13858e-05 -2.00733e-05 0.00545376)
(8.54407e-06 -1.1916e-05 0.00543625)
(8.87415e-06 -1.20581e-05 0.0054433)
(8.60686e-06 -1.20071e-05 0.00544402)
(7.91442e-06 -1.18192e-05 0.00544282)
(8.29514e-06 -1.31192e-05 0.00544863)
(8.76035e-06 -1.33759e-05 0.00545027)
(8.67621e-06 -1.34636e-05 0.00544912)
(8.15291e-06 -1.33851e-05 0.00544729)
(7.88218e-06 -1.36691e-05 0.00545481)
(8.51767e-06 -1.40973e-05 0.00545466)
(8.61858e-06 -1.43262e-05 0.00545293)
(8.27678e-06 -1.43599e-05 0.00545092)
(7.39822e-06 -1.36708e-05 0.00545894)
(8.15624e-06 -1.42398e-05 0.00545832)
(8.43786e-06 -1.45925e-05 0.00545649)
(8.28616e-06 -1.47357e-05 0.00545445)
(6.12465e-06 -8.66555e-06 0.00543742)
(6.37526e-06 -8.77306e-06 0.00544511)
(6.20712e-06 -8.73887e-06 0.00544644)
(5.74292e-06 -8.60198e-06 0.0054458)
(5.9385e-06 -9.5571e-06 0.005449)
(6.28886e-06 -9.74824e-06 0.00545127)
(6.25656e-06 -9.81425e-06 0.00545074)
(5.91895e-06 -9.75649e-06 0.00544947)
(5.63374e-06 -9.97238e-06 0.00545435)
(6.10905e-06 -1.02882e-05 0.00545481)
(6.21346e-06 -1.04572e-05 0.00545369)
(6.01078e-06 -1.04819e-05 0.00545224)
(5.27775e-06 -9.98722e-06 0.00545764)
(5.84299e-06 -1.04048e-05 0.0054576)
(6.08033e-06 -1.0664e-05 0.00545635)
(6.0179e-06 -1.07695e-05 0.00545488)
(4.37224e-06 -6.25711e-06 0.00543828)
(4.56026e-06 -6.33712e-06 0.00544641)
(4.4547e-06 -6.31409e-06 0.00544818)
(4.1425e-06 -6.21512e-06 0.00544793)
(4.23485e-06 -6.91103e-06 0.00544929)
(4.49575e-06 -7.05156e-06 0.00545199)
(4.48982e-06 -7.10045e-06 0.00545189)
(4.27109e-06 -7.05831e-06 0.00545103)
(4.01226e-06 -7.22069e-06 0.00545402)
(4.36402e-06 -7.45117e-06 0.0054549)
(4.45805e-06 -7.57458e-06 0.00545421)
(4.33842e-06 -7.59256e-06 0.00545317)
(3.75293e-06 -7.24041e-06 0.0054567)
(4.17012e-06 -7.54413e-06 0.00545706)
(4.36096e-06 -7.73279e-06 0.00545623)
(4.34384e-06 -7.80963e-06 0.00545516)
(3.08576e-06 -4.45572e-06 0.00543891)
(3.22402e-06 -4.51396e-06 0.00544734)
(3.15805e-06 -4.49844e-06 0.00544941)
(2.94874e-06 -4.42788e-06 0.00544944)
(2.98627e-06 -4.92741e-06 0.0054495)
(3.17688e-06 -5.0288e-06 0.00545251)
(3.18274e-06 -5.06424e-06 0.00545271)
(3.04112e-06 -5.03394e-06 0.00545213)
(2.82637e-06 -5.15387e-06 0.0054538)
(3.08206e-06 -5.31932e-06 0.00545497)
(3.15981e-06 -5.40789e-06 0.00545457)
(3.08963e-06 -5.42072e-06 0.00545382)
(2.64044e-06 -5.17358e-06 0.00545603)
(2.94303e-06 -5.39109e-06 0.00545667)
(3.09017e-06 -5.52628e-06 0.00545613)
(3.09364e-06 -5.58136e-06 0.00545534)
(2.12252e-06 -3.08577e-06 0.00543935)
(2.22072e-06 -3.12671e-06 0.005448)
(2.18006e-06 -3.11637e-06 0.00545028)
(2.04206e-06 -3.06744e-06 0.0054505)
(2.05278e-06 -3.41578e-06 0.00544965)
(2.18747e-06 -3.48661e-06 0.00545287)
(2.19701e-06 -3.51143e-06 0.00545328)
(2.10649e-06 -3.49027e-06 0.0054529)
(1.94133e-06 -3.57595e-06 0.00545364)
(2.12129e-06 -3.69118e-06 0.00545502)
(2.18099e-06 -3.75285e-06 0.00545482)
(2.14039e-06 -3.7617e-06 0.00545427)
(1.81192e-06 -3.59288e-06 0.00545557)
(2.02454e-06 -3.74416e-06 0.00545639)
(2.13255e-06 -3.8382e-06 0.00545605)
(2.14324e-06 -3.87655e-06 0.00545546)
(1.3809e-06 -2.01534e-06 0.00543965)
(1.44647e-06 -2.04223e-06 0.00544844)
(1.42248e-06 -2.03552e-06 0.00545086)
(1.33577e-06 -2.0034e-06 0.00545121)
(1.33515e-06 -2.23235e-06 0.00544976)
(1.42461e-06 -2.27877e-06 0.00545311)
(1.4336e-06 -2.29498e-06 0.00545366)
(1.37818e-06 -2.28098e-06 0.00545341)
(1.2621e-06 -2.33842e-06 0.00545354)
(1.38122e-06 -2.41392e-06 0.00545505)
(1.42315e-06 -2.45428e-06 0.00545499)
(1.40056e-06 -2.46e-06 0.00545457)
(1.17729e-06 -2.35104e-06 0.00545525)
(1.31785e-06 -2.45011e-06 0.0054562)
(1.39146e-06 -2.51166e-06 0.00545599)
(1.40254e-06 -2.53673e-06 0.00545553)
(7.9913e-07 -1.15472e-06 0.00543984)
(8.38707e-07 -1.16979e-06 0.00544872)
(8.26803e-07 -1.1653e-06 0.00545122)
(7.78883e-07 -1.14616e-06 0.00545165)
(7.73568e-07 -1.27875e-06 0.00544982)
(8.2675e-07 -1.30498e-06 0.00545326)
(8.33817e-07 -1.31376e-06 0.00545389)
(8.03901e-07 -1.30519e-06 0.00545373)
(7.31914e-07 -1.33911e-06 0.00545348)
(8.0219e-07 -1.3822e-06 0.00545506)
(8.28235e-07 -1.40504e-06 0.00545509)
(8.17212e-07 -1.40802e-06 0.00545475)
(6.83361e-07 -1.34624e-06 0.00545506)
(7.66005e-07 -1.40299e-06 0.00545608)
(8.10262e-07 -1.43813e-06 0.00545595)
(8.18609e-07 -1.45235e-06 0.00545557)
(3.9965e-07 -5.28085e-07 0.00543993)
(4.2369e-07 -5.33448e-07 0.00544885)
(4.22366e-07 -5.29436e-07 0.0054514)
(4.02562e-07 -5.1865e-07 0.00545188)
(3.90573e-07 -5.82155e-07 0.00544985)
(4.20284e-07 -5.92435e-07 0.00545333)
(4.27498e-07 -5.94791e-07 0.00545401)
(4.15918e-07 -5.89347e-07 0.00545389)
(3.73179e-07 -6.06618e-07 0.00545343)
(4.10526e-07 -6.25022e-07 0.00545506)
(4.26306e-07 -6.3436e-07 0.00545514)
(4.23247e-07 -6.34832e-07 0.00545485)
(3.5185e-07 -6.0675e-07 0.00545494)
(3.94842e-07 -6.32068e-07 0.00545601)
(4.18792e-07 -6.47694e-07 0.00545593)
(4.24405e-07 -6.53976e-07 0.00545559)
(-0.00032244 0.00110742 0.00449739)
(0.00268092 0.00208987 0.00482297)
(0.00939688 -0.000571466 0.00218026)
(-0.000165805 -0.00207442 0.00221335)
(0.0003116 -0.00018125 0.000849974)
(0.0021983 -0.000337005 0.00350915)
(0.0014578 -0.0031628 0.00393716)
(-0.00162673 -0.00411072 0.0015999)
(0.000182112 6.02363e-05 0.000556679)
(0.00144604 4.54579e-05 0.00256402)
(-0.00394763 -0.00512155 -0.00122492)
(-0.00478216 -0.00450358 -0.00110298)
(0.000179295 0.000757611 0.000274155)
(0.00503651 0.0113037 -0.00226619)
(0.000898754 0.00950673 -0.00133563)
(-0.00488081 -0.000679795 0.000441161)
(3.38008e-05 0.000375661 0.00481952)
(0.00103382 0.00041507 0.00617135)
(0.00176151 -9.22605e-05 0.00798961)
(0.00103674 -0.00060571 0.0107354)
(-0.000115797 0.000112406 0.00631168)
(0.000254117 0.000127408 0.00595668)
(0.000589339 -0.000165285 0.00713312)
(0.000145817 -0.00102285 0.00887215)
(2.96386e-05 9.8896e-05 0.00834614)
(0.000533736 0.000571396 0.00698652)
(3.61178e-05 0.000512515 0.00854661)
(-0.00106597 0.000415523 0.00738269)
(-2.56179e-05 -0.000696037 0.0147959)
(0.000477185 0.00134791 0.0156594)
(1.28678e-06 0.00244252 0.0241171)
(-0.00079796 0.00126082 0.0106769)
(-0.00032822 0.00017648 0.00402809)
(-0.000396459 -4.26322e-05 0.0046002)
(-0.000293308 -0.000228247 0.00540324)
(-5.07745e-05 -0.000312315 0.0063697)
(9.65439e-05 -0.000328583 0.00393198)
(-8.05597e-05 -0.000297679 0.00433595)
(-0.000174793 -0.000274535 0.00497137)
(-4.91592e-05 -0.000294408 0.00557216)
(0.000335668 -0.00123475 0.00389595)
(0.000286524 -0.00108759 0.00419186)
(0.000273879 -0.000889863 0.00471285)
(0.00026063 -0.000542006 0.00465465)
(0.000222667 -0.00123548 0.00626502)
(0.000343913 -0.00093773 0.00700947)
(0.000711357 -0.000673631 0.00874783)
(0.00102425 -0.000603626 0.00577638)
(8.31178e-06 -0.00017504 0.00504987)
(-7.3331e-05 -0.000311959 0.00538814)
(-2.4555e-05 -0.000410874 0.00580768)
(0.000122374 -0.000451948 0.00616836)
(0.000166 -0.000429317 0.00504792)
(6.98337e-05 -0.000463358 0.00529305)
(6.2879e-05 -0.000472467 0.00564384)
(0.000208381 -0.000407391 0.00594464)
(0.000233239 -0.000993584 0.00508814)
(0.000175799 -0.00100885 0.00531134)
(0.000286353 -0.000942806 0.00561217)
(0.000459113 -0.000656582 0.00571934)
(0.000121337 -0.000946036 0.00639918)
(0.000185509 -0.00096011 0.00660233)
(0.000587617 -0.000915419 0.00687672)
(0.000947228 -0.000756245 0.00623575)
(0.000161661 -0.000254606 0.00518507)
(0.000150939 -0.000318751 0.00538012)
(0.000198166 -0.000370797 0.00557095)
(0.00028338 -0.000396754 0.00571458)
(0.000176918 -0.000366894 0.00527812)
(0.00016707 -0.000397342 0.00544923)
(0.000207172 -0.00041716 0.00562056)
(0.000318131 -0.000394908 0.00574135)
(0.000164504 -0.00062117 0.00536762)
(0.000168797 -0.000640146 0.00555209)
(0.000263371 -0.00062068 0.00571467)
(0.000406861 -0.000503027 0.00575653)
(9.26508e-05 -0.000597728 0.00602045)
(0.000169371 -0.000622559 0.00617509)
(0.000384066 -0.000616908 0.00626106)
(0.000597323 -0.000544527 0.00602801)
(0.000186849 -0.000243133 0.00523171)
(0.000199484 -0.000272382 0.00536211)
(0.000237147 -0.000299839 0.00546589)
(0.000284965 -0.000316991 0.00553105)
(0.000158606 -0.000296401 0.00533569)
(0.000179606 -0.00031575 0.00546481)
(0.00022444 -0.000332858 0.00555959)
(0.000296305 -0.000331993 0.00560536)
(0.000121416 -0.000398407 0.00543021)
(0.000152856 -0.000410163 0.00556934)
(0.000222947 -0.000407453 0.00565755)
(0.000317353 -0.000371355 0.00566758)
(7.02942e-05 -0.000380375 0.00574644)
(0.000142464 -0.000396459 0.00586412)
(0.000255593 -0.000401607 0.0059061)
(0.000373943 -0.0003801 0.00581069)
(0.00016274 -0.000199856 0.00522577)
(0.000177998 -0.00021433 0.0053348)
(0.000203731 -0.000230941 0.00541116)
(0.000230523 -0.000243289 0.00545303)
(0.000128831 -0.000229559 0.00532618)
(0.000154519 -0.000241671 0.0054387)
(0.000190048 -0.000254872 0.00550633)
(0.000233838 -0.000259935 0.00552938)
(9.05641e-05 -0.000269422 0.0054164)
(0.000125748 -0.000278463 0.00553384)
(0.000175721 -0.000283032 0.00559267)
(0.000234242 -0.000275208 0.00559407)
(5.07832e-05 -0.00025397 0.00558258)
(0.000107834 -0.000266595 0.00568768)
(0.000176091 -0.000275784 0.00572064)
(0.000245684 -0.000274078 0.00567998)
(0.000127657 -0.000153863 0.00521331)
(0.000139946 -0.000162435 0.00531607)
(0.00015674 -0.000173763 0.00538465)
(0.000172123 -0.0001831 0.00542097)
(9.91064e-05 -0.000173228 0.00530202)
(0.00012088 -0.000181275 0.00540907)
(0.000146171 -0.000191295 0.00546868)
(0.000172782 -0.000197219 0.00548755)
(6.70784e-05 -0.000188917 0.00538118)
(9.70254e-05 -0.000196378 0.00549064)
(0.000131631 -0.000203099 0.00554068)
(0.000167737 -0.000204238 0.00554313)
(3.62214e-05 -0.000176557 0.00547943)
(7.82089e-05 -0.000187097 0.00558331)
(0.000122507 -0.000196797 0.00561879)
(0.000165329 -0.000201256 0.00560128)
(9.56364e-05 -0.000114866 0.00520394)
(0.000104314 -0.000120734 0.00530561)
(0.000115129 -0.000129023 0.00537274)
(0.000124228 -0.000136255 0.00540863)
(7.3968e-05 -0.000128684 0.00527957)
(9.02834e-05 -0.000134447 0.00538576)
(0.00010757 -0.000142106 0.00544422)
(0.000124008 -0.000147461 0.00546447)
(4.91976e-05 -0.00013527 0.00534619)
(7.20424e-05 -0.000141376 0.00545376)
(9.56293e-05 -0.000147925 0.00550283)
(0.000118279 -0.00015147 0.00550952)
(2.57939e-05 -0.000125955 0.00541092)
(5.57306e-05 -0.000134559 0.00551633)
(8.52574e-05 -0.000143162 0.00555634)
(0.000112472 -0.000148767 0.00555148)
(7.00856e-05 -8.43963e-05 0.00519884)
(7.59044e-05 -8.87876e-05 0.00530097)
(8.28691e-05 -9.50648e-05 0.00536847)
(8.83924e-05 -0.000100713 0.00540515)
(5.43006e-05 -9.46998e-05 0.00526274)
(6.58935e-05 -9.90599e-05 0.00536968)
(7.75375e-05 -0.000104958 0.00542914)
(8.79013e-05 -0.000109422 0.00545191)
(3.58117e-05 -9.79163e-05 0.00531816)
(5.23538e-05 -0.000102831 0.00542615)
(6.83506e-05 -0.000108427 0.00547674)
(8.28768e-05 -0.000112167 0.00548787)
(1.83577e-05 -9.11847e-05 0.00536458)
(3.93671e-05 -9.79978e-05 0.00547185)
(5.93052e-05 -0.000105034 0.0055159)
(7.70581e-05 -0.000110127 0.00551912)
(5.08296e-05 -6.15072e-05 0.00519682)
(5.46525e-05 -6.49162e-05 0.00529971)
(5.9168e-05 -6.97266e-05 0.00536791)
(6.26013e-05 -7.41301e-05 0.00540545)
(3.95175e-05 -6.93115e-05 0.00525119)
(4.75591e-05 -7.26955e-05 0.00535922)
(5.53838e-05 -7.7245e-05 0.00542006)
(6.20566e-05 -8.08302e-05 0.00544512)
(2.59511e-05 -7.12513e-05 0.00529757)
(3.76268e-05 -7.5141e-05 0.00540661)
(4.84877e-05 -7.96534e-05 0.00545912)
(5.80105e-05 -8.29089e-05 0.00547389)
(1.30686e-05 -6.65255e-05 0.00533289)
(2.77041e-05 -7.1796e-05 0.00544178)
(4.12858e-05 -7.73126e-05 0.00548894)
(5.31188e-05 -8.14761e-05 0.00549756)
(3.67025e-05 -4.46547e-05 0.00519659)
(3.92013e-05 -4.73213e-05 0.00530015)
(4.2159e-05 -5.10095e-05 0.00536898)
(4.43406e-05 -5.44197e-05 0.00540718)
(2.86401e-05 -5.05796e-05 0.00524362)
(3.41651e-05 -5.32217e-05 0.00535265)
(3.94431e-05 -5.67199e-05 0.00541468)
(4.38262e-05 -5.95379e-05 0.00544148)
(1.87665e-05 -5.19751e-05 0.00528304)
(2.69126e-05 -5.501e-05 0.00539312)
(3.43195e-05 -5.8539e-05 0.00544729)
(4.06862e-05 -6.11752e-05 0.00546475)
(9.31413e-06 -4.87227e-05 0.00531108)
(1.94869e-05 -5.27351e-05 0.0054212)
(2.88081e-05 -5.6959e-05 0.00547062)
(3.68371e-05 -6.0208e-05 0.00548291)
(2.64686e-05 -3.23724e-05 0.00519725)
(2.81072e-05 -3.44487e-05 0.00530132)
(3.00678e-05 -3.72641e-05 0.00537062)
(3.14828e-05 -3.98839e-05 0.00540925)
(2.07249e-05 -3.6857e-05 0.00523879)
(2.45144e-05 -3.89121e-05 0.00534859)
(2.80992e-05 -4.15872e-05 0.00541153)
(3.10308e-05 -4.37699e-05 0.00543954)
(1.35648e-05 -3.7957e-05 0.00527299)
(1.92272e-05 -4.02972e-05 0.00538391)
(2.43104e-05 -4.30087e-05 0.00543934)
(2.86395e-05 -4.50708e-05 0.0054587)
(6.65054e-06 -3.5748e-05 0.00529599)
(1.37287e-05 -3.87703e-05 0.005407)
(2.01721e-05 -4.19603e-05 0.00545802)
(2.57009e-05 -4.44371e-05 0.00547278)
(1.90942e-05 -2.34631e-05 0.00519825)
(2.01773e-05 -2.50657e-05 0.00530269)
(2.14933e-05 -2.72022e-05 0.00537231)
(2.24285e-05 -2.91987e-05 0.00541121)
(1.49952e-05 -2.68417e-05 0.00523574)
(1.76015e-05 -2.84283e-05 0.00534611)
(2.00563e-05 -3.04613e-05 0.00540971)
(2.20485e-05 -3.21332e-05 0.00543854)
(9.80925e-06 -2.77333e-05 0.0052661)
(1.37483e-05 -2.95207e-05 0.00537764)
(1.72615e-05 -3.15805e-05 0.00543398)
(2.02469e-05 -3.3163e-05 0.00545463)
(4.75928e-06 -2.62457e-05 0.00528551)
(9.699e-06 -2.85062e-05 0.00539715)
(1.41845e-05 -3.08951e-05 0.00544927)
(1.80378e-05 -3.27589e-05 0.0054657)
(1.37868e-05 -1.70101e-05 0.00519929)
(1.45102e-05 -1.82357e-05 0.00530399)
(1.54043e-05 -1.98469e-05 0.00537382)
(1.60331e-05 -2.13571e-05 0.00541288)
(1.08544e-05 -1.95429e-05 0.00523384)
(1.26558e-05 -2.07575e-05 0.00534462)
(1.43509e-05 -2.22929e-05 0.00540866)
(1.57231e-05 -2.35623e-05 0.00543805)
(7.09897e-06 -2.02644e-05 0.00526138)
(9.84763e-06 -2.16186e-05 0.00537337)
(1.22929e-05 -2.31709e-05 0.00543034)
(1.43755e-05 -2.43709e-05 0.00545187)
(3.4136e-06 -1.92676e-05 0.00527821)
(6.87461e-06 -2.09499e-05 0.00539028)
(1.00176e-05 -2.27288e-05 0.00544315)
(1.27291e-05 -2.41204e-05 0.00546072)
(9.96208e-06 -1.23333e-05 0.00520024)
(1.04507e-05 -1.32623e-05 0.00530512)
(1.1065e-05 -1.447e-05 0.00537509)
(1.14943e-05 -1.56045e-05 0.00541425)
(7.85973e-06 -1.42227e-05 0.00523266)
(9.11189e-06 -1.51446e-05 0.00534372)
(1.02915e-05 -1.62971e-05 0.00540807)
(1.12472e-05 -1.72536e-05 0.00543782)
(5.14032e-06 -1.47994e-05 0.00525814)
(7.06592e-06 -1.58182e-05 0.00537045)
(8.77876e-06 -1.69803e-05 0.00542785)
(1.02445e-05 -1.78825e-05 0.00544997)
(2.45297e-06 -1.41333e-05 0.00527309)
(4.88777e-06 -1.538e-05 0.00538546)
(7.10247e-06 -1.66989e-05 0.00543885)
(9.02452e-06 -1.77323e-05 0.00545719)
(7.19763e-06 -8.93612e-06 0.00520104)
(7.53116e-06 -9.63424e-06 0.00530604)
(7.95713e-06 -1.05337e-05 0.00537611)
(8.25376e-06 -1.13803e-05 0.00541532)
(5.68861e-06 -1.0338e-05 0.00523193)
(6.56348e-06 -1.1032e-05 0.00534318)
(7.38959e-06 -1.18917e-05 0.00540774)
(8.06058e-06 -1.26071e-05 0.00543773)
(3.72078e-06 -1.07919e-05 0.00525592)
(5.0746e-06 -1.15532e-05 0.00536844)
(6.28035e-06 -1.24179e-05 0.00542614)
(7.31829e-06 -1.30913e-05 0.00544867)
(1.76415e-06 -1.03474e-05 0.0052695)
(3.48265e-06 -1.12675e-05 0.00538207)
(5.04969e-06 -1.22412e-05 0.00543582)
(6.4187e-06 -1.30048e-05 0.00545468)
(5.19002e-06 -6.45852e-06 0.00520169)
(5.41952e-06 -6.97837e-06 0.00530677)
(5.71677e-06 -7.64342e-06 0.00537691)
(5.92346e-06 -8.27018e-06 0.00541615)
(4.10782e-06 -7.49187e-06 0.00523147)
(4.72106e-06 -8.00943e-06 0.00534286)
(5.30174e-06 -8.64595e-06 0.00540756)
(5.77507e-06 -9.1768e-06 0.00543771)
(2.68731e-06 -7.84324e-06 0.00525438)
(3.64089e-06 -8.4077e-06 0.00536706)
(4.49184e-06 -9.0467e-06 0.00542496)
(5.22899e-06 -9.54541e-06 0.00544776)
(1.26731e-06 -7.54695e-06 0.00526698)
(2.4819e-06 -8.22235e-06 0.00537968)
(3.59261e-06 -8.93715e-06 0.00543367)
(4.56939e-06 -9.49817e-06 0.00545289)
(3.72156e-06 -4.63978e-06 0.0052022)
(3.88006e-06 -5.0224e-06 0.00530734)
(4.08779e-06 -5.50914e-06 0.00537751)
(4.23219e-06 -5.96833e-06 0.00541677)
(2.94904e-06 -5.39419e-06 0.00523119)
(3.37865e-06 -5.77569e-06 0.00534267)
(3.78655e-06 -6.24217e-06 0.00540747)
(4.12031e-06 -6.63184e-06 0.00543773)
(1.92968e-06 -5.6612e-06 0.00525332)
(2.60015e-06 -6.07535e-06 0.0053661)
(3.19975e-06 -6.5429e-06 0.00542415)
(3.72228e-06 -6.90841e-06 0.00544712)
(9.06007e-07 -5.46419e-06 0.0052652)
(1.76245e-06 -5.95571e-06 0.005378)
(2.54788e-06 -6.47599e-06 0.00543215)
(3.24284e-06 -6.88452e-06 0.00545161)
(2.63531e-06 -3.29037e-06 0.00520258)
(2.7443e-06 -3.56702e-06 0.00530776)
(2.8885e-06 -3.91745e-06 0.00537796)
(2.98875e-06 -4.24827e-06 0.00541723)
(2.09032e-06 -3.83237e-06 0.00523101)
(2.38891e-06 -4.10859e-06 0.00534256)
(2.67307e-06 -4.44484e-06 0.00540743)
(2.90637e-06 -4.72603e-06 0.00543775)
(1.36811e-06 -4.03046e-06 0.0052526)
(1.83536e-06 -4.32924e-06 0.00536545)
(2.25404e-06 -4.66582e-06 0.00542358)
(2.62083e-06 -4.92926e-06 0.00544669)
(6.40082e-07 -3.90036e-06 0.00526396)
(1.23832e-06 -4.25268e-06 0.00537682)
(1.78835e-06 -4.62564e-06 0.00543109)
(2.27763e-06 -4.91857e-06 0.00545071)
(1.81707e-06 -2.27127e-06 0.00520287)
(1.89062e-06 -2.46517e-06 0.00530807)
(1.98857e-06 -2.70998e-06 0.00537829)
(2.05663e-06 -2.94119e-06 0.00541756)
(1.44249e-06 -2.64927e-06 0.0052309)
(1.64549e-06 -2.84308e-06 0.0053425)
(1.83896e-06 -3.07823e-06 0.00540741)
(1.99819e-06 -3.27499e-06 0.00543778)
(9.44362e-07 -2.7909e-06 0.0052521)
(1.26262e-06 -2.99996e-06 0.005365)
(1.54816e-06 -3.23509e-06 0.0054232)
(1.79935e-06 -3.41924e-06 0.00544639)
(4.40672e-07 -2.70652e-06 0.0052631)
(8.48872e-07 -2.95183e-06 0.00537601)
(1.22486e-06 -3.2115e-06 0.00543035)
(1.56075e-06 -3.41546e-06 0.00545009)
(1.18322e-06 -1.47993e-06 0.00520306)
(1.23076e-06 -1.60772e-06 0.00530829)
(1.2941e-06 -1.76862e-06 0.00537852)
(1.33802e-06 -1.92056e-06 0.00541779)
(9.40017e-07 -1.72805e-06 0.00523083)
(1.07132e-06 -1.85585e-06 0.00534246)
(1.19635e-06 -2.01051e-06 0.0054074)
(1.29938e-06 -2.13991e-06 0.0054378)
(6.15666e-07 -1.82253e-06 0.00525177)
(8.21591e-07 -1.96009e-06 0.00536471)
(1.00621e-06 -2.11462e-06 0.00542295)
(1.16911e-06 -2.23562e-06 0.00544619)
(2.86986e-07 -1.77007e-06 0.00526253)
(5.51342e-07 -1.93096e-06 0.00537547)
(7.94775e-07 -2.1012e-06 0.00542986)
(1.01297e-06 -2.23484e-06 0.00544967)
(6.78744e-07 -8.4777e-07 0.00520319)
(7.08397e-07 -9.21717e-07 0.00530842)
(7.46153e-07 -1.01407e-06 0.00537866)
(7.72408e-07 -1.10088e-06 0.00541793)
(5.39513e-07 -9.89541e-07 0.00523079)
(6.17261e-07 -1.06344e-06 0.00534244)
(6.90254e-07 -1.15226e-06 0.00540739)
(7.50572e-07 -1.22618e-06 0.00543781)
(3.53846e-07 -1.04333e-06 0.00525157)
(4.7434e-07 -1.12276e-06 0.00536453)
(5.81409e-07 -1.2114e-06 0.00542279)
(6.76188e-07 -1.28048e-06 0.00544607)
(1.65784e-07 -1.01304e-06 0.00526218)
(3.1972e-07 -1.10583e-06 0.00537513)
(4.60465e-07 -1.20344e-06 0.00542956)
(5.87041e-07 -1.27982e-06 0.00544941)
(3.15087e-07 -3.89642e-07 0.00520324)
(3.38887e-07 -4.26978e-07 0.00530848)
(3.62993e-07 -4.68717e-07 0.00537872)
(3.80633e-07 -5.05986e-07 0.00541799)
(2.5004e-07 -4.52603e-07 0.00523076)
(2.96435e-07 -4.89619e-07 0.00534241)
(3.38206e-07 -5.29085e-07 0.00540738)
(3.72334e-07 -5.60452e-07 0.00543781)
(1.64248e-07 -4.73578e-07 0.00525145)
(2.30292e-07 -5.12825e-07 0.00536441)
(2.89237e-07 -5.52167e-07 0.00542269)
(3.40192e-07 -5.81705e-07 0.00544599)
(7.85502e-08 -4.54136e-07 0.00526197)
(1.59468e-07 -4.99415e-07 0.00537494)
(2.34681e-07 -5.4351e-07 0.00542938)
(3.0088e-07 -5.77312e-07 0.00544926)
(-0.00406569 0.000832893 0.00249158)
(-0.00162823 0.00167137 0.00177661)
(-0.00468134 0.000345167 0.00155821)
(-0.0157022 -0.007395 -0.00542315)
(-0.00488275 -0.00136784 0.00281222)
(0.00175213 0.00347287 0.00261224)
(-0.00513852 0.000687639 0.000571771)
(-0.0125309 -0.00140315 -0.0035511)
(-0.0057285 -0.00633605 0.0025781)
(0.00594308 0.00699742 0.00391277)
(-0.000719503 0.00468426 0.00216275)
(-0.00263963 0.00110039 -0.00363109)
(-0.00358228 -0.0061587 0.00220483)
(0.00532149 0.00173493 0.00286867)
(0.00300706 0.0028527 -0.000757334)
(0.00343699 -0.00181748 -0.00463109)
(-0.000322401 0.000233878 0.0128443)
(-0.000454087 0.000309509 0.0102187)
(0.000288688 -6.23679e-05 0.00672072)
(3.65134e-05 -0.0017236 -0.00185609)
(-4.41629e-05 0.000407562 0.0139926)
(0.000832304 0.000756159 0.0130975)
(0.00091623 -0.000390858 0.00540398)
(-0.000750183 -0.00279139 -0.0015406)
(0.00033579 0.000276614 0.0141433)
(0.00201831 0.00117601 0.00911619)
(0.00138215 -4.49027e-05 0.00399997)
(-0.000420353 -0.00192033 0.00262826)
(0.000440334 5.66901e-05 0.0140612)
(0.00186162 0.000507373 0.00827038)
(0.00100103 -2.15347e-05 0.00344009)
(-0.000313662 -0.00147768 0.00324397)
(0.000503436 -0.000219001 0.00608981)
(0.00162247 -0.000804926 0.00467436)
(0.00177928 -0.000557119 0.00390719)
(0.00133368 -0.000599613 0.00195202)
(0.000672111 -0.000178006 0.00641063)
(0.00189566 -0.000800684 0.00550101)
(0.00201083 -0.000859445 0.00374813)
(0.00111943 -0.00125688 0.00189632)
(0.000845052 -0.000309918 0.0066213)
(0.00215886 -0.000867874 0.00539684)
(0.00210084 -0.00110757 0.00369808)
(0.00108614 -0.00147101 0.00248762)
(0.00101699 -0.000436854 0.00689542)
(0.00213717 -0.000994153 0.00549109)
(0.00191148 -0.00129971 0.00387149)
(0.00111003 -0.00157982 0.00318528)
(0.000520186 -0.000395884 0.00600849)
(0.00118303 -0.000664681 0.00507939)
(0.00122304 -0.000424641 0.00433165)
(0.000941864 -0.00026406 0.00343254)
(0.000567725 -0.000428196 0.00611507)
(0.00125674 -0.000743408 0.00533241)
(0.00133984 -0.00063355 0.00440781)
(0.000924964 -0.000589024 0.00351878)
(0.000654469 -0.000503442 0.00623592)
(0.00134423 -0.000804032 0.00549191)
(0.00138511 -0.00082601 0.00453648)
(0.000945441 -0.000844637 0.00375569)
(0.000750305 -0.00058682 0.00632361)
(0.00134976 -0.000863315 0.00562869)
(0.00134306 -0.00095588 0.00477245)
(0.000977157 -0.000990409 0.00416874)
(0.00043626 -0.000338264 0.00545611)
(0.00075492 -0.000427574 0.00500283)
(0.000755799 -0.000276955 0.00456721)
(0.000587311 -0.000148923 0.00412515)
(0.000467187 -0.000360884 0.00556936)
(0.00078078 -0.000489821 0.00517874)
(0.000803179 -0.000408947 0.00469752)
(0.000598114 -0.000333254 0.00424472)
(0.000513505 -0.000406104 0.00565667)
(0.000813474 -0.000537123 0.005298)
(0.000828594 -0.00052408 0.0048231)
(0.000620129 -0.000495784 0.00440554)
(0.000562015 -0.000444836 0.00570781)
(0.000817563 -0.000563668 0.00539028)
(0.00081799 -0.000589052 0.004976)
(0.00063494 -0.000587286 0.00462713)
(0.000326811 -0.000260176 0.00526469)
(0.000474824 -0.000271189 0.00501527)
(0.000469531 -0.000179232 0.00476055)
(0.000367222 -9.46094e-05 0.00452358)
(0.000347878 -0.000277488 0.00536712)
(0.000486765 -0.000316741 0.00515246)
(0.000487645 -0.000265082 0.00489127)
(0.000376754 -0.000210864 0.00464954)
(0.000377342 -0.000304964 0.00543815)
(0.000503875 -0.000353307 0.00524503)
(0.000502088 -0.000336311 0.00499551)
(0.00039136 -0.000310223 0.00476868)
(0.000404414 -0.000325503 0.00547537)
(0.000507859 -0.000372146 0.00530701)
(0.000499443 -0.000376263 0.00509067)
(0.000398218 -0.000369386 0.00489611)
(0.000236586 -0.000192092 0.00518415)
(0.000306754 -0.000177271 0.00504618)
(0.000299977 -0.000117783 0.00489955)
(0.000235569 -6.24659e-05 0.00476589)
(0.000249947 -0.000205944 0.00528657)
(0.000313134 -0.000210528 0.00516899)
(0.0003073 -0.000175756 0.00502523)
(0.000241797 -0.000139796 0.00489092)
(0.000268896 -0.000225347 0.00535589)
(0.000323726 -0.000239174 0.00525001)
(0.000315634 -0.000223822 0.00511324)
(0.000251169 -0.000204682 0.00498568)
(0.000284695 -0.000239362 0.00539285)
(0.000327176 -0.000256631 0.00529931)
(0.000315296 -0.000254123 0.00517895)
(0.00025524 -0.000247356 0.00506744)
(0.000168851 -0.000139442 0.00515867)
(0.000203321 -0.00011912 0.00508215)
(0.000196577 -7.88819e-05 0.00499836)
(0.00015492 -4.21299e-05 0.00492067)
(0.000176952 -0.000150898 0.00526203)
(0.000206889 -0.000143944 0.00519944)
(0.000199842 -0.000119383 0.00511966)
(0.000158989 -9.51954e-05 0.00504261)
(0.000189095 -0.000165633 0.00533183)
(0.000213795 -0.000166463 0.00527454)
(0.000204979 -0.000153809 0.00519728)
(0.000165306 -0.000140089 0.00512297)
(0.000198525 -0.000176322 0.00537038)
(0.000216432 -0.000182138 0.00531789)
(0.000205363 -0.000178138 0.00524778)
(0.000168289 -0.000172517 0.00518147)
(0.000119927 -0.000100433 0.00515542)
(0.000137659 -8.1756e-05 0.00511493)
(0.00013166 -5.38163e-05 0.00506857)
(0.000104119 -2.89312e-05 0.00502318)
(0.000124734 -0.000109829 0.00525961)
(0.000139623 -0.000100512 0.00522989)
(0.000133269 -8.2806e-05 0.005187)
(0.000106916 -6.61484e-05 0.00514237)
(0.000132486 -0.000121267 0.00533)
(0.000144148 -0.000118091 0.00530181)
(0.000136632 -0.00010817 0.00525828)
(0.000111377 -9.82614e-05 0.00521402)
(0.000138166 -0.000129687 0.00536969)
(0.000145983 -0.00013133 0.00534181)
(0.000137208 -0.000127571 0.0053002)
(0.00011376 -0.000123141 0.00525958)
(8.51356e-05 -7.21204e-05 0.00516066)
(9.47365e-05 -5.6977e-05 0.00514234)
(8.97914e-05 -3.73001e-05 0.00511885)
(7.12733e-05 -2.01718e-05 0.00509286)
(8.79576e-05 -7.96747e-05 0.00526537)
(9.57755e-05 -7.11784e-05 0.00525619)
(9.06598e-05 -5.83518e-05 0.0052355)
(7.32808e-05 -4.66714e-05 0.00521009)
(9.29124e-05 -8.85486e-05 0.0053361)
(9.87327e-05 -8.47384e-05 0.00532621)
(9.29452e-05 -7.72163e-05 0.00530283)
(7.65214e-05 -7.00166e-05 0.00527631)
(9.63508e-05 -9.52003e-05 0.00537633)
(9.99383e-05 -9.54472e-05 0.00536398)
(9.35092e-05 -9.23945e-05 0.00533943)
(7.8447e-05 -8.89908e-05 0.00531402)
(6.05396e-05 -5.17679e-05 0.00516826)
(6.60211e-05 -4.01475e-05 0.00516419)
(6.21502e-05 -2.61801e-05 0.00515505)
(4.95391e-05 -1.42361e-05 0.00514108)
(6.21901e-05 -5.77238e-05 0.00527327)
(6.654e-05 -5.08679e-05 0.00527741)
(6.26555e-05 -4.15821e-05 0.00527058)
(5.10169e-05 -3.32924e-05 0.00525701)
(6.53757e-05 -6.45567e-05 0.00534412)
(6.84731e-05 -6.12075e-05 0.00534615)
(6.42416e-05 -5.56244e-05 0.00533534)
(5.34031e-05 -5.03797e-05 0.00531971)
(6.74683e-05 -6.97691e-05 0.00538451)
(6.92407e-05 -6.96237e-05 0.00538226)
(6.47255e-05 -6.72926e-05 0.00536836)
(5.49404e-05 -6.47178e-05 0.00535231)
(4.31664e-05 -3.71953e-05 0.00517571)
(4.64608e-05 -2.85177e-05 0.00518108)
(4.35355e-05 -1.85542e-05 0.0051812)
(3.48623e-05 -1.01406e-05 0.0051749)
(4.4133e-05 -4.18161e-05 0.0052809)
(4.66986e-05 -3.65718e-05 0.0052939)
(4.38482e-05 -2.9859e-05 0.005296)
(3.5964e-05 -2.39296e-05 0.00528995)
(4.62004e-05 -4.70313e-05 0.00535174)
(4.79689e-05 -4.43806e-05 0.00536173)
(4.49634e-05 -4.02883e-05 0.005359)
(3.77308e-05 -3.64651e-05 0.0053503)
(4.74843e-05 -5.10717e-05 0.00539208)
(4.84517e-05 -5.0868e-05 0.00539652)
(4.53544e-05 -4.91391e-05 0.00538948)
(3.89384e-05 -4.72106e-05 0.0053794)
(3.08735e-05 -2.67689e-05 0.00518214)
(3.29475e-05 -2.03788e-05 0.0051939)
(3.07887e-05 -1.32466e-05 0.00520013)
(2.47769e-05 -7.27301e-06 0.00519884)
(3.1443e-05 -3.03087e-05 0.00528741)
(3.30407e-05 -2.64003e-05 0.00530645)
(3.09922e-05 -2.15514e-05 0.00531443)
(2.56025e-05 -1.72882e-05 0.0053133)
(3.28005e-05 -3.4257e-05 0.00535819)
(3.38837e-05 -3.22536e-05 0.00537357)
(3.17842e-05 -2.92745e-05 0.00537618)
(2.69124e-05 -2.64866e-05 0.00537202)
(3.35968e-05 -3.73565e-05 0.0053984)
(3.41877e-05 -3.71881e-05 0.00540734)
(3.20905e-05 -3.59236e-05 0.00540482)
(2.78477e-05 -3.44882e-05 0.00539864)
(2.21482e-05 -1.93005e-05 0.00518736)
(2.3506e-05 -1.46289e-05 0.00520351)
(2.19377e-05 -9.5091e-06 0.00521385)
(1.77438e-05 -5.24202e-06 0.0052159)
(2.24871e-05 -2.19854e-05 0.00529266)
(2.35297e-05 -1.91107e-05 0.00531585)
(2.2076e-05 -1.56083e-05 0.0053278)
(1.8363e-05 -1.25316e-05 0.00532995)
(2.33902e-05 -2.49539e-05 0.00536336)
(2.40961e-05 -2.34727e-05 0.00538245)
(2.2643e-05 -2.13109e-05 0.00538865)
(1.9334e-05 -1.92778e-05 0.00538752)
(2.38905e-05 -2.73103e-05 0.0054034)
(2.42896e-05 -2.71906e-05 0.00541542)
(2.28791e-05 -2.62715e-05 0.00541592)
(2.00502e-05 -2.52078e-05 0.00541237)
(1.59306e-05 -1.39389e-05 0.00519144)
(1.68479e-05 -1.05364e-05 0.00521065)
(1.57198e-05 -6.85284e-06 0.00522379)
(1.27787e-05 -3.79083e-06 0.00522812)
(1.61353e-05 -1.59591e-05 0.00529676)
(1.68414e-05 -1.3859e-05 0.00532283)
(1.58174e-05 -1.1328e-05 0.0053375)
(1.32426e-05 -9.10184e-06 0.00534188)
(1.67442e-05 -1.81778e-05 0.00536737)
(1.72273e-05 -1.70945e-05 0.00538904)
(1.62261e-05 -1.55279e-05 0.00539769)
(1.39616e-05 -1.4045e-05 0.00539863)
(1.70633e-05 -1.99556e-05 0.00540726)
(1.73527e-05 -1.9876e-05 0.00542139)
(1.64063e-05 -1.92095e-05 0.00542396)
(1.45049e-05 -1.84237e-05 0.00542219)
(1.14804e-05 -1.00778e-05 0.00519457)
(1.21149e-05 -7.60517e-06 0.00521592)
(1.13086e-05 -4.95076e-06 0.00523101)
(9.23708e-06 -2.74658e-06 0.0052369)
(1.16063e-05 -1.15877e-05 0.0052999)
(1.20979e-05 -1.00592e-05 0.00532799)
(1.13794e-05 -8.22932e-06 0.00534453)
(9.5838e-06 -6.61616e-06 0.00535045)
(1.20221e-05 -1.32373e-05 0.00537043)
(1.23643e-05 -1.24493e-05 0.00539389)
(1.16754e-05 -1.13145e-05 0.00540425)
(1.01153e-05 -1.02333e-05 0.00540661)
(1.22289e-05 -1.45695e-05 0.00541019)
(1.24472e-05 -1.45183e-05 0.00542577)
(1.18121e-05 -1.40353e-05 0.00542977)
(1.05241e-05 -1.34563e-05 0.00542924)
(8.27904e-06 -7.28633e-06 0.00519693)
(8.72517e-06 -5.49323e-06 0.00521979)
(8.15134e-06 -3.57952e-06 0.00523624)
(6.68798e-06 -1.99053e-06 0.00524322)
(8.35814e-06 -8.4077e-06 0.00530225)
(8.70679e-06 -7.29839e-06 0.00533177)
(8.20371e-06 -5.97574e-06 0.00534963)
(6.94614e-06 -4.80656e-06 0.00535663)
(8.64516e-06 -9.62772e-06 0.00537273)
(8.89274e-06 -9.05645e-06 0.00539745)
(8.4187e-06 -8.2351e-06 0.00540899)
(7.33791e-06 -7.44766e-06 0.00541236)
(8.7813e-06 -1.06194e-05 0.00541237)
(8.94868e-06 -1.05869e-05 0.00542898)
(8.52161e-06 -1.02372e-05 0.00543397)
(7.64326e-06 -9.81193e-06 0.00543431)
(5.96187e-06 -5.25773e-06 0.00519869)
(6.27862e-06 -3.96166e-06 0.00522262)
(5.87186e-06 -2.58409e-06 0.00524002)
(4.83716e-06 -1.43969e-06 0.00524777)
(6.01262e-06 -6.08455e-06 0.00530401)
(6.26247e-06 -5.28239e-06 0.00533454)
(5.91091e-06 -4.32832e-06 0.00535332)
(5.02826e-06 -3.4826e-06 0.00536107)
(6.21228e-06 -6.98115e-06 0.00537444)
(6.39324e-06 -6.56855e-06 0.00540005)
(6.067e-06 -5.97537e-06 0.00541243)
(5.31565e-06 -5.4036e-06 0.0054165)
(6.30311e-06 -7.71384e-06 0.00541399)
(6.43161e-06 -7.69338e-06 0.00543132)
(6.14389e-06 -7.44061e-06 0.005437)
(5.54187e-06 -7.12968e-06 0.00543796)
(4.27097e-06 -3.77257e-06 0.00519999)
(4.49633e-06 -2.84179e-06 0.00522467)
(4.20968e-06 -1.85535e-06 0.00524275)
(3.48014e-06 -1.03521e-06 0.00525103)
(4.3041e-06 -4.37618e-06 0.00530531)
(4.48346e-06 -3.79994e-06 0.00533654)
(4.23875e-06 -3.11558e-06 0.00535598)
(3.62027e-06 -2.50737e-06 0.00536427)
(4.44336e-06 -5.02904e-06 0.0053757)
(4.57562e-06 -4.73289e-06 0.00540193)
(4.35153e-06 -4.30696e-06 0.0054149)
(3.82934e-06 -3.89452e-06 0.00541947)
(4.50449e-06 -5.56487e-06 0.00541518)
(4.60217e-06 -5.55191e-06 0.00543301)
(4.40832e-06 -5.37021e-06 0.00543918)
(3.99512e-06 -5.14469e-06 0.00544057)
(3.02224e-06 -2.67287e-06 0.00520094)
(3.18129e-06 -2.01315e-06 0.00522615)
(2.98161e-06 -1.31542e-06 0.00524469)
(2.47227e-06 -7.34807e-07 0.00525336)
(3.04408e-06 -3.10644e-06 0.00530625)
(3.17168e-06 -2.69791e-06 0.00533798)
(3.00298e-06 -2.21316e-06 0.00535788)
(2.57335e-06 -1.7814e-06 0.00536654)
(3.14067e-06 -3.57444e-06 0.00537661)
(3.23619e-06 -3.36459e-06 0.00540329)
(3.08344e-06 -3.0626e-06 0.00541667)
(2.72315e-06 -2.76912e-06 0.00542158)
(3.18182e-06 -3.95988e-06 0.00541604)
(3.25453e-06 -3.95162e-06 0.00543422)
(3.12463e-06 -3.82264e-06 0.00544074)
(2.84258e-06 -3.66144e-06 0.00544243)
(2.08271e-06 -1.84368e-06 0.00520161)
(2.1923e-06 -1.38861e-06 0.00522718)
(2.05662e-06 -9.07986e-07 0.00524605)
(1.70947e-06 -5.07685e-07 0.00525498)
(2.09705e-06 -2.14597e-06 0.00530691)
(2.18554e-06 -1.86411e-06 0.005339)
(2.07187e-06 -1.52984e-06 0.00535921)
(1.7802e-06 -1.23155e-06 0.00536813)
(2.1627e-06 -2.47175e-06 0.00537725)
(2.22974e-06 -2.32698e-06 0.00540424)
(2.12775e-06 -2.11854e-06 0.0054179)
(1.88447e-06 -1.91542e-06 0.00542306)
(2.19e-06 -2.74072e-06 0.00541665)
(2.24222e-06 -2.73549e-06 0.00543508)
(2.1567e-06 -2.64635e-06 0.00544183)
(1.9679e-06 -2.53441e-06 0.00544373)
(1.35565e-06 -1.20078e-06 0.00520207)
(1.42736e-06 -9.04628e-07 0.00522788)
(1.3404e-06 -5.91985e-07 0.00524697)
(1.11664e-06 -3.31279e-07 0.00525608)
(1.36504e-06 -1.39924e-06 0.00530737)
(1.42326e-06 -1.21582e-06 0.00533968)
(1.35086e-06 -9.98184e-07 0.0053601)
(1.16341e-06 -8.03632e-07 0.0053692)
(1.40767e-06 -1.61269e-06 0.00537769)
(1.45226e-06 -1.51843e-06 0.00540488)
(1.3877e-06 -1.38254e-06 0.00541874)
(1.23195e-06 -1.24984e-06 0.00542406)
(1.42519e-06 -1.78911e-06 0.00541707)
(1.46054e-06 -1.78588e-06 0.00543565)
(1.407e-06 -1.72764e-06 0.00544256)
(1.28692e-06 -1.65431e-06 0.0054446)
(7.78308e-07 -6.88789e-07 0.00520235)
(8.21603e-07 -5.20039e-07 0.00522832)
(7.74231e-07 -3.40948e-07 0.00524754)
(6.4853e-07 -1.90802e-07 0.00525675)
(7.85901e-07 -8.03126e-07 0.00530765)
(8.21412e-07 -6.98646e-07 0.0053401)
(7.82094e-07 -5.73647e-07 0.00536066)
(6.76887e-07 -4.61293e-07 0.00536986)
(8.12043e-07 -9.2499e-07 0.00537797)
(8.39845e-07 -8.71065e-07 0.00540528)
(8.04802e-07 -7.9256e-07 0.00541925)
(7.17472e-07 -7.15583e-07 0.00542467)
(8.23407e-07 -1.02543e-06 0.00541732)
(8.45933e-07 -1.02331e-06 0.00543601)
(8.17065e-07 -9.89244e-07 0.00544301)
(7.5003e-07 -9.46423e-07 0.00544514)
(3.6536e-07 -3.19318e-07 0.00520249)
(3.94149e-07 -2.44355e-07 0.00522854)
(3.8029e-07 -1.61015e-07 0.00524784)
(3.2782e-07 -8.82717e-08 0.00525712)
(3.78488e-07 -3.73758e-07 0.00530779)
(4.02947e-07 -3.26495e-07 0.00534032)
(3.91192e-07 -2.66708e-07 0.00536095)
(3.4647e-07 -2.10982e-07 0.00537021)
(3.96685e-07 -4.28191e-07 0.0053781)
(4.17023e-07 -4.03377e-07 0.00540548)
(4.06246e-07 -3.65094e-07 0.00541952)
(3.68991e-07 -3.26465e-07 0.005425)
(4.06824e-07 -4.72044e-07 0.00541745)
(4.24047e-07 -4.69602e-07 0.00543619)
(4.15373e-07 -4.51915e-07 0.00544325)
(3.86904e-07 -4.29802e-07 0.00544543)
)
;

boundaryField
{
    inlet
    {
        type            calculated;
        value           uniform (0 0 0.00551);
    }
    outlet
    {
        type            calculated;
        value           nonuniform List<vector> 
48
(
(3.9965e-07 -5.28085e-07 0.00543993)
(3.90573e-07 -5.82155e-07 0.00544985)
(3.73179e-07 -6.06618e-07 0.00545343)
(3.5185e-07 -6.0675e-07 0.00545494)
(4.2369e-07 -5.33448e-07 0.00544885)
(4.20284e-07 -5.92435e-07 0.00545333)
(4.10526e-07 -6.25022e-07 0.00545506)
(3.94842e-07 -6.32068e-07 0.00545601)
(4.22366e-07 -5.29436e-07 0.0054514)
(4.27498e-07 -5.94791e-07 0.00545401)
(4.26306e-07 -6.3436e-07 0.00545514)
(4.18792e-07 -6.47694e-07 0.00545593)
(4.02562e-07 -5.1865e-07 0.00545188)
(4.15918e-07 -5.89347e-07 0.00545389)
(4.23247e-07 -6.34832e-07 0.00545485)
(4.24405e-07 -6.53976e-07 0.00545559)
(3.15087e-07 -3.89642e-07 0.00520324)
(2.5004e-07 -4.52603e-07 0.00523076)
(1.64248e-07 -4.73578e-07 0.00525145)
(7.85502e-08 -4.54136e-07 0.00526197)
(3.38887e-07 -4.26978e-07 0.00530848)
(2.96435e-07 -4.89619e-07 0.00534241)
(2.30292e-07 -5.12825e-07 0.00536441)
(1.59468e-07 -4.99415e-07 0.00537494)
(3.62993e-07 -4.68717e-07 0.00537872)
(3.38206e-07 -5.29085e-07 0.00540738)
(2.89237e-07 -5.52167e-07 0.00542269)
(2.34681e-07 -5.4351e-07 0.00542938)
(3.80633e-07 -5.05986e-07 0.00541799)
(3.72334e-07 -5.60452e-07 0.00543781)
(3.40192e-07 -5.81705e-07 0.00544599)
(3.0088e-07 -5.77312e-07 0.00544926)
(3.6536e-07 -3.19318e-07 0.00520249)
(3.78488e-07 -3.73758e-07 0.00530779)
(3.96685e-07 -4.28191e-07 0.0053781)
(4.06824e-07 -4.72044e-07 0.00541745)
(3.94149e-07 -2.44355e-07 0.00522854)
(4.02947e-07 -3.26495e-07 0.00534032)
(4.17023e-07 -4.03377e-07 0.00540548)
(4.24047e-07 -4.69602e-07 0.00543619)
(3.8029e-07 -1.61015e-07 0.00524784)
(3.91192e-07 -2.66708e-07 0.00536095)
(4.06246e-07 -3.65094e-07 0.00541952)
(4.15373e-07 -4.51915e-07 0.00544325)
(3.2782e-07 -8.82717e-08 0.00525712)
(3.4647e-07 -2.10982e-07 0.00537021)
(3.68991e-07 -3.26465e-07 0.005425)
(3.86904e-07 -4.29802e-07 0.00544543)
)
;
    }
    wall
    {
        type            calculated;
        value           nonuniform List<vector> 
192
(
(-0.000672837 0.000819854 0.00449739)
(0.000144594 -0.000270517 0.000849974)
(-1.38703e-06 4.57243e-06 0.000556679)
(-7.21788e-05 0.000732843 0.000274155)
(-0.000170618 0.000207899 0.00481952)
(-7.24629e-05 0.000135569 0.00631168)
(-2.49743e-05 8.23294e-05 0.00834614)
(6.76489e-05 -0.000686851 0.0147959)
(-0.000218638 0.000266411 0.00402809)
(0.000158057 -0.000295703 0.00393198)
(0.00037128 -0.00122395 0.00389595)
(0.000122654 -0.00124533 0.00626502)
(8.91836e-05 -0.000108671 0.00504987)
(0.00021537 -0.000402928 0.00504792)
(0.000295657 -0.00097465 0.00508814)
(9.3447e-05 -0.000948783 0.00639918)
(0.000189918 -0.000231416 0.00518507)
(0.000191844 -0.000358916 0.00527812)
(0.000186414 -0.000614524 0.00536762)
(5.91956e-05 -0.000601023 0.00602045)
(0.000194429 -0.000236912 0.00523171)
(0.000158469 -0.000296474 0.00533569)
(0.000120903 -0.000398563 0.00543021)
(3.77791e-05 -0.000383578 0.00574644)
(0.000163504 -0.00019923 0.00522577)
(0.000124064 -0.000232107 0.00532618)
(8.24728e-05 -0.000271876 0.0054164)
(2.52615e-05 -0.000256484 0.00558258)
(0.000126829 -0.000154542 0.00521331)
(9.40398e-05 -0.000175936 0.00530202)
(5.81307e-05 -0.000191631 0.00538118)
(1.75703e-05 -0.000178394 0.00547943)
(9.48189e-05 -0.000115537 0.00520394)
(6.99351e-05 -0.000130839 0.00527957)
(4.17215e-05 -0.000137537 0.00534619)
(1.25341e-05 -0.000127261 0.00541092)
(6.95936e-05 -8.48001e-05 0.00519884)
(5.14364e-05 -9.62307e-05 0.00526274)
(3.02174e-05 -9.96134e-05 0.00531816)
(9.07099e-06 -9.20993e-05 0.00536458)
(5.06193e-05 -6.16798e-05 0.00519682)
(3.75966e-05 -7.03383e-05 0.00525119)
(2.19793e-05 -7.24561e-05 0.00529757)
(6.61479e-06 -6.71611e-05 0.00533289)
(3.66694e-05 -4.46818e-05 0.00519659)
(2.7392e-05 -5.12468e-05 0.00524362)
(1.60193e-05 -5.28085e-05 0.00528304)
(4.84214e-06 -4.91631e-05 0.00531108)
(2.65276e-05 -3.2324e-05 0.00519725)
(1.99281e-05 -3.72829e-05 0.00523879)
(1.16869e-05 -3.85266e-05 0.00527299)
(3.55093e-06 -3.60532e-05 0.00529599)
(1.91907e-05 -2.33839e-05 0.00519825)
(1.44912e-05 -2.71111e-05 0.00523574)
(8.53049e-06 -2.81213e-05 0.0052661)
(2.60586e-06 -2.64578e-05 0.00528551)
(1.38902e-05 -1.69252e-05 0.00519929)
(1.05367e-05 -1.97127e-05 0.00523384)
(6.22736e-06 -2.05288e-05 0.00526138)
(1.91226e-06 -1.94155e-05 0.00527821)
(1.00575e-05 -1.2255e-05 0.00520024)
(7.65941e-06 -1.43297e-05 0.00523266)
(4.54419e-06 -1.49802e-05 0.00525814)
(1.4022e-06 -1.42367e-05 0.00527309)
(7.27893e-06 -8.8694e-06 0.00520104)
(5.56197e-06 -1.04057e-05 0.00523193)
(3.31136e-06 -1.09161e-05 0.00525592)
(1.02629e-06 -1.04201e-05 0.0052695)
(5.25596e-06 -6.4044e-06 0.00520169)
(4.02745e-06 -7.53482e-06 0.00523147)
(2.40518e-06 -7.92882e-06 0.00525438)
(7.48344e-07 -7.59807e-06 0.00526698)
(3.77307e-06 -4.5975e-06 0.0052022)
(2.89787e-06 -5.42154e-06 0.00523119)
(1.7352e-06 -5.7202e-06 0.00525332)
(5.41709e-07 -5.50007e-06 0.0052652)
(2.67416e-06 -3.25848e-06 0.00520258)
(2.05775e-06 -3.84978e-06 0.00523101)
(1.23489e-06 -4.07088e-06 0.0052526)
(3.8661e-07 -3.92532e-06 0.00526396)
(1.8451e-06 -2.24826e-06 0.00520287)
(1.42194e-06 -2.66026e-06 0.0052309)
(8.54846e-07 -2.81805e-06 0.0052521)
(2.68241e-07 -2.7235e-06 0.0052631)
(1.20194e-06 -1.46457e-06 0.00520306)
(9.27296e-07 -1.73485e-06 0.00523083)
(5.5815e-07 -1.83997e-06 0.00525177)
(1.75419e-07 -1.78105e-06 0.00526253)
(6.88904e-07 -8.39432e-07 0.00520319)
(5.31274e-07 -9.93945e-07 0.00523079)
(3.19637e-07 -1.0537e-06 0.00525157)
(1.0041e-07 -1.01948e-06 0.00526218)
(3.17886e-07 -3.87345e-07 0.00520324)
(2.43725e-07 -4.55978e-07 0.00523076)
(1.45393e-07 -4.79298e-07 0.00525145)
(4.50534e-08 -4.57435e-07 0.00526197)
(-0.00283788 0.00232898 0.00249158)
(-0.000307341 0.000252228 0.0128443)
(0.000408222 -0.000335019 0.00608981)
(0.000504974 -0.000414421 0.00600849)
(0.000426567 -0.000350075 0.00545611)
(0.000322873 -0.000264975 0.00526469)
(0.000235571 -0.000193329 0.00518415)
(0.000169277 -0.000138922 0.00515867)
(0.000120913 -9.92308e-05 0.00515542)
(8.62397e-05 -7.07751e-05 0.00516066)
(6.15618e-05 -5.05224e-05 0.00516826)
(4.40341e-05 -3.61379e-05 0.00517571)
(3.15756e-05 -2.59134e-05 0.00518214)
(2.26994e-05 -1.86289e-05 0.00518736)
(1.63548e-05 -1.3422e-05 0.00519144)
(1.18021e-05 -9.68577e-06 0.00519457)
(8.52026e-06 -6.9924e-06 0.00519693)
(6.14084e-06 -5.03966e-06 0.00519869)
(4.40214e-06 -3.61274e-06 0.00519999)
(3.11668e-06 -2.55779e-06 0.00520094)
(2.14864e-06 -1.76335e-06 0.00520161)
(1.39892e-06 -1.14806e-06 0.00520207)
(8.02851e-07 -6.58883e-07 0.00520235)
(3.74911e-07 -3.07681e-07 0.00520249)
(-0.00196126 0.00104832 0.00177661)
(-0.000481856 0.000257557 0.0102187)
(0.00159657 -0.000853384 0.00467436)
(0.00119647 -0.000639527 0.00507939)
(0.000764923 -0.00040886 0.00500283)
(0.000482054 -0.000257663 0.00501527)
(0.000312287 -0.000166921 0.00504618)
(0.000207663 -0.000110998 0.00508215)
(0.000141058 -7.53971e-05 0.00511493)
(9.7372e-05 -5.20464e-05 0.00514234)
(6.80409e-05 -3.63686e-05 0.00516419)
(4.79923e-05 -2.56524e-05 0.00518108)
(3.40983e-05 -1.82259e-05 0.0051939)
(2.43644e-05 -1.3023e-05 0.00520351)
(1.74844e-05 -9.3456e-06 0.00521065)
(1.25845e-05 -6.72656e-06 0.00521592)
(9.07003e-06 -4.84803e-06 0.00521979)
(6.53042e-06 -3.49058e-06 0.00522262)
(4.67861e-06 -2.50077e-06 0.00522467)
(3.3113e-06 -1.76993e-06 0.00522615)
(2.28243e-06 -1.21999e-06 0.00522718)
(1.48626e-06 -7.94424e-07 0.00522788)
(8.55229e-07 -4.57129e-07 0.00522832)
(4.0815e-07 -2.18161e-07 0.00522854)
(-0.00438275 0.00132949 0.00155821)
(0.000281686 -8.54487e-05 0.00672072)
(0.00178411 -0.000541204 0.00390719)
(0.00123794 -0.000375525 0.00433165)
(0.000769045 -0.000233287 0.00456721)
(0.000479754 -0.000145532 0.00476055)
(0.000307418 -9.32542e-05 0.00489955)
(0.000201924 -6.12531e-05 0.00499836)
(0.000135515 -4.11081e-05 0.00506857)
(9.25865e-05 -2.80858e-05 0.00511885)
(6.41855e-05 -1.94705e-05 0.00515505)
(4.50211e-05 -1.3657e-05 0.0051812)
(3.1874e-05 -9.66888e-06 0.00520013)
(2.27306e-05 -6.89524e-06 0.00521385)
(1.62988e-05 -4.94418e-06 0.00522379)
(1.17309e-05 -3.55853e-06 0.00523101)
(8.4588e-06 -2.56595e-06 0.00523624)
(6.09489e-06 -1.84886e-06 0.00524002)
(4.37033e-06 -1.32573e-06 0.00524275)
(3.09577e-06 -9.3909e-07 0.00524469)
(2.13555e-06 -6.47811e-07 0.00524605)
(1.39189e-06 -4.22226e-07 0.00524697)
(8.03701e-07 -2.438e-07 0.00524754)
(3.92972e-07 -1.19207e-07 0.00524784)
(-0.01483 0.00146063 -0.00542315)
(0.000204291 -2.01209e-05 -0.00185609)
(0.00137936 -0.000135855 0.00195202)
(0.000958573 -9.44112e-05 0.00343254)
(0.000596196 -5.87201e-05 0.00412515)
(0.000372923 -3.67297e-05 0.00452358)
(0.000239399 -2.35788e-05 0.00476589)
(0.000157541 -1.55165e-05 0.00492067)
(0.000105941 -1.04342e-05 0.00502318)
(7.25562e-05 -7.14616e-06 0.00509286)
(5.04519e-05 -4.96907e-06 0.00514108)
(3.55165e-05 -3.49807e-06 0.0051749)
(2.52483e-05 -2.48674e-06 0.00519884)
(1.80847e-05 -1.78119e-06 0.0052159)
(1.30257e-05 -1.28292e-06 0.00522812)
(9.41625e-06 -9.2742e-07 0.0052369)
(6.81789e-06 -6.71504e-07 0.00524322)
(4.93112e-06 -4.85673e-07 0.00524777)
(3.54768e-06 -3.49416e-07 0.00525103)
(2.52019e-06 -2.48217e-07 0.00525336)
(1.74257e-06 -1.71628e-07 0.00525498)
(1.13823e-06 -1.12106e-07 0.00525608)
(6.60911e-07 -6.5094e-08 0.00525675)
(3.33281e-07 -3.28253e-08 0.00525712)
)
;
    }
    procBoundary0to1
    {
        type            processor;
        value           nonuniform List<vector> 
192
(
(-0.00362797 -0.00287509 0.00407326)
(-0.00809426 -0.00658401 0.0047572)
(-0.00755208 0.000710764 0.00402254)
(-0.00376097 0.00395613 0.00153649)
(-0.000382541 -0.00208481 0.00394538)
(-0.0012554 -0.00137881 0.00648371)
(-0.00237749 0.000254765 0.00365604)
(-0.00219779 0.000931972 0.00164836)
(0.000628422 -0.00137319 0.00351765)
(0.000534427 -0.000600035 0.00415938)
(0.000101323 0.000171996 0.00346202)
(-4.28519e-05 7.14758e-05 0.00268104)
(0.000541271 -0.000819449 0.00424953)
(0.000559115 -0.000441428 0.00450917)
(0.000423229 -0.000127067 0.00426085)
(0.000360477 -0.000219435 0.00394877)
(0.00036275 -0.000518742 0.00464686)
(0.000375999 -0.000376899 0.00477713)
(0.000342817 -0.000264062 0.00471668)
(0.000329123 -0.000301874 0.00462649)
(0.000241696 -0.000355265 0.00490146)
(0.000248067 -0.000313944 0.00498188)
(0.0002427 -0.000279021 0.00499377)
(0.000242717 -0.000294076 0.00499199)
(0.000165558 -0.000254661 0.0050723)
(0.000169504 -0.000250908 0.00512977)
(0.00017022 -0.000244474 0.00516288)
(0.000172399 -0.000251965 0.00519029)
(0.000116063 -0.000186081 0.00518853)
(0.000119119 -0.000194654 0.00523213)
(0.000120919 -0.00019792 0.00526716)
(0.00012295 -0.000202612 0.0053002)
(8.2752e-05 -0.000136857 0.00526822)
(8.53206e-05 -0.000148078 0.00530172)
(8.7135e-05 -0.00015394 0.00533237)
(8.87567e-05 -0.000157329 0.00536256)
(5.97201e-05 -0.000100778 0.00532325)
(6.18907e-05 -0.000111213 0.00534894)
(6.34855e-05 -0.00011709 0.00537378)
(6.47548e-05 -0.0001197 0.00539872)
(4.34666e-05 -7.41583e-05 0.00536145)
(4.52651e-05 -8.28302e-05 0.0053811)
(4.65979e-05 -8.7899e-05 0.00540047)
(4.75894e-05 -8.99536e-05 0.00542009)
(3.18197e-05 -5.45048e-05 0.00538813)
(3.32752e-05 -6.13532e-05 0.00540313)
(3.43563e-05 -6.54571e-05 0.00541793)
(3.51271e-05 -6.70832e-05 0.00543297)
(2.33795e-05 -4.00131e-05 0.00540687)
(2.4533e-05 -4.52799e-05 0.00541836)
(2.53906e-05 -4.84986e-05 0.00542954)
(2.59852e-05 -4.97835e-05 0.00544089)
(1.72139e-05 -2.93442e-05 0.0054201)
(1.81124e-05 -3.3334e-05 0.00542897)
(1.8781e-05 -3.58135e-05 0.00543736)
(1.92357e-05 -3.68245e-05 0.00544586)
(1.26843e-05 -2.14983e-05 0.00542951)
(1.33744e-05 -2.44928e-05 0.00543641)
(1.38884e-05 -2.63812e-05 0.00544272)
(1.42333e-05 -2.7172e-05 0.00544905)
(9.34273e-06 -1.57302e-05 0.00543622)
(9.86666e-06 -1.79631e-05 0.00544168)
(1.02571e-05 -1.93897e-05 0.00544642)
(1.05166e-05 -2.00037e-05 0.00545113)
(6.86868e-06 -1.14861e-05 0.00544103)
(7.26244e-06 -1.31417e-05 0.00544543)
(7.55601e-06 -1.42119e-05 0.00544901)
(7.74971e-06 -1.46845e-05 0.00545252)
(5.02954e-06 -8.35561e-06 0.00544447)
(5.32249e-06 -9.57529e-06 0.0054481)
(5.541e-06 -1.03718e-05 0.00545083)
(5.68444e-06 -1.07322e-05 0.00545345)
(3.65435e-06 -6.0349e-06 0.00544694)
(3.86965e-06 -6.9251e-06 0.00545)
(4.03028e-06 -7.51153e-06 0.00545212)
(4.13541e-06 -7.78264e-06 0.00545409)
(2.61614e-06 -4.29828e-06 0.0054487)
(2.77153e-06 -4.93782e-06 0.00545135)
(2.88747e-06 -5.36223e-06 0.00545302)
(2.96319e-06 -5.56193e-06 0.00545453)
(1.81964e-06 -2.97701e-06 0.00544992)
(1.92836e-06 -3.42303e-06 0.0054523)
(2.00946e-06 -3.72081e-06 0.00545365)
(2.06232e-06 -3.86293e-06 0.00545483)
(1.19426e-06 -1.94389e-06 0.00545075)
(1.26586e-06 -2.23663e-06 0.00545293)
(1.31929e-06 -2.43299e-06 0.00545407)
(1.35408e-06 -2.52789e-06 0.00545503)
(6.99179e-07 -1.11127e-06 0.00545126)
(7.40954e-07 -1.27915e-06 0.00545332)
(7.72071e-07 -1.39213e-06 0.00545433)
(7.92271e-07 -1.44734e-06 0.00545515)
(3.65974e-07 -5.00545e-07 0.00545153)
(3.871e-07 -5.75968e-07 0.00545353)
(4.02504e-07 -6.26805e-07 0.00545447)
(4.12117e-07 -6.51627e-07 0.00545521)
(0.020452 -0.000518597 -0.0177991)
(-0.00568699 -0.00656335 0.000647787)
(-0.00306011 -0.000742945 0.00327947)
(-0.0058103 0.00157641 0.00326638)
(-6.80535e-05 -0.0014428 -0.00288489)
(-0.00212203 -0.00283724 0.00118398)
(-0.00154096 -0.00136352 0.00201316)
(-0.00104635 -0.00122171 0.00239166)
(-0.000345049 -0.000538762 0.00110937)
(-0.000356867 -0.00109421 0.00203617)
(-5.26017e-05 -0.00110474 0.00234966)
(0.000340548 -0.00133697 0.00264699)
(9.20585e-05 -0.000207354 0.00301186)
(0.000135151 -0.000517919 0.00330092)
(0.000262473 -0.000703604 0.00351226)
(0.000423309 -0.000879258 0.00380014)
(0.000179255 -9.76518e-05 0.00388938)
(0.000201643 -0.000293836 0.00406292)
(0.000255049 -0.000442477 0.00422115)
(0.000317805 -0.000547342 0.00441619)
(0.000154305 -5.54266e-05 0.00438433)
(0.000168704 -0.00018447 0.00452623)
(0.000195314 -0.000286303 0.00464798)
(0.000223008 -0.000354118 0.00477418)
(0.000114979 -3.46467e-05 0.00468095)
(0.000125269 -0.00012128 0.00481089)
(0.000141083 -0.000191072 0.00490861)
(0.000155895 -0.000239658 0.00499403)
(8.24967e-05 -2.2761e-05 0.00486741)
(9.00614e-05 -8.20278e-05 0.00499104)
(0.000100555 -0.000130973 0.00507352)
(0.000109887 -0.000167421 0.00513548)
(5.87589e-05 -1.54135e-05 0.00498891)
(6.43918e-05 -5.66644e-05 0.00510876)
(7.17841e-05 -9.16565e-05 0.00518176)
(7.82738e-05 -0.000119276 0.00522979)
(4.19781e-05 -1.06564e-05 0.00507027)
(4.61973e-05 -3.97721e-05 0.00518777)
(5.15652e-05 -6.50846e-05 0.00525483)
(5.62998e-05 -8.59428e-05 0.00529417)
(3.01779e-05 -7.47544e-06 0.00512588)
(3.33441e-05 -2.82409e-05 0.0052419)
(3.72976e-05 -4.6665e-05 0.00530511)
(4.08201e-05 -6.23117e-05 0.00533877)
(2.18362e-05 -5.29752e-06 0.00516447)
(2.42109e-05 -2.02167e-05 0.00527954)
(2.71402e-05 -3.36666e-05 0.00534019)
(2.97769e-05 -4.53301e-05 0.00536998)
(1.58881e-05 -3.78053e-06 0.00519157)
(1.7666e-05 -1.45535e-05 0.00530601)
(1.98403e-05 -2.43845e-05 0.00536491)
(2.18141e-05 -3.30356e-05 0.00539199)
(1.16087e-05 -2.7109e-06 0.00521076)
(1.29365e-05 -1.05158e-05 0.00532478)
(1.45496e-05 -1.77045e-05 0.00538246)
(1.6024e-05 -2.40973e-05 0.00540762)
(8.50502e-06 -1.95007e-06 0.00522445)
(9.49382e-06 -7.61625e-06 0.00533817)
(1.06888e-05 -1.2872e-05 0.00539499)
(1.17866e-05 -1.75824e-05 0.00541877)
(6.23863e-06 -1.40532e-06 0.00523425)
(6.97252e-06 -5.5224e-06 0.00534777)
(7.85569e-06 -9.36209e-06 0.00540398)
(8.67007e-06 -1.28239e-05 0.00542675)
(4.57356e-06 -1.01307e-06 0.00524129)
(5.11603e-06 -4.00305e-06 0.00535467)
(5.7666e-06 -6.80344e-06 0.00541043)
(6.36812e-06 -9.33998e-06 0.00543249)
(3.34268e-06 -7.28999e-07 0.00524635)
(3.7414e-06 -2.89477e-06 0.00535964)
(4.2182e-06 -4.93003e-06 0.00541508)
(4.6599e-06 -6.78032e-06 0.00543661)
(2.42588e-06 -5.21732e-07 0.00524998)
(2.71631e-06 -2.08067e-06 0.0053632)
(3.06279e-06 -3.54954e-06 0.00541841)
(3.38421e-06 -4.88886e-06 0.00543957)
(1.73548e-06 -3.68819e-07 0.00525257)
(1.94373e-06 -1.47621e-06 0.00536574)
(2.19171e-06 -2.52175e-06 0.00542079)
(2.42198e-06 -3.4773e-06 0.00544167)
(1.20666e-06 -2.53979e-07 0.00525437)
(1.35166e-06 -1.01947e-06 0.00536751)
(1.52405e-06 -1.74322e-06 0.00542245)
(1.68424e-06 -2.40587e-06 0.00544315)
(7.91899e-07 -1.65241e-07 0.00525559)
(8.87191e-07 -6.64624e-07 0.00536871)
(1.00022e-06 -1.13683e-06 0.00542357)
(1.10529e-06 -1.56981e-06 0.00544414)
(4.64382e-07 -9.41225e-08 0.00525634)
(5.20378e-07 -3.80244e-07 0.00536944)
(5.86239e-07 -6.49599e-07 0.00542426)
(6.4739e-07 -8.97058e-07 0.00544475)
(2.44515e-07 -3.86092e-08 0.00525675)
(2.74737e-07 -1.6882e-07 0.00536984)
(3.08632e-07 -2.92443e-07 0.00542463)
(3.39558e-07 -4.04424e-07 0.00544508)
)
;
    }
    procBoundary0to2
    {
        type            processor;
        value           nonuniform List<vector> 
192
(
(-0.00590702 -0.000884838 0.00116776)
(-0.00552969 0.003007 0.00301623)
(-0.00435706 0.00717373 0.000833258)
(-0.0032136 -0.00107499 -0.00147984)
(-0.00173528 -0.000584946 0.0100771)
(-0.000994732 -0.000159891 0.00934974)
(-0.000264506 -0.000406592 0.00549203)
(-0.000322358 -0.00101846 0.00104358)
(0.0010707 -0.00076473 0.00582903)
(0.00152657 -0.000738914 0.00521411)
(0.00168814 -0.000926498 0.00364184)
(0.0011536 -0.000976266 0.00257024)
(0.00112111 -0.000614968 0.00609817)
(0.00136592 -0.000611315 0.00555638)
(0.00138226 -0.000656426 0.00474866)
(0.00100468 -0.000651894 0.00414391)
(0.000743651 -0.000460152 0.00591168)
(0.000872318 -0.000464935 0.00558135)
(0.000867301 -0.000472369 0.0051598)
(0.000665691 -0.00046191 0.00481784)
(0.000467591 -0.000346193 0.0057521)
(0.000535527 -0.000355836 0.00556131)
(0.000528269 -0.000358627 0.00533444)
(0.000422951 -0.000352093 0.00514221)
(0.000298032 -0.000261615 0.00565602)
(0.000334464 -0.000271464 0.0055431)
(0.000328638 -0.000275076 0.00541514)
(0.000271783 -0.00027286 0.0053035)
(0.000193524 -0.000196869 0.00559536)
(0.00021396 -0.000205364 0.00552683)
(0.000210204 -0.00020942 0.00545136)
(0.000178778 -0.000209525 0.0053843)
(0.000127791 -0.000147316 0.00555462)
(0.000140002 -0.000154161 0.00551224)
(0.000138042 -0.000157946 0.00546616)
(0.000120524 -0.000158956 0.00542463)
(8.56189e-05 -0.000109721 0.00552648)
(9.34224e-05 -0.000115043 0.00549989)
(9.27354e-05 -0.000118237 0.00547091)
(8.30088e-05 -0.000119449 0.00544442)
(5.80896e-05 -8.14436e-05 0.00550661)
(6.33823e-05 -8.54954e-05 0.00548977)
(6.34783e-05 -8.80449e-05 0.0054711)
(5.81594e-05 -8.91687e-05 0.00545372)
(3.98494e-05 -6.03124e-05 0.00549236)
(4.36043e-05 -6.33575e-05 0.00548167)
(4.41139e-05 -6.53298e-05 0.00546939)
(4.12865e-05 -6.62702e-05 0.00545772)
(2.76048e-05 -4.45908e-05 0.00548204)
(3.03479e-05 -4.68611e-05 0.00547531)
(3.10264e-05 -4.83584e-05 0.00546711)
(2.95937e-05 -4.91063e-05 0.00545912)
(1.9287e-05 -3.29258e-05 0.00547453)
(2.13246e-05 -3.46096e-05 0.00547039)
(2.2026e-05 -3.57333e-05 0.00546485)
(2.13591e-05 -3.63112e-05 0.00545929)
(1.35741e-05 -2.42828e-05 0.00546905)
(1.50993e-05 -2.55273e-05 0.00546663)
(1.57463e-05 -2.63643e-05 0.00546287)
(1.54875e-05 -2.6803e-05 0.00545896)
(9.60938e-06 -1.78809e-05 0.00546505)
(1.07532e-05 -1.8798e-05 0.00546379)
(1.13116e-05 -1.94181e-05 0.00546123)
(1.12602e-05 -1.97474e-05 0.00545845)
(6.82998e-06 -1.31348e-05 0.00546214)
(7.68598e-06 -1.38086e-05 0.00546167)
(8.14707e-06 -1.42657e-05 0.00545993)
(8.19184e-06 -1.45108e-05 0.00545793)
(4.86122e-06 -9.60783e-06 0.00546002)
(5.49824e-06 -1.01005e-05 0.00546009)
(5.86656e-06 -1.04355e-05 0.00545892)
(5.94772e-06 -1.06163e-05 0.00545748)
(3.45021e-06 -6.97378e-06 0.00545849)
(3.91958e-06 -7.33116e-06 0.00545893)
(4.20543e-06 -7.57461e-06 0.00545815)
(4.29225e-06 -7.70645e-06 0.00545711)
(2.42373e-06 -4.98848e-06 0.00545739)
(2.76366e-06 -5.24397e-06 0.00545809)
(2.97872e-06 -5.41822e-06 0.00545759)
(3.05659e-06 -5.51284e-06 0.00545682)
(1.66122e-06 -3.46757e-06 0.00545661)
(1.89981e-06 -3.64506e-06 0.00545749)
(2.05497e-06 -3.7662e-06 0.00545718)
(2.11747e-06 -3.83213e-06 0.0054566)
(1.07859e-06 -2.27065e-06 0.00545609)
(1.23621e-06 -2.38685e-06 0.00545708)
(1.3407e-06 -2.46617e-06 0.0054569)
(1.38552e-06 -2.50938e-06 0.00545645)
(6.26741e-07 -1.30021e-06 0.00545577)
(7.19233e-07 -1.36692e-06 0.00545683)
(7.81274e-07 -1.41245e-06 0.00545672)
(8.08692e-07 -1.43728e-06 0.00545635)
(3.25981e-07 -5.82642e-07 0.00545558)
(3.73584e-07 -6.13387e-07 0.00545668)
(4.05529e-07 -6.34511e-07 0.00545662)
(4.19663e-07 -6.4635e-07 0.0054563)
(-0.00223055 -0.00187892 0.00454384)
(-0.00817692 -0.0053871 -0.00074146)
(0.000858073 0.00764044 0.00197226)
(-0.002094 0.000581275 -0.000282275)
(-0.000126172 -0.000515437 0.0105978)
(-0.000330881 0.000347795 0.0132668)
(0.000659365 0.00282139 0.0148281)
(-0.000258253 0.000714603 0.00889429)
(-1.76926e-05 0.000117963 0.0064073)
(-5.9332e-05 0.000209103 0.00729482)
(0.000567865 0.000363158 0.0080909)
(0.00102434 -0.0003567 0.00636063)
(-4.14629e-05 -8.75798e-05 0.00642588)
(-1.65601e-05 -0.00014182 0.00677275)
(0.000446867 -0.000226317 0.00705093)
(0.000906021 -0.00049826 0.00654852)
(-4.09704e-06 -0.000199142 0.00606514)
(6.8729e-05 -0.00025212 0.00628148)
(0.000314922 -0.00031794 0.006391)
(0.000574604 -0.000420394 0.00618448)
(1.08371e-05 -0.000200493 0.00580955)
(8.60948e-05 -0.000238469 0.00595018)
(0.00021878 -0.000281009 0.00599886)
(0.000358507 -0.000324703 0.00590528)
(1.17483e-05 -0.00016724 0.00564185)
(7.27368e-05 -0.00019389 0.00575521)
(0.000151971 -0.000221919 0.00578948)
(0.000231699 -0.000246193 0.00574457)
(9.2404e-06 -0.000130621 0.00552721)
(5.45029e-05 -0.000149714 0.00563431)
(0.000104985 -0.000169096 0.00566951)
(0.000153147 -0.000185142 0.00564825)
(6.49557e-06 -9.91977e-05 0.00544748)
(3.88413e-05 -0.000113104 0.00555438)
(7.21187e-05 -0.000126997 0.00559383)
(0.00010253 -0.000138399 0.00558639)
(4.30201e-06 -7.43619e-05 0.00539195)
(2.70231e-05 -8.45502e-05 0.00550011)
(4.94097e-05 -9.46841e-05 0.0055437)
(6.92753e-05 -0.000102999 0.00554519)
(2.74661e-06 -5.53966e-05 0.00535321)
(1.85982e-05 -6.28684e-05 0.00546271)
(3.3863e-05 -7.03065e-05 0.00550956)
(4.7176e-05 -7.64177e-05 0.00551702)
(1.70932e-06 -4.1136e-05 0.00532611)
(1.27551e-05 -4.66125e-05 0.00543669)
(2.32701e-05 -5.20807e-05 0.00548591)
(3.23666e-05 -5.65781e-05 0.00549738)
(1.04224e-06 -3.04893e-05 0.0053071)
(8.75414e-06 -3.45004e-05 0.00541846)
(1.60592e-05 -3.85204e-05 0.00546934)
(2.23682e-05 -4.18281e-05 0.00548352)
(6.23778e-07 -2.25671e-05 0.00529372)
(6.02718e-06 -2.55035e-05 0.00540562)
(1.11401e-05 -2.84573e-05 0.00545765)
(1.5567e-05 -3.08878e-05 0.00547367)
(3.66269e-07 -1.66809e-05 0.00528427)
(4.16807e-06 -1.88295e-05 0.00539654)
(7.76995e-06 -2.09983e-05 0.00544935)
(1.09039e-05 -2.27826e-05 0.00546661)
(2.10461e-07 -1.23086e-05 0.00527758)
(2.89613e-06 -1.38797e-05 0.00539009)
(5.44698e-06 -1.54704e-05 0.00544344)
(7.68009e-06 -1.67787e-05 0.00546155)
(1.17751e-07 -9.05834e-06 0.00527283)
(2.02075e-06 -1.02054e-05 0.00538551)
(3.83388e-06 -1.13698e-05 0.00543922)
(5.4315e-06 -1.23271e-05 0.00545791)
(6.35982e-08 -6.63666e-06 0.00526945)
(1.41338e-06 -7.47137e-06 0.00538224)
(2.70368e-06 -8.32053e-06 0.0054362)
(3.8478e-06 -9.01836e-06 0.00545529)
(3.26895e-08 -4.82379e-06 0.00526705)
(9.87414e-07 -5.42705e-06 0.00537992)
(1.90299e-06 -6.04181e-06 0.00543405)
(2.7195e-06 -6.54681e-06 0.00545342)
(1.56218e-08 -3.45447e-06 0.00526536)
(6.84259e-07 -3.8845e-06 0.00537827)
(1.32729e-06 -4.32331e-06 0.00543253)
(1.90357e-06 -4.68362e-06 0.00545208)
(6.74017e-09 -2.40343e-06 0.00526419)
(4.63936e-07 -2.70159e-06 0.00537713)
(9.0453e-07 -3.00608e-06 0.00543146)
(1.30096e-06 -3.25599e-06 0.00545115)
(2.93678e-09 -1.57475e-06 0.0052634)
(2.99419e-07 -1.76979e-06 0.00537637)
(5.85143e-07 -1.96895e-06 0.00543075)
(8.43035e-07 -2.1323e-06 0.00545052)
(3.38517e-09 -9.00795e-07 0.00526292)
(1.75653e-07 -1.01329e-06 0.0053759)
(3.40569e-07 -1.1275e-06 0.00543031)
(4.89941e-07 -1.22101e-06 0.00545013)
(6.56548e-09 -3.95687e-07 0.00526263)
(9.46954e-08 -4.50551e-07 0.00537563)
(1.80892e-07 -5.03339e-07 0.00543006)
(2.57439e-07 -5.46156e-07 0.00544991)
)
;
    }
}


// ************************************************************************* //
