/*--------------------------------*- C++ -*----------------------------------*\
  =========                 |
  \\      /  F ield         | OpenFOAM: The Open Source CFD Toolbox
   \\    /   O peration     | Website:  https://openfoam.org
    \\  /    A nd           | Version:  6
     \\/     M anipulation  |
\*---------------------------------------------------------------------------*/
FoamFile
{
    version     2.0;
    format      ascii;
    class       volVectorField;
    location    "0.02";
    object      U;
}
// * * * * * * * * * * * * * * * * * * * * * * * * * * * * * * * * * * * * * //

dimensions      [0 1 -1 0 0 0 0];

internalField   nonuniform List<vector> 
1152
(
(0.00321217 -0.0099145 -0.00698454)
(8.62699e-05 0.000758909 0.000536324)
(0.000363133 0.0107599 0.00594042)
(-0.00291892 -0.00468494 0.00358039)
(-0.00186816 -0.0023711 -0.00464134)
(-0.0142784 0.00911853 -0.00149717)
(0.000581812 0.0207237 0.00990971)
(0.00322818 0.00264535 0.00473981)
(-0.00689061 -0.00224697 0.00238568)
(-0.0127447 -0.000651105 0.00480205)
(-0.0118554 0.00266948 0.00502453)
(0.00204138 -0.000822803 0.000101394)
(-0.00374567 -0.00209601 0.000569893)
(-0.00425279 0.0033245 0.000653706)
(-0.00704933 0.000866427 0.0022037)
(-0.000638654 -0.00492261 -0.000285747)
(0.000435324 -0.00116201 0.0160264)
(0.000368907 -0.000675977 0.0093707)
(-9.05309e-05 0.000149906 0.00568062)
(-0.000425 -0.00195662 0.00606037)
(-0.000901276 -0.00276133 0.0118195)
(-0.00258146 -0.00198006 0.0123325)
(-0.00133389 0.000626337 0.0155803)
(0.000254149 -0.000114682 0.0129223)
(-0.00259157 -0.00119281 0.0103907)
(-0.00338266 -0.00141063 0.0124595)
(-0.00244057 -0.00020139 0.0119696)
(-0.000438736 0.000552067 0.00341962)
(-0.00181256 3.74209e-05 0.00927507)
(-0.00168338 0.000179408 0.00922994)
(-0.00131616 -0.000180263 0.00535656)
(-0.000810819 -0.000340851 -0.00533601)
(0.000741096 -0.000422716 0.00734977)
(0.00164131 -0.000983284 0.00598818)
(0.00160594 -0.00124184 0.00483696)
(0.00122811 -0.00142587 0.00438601)
(0.00027163 -0.000607109 0.00635662)
(0.000745029 -0.000887281 0.00656359)
(0.00117834 -0.000588448 0.00664649)
(0.00129372 -0.000389916 0.00557737)
(0.000166979 -0.000459468 0.00569116)
(0.000566409 -0.000368592 0.00639399)
(0.00110453 8.48266e-05 0.00570737)
(0.00107631 0.00038155 0.0035196)
(0.000861457 -0.000529685 0.00529714)
(0.00121717 -0.000304896 0.00514498)
(0.00145086 -0.000182606 0.00361523)
(0.000946985 -0.000125553 0.00179663)
(0.000614204 -0.000493184 0.0064629)
(0.00122574 -0.000759663 0.0059116)
(0.00128223 -0.000887553 0.00523924)
(0.00102852 -0.000882508 0.00470364)
(0.000515391 -0.000347245 0.00619669)
(0.000959266 -0.00048441 0.00606417)
(0.00117259 -0.000475175 0.00566684)
(0.00105477 -0.000397814 0.0050309)
(0.000625106 -0.000405273 0.00590068)
(0.000973733 -0.000277032 0.00585711)
(0.00120932 -0.000105933 0.00531582)
(0.000996346 -3.14556e-05 0.00452481)
(0.00101694 -0.000565386 0.00587336)
(0.0012541 -0.000388365 0.00549974)
(0.0013344 -0.000274643 0.00470815)
(0.000951737 -0.000251716 0.00400652)
(0.000513372 -0.000412998 0.005814)
(0.00078201 -0.000513523 0.00555483)
(0.000803973 -0.000554549 0.00519997)
(0.000651547 -0.000546993 0.00487827)
(0.000495492 -0.000351228 0.00579732)
(0.000710107 -0.00038894 0.00564984)
(0.000780549 -0.000391049 0.00536745)
(0.000663971 -0.000369859 0.00502647)
(0.000555897 -0.000389683 0.00574003)
(0.000733856 -0.000325188 0.00559467)
(0.000806238 -0.000262716 0.0052727)
(0.000655543 -0.000239917 0.00490275)
(0.000710898 -0.000461832 0.00579884)
(0.000840501 -0.000385398 0.00552502)
(0.000855747 -0.000331996 0.00511789)
(0.000652046 -0.000315802 0.00475985)
(0.000389161 -0.000327925 0.00554772)
(0.000497831 -0.000362347 0.00540103)
(0.000497054 -0.000372623 0.00520781)
(0.000405227 -0.000367983 0.00502843)
(0.000388246 -0.000318919 0.00559324)
(0.000481635 -0.000325586 0.00547354)
(0.000494574 -0.000323507 0.00529785)
(0.000411833 -0.000316359 0.00511415)
(0.000411428 -0.000336154 0.00561815)
(0.000494302 -0.000311064 0.00549155)
(0.00050645 -0.000288805 0.0053026)
(0.00041453 -0.000278447 0.00511095)
(0.000463564 -0.000359779 0.00568299)
(0.000531119 -0.000335296 0.00551044)
(0.000527116 -0.00031528 0.00529122)
(0.000420484 -0.000304347 0.00509801)
(0.00028044 -0.000252523 0.00545186)
(0.00032533 -0.000264534 0.00536346)
(0.000316494 -0.000265881 0.00525237)
(0.00026003 -0.000262123 0.00514909)
(0.000281032 -0.00026005 0.00550794)
(0.000322254 -0.000261009 0.00542197)
(0.00031827 -0.00025883 0.0053132)
(0.000264685 -0.000255028 0.00520833)
(0.00028807 -0.00026914 0.0055525)
(0.000327363 -0.000261398 0.00546076)
(0.000323806 -0.000253711 0.00534653)
(0.000268409 -0.000248409 0.00523879)
(0.000303466 -0.000275844 0.0056087)
(0.000338917 -0.000270884 0.00550078)
(0.000331987 -0.000264801 0.00537573)
(0.000273415 -0.000259201 0.00526511)
(0.000197665 -0.000190867 0.00542264)
(0.000217059 -0.000195312 0.0053682)
(0.0002075 -0.000194437 0.00530128)
(0.000172335 -0.000191357 0.00523916)
(0.000197545 -0.000201603 0.00547348)
(0.000216641 -0.000202248 0.00541532)
(0.000209601 -0.000200957 0.00534708)
(0.000175873 -0.000198498 0.00528374)
(0.000198244 -0.000207526 0.0055165)
(0.00021801 -0.000206617 0.0054545)
(0.000212175 -0.000204443 0.00538361)
(0.000178759 -0.000201797 0.0053188)
(0.000200995 -0.000208914 0.00556195)
(0.000220515 -0.000210502 0.0054941)
(0.000214982 -0.000209797 0.0054192)
(0.000181728 -0.000207507 0.00535251)
(0.000138182 -0.000142573 0.00541715)
(0.000147136 -0.000144443 0.00538412)
(0.000139371 -0.000143285 0.00534271)
(0.000117269 -0.000140884 0.00530399)
(0.000137529 -0.000152569 0.00545975)
(0.000147078 -0.000153485 0.00542154)
(0.000141007 -0.000152912 0.00537807)
(0.000119952 -0.000151281 0.00533823)
(0.000136073 -0.000156942 0.00549592)
(0.000146867 -0.000158378 0.00545507)
(0.000142144 -0.000158289 0.00541011)
(0.000121964 -0.000157037 0.00536937)
(0.00013478 -0.000156805 0.00553149)
(0.000146284 -0.000160138 0.00548848)
(0.000142734 -0.000161299 0.00544201)
(0.000123576 -0.000160645 0.0054003)
(9.64847e-05 -0.000105721 0.00541995)
(0.000101027 -0.000106687 0.00540087)
(9.54103e-05 -0.00010573 0.0053749)
(8.14201e-05 -0.000103918 0.00535005)
(9.56426e-05 -0.000114019 0.00545493)
(0.000100913 -0.000115042 0.00543035)
(9.6561e-05 -0.000114882 0.00540222)
(8.34433e-05 -0.000113791 0.00537637)
(9.37002e-05 -0.000117408 0.0054839)
(0.000100154 -0.000119399 0.00545724)
(9.70108e-05 -0.000120019 0.00542814)
(8.48294e-05 -0.000119461 0.00540169)
(9.14257e-05 -0.000116945 0.00551126)
(9.87061e-05 -0.000120321 0.00548375)
(9.67642e-05 -0.000121937 0.00545411)
(8.5692e-05 -0.000121988 0.00542719)
(6.75477e-05 -7.80231e-05 0.00542505)
(7.01278e-05 -7.86451e-05 0.00541518)
(6.62986e-05 -7.79507e-05 0.00539889)
(5.73873e-05 -7.66072e-05 0.0053826)
(6.67138e-05 -8.46025e-05 0.0054538)
(6.99409e-05 -8.55716e-05 0.00543838)
(6.70845e-05 -8.56118e-05 0.00541997)
(5.89089e-05 -8.48691e-05 0.00540278)
(6.48874e-05 -8.726e-05 0.0054766)
(6.90847e-05 -8.91513e-05 0.00545932)
(6.72192e-05 -8.99279e-05 0.00544017)
(5.98784e-05 -8.96991e-05 0.00542256)
(6.26661e-05 -8.68279e-05 0.00549746)
(6.75752e-05 -8.97189e-05 0.00547976)
(6.6721e-05 -9.12617e-05 0.00546041)
(6.03494e-05 -9.15642e-05 0.00544259)
(4.75013e-05 -5.74037e-05 0.00543017)
(4.91387e-05 -5.78657e-05 0.00542646)
(4.66151e-05 -5.73876e-05 0.0054164)
(4.09034e-05 -5.64005e-05 0.00540558)
(4.67629e-05 -6.2502e-05 0.00545408)
(4.89232e-05 -6.33417e-05 0.00544481)
(4.715e-05 -6.34614e-05 0.00543269)
(4.20452e-05 -6.29458e-05 0.00542104)
(4.5231e-05 -6.45836e-05 0.00547197)
(4.81434e-05 -6.61759e-05 0.00546091)
(4.71502e-05 -6.69011e-05 0.00544814)
(4.27366e-05 -6.68216e-05 0.00543617)
(4.33598e-05 -6.42655e-05 0.00548781)
(4.68324e-05 -6.65787e-05 0.00547643)
(4.66341e-05 -6.78815e-05 0.00546357)
(4.30036e-05 -6.82357e-05 0.0054515)
(3.35759e-05 -4.21468e-05 0.00543458)
(3.47097e-05 -4.2511e-05 0.00543501)
(3.30812e-05 -4.21897e-05 0.00542905)
(2.93957e-05 -4.14676e-05 0.00542182)
(3.29599e-05 -4.60453e-05 0.00545482)
(3.44998e-05 -4.67359e-05 0.00544968)
(3.34473e-05 -4.68745e-05 0.0054417)
(3.02504e-05 -4.65105e-05 0.0054337)
(3.17404e-05 -4.76672e-05 0.00546894)
(3.38495e-05 -4.89367e-05 0.00546201)
(3.33974e-05 -4.95458e-05 0.00545342)
(3.07508e-05 -4.95305e-05 0.00544515)
(3.02566e-05 -4.74613e-05 0.00548096)
(3.27912e-05 -4.92512e-05 0.0054737)
(3.29458e-05 -5.0291e-05 0.00546504)
(3.09089e-05 -5.06174e-05 0.00545672)
(2.38535e-05 -3.09008e-05 0.00543813)
(2.46834e-05 -3.11916e-05 0.00544137)
(2.36469e-05 -3.09777e-05 0.00543815)
(2.12516e-05 -3.04508e-05 0.00543334)
(2.3358e-05 -3.38558e-05 0.00545562)
(2.44971e-05 -3.44056e-05 0.00545329)
(2.38996e-05 -3.45359e-05 0.00544808)
(2.18893e-05 -3.42757e-05 0.00544253)
(2.24137e-05 -3.51116e-05 0.00546689)
(2.39786e-05 -3.6095e-05 0.00546275)
(2.38371e-05 -3.65811e-05 0.00545693)
(2.22547e-05 -3.65911e-05 0.00545115)
(2.12718e-05 -3.49934e-05 0.00547603)
(2.31549e-05 -3.6353e-05 0.00547151)
(2.34696e-05 -3.71583e-05 0.00546563)
(2.23523e-05 -3.74316e-05 0.00545981)
(1.70235e-05 -2.26291e-05 0.00544089)
(1.76488e-05 -2.28597e-05 0.00544604)
(1.6995e-05 -2.27177e-05 0.0054447)
(1.5426e-05 -2.23338e-05 0.00544154)
(1.66342e-05 -2.48543e-05 0.00545633)
(1.74924e-05 -2.52826e-05 0.00545591)
(1.71708e-05 -2.53945e-05 0.00545259)
(1.59002e-05 -2.52071e-05 0.00544873)
(1.59151e-05 -2.58206e-05 0.00546547)
(1.70897e-05 -2.65694e-05 0.00546322)
(1.71114e-05 -2.69466e-05 0.00545928)
(1.61681e-05 -2.69646e-05 0.0054552)
(1.50507e-05 -2.57633e-05 0.00547248)
(1.64613e-05 -2.67847e-05 0.00546979)
(1.68232e-05 -2.73974e-05 0.00546577)
(1.62305e-05 -2.76156e-05 0.00546166)
(1.21926e-05 -1.65496e-05 0.00544298)
(1.26692e-05 -1.67302e-05 0.00544946)
(1.22593e-05 -1.66359e-05 0.00544941)
(1.12233e-05 -1.63566e-05 0.0054474)
(1.1892e-05 -1.82162e-05 0.00545691)
(1.25426e-05 -1.85446e-05 0.00545781)
(1.23824e-05 -1.8636e-05 0.00545579)
(1.15746e-05 -1.85006e-05 0.0054531)
(1.13505e-05 -1.89549e-05 0.00546448)
(1.2235e-05 -1.95187e-05 0.00546352)
(1.23314e-05 -1.98063e-05 0.00546088)
(1.17711e-05 -1.9825e-05 0.00545798)
(1.07029e-05 -1.89365e-05 0.0054699)
(1.17617e-05 -1.9698e-05 0.00546847)
(1.21105e-05 -2.01589e-05 0.00546572)
(1.1812e-05 -2.03283e-05 0.00546278)
(8.75091e-06 -1.20788e-05 0.00544455)
(9.11435e-06 -1.22182e-05 0.00545195)
(8.85843e-06 -1.21554e-05 0.00545279)
(8.16907e-06 -1.19525e-05 0.00545159)
(8.52189e-06 -1.332e-05 0.00545737)
(9.01452e-06 -1.35687e-05 0.00545919)
(8.94504e-06 -1.36411e-05 0.00545807)
(8.42809e-06 -1.35431e-05 0.0054562)
(8.11765e-06 -1.38808e-05 0.00546378)
(8.78254e-06 -1.43017e-05 0.00546371)
(8.90355e-06 -1.45182e-05 0.00546196)
(8.57202e-06 -1.45349e-05 0.0054599)
(7.63626e-06 -1.38849e-05 0.00546803)
(8.42934e-06 -1.44492e-05 0.00546746)
(8.73665e-06 -1.47928e-05 0.00546558)
(8.59927e-06 -1.4922e-05 0.00546348)
(6.27894e-06 -8.7831e-06 0.00544571)
(6.5545e-06 -8.88919e-06 0.00545376)
(6.39517e-06 -8.84711e-06 0.00545523)
(5.9335e-06 -8.7003e-06 0.0054546)
(6.10671e-06 -9.7013e-06 0.00545773)
(6.47744e-06 -9.88751e-06 0.00546018)
(6.45619e-06 -9.94342e-06 0.00545969)
(6.12337e-06 -9.87263e-06 0.00545841)
(5.80751e-06 -1.01235e-05 0.00546329)
(6.30436e-06 -1.04349e-05 0.00546384)
(6.42359e-06 -1.05961e-05 0.00546271)
(6.22836e-06 -1.061e-05 0.00546123)
(5.45243e-06 -1.01389e-05 0.00546668)
(6.04311e-06 -1.05541e-05 0.0054667)
(6.29905e-06 -1.08082e-05 0.00546543)
(6.24675e-06 -1.09052e-05 0.00546391)
(4.48598e-06 -6.34153e-06 0.00544657)
(4.69242e-06 -6.42081e-06 0.00545506)
(4.59353e-06 -6.39253e-06 0.00545697)
(4.28328e-06 -6.28696e-06 0.00545675)
(4.35831e-06 -7.01413e-06 0.005458)
(4.63416e-06 -7.15158e-06 0.0054609)
(4.63644e-06 -7.19381e-06 0.00546085)
(4.42123e-06 -7.14297e-06 0.00545998)
(4.13926e-06 -7.32817e-06 0.00546294)
(4.50668e-06 -7.55609e-06 0.00546392)
(4.61152e-06 -7.6746e-06 0.00546323)
(4.49721e-06 -7.68552e-06 0.00546217)
(3.88001e-06 -7.34764e-06 0.0054657)
(4.31554e-06 -7.65031e-06 0.00546613)
(4.5198e-06 -7.8361e-06 0.00546529)
(4.50973e-06 -7.90789e-06 0.00546419)
(3.1681e-06 -4.51559e-06 0.00544719)
(3.31969e-06 -4.57347e-06 0.005456)
(3.25863e-06 -4.55448e-06 0.00545822)
(3.05078e-06 -4.47955e-06 0.00545828)
(3.07534e-06 -5.00026e-06 0.0054582)
(3.27671e-06 -5.09973e-06 0.00546141)
(3.28853e-06 -5.13079e-06 0.00546167)
(3.14947e-06 -5.09472e-06 0.00546109)
(2.91769e-06 -5.22947e-06 0.00546269)
(3.18455e-06 -5.39344e-06 0.00546398)
(3.27004e-06 -5.47896e-06 0.00546359)
(3.20366e-06 -5.48727e-06 0.00546282)
(2.73147e-06 -5.2486e-06 0.00546501)
(3.04707e-06 -5.46574e-06 0.00546572)
(3.20372e-06 -5.59936e-06 0.00546518)
(3.21216e-06 -5.65143e-06 0.00546437)
(2.1803e-06 -3.12712e-06 0.00544763)
(2.28783e-06 -3.16789e-06 0.00545665)
(2.25063e-06 -3.15529e-06 0.00545909)
(2.11368e-06 -3.10351e-06 0.00545935)
(2.11511e-06 -3.46593e-06 0.00545834)
(2.25729e-06 -3.53558e-06 0.00546176)
(2.27099e-06 -3.55756e-06 0.00546224)
(2.18226e-06 -3.53263e-06 0.00546186)
(2.00506e-06 -3.6278e-06 0.00546252)
(2.19275e-06 -3.74219e-06 0.00546401)
(2.25782e-06 -3.80198e-06 0.00546384)
(2.21985e-06 -3.80798e-06 0.00546327)
(1.87525e-06 -3.64413e-06 0.00546452)
(2.09685e-06 -3.79535e-06 0.00546543)
(2.2114e-06 -3.88857e-06 0.00546509)
(2.22552e-06 -3.92512e-06 0.00546448)
(1.41917e-06 -2.04244e-06 0.00544792)
(1.49089e-06 -2.06928e-06 0.0054571)
(1.46917e-06 -2.06116e-06 0.00545967)
(1.38316e-06 -2.02725e-06 0.00546006)
(1.37635e-06 -2.26511e-06 0.00545844)
(1.47071e-06 -2.31084e-06 0.005462)
(1.48244e-06 -2.32529e-06 0.00546262)
(1.42818e-06 -2.30892e-06 0.00546238)
(1.30411e-06 -2.37219e-06 0.0054624)
(1.42831e-06 -2.44724e-06 0.00546403)
(1.47376e-06 -2.48648e-06 0.005464)
(1.45284e-06 -2.49043e-06 0.00546357)
(1.21894e-06 -2.38433e-06 0.00546419)
(1.36538e-06 -2.48349e-06 0.00546523)
(1.44327e-06 -2.54465e-06 0.00546503)
(1.45647e-06 -2.56874e-06 0.00546455)
(8.22167e-07 -1.17137e-06 0.00544811)
(8.65298e-07 -1.18654e-06 0.00545737)
(8.54613e-07 -1.18132e-06 0.00546003)
(8.06988e-07 -1.16118e-06 0.0054605)
(7.9815e-07 -1.29869e-06 0.0054585)
(8.5417e-07 -1.32468e-06 0.00546215)
(8.62781e-07 -1.33255e-06 0.00546285)
(8.33466e-07 -1.32267e-06 0.0054627)
(7.56818e-07 -1.35972e-06 0.00546233)
(8.30054e-07 -1.40268e-06 0.00546405)
(8.58143e-07 -1.42497e-06 0.0054641)
(8.48013e-07 -1.42697e-06 0.00546376)
(7.0793e-07 -1.3666e-06 0.00546399)
(7.94024e-07 -1.42352e-06 0.0054651)
(8.40812e-07 -1.45857e-06 0.00546499)
(8.50233e-07 -1.47236e-06 0.0054646)
(4.11469e-07 -5.40158e-07 0.0054482)
(4.36701e-07 -5.45884e-07 0.00545751)
(4.35594e-07 -5.41692e-07 0.00546022)
(4.15542e-07 -5.30499e-07 0.00546074)
(4.02704e-07 -5.96118e-07 0.00545852)
(4.33385e-07 -6.06617e-07 0.00546222)
(4.41051e-07 -6.08812e-07 0.00546297)
(4.29471e-07 -6.02928e-07 0.00546287)
(3.85055e-07 -6.21317e-07 0.00546228)
(4.23546e-07 -6.39995e-07 0.00546404)
(4.40086e-07 -6.49336e-07 0.00546415)
(4.37261e-07 -6.49519e-07 0.00546385)
(3.63199e-07 -6.21525e-07 0.00546386)
(4.07661e-07 -6.47243e-07 0.00546503)
(4.32668e-07 -6.63065e-07 0.00546496)
(4.38673e-07 -6.6932e-07 0.00546462)
(-0.00029383 0.00101296 0.0046121)
(0.002531 0.00191778 0.00487191)
(0.00886638 -0.000635208 0.00207165)
(0.000213896 -0.00212247 0.00200461)
(0.00031118 -0.000167891 0.000847102)
(0.00218055 -0.000347573 0.00355517)
(0.00148649 -0.00309565 0.00395923)
(-0.00140143 -0.00409855 0.00131069)
(0.00015898 9.66197e-05 0.000546032)
(0.00146782 -0.000280878 0.00249328)
(-0.00368674 -0.00506386 -0.00146654)
(-0.00439297 -0.00550844 -0.000899461)
(-8.372e-05 0.00110645 0.000145994)
(0.0048751 0.0114725 -0.00242945)
(-0.000833946 0.00888038 -0.00129485)
(-0.00388268 -0.000521251 0.000241542)
(6.13227e-05 0.00036407 0.00501263)
(0.00108147 0.000405673 0.00631784)
(0.00181731 -9.12835e-05 0.00803588)
(0.00114096 -0.000609335 0.0105068)
(-0.000122401 0.000127659 0.00647555)
(0.000273129 0.000123006 0.00611271)
(0.000647211 -0.000183228 0.00725087)
(0.00018987 -0.00102599 0.00891014)
(1.44101e-05 0.000140447 0.00859084)
(0.000521349 0.000583192 0.00722379)
(1.9334e-05 0.000549877 0.0086662)
(-0.00115182 0.000380245 0.00765551)
(-5.7136e-05 -0.000697769 0.014577)
(0.000511117 0.0013832 0.0157534)
(8.92532e-05 0.00243346 0.0224655)
(-0.000891916 0.00124492 0.0102379)
(-0.000307321 0.0001768 0.00406139)
(-0.00034851 -3.01353e-05 0.0046127)
(-0.00023215 -0.000214553 0.0053769)
(6.75257e-06 -0.000310606 0.00628022)
(0.000107014 -0.000330379 0.00393003)
(-4.88536e-05 -0.000297675 0.00433642)
(-0.000130754 -0.000282486 0.00496315)
(-1.67316e-05 -0.000319663 0.00554055)
(0.000341769 -0.00120781 0.00392201)
(0.000309849 -0.0010531 0.00421985)
(0.000284351 -0.000854307 0.00473042)
(0.000241139 -0.000531778 0.00467743)
(0.000225351 -0.00122468 0.006236)
(0.00036804 -0.00090874 0.00700591)
(0.000715147 -0.000634919 0.00857885)
(0.00096806 -0.000578443 0.00572829)
(1.62083e-05 -0.000177565 0.00507199)
(-5.65176e-05 -0.000310984 0.00539658)
(-2.80247e-06 -0.000409649 0.00580324)
(0.000144313 -0.000455622 0.00615079)
(0.00017236 -0.000437503 0.00505967)
(8.30027e-05 -0.000470738 0.00529762)
(8.04721e-05 -0.000481849 0.00564313)
(0.000223615 -0.000424407 0.00593827)
(0.000238254 -0.00099583 0.00511054)
(0.000187568 -0.00100747 0.00532485)
(0.00029642 -0.000938548 0.0056186)
(0.000462875 -0.000662571 0.00572437)
(0.00012345 -0.000954133 0.00640246)
(0.000195871 -0.000962036 0.00659977)
(0.000590204 -0.000911768 0.0068559)
(0.00093443 -0.000757454 0.00622492)
(0.000165805 -0.000257964 0.00519556)
(0.000157623 -0.0003214 0.00538255)
(0.000205741 -0.000373723 0.00557016)
(0.000292285 -0.000401473 0.00571108)
(0.000181017 -0.000373808 0.00528665)
(0.000173314 -0.000404115 0.00545223)
(0.000214407 -0.000424646 0.00562227)
(0.000325296 -0.000404635 0.00574223)
(0.000168033 -0.000628978 0.00538051)
(0.000174633 -0.000647272 0.00555964)
(0.000269364 -0.000627096 0.00572034)
(0.000412114 -0.000512205 0.00576211)
(9.41577e-05 -0.000609035 0.00602968)
(0.000173689 -0.000632913 0.0061792)
(0.000387493 -0.000625982 0.00626061)
(0.000598362 -0.00055499 0.00603089)
(0.000189862 -0.000246772 0.0052422)
(0.000203209 -0.00027605 0.0053658)
(0.000240837 -0.000303699 0.00546861)
(0.000289894 -0.000321582 0.00553345)
(0.000161601 -0.000302123 0.00534555)
(0.000183385 -0.000321517 0.00546939)
(0.000228432 -0.000338924 0.00556391)
(0.000300678 -0.000338783 0.00560987)
(0.000123872 -0.000405699 0.00544159)
(0.000156262 -0.000417509 0.00557617)
(0.000226727 -0.000414839 0.00566421)
(0.000321491 -0.00037945 0.00567452)
(7.14338e-05 -0.000389669 0.00575851)
(0.000144785 -0.000406074 0.00587192)
(0.000258524 -0.000411223 0.005913)
(0.000377249 -0.000390141 0.00581862)
(0.000165163 -0.000203073 0.00523696)
(0.000180693 -0.00021771 0.00533964)
(0.000206227 -0.000234432 0.00541571)
(0.00023401 -0.000247136 0.00545792)
(0.000131094 -0.000234069 0.00533705)
(0.000157175 -0.000246276 0.0054445)
(0.000192772 -0.000259642 0.00551225)
(0.00023699 -0.000265029 0.0055358)
(9.23186e-05 -0.00027514 0.00542802)
(0.000128033 -0.000284354 0.0055412)
(0.000178378 -0.000289056 0.00560034)
(0.000237433 -0.000281497 0.00560218)
(5.1638e-05 -0.000260861 0.00559577)
(0.000109426 -0.000273876 0.00569691)
(0.00017841 -0.00028326 0.00573)
(0.000248767 -0.000281733 0.00568974)
(0.000129585 -0.000156468 0.00522533)
(0.000142036 -0.000165202 0.00532185)
(0.00015865 -0.000176597 0.00539033)
(0.000174795 -0.000186132 0.00542715)
(0.000100828 -0.000176689 0.0053136)
(0.000122856 -0.000184817 0.00541569)
(0.000148196 -0.000194937 0.00547555)
(0.000175175 -0.000201038 0.00549501)
(6.83667e-05 -0.000193182 0.0053932)
(9.8686e-05 -0.000200785 0.00549851)
(0.000133615 -0.00020761 0.00554899)
(0.000170197 -0.000208887 0.00555194)
(3.68673e-05 -0.000181494 0.0054928)
(7.9409e-05 -0.00019231 0.00559286)
(0.000124317 -0.000202177 0.00562873)
(0.000167817 -0.000206735 0.00561156)
(9.71427e-05 -0.000116889 0.00521658)
(0.00010595 -0.000122886 0.00531201)
(0.000116634 -0.000131218 0.0053791)
(0.000126309 -0.000138569 0.00541553)
(7.52714e-05 -0.000131288 0.00529156)
(9.17799e-05 -0.000137105 0.00539283)
(0.000109118 -0.000144822 0.00545161)
(0.000125849 -0.000150284 0.00547248)
(5.01541e-05 -0.000138382 0.0053584)
(7.329e-05 -0.000144579 0.00546184)
(9.71443e-05 -0.000151197 0.00551141)
(0.00012017 -0.000154827 0.00551863)
(2.62819e-05 -0.000129437 0.0054241)
(5.66548e-05 -0.000138213 0.00552573)
(8.666e-05 -0.000146932 0.00556623)
(0.000114402 -0.000152602 0.00556174)
(7.12429e-05 -8.59314e-05 0.00521187)
(7.7174e-05 -9.04174e-05 0.00530777)
(8.40541e-05 -9.67234e-05 0.00537524)
(9.00107e-05 -0.000102445 0.00541248)
(5.52807e-05 -9.66322e-05 0.00527495)
(6.70297e-05 -0.000101022 0.00537698)
(7.87281e-05 -0.000106954 0.00543679)
(8.93187e-05 -0.000111484 0.00546021)
(3.65217e-05 -0.000100162 0.00533039)
(5.32984e-05 -0.000105127 0.00543427)
(6.95119e-05 -0.000110766 0.00548537)
(8.43247e-05 -0.00011456 0.00549706)
(1.87244e-05 -9.36216e-05 0.00537743)
(4.0078e-05 -0.000100536 0.00548095)
(6.03845e-05 -0.000107649 0.00552553)
(7.85325e-05 -0.000112788 0.00552918)
(5.1708e-05 -6.26568e-05 0.00521009)
(5.56285e-05 -6.61326e-05 0.00530673)
(6.00937e-05 -7.09619e-05 0.00537491)
(6.38521e-05 -7.54116e-05 0.00541301)
(4.02495e-05 -7.07322e-05 0.00526349)
(4.84194e-05 -7.41288e-05 0.00536662)
(5.62976e-05 -7.86965e-05 0.00542782)
(6.3144e-05 -8.23237e-05 0.00545354)
(2.64761e-05 -7.28609e-05 0.00530972)
(3.83406e-05 -7.6775e-05 0.00541465)
(4.93748e-05 -8.1313e-05 0.00546769)
(5.91134e-05 -8.46056e-05 0.00548304)
(1.33425e-05 -6.82253e-05 0.00534541)
(2.82473e-05 -7.35523e-05 0.00545054)
(4.21102e-05 -7.91194e-05 0.00549827)
(5.42359e-05 -8.33169e-05 0.00550737)
(3.73637e-05 -4.55087e-05 0.00521)
(3.99453e-05 -4.82214e-05 0.00530729)
(4.28757e-05 -5.19217e-05 0.00537611)
(4.53006e-05 -5.53615e-05 0.00541486)
(2.91839e-05 -5.16176e-05 0.00525594)
(3.48137e-05 -5.42621e-05 0.00536006)
(4.01411e-05 -5.77693e-05 0.00542247)
(4.46562e-05 -6.06144e-05 0.00544992)
(1.91532e-05 -5.31253e-05 0.00529507)
(2.74496e-05 -5.61691e-05 0.00540104)
(3.49935e-05 -5.97129e-05 0.00545576)
(4.15221e-05 -6.2375e-05 0.00547381)
(9.51762e-06 -4.99078e-05 0.00532328)
(1.9899e-05 -5.39502e-05 0.00542966)
(2.94334e-05 -5.82074e-05 0.00547967)
(3.76785e-05 -6.14827e-05 0.00549246)
(2.69633e-05 -3.30036e-05 0.00521072)
(2.86704e-05 -3.51112e-05 0.00530852)
(3.06181e-05 -3.79343e-05 0.0053778)
(3.22148e-05 -4.05731e-05 0.00541699)
(2.11273e-05 -3.76126e-05 0.00525108)
(2.50012e-05 -3.96647e-05 0.00535597)
(2.86294e-05 -4.23436e-05 0.0054193)
(3.16611e-05 -4.45439e-05 0.00544797)
(1.38487e-05 -3.8778e-05 0.00528489)
(1.96292e-05 -4.11186e-05 0.0053917)
(2.48196e-05 -4.38384e-05 0.00544769)
(2.92699e-05 -4.5919e-05 0.00546765)
(6.80114e-06 -3.65755e-05 0.00530793)
(1.40392e-05 -3.96125e-05 0.0054152)
(2.06436e-05 -4.28247e-05 0.00546683)
(2.63318e-05 -4.53219e-05 0.00548212)
(1.94627e-05 -2.39282e-05 0.00521175)
(2.06013e-05 -2.55518e-05 0.0053099)
(2.19126e-05 -2.76931e-05 0.0053795)
(2.29834e-05 -2.97018e-05 0.00541896)
(1.5292e-05 -2.73906e-05 0.005248)
(1.79653e-05 -2.89717e-05 0.00535345)
(2.04568e-05 -3.10057e-05 0.00541744)
(2.25245e-05 -3.26892e-05 0.00544694)
(1.00173e-05 -2.83195e-05 0.00527787)
(1.40479e-05 -3.01032e-05 0.00538531)
(1.76442e-05 -3.21675e-05 0.00544222)
(2.07202e-05 -3.37633e-05 0.00546349)
(4.87039e-06 -2.68249e-05 0.00529723)
(9.93168e-06 -2.90917e-05 0.00540513)
(1.45381e-05 -3.14955e-05 0.00545788)
(1.8509e-05 -3.33753e-05 0.00547487)
(1.40602e-05 -1.7352e-05 0.00521279)
(1.48277e-05 -1.85916e-05 0.0053112)
(1.57218e-05 -2.02057e-05 0.00538101)
(1.64514e-05 -2.17238e-05 0.00542064)
(1.10727e-05 -1.99412e-05 0.00524605)
(1.29267e-05 -2.11495e-05 0.0053519)
(1.46519e-05 -2.26844e-05 0.00541634)
(1.60808e-05 -2.39616e-05 0.0054464)
(7.2511e-06 -2.06832e-05 0.00527304)
(1.00701e-05 -2.20322e-05 0.00538093)
(1.25792e-05 -2.35867e-05 0.00543848)
(1.47292e-05 -2.47964e-05 0.00546064)
(3.49537e-06 -1.96744e-05 0.00528975)
(7.04814e-06 -2.13583e-05 0.00539808)
(1.02815e-05 -2.31473e-05 0.0054516)
(1.30798e-05 -2.45514e-05 0.00546974)
(1.01643e-05 -1.2584e-05 0.00521374)
(1.06875e-05 -1.35223e-05 0.00531231)
(1.1304e-05 -1.47317e-05 0.00538227)
(1.18078e-05 -1.58714e-05 0.00542199)
(8.02e-06 -1.45114e-05 0.00524482)
(9.31282e-06 -1.54273e-05 0.00535095)
(1.05167e-05 -1.65788e-05 0.00541571)
(1.15146e-05 -1.75404e-05 0.00544614)
(5.2514e-06 -1.50988e-05 0.00526972)
(7.23055e-06 -1.61122e-05 0.00537792)
(8.99194e-06 -1.72754e-05 0.00543591)
(1.05078e-05 -1.81847e-05 0.00545868)
(2.513e-06 -1.44197e-05 0.00528451)
(5.0166e-06 -1.56659e-05 0.00539313)
(7.29863e-06 -1.69918e-05 0.00544718)
(9.2845e-06 -1.80348e-05 0.0054661)
(7.34668e-06 -9.11948e-06 0.00521453)
(7.70685e-06 -9.82375e-06 0.00531322)
(8.13583e-06 -1.07243e-05 0.00538327)
(8.48745e-06 -1.15742e-05 0.00542305)
(5.80593e-06 -1.0547e-05 0.00524405)
(6.7119e-06 -1.12357e-05 0.00535038)
(7.55707e-06 -1.20941e-05 0.00541534)
(8.25947e-06 -1.28131e-05 0.00544602)
(3.80172e-06 -1.10061e-05 0.00526743)
(5.19592e-06 -1.17625e-05 0.00537584)
(6.43832e-06 -1.26276e-05 0.00543414)
(7.5134e-06 -1.33063e-05 0.00545731)
(1.80807e-06 -1.05497e-05 0.00528081)
(3.57781e-06 -1.14683e-05 0.00538964)
(5.19476e-06 -1.24468e-05 0.00544405)
(6.61066e-06 -1.32178e-05 0.00546351)
(5.2993e-06 -6.59208e-06 0.00521517)
(5.54909e-06 -7.11598e-06 0.00531393)
(5.84943e-06 -7.78166e-06 0.00538405)
(6.09642e-06 -8.41068e-06 0.00542386)
(4.19335e-06 -7.6428e-06 0.00524356)
(4.8301e-06 -8.15596e-06 0.00535002)
(5.4255e-06 -8.79134e-06 0.00541513)
(5.922e-06 -9.32463e-06 0.00544597)
(2.74608e-06 -7.99642e-06 0.00526584)
(3.72983e-06 -8.55669e-06 0.0053744)
(4.60818e-06 -9.19579e-06 0.00543291)
(5.37268e-06 -9.69843e-06 0.00545636)
(1.29931e-06 -7.68993e-06 0.00527821)
(2.55177e-06 -8.36359e-06 0.00538718)
(3.69926e-06 -9.08181e-06 0.00544183)
(4.71035e-06 -9.64846e-06 0.00546165)
(3.80101e-06 -4.73636e-06 0.00521566)
(3.97475e-06 -5.12165e-06 0.00531449)
(4.18524e-06 -5.60881e-06 0.00538464)
(4.35893e-06 -6.06953e-06 0.00542447)
(3.01096e-06 -5.50256e-06 0.00524325)
(3.45807e-06 -5.88056e-06 0.0053498)
(3.87714e-06 -6.3461e-06 0.00541501)
(4.22782e-06 -6.73747e-06 0.00544596)
(1.97207e-06 -5.77028e-06 0.00526474)
(2.66481e-06 -6.18105e-06 0.0053734)
(3.28464e-06 -6.64857e-06 0.00543205)
(3.82714e-06 -7.01698e-06 0.00545569)
(9.29151e-07 -5.565e-06 0.00527637)
(1.81331e-06 -6.0549e-06 0.00538544)
(2.62558e-06 -6.57758e-06 0.00544026)
(3.34546e-06 -6.99033e-06 0.00546033)
(2.69221e-06 -3.35923e-06 0.00521604)
(2.81243e-06 -3.63766e-06 0.0053149)
(2.95891e-06 -3.98838e-06 0.00538509)
(3.0801e-06 -4.32023e-06 0.00542492)
(2.13451e-06 -3.9092e-06 0.00524305)
(2.44589e-06 -4.18276e-06 0.00534967)
(2.73833e-06 -4.51827e-06 0.00541495)
(2.98377e-06 -4.80064e-06 0.00544597)
(1.39828e-06 -4.10727e-06 0.00526397)
(1.88169e-06 -4.40345e-06 0.00537271)
(2.31504e-06 -4.73994e-06 0.00543146)
(2.69614e-06 -5.00547e-06 0.00545523)
(6.56598e-07 -3.97075e-06 0.00527509)
(1.2748e-06 -4.3217e-06 0.00538422)
(1.84412e-06 -4.69634e-06 0.00543916)
(2.35118e-06 -4.99236e-06 0.0054594)
(1.85667e-06 -2.31901e-06 0.00521631)
(1.93821e-06 -2.51407e-06 0.0053152)
(2.03792e-06 -2.75909e-06 0.0053854)
(2.12052e-06 -2.99097e-06 0.00542525)
(1.47317e-06 -2.70231e-06 0.00524292)
(1.6852e-06 -2.89418e-06 0.00534959)
(1.88459e-06 -3.12878e-06 0.00541491)
(2.05227e-06 -3.32635e-06 0.00544598)
(9.65264e-07 -2.84362e-06 0.00526346)
(1.29488e-06 -3.05077e-06 0.00537224)
(1.59073e-06 -3.2858e-06 0.00543105)
(1.85187e-06 -3.47142e-06 0.00545491)
(4.52143e-07 -2.75452e-06 0.0052742)
(8.74313e-07 -2.99876e-06 0.00538337)
(1.26374e-06 -3.25957e-06 0.00543839)
(1.61196e-06 -3.46571e-06 0.00545875)
(1.20926e-06 -1.51126e-06 0.0052165)
(1.26217e-06 -1.63979e-06 0.00531541)
(1.32678e-06 -1.80084e-06 0.00538562)
(1.3802e-06 -1.9532e-06 0.00542547)
(9.60162e-07 -1.76273e-06 0.00524285)
(1.09747e-06 -1.88922e-06 0.00534954)
(1.22649e-06 -2.04353e-06 0.00541489)
(1.33508e-06 -2.17346e-06 0.00544599)
(6.29374e-07 -1.85685e-06 0.00526311)
(8.42827e-07 -1.99312e-06 0.00537193)
(1.03427e-06 -2.14758e-06 0.00543079)
(1.20372e-06 -2.26956e-06 0.0054547)
(2.94526e-07 -1.80117e-06 0.00527361)
(5.68112e-07 -1.96131e-06 0.00538281)
(8.20389e-07 -2.1323e-06 0.00543788)
(1.04666e-06 -2.2674e-06 0.00545832)
(6.94299e-07 -8.66526e-07 0.00521662)
(7.27028e-07 -9.40967e-07 0.00531554)
(7.65643e-07 -1.03348e-06 0.00538576)
(7.97421e-07 -1.12059e-06 0.00542561)
(5.51539e-07 -1.01026e-06 0.0052428)
(6.32772e-07 -1.08347e-06 0.00534951)
(7.08179e-07 -1.17216e-06 0.00541488)
(7.71787e-07 -1.24645e-06 0.005446)
(3.62028e-07 -1.06387e-06 0.0052629)
(4.86945e-07 -1.14263e-06 0.00537174)
(5.98049e-07 -1.23133e-06 0.00543062)
(6.96688e-07 -1.30106e-06 0.00545457)
(1.70268e-07 -1.03171e-06 0.00527324)
(3.29642e-07 -1.12417e-06 0.00538246)
(4.75581e-07 -1.22233e-06 0.00543757)
(6.06914e-07 -1.29964e-06 0.00545805)
(3.24072e-07 -4.00696e-07 0.00521667)
(3.48721e-07 -4.38474e-07 0.00531559)
(3.73176e-07 -4.80808e-07 0.00538582)
(3.92608e-07 -5.18703e-07 0.00542566)
(2.57083e-07 -4.65153e-07 0.00524276)
(3.04671e-07 -5.02194e-07 0.00534948)
(3.47477e-07 -5.42139e-07 0.00541486)
(3.82767e-07 -5.74125e-07 0.00544599)
(1.68983e-07 -4.86572e-07 0.00526277)
(2.36812e-07 -5.25882e-07 0.00537162)
(2.97546e-07 -5.65757e-07 0.00543052)
(3.50061e-07 -5.95977e-07 0.00545448)
(8.09036e-08 -4.66503e-07 0.00527302)
(1.64219e-07 -5.12036e-07 0.00538226)
(2.41822e-07 -5.56874e-07 0.00543738)
(3.10135e-07 -5.91472e-07 0.00545789)
(-0.00394666 0.000724599 0.00244713)
(-0.00126743 0.00130079 0.00163589)
(-0.00475145 3.76023e-05 0.00150111)
(-0.0158241 -0.00710034 -0.0052319)
(-0.00473462 -0.00149467 0.00267372)
(0.0019709 0.00272936 0.00227797)
(-0.00523149 0.000564251 0.000614554)
(-0.0125577 -0.000868583 -0.00345408)
(-0.00586531 -0.00605089 0.00242057)
(0.00566023 0.00649792 0.00393865)
(-0.000856892 0.00486766 0.00218206)
(-0.00291882 0.000972046 -0.00368054)
(-0.00343151 -0.00583928 0.00197854)
(0.00525784 0.0016963 0.00288823)
(0.00299525 0.00267559 -0.000685848)
(0.00343788 -0.00279361 -0.00495508)
(-0.000329076 0.000238 0.0128293)
(-0.000473528 0.000340453 0.0105317)
(0.000278918 -5.28474e-05 0.00701862)
(-8.60447e-06 -0.00172342 -0.00207216)
(-5.42236e-05 0.000382302 0.0139056)
(0.000761713 0.000754767 0.0129047)
(0.000827157 -0.000307321 0.00562658)
(-0.000787939 -0.00273618 -0.00143721)
(0.000287492 0.000264168 0.014062)
(0.00190849 0.00118876 0.00911872)
(0.00130247 9.10308e-05 0.0041389)
(-0.000410909 -0.00182827 0.00281994)
(0.000409639 8.78809e-05 0.0139082)
(0.00178511 0.000565651 0.00822996)
(0.001008 7.67275e-05 0.00348841)
(-0.000230372 -0.00141581 0.00321153)
(0.000494864 -0.000205764 0.00608722)
(0.00160738 -0.000776866 0.00472559)
(0.00181438 -0.000553543 0.00395732)
(0.00135433 -0.000621147 0.00185965)
(0.000671262 -0.00015667 0.00639153)
(0.00188192 -0.000754271 0.00549784)
(0.00201767 -0.000826338 0.00378631)
(0.00111997 -0.00127939 0.00187525)
(0.000845019 -0.000277289 0.00659163)
(0.00214131 -0.000815968 0.00539856)
(0.00209323 -0.00105943 0.00371404)
(0.00108156 -0.00146038 0.00250615)
(0.00101546 -0.000399659 0.00683148)
(0.00211542 -0.000949432 0.00546979)
(0.00190205 -0.00125885 0.0038593)
(0.00110635 -0.00155492 0.00315491)
(0.000518987 -0.000393396 0.00602604)
(0.00118502 -0.00065949 0.00511122)
(0.00124622 -0.000426982 0.00435433)
(0.000955565 -0.000274212 0.00339943)
(0.000568856 -0.000421464 0.0061219)
(0.00125917 -0.000729407 0.00534808)
(0.0013536 -0.000626467 0.00442077)
(0.000929903 -0.000603332 0.00350326)
(0.00065723 -0.00049079 0.0062351)
(0.00134584 -0.000786283 0.00549857)
(0.00139113 -0.000813658 0.00454064)
(0.000944538 -0.00084756 0.0037502)
(0.000752671 -0.00057502 0.00631197)
(0.00134883 -0.000849902 0.00562406)
(0.00134415 -0.000947097 0.00476599)
(0.000973577 -0.000987577 0.00415554)
(0.000438828 -0.000339632 0.00546696)
(0.000760479 -0.000428526 0.00501711)
(0.000767498 -0.000279079 0.00457729)
(0.000593364 -0.000152629 0.00411534)
(0.000470173 -0.000360827 0.00557264)
(0.000785836 -0.000487571 0.00518523)
(0.000811596 -0.000408306 0.00470199)
(0.000601024 -0.000338994 0.00423822)
(0.000516668 -0.000404148 0.00565729)
(0.0008179 -0.000533637 0.00530113)
(0.000833923 -0.000522199 0.00482457)
(0.000620605 -0.000498642 0.00440258)
(0.0005651 -0.00044473 0.00570558)
(0.000821154 -0.000562594 0.00538965)
(0.000821431 -0.000589206 0.00497411)
(0.000634583 -0.000588949 0.00462302)
(0.000329786 -0.000262409 0.00527559)
(0.000479221 -0.000272969 0.00502541)
(0.000475279 -0.000180669 0.00476793)
(0.000369842 -9.60301e-05 0.00452388)
(0.000350812 -0.000279507 0.00537121)
(0.000490662 -0.000317647 0.00515685)
(0.000492132 -0.000265975 0.00489427)
(0.000378226 -0.000213305 0.00464856)
(0.000380082 -0.00030635 0.00544119)
(0.000507363 -0.00035392 0.00524839)
(0.000505418 -0.000337167 0.00499787)
(0.000391988 -0.000312285 0.00476939)
(0.000407078 -0.000328596 0.00547786)
(0.000511118 -0.000374236 0.0053096)
(0.000502241 -0.000378304 0.0050925)
(0.000398829 -0.000371501 0.00489722)
(0.000239248 -0.00019422 0.00519527)
(0.000309939 -0.000178843 0.00505553)
(0.000303159 -0.000118781 0.00490705)
(0.000236993 -6.31277e-05 0.00477077)
(0.000252507 -0.000208215 0.00529127)
(0.000315963 -0.000212037 0.00517328)
(0.000309931 -0.000176879 0.00502872)
(0.00024279 -0.000141083 0.00489305)
(0.000271198 -0.000227364 0.00536022)
(0.0003263 -0.000240709 0.00525426)
(0.000317831 -0.000225191 0.00511703)
(0.000251913 -0.000206165 0.00498893)
(0.00028691 -0.0002427 0.00539744)
(0.00032972 -0.000259131 0.00530388)
(0.000317454 -0.000256246 0.0051832)
(0.000256222 -0.000249133 0.00507147)
(0.000171024 -0.000141219 0.00517034)
(0.00020564 -0.000120359 0.00509186)
(0.000198612 -7.96051e-05 0.00500669)
(0.000155952 -4.25092e-05 0.00492788)
(0.000179046 -0.000152901 0.00526742)
(0.000208986 -0.000145368 0.00520429)
(0.000201626 -0.00012039 0.00512407)
(0.000159877 -9.60045e-05 0.00504656)
(0.000190967 -0.000167512 0.0053371)
(0.000215746 -0.000167999 0.00527972)
(0.000206613 -0.000155087 0.00520229)
(0.000166164 -0.000141177 0.00512784)
(0.000200329 -0.000179182 0.00537617)
(0.000218427 -0.000184344 0.00532374)
(0.000207119 -0.00017994 0.00525353)
(0.000169428 -0.000173905 0.00518716)
(0.000121636 -0.000101838 0.00516761)
(0.000139388 -8.27062e-05 0.0051252)
(0.000133121 -5.43576e-05 0.00507771)
(0.000104997 -2.91845e-05 0.00503168)
(0.000126398 -0.000111448 0.00526556)
(0.000141226 -0.000101689 0.00523535)
(0.000134623 -8.36252e-05 0.00519221)
(0.00010777 -6.67114e-05 0.00514741)
(0.000133983 -0.000122814 0.00533594)
(0.000145675 -0.000119385 0.00530772)
(0.00013795 -0.000109221 0.00526417)
(0.00011228 -9.90724e-05 0.0052199)
(0.000139622 -0.000131954 0.00537622)
(0.000147576 -0.000133105 0.0053485)
(0.000138677 -0.000129003 0.00530689)
(0.000114911 -0.000124209 0.00526624)
(8.64548e-05 -7.32025e-05 0.00517327)
(9.6048e-05 -5.77002e-05 0.00515313)
(9.09106e-05 -3.77126e-05 0.00512862)
(7.20482e-05 -2.03562e-05 0.00510215)
(8.92584e-05 -8.09312e-05 0.00527175)
(9.70235e-05 -7.21028e-05 0.00526216)
(9.17423e-05 -5.89941e-05 0.0052413)
(7.40816e-05 -4.70836e-05 0.00521582)
(9.40969e-05 -8.97561e-05 0.00534249)
(9.9945e-05 -8.5761e-05 0.00533265)
(9.40365e-05 -7.80398e-05 0.00530934)
(7.73896e-05 -7.06273e-05 0.00528283)
(9.75139e-05 -9.69337e-05 0.00538334)
(0.000101218 -9.68202e-05 0.00537122)
(9.47387e-05 -9.35004e-05 0.00534673)
(7.95143e-05 -8.98094e-05 0.00532129)
(6.15475e-05 -5.25896e-05 0.00518117)
(6.70254e-05 -4.0697e-05 0.00517535)
(6.30303e-05 -2.64971e-05 0.00516528)
(5.0212e-05 -1.43758e-05 0.00515089)
(6.31969e-05 -5.86781e-05 0.00527994)
(6.75176e-05 -5.15775e-05 0.00528374)
(6.35335e-05 -4.20772e-05 0.00527681)
(5.17335e-05 -3.36014e-05 0.00526319)
(6.63044e-05 -6.5474e-05 0.00535081)
(6.94378e-05 -6.19924e-05 0.00535296)
(6.51438e-05 -5.6256e-05 0.00534226)
(5.41849e-05 -5.08421e-05 0.00532666)
(6.83893e-05 -7.10694e-05 0.00539182)
(7.02644e-05 -7.0665e-05 0.00538984)
(6.57397e-05 -6.81342e-05 0.00537605)
(5.58732e-05 -6.53435e-05 0.00535997)
(4.39315e-05 -3.78142e-05 0.00518883)
(4.7232e-05 -2.89348e-05 0.00519251)
(4.42313e-05 -1.87981e-05 0.00519175)
(3.54309e-05 -1.0248e-05 0.00518505)
(4.49066e-05 -4.25323e-05 0.00528776)
(4.74634e-05 -3.71102e-05 0.00530048)
(4.45573e-05 -3.02372e-05 0.00530252)
(3.65792e-05 -2.41636e-05 0.00529644)
(4.69228e-05 -4.77179e-05 0.00535861)
(4.87327e-05 -4.49743e-05 0.00536877)
(4.56998e-05 -4.07676e-05 0.00536619)
(3.84017e-05 -3.68158e-05 0.00535753)
(4.82068e-05 -5.20366e-05 0.00539956)
(4.92639e-05 -5.16492e-05 0.00540433)
(4.61768e-05 -4.97743e-05 0.00539742)
(3.9721e-05 -4.76873e-05 0.00538733)
(3.14516e-05 -2.72326e-05 0.00519539)
(3.35389e-05 -2.06947e-05 0.00520552)
(3.13365e-05 -1.34339e-05 0.0052109)
(2.52452e-05 -7.35574e-06 0.00520922)
(3.20336e-05 -3.08423e-05 0.00529439)
(3.36359e-05 -2.6806e-05 0.00531319)
(3.15587e-05 -2.18388e-05 0.00532115)
(2.61135e-05 -1.74658e-05 0.00532)
(3.33581e-05 -3.47667e-05 0.00536517)
(3.44835e-05 -3.26989e-05 0.00538077)
(3.23758e-05 -2.96358e-05 0.00538356)
(2.74685e-05 -2.67524e-05 0.00537944)
(3.41583e-05 -3.80682e-05 0.00540598)
(3.48258e-05 -3.77703e-05 0.00541529)
(3.27466e-05 -3.64003e-05 0.00541292)
(2.84851e-05 -3.48501e-05 0.00540675)
(2.25831e-05 -1.96468e-05 0.00520068)
(2.39578e-05 -1.48675e-05 0.00521525)
(2.23654e-05 -9.65245e-06 0.00522477)
(1.8121e-05 -5.30562e-06 0.00522645)
(2.29355e-05 -2.23812e-05 0.00529971)
(2.39896e-05 -1.9415e-05 0.0053227)
(2.25231e-05 -1.58256e-05 0.00533466)
(1.87767e-05 -1.26663e-05 0.0053368)
(2.38175e-05 -2.53303e-05 0.00537041)
(2.45629e-05 -2.3805e-05 0.00538975)
(2.31113e-05 -2.15821e-05 0.00539615)
(1.9783e-05 -1.94788e-05 0.00539508)
(2.43232e-05 -2.78333e-05 0.00541104)
(2.4786e-05 -2.76228e-05 0.00542345)
(2.33949e-05 -2.66278e-05 0.00542414)
(2.05579e-05 -2.54814e-05 0.00542061)
(1.62566e-05 -1.41965e-05 0.00520481)
(1.71914e-05 -1.0716e-05 0.00522246)
(1.60508e-05 -6.96197e-06 0.00523482)
(1.3077e-05 -3.83949e-06 0.00523879)
(1.6474e-05 -1.62518e-05 0.00530384)
(1.71943e-05 -1.40864e-05 0.00532975)
(1.6166e-05 -1.14916e-05 0.00534445)
(1.35708e-05 -9.20383e-06 0.00534884)
(1.70694e-05 -1.84549e-05 0.00537445)
(1.75872e-05 -1.73414e-05 0.00539639)
(1.65918e-05 -1.57306e-05 0.00540528)
(1.43168e-05 -1.41965e-05 0.00540629)
(1.73941e-05 -2.03389e-05 0.00541493)
(1.77351e-05 -2.01957e-05 0.00542947)
(1.68068e-05 -1.94749e-05 0.00543225)
(1.49023e-05 -1.86297e-05 0.00543052)
(1.17238e-05 -1.02689e-05 0.00520797)
(1.23745e-05 -7.73987e-06 0.00522778)
(1.15624e-05 -5.03335e-06 0.0052421)
(9.46943e-06 -2.78359e-06 0.00524765)
(1.18607e-05 -1.18035e-05 0.00530699)
(1.23665e-05 -1.02284e-05 0.00533494)
(1.16481e-05 -8.35191e-06 0.00535154)
(9.83987e-06 -6.69303e-06 0.00535749)
(1.2268e-05 -1.34407e-05 0.00537753)
(1.26393e-05 -1.26322e-05 0.00540128)
(1.19576e-05 -1.14655e-05 0.00541189)
(1.03918e-05 -1.0347e-05 0.00541435)
(1.24799e-05 -1.48498e-05 0.00541786)
(1.27392e-05 -1.47541e-05 0.00543388)
(1.21195e-05 -1.42322e-05 0.00543811)
(1.08309e-05 -1.36107e-05 0.00543764)
(8.45979e-06 -7.42749e-06 0.00521034)
(8.92015e-06 -5.59369e-06 0.00523169)
(8.34411e-06 -3.6416e-06 0.00524738)
(6.86644e-06 -2.01846e-06 0.00525403)
(8.54805e-06 -8.56621e-06 0.00530936)
(8.90961e-06 -7.42373e-06 0.00533876)
(8.40855e-06 -6.06711e-06 0.00535668)
(7.14305e-06 -4.86415e-06 0.00536372)
(8.82973e-06 -9.77653e-06 0.00537983)
(9.10101e-06 -9.19136e-06 0.00540487)
(8.63396e-06 -8.34705e-06 0.00541668)
(7.55004e-06 -7.53258e-06 0.00542015)
(8.97017e-06 -1.08239e-05 0.00542005)
(9.16954e-06 -1.07602e-05 0.00543711)
(8.75509e-06 -1.03827e-05 0.00544234)
(7.87711e-06 -9.92696e-06 0.00544275)
(6.09529e-06 -5.36143e-06 0.00521211)
(6.42385e-06 -4.03606e-06 0.00523454)
(6.01673e-06 -2.63036e-06 0.0052512)
(4.9724e-06 -1.46058e-06 0.00525863)
(6.15337e-06 -6.20041e-06 0.00531112)
(6.41418e-06 -5.37464e-06 0.00534154)
(6.0653e-06 -4.39592e-06 0.0053604)
(5.17758e-06 -3.52541e-06 0.00536821)
(6.34967e-06 -7.08955e-06 0.00538154)
(6.54938e-06 -6.66748e-06 0.00540748)
(6.22927e-06 -6.05784e-06 0.00542014)
(5.47623e-06 -5.46655e-06 0.00542433)
(6.44397e-06 -7.86248e-06 0.00542167)
(6.59701e-06 -7.82011e-06 0.00543946)
(6.31928e-06 -7.54749e-06 0.0054454)
(5.71798e-06 -7.21479e-06 0.00544643)
(4.3685e-06 -3.84807e-06 0.00521341)
(4.60328e-06 -2.89632e-06 0.00523661)
(4.31713e-06 -1.88943e-06 0.00525395)
(3.58105e-06 -1.05064e-06 0.00526193)
(4.40735e-06 -4.46019e-06 0.00531241)
(4.59556e-06 -3.8672e-06 0.00534355)
(4.3535e-06 -3.16508e-06 0.00536308)
(3.73172e-06 -2.53885e-06 0.00537143)
(4.5445e-06 -5.1074e-06 0.00538279)
(4.69119e-06 -4.80483e-06 0.00540937)
(4.47214e-06 -4.36713e-06 0.00542263)
(3.94903e-06 -3.9407e-06 0.00542733)
(4.60835e-06 -5.67216e-06 0.00542286)
(4.72449e-06 -5.64384e-06 0.00544116)
(4.53832e-06 -5.44805e-06 0.00544759)
(4.12586e-06 -5.20703e-06 0.00544907)
(3.09238e-06 -2.72699e-06 0.00521436)
(3.25866e-06 -2.05246e-06 0.00523809)
(3.05977e-06 -1.34009e-06 0.00525591)
(2.546e-06 -7.46005e-07 0.00526427)
(3.11854e-06 -3.16648e-06 0.00531335)
(3.25297e-06 -2.74618e-06 0.005345)
(3.08657e-06 -2.24882e-06 0.00536499)
(2.65479e-06 -1.80416e-06 0.00537373)
(3.21382e-06 -3.63031e-06 0.0053837)
(3.32012e-06 -3.41612e-06 0.00541073)
(3.17129e-06 -3.10583e-06 0.00542441)
(2.81051e-06 -2.80245e-06 0.00542946)
(3.25704e-06 -4.03627e-06 0.00542371)
(3.34329e-06 -4.01733e-06 0.00544237)
(3.2191e-06 -3.87845e-06 0.00544916)
(2.93769e-06 -3.70637e-06 0.00545095)
(2.13168e-06 -1.88136e-06 0.00521503)
(2.24656e-06 -1.4161e-06 0.00523913)
(2.11166e-06 -9.253e-07 0.00525729)
(1.76154e-06 -5.1557e-07 0.00526592)
(2.14916e-06 -2.18771e-06 0.00531401)
(2.24266e-06 -1.89777e-06 0.00534602)
(2.13078e-06 -1.55478e-06 0.00536633)
(1.83772e-06 -1.24754e-06 0.00537533)
(2.214e-06 -2.51051e-06 0.00538435)
(2.28877e-06 -2.36287e-06 0.00541168)
(2.18965e-06 -2.14872e-06 0.00542565)
(1.9461e-06 -1.93879e-06 0.00543095)
(2.24281e-06 -2.79364e-06 0.00542432)
(2.30459e-06 -2.78115e-06 0.00544323)
(2.22314e-06 -2.68523e-06 0.00545026)
(2.03485e-06 -2.56583e-06 0.00545226)
(1.38794e-06 -1.22561e-06 0.00521548)
(1.46327e-06 -9.22825e-07 0.00523984)
(1.37693e-06 -6.03487e-07 0.00525822)
(1.15128e-06 -3.36548e-07 0.00526702)
(1.39948e-06 -1.42672e-06 0.00531447)
(1.46112e-06 -1.23806e-06 0.00534671)
(1.38998e-06 -1.01473e-06 0.00536724)
(1.20165e-06 -8.14308e-07 0.00537641)
(1.44166e-06 -1.63819e-06 0.00538478)
(1.49143e-06 -1.54214e-06 0.00541233)
(1.4288e-06 -1.40253e-06 0.00542649)
(1.2729e-06 -1.26539e-06 0.00543196)
(1.4602e-06 -1.82383e-06 0.00542473)
(1.50189e-06 -1.81593e-06 0.0054438)
(1.45105e-06 -1.75331e-06 0.00545099)
(1.33132e-06 -1.67514e-06 0.00545314)
(7.97694e-07 -7.03839e-07 0.00521577)
(8.43207e-07 -5.31161e-07 0.00524027)
(7.9616e-07 -3.4802e-07 0.00525879)
(6.69242e-07 -1.94116e-07 0.0052677)
(8.06589e-07 -8.19919e-07 0.00531475)
(8.44193e-07 -7.12366e-07 0.00534713)
(8.05541e-07 -5.83946e-07 0.00536779)
(6.99689e-07 -4.68098e-07 0.00537708)
(8.326e-07 -9.40766e-07 0.00538505)
(8.63467e-07 -8.85817e-07 0.00541273)
(8.29434e-07 -8.05061e-07 0.00542701)
(7.41869e-07 -7.25457e-07 0.00543258)
(8.44624e-07 -1.04639e-06 0.00542499)
(8.70836e-07 -1.04172e-06 0.00544416)
(8.43404e-07 -1.00514e-06 0.00545145)
(7.7643e-07 -9.59535e-07 0.00545369)
(3.76264e-07 -3.28306e-07 0.00521591)
(4.05949e-07 -2.51023e-07 0.0052405)
(3.91789e-07 -1.6527e-07 0.00525909)
(3.38039e-07 -9.04113e-08 0.00526808)
(3.89609e-07 -3.83851e-07 0.00531488)
(4.14925e-07 -3.3499e-07 0.00534735)
(4.03022e-07 -2.73364e-07 0.00536809)
(3.57345e-07 -2.15883e-07 0.00537744)
(4.07711e-07 -4.38622e-07 0.00538519)
(4.29232e-07 -4.13294e-07 0.00541293)
(4.18456e-07 -3.73901e-07 0.00542728)
(3.80498e-07 -3.34036e-07 0.00543291)
(4.18002e-07 -4.84589e-07 0.00542511)
(4.36633e-07 -4.81558e-07 0.00544434)
(4.2814e-07 -4.6299e-07 0.00545169)
(3.99203e-07 -4.3983e-07 0.00545398)
)
;

boundaryField
{
    inlet
    {
        type            uniformFixedValue;
        uniformValue    table
        
2
(
(0 (0 0 0.002))
(0.1 (0 0 0.02))
)
;
        value           uniform (0 0 0.0056);
    }
    outlet
    {
        type            zeroGradient;
    }
    wall
    {
        type            slip;
    }
    procBoundary0to1
    {
        type            processor;
        value           nonuniform List<vector> 
192
(
(-0.00305077 -0.00285562 0.00395826)
(-0.00754269 -0.00739148 0.00394908)
(-0.0069924 0.000291604 0.00418931)
(-0.00683456 0.00408995 0.00171114)
(-0.000354073 -0.00205163 0.00391779)
(-0.00129985 -0.00147564 0.00651914)
(-0.00245076 0.00022394 0.00389288)
(-0.00248921 0.000998628 0.00193576)
(0.000613469 -0.00137146 0.00346677)
(0.000501473 -0.00062442 0.00413061)
(5.99385e-05 0.000171616 0.0034649)
(-9.08514e-05 9.34435e-05 0.00264765)
(0.000532667 -0.000823007 0.00423151)
(0.00054886 -0.000449139 0.00449975)
(0.000414138 -0.000125863 0.00425588)
(0.000355792 -0.00021316 0.00393003)
(0.000358964 -0.000521176 0.00464316)
(0.000373798 -0.000379595 0.00477648)
(0.00034331 -0.000263922 0.00471643)
(0.000334122 -0.00030091 0.00462205)
(0.000240612 -0.000356882 0.00490378)
(0.000248617 -0.000315387 0.00498523)
(0.00024556 -0.000279727 0.0049971)
(0.00024877 -0.000294973 0.00499404)
(0.000165906 -0.000255877 0.00507735)
(0.000171075 -0.00025205 0.00513524)
(0.000173432 -0.000245549 0.00516834)
(0.000177687 -0.000253416 0.0051954)
(0.000117058 -0.000187063 0.00519494)
(0.000120964 -0.000195665 0.00523879)
(0.000123861 -0.000199057 0.00527388)
(0.000127207 -0.000204094 0.0053069)
(8.39461e-05 -0.000137665 0.00527538)
(8.70901e-05 -0.000148965 0.00530909)
(8.96212e-05 -0.000154989 0.00533985)
(9.20687e-05 -0.000158644 0.00537015)
(6.08818e-05 -0.000101441 0.00533088)
(6.34377e-05 -0.000111967 0.00535678)
(6.54965e-05 -0.000117991 0.00538174)
(6.72832e-05 -0.000120792 0.00540682)
(4.44935e-05 -7.46961e-05 0.00536941)
(4.65487e-05 -8.34519e-05 0.00538925)
(4.8181e-05 -8.86388e-05 0.00540875)
(4.94964e-05 -9.08277e-05 0.00542851)
(3.26795e-05 -5.49344e-05 0.00539632)
(3.43059e-05 -6.18535e-05 0.00541151)
(3.55803e-05 -6.60479e-05 0.00542643)
(3.65541e-05 -6.77668e-05 0.00544159)
(2.40751e-05 -4.03515e-05 0.00541523)
(2.53424e-05 -4.56749e-05 0.0054269)
(2.63251e-05 -4.89611e-05 0.00543818)
(2.70475e-05 -5.03098e-05 0.00544964)
(1.77635e-05 -2.96075e-05 0.0054286)
(1.8738e-05 -3.36414e-05 0.00543762)
(1.94878e-05 -3.61704e-05 0.00544611)
(2.00232e-05 -3.7225e-05 0.00545469)
(1.31111e-05 -2.1701e-05 0.0054381)
(1.38522e-05 -2.4729e-05 0.00544515)
(1.44191e-05 -2.66536e-05 0.00545154)
(1.4815e-05 -2.74742e-05 0.00545794)
(9.66977e-06 -1.58848e-05 0.00544488)
(1.02281e-05 -1.81427e-05 0.00545048)
(1.06532e-05 -1.95955e-05 0.00545529)
(1.09451e-05 -2.02301e-05 0.00546006)
(7.1164e-06 -1.16029e-05 0.00544975)
(7.53342e-06 -1.32771e-05 0.00545428)
(7.84985e-06 -1.43661e-05 0.00545792)
(8.06431e-06 -1.48531e-05 0.00546147)
(5.21503e-06 -8.443e-06 0.00545323)
(5.52379e-06 -9.67639e-06 0.00545698)
(5.75744e-06 -1.04865e-05 0.00545977)
(5.91419e-06 -1.08567e-05 0.00546243)
(3.79138e-06 -6.09948e-06 0.00545573)
(4.01744e-06 -6.9997e-06 0.00545891)
(4.18815e-06 -7.59593e-06 0.00546107)
(4.3018e-06 -7.8737e-06 0.00546308)
(2.71544e-06 -4.34513e-06 0.00545751)
(2.87813e-06 -4.99186e-06 0.00546028)
(3.00077e-06 -5.42321e-06 0.00546199)
(3.08198e-06 -5.62751e-06 0.00546353)
(1.88933e-06 -3.00994e-06 0.00545875)
(2.0029e-06 -3.46096e-06 0.00546124)
(2.0884e-06 -3.7635e-06 0.00546263)
(2.14477e-06 -3.90874e-06 0.00546383)
(1.24038e-06 -1.96579e-06 0.00545958)
(1.31506e-06 -2.26183e-06 0.00546188)
(1.37122e-06 -2.4613e-06 0.00546306)
(1.4081e-06 -2.55809e-06 0.00546403)
(7.26429e-07 -1.12517e-06 0.0054601)
(7.69978e-07 -1.29513e-06 0.00546227)
(8.02621e-07 -1.41002e-06 0.00546332)
(8.23902e-07 -1.46624e-06 0.00546415)
(3.78171e-07 -5.11817e-07 0.00546038)
(4.00112e-07 -5.88909e-07 0.00546249)
(4.16199e-07 -6.41085e-07 0.00546346)
(4.26268e-07 -6.66579e-07 0.00546422)
(0.0215543 -0.000467118 -0.0184767)
(-0.00535003 -0.00663316 0.000538628)
(-0.00276471 -0.000629357 0.00332338)
(-0.00510375 0.00182946 0.00281637)
(-1.90681e-06 -0.00146779 -0.00314272)
(-0.00212574 -0.00288127 0.00116752)
(-0.00153166 -0.00131694 0.00210836)
(-0.00100444 -0.00111718 0.00242048)
(-0.000399628 -0.000563841 0.00101891)
(-0.000399428 -0.00112648 0.00200269)
(-7.94135e-05 -0.00110245 0.00234529)
(0.000323049 -0.00131191 0.00261711)
(6.17214e-05 -0.000218153 0.00298153)
(0.000112689 -0.000531996 0.00328563)
(0.000246808 -0.000707079 0.00350522)
(0.000411753 -0.000875844 0.003787)
(0.000166844 -0.00010158 0.00388155)
(0.00019173 -0.000299097 0.0040579)
(0.000247374 -0.000445009 0.00421928)
(0.000312061 -0.000548072 0.0044133)
(0.000149379 -5.6923e-05 0.00438596)
(0.000164465 -0.000186597 0.00452653)
(0.000191823 -0.000287907 0.00464985)
(0.000220608 -0.000355328 0.00477633)
(0.000113148 -3.52747e-05 0.00468666)
(0.000123674 -0.000122276 0.00481388)
(0.000139828 -0.000192114 0.00491265)
(0.00015534 -0.000240686 0.00499869)
(8.20242e-05 -2.30476e-05 0.00487508)
(8.97286e-05 -8.25629e-05 0.00499548)
(0.00010044 -0.000131681 0.00507883)
(0.000110257 -0.000168225 0.00514147)
(5.88858e-05 -1.55526e-05 0.00499764)
(6.46393e-05 -5.69859e-05 0.00511403)
(7.21986e-05 -9.21601e-05 0.00518783)
(7.90342e-05 -0.000119903 0.00523655)
(4.23463e-05 -1.07271e-05 0.00507964)
(4.66765e-05 -3.9983e-05 0.00519358)
(5.21776e-05 -6.54567e-05 0.00526139)
(5.71615e-05 -8.64354e-05 0.00530141)
(3.06137e-05 -7.51259e-06 0.00513567)
(3.38784e-05 -2.83883e-05 0.00524807)
(3.79377e-05 -4.6947e-05 0.00531201)
(4.164e-05 -6.27001e-05 0.00534635)
(2.22574e-05 -5.31764e-06 0.00517456)
(2.4716e-05 -2.03242e-05 0.00528597)
(2.77279e-05 -3.38832e-05 0.00534735)
(3.04941e-05 -4.56358e-05 0.0053778)
(1.62597e-05 -3.79175e-06 0.00520188)
(1.81066e-05 -1.46338e-05 0.00531263)
(2.03444e-05 -2.45515e-05 0.00537225)
(2.24113e-05 -3.32747e-05 0.0054)
(1.19199e-05 -2.71736e-06 0.00522124)
(1.33029e-05 -1.05766e-05 0.00533155)
(1.49643e-05 -1.78332e-05 0.00538995)
(1.65056e-05 -2.4283e-05 0.00541576)
(8.75696e-06 -1.95394e-06 0.00523505)
(9.78906e-06 -7.66247e-06 0.00534506)
(1.10204e-05 -1.29708e-05 0.00540259)
(1.21663e-05 -1.77255e-05 0.00542702)
(6.43773e-06 -1.40773e-06 0.00524494)
(7.20507e-06 -5.55754e-06 0.00535475)
(8.11544e-06 -9.43756e-06 0.00541166)
(8.96439e-06 -1.29332e-05 0.00543508)
(4.72795e-06 -1.01463e-06 0.00525206)
(5.29593e-06 -4.02964e-06 0.00536172)
(5.96667e-06 -6.86062e-06 0.00541818)
(6.59304e-06 -9.42279e-06 0.00544088)
(3.46042e-06 -7.30029e-07 0.00525717)
(3.87831e-06 -2.91472e-06 0.00536673)
(4.36996e-06 -4.97292e-06 0.00542287)
(4.82948e-06 -6.84243e-06 0.00544505)
(2.51408e-06 -5.22427e-07 0.00526085)
(2.81872e-06 -2.09547e-06 0.00537033)
(3.17603e-06 -3.58133e-06 0.00542624)
(3.51017e-06 -4.93487e-06 0.00544804)
(1.80008e-06 -3.69302e-07 0.00526346)
(2.01865e-06 -1.487e-06 0.0053729)
(2.27438e-06 -2.54488e-06 0.00542864)
(2.51363e-06 -3.51075e-06 0.00545017)
(1.25235e-06 -2.54326e-07 0.00526529)
(1.40461e-06 -1.02713e-06 0.00537469)
(1.58239e-06 -1.75956e-06 0.00543032)
(1.74876e-06 -2.42943e-06 0.00545166)
(8.22308e-07 -1.65511e-07 0.00526652)
(9.22399e-07 -6.69826e-07 0.0053759)
(1.03899e-06 -1.14779e-06 0.00543145)
(1.14809e-06 -1.58554e-06 0.00545266)
(4.82449e-07 -9.44489e-08 0.00526728)
(5.41238e-07 -3.83837e-07 0.00537665)
(6.09194e-07 -6.5679e-07 0.00543215)
(6.72708e-07 -9.07235e-07 0.00545328)
(2.52639e-07 -3.92562e-08 0.0052677)
(2.83951e-07 -1.72268e-07 0.00537705)
(3.18817e-07 -2.98829e-07 0.00543253)
(3.50835e-07 -4.13282e-07 0.00545361)
)
;
    }
    procBoundary0to2
    {
        type            processor;
        value           nonuniform List<vector> 
192
(
(-0.00587522 -0.001029 0.00132603)
(-0.00548923 0.00306836 0.00322244)
(-0.00379597 0.00763669 0.00109387)
(-0.00331902 -0.00230437 -0.00167543)
(-0.00190057 -0.000652267 0.0100194)
(-0.00108174 -0.000150702 0.00949256)
(-0.000159516 -0.000362729 0.00590143)
(-0.000267509 -0.00124407 0.000706306)
(0.000998512 -0.000799351 0.0058153)
(0.00148426 -0.000763162 0.00524464)
(0.00170927 -0.00094914 0.00369022)
(0.00118596 -0.00101305 0.00247724)
(0.00110682 -0.000641721 0.00610188)
(0.00136352 -0.000635407 0.00557061)
(0.00140024 -0.000677865 0.00476137)
(0.00102921 -0.000669087 0.00412233)
(0.000746256 -0.000479941 0.00592106)
(0.000880064 -0.000482768 0.00559239)
(0.000881904 -0.00048723 0.00516852)
(0.00068271 -0.000472137 0.00481554)
(0.000472688 -0.000359809 0.00576349)
(0.000543305 -0.000368115 0.00557228)
(0.000538879 -0.000368724 0.00534336)
(0.000434616 -0.000359038 0.00514657)
(0.000302597 -0.000270801 0.00566797)
(0.0003406 -0.000279797 0.00555422)
(0.000336203 -0.000281994 0.00542464)
(0.000279954 -0.000277805 0.00531058)
(0.00019711 -0.000203036 0.00560713)
(0.000218544 -0.000211002 0.00553784)
(0.000215627 -0.00021418 0.00546118)
(0.000184606 -0.000213083 0.00539259)
(0.000130499 -0.000151458 0.00556593)
(0.000143377 -0.000157982 0.00552297)
(0.000141955 -0.000161234 0.00547602)
(0.000124723 -0.000161519 0.00543346)
(8.76353e-05 -0.000112511 0.00553731)
(9.58956e-05 -0.000117642 0.0055103)
(9.55707e-05 -0.000120517 0.0054807)
(8.60479e-05 -0.000121295 0.00545348)
(5.9582e-05 -8.33326e-05 0.005517)
(6.51928e-05 -8.72728e-05 0.00549988)
(6.5538e-05 -8.96339e-05 0.00548076)
(6.03644e-05 -9.04987e-05 0.00546287)
(4.09509e-05 -6.15986e-05 0.00550239)
(4.49297e-05 -6.45805e-05 0.00549152)
(4.5613e-05 -6.64426e-05 0.00547893)
(4.28886e-05 -6.72292e-05 0.00546689)
(2.84165e-05 -4.54722e-05 0.00549179)
(3.13185e-05 -4.77079e-05 0.00548495)
(3.2119e-05 -4.91418e-05 0.00547653)
(3.07589e-05 -4.97988e-05 0.00546827)
(1.98843e-05 -3.35337e-05 0.00548406)
(2.20353e-05 -3.51996e-05 0.00547987)
(2.28229e-05 -3.62875e-05 0.00547418)
(2.22074e-05 -3.68122e-05 0.00546843)
(1.40132e-05 -2.47047e-05 0.00547842)
(1.56197e-05 -2.59407e-05 0.00547599)
(1.63278e-05 -2.67582e-05 0.00547212)
(1.61055e-05 -2.71661e-05 0.00546807)
(9.93164e-06 -1.81754e-05 0.00547429)
(1.11339e-05 -1.90892e-05 0.00547305)
(1.17359e-05 -1.9699e-05 0.00547042)
(1.17101e-05 -2.00107e-05 0.00546754)
(7.06595e-06 -1.33414e-05 0.00547129)
(7.96403e-06 -1.40145e-05 0.00547086)
(8.45622e-06 -1.44666e-05 0.00546907)
(8.51917e-06 -1.47017e-05 0.00546701)
(5.0333e-06 -9.75305e-06 0.0054691)
(5.70059e-06 -1.02463e-05 0.00546923)
(6.09111e-06 -1.05792e-05 0.00546803)
(6.18524e-06 -1.07545e-05 0.00546654)
(3.57476e-06 -7.07572e-06 0.00546752)
(4.06579e-06 -7.43422e-06 0.00546803)
(4.36739e-06 -7.67702e-06 0.00546724)
(4.46349e-06 -7.80607e-06 0.00546616)
(2.51259e-06 -5.05941e-06 0.00546638)
(2.86784e-06 -5.31608e-06 0.00546716)
(3.09395e-06 -5.49036e-06 0.00546666)
(3.17827e-06 -5.58361e-06 0.00546586)
(1.72283e-06 -3.51581e-06 0.00546558)
(1.97197e-06 -3.69433e-06 0.00546654)
(2.1347e-06 -3.81576e-06 0.00546624)
(2.20158e-06 -3.88105e-06 0.00546564)
(1.11899e-06 -2.30191e-06 0.00546504)
(1.28347e-06 -2.4189e-06 0.00546612)
(1.39286e-06 -2.49856e-06 0.00546595)
(1.44064e-06 -2.54156e-06 0.00546548)
(6.50466e-07 -1.3194e-06 0.00546471)
(7.46964e-07 -1.38666e-06 0.00546586)
(8.1181e-07 -1.4325e-06 0.00546577)
(8.41068e-07 -1.45736e-06 0.00546538)
(3.36609e-07 -5.96841e-07 0.00546452)
(3.86027e-07 -6.28152e-07 0.00546571)
(4.19202e-07 -6.49653e-07 0.00546566)
(4.34118e-07 -6.61671e-07 0.00546533)
(-0.00208946 -0.00224098 0.00460889)
(-0.00816755 -0.00574191 -0.000391436)
(0.00121521 0.00593454 0.00178676)
(-0.0013892 0.000611327 -0.000415216)
(-8.45001e-05 -0.000643523 0.01078)
(-0.000246135 0.000199017 0.0129999)
(0.000708932 0.00255179 0.0141395)
(-0.000386587 0.00060279 0.0081105)
(1.38654e-06 7.0517e-05 0.00644455)
(-9.89597e-06 0.000158207 0.00725875)
(0.000581667 0.000311184 0.00794603)
(0.000964172 -0.000388999 0.00623383)
(-3.53552e-05 -0.000112151 0.00644932)
(8.98632e-07 -0.00016861 0.0067746)
(0.000454318 -0.000253928 0.00702756)
(0.000892221 -0.000521964 0.00652913)
(-2.90714e-06 -0.000215395 0.00608304)
(7.37196e-05 -0.000270486 0.00629057)
(0.000318906 -0.000337524 0.00639328)
(0.000574975 -0.000439611 0.006188)
(1.07598e-05 -0.000211711 0.00582608)
(8.75867e-05 -0.000251173 0.00596168)
(0.000221207 -0.000294577 0.00600881)
(0.000361386 -0.000338484 0.00591548)
(1.15168e-05 -0.000174966 0.0056578)
(7.34657e-05 -0.000202517 0.00576717)
(0.000153809 -0.000231108 0.00580137)
(0.000234605 -0.000255587 0.00575659)
(9.08602e-06 -0.000135898 0.00554251)
(5.50746e-05 -0.000155521 0.00564585)
(0.000106472 -0.00017526 0.00568136)
(0.00015557 -0.000191452 0.00566028)
(6.42515e-06 -0.000102779 0.00546202)
(3.93453e-05 -0.000116996 0.00556521)
(7.33161e-05 -0.00013112 0.00560508)
(0.000104438 -0.000142626 0.00559791)
(4.28434e-06 -7.6785e-05 0.00540577)
(2.74566e-05 -8.7157e-05 0.0055102)
(5.03566e-05 -9.74408e-05 0.00555428)
(7.07415e-05 -0.000105833 0.00555611)
(2.75585e-06 -5.70359e-05 0.0053664)
(1.89563e-05 -6.46164e-05 0.00547216)
(3.45987e-05 -7.21546e-05 0.00551954)
(4.82877e-05 -7.83251e-05 0.00552741)
(1.72969e-06 -4.22477e-05 0.00533877)
(1.30415e-05 -4.77885e-05 0.00544561)
(2.38337e-05 -5.33248e-05 0.0054954)
(3.32026e-05 -5.78683e-05 0.00550733)
(1.06532e-06 -3.12462e-05 0.00531935)
(8.97794e-06 -3.52953e-05 0.00542697)
(1.64863e-05 -3.93623e-05 0.00547845)
(2.29931e-05 -4.2706e-05 0.00549314)
(6.45559e-07 -2.30851e-05 0.00530565)
(6.19931e-06 -2.60438e-05 0.00541381)
(1.14614e-05 -2.90304e-05 0.00546646)
(1.60321e-05 -3.14889e-05 0.00548302)
(3.85134e-07 -1.70373e-05 0.00529597)
(4.29891e-06 -1.91989e-05 0.00540449)
(8.01012e-06 -2.13909e-05 0.00545794)
(1.12488e-05 -2.31968e-05 0.00547577)
(2.25988e-07 -1.25553e-05 0.00528909)
(2.99465e-06 -1.41339e-05 0.00539787)
(5.62555e-06 -1.57411e-05 0.00545186)
(7.93505e-06 -1.70658e-05 0.00547056)
(1.3009e-07 -9.22988e-06 0.00528421)
(2.09428e-06 -1.03812e-05 0.00539315)
(3.96593e-06 -1.15574e-05 0.00544752)
(5.61923e-06 -1.25272e-05 0.00546681)
(7.31486e-08 -6.7563e-06 0.00528073)
(1.46779e-06 -7.59336e-06 0.00538978)
(2.8007e-06 -8.45092e-06 0.00544441)
(3.9853e-06 -9.15818e-06 0.00546411)
(3.99232e-08 -4.90717e-06 0.00527826)
(1.02726e-06 -5.51168e-06 0.00538738)
(1.97364e-06 -6.13243e-06 0.00544219)
(2.81938e-06 -6.64442e-06 0.00546217)
(2.0978e-08 -3.51212e-06 0.00527651)
(7.1298e-07 -3.94279e-06 0.00538569)
(1.37797e-06 -4.38582e-06 0.00544062)
(1.97504e-06 -4.75123e-06 0.00546079)
(1.05751e-08 -2.44243e-06 0.0052753)
(4.84047e-07 -2.7409e-06 0.00538451)
(9.39857e-07 -3.0483e-06 0.00543952)
(1.35065e-06 -3.3018e-06 0.00545983)
(5.51845e-09 -1.59989e-06 0.00527449)
(3.12717e-07 -1.79509e-06 0.00538372)
(6.08409e-07 -1.99616e-06 0.00543879)
(8.75686e-07 -2.1619e-06 0.00545918)
(4.88492e-09 -9.15962e-07 0.00527399)
(1.8345e-07 -1.02869e-06 0.00538324)
(3.54203e-07 -1.14414e-06 0.00543833)
(5.09099e-07 -1.23915e-06 0.00545878)
(6.86142e-09 -4.06323e-07 0.0052737)
(9.78721e-08 -4.61755e-07 0.00538296)
(1.86839e-07 -5.15627e-07 0.00543807)
(2.65993e-07 -5.59514e-07 0.00545855)
)
;
    }
}


// ************************************************************************* //
