/*--------------------------------*- C++ -*----------------------------------*\
  =========                 |
  \\      /  F ield         | OpenFOAM: The Open Source CFD Toolbox
   \\    /   O peration     | Website:  https://openfoam.org
    \\  /    A nd           | Version:  6
     \\/     M anipulation  |
\*---------------------------------------------------------------------------*/
FoamFile
{
    version     2.0;
    format      ascii;
    class       volScalarField;
    location    "0.02";
    object      p;
}
// * * * * * * * * * * * * * * * * * * * * * * * * * * * * * * * * * * * * * //

dimensions      [0 2 -2 0 0 0 0];

internalField   nonuniform List<scalar> 
1152
(
1.00009
0.997272
0.985925
1.01331
1.00179
1.0007
1.00303
1.00763
1.00266
1.00235
1.0039
1.00578
1.00405
1.00381
1.00393
1.00865
0.999969
0.999638
0.999422
1.0015
1.00014
1.00035
1.00081
1.00177
1.00053
1.00079
1.00123
1.0017
1.00021
1.00064
1.00112
1.0011
1.00053
1.00052
1.00071
1.00119
1.00065
1.0007
1.00089
1.00127
1.00066
1.00077
1.00097
1.0012
1.0005
1.00066
1.00084
1.00087
1.00067
1.00069
1.00078
1.00096
1.00071
1.00074
1.00083
1.00096
1.0007
1.00074
1.00082
1.0009
1.00066
1.00069
1.00074
1.00077
1.0007
1.00072
1.00076
1.00082
1.00072
1.00073
1.00076
1.00081
1.00072
1.00072
1.00075
1.00077
1.00071
1.0007
1.0007
1.0007
1.0007
1.00071
1.00073
1.00074
1.00071
1.00071
1.00072
1.00073
1.00071
1.0007
1.0007
1.00071
1.00071
1.00069
1.00068
1.00067
1.00068
1.00068
1.00069
1.00069
1.00068
1.00068
1.00068
1.00068
1.00069
1.00068
1.00067
1.00067
1.00069
1.00067
1.00066
1.00065
1.00065
1.00065
1.00065
1.00065
1.00066
1.00065
1.00065
1.00064
1.00066
1.00065
1.00064
1.00063
1.00066
1.00065
1.00064
1.00063
1.00062
1.00062
1.00061
1.00061
1.00062
1.00062
1.00061
1.00061
1.00063
1.00062
1.00061
1.0006
1.00063
1.00062
1.00061
1.0006
1.00058
1.00058
1.00058
1.00058
1.00059
1.00058
1.00058
1.00057
1.00059
1.00058
1.00058
1.00057
1.00059
1.00058
1.00058
1.00057
1.00055
1.00054
1.00054
1.00054
1.00055
1.00055
1.00054
1.00054
1.00055
1.00055
1.00054
1.00054
1.00055
1.00055
1.00054
1.00054
1.00051
1.00051
1.0005
1.0005
1.00051
1.00051
1.0005
1.0005
1.00051
1.00051
1.0005
1.0005
1.00051
1.00051
1.00051
1.0005
1.00047
1.00047
1.00047
1.00046
1.00047
1.00047
1.00047
1.00046
1.00047
1.00047
1.00047
1.00046
1.00047
1.00047
1.00047
1.00046
1.00043
1.00043
1.00043
1.00043
1.00043
1.00043
1.00043
1.00043
1.00043
1.00043
1.00043
1.00043
1.00043
1.00043
1.00043
1.00043
1.00039
1.00039
1.00039
1.00039
1.00039
1.00039
1.00039
1.00039
1.00039
1.00039
1.00039
1.00039
1.00039
1.00039
1.00039
1.00039
1.00035
1.00035
1.00035
1.00035
1.00035
1.00035
1.00035
1.00035
1.00035
1.00035
1.00035
1.00035
1.00035
1.00035
1.00035
1.00035
1.00031
1.00031
1.00031
1.00031
1.00031
1.00031
1.00031
1.00031
1.00031
1.00031
1.00031
1.00031
1.00031
1.00031
1.00031
1.00031
1.00027
1.00027
1.00027
1.00027
1.00027
1.00027
1.00027
1.00027
1.00027
1.00027
1.00027
1.00027
1.00027
1.00027
1.00027
1.00027
1.00023
1.00023
1.00023
1.00023
1.00023
1.00023
1.00023
1.00023
1.00023
1.00023
1.00023
1.00023
1.00023
1.00023
1.00023
1.00023
1.00019
1.00019
1.00019
1.00019
1.00019
1.00019
1.00019
1.00019
1.00019
1.00019
1.00019
1.00019
1.00019
1.00019
1.00019
1.00019
1.00014
1.00014
1.00014
1.00014
1.00015
1.00014
1.00014
1.00014
1.00015
1.00014
1.00014
1.00014
1.00015
1.00015
1.00014
1.00014
1.0001
1.0001
1.0001
1.0001
1.0001
1.0001
1.0001
1.0001
1.0001
1.0001
1.0001
1.0001
1.0001
1.0001
1.0001
1.0001
1.00006
1.00006
1.00006
1.00006
1.00006
1.00006
1.00006
1.00006
1.00006
1.00006
1.00006
1.00006
1.00006
1.00006
1.00006
1.00006
1.00002
1.00002
1.00002
1.00002
1.00002
1.00002
1.00002
1.00002
1.00002
1.00002
1.00002
1.00002
1.00002
1.00002
1.00002
1.00002
0.996387
1.01199
1.0035
1.00388
1.00081
1.00403
1.00252
0.997498
1.00124
1.00126
1.00228
1.0004
1.00053
0.99917
0.996044
1.0056
0.999601
1.00126
1.00119
1.00094
1.00027
1.00106
1.00097
1.00076
1.00042
1.00068
1.00085
1.00104
1.00002
1.00002
1.00014
1.00131
1.00036
1.00116
1.00111
1.00095
1.00054
1.00098
1.001
1.00101
1.00059
1.0008
1.00091
1.0011
1.00052
1.00059
1.00078
1.00115
1.00058
1.00092
1.00093
1.00091
1.00065
1.00085
1.0009
1.00092
1.00067
1.00078
1.00086
1.00093
1.00066
1.00071
1.00081
1.00094
1.00067
1.00079
1.00082
1.00082
1.00069
1.00077
1.00081
1.00082
1.00069
1.00075
1.00079
1.00082
1.0007
1.00073
1.00077
1.00082
1.00068
1.00073
1.00075
1.00075
1.00069
1.00072
1.00075
1.00075
1.00069
1.00072
1.00074
1.00075
1.00069
1.00071
1.00073
1.00075
1.00067
1.00069
1.0007
1.0007
1.00067
1.00069
1.0007
1.0007
1.00067
1.00068
1.00069
1.0007
1.00068
1.00068
1.00069
1.00069
1.00064
1.00065
1.00065
1.00065
1.00064
1.00065
1.00065
1.00065
1.00065
1.00065
1.00065
1.00065
1.00065
1.00065
1.00065
1.00065
1.00061
1.00061
1.00062
1.00061
1.00061
1.00061
1.00062
1.00061
1.00062
1.00061
1.00061
1.00061
1.00062
1.00062
1.00061
1.00061
1.00058
1.00058
1.00058
1.00058
1.00058
1.00058
1.00058
1.00058
1.00058
1.00058
1.00058
1.00058
1.00058
1.00058
1.00058
1.00058
1.00054
1.00054
1.00054
1.00054
1.00054
1.00054
1.00054
1.00054
1.00054
1.00054
1.00054
1.00054
1.00055
1.00054
1.00054
1.00054
1.00051
1.0005
1.0005
1.0005
1.00051
1.0005
1.0005
1.0005
1.00051
1.00051
1.0005
1.0005
1.00051
1.00051
1.0005
1.0005
1.00047
1.00047
1.00046
1.00046
1.00047
1.00047
1.00046
1.00046
1.00047
1.00047
1.00047
1.00046
1.00047
1.00047
1.00047
1.00046
1.00043
1.00043
1.00043
1.00043
1.00043
1.00043
1.00043
1.00043
1.00043
1.00043
1.00043
1.00043
1.00043
1.00043
1.00043
1.00043
1.00039
1.00039
1.00039
1.00039
1.00039
1.00039
1.00039
1.00039
1.00039
1.00039
1.00039
1.00039
1.00039
1.00039
1.00039
1.00039
1.00035
1.00035
1.00035
1.00035
1.00035
1.00035
1.00035
1.00035
1.00035
1.00035
1.00035
1.00035
1.00035
1.00035
1.00035
1.00035
1.00031
1.00031
1.00031
1.00031
1.00031
1.00031
1.00031
1.00031
1.00031
1.00031
1.00031
1.00031
1.00031
1.00031
1.00031
1.00031
1.00027
1.00027
1.00027
1.00027
1.00027
1.00027
1.00027
1.00027
1.00027
1.00027
1.00027
1.00027
1.00027
1.00027
1.00027
1.00027
1.00023
1.00023
1.00023
1.00023
1.00023
1.00023
1.00023
1.00023
1.00023
1.00023
1.00023
1.00023
1.00023
1.00023
1.00023
1.00023
1.00019
1.00019
1.00019
1.00019
1.00019
1.00019
1.00019
1.00019
1.00019
1.00019
1.00019
1.00019
1.00019
1.00019
1.00019
1.00019
1.00014
1.00014
1.00014
1.00014
1.00014
1.00014
1.00014
1.00014
1.00014
1.00014
1.00014
1.00014
1.00014
1.00014
1.00014
1.00014
1.0001
1.0001
1.0001
1.0001
1.0001
1.0001
1.0001
1.0001
1.0001
1.0001
1.0001
1.0001
1.0001
1.0001
1.0001
1.0001
1.00006
1.00006
1.00006
1.00006
1.00006
1.00006
1.00006
1.00006
1.00006
1.00006
1.00006
1.00006
1.00006
1.00006
1.00006
1.00006
1.00002
1.00002
1.00002
1.00002
1.00002
1.00002
1.00002
1.00002
1.00002
1.00002
1.00002
1.00002
1.00002
1.00002
1.00002
1.00002
1.01071
1.00669
1.00517
1.00433
1.00812
1.00751
1.00142
1.00061
1.00688
1.00624
1.00413
0.999398
1.0047
1.00433
1.00135
0.999716
1.00194
1.00165
1.00111
1.00086
1.00196
1.00119
1.00067
1.00051
1.00177
1.00104
1.00038
0.999825
1.00076
1.00052
0.999761
0.99929
1.00145
1.00142
1.00133
1.00133
1.0014
1.00126
1.0011
1.00101
1.00127
1.00112
1.00088
1.00075
1.00091
1.00082
1.00059
1.00047
1.00103
1.00104
1.00103
1.00102
1.001
1.00098
1.00093
1.00088
1.00093
1.0009
1.00082
1.00073
1.00077
1.00073
1.00065
1.00058
1.00085
1.00086
1.00086
1.00087
1.00082
1.00082
1.00081
1.0008
1.00078
1.00076
1.00074
1.00071
1.00069
1.00067
1.00064
1.00061
1.00076
1.00076
1.00077
1.00077
1.00074
1.00074
1.00074
1.00073
1.0007
1.0007
1.00069
1.00068
1.00066
1.00065
1.00063
1.00062
1.00069
1.0007
1.0007
1.0007
1.00068
1.00068
1.00068
1.00068
1.00066
1.00066
1.00065
1.00065
1.00064
1.00063
1.00062
1.00062
1.00065
1.00065
1.00065
1.00065
1.00064
1.00064
1.00064
1.00064
1.00063
1.00063
1.00062
1.00062
1.00062
1.00061
1.0006
1.0006
1.00061
1.00061
1.00061
1.00061
1.00061
1.0006
1.0006
1.0006
1.0006
1.0006
1.00059
1.00059
1.00059
1.00059
1.00058
1.00058
1.00057
1.00057
1.00057
1.00057
1.00057
1.00057
1.00057
1.00057
1.00057
1.00056
1.00056
1.00056
1.00056
1.00056
1.00056
1.00055
1.00054
1.00054
1.00054
1.00054
1.00054
1.00053
1.00053
1.00053
1.00053
1.00053
1.00053
1.00053
1.00053
1.00053
1.00053
1.00053
1.0005
1.0005
1.0005
1.0005
1.0005
1.0005
1.0005
1.0005
1.0005
1.0005
1.0005
1.00049
1.0005
1.0005
1.00049
1.00049
1.00046
1.00046
1.00046
1.00046
1.00046
1.00046
1.00046
1.00046
1.00046
1.00046
1.00046
1.00046
1.00046
1.00046
1.00046
1.00046
1.00042
1.00042
1.00042
1.00042
1.00042
1.00042
1.00042
1.00042
1.00042
1.00042
1.00042
1.00042
1.00042
1.00042
1.00042
1.00042
1.00039
1.00039
1.00039
1.00039
1.00039
1.00039
1.00039
1.00038
1.00039
1.00039
1.00038
1.00038
1.00039
1.00039
1.00038
1.00038
1.00035
1.00035
1.00035
1.00035
1.00035
1.00035
1.00035
1.00035
1.00035
1.00035
1.00035
1.00035
1.00035
1.00035
1.00035
1.00035
1.00031
1.00031
1.00031
1.00031
1.00031
1.00031
1.00031
1.00031
1.00031
1.00031
1.00031
1.00031
1.00031
1.00031
1.00031
1.00031
1.00027
1.00027
1.00027
1.00027
1.00027
1.00027
1.00027
1.00027
1.00027
1.00027
1.00027
1.00027
1.00027
1.00027
1.00027
1.00027
1.00023
1.00023
1.00023
1.00023
1.00023
1.00023
1.00023
1.00023
1.00023
1.00023
1.00023
1.00023
1.00023
1.00023
1.00023
1.00023
1.00019
1.00019
1.00018
1.00018
1.00019
1.00019
1.00018
1.00018
1.00019
1.00019
1.00018
1.00018
1.00019
1.00019
1.00019
1.00018
1.00014
1.00014
1.00014
1.00014
1.00014
1.00014
1.00014
1.00014
1.00014
1.00014
1.00014
1.00014
1.00014
1.00014
1.00014
1.00014
1.0001
1.0001
1.0001
1.0001
1.0001
1.0001
1.0001
1.0001
1.0001
1.0001
1.0001
1.0001
1.0001
1.0001
1.0001
1.0001
1.00006
1.00006
1.00006
1.00006
1.00006
1.00006
1.00006
1.00006
1.00006
1.00006
1.00006
1.00006
1.00006
1.00006
1.00006
1.00006
1.00002
1.00002
1.00002
1.00002
1.00002
1.00002
1.00002
1.00002
1.00002
1.00002
1.00002
1.00002
1.00002
1.00002
1.00002
1.00002
)
;

boundaryField
{
    inlet
    {
        type            zeroGradient;
    }
    outlet
    {
        type            fixedValue;
        value           uniform 1;
    }
    wall
    {
        type            zeroGradient;
    }
    procBoundary1to0
    {
        type            processor;
        value           nonuniform List<scalar> 
192
(
1.00029
1.00401
1.0028
0.967568
1.0001
1.00029
0.999976
0.99812
1.0006
1.00067
1.00062
1.00038
1.00068
1.00073
1.00071
1.00066
1.0007
1.00073
1.00073
1.00073
1.0007
1.00071
1.00072
1.00073
1.00068
1.00069
1.0007
1.00071
1.00066
1.00066
1.00067
1.00068
1.00062
1.00063
1.00063
1.00064
1.00059
1.00059
1.0006
1.0006
1.00055
1.00055
1.00056
1.00056
1.00051
1.00051
1.00052
1.00052
1.00047
1.00047
1.00048
1.00048
1.00043
1.00043
1.00044
1.00044
1.00039
1.00039
1.00039
1.0004
1.00035
1.00035
1.00035
1.00035
1.00031
1.00031
1.00031
1.00031
1.00027
1.00027
1.00027
1.00027
1.00023
1.00023
1.00023
1.00023
1.00019
1.00019
1.00019
1.00019
1.00015
1.00015
1.00015
1.00015
1.0001
1.0001
1.0001
1.0001
1.00006
1.00006
1.00006
1.00006
1.00002
1.00002
1.00002
1.00002
0.997891
0.999268
1.00395
1.00042
1.00002
1.00028
1.00051
1.00013
1.00042
1.00055
1.00058
1.00056
1.00059
1.00063
1.00065
1.00065
1.00066
1.00067
1.00068
1.00069
1.00068
1.00068
1.00069
1.00069
1.00067
1.00067
1.00067
1.00068
1.00064
1.00065
1.00065
1.00065
1.00061
1.00062
1.00062
1.00062
1.00058
1.00058
1.00058
1.00059
1.00055
1.00055
1.00055
1.00055
1.00051
1.00051
1.00051
1.00051
1.00047
1.00047
1.00047
1.00047
1.00043
1.00043
1.00043
1.00043
1.00039
1.00039
1.00039
1.00039
1.00035
1.00035
1.00035
1.00035
1.00031
1.00031
1.00031
1.00031
1.00027
1.00027
1.00027
1.00027
1.00023
1.00023
1.00023
1.00023
1.00019
1.00019
1.00019
1.00019
1.00014
1.00014
1.00014
1.00015
1.0001
1.0001
1.0001
1.0001
1.00006
1.00006
1.00006
1.00006
1.00002
1.00002
1.00002
1.00002
)
;
    }
    procBoundary1to3
    {
        type            processor;
        value           nonuniform List<scalar> 
192
(
1.00001
1.00086
1.0012
0.990909
0.999932
1.00013
1.00038
0.999908
1.00047
1.00048
1.00055
1.00057
1.00065
1.00062
1.00061
1.00058
1.00071
1.00067
1.00065
1.00062
1.00071
1.00068
1.00066
1.00063
1.0007
1.00067
1.00065
1.00063
1.00067
1.00065
1.00063
1.00062
1.00063
1.00062
1.00061
1.00059
1.0006
1.00059
1.00058
1.00057
1.00056
1.00055
1.00054
1.00054
1.00052
1.00051
1.00051
1.0005
1.00048
1.00047
1.00047
1.00047
1.00044
1.00043
1.00043
1.00043
1.00039
1.00039
1.00039
1.00039
1.00035
1.00035
1.00035
1.00035
1.00031
1.00031
1.00031
1.00031
1.00027
1.00027
1.00027
1.00027
1.00023
1.00023
1.00023
1.00023
1.00019
1.00019
1.00019
1.00019
1.00015
1.00015
1.00014
1.00014
1.0001
1.0001
1.0001
1.0001
1.00006
1.00006
1.00006
1.00006
1.00002
1.00002
1.00002
1.00002
1.00382
1.00417
1.00386
0.999498
1.00036
1.00023
0.999493
0.999019
1.00056
1.00052
1.00031
1.00023
1.00058
1.00056
1.00049
1.00043
1.0006
1.00058
1.00054
1.00052
1.00061
1.00059
1.00058
1.00057
1.00061
1.0006
1.00059
1.00058
1.0006
1.00059
1.00059
1.00058
1.00059
1.00058
1.00057
1.00057
1.00056
1.00055
1.00055
1.00055
1.00053
1.00053
1.00052
1.00052
1.0005
1.00049
1.00049
1.00049
1.00046
1.00046
1.00046
1.00046
1.00043
1.00042
1.00042
1.00042
1.00039
1.00039
1.00038
1.00038
1.00035
1.00035
1.00035
1.00035
1.00031
1.00031
1.00031
1.00031
1.00027
1.00027
1.00027
1.00027
1.00023
1.00023
1.00023
1.00023
1.00019
1.00019
1.00019
1.00019
1.00014
1.00014
1.00014
1.00014
1.0001
1.0001
1.0001
1.0001
1.00006
1.00006
1.00006
1.00006
1.00002
1.00002
1.00002
1.00002
)
;
    }
}


// ************************************************************************* //
