/*--------------------------------*- C++ -*----------------------------------*\
  =========                 |
  \\      /  F ield         | OpenFOAM: The Open Source CFD Toolbox
   \\    /   O peration     | Website:  https://openfoam.org
    \\  /    A nd           | Version:  6
     \\/     M anipulation  |
\*---------------------------------------------------------------------------*/
FoamFile
{
    version     2.0;
    format      ascii;
    class       surfaceScalarField;
    location    "0.02";
    object      phi;
}
// * * * * * * * * * * * * * * * * * * * * * * * * * * * * * * * * * * * * * //

dimensions      [0 3 -1 0 0 0 0];

internalField   nonuniform List<scalar> 
3120
(
1.17437e-08
-1.44522e-08
1.22057e-08
1.63912e-09
4.98325e-08
-1.39545e-08
4.66797e-09
-1.21388e-08
6.08827e-08
2.68155e-08
-7.62632e-09
-2.40385e-08
7.39639e-08
2.96367e-08
-6.23288e-08
3.34438e-08
-7.25593e-09
-3.90809e-09
1.26565e-08
-1.27953e-08
-6.13319e-09
1.43816e-08
-9.04424e-09
2.29038e-08
1.67082e-08
4.63598e-08
2.84048e-08
6.35729e-09
-1.54728e-08
3.59617e-09
1.5015e-08
-2.35914e-08
1.84265e-09
1.68063e-08
-1.54174e-08
9.12541e-09
2.22054e-08
1.7366e-08
2.7143e-08
3.00576e-09
3.23436e-09
8.31442e-09
-2.71738e-09
9.79435e-09
-1.42154e-08
2.09974e-08
2.13177e-08
2.70553e-08
2.08039e-09
-7.41252e-09
1.00329e-08
6.51661e-09
6.10471e-09
-7.98681e-09
7.07738e-09
1.55308e-09
-3.72758e-09
-5.49221e-09
1.0078e-08
-2.37986e-09
5.23234e-09
2.16498e-08
-7.22584e-10
-2.50438e-10
-5.5106e-09
-3.08799e-09
1.3426e-08
-6.55802e-09
-3.89522e-09
1.13374e-08
-8.36727e-09
-1.25559e-09
1.42808e-08
5.15894e-09
2.21321e-08
-2.02114e-09
-8.77442e-09
3.1355e-09
9.59049e-09
-1.02247e-08
3.10616e-09
1.12551e-08
-7.98648e-09
3.55307e-09
1.51585e-08
5.20049e-09
1.98033e-08
-6.88251e-10
-7.33976e-09
5.33918e-09
-8.00038e-09
8.57269e-09
-1.7847e-09
1.15687e-08
9.65738e-09
5.19244e-09
1.06695e-09
-4.37018e-09
1.16967e-08
5.3604e-09
-2.58532e-09
-4.27853e-09
1.10731e-08
3.93505e-09
-5.7419e-09
-3.76248e-09
1.28181e-08
4.17897e-09
-3.00467e-09
1.71787e-08
7.05995e-09
-5.32611e-09
2.7164e-10
-7.52353e-10
1.31165e-08
-3.54046e-09
-1.48134e-09
1.23523e-08
-5.98324e-09
-1.16216e-09
1.41233e-08
3.46738e-10
1.71191e-08
-4.3217e-09
-1.29253e-09
8.46291e-10
1.15533e-08
-4.16913e-09
7.04784e-10
1.19456e-08
-5.3724e-09
1.51403e-09
1.36856e-08
3.31752e-09
1.57484e-08
-4.28837e-09
-1.47645e-09
9.83959e-09
-3.3558e-09
1.07069e-08
-3.59546e-09
1.17052e-08
1.24449e-08
-4.93354e-09
8.88276e-10
-2.68123e-09
1.32179e-08
3.40619e-09
-1.46744e-09
-2.56453e-09
1.30349e-08
2.95849e-09
-3.19285e-09
-2.54431e-09
1.38406e-08
3.24728e-09
-2.59068e-09
1.52568e-08
4.55279e-09
-3.23305e-09
9.14602e-10
-1.04658e-09
1.37929e-08
-1.54172e-09
-1.28791e-09
1.3532e-08
-3.08451e-09
-1.1754e-09
1.42972e-08
-9.53392e-10
1.54667e-08
-3.06933e-09
4.94354e-10
-5.66015e-10
1.33321e-08
-1.63043e-09
-5.73422e-10
1.33559e-08
-2.97903e-09
-2.03963e-10
1.40628e-08
1.37714e-10
1.50384e-08
-3.36012e-09
4.32226e-10
1.27458e-08
-1.34166e-09
1.28691e-08
-2.73908e-09
1.33269e-08
1.40285e-08
-4.07237e-09
7.20545e-10
-1.83392e-09
1.42083e-08
2.14268e-09
-5.71203e-10
-1.77974e-09
1.41089e-08
1.99751e-09
-1.49108e-09
-1.79043e-09
1.44359e-08
2.11494e-09
-1.90978e-09
1.49394e-08
2.5985e-09
-1.86245e-09
7.72421e-10
-1.24833e-09
1.4512e-08
-5.66199e-10
-1.29315e-09
1.4384e-08
-1.49505e-09
-1.2579e-09
1.46935e-08
-1.27753e-09
1.52029e-08
-1.86351e-09
6.8563e-10
-1.08229e-09
1.44497e-08
-5.84753e-10
-1.05379e-09
1.43869e-08
-1.52537e-09
-9.35263e-10
1.46808e-08
-9.06029e-10
1.51718e-08
-2.03024e-09
6.94941e-10
1.43216e-08
-5.08705e-10
1.42754e-08
-1.54152e-09
1.45011e-08
1.49469e-08
-2.3666e-09
5.66809e-10
-1.34918e-09
1.4853e-08
1.42346e-09
-1.49102e-10
-1.32171e-09
1.47762e-08
1.37029e-09
-6.93772e-10
-1.3262e-09
1.48989e-08
1.40787e-09
-1.39665e-09
1.51074e-08
1.57379e-09
-1.03885e-09
5.95998e-10
-1.17218e-09
1.50547e-08
-1.42999e-10
-1.16781e-09
1.49691e-08
-7.12986e-10
-1.15604e-09
1.50933e-08
-1.18726e-09
1.5334e-08
-1.05354e-09
5.88998e-10
-1.12565e-09
1.51247e-08
-1.46695e-10
-1.09868e-09
1.50535e-08
-7.40574e-10
-1.05892e-09
1.51775e-08
-1.06709e-09
1.54317e-08
-1.12063e-09
6.09547e-10
1.51663e-08
-1.24418e-10
1.5096e-08
-7.6622e-10
1.52044e-08
1.54628e-08
-1.24638e-09
4.3852e-10
-1.01408e-09
1.52847e-08
9.90396e-10
2.42681e-11
-9.9617e-10
1.52222e-08
9.64378e-10
-3.16761e-10
-9.93216e-10
1.52615e-08
9.7168e-10
-1.01977e-09
1.53496e-08
1.02325e-09
-5.62498e-10
4.57447e-10
-9.84445e-10
1.54343e-08
3.21408e-11
-9.71806e-10
1.53701e-08
-3.2157e-10
-9.62016e-10
1.54158e-08
-9.72284e-10
1.55314e-08
-5.66468e-10
4.66786e-10
-9.84703e-10
1.55366e-08
3.71091e-11
-9.64126e-10
1.54755e-08
-3.28768e-10
-9.42974e-10
1.55244e-08
-9.40781e-10
1.5654e-08
-5.82621e-10
4.84756e-10
1.56283e-08
5.09902e-11
1.55658e-08
-3.3395e-10
1.56122e-08
1.57504e-08
-6.15986e-10
3.35815e-10
-7.6255e-10
1.55787e-08
7.07665e-10
8.74784e-11
-7.48452e-10
1.55289e-08
6.90123e-10
-1.29681e-10
-7.40313e-10
1.55336e-08
6.85427e-10
-7.43379e-10
1.55636e-08
6.9428e-10
-2.94603e-10
3.50783e-10
-7.82461e-10
1.56934e-08
9.82753e-11
-7.69863e-10
1.5644e-08
-1.23096e-10
-7.58393e-10
1.56553e-08
-7.53645e-10
1.57073e-08
-2.88642e-10
3.62411e-10
-7.9834e-10
1.57918e-08
1.08009e-10
-7.82836e-10
1.57429e-08
-1.1698e-10
-7.66007e-10
1.5757e-08
-7.53801e-10
1.58191e-08
-2.81898e-10
3.76673e-10
1.58869e-08
1.21382e-10
1.58367e-08
-1.08725e-10
1.58506e-08
1.59181e-08
-2.78712e-10
2.55586e-10
-5.70584e-10
1.57807e-08
5.12639e-10
1.02808e-10
-5.58625e-10
1.57417e-08
4.98608e-10
-3.68608e-11
-5.48182e-10
1.5732e-08
4.89448e-10
-5.41046e-10
1.57318e-08
4.82888e-10
-1.46888e-10
2.68359e-10
-6.032e-10
1.58691e-08
1.14933e-10
-5.92137e-10
1.58309e-08
-2.50518e-11
-5.80001e-10
1.58271e-08
-5.68551e-10
1.58455e-08
-1.35744e-10
2.79185e-10
-6.22162e-10
1.59522e-08
1.26318e-10
-6.10319e-10
1.59139e-08
-1.31756e-11
-5.95577e-10
1.5912e-08
-5.79611e-10
1.59376e-08
-1.20637e-10
2.9039e-10
1.6035e-08
1.39166e-10
1.59956e-08
2.46086e-13
1.59935e-08
1.60217e-08
-1.05339e-10
1.93755e-10
-4.24657e-10
1.59205e-08
3.73796e-10
9.77966e-11
-4.14488e-10
1.589e-08
3.62089e-10
6.94757e-12
-4.03852e-10
1.58747e-08
3.51942e-10
-3.93398e-10
1.58586e-08
3.40802e-10
-6.71907e-11
2.04631e-10
-4.56671e-10
1.59884e-08
1.09586e-10
-4.47385e-10
1.59589e-08
1.99145e-11
-4.35946e-10
1.59489e-08
-4.22925e-10
1.59495e-08
-5.45988e-11
2.13923e-10
-4.74151e-10
1.60546e-08
1.20641e-10
-4.65053e-10
1.60249e-08
3.29696e-11
-4.52466e-10
1.60162e-08
-4.36806e-10
1.60225e-08
-3.80425e-11
2.22681e-10
1.61214e-08
1.32071e-10
1.60908e-08
4.68425e-11
1.60818e-08
1.60893e-08
-2.06999e-11
1.46433e-10
-3.14637e-10
1.60177e-08
2.73325e-10
8.50499e-11
-3.06184e-10
1.5994e-08
2.63646e-10
2.5166e-11
-2.96522e-10
1.5977e-08
2.54125e-10
-2.85966e-10
1.59525e-08
2.4271e-10
-2.55239e-11
1.55462e-10
-3.41913e-10
1.60698e-08
9.55287e-11
-3.34346e-10
1.6047e-08
3.72154e-11
-3.24388e-10
1.6035e-08
-3.12268e-10
1.60266e-08
-1.3597e-11
1.63109e-10
-3.56584e-10
1.6121e-08
1.05264e-10
-3.49616e-10
1.6098e-08
4.92389e-11
-3.39305e-10
1.60872e-08
-3.25726e-10
1.60837e-08
1.48958e-12
1.69891e-10
1.6173e-08
1.14816e-10
1.61493e-08
6.15202e-11
1.6138e-08
1.61353e-08
1.71398e-11
1.10358e-10
-2.32329e-10
1.60858e-08
2.00065e-10
7.04188e-11
-2.25482e-10
1.60672e-08
1.9223e-10
3.03768e-11
-2.17276e-10
1.60503e-08
1.83996e-10
-2.07932e-10
1.60217e-08
1.73895e-10
-4.79014e-12
1.17656e-10
-2.542e-10
1.61257e-08
7.92124e-11
-2.48179e-10
1.61081e-08
4.06793e-11
-2.39954e-10
1.60962e-08
-2.29657e-10
1.60835e-08
5.53921e-12
1.23771e-10
-2.65984e-10
1.61647e-08
8.72993e-11
-2.60685e-10
1.61469e-08
5.08513e-11
-2.52517e-10
1.61362e-08
-2.41474e-10
1.61282e-08
1.81871e-11
1.28965e-10
1.62043e-08
9.49483e-11
1.6186e-08
6.09399e-11
1.61748e-08
1.61675e-08
3.10894e-11
8.29358e-11
-1.71126e-10
1.61338e-08
1.46473e-10
5.6532e-11
-1.65704e-10
1.6119e-08
1.40263e-10
2.93753e-11
-1.59026e-10
1.6103e-08
1.33479e-10
-1.51285e-10
1.60726e-08
1.25127e-10
4.6653e-12
8.87025e-11
-1.88132e-10
1.61645e-08
6.36346e-11
-1.83431e-10
1.61509e-08
3.7767e-11
-1.7687e-10
1.614e-08
-1.68553e-10
1.61253e-08
1.3152e-11
9.34898e-11
-1.97375e-10
1.61939e-08
7.01051e-11
-1.93377e-10
1.61803e-08
4.59695e-11
-1.87059e-10
1.61705e-08
-1.78403e-10
1.61608e-08
2.32807e-11
9.74274e-11
1.62237e-08
7.60595e-11
1.62097e-08
5.39205e-11
1.61997e-08
1.61907e-08
3.34455e-11
6.21473e-11
-1.25814e-10
1.61678e-08
1.07219e-10
4.44326e-11
-1.21597e-10
1.61559e-08
1.02382e-10
2.57716e-11
-1.16317e-10
1.6141e-08
9.69696e-11
-1.10146e-10
1.61099e-08
9.03215e-11
8.22956e-12
6.66234e-11
-1.38808e-10
1.61917e-08
5.00203e-11
-1.35192e-10
1.61811e-08
3.23992e-11
-1.30083e-10
1.61713e-08
-1.23567e-10
1.61562e-08
1.49716e-11
7.03109e-11
-1.45956e-10
1.62138e-08
5.50689e-11
-1.4296e-10
1.62033e-08
3.882e-11
-1.38153e-10
1.61948e-08
-1.3152e-10
1.61847e-08
2.28595e-11
7.32703e-11
1.6236e-08
5.96176e-11
1.62253e-08
4.4933e-11
1.62167e-08
1.62075e-08
3.0665e-11
4.64279e-11
-9.2357e-11
1.6192e-08
7.84483e-11
3.43846e-11
-8.91248e-11
1.61824e-08
7.47349e-11
2.14141e-11
-8.50346e-11
1.61685e-08
7.05118e-11
-8.02354e-11
1.61374e-08
6.53462e-11
8.86273e-12
4.98538e-11
-1.02179e-10
1.62108e-08
3.86984e-11
-9.94313e-11
1.62026e-08
2.65398e-11
-9.55198e-11
1.6194e-08
-9.05164e-11
1.61789e-08
1.40981e-11
5.26588e-11
-1.07655e-10
1.62274e-08
4.25689e-11
-1.05424e-10
1.62194e-08
3.14683e-11
-1.01808e-10
1.62122e-08
-9.67973e-11
1.62023e-08
2.01297e-11
5.48674e-11
1.6244e-08
4.59992e-11
1.62358e-08
3.60949e-11
1.62287e-08
1.62199e-08
2.60302e-11
3.45671e-11
-6.7686e-11
1.62093e-08
5.73449e-11
2.62861e-11
-6.5237e-11
1.62014e-08
5.45267e-11
1.71865e-11
-6.21162e-11
1.61885e-08
5.12862e-11
-5.8448e-11
1.61575e-08
4.73393e-11
8.15695e-12
3.71597e-11
-7.50537e-11
1.62243e-08
2.95694e-11
-7.29863e-11
1.62179e-08
2.1091e-11
-7.00288e-11
1.62104e-08
-6.62405e-11
1.61956e-08
1.21561e-11
3.92718e-11
-7.92174e-11
1.62369e-08
3.24985e-11
-7.75646e-11
1.62307e-08
2.48219e-11
-7.48675e-11
1.62247e-08
-7.11204e-11
1.62153e-08
1.67093e-11
4.09106e-11
1.62492e-08
3.50615e-11
1.6243e-08
2.8286e-11
1.62371e-08
1.6229e-08
2.11232e-11
2.56288e-11
-4.94901e-11
1.62217e-08
4.18422e-11
1.98837e-11
-4.76529e-11
1.6215e-08
3.97249e-11
1.34566e-11
-4.53007e-11
1.62029e-08
3.72714e-11
-4.25341e-11
1.61723e-08
3.42944e-11
6.94145e-12
2.75717e-11
-5.49812e-11
1.6234e-08
2.23539e-11
-5.34387e-11
1.62289e-08
1.63951e-11
-5.12253e-11
1.62223e-08
-4.83881e-11
1.62079e-08
9.95719e-12
2.91482e-11
-5.81248e-11
1.62435e-08
2.45474e-11
-5.69064e-11
1.62388e-08
1.91889e-11
-5.49087e-11
1.62338e-08
-5.21285e-11
1.62249e-08
1.33599e-11
3.03577e-11
1.62527e-08
2.6448e-11
1.6248e-08
2.17612e-11
1.62432e-08
1.62357e-08
1.66352e-11
1.88907e-11
-3.60424e-11
1.62305e-08
3.0421e-11
1.48819e-11
-3.46778e-11
1.62249e-08
2.88462e-11
1.03267e-11
-3.2925e-11
1.62134e-08
2.70113e-11
-3.08629e-11
1.6183e-08
2.4792e-11
5.62632e-12
2.03327e-11
-4.01058e-11
1.62408e-08
1.67204e-11
-3.89649e-11
1.62368e-08
1.25139e-11
-3.73245e-11
1.62309e-08
-3.5221e-11
1.62169e-08
7.87422e-12
2.1499e-11
-4.24599e-11
1.62482e-08
1.83468e-11
-4.15669e-11
1.62445e-08
1.45852e-11
-4.0098e-11
1.62403e-08
-3.80512e-11
1.62319e-08
1.03931e-11
2.2386e-11
1.62551e-08
1.97455e-11
1.62515e-08
1.64798e-11
1.62476e-08
1.62407e-08
1.28046e-11
1.3796e-11
-2.60565e-11
1.62369e-08
2.19618e-11
1.09959e-11
-2.50551e-11
1.62319e-08
2.08048e-11
7.77169e-12
-2.37657e-11
1.62209e-08
1.94513e-11
-2.22492e-11
1.61908e-08
1.78186e-11
4.39604e-12
1.48537e-11
-2.90335e-11
1.62457e-08
1.23472e-11
-2.81989e-11
1.62425e-08
9.37935e-12
-2.69973e-11
1.62371e-08
-2.54563e-11
1.62235e-08
6.04997e-12
1.5707e-11
-3.07764e-11
1.62515e-08
1.35391e-11
-3.01277e-11
1.62486e-08
1.08969e-11
-2.90581e-11
1.6245e-08
-2.75664e-11
1.6237e-08
7.89349e-12
1.63517e-11
1.62567e-08
1.45582e-11
1.62539e-08
1.22783e-11
1.62507e-08
1.62443e-08
9.651e-12
9.91534e-12
-1.85729e-11
1.62414e-08
1.56364e-11
7.97308e-12
-1.7851e-11
1.62369e-08
1.48016e-11
5.71191e-12
-1.69202e-11
1.62263e-08
1.38224e-11
-1.58257e-11
1.61964e-08
1.26437e-11
3.31692e-12
1.06775e-11
-2.07183e-11
1.62492e-08
8.94837e-12
-2.01182e-11
1.62465e-08
6.87236e-12
-1.92533e-11
1.62415e-08
-1.81443e-11
1.62282e-08
4.51157e-12
1.12914e-11
-2.19859e-11
1.62538e-08
9.80666e-12
-2.15217e-11
1.62515e-08
7.9649e-12
-2.07552e-11
1.62483e-08
-1.96856e-11
1.62407e-08
5.83776e-12
1.17528e-11
1.62579e-08
1.05373e-11
1.62556e-08
8.95568e-12
1.62529e-08
1.62469e-08
7.09806e-12
6.91695e-12
-1.28718e-11
1.62445e-08
1.0827e-11
5.59881e-12
-1.23674e-11
1.62404e-08
1.02433e-11
4.05082e-12
-1.17164e-11
1.623e-08
9.55739e-12
-1.09515e-11
1.62003e-08
8.73327e-12
2.39637e-12
7.44954e-12
-1.43717e-11
1.62516e-08
6.28108e-12
-1.39531e-11
1.62492e-08
4.86264e-12
-1.33496e-11
1.62445e-08
-1.25759e-11
1.62314e-08
3.23246e-12
7.87784e-12
-1.52647e-11
1.62554e-08
6.88035e-12
-1.49421e-11
1.62535e-08
5.62531e-12
-1.44088e-11
1.62507e-08
-1.36643e-11
1.62432e-08
4.15778e-12
8.19864e-12
1.62586e-08
7.38887e-12
1.62568e-08
6.31507e-12
1.62544e-08
1.62487e-08
5.035e-12
4.55012e-12
-8.40953e-12
1.62465e-08
7.06897e-12
3.70156e-12
-8.07774e-12
1.62426e-08
6.68493e-12
2.69845e-12
-7.64964e-12
1.62324e-08
6.23333e-12
-7.14718e-12
1.62028e-08
5.69173e-12
1.61912e-12
4.90052e-12
-9.39589e-12
1.62531e-08
4.15059e-12
-9.12097e-12
1.6251e-08
3.23257e-12
-8.72466e-12
1.62465e-08
-8.21685e-12
1.62335e-08
2.16933e-12
5.1819e-12
-9.98671e-12
1.62564e-08
4.54435e-12
-9.77547e-12
1.62548e-08
3.73349e-12
-9.42601e-12
1.62522e-08
-8.93809e-12
1.62449e-08
2.77675e-12
5.39202e-12
1.62591e-08
4.87766e-12
1.62576e-08
4.18563e-12
1.62554e-08
1.62499e-08
3.35153e-12
2.6709e-12
-4.81431e-12
1.62476e-08
4.04541e-12
2.18624e-12
-4.62145e-12
1.62439e-08
3.82205e-12
1.61026e-12
-4.37361e-12
1.62338e-08
3.56063e-12
-4.08432e-12
1.62043e-08
3.2499e-12
9.88302e-13
2.87471e-12
-5.38129e-12
1.6254e-08
2.44647e-12
-5.22202e-12
1.6252e-08
1.91849e-12
-4.99319e-12
1.62477e-08
-4.70064e-12
1.62348e-08
1.30456e-12
3.03781e-12
-5.72253e-12
1.6257e-08
2.67401e-12
-5.60085e-12
1.62555e-08
2.20727e-12
-5.39988e-12
1.6253e-08
-5.11928e-12
1.62459e-08
1.65337e-12
3.1589e-12
1.62594e-08
2.86576e-12
1.6258e-08
2.46715e-12
1.6256e-08
1.62506e-08
1.98304e-12
1.39861e-12
-2.18883e-12
1.84065e-12
1.16237e-12
-2.09277e-12
1.72683e-12
8.76765e-13
-1.97013e-12
1.59239e-12
-1.82619e-12
1.43605e-12
5.61382e-13
1.50043e-12
-2.44627e-12
1.29174e-12
-2.36911e-12
1.03002e-12
-2.25955e-12
-2.11901e-12
7.21081e-13
1.57973e-12
-2.60112e-12
1.40093e-12
-2.5443e-12
1.16825e-12
-2.45115e-12
-2.32072e-12
8.89425e-13
1.6364e-12
1.48981e-12
1.28854e-12
1.04299e-12
4.74399e-08
-3.14466e-08
-2.55559e-08
-6.71512e-09
4.98217e-08
3.08994e-08
-1.68053e-08
2.90463e-08
1.52567e-08
-2.81095e-10
-2.18315e-09
-1.14179e-09
-2.42127e-08
-9.79626e-09
5.16996e-09
-1.80208e-08
3.85552e-08
2.61284e-08
-6.86304e-09
2.70145e-08
9.55084e-09
1.72916e-08
-5.00149e-09
-5.23906e-09
-6.6554e-09
2.12196e-09
1.19319e-08
1.00936e-08
2.72383e-08
1.30635e-08
1.49886e-08
3.04088e-08
7.59282e-09
4.2631e-08
3.87559e-09
-4.69065e-10
1.3993e-08
7.05759e-09
4.00542e-08
5.24904e-09
5.24255e-08
-2.31455e-09
1.09834e-08
3.78346e-08
-6.98418e-09
-1.51108e-08
-2.20428e-09
-2.21309e-09
4.99551e-09
2.11328e-08
-2.39164e-09
4.98092e-09
1.04543e-08
2.87965e-10
-2.10676e-09
-2.756e-09
-1.14185e-08
-9.77988e-09
5.01096e-09
-3.57161e-09
8.30497e-09
1.4972e-08
-2.25956e-09
4.86601e-09
8.3537e-09
-4.24501e-09
1.71778e-09
-4.44585e-09
-4.87097e-09
-3.79497e-09
6.79336e-09
1.20208e-09
5.60131e-09
9.69416e-09
2.2373e-10
5.52773e-09
7.90945e-09
-2.54803e-09
6.04518e-09
-3.64284e-09
3.54894e-10
6.88042e-09
7.20976e-09
5.54855e-09
1.40052e-09
6.64258e-09
9.63101e-09
-5.17714e-10
-4.21816e-09
-5.25285e-09
9.42827e-09
-8.32549e-10
1.12418e-09
1.66231e-08
-1.59661e-09
-8.51405e-10
1.20698e-08
-5.4281e-09
6.78361e-09
-5.05888e-09
-3.90811e-09
-5.52105e-09
1.06519e-08
-1.50157e-09
-1.76342e-10
1.3866e-08
-2.47724e-09
-2.62821e-09
1.11062e-08
-8.04533e-09
7.29807e-09
-5.4403e-09
-2.04625e-09
-5.17608e-09
1.03994e-08
-1.93072e-09
-1.95731e-09
1.13596e-08
-3.58404e-09
-3.55952e-09
1.04941e-08
-8.48309e-09
8.2824e-09
-5.38351e-09
-3.54403e-10
1.0218e-08
-2.48737e-09
9.65926e-09
-4.71688e-09
9.49154e-09
8.47933e-09
-4.98833e-09
-1.26024e-09
-2.36046e-09
1.51661e-08
-7.59907e-10
-4.91157e-10
1.66139e-08
-1.60684e-09
-1.2366e-09
1.41533e-08
-2.52684e-09
1.06859e-08
-2.98229e-09
-1.1021e-09
-3.16578e-09
1.46203e-08
-1.17175e-09
-1.58414e-09
1.50286e-08
-1.97921e-09
-2.44927e-09
1.31263e-08
-4.13353e-09
1.01324e-08
-3.20691e-09
-5.6202e-10
-3.558e-09
1.36997e-08
-1.63416e-09
-2.55539e-09
1.3403e-08
-2.57297e-09
-3.06888e-09
1.20525e-08
-4.65071e-09
9.46985e-09
-3.24324e-09
-9.1151e-12
1.28381e-08
-1.96324e-09
1.20165e-08
-3.09412e-09
1.08008e-08
8.43358e-09
-3.14628e-09
-1.92619e-10
-1.27005e-09
1.81667e-08
-5.83066e-10
-7.39902e-10
1.77442e-08
-1.14538e-09
-9.24479e-10
1.56401e-08
-1.30185e-09
1.25789e-08
-1.73652e-09
-1.74702e-10
-1.95377e-09
1.70514e-08
-7.79975e-10
-1.47073e-09
1.63648e-08
-1.3233e-09
-1.66307e-09
1.44082e-08
-2.10194e-09
1.14453e-08
-1.83606e-09
-2.47405e-12
-2.27512e-09
1.57413e-08
-9.69043e-10
-1.95294e-09
1.48518e-08
-1.55991e-09
-2.05414e-09
1.30344e-08
-2.47685e-09
1.01491e-08
-1.86427e-09
2.08694e-10
1.4383e-08
-1.05798e-09
1.33277e-08
-1.7228e-09
1.15264e-08
8.65326e-09
-1.82083e-09
9.29556e-11
-7.76761e-10
1.98891e-08
-3.87796e-10
-6.13229e-10
1.88382e-08
-7.61577e-10
-6.19391e-10
1.66333e-08
-6.85556e-10
1.35153e-08
-1.0124e-09
9.1983e-11
-1.26365e-09
1.85255e-08
-4.73289e-10
-1.10219e-09
1.7419e-08
-8.45493e-10
-1.09244e-09
1.52535e-08
-1.14652e-09
1.2125e-08
-1.06421e-09
1.62465e-10
-1.4872e-09
1.69605e-08
-5.31777e-10
-1.37262e-09
1.58165e-08
-9.34992e-10
-1.35536e-09
1.37006e-08
-1.42397e-09
1.05804e-08
-1.08882e-09
2.58699e-10
1.52921e-08
-5.35324e-10
1.41194e-08
-9.77284e-10
1.20209e-08
8.90003e-09
-1.07423e-09
1.47861e-10
-5.05839e-10
2.09437e-08
-2.31359e-10
-4.48969e-10
1.96664e-08
-4.84425e-10
-4.19192e-10
1.73055e-08
-4.02604e-10
1.40398e-08
-6.06357e-10
1.49191e-10
-8.42944e-10
1.94416e-08
-2.68938e-10
-7.81122e-10
1.81693e-08
-5.27029e-10
-7.34962e-10
1.58273e-08
-6.97181e-10
1.2529e-08
-6.36437e-10
1.8626e-10
-1.00462e-09
1.77134e-08
-2.83525e-10
-9.56886e-10
1.6462e-08
-5.64087e-10
-9.19365e-10
1.41655e-08
-8.98747e-10
1.08744e-08
-6.56568e-10
2.36907e-10
1.58584e-08
-2.68472e-10
1.46323e-08
-5.73341e-10
1.23781e-08
9.10598e-09
-6.54785e-10
1.38759e-10
-3.40929e-10
2.16182e-08
-1.29447e-10
-3.18195e-10
2.02528e-08
-3.02693e-10
-2.88992e-10
1.77678e-08
-2.57597e-10
1.43661e-08
-3.71382e-10
1.42676e-10
-5.76447e-10
2.00299e-08
-1.46198e-10
-5.48468e-10
1.86884e-08
-3.25926e-10
-5.06621e-10
1.62247e-08
-4.57459e-10
1.27931e-08
-3.90235e-10
1.65784e-10
-6.97244e-10
1.81974e-08
-1.4745e-10
-6.72727e-10
1.68995e-08
-3.43136e-10
-6.38911e-10
1.44935e-08
-6.01982e-10
1.10819e-08
-4.06055e-10
1.9584e-10
1.62282e-08
-1.32292e-10
1.49778e-08
-3.43769e-10
1.26361e-08
9.26376e-09
-4.09252e-10
1.14753e-10
-2.35093e-10
2.20634e-08
-6.84378e-11
-2.24399e-10
2.06604e-08
-1.87846e-10
-2.02597e-10
1.80898e-08
-1.74954e-10
1.45853e-08
-2.32081e-10
1.19666e-10
-4.0206e-10
2.04193e-08
-7.58995e-11
-3.86959e-10
1.90465e-08
-2.01268e-10
-3.55739e-10
1.65032e-08
-3.14682e-10
1.29761e-08
-2.44465e-10
1.35559e-10
-4.93344e-10
1.85191e-08
-7.35801e-11
-4.77995e-10
1.71997e-08
-2.10218e-10
-4.51496e-10
1.47259e-08
-4.17582e-10
1.1231e-08
-2.56451e-10
1.55102e-10
1.64774e-08
-6.179e-11
1.52153e-08
-2.08927e-10
1.28212e-08
9.38107e-09
-2.60939e-10
9.04961e-11
-1.64817e-10
2.23645e-08
-3.37124e-11
-1.58923e-10
2.09435e-08
-1.16566e-10
-1.43773e-10
1.83164e-08
-1.22951e-10
1.47393e-08
-1.4759e-10
9.53716e-11
-2.84559e-10
2.06833e-08
-3.68663e-11
-2.75123e-10
1.9295e-08
-1.24623e-10
-2.52939e-10
1.67001e-08
-2.22247e-10
1.31067e-08
-1.55987e-10
1.06887e-10
-3.53488e-10
1.87382e-08
-3.39126e-11
-3.42562e-10
1.74079e-08
-1.29688e-10
-3.22475e-10
1.48912e-08
-2.95418e-10
1.13394e-08
-1.64866e-10
1.20405e-10
1.66486e-08
-2.52622e-11
1.53805e-08
-1.28203e-10
1.29536e-08
9.4674e-09
-1.69149e-10
6.98806e-11
-1.16948e-10
2.25718e-08
-1.46887e-11
-1.13276e-10
2.11414e-08
-7.26028e-11
-1.02906e-10
1.84772e-08
-8.80115e-11
1.485e-08
-9.53424e-11
7.42342e-11
-2.03479e-10
2.08654e-08
-1.58024e-11
-1.97002e-10
1.94687e-08
-7.75708e-11
-1.8135e-10
1.68403e-08
-1.59227e-10
1.32015e-08
-1.01159e-10
8.27888e-11
-2.55253e-10
1.889e-08
-1.30551e-11
-2.47008e-10
1.75538e-08
-8.05955e-11
-2.31897e-10
1.50093e-08
-2.11339e-10
1.14185e-08
-1.07652e-10
9.24934e-11
1.67678e-08
-6.75644e-12
1.54964e-08
-7.93035e-11
1.30483e-08
9.53071e-09
-1.11246e-10
5.33899e-11
-8.36966e-11
2.27165e-08
-4.69168e-12
-8.1225e-11
2.12807e-08
-4.54887e-11
-7.40947e-11
1.85921e-08
-6.36128e-11
1.49306e-08
-6.24761e-11
5.7058e-11
-1.46519e-10
2.09928e-08
-4.85301e-12
-1.41852e-10
1.95913e-08
-4.86167e-11
-1.30752e-10
1.69408e-08
-1.14975e-10
1.32708e-08
-6.65663e-11
6.34793e-11
-1.85178e-10
1.89965e-08
-2.52089e-12
-1.78847e-10
1.76568e-08
-5.04802e-11
-1.67509e-10
1.5094e-08
-1.52192e-10
1.14766e-08
-7.12854e-11
7.0586e-11
1.68515e-08
2.09106e-12
1.55783e-08
-4.9429e-11
1.31163e-08
9.57711e-09
-7.41251e-11
4.05326e-11
-6.02596e-11
2.28185e-08
2.49247e-13
-5.85246e-11
2.13795e-08
-2.87059e-11
-5.3573e-11
1.86746e-08
-4.6213e-11
1.49896e-08
-4.1479e-11
4.3513e-11
-1.05992e-10
2.10829e-08
5.01479e-13
-1.0256e-10
1.96783e-08
-3.07119e-11
-9.46315e-11
1.7013e-08
-8.33901e-11
1.33217e-08
-4.43874e-11
4.83461e-11
-1.34711e-10
1.90718e-08
2.40201e-12
-1.29854e-10
1.773e-08
-3.18815e-11
-1.21368e-10
1.5155e-08
-1.10054e-10
1.15192e-08
-4.78081e-11
5.35989e-11
1.69108e-08
5.801e-12
1.56365e-08
-3.10449e-11
1.31653e-08
9.61112e-09
-4.99825e-11
3.06308e-11
-4.35626e-11
2.2891e-08
2.4294e-12
-4.232e-11
2.145e-08
-1.82591e-11
-3.88471e-11
1.87342e-08
-3.36629e-11
1.50329e-08
-2.78703e-11
3.29931e-11
-7.69031e-11
2.11469e-08
2.82764e-12
-7.43641e-11
1.97405e-08
-1.95675e-11
-6.86672e-11
1.70652e-08
-6.06378e-11
1.3359e-08
-2.99554e-11
3.66266e-11
-9.81519e-11
1.91254e-08
4.33928e-12
-9.44506e-11
1.77824e-08
-2.03108e-11
-8.81209e-11
1.51991e-08
-7.97991e-11
1.15504e-08
-3.24337e-11
4.05221e-11
1.6953e-08
6.85451e-12
1.56781e-08
-1.9653e-11
1.32007e-08
9.63605e-09
-3.40693e-11
2.30556e-11
-3.15738e-11
2.29429e-08
3.1526e-12
-3.06765e-11
2.15006e-08
-1.17107e-11
-2.82212e-11
1.87773e-08
-2.45524e-11
1.50646e-08
-1.89294e-11
2.48946e-11
-5.58949e-11
2.11927e-08
3.56826e-12
-5.40174e-11
1.97852e-08
-1.25778e-11
-4.99079e-11
1.71031e-08
-4.41551e-11
1.33865e-08
-2.04331e-11
2.76179e-11
-7.15662e-11
1.91638e-08
4.74976e-12
-6.8769e-11
1.782e-08
-1.30549e-11
-6.40657e-11
1.52311e-08
-5.79604e-11
1.15734e-08
-2.22294e-11
3.05072e-11
1.69831e-08
6.61351e-12
1.5708e-08
-1.25429e-11
1.32263e-08
9.65434e-09
-2.34465e-11
1.72834e-11
-2.29135e-11
2.29801e-08
3.14741e-12
-2.22642e-11
2.1537e-08
-7.57327e-12
-2.05183e-11
1.88085e-08
-1.79107e-11
1.5088e-08
-1.29777e-11
1.86949e-11
-4.06516e-11
2.12256e-08
3.52373e-12
-3.92676e-11
1.98174e-08
-8.1563e-12
-3.6297e-11
1.71305e-08
-3.21651e-11
1.34067e-08
-1.40663e-11
2.0728e-11
-5.21761e-11
1.91914e-08
4.43434e-12
-5.00792e-11
1.78471e-08
-8.46541e-12
-4.65987e-11
1.52543e-08
-4.21295e-11
1.15903e-08
-1.53688e-11
2.2867e-11
1.70048e-08
5.81405e-12
1.57295e-08
-8.07108e-12
1.32448e-08
9.66775e-09
-1.62682e-11
1.28945e-11
-1.66249e-11
2.30068e-08
2.81217e-12
-1.61554e-11
2.15632e-08
-4.9362e-12
-1.49099e-11
1.88312e-08
-1.30511e-11
1.5105e-08
-8.9646e-12
1.39651e-11
-2.95446e-11
2.12493e-08
3.12886e-12
-2.8529e-11
1.98406e-08
-5.33321e-12
-2.63813e-11
1.71505e-08
-2.34101e-11
1.34214e-08
-9.75411e-12
1.54753e-11
-3.79922e-11
1.92112e-08
3.82204e-12
-3.64326e-11
1.78666e-08
-5.5353e-12
-3.38689e-11
1.52711e-08
-3.0606e-11
1.16026e-08
-1.06981e-11
1.70533e-11
1.70203e-08
4.84044e-12
1.5745e-08
-5.23482e-12
1.32583e-08
9.67756e-09
-1.13591e-11
9.55791e-12
-1.20331e-11
2.30261e-08
2.35735e-12
-1.16949e-11
2.15821e-08
-3.239e-12
-1.08061e-11
1.88476e-08
-9.48033e-12
1.51175e-08
-6.22296e-12
1.03605e-11
-2.1413e-11
2.12663e-08
2.61179e-12
-2.06723e-11
1.98573e-08
-3.51199e-12
-1.91227e-11
1.71649e-08
-1.69885e-11
1.34322e-08
-6.79498e-12
1.14748e-11
-2.75765e-11
1.92255e-08
3.13293e-12
-2.64263e-11
1.78807e-08
-3.64528e-12
-2.45492e-11
1.52834e-08
-2.21768e-11
1.16117e-08
-7.47764e-12
1.26328e-11
1.70315e-08
3.88073e-12
1.57561e-08
-3.41904e-12
1.32681e-08
9.68472e-09
-7.96058e-12
7.01472e-12
-8.65638e-12
2.30398e-08
1.88802e-12
-8.41452e-12
2.15956e-08
-2.13415e-12
-7.78262e-12
1.88594e-08
-6.84028e-12
1.51265e-08
-4.32296e-12
7.60817e-12
-1.54203e-11
2.12785e-08
2.08529e-12
-1.4885e-11
1.98693e-08
-2.32283e-12
-1.37737e-11
1.71753e-08
-1.2248e-11
1.34401e-08
-4.73532e-12
8.4223e-12
-1.98822e-11
1.92357e-08
2.47141e-12
-1.90432e-11
1.78908e-08
-2.41143e-12
-1.76811e-11
1.52921e-08
-1.5969e-11
1.16182e-08
-5.22625e-12
9.26446e-12
1.70395e-08
3.01566e-12
1.57641e-08
-2.24358e-12
1.32751e-08
9.6899e-09
-5.57618e-12
5.0626e-12
-6.1463e-12
2.30495e-08
1.45113e-12
-5.9757e-12
2.16052e-08
-1.40404e-12
-5.53141e-12
1.88678e-08
-4.86871e-12
1.5133e-08
-2.98311e-12
5.49293e-12
-1.09577e-11
2.12871e-08
1.59892e-12
-1.05768e-11
1.98778e-08
-1.53409e-12
-9.78996e-12
1.71827e-08
-8.71241e-12
1.34456e-08
-3.27674e-12
6.07795e-12
-1.41412e-11
1.92429e-08
1.87922e-12
-1.35395e-11
1.7898e-08
-1.59316e-12
-1.25663e-11
1.52984e-08
-1.13482e-11
1.16229e-08
-3.62546e-12
6.68104e-12
1.70451e-08
2.2692e-12
1.57698e-08
-1.47119e-12
1.32801e-08
9.6936e-09
-3.87534e-12
3.54361e-12
-4.24772e-12
2.30562e-08
1.06282e-12
-4.13062e-12
2.16118e-08
-9.10295e-13
-3.82601e-12
1.88736e-08
-3.37142e-12
1.51375e-08
-2.01524e-12
3.84574e-12
-7.57674e-12
2.1293e-08
1.16896e-12
-7.3134e-12
1.98837e-08
-9.98253e-13
-6.77117e-12
1.71878e-08
-6.02979e-12
1.34495e-08
-2.21878e-12
4.25367e-12
-9.7841e-12
1.92479e-08
1.36582e-12
-9.36553e-12
1.79029e-08
-1.0372e-12
-8.69035e-12
1.53027e-08
-7.84777e-12
1.16261e-08
-2.46002e-12
4.67312e-12
1.7049e-08
1.63718e-12
1.57737e-08
-9.51508e-13
1.32836e-08
9.69616e-09
-2.63349e-12
2.33841e-12
-2.77271e-12
2.30606e-08
7.26851e-13
-2.69692e-12
2.16162e-08
-5.611e-13
-2.49913e-12
1.88773e-08
-2.2034e-12
1.51404e-08
-1.28919e-12
2.53852e-12
-4.94386e-12
2.12969e-08
7.98747e-13
-4.77241e-12
1.98875e-08
-6.16982e-13
-4.41972e-12
1.71911e-08
-3.93773e-12
1.34521e-08
-1.42212e-12
2.80694e-12
-6.38528e-12
1.92511e-08
9.29252e-13
-6.11118e-12
1.79062e-08
-6.41009e-13
-5.66987e-12
1.53055e-08
-5.12035e-12
1.16282e-08
-1.57944e-12
3.08228e-12
1.70515e-08
1.10754e-12
1.57763e-08
-5.84184e-13
1.32858e-08
9.69784e-09
-1.69278e-12
1.38547e-12
-1.59699e-12
2.30631e-08
4.61269e-13
-1.55568e-12
2.16186e-08
-2.828e-13
-1.44434e-12
1.88795e-08
-1.27583e-12
1.51421e-08
-7.11289e-13
1.50513e-12
-2.83383e-12
2.12991e-08
5.06185e-13
-2.73668e-12
1.98897e-08
-3.12618e-13
-2.53596e-12
1.71931e-08
-2.26144e-12
1.34535e-08
-7.87242e-13
1.66359e-12
-3.65559e-12
1.92529e-08
5.84946e-13
-3.49777e-12
1.7908e-08
-3.23465e-13
-3.24448e-12
1.53071e-08
-2.93078e-12
1.16294e-08
-8.76235e-13
1.82523e-12
1.7053e-08
6.90256e-13
1.57777e-08
-2.88892e-13
1.32871e-08
9.69881e-09
-9.40186e-13
7.53082e-13
-7.19765e-13
3.10635e-13
-6.99078e-13
-5.22626e-14
-6.45853e-13
-5.66179e-13
-2.61188e-13
8.22994e-13
-1.29859e-12
3.39869e-13
-1.25473e-12
-6.5201e-14
-1.16143e-12
-1.02975e-12
-2.99371e-13
9.09056e-13
-1.67165e-12
3.86537e-13
-1.59662e-12
-6.34328e-14
-1.47581e-12
-1.3222e-12
-3.37566e-13
9.94886e-13
4.46111e-13
-3.9055e-14
-3.63611e-13
2.71658e-08
3.55771e-08
2.11653e-08
1.56671e-08
9.9756e-10
2.21317e-08
6.28622e-09
3.15846e-09
1.51705e-08
7.44095e-09
1.36402e-08
6.90693e-10
2.34556e-08
3.14599e-08
-2.90679e-09
-2.57115e-09
1.80743e-08
5.25023e-09
-7.66701e-09
1.98865e-08
1.01478e-08
2.27259e-08
7.93012e-09
-1.53717e-10
3.48955e-08
1.33481e-09
-2.87077e-09
2.53499e-08
-2.88279e-09
-6.09933e-09
2.26223e-08
3.34259e-08
1.34307e-08
2.5772e-08
1.43878e-08
1.75344e-08
2.32129e-08
-7.31934e-09
1.96065e-08
2.28819e-08
2.62433e-09
2.19194e-09
1.55808e-08
5.44084e-09
-3.52369e-11
1.57076e-08
3.30171e-09
-1.80897e-09
1.46727e-08
-1.73786e-09
1.59238e-08
7.22135e-09
4.0449e-09
2.03644e-08
5.31778e-09
1.71546e-10
1.97711e-08
3.39336e-09
-3.34658e-11
2.00354e-08
3.00468e-09
2.13767e-08
8.2148e-09
8.69354e-09
2.13438e-08
7.90693e-09
3.36228e-09
2.2467e-08
7.73652e-09
1.20665e-09
2.15526e-08
4.15718e-09
2.00147e-08
6.88677e-09
1.56813e-08
9.63991e-09
2.18166e-08
4.477e-09
2.55498e-08
3.00585e-08
-2.09295e-09
-3.42029e-09
1.07796e-08
-2.63046e-10
-3.75579e-09
1.225e-08
-3.39074e-10
-4.09356e-09
1.3402e-08
-4.15797e-09
1.46838e-08
-1.21962e-09
-1.07611e-09
1.49182e-08
6.14837e-11
-2.18898e-09
1.69231e-08
9.25375e-11
-2.70274e-09
1.86135e-08
-2.85442e-09
2.01657e-08
-2.09385e-09
1.36052e-09
1.67127e-08
-5.21185e-11
-1.35862e-09
1.9595e-08
4.43041e-10
-3.436e-09
2.17907e-08
-4.41152e-09
2.20149e-08
-4.84e-09
1.55556e-08
-3.30412e-09
2.05571e-08
-2.50034e-09
2.54293e-08
2.87946e-08
-2.04738e-09
-2.99331e-09
9.44099e-09
-1.08851e-09
-3.17225e-09
1.12201e-08
-5.24698e-10
-3.19745e-09
1.28288e-08
-3.19027e-09
1.4367e-08
-2.29946e-09
-2.08795e-09
1.32429e-08
-1.4136e-09
-2.62056e-09
1.54856e-08
-6.28537e-10
-2.90256e-09
1.75336e-08
-2.99512e-09
1.9342e-08
-3.10325e-09
-1.16538e-09
1.55333e-08
-2.09104e-09
-2.38231e-09
1.83445e-08
-6.45144e-10
-3.37655e-09
2.08188e-08
-4.0616e-09
2.24362e-08
-4.843e-09
1.6115e-08
-4.22452e-09
1.99574e-08
-2.34788e-09
2.37258e-08
2.66819e-08
-1.34595e-09
-2.04132e-09
9.14498e-09
-8.40264e-10
-2.12923e-09
1.09794e-08
-4.30629e-10
-2.11419e-09
1.26973e-08
-2.08842e-09
1.42883e-08
-1.63184e-09
-1.83472e-09
1.28047e-08
-1.19255e-09
-2.05935e-09
1.49764e-08
-6.31325e-10
-2.14694e-09
1.70051e-08
-2.17942e-09
1.88017e-08
-2.09054e-09
-1.53578e-09
1.52946e-08
-1.6418e-09
-2.01803e-09
1.78544e-08
-7.84963e-10
-2.38692e-09
2.02019e-08
-2.64521e-09
2.2117e-08
-2.90401e-09
1.6482e-08
-2.64445e-09
1.95689e-08
-1.55164e-09
2.25438e-08
2.50499e-08
-7.73843e-10
-1.35383e-09
9.15956e-09
-4.99875e-10
-1.38771e-09
1.10043e-08
-2.53401e-10
-1.36139e-09
1.27479e-08
-1.33248e-09
1.4355e-08
-9.63391e-10
-1.39729e-09
1.2758e-08
-7.39037e-10
-1.47933e-09
1.48437e-08
-4.10373e-10
-1.48748e-09
1.68025e-08
-1.48656e-09
1.85454e-08
-1.198e-09
-1.33036e-09
1.5305e-08
-9.93931e-10
-1.49852e-09
1.76696e-08
-5.48176e-10
-1.60636e-09
1.9875e-08
-1.6793e-09
2.17616e-08
-1.54686e-09
1.66625e-08
-1.4354e-09
1.93245e-08
-8.82705e-10
2.18612e-08
2.40347e-08
-4.09265e-10
-8.99783e-10
9.25133e-09
-2.58274e-10
-9.07623e-10
1.11043e-08
-1.25349e-10
-8.80145e-10
1.28587e-08
-8.53436e-10
1.44767e-08
-5.1966e-10
-1.01409e-09
1.28255e-08
-4.0268e-10
-1.03734e-09
1.48564e-08
-2.2593e-10
-1.0187e-09
1.67643e-08
-1.00075e-09
1.84668e-08
-6.36438e-10
-1.03182e-09
1.53766e-08
-5.44153e-10
-1.07893e-09
1.76189e-08
-3.1572e-10
-1.09071e-09
1.97186e-08
-1.0944e-09
2.15395e-08
-7.83497e-10
1.67608e-08
-7.40492e-10
1.91927e-08
-4.65368e-10
2.14899e-08
2.34671e-08
-1.99165e-10
-6.02279e-10
9.34892e-09
-1.15293e-10
-5.98527e-10
1.12129e-08
-5.01425e-11
-5.73982e-10
1.29773e-08
-5.51377e-10
1.46066e-08
-2.58293e-10
-7.22355e-10
1.29152e-08
-1.97694e-10
-7.21766e-10
1.49191e-08
-1.09918e-10
-6.96405e-10
1.6799e-08
-6.7352e-10
1.8479e-08
-3.1373e-10
-7.68741e-10
1.54548e-08
-2.74105e-10
-7.71305e-10
1.76288e-08
-1.631e-10
-7.51961e-10
1.96632e-08
-7.32862e-10
2.14358e-08
-3.74098e-10
1.68256e-08
-3.63406e-10
1.91355e-08
-2.3264e-10
2.13041e-08
2.31736e-08
-8.48963e-11
-4.06676e-10
9.43266e-09
-3.83993e-11
-3.9871e-10
1.13087e-08
-1.06911e-11
-3.78382e-10
1.30835e-08
-3.60197e-10
1.4724e-08
-1.14059e-10
-5.11429e-10
1.29983e-08
-8.35123e-11
-5.02187e-10
1.4992e-08
-4.4777e-11
-4.77848e-10
1.68597e-08
-4.55958e-10
1.853e-08
-1.38126e-10
-5.63827e-10
1.55247e-08
-1.23598e-10
-5.51753e-10
1.76638e-08
-7.50477e-11
-5.25649e-10
1.96624e-08
-5.01794e-10
2.14066e-08
-1.61099e-10
1.68745e-08
-1.65041e-10
1.91215e-08
-1.08763e-10
2.12229e-08
2.30354e-08
-2.59863e-11
-2.77144e-10
9.49945e-09
-5.09078e-13
-2.68472e-10
1.13868e-08
7.7657e-12
-2.52345e-10
1.31716e-08
-2.38142e-10
1.48223e-08
-3.87458e-11
-3.62099e-10
1.30674e-08
-2.42413e-11
-3.50803e-10
1.50598e-08
-1.10814e-11
-3.30073e-10
1.69243e-08
-3.11333e-10
1.85921e-08
-4.72764e-11
-4.11182e-10
1.5583e-08
-4.45187e-11
-3.96008e-10
1.77063e-08
-2.78523e-11
-3.71623e-10
1.96873e-08
-3.49497e-10
2.14169e-08
-5.42665e-11
1.6914e-08
-6.39657e-11
1.91296e-08
-4.48519e-11
2.11971e-08
2.29805e-08
2.26384e-12
-1.90608e-10
9.55103e-09
1.59235e-11
-1.82717e-10
1.14482e-08
1.48654e-11
-1.70261e-10
1.32418e-08
-1.59373e-10
1.49012e-08
-2.02673e-12
-2.57097e-10
1.31223e-08
4.03425e-12
-2.46453e-10
1.51175e-08
4.73089e-12
-2.2978e-10
1.69831e-08
-2.14608e-10
1.86521e-08
-3.25596e-12
-2.99428e-10
1.56301e-08
-5.67429e-12
-2.85337e-10
1.77476e-08
-4.34526e-12
-2.65066e-10
1.97213e-08
-2.46571e-10
2.14445e-08
-3.67407e-12
1.69462e-08
-1.47695e-11
1.91473e-08
-1.32147e-11
2.11985e-08
2.29678e-08
1.41532e-11
-1.32244e-10
9.5902e-09
2.12205e-11
-1.25627e-10
1.14955e-08
1.62537e-11
-1.16171e-10
1.32964e-08
-1.07925e-10
1.49629e-08
1.39289e-11
-1.83266e-10
1.31649e-08
1.56945e-11
-1.74208e-10
1.51643e-08
1.09749e-11
-1.61221e-10
1.70329e-08
-1.49324e-10
1.87044e-08
1.58057e-11
-2.18116e-10
1.56673e-08
1.14819e-11
-2.0635e-10
1.77841e-08
6.18583e-12
-1.90358e-10
1.97557e-08
-1.75642e-10
2.1477e-08
1.78127e-11
1.69723e-08
7.33363e-12
1.91674e-08
1.41833e-12
2.12116e-08
2.29746e-08
1.76966e-11
-9.24934e-11
9.61969e-09
2.11402e-11
-8.71885e-11
1.15315e-08
1.50385e-11
-8.00913e-11
1.33382e-08
-7.38969e-11
1.50104e-08
1.92019e-11
-1.31179e-10
1.31976e-08
1.89197e-11
-1.23866e-10
1.52013e-08
1.24089e-11
-1.13945e-10
1.70732e-08
-1.04799e-10
1.87478e-08
2.2118e-11
-1.59035e-10
1.56963e-08
1.74647e-11
-1.49695e-10
1.78145e-08
9.96478e-12
-1.37418e-10
1.97867e-08
-1.26023e-10
2.15082e-08
2.47545e-11
1.69931e-08
1.56892e-11
1.91867e-08
7.33473e-12
2.12284e-08
2.29891e-08
1.72657e-11
-6.51564e-11
9.64174e-09
1.87632e-11
-6.10186e-11
1.15585e-08
1.28461e-11
-5.57319e-11
1.33699e-08
-5.11054e-11
1.50465e-08
1.93197e-11
-9.42563e-11
1.32223e-08
1.81822e-11
-8.85315e-11
1.52299e-08
1.163e-11
-8.10462e-11
1.71051e-08
-7.41056e-11
1.87824e-08
2.23137e-11
-1.16073e-10
1.57187e-08
1.8034e-11
-1.08861e-10
1.78391e-08
1.04451e-11
-9.95834e-11
1.98128e-08
-9.09027e-11
2.15354e-08
2.48455e-11
1.70096e-08
1.73835e-11
1.92034e-08
8.96006e-12
2.12449e-08
2.30052e-08
1.51726e-11
-4.61792e-11
9.65816e-09
1.56627e-11
-4.30093e-11
1.15788e-08
1.04786e-11
-3.90922e-11
1.33937e-08
-3.56518e-11
1.50737e-08
1.7218e-11
-6.79417e-11
1.3241e-08
1.58346e-11
-6.35472e-11
1.52518e-08
9.99458e-12
-5.79484e-11
1.71298e-08
-5.27291e-11
1.88095e-08
1.98899e-11
-8.47751e-11
1.57358e-08
1.62431e-11
-7.93001e-11
1.78585e-08
9.47056e-12
-7.23572e-11
1.9834e-08
-6.58148e-11
2.1558e-08
2.2059e-11
1.70224e-08
1.6108e-11
1.92173e-08
8.61425e-12
2.12595e-08
2.30203e-08
1.2589e-11
-3.28855e-11
9.67035e-09
1.25887e-11
-3.04879e-11
1.15939e-08
8.2951e-12
-2.75979e-11
1.34115e-08
-2.50492e-11
1.5094e-08
1.43932e-11
-4.90818e-11
1.32549e-08
1.30557e-11
-4.57543e-11
1.52684e-08
8.17354e-12
-4.15937e-11
1.71487e-08
-3.76961e-11
1.88303e-08
1.66172e-11
-6.19193e-11
1.57487e-08
1.36466e-11
-5.78091e-11
1.78736e-08
7.98515e-12
-5.26491e-11
1.98507e-08
-4.77567e-11
2.1576e-08
1.83724e-11
1.70322e-08
1.37299e-11
1.92285e-08
7.48188e-12
2.12716e-08
2.30332e-08
1.00679e-11
-2.34898e-11
9.67935e-09
9.85574e-12
-2.16947e-11
1.16052e-08
6.42617e-12
-1.95712e-11
1.34248e-08
-1.76908e-11
1.51092e-08
1.15603e-11
-3.54849e-11
1.32653e-08
1.03916e-11
-3.2992e-11
1.52809e-08
6.47025e-12
-2.99178e-11
1.71629e-08
-2.70252e-11
1.88461e-08
1.3336e-11
-4.51763e-11
1.57584e-08
1.09882e-11
-4.21174e-11
1.7885e-08
6.44335e-12
-3.83046e-11
1.98636e-08
-3.46706e-11
2.15901e-08
1.47089e-11
1.70397e-08
1.11478e-11
1.92372e-08
6.14244e-12
2.12814e-08
2.30437e-08
7.83583e-12
-1.67874e-11
9.68597e-09
7.55736e-12
-1.54563e-11
1.16134e-08
4.8904e-12
-1.39041e-11
1.34345e-08
-1.25241e-11
1.51204e-08
9.02084e-12
-2.56169e-11
1.3273e-08
8.05811e-12
-2.37677e-11
1.52902e-08
4.99808e-12
-2.15107e-11
1.71736e-08
-1.9379e-11
1.88579e-08
1.03981e-11
-3.28589e-11
1.57657e-08
8.58544e-12
-3.06014e-11
1.78937e-08
5.0411e-12
-2.7802e-11
1.98735e-08
-2.51221e-11
2.16009e-08
1.14469e-11
1.70453e-08
8.75533e-12
1.92439e-08
4.85841e-12
2.1289e-08
2.3052e-08
5.95435e-12
-1.1955e-11
9.69079e-09
5.68163e-12
-1.09793e-11
1.16194e-08
3.65633e-12
-9.85394e-12
1.34417e-08
-8.84975e-12
1.51285e-08
6.866e-12
-1.83947e-11
1.32786e-08
6.10569e-12
-1.70391e-11
1.5297e-08
3.7766e-12
-1.53971e-11
1.71815e-08
-1.38411e-11
1.88667e-08
7.9086e-12
-2.37393e-11
1.5771e-08
6.53872e-12
-2.20906e-11
1.79001e-08
3.84267e-12
-2.00538e-11
1.98808e-08
-1.80969e-11
2.1609e-08
8.69334e-12
1.70495e-08
6.69062e-12
1.9249e-08
3.7303e-12
2.12947e-08
2.30583e-08
4.40589e-12
-8.422e-12
9.69424e-09
4.17172e-12
-7.71917e-12
1.16238e-08
2.67383e-12
-6.91495e-12
1.34468e-08
-6.19501e-12
1.51344e-08
5.08572e-12
-1.3045e-11
1.32827e-08
4.50788e-12
-1.20684e-11
1.53019e-08
2.78274e-12
-1.08921e-11
1.71872e-08
-9.7742e-12
1.88731e-08
5.85433e-12
-1.69169e-11
1.57748e-08
4.84466e-12
-1.57326e-11
1.79048e-08
2.84881e-12
-1.42734e-11
1.98862e-08
-1.28672e-11
2.16149e-08
6.42776e-12
1.70525e-08
4.96831e-12
1.92527e-08
2.77911e-12
2.1299e-08
2.30631e-08
3.13979e-12
-5.78516e-12
9.69665e-09
2.95663e-12
-5.29422e-12
1.16268e-08
1.88967e-12
-4.73548e-12
1.34504e-08
-4.23395e-12
1.51385e-08
3.62648e-12
-9.00708e-12
1.32855e-08
3.20715e-12
-8.32489e-12
1.53054e-08
1.97718e-12
-7.50624e-12
1.71912e-08
-6.72645e-12
1.88775e-08
4.1722e-12
-1.17241e-11
1.57776e-08
3.455e-12
-1.08985e-11
1.79081e-08
2.03277e-12
-9.88308e-12
1.989e-08
-8.90225e-12
2.16192e-08
4.57664e-12
1.70546e-08
3.54836e-12
1.92553e-08
1.98967e-12
2.13021e-08
2.30665e-08
2.0988e-12
-3.75271e-12
9.69823e-09
1.96833e-12
-3.4303e-12
1.16288e-08
1.25559e-12
-3.06439e-12
1.34528e-08
-2.73509e-12
1.51412e-08
2.42441e-12
-5.86711e-12
1.32874e-08
2.14074e-12
-5.41903e-12
1.53076e-08
1.3194e-12
-4.88233e-12
1.71938e-08
-4.36993e-12
1.88805e-08
2.78713e-12
-7.65947e-12
1.57793e-08
2.30962e-12
-7.11796e-12
1.79102e-08
1.36073e-12
-6.45238e-12
1.98925e-08
-5.80805e-12
2.16219e-08
3.05449e-12
1.70561e-08
2.37403e-12
1.9257e-08
1.33487e-12
2.13041e-08
2.30687e-08
1.25407e-12
-2.12206e-12
9.69915e-09
1.16948e-12
-1.93801e-12
1.16299e-08
7.50842e-13
-1.72845e-12
1.34541e-08
-1.53835e-12
1.51428e-08
1.44445e-12
-3.33912e-12
1.32884e-08
1.27261e-12
-3.0826e-12
1.5309e-08
7.90153e-13
-2.77477e-12
1.71953e-08
-2.47881e-12
1.88822e-08
1.65549e-12
-4.37784e-12
1.57804e-08
1.37253e-12
-4.06756e-12
1.79115e-08
8.14838e-13
-3.68555e-12
1.9894e-08
-3.31316e-12
2.16236e-08
1.81002e-12
1.70569e-08
1.41056e-12
1.92581e-08
7.99455e-13
2.13053e-08
2.30701e-08
6.72481e-13
-8.91392e-13
6.08231e-13
-8.08234e-13
3.66764e-13
-7.13352e-13
-6.19702e-13
7.74352e-13
-1.46097e-12
6.67143e-13
-1.34443e-12
3.92094e-13
-1.20369e-12
-1.05684e-12
8.77801e-13
-1.96165e-12
7.19016e-13
-1.82087e-12
4.09325e-13
-1.64512e-12
-1.46084e-12
9.51032e-13
7.38738e-13
4.06018e-13
)
;

boundaryField
{
    inlet
    {
        type            calculated;
        value           nonuniform List<scalar> 
48
(
-1.69385e-08
-1.88586e-08
-1.66635e-08
-1.58931e-08
-1.66635e-08
-1.66635e-08
-1.66635e-08
-1.46496e-08
-6.20077e-09
-1.65476e-08
-1.6601e-08
-1.66635e-08
-1.38329e-08
-1.62023e-08
-1.65724e-08
-2.12364e-08
-1.26297e-08
-1.36719e-08
-1.62105e-08
-2.04882e-08
-1.20996e-08
-1.09081e-08
-1.8455e-08
-1.8899e-08
-1.41872e-08
-1.7218e-08
-1.99724e-08
-1.94144e-08
-1.62469e-08
-2.01825e-08
-2.23583e-08
-2.09417e-08
1.78239e-09
-2.21831e-08
-1.98472e-08
-1.87959e-08
-2.14405e-08
-2.10538e-08
-1.84957e-08
-1.62107e-08
-2.0373e-08
-1.86768e-08
-1.5882e-08
-3.68648e-09
-1.48372e-08
-1.41952e-08
-1.37572e-08
-1.60904e-08
)
;
    }
    outlet
    {
        type            calculated;
        value           nonuniform List<scalar> 
48
(
1.62481e-08
1.62544e-08
1.62573e-08
1.62595e-08
1.62445e-08
1.62525e-08
1.62559e-08
1.62582e-08
1.62344e-08
1.62482e-08
1.62535e-08
1.62563e-08
1.6205e-08
1.62354e-08
1.62463e-08
1.62509e-08
9.69956e-09
1.32889e-08
1.57809e-08
1.70573e-08
1.16304e-08
1.53096e-08
1.79122e-08
1.92586e-08
1.34548e-08
1.71961e-08
1.98947e-08
2.13059e-08
1.51435e-08
1.8883e-08
2.16244e-08
2.30708e-08
2.30642e-08
2.13001e-08
1.92538e-08
1.70536e-08
2.16198e-08
1.98907e-08
1.79089e-08
1.57784e-08
1.88805e-08
1.7194e-08
1.53079e-08
1.32877e-08
1.51429e-08
1.34542e-08
1.163e-08
9.69925e-09
)
;
    }
    wall
    {
        type            calculated;
        value           nonuniform List<scalar> 
192
(
2.16764e-09
-1.71945e-25
2.77217e-25
2.65065e-25
7.2555e-27
7.53815e-26
2.72135e-26
6.40007e-26
1.24613e-26
1.41541e-26
3.32525e-27
-4.69436e-27
1.65905e-27
2.27513e-27
4.28636e-27
-1.33164e-27
1.0534e-27
7.7874e-28
1.58669e-28
3.81306e-28
4.77386e-28
2.89388e-28
4.36573e-29
-2.97864e-29
-5.12563e-09
-4.56494e-25
1.5594e-25
6.57441e-26
-4.03798e-26
-6.38702e-29
1.3918e-26
8.52144e-27
1.20728e-26
1.33197e-27
1.63017e-26
5.12761e-27
4.50761e-27
6.65805e-27
-4.72548e-27
1.03748e-27
9.20593e-28
7.16571e-28
1.74972e-27
-4.05805e-28
-4.26365e-28
-2.18828e-28
1.33905e-28
1.3978e-28
-1.38398e-08
1.08943e-24
4.53293e-26
2.27948e-25
-1.04161e-25
-1.81717e-25
-7.72868e-27
3.1793e-26
2.57424e-28
2.15764e-26
-1.47039e-26
-1.07439e-26
-6.13738e-27
4.54062e-27
1.13711e-27
-3.31673e-27
1.48053e-27
-1.0083e-27
3.71351e-28
-4.62441e-28
2.28891e-28
-1.5279e-29
-6.82678e-29
4.58735e-29
1.63786e-09
5.97309e-25
-7.51635e-25
2.25224e-25
-3.00716e-25
1.67304e-25
-3.09679e-25
-5.44093e-26
1.4459e-26
-2.17069e-26
5.93366e-26
1.04212e-26
1.07911e-26
-2.86399e-27
1.1609e-26
-1.87845e-27
1.34237e-27
9.81818e-28
7.30127e-28
-1.66646e-28
4.40191e-28
3.51594e-28
5.88853e-29
-3.1433e-29
3.10168e-10
-4.30877e-24
-1.72334e-08
-1.74597e-08
-1.98407e-25
2.64518e-25
-8.61096e-26
8.65111e-26
-2.1473e-25
-3.47712e-25
-1.01766e-24
1.26623e-25
-6.82367e-27
7.51876e-25
-5.98136e-25
-3.35943e-25
-5.72731e-25
5.26713e-25
3.24859e-25
2.762e-25
4.77529e-25
4.64011e-25
-4.78203e-25
5.73785e-26
-3.44963e-26
4.07984e-26
-3.66645e-25
4.3201e-26
-1.02111e-25
-2.51854e-25
4.05157e-26
-8.61196e-26
-3.4282e-26
-1.15056e-25
2.69255e-26
-2.16637e-26
-2.02092e-26
-4.69464e-26
-7.90373e-27
-1.38172e-26
5.34164e-26
2.94693e-27
-2.15131e-26
1.07276e-27
4.59989e-26
-7.92526e-27
-3.61218e-26
8.29607e-27
1.33194e-26
-1.29119e-26
-6.80488e-27
3.76811e-27
2.60357e-26
2.2977e-26
2.08044e-28
-3.12523e-27
4.19147e-28
5.79033e-27
-9.9996e-27
-2.82527e-27
5.18736e-27
-9.75174e-28
1.73131e-27
-1.54821e-28
1.15063e-27
-6.16983e-27
-1.77682e-27
-3.36137e-27
1.7121e-27
-3.28527e-27
-5.19401e-27
-5.76075e-28
-7.50082e-28
-2.56612e-27
-7.4235e-27
-8.67764e-28
6.79874e-28
-4.32423e-29
6.47357e-28
8.58894e-28
-1.52968e-27
2.74006e-28
2.91612e-29
1.01703e-27
9.40643e-28
-3.7296e-28
-7.19057e-28
-3.21845e-28
-3.55726e-28
-7.37062e-28
1.05062e-27
-2.42099e-28
-2.40022e-29
-5.16923e-29
-6.46415e-29
-1.63801e-28
)
;
    }
    procBoundary1to0
    {
        type            processor;
        value           nonuniform List<scalar> 
192
(
5.80228e-09
2.91393e-09
9.61707e-09
-1.09381e-08
9.88337e-10
4.16596e-10
7.97539e-09
9.62099e-09
-3.72106e-09
-3.57999e-09
-2.26889e-09
-1.45643e-09
-3.13438e-09
-3.22567e-09
-2.75378e-09
-2.49082e-09
-2.01969e-09
-2.07713e-09
-1.96927e-09
-1.93632e-09
-1.28578e-09
-1.31574e-09
-1.31052e-09
-1.32786e-09
-8.46616e-10
-8.66651e-10
-8.78443e-10
-8.96916e-10
-5.74899e-10
-5.90003e-10
-6.0167e-10
-6.14463e-10
-3.99665e-10
-4.11441e-10
-4.20651e-10
-4.28926e-10
-2.82653e-10
-2.91879e-10
-2.98855e-10
-3.04261e-10
-2.02382e-10
-2.09572e-10
-2.14827e-10
-2.18466e-10
-1.46185e-10
-1.51739e-10
-1.55698e-10
-1.58219e-10
-1.0624e-10
-1.10491e-10
-1.13471e-10
-1.15254e-10
-7.75255e-11
-8.07515e-11
-8.2988e-11
-8.42662e-11
-5.671e-11
-5.91395e-11
-6.08109e-11
-6.17339e-11
-4.15225e-11
-4.33394e-11
-4.45824e-11
-4.52509e-11
-3.038e-11
-3.17296e-11
-3.26491e-11
-3.31334e-11
-2.21589e-11
-2.31539e-11
-2.38298e-11
-2.418e-11
-1.605e-11
-1.67761e-11
-1.72681e-11
-1.752e-11
-1.14619e-11
-1.19831e-11
-1.23357e-11
-1.25143e-11
-7.95725e-12
-8.32039e-12
-8.56563e-12
-8.68891e-12
-5.21516e-12
-5.45374e-12
-5.61468e-12
-5.69502e-12
-3.04809e-12
-3.18764e-12
-3.28159e-12
-3.32813e-12
-1.57762e-12
-1.64898e-12
-1.69649e-12
-1.71923e-12
5.6126e-09
1.95755e-08
2.65246e-09
1.50647e-09
-1.25664e-09
6.24659e-09
4.02458e-09
2.54392e-09
-2.16154e-09
-1.46467e-09
-1.90476e-09
-2.79889e-09
-2.11711e-09
-2.06091e-09
-2.34611e-09
-2.76277e-09
-1.53795e-09
-1.5727e-09
-1.71771e-09
-1.88601e-09
-1.03855e-09
-1.07919e-09
-1.15818e-09
-1.23153e-09
-6.96649e-10
-7.28183e-10
-7.77411e-10
-8.17421e-10
-4.72317e-10
-4.955e-10
-5.28985e-10
-5.55262e-10
-3.24923e-10
-3.42089e-10
-3.66012e-10
-3.84997e-10
-2.26737e-10
-2.39577e-10
-2.5709e-10
-2.71326e-10
-1.60213e-10
-1.69868e-10
-1.82827e-10
-1.93608e-10
-1.14378e-10
-1.21647e-10
-1.31272e-10
-1.39432e-10
-8.23158e-11
-8.77836e-11
-9.49353e-11
-1.01087e-10
-5.95979e-11
-6.37006e-11
-6.90094e-11
-7.36244e-11
-4.33288e-11
-4.63979e-11
-5.03315e-11
-5.37779e-11
-3.15754e-11
-3.38632e-11
-3.6771e-11
-3.93328e-11
-2.30198e-11
-2.47176e-11
-2.68601e-11
-2.8755e-11
-1.67459e-11
-1.79983e-11
-1.95689e-11
-2.09618e-11
-1.21056e-11
-1.30207e-11
-1.41624e-11
-1.51769e-11
-8.63288e-12
-9.29078e-12
-1.01082e-11
-1.08354e-11
-5.98726e-12
-6.44632e-12
-7.01475e-12
-7.52093e-12
-3.92088e-12
-4.22322e-12
-4.59628e-12
-4.92862e-12
-2.28795e-12
-2.46713e-12
-2.68589e-12
-2.88048e-12
-1.17371e-12
-1.27519e-12
-1.39036e-12
-1.49098e-12
)
;
    }
    procBoundary1to3
    {
        type            processor;
        value           nonuniform List<scalar> 
192
(
1.88786e-08
1.26496e-08
1.62895e-08
-2.3986e-08
3.8295e-09
4.98844e-09
6.76608e-09
9.88365e-09
-7.21239e-10
4.49927e-10
1.6172e-09
1.86809e-09
-1.41365e-09
-9.61717e-10
-4.28227e-10
-1.12604e-10
-1.41669e-09
-1.25645e-09
-1.07666e-09
-9.9938e-10
-1.25201e-09
-1.18531e-09
-1.12041e-09
-1.10276e-09
-1.03454e-09
-1.00013e-09
-9.65808e-10
-9.46431e-10
-8.19198e-10
-7.98458e-10
-7.7437e-10
-7.51473e-10
-6.31669e-10
-6.18019e-10
-5.99574e-10
-5.77649e-10
-4.79057e-10
-4.69683e-10
-4.55489e-10
-4.36825e-10
-3.59538e-10
-3.52977e-10
-3.42212e-10
-3.27314e-10
-2.68047e-10
-2.63412e-10
-2.55365e-10
-2.43899e-10
-1.98973e-10
-1.95681e-10
-1.89727e-10
-1.81086e-10
-1.47262e-10
-1.44913e-10
-1.40536e-10
-1.34103e-10
-1.08739e-10
-1.07058e-10
-1.03852e-10
-9.90967e-11
-8.01146e-11
-7.89082e-11
-7.65656e-11
-7.30671e-11
-5.88571e-11
-5.79902e-11
-5.62825e-11
-5.37186e-11
-4.30473e-11
-4.24244e-11
-4.1184e-11
-3.93138e-11
-3.12376e-11
-3.0792e-11
-2.98969e-11
-2.85432e-11
-2.23375e-11
-2.20224e-11
-2.13854e-11
-2.04194e-11
-1.55217e-11
-1.53047e-11
-1.48636e-11
-1.41935e-11
-1.01617e-11
-1.00206e-11
-9.7326e-12
-9.2943e-12
-5.82583e-12
-5.74549e-12
-5.58082e-12
-5.32955e-12
-2.64783e-12
-2.61278e-12
-2.53941e-12
-2.42622e-12
7.23002e-09
1.05304e-09
1.85623e-08
4.16262e-08
5.70572e-09
2.00539e-09
4.26203e-10
1.4575e-09
1.39266e-09
-1.63493e-09
-4.11928e-09
-5.64796e-09
-9.54088e-10
-2.40114e-09
-3.54965e-09
-4.29675e-09
-1.36544e-09
-1.88909e-09
-2.29776e-09
-2.56488e-09
-1.21033e-09
-1.36553e-09
-1.47646e-09
-1.54679e-09
-9.62698e-10
-9.90215e-10
-9.94532e-10
-9.9216e-10
-7.38077e-10
-7.24742e-10
-6.96892e-10
-6.72019e-10
-5.57036e-10
-5.33775e-10
-5.00737e-10
-4.72311e-10
-4.17061e-10
-3.94448e-10
-3.64968e-10
-3.39451e-10
-3.10813e-10
-2.91895e-10
-2.68026e-10
-2.47076e-10
-2.3093e-10
-2.16055e-10
-1.97555e-10
-1.81074e-10
-1.71199e-10
-1.59852e-10
-1.45829e-10
-1.33163e-10
-1.26688e-10
-1.18171e-10
-1.07671e-10
-9.80724e-11
-9.35894e-11
-8.72556e-11
-7.94509e-11
-7.22423e-11
-6.90011e-11
-6.43186e-11
-5.85462e-11
-5.31688e-11
-5.0731e-11
-4.7286e-11
-4.30355e-11
-3.90479e-11
-3.71304e-11
-3.46096e-11
-3.14964e-11
-2.85591e-11
-2.69604e-11
-2.51312e-11
-2.28701e-11
-2.07268e-11
-1.92887e-11
-1.79809e-11
-1.6363e-11
-1.48238e-11
-1.34085e-11
-1.25e-11
-1.13753e-11
-1.03022e-11
-8.78085e-12
-8.18629e-12
-7.44964e-12
-6.74499e-12
-5.03561e-12
-4.69506e-12
-4.27197e-12
-3.86423e-12
-2.29312e-12
-2.13841e-12
-1.94256e-12
-1.74056e-12
)
;
    }
}


// ************************************************************************* //
