/*--------------------------------*- C++ -*----------------------------------*\
  =========                 |
  \\      /  F ield         | OpenFOAM: The Open Source CFD Toolbox
   \\    /   O peration     | Website:  https://openfoam.org
    \\  /    A nd           | Version:  6
     \\/     M anipulation  |
\*---------------------------------------------------------------------------*/
FoamFile
{
    version     2.0;
    format      ascii;
    class       volVectorField;
    location    "0.02";
    object      U;
}
// * * * * * * * * * * * * * * * * * * * * * * * * * * * * * * * * * * * * * //

dimensions      [0 1 -1 0 0 0 0];

internalField   nonuniform List<vector> 
1152
(
(-0.00305077 -0.00285562 0.00395826)
(0.00980229 -0.000670417 0.00208299)
(0.0309395 0.0082686 -0.00829356)
(0.0204125 0.0173137 -0.00144812)
(-0.00754269 -0.00739148 0.00394908)
(-0.00291545 -0.00335396 0.00416232)
(-0.00170498 0.00121256 0.000254943)
(-0.00120555 0.0197282 0.00025841)
(-0.0069924 0.000291604 0.00418931)
(-0.00525011 -0.000137625 0.00484708)
(-0.00560772 0.00471606 0.00392074)
(-0.00164179 0.00747658 0.00284103)
(-0.00683456 0.00408995 0.00171114)
(0.00309901 0.00471795 0.000289056)
(-0.00438441 0.0028915 0.00519944)
(0.00594747 -0.00899891 0.0061658)
(-0.000354073 -0.00205163 0.00391779)
(0.000966146 -0.0015357 0.00171049)
(0.0010802 -0.000366839 -0.000155354)
(-0.00063538 0.000526337 0.0153398)
(-0.00129985 -0.00147564 0.00651914)
(-0.00144542 -0.00174407 0.00444456)
(-0.00185689 -0.00108949 0.0068487)
(-0.00158679 0.00160035 0.0122345)
(-0.00245076 0.00022394 0.00389288)
(-0.00242707 -3.61966e-06 0.00461571)
(-0.00249137 0.00042102 0.00723385)
(-0.00114663 0.00152134 0.0103911)
(-0.00248921 0.000998628 0.00193576)
(-0.00185583 0.00134605 0.00389477)
(-0.00153121 0.00143894 0.00542443)
(0.000649274 0.00131542 0.0077862)
(0.000613469 -0.00137146 0.00346677)
(-0.000197766 -0.00116969 0.00303216)
(-0.00109012 -0.00108209 0.003618)
(-0.00156909 -0.00129823 0.00633784)
(0.000501473 -0.00062442 0.00413061)
(-0.00045546 -0.000755637 0.00376666)
(-0.00130408 -0.000649023 0.00464368)
(-0.00144041 -0.000227208 0.00614528)
(5.99385e-05 0.000171616 0.0034649)
(-0.000721727 1.01299e-05 0.00371811)
(-0.00128929 0.000141949 0.0045986)
(-0.00130878 0.00051051 0.00556787)
(-9.08514e-05 9.34435e-05 0.00264765)
(-0.000626885 0.000269429 0.00315537)
(-0.000903204 0.000551546 0.00373329)
(-0.00108922 0.000836602 0.00402932)
(0.000532667 -0.000823007 0.00423151)
(-0.000102029 -0.000741097 0.0041314)
(-0.000633124 -0.000756752 0.00453135)
(-0.00086389 -0.000926239 0.0052641)
(0.00054886 -0.000449139 0.00449975)
(-0.000105554 -0.000477538 0.00437632)
(-0.000636464 -0.000456547 0.00474434)
(-0.000835075 -0.000407324 0.00532784)
(0.000414138 -0.000125863 0.00425588)
(-0.00016444 -0.000178002 0.0042885)
(-0.000616147 -0.000122804 0.00463407)
(-0.000852149 -5.04758e-05 0.00508887)
(0.000355792 -0.00021316 0.00393003)
(-0.000126471 -0.000145887 0.00402544)
(-0.000515028 -1.50728e-05 0.00425118)
(-0.000890659 7.59806e-05 0.00450875)
(0.000358964 -0.000521176 0.00464316)
(3.99059e-06 -0.000490413 0.00460333)
(-0.000280826 -0.000500672 0.00476843)
(-0.000447439 -0.000580959 0.00502788)
(0.000373798 -0.000379595 0.00477648)
(1.41373e-05 -0.000381561 0.0047216)
(-0.000282298 -0.000376733 0.0048758)
(-0.000452323 -0.000386695 0.00512366)
(0.00034331 -0.000263922 0.00471643)
(3.68854e-06 -0.000273019 0.0047022)
(-0.000282336 -0.000255379 0.00484867)
(-0.000477376 -0.000253171 0.00507463)
(0.000334122 -0.00030091 0.00462205)
(1.9042e-05 -0.000274552 0.00462111)
(-0.000263478 -0.00023206 0.00472872)
(-0.00051644 -0.000217499 0.00491632)
(0.000240612 -0.000356882 0.00490378)
(4.70629e-05 -0.000344151 0.00487616)
(-0.000114806 -0.000347367 0.00494051)
(-0.000232044 -0.00038055 0.0050451)
(0.000248617 -0.000315387 0.00498523)
(5.26648e-05 -0.00031241 0.0049524)
(-0.000117404 -0.000311031 0.00501599)
(-0.000238188 -0.000321567 0.00512979)
(0.00024556 -0.000279727 0.0049971)
(5.24357e-05 -0.00027794 0.00497385)
(-0.000120213 -0.000272229 0.00503647)
(-0.000250839 -0.000277395 0.00515226)
(0.00024877 -0.000294973 0.00499404)
(5.94437e-05 -0.000282799 0.00497235)
(-0.000117979 -0.000268744 0.00502493)
(-0.000268655 -0.000267906 0.0051381)
(0.000165906 -0.000255877 0.00507735)
(5.64675e-05 -0.000249176 0.00505486)
(-4.06063e-05 -0.000248861 0.00507781)
(-0.000118308 -0.000261026 0.00512229)
(0.000171075 -0.00025205 0.00513524)
(6.01839e-05 -0.000248634 0.00511142)
(-4.0831e-05 -0.00024699 0.00513625)
(-0.000120203 -0.000250972 0.00519067)
(0.000173432 -0.000245549 0.00516834)
(6.23082e-05 -0.000242084 0.00514649)
(-4.12483e-05 -0.000238618 0.00517223)
(-0.000123682 -0.000239932 0.0052316)
(0.000177687 -0.000253416 0.0051954)
(6.6792e-05 -0.000246584 0.00517304)
(-3.98101e-05 -0.000239679 0.00519683)
(-0.000128486 -0.000237483 0.00525898)
(0.000117058 -0.000187063 0.00519494)
(5.28026e-05 -0.000182537 0.00517674)
(-7.09442e-06 -0.000180527 0.00518253)
(-5.73794e-05 -0.000183563 0.00520001)
(0.000120964 -0.000195665 0.00523879)
(5.61066e-05 -0.000192516 0.00522046)
(-5.25577e-06 -0.000190104 0.00522848)
(-5.6097e-05 -0.000189717 0.00525393)
(0.000123861 -0.000199057 0.00527388)
(5.88536e-05 -0.000195807 0.00525586)
(-3.56351e-06 -0.00019249 0.00526487)
(-5.48509e-05 -0.000190556 0.00529419)
(0.000127207 -0.000204094 0.0053069)
(6.24556e-05 -0.000199664 0.00528826)
(-9.71091e-07 -0.000194692 0.00529698)
(-5.37058e-05 -0.000190611 0.00532846)
(8.39461e-05 -0.000137665 0.00527538)
(4.50607e-05 -0.000134144 0.00526096)
(7.44449e-06 -0.000131493 0.00525949)
(-2.50361e-05 -0.000130785 0.00526332)
(8.70901e-05 -0.000148965 0.00530909)
(4.81808e-05 -0.000146181 0.00529485)
(1.02686e-05 -0.000143394 0.00529541)
(-2.22332e-05 -0.000141015 0.00530578)
(8.96212e-05 -0.000154989 0.00533985)
(5.09681e-05 -0.000152239 0.00532557)
(1.29577e-05 -0.000148992 0.00532684)
(-1.91078e-05 -0.000145649 0.00533992)
(9.20687e-05 -0.000158644 0.00537015)
(5.40255e-05 -0.000155528 0.00535537)
(1.61005e-05 -0.000151472 0.00535653)
(-1.58552e-05 -0.000146875 0.00537071)
(6.08818e-05 -0.000101441 0.00533088)
(3.67752e-05 -9.85808e-05 0.00531956)
(1.27931e-05 -9.58824e-05 0.00531511)
(-8.36936e-06 -9.38463e-05 0.00531173)
(6.34377e-05 -0.000111967 0.00535678)
(3.96054e-05 -0.000109581 0.00534572)
(1.58098e-05 -0.000106839 0.00534307)
(-5.15532e-06 -0.000103878 0.00534546)
(6.54965e-05 -0.000117991 0.00538174)
(4.21513e-05 -0.000115744 0.00537057)
(1.86864e-05 -0.00011279 0.00536841)
(-1.63546e-06 -0.000109227 0.00537283)
(6.72832e-05 -0.000120792 0.00540682)
(4.47026e-05 -0.000118522 0.00539527)
(2.17528e-05 -0.000115215 0.00539293)
(1.95299e-06 -0.00011097 0.00539784)
(4.44935e-05 -7.46961e-05 0.00536941)
(2.92437e-05 -7.23761e-05 0.00536055)
(1.37214e-05 -6.99295e-05 0.00535503)
(-2.55494e-07 -6.76285e-05 0.00534785)
(4.65487e-05 -8.34519e-05 0.00538925)
(3.16831e-05 -8.1469e-05 0.00538067)
(1.65052e-05 -7.90202e-05 0.00537684)
(2.78815e-06 -7.61645e-05 0.00537509)
(4.8181e-05 -8.86388e-05 0.00540875)
(3.38621e-05 -8.68428e-05 0.00540006)
(1.91449e-05 -8.43248e-05 0.0053966)
(6.03753e-06 -8.11043e-05 0.00539656)
(4.94964e-05 -9.08277e-05 0.00542851)
(3.59267e-05 -8.91543e-05 0.00541953)
(2.18181e-05 -8.65301e-05 0.00541587)
(9.26116e-06 -8.2972e-05 0.00541607)
(3.26795e-05 -5.49344e-05 0.00539632)
(2.28585e-05 -5.30813e-05 0.00538936)
(1.26563e-05 -5.10039e-05 0.00538365)
(3.28332e-06 -4.88768e-05 0.00537455)
(3.43059e-05 -6.18535e-05 0.00541151)
(2.48755e-05 -6.0251e-05 0.00540487)
(1.50332e-05 -5.81927e-05 0.00540081)
(5.91243e-06 -5.57181e-05 0.00539701)
(3.55803e-05 -6.60479e-05 0.00542643)
(2.66606e-05 -6.4639e-05 0.00541971)
(1.72701e-05 -6.25891e-05 0.00541599)
(8.65572e-06 -5.99012e-05 0.0054138)
(3.65541e-05 -6.77668e-05 0.00544159)
(2.82866e-05 -6.65311e-05 0.00543464)
(1.94574e-05 -6.45004e-05 0.00543076)
(1.13102e-05 -6.16713e-05 0.00542875)
(2.40751e-05 -4.03515e-05 0.00541523)
(1.76464e-05 -3.88963e-05 0.00540973)
(1.08387e-05 -3.72044e-05 0.00540422)
(4.45859e-06 -3.54019e-05 0.0053942)
(2.53424e-05 -4.56749e-05 0.0054269)
(1.92631e-05 -4.44089e-05 0.00542175)
(1.27755e-05 -4.27464e-05 0.0054179)
(6.61314e-06 -4.07212e-05 0.00541318)
(2.63251e-05 -4.89611e-05 0.00543818)
(2.06815e-05 -4.78729e-05 0.005433)
(1.45842e-05 -4.62555e-05 0.00542952)
(8.81864e-06 -4.41107e-05 0.0054264)
(2.70475e-05 -5.03098e-05 0.00544964)
(2.19362e-05 -4.93989e-05 0.00544429)
(1.63074e-05 -4.78558e-05 0.00544069)
(1.09079e-05 -4.56738e-05 0.00543779)
(1.77635e-05 -2.96075e-05 0.0054286)
(1.3492e-05 -2.84818e-05 0.00542421)
(8.88439e-06 -2.71424e-05 0.00541904)
(4.48243e-06 -2.56855e-05 0.00540866)
(1.8738e-05 -3.36414e-05 0.00543762)
(1.47586e-05 -3.26589e-05 0.00543364)
(1.04153e-05 -3.1352e-05 0.00543016)
(6.19054e-06 -2.97506e-05 0.00542511)
(1.94878e-05 -3.61704e-05 0.00544611)
(1.58614e-05 -3.53404e-05 0.00544213)
(1.1835e-05 -3.40913e-05 0.00543906)
(7.91185e-06 -3.24262e-05 0.00543565)
(2.00232e-05 -3.7225e-05 0.00545469)
(1.68153e-05 -3.6555e-05 0.0054506)
(1.31607e-05 -3.53969e-05 0.00544747)
(9.5143e-06 -3.37446e-05 0.00544434)
(1.31111e-05 -2.1701e-05 0.0054381)
(1.02344e-05 -2.0841e-05 0.00543456)
(7.07595e-06 -1.98019e-05 0.00542975)
(4.00372e-06 -1.86584e-05 0.00541928)
(1.38522e-05 -2.4729e-05 0.00544515)
(1.12099e-05 -2.39773e-05 0.00544206)
(8.26107e-06 -2.29693e-05 0.005439)
(5.32804e-06 -2.17312e-05 0.0054339)
(1.44191e-05 -2.66536e-05 0.00545154)
(1.20539e-05 -2.60269e-05 0.00544849)
(9.35328e-06 -2.50768e-05 0.00544587)
(6.64575e-06 -2.38068e-05 0.00544247)
(1.4815e-05 -2.74742e-05 0.00545794)
(1.27713e-05 -2.69825e-05 0.00545481)
(1.03575e-05 -2.61205e-05 0.00545218)
(7.8554e-06 -2.48838e-05 0.00544914)
(9.66977e-06 -1.58848e-05 0.00544488)
(7.70947e-06 -1.52345e-05 0.00544199)
(5.52095e-06 -1.44405e-05 0.00543751)
(3.35715e-06 -1.35607e-05 0.00542708)
(1.02281e-05 -1.81427e-05 0.00545048)
(8.4509e-06 -1.7574e-05 0.00544808)
(6.42442e-06 -1.68077e-05 0.00544539)
(4.36758e-06 -1.58654e-05 0.00544037)
(1.06532e-05 -1.95955e-05 0.00545529)
(9.08906e-06 -1.91263e-05 0.00545296)
(7.25277e-06 -1.84116e-05 0.00545076)
(5.36281e-06 -1.7455e-05 0.0054475)
(1.09451e-05 -2.02301e-05 0.00546006)
(9.62421e-06 -1.987e-05 0.00545767)
(8.00529e-06 -1.92324e-05 0.00545552)
(6.26632e-06 -1.83138e-05 0.00545267)
(7.1164e-06 -1.16029e-05 0.00544975)
(5.76773e-06 -1.11158e-05 0.00544734)
(4.2387e-06 -1.05165e-05 0.00544315)
(2.70495e-06 -9.8497e-06 0.00543281)
(7.53342e-06 -1.32771e-05 0.00545428)
(6.32507e-06 -1.2851e-05 0.00545239)
(4.91912e-06 -1.2275e-05 0.00545002)
(3.46628e-06 -1.15666e-05 0.00544514)
(7.84985e-06 -1.43661e-05 0.00545792)
(6.80277e-06 -1.40174e-05 0.00545613)
(5.54033e-06 -1.34845e-05 0.00545429)
(4.2101e-06 -1.27709e-05 0.00545121)
(8.06431e-06 -1.48531e-05 0.00546147)
(7.19922e-06 -1.45901e-05 0.00545966)
(6.09948e-06 -1.41209e-05 0.00545789)
(4.87952e-06 -1.34429e-05 0.00545527)
(5.21503e-06 -8.443e-06 0.00545323)
(4.28106e-06 -8.08162e-06 0.00545119)
(3.20746e-06 -7.63447e-06 0.00544724)
(2.11702e-06 -7.13564e-06 0.005437)
(5.52379e-06 -9.67639e-06 0.00545698)
(4.69563e-06 -9.36028e-06 0.00545548)
(3.71418e-06 -8.93199e-06 0.00545338)
(2.68415e-06 -8.4052e-06 0.00544864)
(5.75744e-06 -1.04865e-05 0.00545977)
(5.04976e-06 -1.02293e-05 0.00545839)
(4.17524e-06 -9.83559e-06 0.00545685)
(3.2347e-06 -9.3081e-06 0.00545394)
(5.91419e-06 -1.08567e-05 0.00546243)
(5.34134e-06 -1.06653e-05 0.00546104)
(4.58732e-06 -1.0322e-05 0.0054596)
(3.72685e-06 -9.8248e-06 0.00545719)
(3.79138e-06 -6.09948e-06 0.00545573)
(3.14334e-06 -5.83447e-06 0.00545396)
(2.38939e-06 -5.50522e-06 0.00545019)
(1.61549e-06 -5.13734e-06 0.00544005)
(4.01744e-06 -6.9997e-06 0.00545891)
(3.44792e-06 -6.76791e-06 0.0054577)
(2.76199e-06 -6.45341e-06 0.00545581)
(2.0326e-06 -6.06666e-06 0.00545119)
(4.18815e-06 -7.59593e-06 0.00546107)
(3.70742e-06 -7.40822e-06 0.00546)
(3.10008e-06 -7.12046e-06 0.00545869)
(2.43544e-06 -6.73489e-06 0.00545593)
(4.3018e-06 -7.8737e-06 0.00546308)
(3.91977e-06 -7.73541e-06 0.00546201)
(3.40065e-06 -7.48634e-06 0.00546082)
(2.79367e-06 -7.12505e-06 0.0054586)
(2.71544e-06 -4.34513e-06 0.00545751)
(2.26845e-06 -4.15418e-06 0.00545594)
(1.7431e-06 -3.91629e-06 0.00545231)
(1.19916e-06 -3.65028e-06 0.00544225)
(2.87813e-06 -4.99186e-06 0.00546028)
(2.48822e-06 -4.82487e-06 0.00545928)
(2.01212e-06 -4.5981e-06 0.00545755)
(1.50037e-06 -4.31935e-06 0.00545304)
(3.00077e-06 -5.42321e-06 0.00546199)
(2.6751e-06 -5.28846e-06 0.00546114)
(2.25568e-06 -5.08168e-06 0.00546001)
(1.79008e-06 -4.80462e-06 0.00545738)
(3.08198e-06 -5.62751e-06 0.00546353)
(2.82729e-06 -5.52897e-06 0.00546269)
(2.47135e-06 -5.35096e-06 0.0054617)
(2.04668e-06 -5.09243e-06 0.00545962)
(1.88933e-06 -3.00994e-06 0.00545875)
(1.58736e-06 -2.87655e-06 0.00545732)
(1.22952e-06 -2.71008e-06 0.0054538)
(8.56466e-07 -2.52393e-06 0.0054438)
(2.0029e-06 -3.46096e-06 0.00546124)
(1.74107e-06 -3.34432e-06 0.00546039)
(1.41776e-06 -3.18589e-06 0.00545878)
(1.06725e-06 -2.99122e-06 0.00545434)
(2.0884e-06 -3.7635e-06 0.00546263)
(1.87156e-06 -3.66963e-06 0.00546194)
(1.58786e-06 -3.52549e-06 0.00546094)
(1.26933e-06 -3.33239e-06 0.0054584)
(2.14477e-06 -3.90874e-06 0.00546383)
(1.97746e-06 -3.84047e-06 0.00546317)
(1.73806e-06 -3.71687e-06 0.00546231)
(1.44778e-06 -3.53717e-06 0.00546034)
(1.24038e-06 -1.96579e-06 0.00545958)
(1.04666e-06 -1.87807e-06 0.00545825)
(8.15646e-07 -1.76854e-06 0.0054548)
(5.73534e-07 -1.64617e-06 0.00544485)
(1.31506e-06 -2.26183e-06 0.00546188)
(1.14782e-06 -2.18514e-06 0.00546114)
(9.39532e-07 -2.08102e-06 0.00545961)
(7.1223e-07 -1.95319e-06 0.00545522)
(1.37122e-06 -2.4613e-06 0.00546306)
(1.23358e-06 -2.39971e-06 0.00546248)
(1.05131e-06 -2.30513e-06 0.00546157)
(8.44865e-07 -2.17846e-06 0.0054591)
(1.4081e-06 -2.55809e-06 0.00546403)
(1.30299e-06 -2.5135e-06 0.00546348)
(1.14979e-06 -2.43262e-06 0.00546273)
(9.61753e-07 -2.31494e-06 0.00546083)
(7.26429e-07 -1.12517e-06 0.0054601)
(6.16148e-07 -1.07413e-06 0.00545883)
(4.8384e-07 -1.01074e-06 0.00545543)
(3.44607e-07 -9.40449e-07 0.0054455)
(7.69978e-07 -1.29513e-06 0.00546227)
(6.74879e-07 -1.2506e-06 0.0054616)
(5.5546e-07 -1.1904e-06 0.00546012)
(4.24412e-07 -1.11679e-06 0.00545577)
(8.02621e-07 -1.41002e-06 0.00546332)
(7.24507e-07 -1.37442e-06 0.00546281)
(6.19988e-07 -1.3199e-06 0.00546196)
(5.00712e-07 -1.24697e-06 0.00545953)
(8.23902e-07 -1.46624e-06 0.00546415)
(7.64473e-07 -1.44067e-06 0.00546368)
(6.76655e-07 -1.39427e-06 0.00546298)
(5.67864e-07 -1.32668e-06 0.00546114)
(3.78171e-07 -5.11817e-07 0.00546038)
(3.25019e-07 -4.85914e-07 0.00545915)
(2.59461e-07 -4.53799e-07 0.00545577)
(1.88688e-07 -4.18015e-07 0.00544587)
(4.00112e-07 -5.88909e-07 0.00546249)
(3.54278e-07 -5.66984e-07 0.00546185)
(2.95179e-07 -5.37576e-07 0.00546041)
(2.28799e-07 -5.01492e-07 0.00545608)
(4.16199e-07 -6.41085e-07 0.00546346)
(3.78204e-07 -6.24108e-07 0.005463)
(3.26231e-07 -5.98404e-07 0.00546218)
(2.65725e-07 -5.63919e-07 0.00545978)
(4.26268e-07 -6.66579e-07 0.00546422)
(3.96786e-07 -6.5496e-07 0.00546379)
(3.52557e-07 -6.33837e-07 0.00546313)
(2.972e-07 -6.02886e-07 0.00546132)
(0.0215543 -0.000467118 -0.0184767)
(0.00595254 0.00445455 0.000572773)
(-0.00216256 0.00274631 0.00357806)
(-0.00138762 -0.000910919 -0.000245636)
(-0.00535003 -0.00663316 0.000538628)
(-0.00879177 0.00936251 0.00431415)
(-0.00824063 0.0044586 0.00272888)
(0.000509226 -0.0018841 0.000341287)
(-0.00276471 -0.000629357 0.00332338)
(-0.00138579 0.00823693 0.00360594)
(0.00370286 0.0107802 0.00071635)
(0.00323562 0.00748641 0.00249868)
(-0.00510375 0.00182946 0.00281637)
(0.00785795 0.00537966 0.00245943)
(0.0373028 0.00556917 -0.00792589)
(0.0068938 0.0246747 0.00534836)
(-1.90681e-06 -0.00146779 -0.00314272)
(-0.00138442 0.000149231 0.0118514)
(-0.000922224 0.000134511 0.00359862)
(-0.000570023 -0.000534012 -0.00278439)
(-0.00212574 -0.00288127 0.00116752)
(-0.00230545 0.00113403 0.00669706)
(-0.00114994 0.000725434 0.00290566)
(-0.000785174 -0.00110182 -0.00322692)
(-0.00153166 -0.00131694 0.00210836)
(-0.000799781 0.00157025 0.00332651)
(0.000399498 0.00152055 0.00309036)
(-0.000602323 -0.00108071 0.00172636)
(-0.00100444 -0.00111718 0.00242048)
(0.000968928 0.000503079 0.00131896)
(0.00232184 0.00086449 0.000600661)
(-0.000523628 -0.000151372 0.00820933)
(-0.000399628 -0.000563841 0.00101891)
(-0.000847987 -4.88918e-05 0.0040283)
(7.27596e-05 -2.31427e-05 0.00298549)
(-0.000886875 -0.00130441 0.00168959)
(-0.000399428 -0.00112648 0.00200269)
(-0.000831856 -2.30309e-06 0.00359928)
(-0.00016743 -0.000418207 0.00302965)
(-0.000699173 -0.00202214 0.0021341)
(-7.94135e-05 -0.00110245 0.00234529)
(-0.00053911 -0.000259564 0.00300216)
(-0.00034349 -0.000769792 0.00329089)
(-0.000793117 -0.00234493 0.0034084)
(0.000323049 -0.00131191 0.00261711)
(-0.000231134 -0.000806963 0.00262797)
(-0.000600527 -0.00107175 0.00325278)
(-0.00110683 -0.00215998 0.0047669)
(6.17214e-05 -0.000218153 0.00298153)
(-0.000345881 -0.000106196 0.00392501)
(-0.000123267 -0.000169368 0.00367581)
(-0.000652324 -0.000780369 0.00318122)
(0.000112689 -0.000531996 0.00328563)
(-0.000320337 -0.000249761 0.00386919)
(-0.000207862 -0.000463164 0.00382703)
(-0.000555673 -0.00110514 0.00362325)
(0.000246808 -0.000707079 0.00350522)
(-0.000246651 -0.000482019 0.00380428)
(-0.000338996 -0.000716407 0.00405013)
(-0.000577569 -0.00128114 0.00419132)
(0.000411753 -0.000875844 0.003787)
(-0.000153729 -0.000727005 0.00385129)
(-0.000482529 -0.000859151 0.00424966)
(-0.000683959 -0.0012627 0.00469025)
(0.000166844 -0.00010158 0.00388155)
(-0.000127348 -9.04529e-05 0.00418297)
(-0.000155897 -0.000160317 0.00418496)
(-0.000411754 -0.00045452 0.00412819)
(0.00019173 -0.000299097 0.0040579)
(-0.000109454 -0.000236113 0.00425972)
(-0.000173447 -0.000335956 0.00432796)
(-0.000364428 -0.00060288 0.0043527)
(0.000247374 -0.000445009 0.00421928)
(-7.51642e-05 -0.000386433 0.00432671)
(-0.00021096 -0.000476422 0.00447259)
(-0.00036353 -0.000682724 0.00458597)
(0.000312061 -0.000548072 0.0044133)
(-2.87921e-05 -0.000504799 0.00443341)
(-0.000243541 -0.000553075 0.00460583)
(-0.000382554 -0.000689778 0.00477651)
(0.000149379 -5.6923e-05 0.00438596)
(-4.33948e-05 -6.38015e-05 0.00446927)
(-0.000125856 -0.000118713 0.00450797)
(-0.000254345 -0.000264773 0.0045413)
(0.000164465 -0.000186597 0.00452653)
(-2.68405e-05 -0.000174723 0.00458291)
(-0.000119472 -0.000223794 0.0046392)
(-0.000229693 -0.00033886 0.0046912)
(0.000191823 -0.000287907 0.00464985)
(-2.33266e-06 -0.000271905 0.00467542)
(-0.000118184 -0.000306812 0.00474882)
(-0.000220064 -0.000385025 0.00482)
(0.000220608 -0.000355328 0.00477633)
(2.75445e-05 -0.000341646 0.00476999)
(-0.000111784 -0.000358124 0.00484069)
(-0.000211639 -0.000402447 0.004916)
(0.000113148 -3.52747e-05 0.00468666)
(-9.3066e-06 -4.20353e-05 0.00470037)
(-8.41407e-05 -8.02378e-05 0.00472814)
(-0.000155872 -0.000159201 0.00476761)
(0.000123674 -0.000122276 0.00481388)
(4.80572e-06 -0.000120947 0.00481977)
(-7.22952e-05 -0.000147543 0.00484959)
(-0.000140082 -0.000202638 0.00488693)
(0.000139828 -0.000192114 0.00491265)
(2.31445e-05 -0.000186817 0.00490892)
(-6.11443e-05 -0.000201883 0.00494106)
(-0.000128794 -0.000234704 0.00497937)
(0.00015534 -0.000240686 0.00499869)
(4.37123e-05 -0.000235047 0.00498359)
(-4.65423e-05 -0.000240438 0.00501008)
(-0.00011476 -0.000254102 0.00504313)
(8.20242e-05 -2.30476e-05 0.00487508)
(4.18362e-06 -2.72394e-05 0.00486758)
(-5.18706e-05 -5.25264e-05 0.0048787)
(-9.55133e-05 -9.82879e-05 0.00490264)
(8.97286e-05 -8.25629e-05 0.00499548)
(1.54469e-05 -8.26743e-05 0.00498528)
(-4.03969e-05 -9.80176e-05 0.00499437)
(-8.39427e-05 -0.000126988 0.00501042)
(0.00010044 -0.000131681 0.00507883)
(2.90673e-05 -0.00012897 0.00506647)
(-2.86238e-05 -0.000136025 0.00507624)
(-7.34962e-05 -0.000151025 0.00509048)
(0.000110257 -0.000168225 0.00514147)
(4.36406e-05 -0.000164725 0.00512565)
(-1.46722e-05 -0.000165839 0.00513254)
(-6.01729e-05 -0.000168747 0.005143)
(5.88858e-05 -1.55526e-05 0.00499764)
(8.82536e-06 -1.76988e-05 0.00498434)
(-3.05284e-05 -3.40826e-05 0.00498322)
(-5.87193e-05 -6.20644e-05 0.00499139)
(6.46393e-05 -5.69859e-05 0.00511403)
(1.75221e-05 -5.67982e-05 0.00509949)
(-2.09405e-05 -6.59223e-05 0.00509551)
(-4.97442e-05 -8.24042e-05 0.00509455)
(7.21986e-05 -9.21601e-05 0.00518783)
(2.76115e-05 -9.00596e-05 0.00517404)
(-1.09531e-05 -9.34038e-05 0.00517187)
(-4.09239e-05 -0.000100764 0.00516999)
(7.90342e-05 -0.000119903 0.00523655)
(3.81378e-05 -0.000117063 0.00522256)
(4.07448e-07 -0.000116397 0.00522048)
(-2.9858e-05 -0.000115583 0.00521791)
(4.23463e-05 -1.07271e-05 0.00507964)
(9.64624e-06 -1.16186e-05 0.00506538)
(-1.73921e-05 -2.21573e-05 0.00505657)
(-3.63116e-05 -3.9927e-05 0.00505295)
(4.66765e-05 -3.9983e-05 0.00519358)
(1.62609e-05 -3.94103e-05 0.00517852)
(-9.8064e-06 -4.4891e-05 0.00516686)
(-2.92706e-05 -5.48203e-05 0.00515414)
(5.21776e-05 -6.54567e-05 0.00526139)
(2.37478e-05 -6.35796e-05 0.00524837)
(-1.90406e-06 -6.50423e-05 0.00523983)
(-2.21516e-05 -6.88365e-05 0.00522765)
(5.71615e-05 -8.64354e-05 0.00530141)
(3.1451e-05 -8.39641e-05 0.00528969)
(6.87341e-06 -8.26025e-05 0.00528346)
(-1.34181e-05 -8.06741e-05 0.00527325)
(3.06137e-05 -7.51259e-06 0.00513567)
(8.90421e-06 -7.72042e-06 0.00512187)
(-9.60989e-06 -1.45029e-05 0.00510851)
(-2.26248e-05 -2.6098e-05 0.00509697)
(3.38784e-05 -2.83883e-05 0.00524807)
(1.38975e-05 -2.76201e-05 0.00523363)
(-3.75797e-06 -3.09152e-05 0.00521757)
(-1.71343e-05 -3.71425e-05 0.00519722)
(3.79377e-05 -4.6947e-05 0.00531201)
(1.94639e-05 -4.52754e-05 0.00530025)
(2.32015e-06 -4.5764e-05 0.00528833)
(-1.15392e-05 -4.77801e-05 0.00526975)
(4.164e-05 -6.27001e-05 0.00534635)
(2.5144e-05 -6.05778e-05 0.00533664)
(8.96328e-06 -5.90457e-05 0.00532854)
(-4.81182e-06 -5.69857e-05 0.00531391)
(2.22574e-05 -5.31764e-06 0.00517456)
(7.62243e-06 -5.18982e-06 0.00516153)
(-5.11453e-06 -9.5771e-06 0.00514554)
(-1.42194e-05 -1.72986e-05 0.00512892)
(2.4716e-05 -2.03242e-05 0.00528597)
(1.13739e-05 -1.95222e-05 0.00527237)
(-6.62497e-07 -2.14988e-05 0.00525384)
(-9.9827e-06 -2.55177e-05 0.00522868)
(2.77279e-05 -3.38832e-05 0.00534735)
(1.55154e-05 -3.24474e-05 0.00533678)
(3.94857e-06 -3.24513e-05 0.00532309)
(-5.66121e-06 -3.35384e-05 0.00530061)
(3.04941e-05 -4.56358e-05 0.0053778)
(1.97184e-05 -4.38677e-05 0.00536973)
(8.92947e-06 -4.24182e-05 0.00536088)
(-5.49057e-07 -4.05777e-05 0.00534373)
(1.62597e-05 -3.79175e-06 0.00520188)
(6.25789e-06 -3.52433e-06 0.00518958)
(-2.57403e-06 -6.38446e-06 0.0051721)
(-9.02053e-06 -1.16094e-05 0.00515228)
(1.81066e-05 -1.46338e-05 0.00531263)
(9.06565e-06 -1.38916e-05 0.00529982)
(7.82989e-07 -1.50742e-05 0.00527991)
(-5.78505e-06 -1.77241e-05 0.00525176)
(2.03444e-05 -2.45515e-05 0.00537225)
(1.21454e-05 -2.33613e-05 0.00536269)
(4.25301e-06 -2.3149e-05 0.00534811)
(-2.48805e-06 -2.37368e-05 0.00532327)
(2.24113e-05 -3.32747e-05 0.0054)
(1.52582e-05 -3.18432e-05 0.00539321)
(7.9684e-06 -3.05838e-05 0.00538413)
(1.3631e-06 -2.90599e-05 0.00536561)
(1.19199e-05 -2.71736e-06 0.00522124)
(5.00325e-06 -2.41414e-06 0.00520956)
(-1.17355e-06 -4.29604e-06 0.00519124)
(-5.77841e-06 -7.87804e-06 0.00516942)
(1.33029e-05 -1.05766e-05 0.00533155)
(7.09741e-06 -9.93588e-06 0.00531939)
(1.34159e-06 -1.06422e-05 0.00529872)
(-3.32953e-06 -1.24193e-05 0.00526873)
(1.49643e-05 -1.78332e-05 0.00538995)
(9.3843e-06 -1.68744e-05 0.00538118)
(3.93835e-06 -1.65892e-05 0.00536617)
(-8.36969e-07 -1.69052e-05 0.00533992)
(1.65056e-05 -2.4283e-05 0.00541576)
(1.16885e-05 -2.31507e-05 0.00540995)
(6.70001e-06 -2.21104e-05 0.00540092)
(2.0464e-06 -2.08993e-05 0.00538166)
(8.75696e-06 -1.95394e-06 0.00523505)
(3.92668e-06 -1.66573e-06 0.00522387)
(-4.27531e-07 -2.91618e-06 0.00520508)
(-3.73817e-06 -5.39839e-06 0.005182)
(9.78906e-06 -7.66247e-06 0.00534506)
(5.48336e-06 -7.13341e-06 0.00533343)
(1.44725e-06 -7.55482e-06 0.00531235)
(-1.8984e-06 -8.76344e-06 0.0052812)
(1.10204e-05 -1.29708e-05 0.00540259)
(7.17805e-06 -1.22154e-05 0.00539445)
(3.38184e-06 -1.19292e-05 0.00537926)
(-2.73976e-08 -1.20968e-05 0.00535217)
(1.21663e-05 -1.77255e-05 0.00542702)
(8.88117e-06 -1.68459e-05 0.00542196)
(5.42857e-06 -1.60149e-05 0.00541307)
(2.12102e-06 -1.50763e-05 0.00539343)
(6.43773e-06 -1.40773e-06 0.00524494)
(3.03826e-06 -1.15614e-06 0.00523416)
(-5.11159e-08 -1.99499e-06 0.00521512)
(-2.44165e-06 -3.73e-06 0.00519125)
(7.20507e-06 -5.55754e-06 0.00535475)
(4.19136e-06 -5.13388e-06 0.00534353)
(1.34e-06 -5.38527e-06 0.00532224)
(-1.06834e-06 -6.21684e-06 0.00529038)
(8.11544e-06 -9.43756e-06 0.00541166)
(5.44394e-06 -8.85265e-06 0.005404)
(2.77536e-06 -8.59765e-06 0.00538876)
(3.27652e-07 -8.6845e-06 0.00536116)
(8.96439e-06 -1.29332e-05 0.00543508)
(6.70005e-06 -1.22598e-05 0.0054306)
(4.28777e-06 -1.16114e-05 0.00542188)
(1.92162e-06 -1.08965e-05 0.00540207)
(4.72795e-06 -1.01463e-06 0.00525206)
(2.32249e-06 -8.05936e-07 0.00524158)
(1.20783e-07 -1.37349e-06 0.0052224)
(-1.60905e-06 -2.59391e-06 0.00519803)
(5.29593e-06 -4.02964e-06 0.00536172)
(3.17314e-06 -3.69811e-06 0.00535082)
(1.14812e-06 -3.84812e-06 0.00532943)
(-5.90256e-07 -4.42545e-06 0.00529711)
(5.96667e-06 -6.86062e-06 0.00541818)
(4.09572e-06 -6.41427e-06 0.00541089)
(2.20832e-06 -6.20136e-06 0.00539566)
(4.4525e-07 -6.24483e-06 0.00536776)
(6.59304e-06 -9.42279e-06 0.00544088)
(5.01924e-06 -8.91349e-06 0.00543683)
(3.32191e-06 -8.41673e-06 0.00542828)
(1.62251e-06 -7.87923e-06 0.00540841)
(3.46042e-06 -7.30029e-07 0.00525717)
(1.75418e-06 -5.63035e-07 0.00524692)
(1.82651e-07 -9.49536e-07 0.00522768)
(-1.0682e-06 -1.81085e-06 0.005203)
(3.87831e-06 -2.91472e-06 0.00536673)
(2.3782e-06 -2.66027e-06 0.00535608)
(9.36779e-07 -2.74983e-06 0.00533464)
(-3.17761e-07 -3.15297e-06 0.00530204)
(4.36996e-06 -4.97292e-06 0.00542287)
(3.0542e-06 -4.63687e-06 0.00541587)
(1.7153e-06 -4.46654e-06 0.00540067)
(4.45083e-07 -4.4871e-06 0.00537259)
(4.82948e-06 -6.84243e-06 0.00544505)
(3.72989e-06 -6.46174e-06 0.00544132)
(2.53102e-06 -6.087e-06 0.00543292)
(1.3095e-06 -5.68756e-06 0.00541304)
(2.51408e-06 -5.22427e-07 0.00526085)
(1.30628e-06 -3.92781e-07 0.00525077)
(1.87767e-07 -6.56712e-07 0.0052315)
(-7.12191e-07 -1.26388e-06 0.00520661)
(2.81872e-06 -2.09547e-06 0.00537033)
(1.75999e-06 -1.90392e-06 0.00535986)
(7.36335e-07 -1.95739e-06 0.00533841)
(-1.64887e-07 -2.23919e-06 0.00530563)
(3.17603e-06 -3.58133e-06 0.00542624)
(2.2511e-06 -3.33207e-06 0.00541945)
(1.30285e-06 -3.20029e-06 0.00540429)
(3.91608e-07 -3.2091e-06 0.0053761)
(3.51017e-06 -4.93487e-06 0.00544804)
(2.74141e-06 -4.6541e-06 0.00544455)
(1.89535e-06 -4.37595e-06 0.00543627)
(1.02063e-06 -4.08297e-06 0.0054164)
(1.80008e-06 -3.69302e-07 0.00526346)
(9.53304e-07 -2.71783e-07 0.00525351)
(1.65552e-07 -4.5124e-07 0.00523423)
(-4.73874e-07 -8.75485e-07 0.00520921)
(2.01865e-06 -1.487e-06 0.0053729)
(1.27814e-06 -1.3462e-06 0.00536256)
(5.5842e-07 -1.37806e-06 0.00534111)
(-8.11481e-08 -1.57367e-06 0.00530821)
(2.27438e-06 -2.54488e-06 0.00542864)
(1.62952e-06 -2.36373e-06 0.005422)
(9.64258e-07 -2.26507e-06 0.00540689)
(3.18283e-07 -2.26817e-06 0.00537864)
(2.51363e-06 -3.51075e-06 0.00545017)
(1.98003e-06 -3.3076e-06 0.00544686)
(1.38816e-06 -3.10547e-06 0.00543868)
(7.68949e-07 -2.89451e-06 0.00541883)
(1.25235e-06 -2.54326e-07 0.00526529)
(6.7289e-07 -1.83976e-07 0.00525544)
(1.31853e-07 -3.03734e-07 0.00523615)
(-3.10356e-07 -5.93261e-07 0.00521104)
(1.40461e-06 -1.02713e-06 0.00537469)
(8.98786e-07 -9.27286e-07 0.00536445)
(4.05139e-07 -9.46056e-07 0.00534301)
(-3.67693e-08 -1.07887e-06 0.00531004)
(1.58239e-06 -1.75956e-06 0.00543032)
(1.143e-06 -1.6322e-06 0.00542379)
(6.87452e-07 -1.56139e-06 0.00540871)
(2.41513e-07 -1.56195e-06 0.00538042)
(1.74876e-06 -2.42943e-06 0.00545166)
(1.38645e-06 -2.28712e-06 0.00544848)
(9.82064e-07 -2.1451e-06 0.00544037)
(5.55072e-07 -1.99791e-06 0.00542054)
(8.22308e-07 -1.65511e-07 0.00526652)
(4.47062e-07 -1.17975e-07 0.00525673)
(9.56534e-08 -1.93805e-07 0.00523745)
(-1.93109e-07 -3.80631e-07 0.00521229)
(9.22399e-07 -6.69826e-07 0.0053759)
(5.95327e-07 -6.03306e-07 0.00536573)
(2.75054e-07 -6.13775e-07 0.00534429)
(-1.33421e-08 -6.99013e-07 0.00531127)
(1.03899e-06 -1.14779e-06 0.00543145)
(7.55361e-07 -1.06358e-06 0.005425)
(4.60175e-07 -1.01603e-06 0.00540994)
(1.694e-07 -1.01556e-06 0.00538164)
(1.14809e-06 -1.58554e-06 0.00545266)
(9.14818e-07 -1.49176e-06 0.00544957)
(6.53199e-07 -1.39802e-06 0.00544151)
(3.75045e-07 -1.30137e-06 0.0054217)
(4.82449e-07 -9.44489e-08 0.00526728)
(2.68288e-07 -6.51308e-08 0.00525753)
(6.69516e-08 -1.06341e-07 0.00523825)
(-9.98946e-08 -2.11674e-07 0.00521306)
(5.41238e-07 -3.83837e-07 0.00537665)
(3.54708e-07 -3.44043e-07 0.00536652)
(1.71355e-07 -3.48333e-07 0.00534509)
(4.90469e-09 -3.95992e-07 0.00531204)
(6.09194e-07 -6.5679e-07 0.00543215)
(4.47454e-07 -6.07154e-07 0.00542575)
(2.78467e-07 -5.78562e-07 0.0054107)
(1.10742e-07 -5.77657e-07 0.00538238)
(6.72708e-07 -9.07235e-07 0.00545328)
(5.39803e-07 -8.52494e-07 0.00545024)
(3.90065e-07 -7.97809e-07 0.00544221)
(2.29747e-07 -7.42103e-07 0.00542241)
(2.52639e-07 -3.92562e-08 0.0052677)
(1.51343e-07 -2.06661e-08 0.00525798)
(5.4238e-08 -3.56601e-08 0.0052387)
(-2.54307e-08 -7.97312e-08 0.0052135)
(2.83951e-07 -1.72268e-07 0.00537705)
(1.94433e-07 -1.49562e-07 0.00536695)
(1.04387e-07 -1.48428e-07 0.00534553)
(2.3708e-08 -1.66746e-07 0.00531247)
(3.18817e-07 -2.98829e-07 0.00543253)
(2.40907e-07 -2.72642e-07 0.00542615)
(1.57735e-07 -2.56685e-07 0.00541113)
(7.63958e-08 -2.52422e-07 0.00538281)
(3.50835e-07 -4.13282e-07 0.00545361)
(2.86584e-07 -3.85479e-07 0.00545061)
(2.12678e-07 -3.57517e-07 0.00544261)
(1.34457e-07 -3.28228e-07 0.00542281)
(0.00783123 0.0179588 0.00568879)
(0.00473315 -0.000639172 0.00460044)
(0.00128268 -0.0021489 0.00228186)
(0.000508168 9.77101e-05 0.00124883)
(0.00362956 0.00888755 0.0055232)
(-0.00580681 0.000360133 -0.00159733)
(0.00183068 -0.00138666 0.00221209)
(0.00272251 0.00337422 0.00469599)
(0.00300034 0.00445547 0.00635003)
(0.000539611 -0.000893659 0.00206589)
(1.88618e-05 -0.00145499 0.000444184)
(-0.000110298 0.00486775 0.000546169)
(0.00825895 -0.00533028 0.00171721)
(0.00543279 -0.00256156 0.00175713)
(0.000753775 -0.00452847 -0.000721137)
(-0.00105999 0.018185 -0.00150997)
(0.000110136 -7.34047e-05 0.0145857)
(0.000390853 -0.00156943 0.0111218)
(-0.000113472 -0.0019365 0.00870756)
(-0.000739867 -0.00144502 0.00800503)
(0.00092134 0.000747104 0.0133346)
(0.00128045 -0.00034399 0.0117553)
(0.00092598 -0.00043398 0.00846518)
(0.000463316 0.000425792 0.0071608)
(0.00114681 0.0015655 0.0115411)
(0.00173877 0.000179587 0.011636)
(0.00162772 -0.000133977 0.011469)
(0.000730896 0.000639037 0.00596281)
(0.00151331 0.00142511 0.00832877)
(0.00190925 0.00033742 0.00968252)
(0.00139787 -0.000285645 0.0108109)
(0.000293243 0.0014282 0.00993753)
(-0.00109241 -0.00146329 0.00649432)
(-0.00090769 -0.0017966 0.0058322)
(-0.00111514 -0.00186039 0.00514098)
(-0.00140686 -0.00179172 0.00479278)
(-0.000669444 -0.000371993 0.0065278)
(-0.00026136 -0.000710801 0.00600537)
(-0.000267121 -0.000803196 0.00561454)
(-0.000350721 -0.000684668 0.00539717)
(-0.000757718 0.000302204 0.00605026)
(-0.000311551 -0.000319986 0.00592269)
(-7.92021e-05 -0.000730185 0.00570397)
(-0.000165955 -0.000886096 0.00468335)
(-0.00120211 0.000505984 0.00466867)
(-0.00094442 -0.000335749 0.00554797)
(-0.00064414 -0.00100861 0.00615269)
(-0.000351898 -0.00133433 0.00622622)
(-0.000788001 -0.00100025 0.00548272)
(-0.000751569 -0.00109881 0.00534287)
(-0.000798746 -0.00110827 0.00514644)
(-0.00087094 -0.00108206 0.00500426)
(-0.000704546 -0.000510839 0.00562214)
(-0.000573093 -0.000657864 0.00562227)
(-0.000483608 -0.00072356 0.0055636)
(-0.000421829 -0.000721209 0.00547609)
(-0.000820555 -0.000222355 0.00547937)
(-0.000657085 -0.000502636 0.00565276)
(-0.000426183 -0.000731235 0.00566467)
(-0.000288878 -0.000867685 0.00547392)
(-0.00112036 -0.000155234 0.00506533)
(-0.00104149 -0.000553751 0.00565658)
(-0.000722544 -0.000902454 0.00608404)
(-0.000314562 -0.00116047 0.00628422)
(-0.00048066 -0.00061786 0.00514679)
(-0.000484387 -0.00064402 0.00510749)
(-0.000498279 -0.000637578 0.00502668)
(-0.000514535 -0.000627105 0.00492268)
(-0.000471176 -0.00043652 0.00529704)
(-0.000442141 -0.000493325 0.00535458)
(-0.000387496 -0.000520882 0.00534509)
(-0.000325404 -0.000534847 0.00526866)
(-0.000533316 -0.000333117 0.00531396)
(-0.000484764 -0.000444353 0.00547011)
(-0.000359885 -0.000537658 0.00551689)
(-0.000236 -0.000605759 0.00542781)
(-0.000664987 -0.000316929 0.00524384)
(-0.000643063 -0.000469966 0.00557612)
(-0.000464177 -0.000606201 0.00580599)
(-0.000201983 -0.000715461 0.00586746)
(-0.000276774 -0.000395937 0.00510644)
(-0.000289234 -0.000394582 0.00508052)
(-0.000296442 -0.0003809 0.00502103)
(-0.000301725 -0.000370134 0.00492827)
(-0.000279982 -0.000340035 0.00522587)
(-0.000282458 -0.000357062 0.0052598)
(-0.00025771 -0.000362613 0.00524354)
(-0.000221216 -0.000369636 0.00516737)
(-0.000306191 -0.000307197 0.00528539)
(-0.000296832 -0.000346081 0.00537542)
(-0.000237884 -0.00037719 0.00539722)
(-0.00016158 -0.00040529 0.00532701)
(-0.000354743 -0.000301816 0.00531327)
(-0.000349858 -0.000352979 0.00548165)
(-0.000261254 -0.000397195 0.00558288)
(-0.000117847 -0.000435425 0.00557184)
(-0.000154339 -0.000264575 0.00514721)
(-0.000167777 -0.000253931 0.00511715)
(-0.000174988 -0.000238194 0.00505703)
(-0.000180365 -0.000226205 0.00496419)
(-0.000157196 -0.000254872 0.0052388)
(-0.000168606 -0.000255685 0.00524607)
(-0.000160852 -0.000251167 0.00521295)
(-0.000144207 -0.000250351 0.00512808)
(-0.000165831 -0.000247996 0.00530117)
(-0.000170372 -0.000258274 0.0053424)
(-0.000144877 -0.000264298 0.00533463)
(-0.000104316 -0.000272375 0.00525698)
(-0.00018001 -0.000245729 0.00534917)
(-0.000182614 -0.00025913 0.00542815)
(-0.000140554 -0.000268268 0.00545701)
(-6.68018e-05 -0.000277644 0.00540349)
(-8.38395e-05 -0.000181389 0.00520297)
(-9.58802e-05 -0.000168756 0.00516762)
(-0.000103369 -0.000153855 0.00510363)
(-0.000109797 -0.000142083 0.00500886)
(-8.44853e-05 -0.000187412 0.0052736)
(-9.71644e-05 -0.000182054 0.00526267)
(-9.77781e-05 -0.000173786 0.00521602)
(-9.2732e-05 -0.000168678 0.00512303)
(-8.51238e-05 -0.000189854 0.00532721)
(-9.38725e-05 -0.000189171 0.00533836)
(-8.50723e-05 -0.000185729 0.00530918)
(-6.61938e-05 -0.000184821 0.00522055)
(-8.60433e-05 -0.000189495 0.00537234)
(-9.18193e-05 -0.000189527 0.00540359)
(-7.35895e-05 -0.000186526 0.00539306)
(-3.77313e-05 -0.000185147 0.00531448)
(-4.41645e-05 -0.000126338 0.00525377)
(-5.42111e-05 -0.000114592 0.00521505)
(-6.13389e-05 -0.000101769 0.00514806)
(-6.80043e-05 -9.12696e-05 0.00505166)
(-4.32297e-05 -0.000136524 0.00530933)
(-5.46408e-05 -0.000129447 0.0052877)
(-5.87899e-05 -0.00012057 0.00523241)
(-5.95998e-05 -0.000113964 0.00513385)
(-4.06339e-05 -0.000141885 0.0053525)
(-4.98232e-05 -0.000137482 0.00534628)
(-4.89969e-05 -0.000131131 0.00530364)
(-4.20023e-05 -0.000126791 0.00520685)
(-3.70245e-05 -0.000142854 0.00538949)
(-4.36857e-05 -0.000138721 0.00539517)
(-3.74127e-05 -0.00013237 0.00536327)
(-2.14243e-05 -0.000127599 0.00527058)
(-2.224e-05 -8.89118e-05 0.00529531)
(-3.03194e-05 -7.89909e-05 0.00525486)
(-3.6622e-05 -6.85295e-05 0.00518603)
(-4.27943e-05 -5.97179e-05 0.00508856)
(-2.0566e-05 -9.90569e-05 0.00534023)
(-3.00508e-05 -9.21676e-05 0.00531281)
(-3.52437e-05 -8.40726e-05 0.00525248)
(-3.85436e-05 -7.75182e-05 0.00515046)
(-1.70157e-05 -0.000104839 0.00537435)
(-2.52618e-05 -9.968e-05 0.00535857)
(-2.78732e-05 -9.3096e-05 0.00530807)
(-2.68584e-05 -8.7922e-05 0.00520612)
(-1.23834e-05 -0.000106557 0.00540328)
(-1.87691e-05 -0.000101692 0.00539538)
(-1.81839e-05 -9.51951e-05 0.00535201)
(-1.22566e-05 -8.99115e-05 0.00525159)
(-1.03776e-05 -6.3038e-05 0.00532778)
(-1.67248e-05 -5.50607e-05 0.00528662)
(-2.20176e-05 -4.68005e-05 0.0052168)
(-2.7334e-05 -3.969e-05 0.00511869)
(-8.53127e-06 -7.17906e-05 0.00536525)
(-1.61082e-05 -6.58075e-05 0.00533491)
(-2.11656e-05 -5.89813e-05 0.00527181)
(-2.51726e-05 -5.31775e-05 0.00516775)
(-5.04049e-06 -7.7055e-05 0.0053923)
(-1.19413e-05 -7.22833e-05 0.00537149)
(-1.5705e-05 -6.6456e-05 0.00531663)
(-1.73764e-05 -6.15714e-05 0.00521162)
(-6.9917e-07 -7.90558e-05 0.00541461)
(-6.29977e-06 -7.46485e-05 0.00539964)
(-8.15515e-06 -6.90353e-05 0.00535018)
(-7.07151e-06 -6.42782e-05 0.00524557)
(-4.14279e-06 -4.495e-05 0.00535261)
(-9.04789e-06 -3.8717e-05 0.00531129)
(-1.3337e-05 -3.23311e-05 0.00524099)
(-1.77069e-05 -2.67409e-05 0.0051425)
(-2.42235e-06 -5.20477e-05 0.00538487)
(-8.33538e-06 -4.71448e-05 0.00535319)
(-1.27712e-05 -4.16387e-05 0.00528864)
(-1.66316e-05 -3.68075e-05 0.0051834)
(6.17023e-07 -5.64998e-05 0.00540665)
(-4.93903e-06 -5.24811e-05 0.00538335)
(-8.76613e-06 -4.76773e-05 0.00532615)
(-1.13947e-05 -4.34917e-05 0.00521938)
(4.26096e-06 -5.84775e-05 0.00542386)
(-4.02446e-07 -5.48481e-05 0.00540531)
(-3.0695e-06 -5.03249e-05 0.00535268)
(-4.11725e-06 -4.63839e-05 0.0052458)
(-1.00885e-06 -3.22001e-05 0.00537138)
(-4.75386e-06 -2.7418e-05 0.00533015)
(-8.14344e-06 -2.25508e-05 0.00525965)
(-1.16247e-05 -1.82336e-05 0.00516095)
(4.63446e-07 -3.77728e-05 0.0054)
(-4.08083e-06 -3.38897e-05 0.0053678)
(-7.75786e-06 -2.95701e-05 0.00530253)
(-1.11223e-05 -2.56964e-05 0.00519661)
(2.95225e-06 -4.13887e-05 0.00541793)
(-1.41348e-06 -3.81629e-05 0.00539347)
(-4.83814e-06 -3.4353e-05 0.00533508)
(-7.57715e-06 -3.09463e-05 0.00522732)
(5.85385e-06 -4.31768e-05 0.00543131)
(2.09888e-06 -4.03211e-05 0.00541103)
(-6.07085e-07 -3.6802e-05 0.00535678)
(-2.42014e-06 -3.36727e-05 0.0052487)
(4.4943e-07 -2.31531e-05 0.00538547)
(-2.38363e-06 -1.95287e-05 0.00534443)
(-5.01422e-06 -1.5856e-05 0.00527387)
(-7.72819e-06 -1.2564e-05 0.00517505)
(1.64803e-06 -2.74456e-05 0.00541152)
(-1.8065e-06 -2.44366e-05 0.00537922)
(-4.75056e-06 -2.11099e-05 0.00531362)
(-7.52614e-06 -1.8079e-05 0.00520731)
(3.6144e-06 -3.03085e-05 0.00542666)
(2.40761e-07 -2.77912e-05 0.00540176)
(-2.62954e-06 -2.48399e-05 0.0053428)
(-5.10669e-06 -2.21516e-05 0.00523449)
(5.85871e-06 -3.18377e-05 0.00543722)
(2.90419e-06 -2.9646e-05 0.00541617)
(4.87749e-07 -2.69618e-05 0.00536114)
(-1.43668e-06 -2.45374e-05 0.00525242)
(1.02715e-06 -1.66963e-05 0.00539598)
(-1.10048e-06 -1.39733e-05 0.00535516)
(-3.11459e-06 -1.12223e-05 0.0052846)
(-5.19766e-06 -8.73559e-06 0.00518572)
(1.97229e-06 -1.99617e-05 0.00542023)
(-6.32192e-07 -1.76646e-05 0.00538801)
(-2.93531e-06 -1.51355e-05 0.00532229)
(-5.14846e-06 -1.2804e-05 0.00521576)
(3.49092e-06 -2.21887e-05 0.00543336)
(9.15613e-07 -2.02594e-05 0.00540836)
(-1.39747e-06 -1.80084e-05 0.00534915)
(-3.48418e-06 -1.59296e-05 0.00524054)
(5.19654e-06 -2.34479e-05 0.00544184)
(2.91045e-06 -2.17908e-05 0.00542051)
(8.89298e-07 -1.97685e-05 0.00536513)
(-8.6157e-07 -1.79193e-05 0.00525608)
(1.16169e-06 -1.20632e-05 0.0054038)
(-4.26331e-07 -1.00314e-05 0.00536318)
(-1.9521e-06 -7.983e-06 0.00529266)
(-3.53201e-06 -6.11875e-06 0.00519374)
(1.89086e-06 -1.45244e-05 0.00542677)
(-5.93657e-08 -1.27902e-05 0.00539469)
(-1.83116e-06 -1.08863e-05 0.00532895)
(-3.55548e-06 -9.11508e-06 0.0052223)
(3.04548e-06 -1.62339e-05 0.00543846)
(1.0985e-06 -1.47739e-05 0.00541351)
(-7.17511e-07 -1.3076e-05 0.00535422)
(-2.40245e-06 -1.14916e-05 0.00524544)
(4.3266e-06 -1.72427e-05 0.00544541)
(2.58047e-06 -1.60022e-05 0.00542403)
(9.55449e-07 -1.44914e-05 0.00536852)
(-5.22034e-07 -1.30965e-05 0.0052593)
(1.08896e-06 -8.7203e-06 0.00540959)
(-8.92696e-08 -7.21361e-06 0.00536913)
(-1.23446e-06 -5.697e-06 0.00529866)
(-2.42081e-06 -4.30903e-06 0.00519972)
(1.64245e-06 -1.05609e-05 0.00543166)
(1.91517e-07 -9.26353e-06 0.00539974)
(-1.15351e-06 -7.84222e-06 0.00533401)
(-2.4739e-06 -6.5106e-06 0.0052273)
(2.50988e-06 -1.18583e-05 0.0054423)
(1.05047e-06 -1.07646e-05 0.00541747)
(-3.48168e-07 -9.49555e-06 0.00535817)
(-1.67042e-06 -8.30166e-06 0.00524931)
(3.4636e-06 -1.26495e-05 0.00544814)
(2.1444e-06 -1.17282e-05 0.00542681)
(8.72592e-07 -1.06072e-05 0.00537127)
(-3.1956e-07 -9.56429e-06 0.00526198)
(9.32535e-07 -6.29334e-06 0.00541385)
(6.43762e-08 -5.18382e-06 0.00537354)
(-7.8708e-07 -4.06825e-06 0.00530311)
(-1.66915e-06 -3.0427e-06 0.00520416)
(1.34693e-06 -7.65853e-06 0.00543528)
(2.75328e-07 -6.69675e-06 0.0054035)
(-7.33282e-07 -5.64473e-06 0.00533782)
(-1.72939e-06 -4.65359e-06 0.00523106)
(1.99161e-06 -8.63238e-06 0.00544517)
(9.07376e-07 -7.82089e-06 0.00542047)
(-1.52499e-07 -6.88075e-06 0.0053612)
(-1.16755e-06 -5.99072e-06 0.00525229)
(2.69556e-06 -9.24147e-06 0.0054502)
(1.70955e-06 -8.56237e-06 0.00542896)
(7.34873e-07 -7.73669e-06 0.00537344)
(-1.97518e-07 -6.96376e-06 0.00526411)
(7.54157e-07 -4.51724e-06 0.00541698)
(1.20686e-07 -3.70808e-06 0.00537677)
(-5.04946e-07 -2.89515e-06 0.00530638)
(-1.15294e-06 -2.14512e-06 0.00520742)
(1.05997e-06 -5.51885e-06 0.00543795)
(2.76499e-07 -4.81389e-06 0.00540629)
(-4.69443e-07 -4.04362e-06 0.00534065)
(-1.20925e-06 -3.31474e-06 0.00523387)
(1.53322e-06 -6.2402e-06 0.0054473)
(7.36841e-07 -5.64504e-06 0.00542272)
(-5.31092e-08 -4.95629e-06 0.00536348)
(-8.16578e-07 -4.30102e-06 0.00525455)
(2.04731e-06 -6.70026e-06 0.00545175)
(1.31968e-06 -6.20474e-06 0.0054306)
(5.87363e-07 -5.60247e-06 0.00537511)
(-1.23064e-07 -5.03593e-06 0.00526577)
(5.82101e-07 -3.20222e-06 0.00541924)
(1.27275e-07 -2.62146e-06 0.00537912)
(-3.24288e-07 -2.03829e-06 0.00530875)
(-7.91865e-07 -1.4987e-06 0.00520979)
(8.03456e-07 -3.92455e-06 0.00543989)
(2.40006e-07 -3.41667e-06 0.00540833)
(-3.01087e-07 -2.86212e-06 0.00534272)
(-8.39311e-07 -2.33557e-06 0.00523593)
(1.14468e-06 -4.44866e-06 0.00544886)
(5.6989e-07 -4.01972e-06 0.00542437)
(-6.41437e-09 -3.52367e-06 0.00536517)
(-5.67012e-07 -3.04991e-06 0.00525623)
(1.51391e-06 -4.78797e-06 0.00545288)
(9.8687e-07 -4.43222e-06 0.00543181)
(4.49503e-07 -3.99988e-06 0.00537636)
(-7.69402e-08 -3.59165e-06 0.00526702)
(4.27099e-07 -2.21036e-06 0.00542084)
(1.10111e-07 -1.8057e-06 0.00538078)
(-2.05804e-07 -1.39944e-06 0.00531043)
(-5.32904e-07 -1.02268e-06 0.00521147)
(5.82259e-07 -2.71543e-06 0.00544127)
(1.89045e-07 -2.36059e-06 0.00540978)
(-1.90938e-07 -1.97326e-06 0.0053442)
(-5.69744e-07 -1.60449e-06 0.0052374)
(8.20725e-07 -3.084e-06 0.00544997)
(4.18521e-07 -2.78424e-06 0.00542555)
(1.2132e-08 -2.4377e-06 0.00536639)
(-3.85076e-07 -2.10572e-06 0.00525744)
(1.07801e-06 -3.3253e-06 0.00545369)
(7.08261e-07 -3.0774e-06 0.00543269)
(3.27765e-07 -2.77612e-06 0.00537727)
(-4.76589e-08 -2.49078e-06 0.00526793)
(2.92e-07 -1.43993e-06 0.00542193)
(8.37981e-08 -1.17438e-06 0.00538191)
(-1.24216e-07 -9.07715e-07 0.00531158)
(-3.39728e-07 -6.59876e-07 0.00521261)
(3.94242e-07 -1.77204e-06 0.00544221)
(1.35719e-07 -1.53879e-06 0.00541077)
(-1.15143e-07 -1.28413e-06 0.00534521)
(-3.65865e-07 -1.04099e-06 0.00523841)
(5.50924e-07 -2.01542e-06 0.00545073)
(2.85984e-07 -1.81838e-06 0.00542636)
(1.69053e-08 -1.59055e-06 0.00536723)
(-2.47317e-07 -1.37163e-06 0.00525828)
(7.19598e-07 -2.17613e-06 0.00545425)
(4.75564e-07 -2.01353e-06 0.0054333)
(2.22876e-07 -1.81586e-06 0.00537791)
(-2.80383e-08 -1.62811e-06 0.00526857)
(1.81605e-07 -8.21508e-07 0.00542261)
(6.06866e-08 -6.68553e-07 0.00538261)
(-5.99359e-08 -5.14922e-07 0.00531229)
(-1.85884e-07 -3.70783e-07 0.00521332)
(2.40436e-07 -1.01271e-06 0.00544279)
(9.00116e-08 -8.78289e-07 0.00541138)
(-5.59921e-08 -7.31408e-07 0.00534584)
(-2.03168e-07 -5.89865e-07 0.00523903)
(3.30439e-07 -1.15331e-06 0.0054512)
(1.75887e-07 -1.03981e-06 0.00542687)
(1.86411e-08 -9.08446e-07 0.00536775)
(-1.37239e-07 -7.81118e-07 0.0052588)
(4.27075e-07 -1.24708e-06 0.0054546)
(2.84259e-07 -1.15371e-06 0.00543368)
(1.35925e-07 -1.03999e-06 0.0053783)
(-1.29337e-08 -9.31099e-07 0.00526897)
(1.1083e-07 -3.62863e-07 0.00542299)
(5.27405e-08 -2.91126e-07 0.00538301)
(-7.26802e-09 -2.17488e-07 0.00531269)
(-6.64617e-08 -1.47443e-07 0.00521374)
(1.41005e-07 -4.51436e-07 0.00544312)
(6.67969e-08 -3.87886e-07 0.00541173)
(-7.61915e-09 -3.17542e-07 0.0053462)
(-7.93073e-08 -2.47738e-07 0.0052394)
(1.82656e-07 -5.19552e-07 0.00545147)
(1.0466e-07 -4.66268e-07 0.00542716)
(2.32774e-08 -4.03902e-07 0.00536805)
(-5.48665e-08 -3.40529e-07 0.00525911)
(2.26578e-07 -5.66216e-07 0.00545481)
(1.53151e-07 -5.23259e-07 0.0054339)
(7.51537e-08 -4.70126e-07 0.00537854)
(-1.58885e-09 -4.15976e-07 0.00526921)
)
;

boundaryField
{
    inlet
    {
        type            uniformFixedValue;
        uniformValue    table
        
2
(
(0 (0 0 0.002))
(0.1 (0 0 0.02))
)
;
        value           uniform (0 0 0.0056);
    }
    outlet
    {
        type            zeroGradient;
    }
    wall
    {
        type            slip;
    }
    procBoundary1to0
    {
        type            processor;
        value           nonuniform List<vector> 
192
(
(-0.00291892 -0.00468494 0.00358039)
(0.00322818 0.00264535 0.00473981)
(0.00204138 -0.000822803 0.000101394)
(-0.000638654 -0.00492261 -0.000285747)
(-0.000425 -0.00195662 0.00606037)
(0.000254149 -0.000114682 0.0129223)
(-0.000438736 0.000552067 0.00341962)
(-0.000810819 -0.000340851 -0.00533601)
(0.00122811 -0.00142587 0.00438601)
(0.00129372 -0.000389916 0.00557737)
(0.00107631 0.00038155 0.0035196)
(0.000946985 -0.000125553 0.00179663)
(0.00102852 -0.000882508 0.00470364)
(0.00105477 -0.000397814 0.0050309)
(0.000996346 -3.14556e-05 0.00452481)
(0.000951737 -0.000251716 0.00400652)
(0.000651547 -0.000546993 0.00487827)
(0.000663971 -0.000369859 0.00502647)
(0.000655543 -0.000239917 0.00490275)
(0.000652046 -0.000315802 0.00475985)
(0.000405227 -0.000367983 0.00502843)
(0.000411833 -0.000316359 0.00511415)
(0.00041453 -0.000278447 0.00511095)
(0.000420484 -0.000304347 0.00509801)
(0.00026003 -0.000262123 0.00514909)
(0.000264685 -0.000255028 0.00520833)
(0.000268409 -0.000248409 0.00523879)
(0.000273415 -0.000259201 0.00526511)
(0.000172335 -0.000191357 0.00523916)
(0.000175873 -0.000198498 0.00528374)
(0.000178759 -0.000201797 0.0053188)
(0.000181728 -0.000207507 0.00535251)
(0.000117269 -0.000140884 0.00530399)
(0.000119952 -0.000151281 0.00533823)
(0.000121964 -0.000157037 0.00536937)
(0.000123576 -0.000160645 0.0054003)
(8.14201e-05 -0.000103918 0.00535005)
(8.34433e-05 -0.000113791 0.00537637)
(8.48294e-05 -0.000119461 0.00540169)
(8.5692e-05 -0.000121988 0.00542719)
(5.73873e-05 -7.66072e-05 0.0053826)
(5.89089e-05 -8.48691e-05 0.00540278)
(5.98784e-05 -8.96991e-05 0.00542256)
(6.03494e-05 -9.15642e-05 0.00544259)
(4.09034e-05 -5.64005e-05 0.00540558)
(4.20452e-05 -6.29458e-05 0.00542104)
(4.27366e-05 -6.68216e-05 0.00543617)
(4.30036e-05 -6.82357e-05 0.0054515)
(2.93957e-05 -4.14676e-05 0.00542182)
(3.02504e-05 -4.65105e-05 0.0054337)
(3.07508e-05 -4.95305e-05 0.00544515)
(3.09089e-05 -5.06174e-05 0.00545672)
(2.12516e-05 -3.04508e-05 0.00543334)
(2.18893e-05 -3.42757e-05 0.00544253)
(2.22547e-05 -3.65911e-05 0.00545115)
(2.23523e-05 -3.74316e-05 0.00545981)
(1.5426e-05 -2.23338e-05 0.00544154)
(1.59002e-05 -2.52071e-05 0.00544873)
(1.61681e-05 -2.69646e-05 0.0054552)
(1.62305e-05 -2.76156e-05 0.00546166)
(1.12233e-05 -1.63566e-05 0.0054474)
(1.15746e-05 -1.85006e-05 0.0054531)
(1.17711e-05 -1.9825e-05 0.00545798)
(1.1812e-05 -2.03283e-05 0.00546278)
(8.16907e-06 -1.19525e-05 0.00545159)
(8.42809e-06 -1.35431e-05 0.0054562)
(8.57202e-06 -1.45349e-05 0.0054599)
(8.59927e-06 -1.4922e-05 0.00546348)
(5.9335e-06 -8.7003e-06 0.0054546)
(6.12337e-06 -9.87263e-06 0.00545841)
(6.22836e-06 -1.061e-05 0.00546123)
(6.24675e-06 -1.09052e-05 0.00546391)
(4.28328e-06 -6.28696e-06 0.00545675)
(4.42123e-06 -7.14297e-06 0.00545998)
(4.49721e-06 -7.68552e-06 0.00546217)
(4.50973e-06 -7.90789e-06 0.00546419)
(3.05078e-06 -4.47955e-06 0.00545828)
(3.14947e-06 -5.09472e-06 0.00546109)
(3.20366e-06 -5.48727e-06 0.00546282)
(3.21216e-06 -5.65143e-06 0.00546437)
(2.11368e-06 -3.10351e-06 0.00545935)
(2.18226e-06 -3.53263e-06 0.00546186)
(2.21985e-06 -3.80798e-06 0.00546327)
(2.22552e-06 -3.92512e-06 0.00546448)
(1.38316e-06 -2.02725e-06 0.00546006)
(1.42818e-06 -2.30892e-06 0.00546238)
(1.45284e-06 -2.49043e-06 0.00546357)
(1.45647e-06 -2.56874e-06 0.00546455)
(8.06988e-07 -1.16118e-06 0.0054605)
(8.33466e-07 -1.32267e-06 0.0054627)
(8.48013e-07 -1.42697e-06 0.00546376)
(8.50233e-07 -1.47236e-06 0.0054646)
(4.15542e-07 -5.30499e-07 0.00546074)
(4.29471e-07 -6.02928e-07 0.00546287)
(4.37261e-07 -6.49519e-07 0.00546385)
(4.38673e-07 -6.6932e-07 0.00546462)
(-0.0158241 -0.00710034 -0.0052319)
(-0.0125577 -0.000868583 -0.00345408)
(-0.00291882 0.000972046 -0.00368054)
(0.00343788 -0.00279361 -0.00495508)
(-8.60447e-06 -0.00172342 -0.00207216)
(-0.000787939 -0.00273618 -0.00143721)
(-0.000410909 -0.00182827 0.00281994)
(-0.000230372 -0.00141581 0.00321153)
(0.00135433 -0.000621147 0.00185965)
(0.00111997 -0.00127939 0.00187525)
(0.00108156 -0.00146038 0.00250615)
(0.00110635 -0.00155492 0.00315491)
(0.000955565 -0.000274212 0.00339943)
(0.000929903 -0.000603332 0.00350326)
(0.000944538 -0.00084756 0.0037502)
(0.000973577 -0.000987577 0.00415554)
(0.000593364 -0.000152629 0.00411534)
(0.000601024 -0.000338994 0.00423822)
(0.000620605 -0.000498642 0.00440258)
(0.000634583 -0.000588949 0.00462302)
(0.000369842 -9.60301e-05 0.00452388)
(0.000378226 -0.000213305 0.00464856)
(0.000391988 -0.000312285 0.00476939)
(0.000398829 -0.000371501 0.00489722)
(0.000236993 -6.31277e-05 0.00477077)
(0.00024279 -0.000141083 0.00489305)
(0.000251913 -0.000206165 0.00498893)
(0.000256222 -0.000249133 0.00507147)
(0.000155952 -4.25092e-05 0.00492788)
(0.000159877 -9.60045e-05 0.00504656)
(0.000166164 -0.000141177 0.00512784)
(0.000169428 -0.000173905 0.00518716)
(0.000104997 -2.91845e-05 0.00503168)
(0.00010777 -6.67114e-05 0.00514741)
(0.00011228 -9.90724e-05 0.0052199)
(0.000114911 -0.000124209 0.00526624)
(7.20482e-05 -2.03562e-05 0.00510215)
(7.40816e-05 -4.70836e-05 0.00521582)
(7.73896e-05 -7.06273e-05 0.00528283)
(7.95143e-05 -8.98094e-05 0.00532129)
(5.0212e-05 -1.43758e-05 0.00515089)
(5.17335e-05 -3.36014e-05 0.00526319)
(5.41849e-05 -5.08421e-05 0.00532666)
(5.58732e-05 -6.53435e-05 0.00535997)
(3.54309e-05 -1.0248e-05 0.00518505)
(3.65792e-05 -2.41636e-05 0.00529644)
(3.84017e-05 -3.68158e-05 0.00535753)
(3.9721e-05 -4.76873e-05 0.00538733)
(2.52452e-05 -7.35574e-06 0.00520922)
(2.61135e-05 -1.74658e-05 0.00532)
(2.74685e-05 -2.67524e-05 0.00537944)
(2.84851e-05 -3.48501e-05 0.00540675)
(1.8121e-05 -5.30562e-06 0.00522645)
(1.87767e-05 -1.26663e-05 0.0053368)
(1.9783e-05 -1.94788e-05 0.00539508)
(2.05579e-05 -2.54814e-05 0.00542061)
(1.3077e-05 -3.83949e-06 0.00523879)
(1.35708e-05 -9.20383e-06 0.00534884)
(1.43168e-05 -1.41965e-05 0.00540629)
(1.49023e-05 -1.86297e-05 0.00543052)
(9.46943e-06 -2.78359e-06 0.00524765)
(9.83987e-06 -6.69303e-06 0.00535749)
(1.03918e-05 -1.0347e-05 0.00541435)
(1.08309e-05 -1.36107e-05 0.00543764)
(6.86644e-06 -2.01846e-06 0.00525403)
(7.14305e-06 -4.86415e-06 0.00536372)
(7.55004e-06 -7.53258e-06 0.00542015)
(7.87711e-06 -9.92696e-06 0.00544275)
(4.9724e-06 -1.46058e-06 0.00525863)
(5.17758e-06 -3.52541e-06 0.00536821)
(5.47623e-06 -5.46655e-06 0.00542433)
(5.71798e-06 -7.21479e-06 0.00544643)
(3.58105e-06 -1.05064e-06 0.00526193)
(3.73172e-06 -2.53885e-06 0.00537143)
(3.94903e-06 -3.9407e-06 0.00542733)
(4.12586e-06 -5.20703e-06 0.00544907)
(2.546e-06 -7.46005e-07 0.00526427)
(2.65479e-06 -1.80416e-06 0.00537373)
(2.81051e-06 -2.80245e-06 0.00542946)
(2.93769e-06 -3.70637e-06 0.00545095)
(1.76154e-06 -5.1557e-07 0.00526592)
(1.83772e-06 -1.24754e-06 0.00537533)
(1.9461e-06 -1.93879e-06 0.00543095)
(2.03485e-06 -2.56583e-06 0.00545226)
(1.15128e-06 -3.36548e-07 0.00526702)
(1.20165e-06 -8.14308e-07 0.00537641)
(1.2729e-06 -1.26539e-06 0.00543196)
(1.33132e-06 -1.67514e-06 0.00545314)
(6.69242e-07 -1.94116e-07 0.0052677)
(6.99689e-07 -4.68098e-07 0.00537708)
(7.41869e-07 -7.25457e-07 0.00543258)
(7.7643e-07 -9.59535e-07 0.00545369)
(3.38039e-07 -9.04113e-08 0.00526808)
(3.57345e-07 -2.15883e-07 0.00537744)
(3.80498e-07 -3.34036e-07 0.00543291)
(3.99203e-07 -4.3983e-07 0.00545398)
)
;
    }
    procBoundary1to3
    {
        type            processor;
        value           nonuniform List<vector> 
192
(
(-0.00428572 0.00622815 0.00190777)
(0.0028976 0.00133611 0.000669533)
(0.00823583 0.00219424 0.00188172)
(0.00624272 0.00447807 -0.00281907)
(-0.00115238 0.000784296 0.00138062)
(-0.000582285 0.000864783 0.00195214)
(0.000812041 0.00105758 0.00037524)
(0.000410301 0.00153423 -0.00889456)
(0.000352039 -0.000516337 0.00250571)
(-0.000119274 -0.000240324 0.00261286)
(-0.00036653 -3.58816e-05 0.00234469)
(-0.00119699 0.000125626 0.0011438)
(0.000493829 -0.000524259 0.00390138)
(3.79292e-05 -0.00040839 0.0038571)
(-0.000369482 -0.000320714 0.00386019)
(-0.000972192 -0.000281737 0.00391411)
(0.00037986 -0.000424889 0.00463898)
(7.01691e-05 -0.000381962 0.00459208)
(-0.000228095 -0.000349291 0.00463561)
(-0.000557592 -0.000341389 0.00478415)
(0.000266385 -0.000341007 0.00502992)
(7.72463e-05 -0.000322797 0.00499358)
(-0.000108789 -0.000307698 0.00502879)
(-0.000282718 -0.00030194 0.00513667)
(0.000185915 -0.000269749 0.00523608)
(7.52052e-05 -0.000260318 0.00520871)
(-3.46355e-05 -0.00025091 0.005228)
(-0.000129894 -0.000243723 0.00529102)
(0.00013166 -0.000209198 0.00534486)
(6.77126e-05 -0.00020359 0.00532415)
(3.73816e-06 -0.000196793 0.00533135)
(-5.04004e-05 -0.000189531 0.00536338)
(9.4716e-05 -0.000159615 0.00540227)
(5.77749e-05 -0.000156037 0.00538644)
(2.03651e-05 -0.000150971 0.00538672)
(-1.14261e-05 -0.000144657 0.00540069)
(6.895e-05 -0.000120379 0.00543257)
(4.74779e-05 -0.000118021 0.00542038)
(2.53432e-05 -0.000114272 0.00541737)
(6.09619e-06 -0.000109214 0.00542171)
(5.05839e-05 -9.00803e-05 0.00544851)
(3.79851e-05 -8.85017e-05 0.0054391)
(2.46792e-05 -8.57607e-05 0.00543489)
(1.26872e-05 -8.18873e-05 0.00543446)
(3.72806e-05 -6.70592e-05 0.00545682)
(2.98038e-05 -6.59917e-05 0.00544958)
(2.1659e-05 -6.40058e-05 0.00544525)
(1.39855e-05 -6.11127e-05 0.00544268)
(2.7541e-05 -4.97492e-05 0.0054611)
(2.30479e-05 -4.9021e-05 0.00545555)
(1.7966e-05 -4.7589e-05 0.00545161)
(1.29358e-05 -4.54567e-05 0.00544825)
(2.03628e-05 -3.68175e-05 0.00546326)
(1.76269e-05 -3.63164e-05 0.00545902)
(1.43947e-05 -3.52854e-05 0.00545563)
(1.10268e-05 -3.37245e-05 0.00545215)
(1.50512e-05 -2.71932e-05 0.00546432)
(1.33625e-05 -2.68455e-05 0.00546108)
(1.12686e-05 -2.61029e-05 0.00545827)
(8.97325e-06 -2.49638e-05 0.00545495)
(1.11108e-05 -2.00436e-05 0.0054648)
(1.00542e-05 -1.98003e-05 0.00546234)
(8.67481e-06 -1.92649e-05 0.00546004)
(7.08792e-06 -1.8435e-05 0.00545699)
(8.18132e-06 -1.47329e-05 0.00546499)
(7.51147e-06 -1.45618e-05 0.00546312)
(6.58957e-06 -1.41755e-05 0.00546126)
(5.48084e-06 -1.35718e-05 0.00545848)
(5.99708e-06 -1.07813e-05 0.00546505)
(5.56749e-06 -1.06605e-05 0.00546362)
(4.94443e-06 -1.03821e-05 0.00546211)
(4.16485e-06 -9.94417e-06 0.00545959)
(4.36044e-06 -7.82769e-06 0.00546505)
(4.0826e-06 -7.74237e-06 0.00546395)
(3.65888e-06 -7.54267e-06 0.0054627)
(3.11028e-06 -7.227e-06 0.00546039)
(3.12312e-06 -5.6002e-06 0.00546502)
(2.94301e-06 -5.54045e-06 0.00546417)
(2.65547e-06 -5.39892e-06 0.00546313)
(2.27234e-06 -5.17432e-06 0.00546098)
(2.17298e-06 -3.89311e-06 0.00546499)
(2.05747e-06 -3.85224e-06 0.00546431)
(1.86569e-06 -3.75452e-06 0.00546342)
(1.60418e-06 -3.599e-06 0.0054614)
(1.42642e-06 -2.54969e-06 0.00546496)
(1.35517e-06 -2.52324e-06 0.0054644)
(1.23322e-06 -2.45956e-06 0.00546362)
(1.06397e-06 -2.35796e-06 0.00546168)
(8.34301e-07 -1.46224e-06 0.00546494)
(7.94253e-07 -1.44734e-06 0.00546446)
(7.24426e-07 -1.41107e-06 0.00546374)
(6.26443e-07 -1.35294e-06 0.00546186)
(4.30579e-07 -6.64653e-07 0.00546493)
(4.09917e-07 -6.58625e-07 0.00546449)
(3.73939e-07 -6.42879e-07 0.00546381)
(3.23785e-07 -6.17112e-07 0.00546197)
(0.00119091 0.00532617 0.00112261)
(0.00678811 0.00439788 0.00200574)
(-0.016324 0.0129347 -0.00884009)
(-0.00204516 0.00620903 0.00198063)
(-0.0005883 0.00181751 0.00403013)
(0.000683744 0.00115036 0.0116035)
(-0.000812478 0.000542555 0.0143144)
(-0.000127421 -0.000921289 0.0134534)
(-0.00207855 -4.29737e-05 0.00373109)
(-0.00188498 -0.000603697 0.00628924)
(-0.0013724 -0.00118398 0.00779263)
(-0.000392191 -0.00163413 0.00857862)
(-0.00150532 -0.000426006 0.00482362)
(-0.00148371 -0.000693415 0.00594908)
(-0.0010159 -0.000915978 0.00682038)
(-0.000279069 -0.00104062 0.00736203)
(-0.000807019 -0.000403797 0.00522462)
(-0.000803878 -0.00049782 0.00575217)
(-0.000562069 -0.000563226 0.00616805)
(-0.000155621 -0.000589709 0.00636995)
(-0.000397946 -0.00031953 0.00535424)
(-0.000397225 -0.000343388 0.00559653)
(-0.000282032 -0.000352828 0.00577123)
(-7.66781e-05 -0.000349663 0.00581578)
(-0.000188249 -0.000243794 0.00539749)
(-0.000189434 -0.000243765 0.0055055)
(-0.000134685 -0.000235992 0.00556334)
(-3.366e-05 -0.000225247 0.00553174)
(-8.28115e-05 -0.000184162 0.00541398)
(-8.58516e-05 -0.000177448 0.00545757)
(-6.07849e-05 -0.000166215 0.00545864)
(-1.22489e-05 -0.000155101 0.00538846)
(-3.08156e-05 -0.000138492 0.00542241)
(-3.49072e-05 -0.00013102 0.00543379)
(-2.45849e-05 -0.000120716 0.00540663)
(-2.25898e-06 -0.000111297 0.005317)
(-6.19539e-06 -0.000103799 0.00542848)
(-1.05234e-05 -9.73601e-05 0.00542347)
(-7.35771e-06 -8.90394e-05 0.00538208)
(2.00621e-06 -8.16219e-05 0.00528263)
(4.54967e-06 -7.75701e-05 0.00543363)
(5.07798e-07 -7.24973e-05 0.00542026)
(3.88115e-07 -6.6119e-05 0.00537166)
(3.48885e-06 -6.04674e-05 0.00526723)
(8.42564e-06 -5.78196e-05 0.00543811)
(4.91786e-06 -5.39785e-05 0.00542053)
(3.4626e-06 -4.9205e-05 0.0053683)
(3.68199e-06 -4.49685e-05 0.00526132)
(9.05107e-06 -4.29994e-05 0.00544194)
(6.14575e-06 -4.01457e-05 0.00542229)
(4.30617e-06 -3.66141e-05 0.00536825)
(3.33191e-06 -3.34648e-05 0.00525999)
(8.26978e-06 -3.19111e-05 0.00544513)
(5.93817e-06 -2.98105e-05 0.00542451)
(4.14994e-06 -2.72122e-05 0.0053696)
(2.80161e-06 -2.48817e-05 0.0052607)
(6.99593e-06 -2.36334e-05 0.00544772)
(5.16613e-06 -2.20941e-05 0.00542669)
(3.60411e-06 -2.01877e-05 0.00537138)
(2.25852e-06 -1.84679e-05 0.00526218)
(5.66046e-06 -1.74621e-05 0.00544978)
(4.2483e-06 -1.63369e-05 0.00542861)
(2.96006e-06 -1.49406e-05 0.00537315)
(1.77188e-06 -1.36743e-05 0.00526381)
(4.44702e-06 -1.28621e-05 0.00545138)
(3.37191e-06 -1.20415e-05 0.00543022)
(2.3472e-06 -1.10209e-05 0.00537471)
(1.36319e-06 -1.0091e-05 0.00526532)
(3.41634e-06 -9.42842e-06 0.00545262)
(2.6081e-06 -8.83196e-06 0.0054315)
(1.8142e-06 -8.08866e-06 0.00537601)
(1.03189e-06 -7.40865e-06 0.0052666)
(2.571e-06 -6.85472e-06 0.00545356)
(1.97193e-06 -6.42412e-06 0.0054325)
(1.37092e-06 -5.88653e-06 0.00537703)
(7.68339e-07 -5.39309e-06 0.00526764)
(1.88865e-06 -4.90921e-06 0.00545426)
(1.4533e-06 -4.60255e-06 0.00543326)
(1.00994e-06 -4.21912e-06 0.00537782)
(5.60089e-07 -3.86622e-06 0.00526844)
(1.33849e-06 -3.41536e-06 0.00545476)
(1.03232e-06 -3.20293e-06 0.00543381)
(7.17221e-07 -2.93701e-06 0.00537841)
(3.94776e-07 -2.69173e-06 0.00526903)
(8.90077e-07 -2.23802e-06 0.00545511)
(6.87623e-07 -2.09931e-06 0.0054342)
(4.77782e-07 -1.92545e-06 0.00537882)
(2.61463e-07 -1.76476e-06 0.00526945)
(5.246e-07 -1.28442e-06 0.00545533)
(4.05647e-07 -1.2052e-06 0.00543445)
(2.81843e-07 -1.10554e-06 0.00537908)
(1.52712e-07 -1.01272e-06 0.00526972)
(2.70374e-07 -5.86616e-07 0.00545546)
(2.08024e-07 -5.51199e-07 0.00543459)
(1.41483e-07 -5.05546e-07 0.00537924)
(7.28072e-08 -4.59509e-07 0.00526989)
)
;
    }
}


// ************************************************************************* //
