/*--------------------------------*- C++ -*----------------------------------*\
  =========                 |
  \\      /  F ield         | OpenFOAM: The Open Source CFD Toolbox
   \\    /   O peration     | Website:  https://openfoam.org
    \\  /    A nd           | Version:  6
     \\/     M anipulation  |
\*---------------------------------------------------------------------------*/
FoamFile
{
    version     2.0;
    format      ascii;
    class       volScalarField;
    location    "0.02";
    object      p;
}
// * * * * * * * * * * * * * * * * * * * * * * * * * * * * * * * * * * * * * //

dimensions      [0 2 -2 0 0 0 0];

internalField   nonuniform List<scalar> 
1152
(
1.00001
1.00086
1.0012
0.990909
0.998295
0.997995
1.0022
1.00051
1.00187
0.993803
1.00175
1.00136
1.00213
1.00606
1.00272
0.999124
0.999932
1.00013
1.00038
0.999908
0.999876
0.999731
1.00007
0.999943
1.00015
0.999631
0.99982
0.999724
1.00048
1.00048
0.999698
0.999289
1.00047
1.00048
1.00055
1.00057
1.00056
1.00042
1.00041
1.00034
1.00067
1.00047
1.00034
1.00019
1.00081
1.00059
1.00034
1.00006
1.00065
1.00062
1.00061
1.00058
1.00069
1.00059
1.00055
1.00048
1.00075
1.00061
1.00051
1.00039
1.00082
1.00066
1.0005
1.00032
1.00071
1.00067
1.00065
1.00062
1.00073
1.00066
1.00061
1.00056
1.00076
1.00067
1.00059
1.00052
1.00081
1.0007
1.00059
1.00048
1.00071
1.00068
1.00066
1.00063
1.00073
1.00068
1.00064
1.0006
1.00075
1.00069
1.00063
1.00058
1.00078
1.00071
1.00063
1.00057
1.0007
1.00067
1.00065
1.00063
1.00071
1.00067
1.00064
1.00061
1.00072
1.00068
1.00064
1.0006
1.00074
1.00069
1.00065
1.0006
1.00067
1.00065
1.00063
1.00062
1.00068
1.00065
1.00063
1.00061
1.00069
1.00066
1.00063
1.00061
1.0007
1.00067
1.00064
1.00061
1.00063
1.00062
1.00061
1.00059
1.00064
1.00062
1.00061
1.00059
1.00065
1.00063
1.00061
1.00059
1.00066
1.00064
1.00061
1.00059
1.0006
1.00059
1.00058
1.00057
1.0006
1.00059
1.00058
1.00057
1.00061
1.00059
1.00058
1.00057
1.00061
1.0006
1.00058
1.00057
1.00056
1.00055
1.00054
1.00054
1.00056
1.00055
1.00054
1.00054
1.00057
1.00056
1.00055
1.00054
1.00057
1.00056
1.00055
1.00054
1.00052
1.00051
1.00051
1.0005
1.00052
1.00051
1.00051
1.0005
1.00052
1.00052
1.00051
1.0005
1.00053
1.00052
1.00051
1.00051
1.00048
1.00047
1.00047
1.00047
1.00048
1.00047
1.00047
1.00047
1.00048
1.00048
1.00047
1.00047
1.00048
1.00048
1.00047
1.00047
1.00044
1.00043
1.00043
1.00043
1.00044
1.00043
1.00043
1.00043
1.00044
1.00044
1.00043
1.00043
1.00044
1.00044
1.00043
1.00043
1.00039
1.00039
1.00039
1.00039
1.0004
1.00039
1.00039
1.00039
1.0004
1.00039
1.00039
1.00039
1.0004
1.0004
1.00039
1.00039
1.00035
1.00035
1.00035
1.00035
1.00035
1.00035
1.00035
1.00035
1.00035
1.00035
1.00035
1.00035
1.00036
1.00035
1.00035
1.00035
1.00031
1.00031
1.00031
1.00031
1.00031
1.00031
1.00031
1.00031
1.00031
1.00031
1.00031
1.00031
1.00031
1.00031
1.00031
1.00031
1.00027
1.00027
1.00027
1.00027
1.00027
1.00027
1.00027
1.00027
1.00027
1.00027
1.00027
1.00027
1.00027
1.00027
1.00027
1.00027
1.00023
1.00023
1.00023
1.00023
1.00023
1.00023
1.00023
1.00023
1.00023
1.00023
1.00023
1.00023
1.00023
1.00023
1.00023
1.00023
1.00019
1.00019
1.00019
1.00019
1.00019
1.00019
1.00019
1.00019
1.00019
1.00019
1.00019
1.00019
1.00019
1.00019
1.00019
1.00019
1.00015
1.00015
1.00014
1.00014
1.00015
1.00015
1.00015
1.00014
1.00015
1.00015
1.00015
1.00014
1.00015
1.00015
1.00015
1.00015
1.0001
1.0001
1.0001
1.0001
1.0001
1.0001
1.0001
1.0001
1.0001
1.0001
1.0001
1.0001
1.0001
1.0001
1.0001
1.0001
1.00006
1.00006
1.00006
1.00006
1.00006
1.00006
1.00006
1.00006
1.00006
1.00006
1.00006
1.00006
1.00006
1.00006
1.00006
1.00006
1.00002
1.00002
1.00002
1.00002
1.00002
1.00002
1.00002
1.00002
1.00002
1.00002
1.00002
1.00002
1.00002
1.00002
1.00002
1.00002
1.00285
1.00407
1.00021
0.997482
0.999746
1.00381
1.00352
0.9959
1.00172
1.00451
1.00552
0.995541
1.00525
1.00393
1.00464
0.994263
1.00069
1.00044
0.999361
0.998745
1.00041
1.00045
0.999124
0.998299
1.00075
1.00032
0.999094
0.998043
1.00106
0.999773
0.998245
0.997829
1.00086
1.00066
1.00033
0.999914
1.00092
1.00069
1.00029
0.999707
1.00111
1.00076
1.0003
0.999517
1.00129
1.00085
1.0004
0.999345
1.00087
1.00069
1.0005
1.00025
1.00093
1.00072
1.00049
1.00015
1.00103
1.00078
1.0005
1.00006
1.00111
1.00082
1.00053
0.999991
1.00085
1.00072
1.0006
1.00046
1.00089
1.00074
1.00059
1.00041
1.00094
1.00077
1.00059
1.00037
1.00098
1.0008
1.00061
1.00035
1.00081
1.00072
1.00064
1.00056
1.00084
1.00073
1.00064
1.00054
1.00087
1.00075
1.00064
1.00052
1.00089
1.00077
1.00065
1.00051
1.00076
1.00071
1.00065
1.0006
1.00078
1.00071
1.00065
1.00059
1.0008
1.00072
1.00065
1.00058
1.00081
1.00073
1.00065
1.00057
1.00071
1.00068
1.00064
1.00061
1.00073
1.00068
1.00064
1.0006
1.00074
1.00069
1.00064
1.0006
1.00074
1.00069
1.00064
1.00059
1.00067
1.00064
1.00062
1.0006
1.00067
1.00064
1.00062
1.00059
1.00068
1.00065
1.00062
1.00059
1.00068
1.00065
1.00062
1.00059
1.00062
1.0006
1.00059
1.00057
1.00062
1.0006
1.00059
1.00057
1.00063
1.00061
1.00059
1.00057
1.00063
1.00061
1.00059
1.00057
1.00057
1.00056
1.00055
1.00054
1.00058
1.00056
1.00055
1.00054
1.00058
1.00056
1.00055
1.00054
1.00058
1.00057
1.00055
1.00054
1.00053
1.00052
1.00051
1.00051
1.00053
1.00052
1.00051
1.00051
1.00053
1.00052
1.00051
1.00051
1.00053
1.00052
1.00051
1.00051
1.00048
1.00048
1.00047
1.00047
1.00049
1.00048
1.00047
1.00047
1.00049
1.00048
1.00047
1.00047
1.00049
1.00048
1.00047
1.00047
1.00044
1.00044
1.00043
1.00043
1.00044
1.00044
1.00043
1.00043
1.00044
1.00044
1.00043
1.00043
1.00044
1.00044
1.00043
1.00043
1.0004
1.0004
1.00039
1.00039
1.0004
1.0004
1.00039
1.00039
1.0004
1.0004
1.00039
1.00039
1.0004
1.0004
1.00039
1.00039
1.00036
1.00035
1.00035
1.00035
1.00036
1.00035
1.00035
1.00035
1.00036
1.00035
1.00035
1.00035
1.00036
1.00035
1.00035
1.00035
1.00031
1.00031
1.00031
1.00031
1.00031
1.00031
1.00031
1.00031
1.00031
1.00031
1.00031
1.00031
1.00031
1.00031
1.00031
1.00031
1.00027
1.00027
1.00027
1.00027
1.00027
1.00027
1.00027
1.00027
1.00027
1.00027
1.00027
1.00027
1.00027
1.00027
1.00027
1.00027
1.00023
1.00023
1.00023
1.00023
1.00023
1.00023
1.00023
1.00023
1.00023
1.00023
1.00023
1.00023
1.00023
1.00023
1.00023
1.00023
1.00019
1.00019
1.00019
1.00019
1.00019
1.00019
1.00019
1.00019
1.00019
1.00019
1.00019
1.00019
1.00019
1.00019
1.00019
1.00019
1.00015
1.00015
1.00015
1.00015
1.00015
1.00015
1.00015
1.00015
1.00015
1.00015
1.00015
1.00015
1.00015
1.00015
1.00015
1.00015
1.0001
1.0001
1.0001
1.0001
1.0001
1.0001
1.0001
1.0001
1.0001
1.0001
1.0001
1.0001
1.0001
1.0001
1.0001
1.0001
1.00006
1.00006
1.00006
1.00006
1.00006
1.00006
1.00006
1.00006
1.00006
1.00006
1.00006
1.00006
1.00006
1.00006
1.00006
1.00006
1.00002
1.00002
1.00002
1.00002
1.00002
1.00002
1.00002
1.00002
1.00002
1.00002
1.00002
1.00002
1.00002
1.00002
1.00002
1.00002
1.00382
1.00417
1.00386
0.999498
1.00101
1.00251
1.00504
1.00188
0.997445
0.99866
1.0003
0.997726
0.998046
0.997175
1.00326
0.997712
1.00036
1.00023
0.999493
0.999019
0.999895
0.99973
0.999723
0.999785
0.999173
0.998871
0.998748
0.9984
0.998961
0.998681
0.998649
0.998481
1.00056
1.00052
1.00031
1.00023
1.00035
1.00031
1.00027
1.00032
1.0001
0.999978
0.999899
0.999859
0.999988
0.999888
0.999799
0.999817
1.00058
1.00056
1.00049
1.00043
1.00046
1.00043
1.0004
1.00037
1.00032
1.00025
1.00019
1.00014
1.00024
1.00017
1.00012
1.00009
1.0006
1.00058
1.00054
1.00052
1.00053
1.0005
1.00047
1.00046
1.00047
1.00042
1.00038
1.00036
1.00044
1.00039
1.00036
1.00035
1.00061
1.00059
1.00058
1.00057
1.00057
1.00055
1.00053
1.00053
1.00054
1.00051
1.00049
1.00048
1.00053
1.00051
1.00049
1.00048
1.00061
1.0006
1.00059
1.00058
1.00059
1.00058
1.00056
1.00056
1.00058
1.00056
1.00055
1.00054
1.00058
1.00056
1.00055
1.00055
1.0006
1.00059
1.00059
1.00058
1.00059
1.00058
1.00057
1.00057
1.00059
1.00058
1.00057
1.00056
1.00059
1.00058
1.00057
1.00057
1.00059
1.00058
1.00057
1.00057
1.00058
1.00057
1.00057
1.00056
1.00058
1.00057
1.00057
1.00056
1.00058
1.00058
1.00057
1.00057
1.00056
1.00055
1.00055
1.00055
1.00056
1.00055
1.00055
1.00055
1.00056
1.00055
1.00055
1.00055
1.00056
1.00056
1.00056
1.00055
1.00053
1.00053
1.00052
1.00052
1.00053
1.00053
1.00052
1.00052
1.00053
1.00053
1.00053
1.00052
1.00054
1.00053
1.00053
1.00053
1.0005
1.00049
1.00049
1.00049
1.0005
1.0005
1.00049
1.00049
1.0005
1.0005
1.0005
1.00049
1.0005
1.0005
1.0005
1.0005
1.00046
1.00046
1.00046
1.00046
1.00046
1.00046
1.00046
1.00046
1.00046
1.00046
1.00046
1.00046
1.00047
1.00047
1.00046
1.00046
1.00043
1.00042
1.00042
1.00042
1.00043
1.00042
1.00042
1.00042
1.00043
1.00043
1.00043
1.00042
1.00043
1.00043
1.00043
1.00043
1.00039
1.00039
1.00038
1.00038
1.00039
1.00039
1.00039
1.00039
1.00039
1.00039
1.00039
1.00039
1.00039
1.00039
1.00039
1.00039
1.00035
1.00035
1.00035
1.00035
1.00035
1.00035
1.00035
1.00035
1.00035
1.00035
1.00035
1.00035
1.00035
1.00035
1.00035
1.00035
1.00031
1.00031
1.00031
1.00031
1.00031
1.00031
1.00031
1.00031
1.00031
1.00031
1.00031
1.00031
1.00031
1.00031
1.00031
1.00031
1.00027
1.00027
1.00027
1.00027
1.00027
1.00027
1.00027
1.00027
1.00027
1.00027
1.00027
1.00027
1.00027
1.00027
1.00027
1.00027
1.00023
1.00023
1.00023
1.00023
1.00023
1.00023
1.00023
1.00023
1.00023
1.00023
1.00023
1.00023
1.00023
1.00023
1.00023
1.00023
1.00019
1.00019
1.00019
1.00019
1.00019
1.00019
1.00019
1.00019
1.00019
1.00019
1.00019
1.00019
1.00019
1.00019
1.00019
1.00019
1.00014
1.00014
1.00014
1.00014
1.00014
1.00014
1.00014
1.00014
1.00014
1.00014
1.00014
1.00014
1.00014
1.00014
1.00014
1.00014
1.0001
1.0001
1.0001
1.0001
1.0001
1.0001
1.0001
1.0001
1.0001
1.0001
1.0001
1.0001
1.0001
1.0001
1.0001
1.0001
1.00006
1.00006
1.00006
1.00006
1.00006
1.00006
1.00006
1.00006
1.00006
1.00006
1.00006
1.00006
1.00006
1.00006
1.00006
1.00006
1.00002
1.00002
1.00002
1.00002
1.00002
1.00002
1.00002
1.00002
1.00002
1.00002
1.00002
1.00002
1.00002
1.00002
1.00002
1.00002
)
;

boundaryField
{
    inlet
    {
        type            zeroGradient;
    }
    outlet
    {
        type            fixedValue;
        value           uniform 1;
    }
    wall
    {
        type            zeroGradient;
    }
    procBoundary3to1
    {
        type            processor;
        value           nonuniform List<scalar> 
192
(
1.00405
1.00381
1.00393
1.00865
1.00021
1.00064
1.00112
1.0011
1.0005
1.00066
1.00084
1.00087
1.00066
1.00069
1.00074
1.00077
1.00071
1.0007
1.0007
1.0007
1.00071
1.00069
1.00068
1.00067
1.00069
1.00067
1.00066
1.00065
1.00066
1.00065
1.00064
1.00063
1.00063
1.00062
1.00061
1.0006
1.00059
1.00058
1.00058
1.00057
1.00055
1.00055
1.00054
1.00054
1.00051
1.00051
1.00051
1.0005
1.00047
1.00047
1.00047
1.00046
1.00043
1.00043
1.00043
1.00043
1.00039
1.00039
1.00039
1.00039
1.00035
1.00035
1.00035
1.00035
1.00031
1.00031
1.00031
1.00031
1.00027
1.00027
1.00027
1.00027
1.00023
1.00023
1.00023
1.00023
1.00019
1.00019
1.00019
1.00019
1.00015
1.00015
1.00014
1.00014
1.0001
1.0001
1.0001
1.0001
1.00006
1.00006
1.00006
1.00006
1.00002
1.00002
1.00002
1.00002
1.0047
1.00433
1.00135
0.999716
1.00076
1.00052
0.999761
0.99929
1.00091
1.00082
1.00059
1.00047
1.00077
1.00073
1.00065
1.00058
1.00069
1.00067
1.00064
1.00061
1.00066
1.00065
1.00063
1.00062
1.00064
1.00063
1.00062
1.00062
1.00062
1.00061
1.0006
1.0006
1.00059
1.00059
1.00058
1.00058
1.00056
1.00056
1.00056
1.00055
1.00053
1.00053
1.00053
1.00053
1.0005
1.0005
1.00049
1.00049
1.00046
1.00046
1.00046
1.00046
1.00042
1.00042
1.00042
1.00042
1.00039
1.00039
1.00038
1.00038
1.00035
1.00035
1.00035
1.00035
1.00031
1.00031
1.00031
1.00031
1.00027
1.00027
1.00027
1.00027
1.00023
1.00023
1.00023
1.00023
1.00019
1.00019
1.00019
1.00018
1.00014
1.00014
1.00014
1.00014
1.0001
1.0001
1.0001
1.0001
1.00006
1.00006
1.00006
1.00006
1.00002
1.00002
1.00002
1.00002
)
;
    }
    procBoundary3to2
    {
        type            processor;
        value           nonuniform List<scalar> 
192
(
0.99592
1.00499
1.00483
0.999239
0.999433
1.0004
1.00068
1.00049
1.00052
1.00079
1.00098
1.0011
1.00072
1.00083
1.00093
1.00101
1.00076
1.00081
1.00087
1.00093
1.00075
1.00078
1.00082
1.00086
1.00072
1.00074
1.00077
1.00079
1.00069
1.0007
1.00072
1.00074
1.00065
1.00066
1.00067
1.00068
1.00061
1.00061
1.00062
1.00063
1.00057
1.00057
1.00057
1.00058
1.00052
1.00053
1.00053
1.00053
1.00048
1.00048
1.00049
1.00049
1.00044
1.00044
1.00044
1.00044
1.0004
1.0004
1.0004
1.0004
1.00035
1.00036
1.00036
1.00036
1.00031
1.00031
1.00031
1.00031
1.00027
1.00027
1.00027
1.00027
1.00023
1.00023
1.00023
1.00023
1.00019
1.00019
1.00019
1.00019
1.00015
1.00015
1.00015
1.00015
1.0001
1.0001
1.0001
1.0001
1.00006
1.00006
1.00006
1.00006
1.00002
1.00002
1.00002
1.00002
0.997748
0.989095
1.00422
1.00574
1.00014
0.999548
1.00146
1.00233
1.00107
1.0012
1.0016
1.00189
1.00107
1.00119
1.00137
1.00147
1.00099
1.00107
1.00115
1.0012
1.0009
1.00095
1.00099
1.00102
1.00082
1.00085
1.00088
1.00089
1.00075
1.00077
1.00079
1.00079
1.00069
1.0007
1.00071
1.00072
1.00064
1.00064
1.00065
1.00065
1.00058
1.00059
1.00059
1.00059
1.00054
1.00054
1.00054
1.00054
1.00049
1.00049
1.00049
1.00049
1.00045
1.00045
1.00045
1.00045
1.0004
1.0004
1.0004
1.0004
1.00036
1.00036
1.00036
1.00036
1.00032
1.00032
1.00032
1.00032
1.00027
1.00027
1.00027
1.00027
1.00023
1.00023
1.00023
1.00023
1.00019
1.00019
1.00019
1.00019
1.00015
1.00015
1.00015
1.00015
1.0001
1.0001
1.0001
1.0001
1.00006
1.00006
1.00006
1.00006
1.00002
1.00002
1.00002
1.00002
)
;
    }
}


// ************************************************************************* //
