/*--------------------------------*- C++ -*----------------------------------*\
  =========                 |
  \\      /  F ield         | OpenFOAM: The Open Source CFD Toolbox
   \\    /   O peration     | Website:  https://openfoam.org
    \\  /    A nd           | Version:  6
     \\/     M anipulation  |
\*---------------------------------------------------------------------------*/
FoamFile
{
    version     2.0;
    format      ascii;
    class       surfaceScalarField;
    location    "0.09";
    object      phi;
}
// * * * * * * * * * * * * * * * * * * * * * * * * * * * * * * * * * * * * * //

dimensions      [0 3 -1 0 0 0 0];

internalField   nonuniform List<scalar> 
3120
(
6.54008e-09
-4.59246e-09
5.80633e-08
-7.61074e-09
3.01178e-09
-8.23776e-09
6.73688e-08
5.26422e-09
-1.10407e-09
5.14234e-08
2.25965e-09
4.59533e-08
2.10575e-09
-5.45468e-09
5.39015e-08
-1.02437e-09
2.57475e-09
-6.64468e-09
5.20285e-08
3.88696e-09
-2.3609e-10
5.20396e-08
-3.6906e-10
5.4352e-08
1.71713e-10
-2.53394e-09
5.06667e-08
-1.17927e-10
4.59451e-09
-3.67077e-09
4.45496e-08
3.97303e-09
3.89727e-09
5.02919e-08
3.694e-09
5.27001e-08
4.79147e-09
4.80963e-08
5.41477e-11
-3.04527e-09
5.30163e-09
4.91174e-08
6.87992e-10
3.65945e-09
4.14569e-08
1.7034e-08
4.8732e-08
1.59268e-08
-2.92662e-09
1.18417e-09
5.45251e-08
1.78327e-09
1.134e-09
4.11617e-09
5.82373e-08
-3.72781e-09
1.8596e-09
5.71179e-08
1.49602e-10
5.59514e-08
-1.8333e-10
9.82573e-10
5.64093e-08
-2.1229e-09
-2.49791e-09
1.31961e-09
5.71396e-08
-6.54013e-09
7.69472e-10
5.7172e-08
9.18196e-10
5.66234e-08
1.52766e-10
-3.1355e-09
5.63821e-08
-1.75012e-09
-4.70318e-09
-4.84574e-09
5.55709e-08
-7.18298e-09
-2.22007e-09
5.57613e-08
-3.29535e-09
5.50714e-08
-7.13338e-10
5.2711e-08
-4.56513e-09
-2.4718e-09
-4.03611e-09
5.24034e-08
-4.80898e-09
-9.60893e-09
5.03309e-08
-5.52129e-09
5.31321e-08
-1.11024e-08
-2.56601e-09
-2.30853e-09
5.51552e-08
1.15996e-09
-1.98425e-09
-5.86677e-10
5.65195e-08
-2.05959e-09
1.00143e-11
5.69529e-08
-8.58368e-11
5.62575e-08
-1.5923e-09
-1.43186e-09
5.67044e-08
4.20473e-10
-2.12869e-09
-2.66046e-10
5.73554e-08
-2.63464e-09
4.56742e-10
5.72312e-08
4.57433e-10
5.61368e-08
-1.10283e-09
-1.16687e-09
5.70333e-08
1.86668e-10
-2.23872e-09
-5.2439e-10
5.69652e-08
-3.09214e-09
6.08031e-10
5.64634e-08
-1.89054e-10
5.55404e-08
-8.82154e-10
5.4705e-08
-1.83698e-09
-4.41696e-10
-2.26675e-09
5.46105e-08
-1.34689e-09
-4.50529e-09
5.41724e-08
-9.94874e-10
5.43973e-08
-1.77267e-09
-1.30724e-09
-1.91645e-09
5.52695e-08
5.75495e-10
-1.17421e-09
-1.3765e-09
5.57466e-08
-5.87965e-10
-8.41752e-10
5.57208e-08
-6.57776e-10
5.51443e-08
-1.24802e-09
-8.7333e-10
5.60419e-08
8.67473e-10
-1.15065e-09
-4.28812e-10
5.63103e-08
-7.94727e-10
-1.50933e-11
5.60486e-08
-8.07798e-11
5.53184e-08
-1.35476e-09
1.95692e-10
5.60218e-08
1.29727e-09
-1.34662e-09
4.05658e-10
5.61226e-08
-1.3019e-09
6.37802e-10
5.57658e-08
2.91363e-10
5.51268e-08
-1.71914e-09
5.48759e-08
1.68805e-10
1.57511e-09
-1.88384e-09
5.50256e-08
1.55279e-10
-2.21492e-09
5.48231e-08
3.18141e-10
5.45775e-08
1.12078e-10
-2.45034e-10
-1.53911e-09
5.49252e-08
9.42596e-11
-6.56793e-11
-1.42295e-09
5.50362e-08
2.78705e-10
-1.25131e-09
5.4862e-08
-1.1836e-09
5.44437e-08
-3.75806e-10
-8.33904e-10
5.53317e-08
3.80735e-10
-1.58793e-10
-7.24176e-10
5.53945e-08
1.15832e-10
-6.2444e-10
5.51471e-08
-6.90898e-10
5.46774e-08
-5.65444e-10
-2.0377e-10
5.53008e-08
6.56266e-10
-3.75211e-10
-1.46287e-10
5.53544e-08
-2.17948e-10
-1.23894e-10
5.5108e-08
-2.87392e-10
5.46854e-08
-8.35819e-10
5.4817e-08
-1.57459e-10
8.48424e-10
-7.33373e-10
5.49238e-08
-1.46988e-10
-6.98895e-10
5.47616e-08
-9.68158e-11
5.44877e-08
-1.84351e-10
2.92668e-10
-1.29028e-09
5.45387e-08
-2.24047e-10
4.54992e-10
-1.31807e-09
5.45368e-08
6.25626e-10
-1.30453e-09
5.43797e-08
-1.3083e-09
5.41014e-08
1.66917e-10
-8.6455e-10
5.47708e-08
-3.16744e-11
3.59017e-10
-8.89271e-10
5.47736e-08
5.16166e-10
-9.13851e-10
5.45993e-08
-9.88407e-10
5.43055e-08
1.62141e-11
-4.90687e-10
5.47759e-08
1.34815e-10
1.99873e-10
-5.23685e-10
5.48052e-08
3.20197e-10
-5.76195e-10
5.465e-08
-6.91895e-10
5.43859e-08
-1.65953e-10
5.45649e-08
-3.54536e-10
2.81874e-10
-1.04624e-11
5.46455e-08
-4.00845e-10
7.24481e-11
5.45426e-08
-4.40183e-10
5.43448e-08
-5.21311e-10
4.54478e-10
-1.04411e-09
5.42531e-08
-3.53477e-10
5.62858e-10
-1.10487e-09
5.4241e-08
6.4179e-10
-1.14021e-09
5.41328e-08
-1.17191e-09
5.39574e-08
3.56916e-10
-7.99159e-10
5.43939e-08
-2.25016e-10
4.8774e-10
-8.60395e-10
5.43983e-08
5.70776e-10
-9.1756e-10
5.42936e-08
-9.87539e-10
5.41185e-08
2.47621e-10
-5.69024e-10
5.44063e-08
-1.08158e-10
3.82364e-10
-6.31278e-10
5.44413e-08
4.57028e-10
-7.01516e-10
5.43593e-08
-7.91362e-10
5.42061e-08
1.29779e-10
5.42917e-08
-4.22785e-10
-2.76494e-12
2.59528e-10
5.43727e-08
-4.88196e-10
3.25391e-10
5.43291e-08
-5.53876e-10
5.42123e-08
-6.30767e-10
4.24919e-10
-8.13661e-10
5.40643e-08
-3.41147e-10
4.92455e-10
-8.69534e-10
5.40712e-08
5.26225e-10
-9.11745e-10
5.40103e-08
-9.46878e-10
5.39054e-08
3.53631e-10
-6.7114e-10
5.41512e-08
-2.53498e-10
4.36192e-10
-7.29525e-10
5.41758e-08
4.77903e-10
-7.84573e-10
5.41247e-08
-8.4055e-10
5.40258e-08
2.76637e-10
-5.24009e-10
5.41533e-08
-1.70796e-10
3.65634e-10
-5.8356e-10
5.42064e-08
4.09311e-10
-6.45827e-10
5.41769e-08
-7.12471e-10
5.40949e-08
1.98428e-10
5.40637e-08
-3.9847e-10
-9.59669e-11
2.89911e-10
5.41573e-08
-4.59727e-10
3.3518e-10
5.41587e-08
-5.20644e-10
5.41006e-08
-5.82996e-10
3.35974e-10
-6.18993e-10
5.39416e-08
-2.75598e-10
3.77727e-10
-6.62397e-10
5.39712e-08
3.92373e-10
-6.98373e-10
5.39464e-08
-7.27935e-10
5.38869e-08
2.84743e-10
-5.31606e-10
5.3994e-08
-2.14917e-10
3.36349e-10
-5.7787e-10
5.40396e-08
3.5849e-10
-6.2148e-10
5.40257e-08
-6.62353e-10
5.39733e-08
2.30369e-10
-4.33371e-10
5.39807e-08
-1.5595e-10
2.87941e-10
-4.80952e-10
5.40519e-08
3.14776e-10
-5.28652e-10
5.40572e-08
-5.75246e-10
5.40183e-08
1.76857e-10
5.38902e-08
-3.34141e-10
-1.02579e-10
2.38488e-10
5.39979e-08
-3.83149e-10
2.69746e-10
5.40293e-08
-4.30579e-10
5.40082e-08
-4.75892e-10
2.47014e-10
-4.65189e-10
5.3861e-08
-2.05384e-10
2.73607e-10
-4.97061e-10
5.39094e-08
2.81095e-10
-5.24496e-10
5.39096e-08
-5.46811e-10
5.38787e-08
2.10459e-10
-4.08414e-10
5.38896e-08
-1.62846e-10
2.43719e-10
-4.42738e-10
5.39521e-08
2.57315e-10
-4.74816e-10
5.39624e-08
-5.03457e-10
5.3938e-08
1.72002e-10
-3.40246e-10
5.38612e-08
-1.20691e-10
2.10156e-10
-3.75721e-10
5.39467e-08
2.28556e-10
-4.10202e-10
5.39742e-08
-4.42072e-10
5.39608e-08
1.34772e-10
5.37623e-08
-2.64496e-10
-8.26285e-11
1.7674e-10
5.38814e-08
-3.01177e-10
1.99706e-10
5.39319e-08
-3.35746e-10
5.39328e-08
-3.67404e-10
1.76206e-10
-3.47571e-10
5.3807e-08
-1.4763e-10
1.93945e-10
-3.70485e-10
5.38691e-08
1.98884e-10
-3.90451e-10
5.38861e-08
-4.06452e-10
5.38731e-08
1.50227e-10
-3.09024e-10
5.38184e-08
-1.17551e-10
1.72663e-10
-3.33818e-10
5.3893e-08
1.82353e-10
-3.56695e-10
5.3919e-08
-3.76411e-10
5.39116e-08
1.23037e-10
-2.60503e-10
5.37771e-08
-8.74143e-11
1.49324e-10
-2.86195e-10
5.38728e-08
1.63138e-10
-3.10554e-10
5.39142e-08
-3.32226e-10
5.39162e-08
9.69476e-11
5.36687e-08
-2.03593e-10
-6.02984e-11
1.26374e-10
5.3796e-08
-2.30263e-10
1.44088e-10
5.38585e-08
-2.54813e-10
5.38726e-08
-2.76659e-10
1.24493e-10
-2.58847e-10
5.377e-08
-1.04639e-10
1.3687e-10
-2.75196e-10
5.38418e-08
1.40789e-10
-2.89429e-10
5.38698e-08
-3.00622e-10
5.38682e-08
1.0605e-10
-2.31906e-10
5.37687e-08
-8.32351e-11
1.21843e-10
-2.49633e-10
5.38516e-08
1.29395e-10
-2.65753e-10
5.38877e-08
-2.79243e-10
5.38911e-08
8.681e-11
-1.96858e-10
5.37169e-08
-6.16668e-11
1.05585e-10
-2.15255e-10
5.38197e-08
1.16446e-10
-2.32337e-10
5.387e-08
-2.47099e-10
5.38814e-08
6.84329e-11
5.36002e-08
-1.54438e-10
-4.23163e-11
8.96774e-11
5.37331e-08
-1.73608e-10
1.03644e-10
5.38031e-08
-1.90903e-10
5.38253e-08
-2.05967e-10
8.79298e-11
-1.92308e-10
5.37442e-08
-7.39152e-11
9.68612e-11
-2.03951e-10
5.38226e-08
1.00183e-10
-2.14011e-10
5.3858e-08
-2.21756e-10
5.38639e-08
7.48226e-11
-1.73144e-10
5.37333e-08
-5.86075e-11
8.62856e-11
-1.85778e-10
5.3822e-08
9.23615e-11
-1.97098e-10
5.38648e-08
-2.06331e-10
5.38749e-08
6.11756e-11
-1.47627e-10
5.36733e-08
-4.31368e-11
7.49276e-11
-1.60755e-10
5.37809e-08
8.35739e-11
-1.72727e-10
5.38369e-08
-1.82834e-10
5.38544e-08
4.8166e-11
5.35498e-08
-1.16155e-10
-2.92813e-11
6.38244e-11
5.36866e-08
-1.29879e-10
7.48666e-11
5.37614e-08
-1.42053e-10
5.37887e-08
-1.52485e-10
6.23042e-11
-1.42564e-10
5.37259e-08
-5.22743e-11
6.88843e-11
-1.5086e-10
5.38088e-08
7.17033e-11
-1.57954e-10
5.38492e-08
-1.63295e-10
5.38602e-08
5.29675e-11
-1.28789e-10
5.37078e-08
-4.12826e-11
6.14394e-11
-1.37793e-10
5.38004e-08
6.63324e-11
-1.45747e-10
5.38477e-08
-1.52089e-10
5.38624e-08
4.32572e-11
-1.1014e-10
5.36416e-08
-3.01572e-11
5.34736e-11
-1.19505e-10
5.37524e-08
6.03274e-11
-1.27916e-10
5.38123e-08
-1.34881e-10
5.38337e-08
3.40036e-11
5.35128e-08
-8.68644e-11
-2.01999e-11
4.56757e-11
5.36521e-08
-9.66805e-11
5.4347e-11
5.373e-08
-1.05271e-10
5.37608e-08
-1.12538e-10
4.4321e-11
-1.05454e-10
5.37128e-08
-3.70721e-11
4.92192e-11
-1.11375e-10
5.37989e-08
5.15635e-11
-1.16381e-10
5.38427e-08
-1.20067e-10
5.3857e-08
3.76529e-11
-9.54958e-11
5.36894e-08
-2.91557e-11
4.39671e-11
-1.0192e-10
5.37847e-08
4.78648e-11
-1.07523e-10
5.38349e-08
-1.11901e-10
5.38527e-08
3.07216e-11
-8.18453e-11
5.36183e-08
-2.1137e-11
3.83562e-11
-8.85326e-11
5.37314e-08
4.37321e-11
-9.44623e-11
5.37938e-08
-9.92942e-11
5.3818e-08
2.41127e-11
5.34854e-08
-6.46752e-11
-1.39589e-11
3.28498e-11
5.36266e-08
-7.16995e-11
3.95899e-11
5.37066e-08
-7.77809e-11
5.37398e-08
-8.28723e-11
3.16351e-11
-7.78108e-11
5.37034e-08
-2.63657e-11
3.52928e-11
-8.20428e-11
5.37916e-08
3.71959e-11
-8.55809e-11
5.38377e-08
-8.81331e-11
5.38545e-08
2.68623e-11
-7.05901e-11
5.3676e-08
-2.06533e-11
3.15781e-11
-7.51802e-11
5.37731e-08
3.46386e-11
-7.91379e-11
5.38254e-08
-8.21769e-11
5.38454e-08
2.19016e-11
-6.05989e-11
5.36013e-08
-1.48646e-11
2.76101e-11
-6.53804e-11
5.37158e-08
3.17755e-11
-6.95748e-11
5.37801e-08
-7.29474e-11
5.38062e-08
1.71669e-11
5.34653e-08
-4.79646e-11
-9.67914e-12
2.37044e-11
5.36076e-08
-5.2995e-11
2.88862e-11
5.36892e-08
-5.73135e-11
5.3724e-08
-6.08997e-11
2.26265e-11
-5.72301e-11
5.36966e-08
-1.87878e-11
2.53532e-11
-6.02574e-11
5.37863e-08
2.68629e-11
-6.2762e-11
5.38341e-08
-6.45342e-11
5.38525e-08
1.92062e-11
-5.19914e-11
5.36662e-08
-1.46635e-11
2.27205e-11
-5.52738e-11
5.37646e-08
2.50881e-11
-5.80759e-11
5.38183e-08
-6.01947e-11
5.38398e-08
1.56506e-11
-4.46897e-11
5.35888e-08
-1.04831e-11
1.99063e-11
-4.81108e-11
5.37044e-08
2.3094e-11
-5.10853e-11
5.37699e-08
-5.34506e-11
5.37974e-08
1.2253e-11
5.34505e-08
-3.54211e-11
-6.73458e-12
1.71278e-11
5.35937e-08
-3.90248e-11
2.1068e-11
5.36763e-08
-4.20981e-11
5.37122e-08
-4.46338e-11
1.61816e-11
-4.18949e-11
5.36917e-08
-1.3389e-11
1.82035e-11
-4.40585e-11
5.37825e-08
1.93757e-11
-4.58317e-11
5.38314e-08
-4.70647e-11
5.38509e-08
1.37323e-11
-3.81016e-11
5.36591e-08
-1.04158e-11
1.63369e-11
-4.04468e-11
5.37584e-08
1.81409e-11
-4.2432e-11
5.38131e-08
-4.39131e-11
5.38357e-08
1.11851e-11
-3.27839e-11
5.35797e-08
-7.4016e-12
1.43393e-11
-3.52294e-11
5.36961e-08
1.67477e-11
-3.73402e-11
5.37624e-08
-3.90033e-11
5.37908e-08
8.74818e-12
5.34397e-08
-2.60148e-11
-4.69578e-12
1.23612e-11
5.35834e-08
-2.85932e-11
1.53232e-11
5.36667e-08
-3.0781e-11
5.37035e-08
-3.25769e-11
1.15329e-11
-3.04354e-11
5.36882e-08
-9.5124e-12
1.30184e-11
-3.19753e-11
5.37797e-08
1.39094e-11
-3.32271e-11
5.38294e-08
-3.40842e-11
5.38498e-08
9.7858e-12
-2.77037e-11
5.36539e-08
-7.37944e-12
1.16986e-11
-2.93727e-11
5.37539e-08
1.30509e-11
-3.07754e-11
5.38093e-08
-3.18101e-11
5.38327e-08
7.96816e-12
-2.38567e-11
5.35731e-08
-5.21672e-12
1.02842e-11
-2.55979e-11
5.369e-08
1.20779e-11
-2.70918e-11
5.37569e-08
-2.826e-11
5.3786e-08
6.22722e-12
5.34318e-08
-1.89493e-11
-3.27308e-12
8.87996e-12
5.3576e-08
-2.07865e-11
1.10774e-11
5.36598e-08
-2.23393e-11
5.36972e-08
-2.36087e-11
8.15134e-12
-2.18259e-11
5.36857e-08
-6.70538e-12
9.22743e-12
-2.29114e-11
5.37777e-08
9.88929e-12
-2.37877e-11
5.38279e-08
-2.43799e-11
5.38489e-08
6.91705e-12
-1.98804e-11
5.36503e-08
-5.19124e-12
8.30192e-12
-2.10569e-11
5.37506e-08
9.29587e-12
-2.204e-11
5.38066e-08
-2.27584e-11
5.38305e-08
5.63234e-12
-1.71308e-11
5.35684e-08
-3.65566e-12
7.30872e-12
-1.83588e-11
5.36856e-08
8.62047e-12
-1.94077e-11
5.3753e-08
-2.02228e-11
5.37826e-08
4.40056e-12
5.34262e-08
-1.36177e-11
-2.27402e-12
6.32036e-12
5.35706e-08
-1.49144e-11
7.92249e-12
5.36548e-08
-1.60073e-11
5.36926e-08
-1.6898e-11
5.68089e-12
-1.53155e-11
5.36839e-08
-4.66394e-12
6.44478e-12
-1.60661e-11
5.37763e-08
6.92333e-12
-1.66689e-11
5.38269e-08
-1.70719e-11
5.38483e-08
4.82509e-12
-1.39567e-11
5.36477e-08
-3.60999e-12
5.80698e-12
-1.47706e-11
5.37483e-08
6.51924e-12
-1.54479e-11
5.38047e-08
-1.59395e-11
5.38289e-08
3.93381e-12
-1.20314e-11
5.35651e-08
-2.54074e-12
5.1215e-12
-1.28818e-11
5.36825e-08
6.05732e-12
-1.3606e-11
5.37502e-08
-1.41665e-11
5.37801e-08
3.07843e-12
5.34222e-08
-9.56902e-12
-1.57751e-12
4.43791e-12
5.35668e-08
-1.04677e-11
5.57786e-12
5.36513e-08
-1.12245e-11
5.36894e-08
-1.18401e-11
3.90154e-12
-1.03883e-11
5.36827e-08
-3.20022e-12
4.43181e-12
-1.0891e-11
5.37753e-08
4.7681e-12
-1.12935e-11
5.38262e-08
-1.15606e-11
5.38479e-08
3.32583e-12
-9.4654e-12
5.36459e-08
-2.48914e-12
4.00483e-12
-1.00122e-11
5.37468e-08
4.50016e-12
-1.04665e-11
5.38033e-08
-1.07949e-11
5.38278e-08
2.72519e-12
-8.15724e-12
5.35628e-08
-1.76655e-12
3.54451e-12
-8.73051e-12
5.36804e-08
4.19188e-12
-9.21818e-12
5.37483e-08
-9.59526e-12
5.37785e-08
2.14719e-12
5.34195e-08
-6.48459e-12
-1.11272e-12
3.08397e-12
5.35643e-08
-7.09199e-12
3.87015e-12
5.36489e-08
-7.60403e-12
5.36872e-08
-8.02077e-12
2.70938e-12
-6.78115e-12
5.36819e-08
-2.22413e-12
3.07666e-12
-7.10336e-12
5.37747e-08
3.31026e-12
-7.36191e-12
5.38257e-08
-7.53326e-12
5.38476e-08
2.33604e-12
-6.172e-12
5.36447e-08
-1.76226e-12
2.80067e-12
-6.52415e-12
5.37457e-08
3.13822e-12
-6.81871e-12
5.38025e-08
-7.03294e-12
5.38271e-08
1.94628e-12
-5.31248e-12
5.35613e-08
-1.29471e-12
2.50169e-12
-5.68238e-12
5.3679e-08
2.93789e-12
-6.00096e-12
5.37471e-08
-6.24993e-12
5.37774e-08
1.57208e-12
5.34177e-08
-4.21899e-12
-8.71589e-13
2.20219e-12
5.35626e-08
-4.60957e-12
2.72728e-12
5.36473e-08
-4.94466e-12
5.36858e-08
-5.22234e-12
2.06747e-12
-4.56273e-12
-1.70577e-12
2.34255e-12
-4.78473e-12
2.51711e-12
-4.96285e-12
-5.08095e-12
1.80661e-12
-4.1192e-12
-1.38092e-12
2.15078e-12
-4.37374e-12
2.39839e-12
-4.58479e-12
-4.73849e-12
1.525e-12
-3.5028e-12
-1.03647e-12
1.93634e-12
-3.78364e-12
2.25507e-12
-4.0222e-12
-4.20731e-12
1.23983e-12
-2.73302e-12
-7.07561e-13
1.71121e-12
-3.03801e-12
2.09856e-12
-3.30344e-12
-3.51718e-12
5.60942e-10
9.91093e-09
2.2168e-08
1.3192e-11
6.86589e-09
5.45609e-09
3.3598e-08
-8.72192e-09
5.07235e-08
3.38199e-08
7.95692e-09
6.75355e-08
-9.02272e-10
1.36436e-08
3.65674e-08
-5.59258e-11
8.21416e-09
1.16775e-08
3.63725e-08
-6.79903e-09
1.0237e-07
2.82535e-08
-3.27881e-09
7.99623e-08
5.00305e-10
7.22232e-09
5.43431e-08
-2.32964e-09
-1.81598e-09
9.54026e-09
6.22798e-08
2.89668e-08
3.65545e-08
1.02631e-07
-1.10236e-10
9.72968e-08
3.52012e-09
6.11244e-08
-4.5576e-09
2.2454e-08
5.09474e-08
3.44951e-08
9.5847e-08
6.45446e-08
-3.57776e-09
-1.11775e-08
3.16538e-08
7.04417e-10
-8.04602e-09
-7.05019e-09
4.03074e-08
-1.8047e-08
-6.26388e-09
4.45634e-08
-8.41079e-09
5.66208e-08
-6.53228e-10
-1.13949e-08
3.72853e-08
1.52699e-10
-7.49923e-09
-9.69828e-09
4.58666e-08
-1.76614e-08
-2.24051e-08
5.45569e-08
-3.80854e-09
6.54204e-08
3.54435e-09
-3.98455e-09
4.38233e-08
-4.34986e-10
-7.24381e-09
5.42393e-09
5.79458e-08
8.01336e-10
-8.24614e-10
7.30058e-08
1.23734e-08
7.68897e-08
7.85501e-09
5.04232e-08
-1.13839e-09
-3.33473e-10
6.45598e-08
8.89023e-09
8.57986e-08
7.65751e-08
-9.21413e-10
-1.40457e-09
3.15303e-08
6.12425e-10
-3.16253e-09
-1.96136e-09
4.3163e-08
-6.22154e-09
-3.7556e-09
5.03832e-08
-2.18531e-09
5.64693e-08
-9.7477e-10
-1.50408e-09
3.76776e-08
6.81958e-10
-4.04247e-09
-3.22415e-09
5.01971e-08
-5.50832e-09
-5.82294e-09
5.80901e-08
-1.55459e-09
6.44442e-08
-1.09431e-09
-1.08175e-09
4.38344e-08
6.60836e-10
-3.38392e-09
-1.40544e-09
5.84167e-08
-2.56892e-09
-4.41033e-09
7.07782e-08
1.24394e-09
7.35573e-08
-6.93775e-10
4.94282e-08
6.06997e-10
-2.19307e-09
6.46536e-08
-3.54538e-10
7.95498e-08
7.88161e-08
-1.52609e-09
1.15974e-10
3.24364e-08
6.72916e-10
-2.1257e-09
-5.17289e-10
4.44352e-08
-2.98435e-09
-8.92751e-10
5.24527e-08
-3.73323e-10
5.69079e-08
-1.95444e-09
1.59724e-10
3.87814e-08
8.06907e-10
-2.69124e-09
-9.27469e-10
5.1344e-08
-3.07815e-09
-2.31539e-09
5.98996e-08
-6.05431e-10
6.45388e-08
-2.27607e-09
3.65464e-10
4.5007e-08
8.97773e-10
-3.15287e-09
-1.63078e-10
5.85291e-08
-2.27595e-09
-1.33521e-09
6.89211e-08
3.71644e-10
7.25635e-08
-2.36177e-09
5.11735e-08
9.81908e-10
-3.18231e-09
6.53111e-08
-1.75916e-09
7.67914e-08
7.93743e-08
-8.2445e-10
-5.95129e-11
3.26913e-08
4.71587e-10
-9.68529e-10
-3.29612e-10
4.47619e-08
-1.10113e-09
-4.71198e-10
5.29597e-08
-3.28212e-10
5.7052e-08
-1.0672e-09
1.83797e-11
3.9224e-08
5.46708e-10
-1.29161e-09
-4.47922e-10
5.16868e-08
-1.24197e-09
-9.63395e-10
6.03422e-08
-4.2722e-10
6.45903e-08
-1.27138e-09
5.24505e-11
4.56407e-08
6.03577e-10
-1.59327e-09
-2.2809e-10
5.86311e-08
-1.06859e-09
-6.20006e-10
6.8053e-08
-7.62844e-11
7.21807e-08
-1.36357e-09
5.19293e-08
6.60231e-10
-1.65892e-09
6.53783e-08
-9.02524e-10
7.5415e-08
7.92851e-08
-3.54313e-10
-2.49281e-10
3.26532e-08
2.87104e-10
-2.78181e-10
-3.99793e-10
4.46847e-08
-1.83405e-10
-5.06018e-10
5.29307e-08
-5.11523e-10
5.70171e-08
-4.60045e-10
-1.44005e-10
3.92622e-08
3.16566e-10
-4.23143e-10
-3.69749e-10
5.16198e-08
-2.61531e-10
-5.78512e-10
6.02531e-08
-4.68215e-10
6.45155e-08
-5.47914e-10
-4.74477e-11
4.57543e-08
3.37741e-10
-5.356e-10
-2.18222e-10
5.84673e-08
-2.23996e-10
-3.92563e-10
6.75555e-08
-2.43832e-10
7.19174e-08
-5.92265e-10
5.21113e-08
3.62862e-10
-5.61913e-10
6.51298e-08
-1.53355e-10
7.46139e-08
7.89968e-08
-1.33643e-10
-3.49361e-10
3.25315e-08
1.8193e-10
2.45755e-12
-4.49293e-10
4.45097e-08
1.4073e-10
-5.33346e-10
5.27719e-08
-5.77728e-10
5.69103e-08
-1.74585e-10
-2.47629e-10
3.91453e-08
1.89726e-10
-5.4596e-11
-3.66475e-10
5.1417e-08
1.05329e-10
-4.725e-10
6.00323e-08
-4.73319e-10
6.43636e-08
-2.0621e-10
-1.25795e-10
4.56447e-08
1.94025e-10
-9.12892e-11
-2.12767e-10
5.81986e-08
1.17998e-10
-2.95347e-10
6.7169e-08
-2.65007e-10
7.16603e-08
-2.21306e-10
5.20036e-08
2.03219e-10
-9.64934e-11
6.47922e-08
1.51473e-10
7.40706e-08
7.86766e-08
-5.34301e-11
-3.45997e-10
3.2405e-08
1.27498e-10
7.35014e-11
-4.16807e-10
4.43399e-08
1.98565e-10
-4.80765e-10
5.2607e-08
-5.25486e-10
5.6787e-08
-6.84408e-11
-2.58336e-10
3.89995e-08
1.26613e-10
5.13018e-11
-3.28356e-10
5.12088e-08
1.82091e-10
-3.91649e-10
5.98124e-08
-4.14189e-10
6.41935e-08
-7.87984e-11
-1.40094e-10
4.54811e-08
1.24166e-10
3.97403e-11
-1.8772e-10
5.79395e-08
1.87656e-10
-2.31258e-10
6.68607e-08
-2.32332e-10
7.14211e-08
-8.35474e-11
5.18211e-08
1.25922e-10
3.9939e-11
6.4481e-08
2.03441e-10
7.36758e-08
7.83829e-08
-3.0086e-11
-2.95049e-10
3.22996e-08
9.6387e-11
6.94882e-11
-3.4505e-10
4.42022e-08
1.69032e-10
-3.91324e-10
5.24682e-08
-4.26059e-10
5.66726e-08
-3.51271e-11
-2.24345e-10
3.88711e-08
9.27788e-11
6.02728e-11
-2.68303e-10
5.10367e-08
1.60097e-10
-3.08648e-10
5.96299e-08
-3.30367e-10
6.40384e-08
-3.78199e-11
-1.24462e-10
4.53306e-08
8.84667e-11
5.66497e-11
-1.52227e-10
5.77289e-08
1.62199e-10
-1.77374e-10
6.66239e-08
-1.84845e-10
7.1218e-08
-3.89458e-11
5.16481e-08
8.74534e-11
5.75425e-11
6.42323e-08
1.69433e-10
7.33866e-08
7.81384e-08
-2.41576e-11
-2.34746e-10
3.22186e-08
7.53866e-11
4.96031e-11
-2.69998e-10
4.40972e-08
1.25815e-10
-3.02749e-10
5.2359e-08
-3.2776e-10
5.65758e-08
-2.5476e-11
-1.79638e-10
3.87701e-08
7.14009e-11
4.52984e-11
-2.08547e-10
5.09044e-08
1.20076e-10
-2.35295e-10
5.94877e-08
-2.52127e-10
6.39091e-08
-2.55172e-11
-1.00471e-10
4.52098e-08
6.70846e-11
4.4125e-11
-1.17723e-10
5.75685e-08
1.204e-10
-1.33372e-10
6.64457e-08
-1.40705e-10
7.10544e-08
-2.53642e-11
5.15078e-08
6.52469e-11
4.48019e-11
6.40444e-08
1.23601e-10
7.31744e-08
7.79446e-08
-2.16337e-11
-1.80787e-10
3.21581e-08
5.93479e-11
3.22894e-11
-2.05732e-10
4.40188e-08
9.00548e-11
-2.28788e-10
5.22752e-08
-2.46346e-10
5.64977e-08
-2.16372e-11
-1.38595e-10
3.86937e-08
5.58194e-11
2.99974e-11
-1.583e-10
5.08054e-08
8.60214e-11
-1.76537e-10
5.93794e-08
-1.88756e-10
6.3806e-08
-2.08917e-11
-7.77505e-11
4.51177e-08
5.21312e-11
2.95692e-11
-8.9089e-11
5.74488e-08
8.55726e-11
-9.93702e-11
6.63125e-08
-1.0518e-10
7.09265e-08
-2.03571e-11
5.14001e-08
5.02732e-11
2.9977e-11
6.39049e-08
8.69097e-11
7.30181e-08
7.77947e-08
-1.90468e-11
-1.36994e-10
3.21132e-08
4.64497e-11
2.04776e-11
-1.54757e-10
4.39604e-08
6.41832e-11
-1.71019e-10
5.22116e-08
-1.83252e-10
5.64365e-08
-1.86673e-11
-1.05023e-10
3.86368e-08
4.35981e-11
1.91023e-11
-1.18817e-10
5.07317e-08
6.12585e-11
-1.31501e-10
5.92977e-08
-1.40163e-10
6.37259e-08
-1.78224e-11
-5.89634e-11
4.50488e-08
4.06678e-11
1.88877e-11
-6.67521e-11
5.736e-08
6.05606e-11
-7.37653e-11
6.62131e-08
-7.80536e-11
7.08283e-08
-1.72603e-11
5.13193e-08
3.90778e-11
1.9093e-11
6.38018e-08
6.10408e-11
7.29024e-08
7.76803e-08
-1.61096e-11
-1.02892e-10
3.20801e-08
3.60103e-11
1.30224e-11
-1.15611e-10
4.3917e-08
4.6051e-11
-1.27128e-10
5.21637e-08
-1.35649e-10
5.63893e-08
-1.56896e-11
-7.88338e-11
3.85946e-08
3.38129e-11
1.21174e-11
-8.86589e-11
5.06769e-08
4.39148e-11
-9.76013e-11
5.92364e-08
-1.03687e-10
6.36647e-08
-1.49686e-11
-4.4258e-11
4.49976e-08
3.1576e-11
1.19577e-11
-4.97652e-11
5.72942e-08
4.32066e-11
-5.46638e-11
6.61389e-08
-5.77375e-11
7.07537e-08
-1.44994e-11
5.12593e-08
3.0316e-11
1.20299e-11
6.37255e-08
4.32998e-11
7.28165e-08
7.75939e-08
-1.31568e-11
-7.68474e-11
3.20556e-08
2.76499e-11
8.40038e-12
-8.59919e-11
4.38848e-08
3.32995e-11
-9.41818e-11
5.21277e-08
-1.00132e-10
5.63535e-08
-1.28032e-11
-5.88384e-11
3.85634e-08
2.6002e-11
7.76781e-12
-6.59095e-11
5.06362e-08
3.17393e-11
-7.22693e-11
5.91905e-08
-7.65368e-11
6.36183e-08
-1.22501e-11
-3.30222e-11
4.49597e-08
2.4334e-11
7.62382e-12
-3.69824e-11
5.72454e-08
3.11148e-11
-4.04535e-11
6.60836e-08
-4.26291e-11
7.06975e-08
-1.1896e-11
5.12148e-08
2.33762e-11
7.61769e-12
6.36691e-08
3.10442e-11
7.27526e-08
7.75289e-08
-1.0464e-11
-5.71556e-11
3.20375e-08
2.10468e-11
5.51177e-12
-6.37477e-11
4.38608e-08
2.42147e-11
-6.95924e-11
5.21008e-08
-7.37642e-11
5.63265e-08
-1.0195e-11
-4.37344e-11
3.85404e-08
1.98306e-11
5.05466e-12
-4.88519e-11
5.06061e-08
2.30774e-11
-5.34008e-11
5.91563e-08
-5.63961e-11
6.35836e-08
-9.79154e-12
-2.45371e-11
4.49317e-08
1.86042e-11
4.92259e-12
-2.74098e-11
5.72092e-08
2.25633e-11
-2.98905e-11
6.60425e-08
-3.14231e-11
7.06554e-08
-9.53835e-12
5.11819e-08
1.78932e-11
4.87674e-12
6.36272e-08
2.24354e-11
7.27051e-08
7.74804e-08
-8.1581e-12
-4.23513e-11
3.20241e-08
1.58956e-11
3.67321e-12
-4.71102e-11
4.38431e-08
1.76595e-11
-5.12927e-11
5.20808e-08
-5.42292e-11
5.63064e-08
-7.96277e-12
-3.239e-11
3.85234e-08
1.50068e-11
3.33797e-12
-3.61031e-11
5.05838e-08
1.68325e-11
-3.93681e-11
5.91309e-08
-4.14754e-11
6.35576e-08
-7.67598e-12
-1.81671e-11
4.49111e-08
1.41127e-11
3.22141e-12
-2.02588e-11
5.71825e-08
1.6426e-11
-2.20403e-11
6.60119e-08
-2.31193e-11
7.06241e-08
-7.50038e-12
5.11576e-08
1.35925e-11
3.16048e-12
6.35963e-08
1.62906e-11
7.267e-08
7.74443e-08
-6.26072e-12
-3.12543e-11
3.20143e-08
1.19151e-11
2.47846e-12
-3.46904e-11
4.38301e-08
1.28823e-11
-3.76878e-11
5.2066e-08
-3.97613e-11
5.62914e-08
-6.12202e-12
-2.38937e-11
3.85109e-08
1.12696e-11
2.23173e-12
-2.65882e-11
5.05673e-08
1.22829e-11
-2.89357e-11
5.91121e-08
-3.04217e-11
6.35384e-08
-5.92078e-12
-1.33987e-11
4.48959e-08
1.06216e-11
2.13339e-12
-1.49223e-11
5.71628e-08
1.19701e-11
-1.62046e-11
6.59894e-08
-1.69646e-11
7.06009e-08
-5.80111e-12
5.11398e-08
1.02445e-11
2.07159e-12
6.35735e-08
1.18483e-11
7.2644e-08
7.74176e-08
-4.73759e-12
-2.29421e-11
3.20071e-08
8.85789e-12
1.68673e-12
-2.54185e-11
4.38205e-08
9.37392e-12
-2.75656e-11
5.20551e-08
-2.90318e-11
5.62804e-08
-4.64019e-12
-1.75337e-11
3.85017e-08
8.39173e-12
1.50574e-12
-1.94851e-11
5.05553e-08
8.94151e-12
-2.11716e-11
5.90982e-08
-2.22207e-11
6.35243e-08
-4.49991e-12
-9.83073e-12
4.48848e-08
7.92441e-12
1.42606e-12
-1.0938e-11
5.71483e-08
8.70589e-12
-1.18604e-11
6.59728e-08
-1.2396e-11
7.05838e-08
-4.41915e-12
5.11267e-08
7.65292e-12
1.37056e-12
6.35568e-08
8.60498e-12
7.26249e-08
7.73979e-08
-3.53119e-12
-1.67044e-11
3.20019e-08
6.51516e-12
1.15399e-12
-1.84803e-11
4.38135e-08
6.78089e-12
-2.00124e-11
5.20471e-08
-2.10472e-11
5.62723e-08
-3.46329e-12
-1.27639e-11
3.84951e-08
6.18092e-12
1.02232e-12
-1.41692e-11
5.05465e-08
6.47117e-12
-1.5376e-11
5.90882e-08
-1.61152e-11
6.35139e-08
-3.36606e-12
-7.15589e-12
4.48767e-08
5.8462e-12
9.59949e-13
-7.95581e-12
5.71378e-08
6.297e-12
-8.61676e-12
6.59607e-08
-8.99341e-12
7.05714e-08
-3.31195e-12
5.11172e-08
5.65219e-12
9.13593e-13
6.35446e-08
6.21755e-12
7.2611e-08
7.73836e-08
-2.5782e-12
-1.20019e-11
3.19981e-08
4.71557e-12
7.94822e-13
-1.32624e-11
4.38084e-08
4.85566e-12
-1.43453e-11
5.20414e-08
-1.50703e-11
5.62665e-08
-2.53152e-12
-9.17032e-12
3.84903e-08
4.47886e-12
7.00151e-13
-1.01714e-11
5.05402e-08
4.63627e-12
-1.10264e-11
5.90809e-08
-1.15434e-11
6.35065e-08
-2.46501e-12
-5.14135e-12
4.48709e-08
4.24198e-12
6.52595e-13
-5.7129e-12
5.71302e-08
4.50988e-12
-6.18197e-12
6.5952e-08
-6.44493e-12
7.05624e-08
-2.42925e-12
5.11104e-08
4.10488e-12
6.15581e-13
6.35359e-08
4.44949e-12
7.2601e-08
7.73733e-08
-1.81638e-12
-8.43608e-12
3.19955e-08
3.3227e-12
5.64411e-13
-9.31317e-12
4.38049e-08
3.43213e-12
-1.00648e-11
5.20374e-08
-1.05644e-11
5.62625e-08
-1.78549e-12
-6.44847e-12
3.84869e-08
3.15897e-12
4.97096e-13
-7.14702e-12
5.05357e-08
3.27903e-12
-7.74133e-12
5.90758e-08
-8.09673e-12
6.35013e-08
-1.7417e-12
-3.61768e-12
4.48668e-08
2.99517e-12
4.61069e-13
-4.01739e-12
5.71249e-08
3.18873e-12
-4.34367e-12
6.59459e-08
-4.52395e-12
7.05561e-08
-1.71896e-12
5.11056e-08
2.90022e-12
4.32093e-13
6.35297e-08
3.14364e-12
7.25939e-08
7.7366e-08
-1.19189e-12
-5.72605e-12
3.19937e-08
2.23395e-12
4.47362e-13
-6.31903e-12
4.38025e-08
2.41342e-12
-6.82615e-12
5.20346e-08
-7.1616e-12
5.62597e-08
-1.17458e-12
-4.38275e-12
3.84846e-08
2.12577e-12
3.98382e-13
-4.85612e-12
5.05327e-08
2.30733e-12
-5.25711e-12
5.90723e-08
-5.49435e-12
6.34977e-08
-1.14963e-12
-2.45902e-12
4.4864e-08
2.01749e-12
3.68983e-13
-2.73255e-12
5.71212e-08
2.24223e-12
-2.95454e-12
6.59417e-08
-3.07518e-12
7.05518e-08
-1.13761e-12
5.11023e-08
1.95401e-12
3.4453e-13
6.35255e-08
2.20738e-12
7.25891e-08
7.73611e-08
-6.5411e-13
-3.74034e-12
3.19925e-08
1.39251e-12
4.5859e-13
-4.11944e-12
4.38009e-08
1.76878e-12
-4.44882e-12
5.20328e-08
-4.66775e-12
5.62579e-08
-6.4747e-13
-2.88048e-12
3.84831e-08
1.32664e-12
4.21315e-13
-3.18191e-12
5.05307e-08
1.69363e-12
-3.43899e-12
5.907e-08
-3.58982e-12
6.34954e-08
-6.38719e-13
-1.64519e-12
4.48621e-08
1.26044e-12
3.94014e-13
-1.82048e-12
5.71188e-08
1.64408e-12
-1.95977e-12
6.5939e-08
-2.03198e-12
7.0549e-08
-6.35269e-13
5.11001e-08
1.21953e-12
3.73453e-13
6.35226e-08
1.61705e-12
7.25859e-08
7.73578e-08
-3.25815e-13
-2.46693e-12
8.43285e-13
4.81396e-13
-2.75646e-12
1.42349e-12
-2.99857e-12
-3.15696e-12
-3.37921e-13
-1.90207e-12
8.04116e-13
4.37876e-13
-2.12591e-12
1.3596e-12
-2.31081e-12
-2.41781e-12
-3.39704e-13
-1.0247e-12
7.63524e-13
4.09661e-13
-1.14109e-12
1.31669e-12
-1.23941e-12
-1.29671e-12
-3.3326e-13
7.32337e-13
3.91766e-13
1.2899e-12
-3.4644e-09
2.45893e-09
1.01175e-07
2.44578e-09
3.46339e-09
7.43153e-08
1.41476e-09
8.60255e-09
5.90672e-08
4.60457e-09
4.53345e-08
1.88791e-09
1.79218e-09
8.36295e-08
8.91447e-09
-8.77593e-10
6.42891e-08
-8.93506e-10
4.73155e-09
7.34116e-08
2.83314e-09
5.30091e-08
-5.58396e-09
6.92776e-09
5.75777e-08
-3.96139e-09
6.37571e-09
4.99409e-08
-6.52073e-09
4.34421e-09
5.43603e-08
1.12663e-09
3.95021e-08
-5.52305e-09
6.07557e-08
-9.42635e-09
5.40418e-08
-6.28837e-09
4.04641e-08
2.39031e-08
5.22455e-09
2.65793e-09
8.51003e-08
6.13823e-09
5.74241e-10
7.10773e-08
6.51506e-09
-2.37094e-09
6.22598e-08
-1.08163e-09
5.43429e-08
4.68704e-09
2.12827e-09
7.94721e-08
2.22289e-09
1.18045e-09
6.6147e-08
8.01734e-09
2.54388e-09
6.27023e-08
3.25571e-09
5.45662e-08
-4.07539e-10
-4.18149e-09
6.42949e-08
8.48283e-11
-4.06426e-09
5.46933e-08
6.16855e-09
-1.09452e-09
5.1915e-08
5.62564e-10
4.66137e-08
4.1359e-09
5.12999e-08
9.30856e-09
4.43699e-08
1.02919e-08
3.85389e-08
3.29902e-08
4.3024e-09
-1.04507e-09
8.03352e-08
2.942e-09
-1.50334e-09
7.26464e-08
1.29469e-09
-2.70618e-09
6.49406e-08
-3.04688e-09
5.70861e-08
3.60532e-09
-2.49563e-10
7.50712e-08
8.9484e-10
-9.03758e-10
6.82579e-08
8.22098e-10
-1.30536e-09
6.13742e-08
-1.64981e-09
5.44117e-08
1.65861e-09
-8.94648e-10
6.32814e-08
-6.68979e-10
-1.30655e-09
5.74236e-08
-4.57829e-10
-1.29015e-09
5.16887e-08
-1.16479e-09
4.58575e-08
9.56247e-10
5.0056e-08
3.99731e-10
4.42807e-08
1.36314e-10
3.81941e-08
3.21325e-08
8.76205e-10
-5.51984e-10
7.94357e-08
9.98293e-10
-7.94346e-10
7.22898e-08
4.57277e-10
-1.25823e-09
6.50186e-08
-1.81775e-09
5.75871e-08
1.21502e-10
1.42682e-11
7.43835e-08
2.68674e-11
-1.55645e-10
6.77139e-08
-3.35779e-10
-4.75816e-10
6.09545e-08
-8.76195e-10
5.40019e-08
-6.0193e-10
-3.67327e-10
6.42649e-08
-9.6935e-10
-3.50353e-10
5.79858e-08
-1.20526e-09
-3.3876e-10
5.17875e-08
-3.29651e-10
4.5403e-08
-7.41323e-10
5.14119e-08
-1.09103e-09
4.51778e-08
-1.39743e-09
3.89687e-08
3.26534e-08
3.33633e-10
-6.17315e-10
7.90221e-08
4.01553e-10
-7.40084e-10
7.20005e-08
2.37648e-10
-1.00382e-09
6.48305e-08
-1.33736e-09
5.74748e-08
-3.68813e-11
-3.70503e-10
7.41735e-08
-1.0784e-10
-4.10699e-10
6.74554e-08
-2.28468e-10
-5.49985e-10
6.06213e-08
-7.39209e-10
5.3556e-08
-2.94837e-10
-4.74899e-10
6.46642e-08
-5.39702e-10
-4.40316e-10
5.82602e-08
-6.4789e-10
-4.24087e-10
5.17698e-08
-4.15358e-10
4.50875e-08
-3.3473e-10
5.1932e-08
-6.40562e-10
4.56469e-08
-8.06983e-10
3.92577e-08
3.27511e-08
2.06358e-10
-6.69662e-10
7.86804e-08
2.70879e-10
-7.47585e-10
7.17392e-08
2.72391e-10
-9.02415e-10
6.45691e-08
-1.08926e-09
5.71923e-08
2.83901e-11
-4.58326e-10
7.39338e-08
1.88749e-11
-4.90732e-10
6.72081e-08
2.92241e-11
-5.69125e-10
6.02776e-08
-6.68644e-10
5.31329e-08
-9.19668e-11
-3.78211e-10
6.4676e-08
-1.63944e-10
-3.69411e-10
5.82109e-08
-1.66326e-10
-3.76209e-10
5.15793e-08
-3.83774e-10
4.47711e-08
-1.32201e-10
5.20489e-08
-2.29265e-10
4.57123e-08
-2.77138e-10
3.9246e-08
3.26592e-08
1.55954e-10
-6.26084e-10
7.83802e-08
2.57482e-10
-6.74286e-10
7.14649e-08
3.25884e-10
-7.62731e-10
6.42966e-08
-8.68172e-10
5.6924e-08
7.75651e-11
-4.36992e-10
7.36672e-08
1.39563e-10
-4.59671e-10
6.69315e-08
1.96935e-10
-5.0899e-10
5.99665e-08
-5.68528e-10
5.28052e-08
2.60361e-11
-3.00689e-10
6.45137e-08
5.30784e-11
-3.00546e-10
5.80247e-08
8.86606e-11
-3.14657e-10
5.13494e-08
-3.28848e-10
4.4512e-08
8.84555e-12
5.19425e-08
1.31179e-11
4.56015e-08
1.32546e-11
3.91209e-08
3.25227e-08
1.3253e-10
-5.26583e-10
7.81203e-08
2.34986e-10
-5.58205e-10
7.12238e-08
3.07833e-10
-6.1216e-10
6.40716e-08
-6.75615e-10
5.67218e-08
9.69705e-11
-3.69126e-10
7.34127e-08
1.75856e-10
-3.88064e-10
6.66825e-08
2.33489e-10
-4.23386e-10
5.97201e-08
-4.63488e-10
5.25731e-08
7.15892e-11
-2.33286e-10
6.43063e-08
1.27414e-10
-2.39423e-10
5.78203e-08
1.65279e-10
-2.56144e-10
5.11442e-08
-2.71993e-10
4.4315e-08
6.00786e-11
5.17751e-08
9.8657e-11
4.54477e-08
1.11664e-10
3.89783e-08
3.23939e-08
1.07826e-10
-4.18429e-10
7.79123e-08
1.92396e-10
-4.40351e-10
7.10347e-08
2.50737e-10
-4.75745e-10
6.39031e-08
-5.16462e-10
5.65793e-08
9.01716e-11
-2.95369e-10
7.31995e-08
1.59889e-10
-3.10867e-10
6.64833e-08
2.04841e-10
-3.37075e-10
5.95365e-08
-3.65454e-10
5.2412e-08
7.52005e-11
-1.8083e-10
6.41165e-08
1.29319e-10
-1.88501e-10
5.76438e-08
1.58976e-10
-2.03918e-10
5.09814e-08
-2.18321e-10
4.41708e-08
6.62002e-11
5.16155e-08
1.07599e-10
4.53063e-08
1.20147e-10
3.88547e-08
3.22896e-08
8.24678e-11
-3.2348e-10
7.77546e-08
1.46549e-10
-3.39006e-10
7.08939e-08
1.89047e-10
-3.63328e-10
6.37817e-08
-3.90806e-10
5.64807e-08
7.31157e-11
-2.30276e-10
7.30332e-08
1.27451e-10
-2.42446e-10
6.63324e-08
1.59383e-10
-2.61954e-10
5.94032e-08
-2.82511e-10
5.23002e-08
6.35438e-11
-1.39841e-10
6.39625e-08
1.0708e-10
-1.47012e-10
5.75048e-08
1.27695e-10
-1.59795e-10
5.08587e-08
-1.71721e-10
4.40671e-08
5.64807e-11
5.14844e-08
9.079e-11
4.5192e-08
9.96198e-11
3.87574e-08
3.22102e-08
6.08211e-11
-2.46478e-10
7.76386e-08
1.07436e-10
-2.57653e-10
7.07919e-08
1.37288e-10
-2.74885e-10
6.36956e-08
-2.94077e-10
5.64127e-08
5.55822e-11
-1.77086e-10
7.29082e-08
9.56642e-11
-1.86404e-10
6.6221e-08
1.17531e-10
-2.00902e-10
5.93073e-08
-2.15935e-10
5.22221e-08
4.92432e-11
-1.07859e-10
6.38441e-08
8.17855e-11
-1.13847e-10
5.73997e-08
9.54145e-11
-1.23893e-10
5.0768e-08
-1.33283e-10
4.39924e-08
4.39195e-11
5.13829e-08
6.98362e-11
4.51044e-08
7.52798e-11
3.86839e-08
3.21513e-08
4.39978e-11
-1.86221e-10
7.75546e-08
7.73062e-11
-1.94343e-10
7.07187e-08
9.80649e-11
-2.0677e-10
6.36348e-08
-2.20448e-10
5.63653e-08
4.09434e-11
-1.35008e-10
7.28161e-08
6.98107e-11
-1.4203e-10
6.61399e-08
8.46457e-11
-1.52771e-10
5.92385e-08
-1.63788e-10
5.21668e-08
3.66811e-11
-8.28385e-11
6.37552e-08
6.02696e-11
-8.75628e-11
5.73217e-08
6.9136e-11
-9.5223e-11
5.07016e-08
-1.02396e-10
4.39385e-08
3.28e-11
5.13064e-08
5.16626e-11
4.50386e-08
5.47752e-11
3.86292e-08
3.21078e-08
3.15259e-11
-1.39893e-10
7.74943e-08
5.51763e-11
-1.45825e-10
7.06665e-08
6.9636e-11
-1.54866e-10
6.35918e-08
-1.64718e-10
5.63321e-08
2.96991e-11
-1.02269e-10
7.27487e-08
5.02981e-11
-1.07501e-10
6.60809e-08
6.03978e-11
-1.15428e-10
5.91889e-08
-1.23496e-10
5.21274e-08
2.68171e-11
-6.32946e-11
6.36894e-08
4.37093e-11
-6.6901e-11
5.72642e-08
4.94811e-11
-7.26354e-11
5.0653e-08
-7.80102e-11
4.38993e-08
2.40543e-11
5.12493e-08
3.75822e-11
4.49898e-08
3.92594e-11
3.85887e-08
3.20758e-08
2.24972e-11
-1.04628e-10
7.74511e-08
3.92742e-11
-1.08967e-10
7.06293e-08
4.94064e-11
-1.1557e-10
6.35612e-08
-1.22705e-10
5.63086e-08
2.13882e-11
-7.70595e-11
7.26998e-08
3.60504e-11
-8.09258e-11
6.60382e-08
4.29834e-11
-8.67552e-11
5.91532e-08
-9.26502e-11
5.2099e-08
1.94348e-11
-4.80972e-11
6.3641e-08
3.1485e-11
-5.07955e-11
5.7222e-08
3.52722e-11
-5.50385e-11
5.06175e-08
-5.90162e-11
4.38708e-08
1.74963e-11
5.12071e-08
2.71504e-11
4.49537e-08
2.79944e-11
3.85588e-08
3.20522e-08
1.60349e-11
-7.79559e-11
7.74202e-08
2.79515e-11
-8.11293e-11
7.06027e-08
3.50982e-11
-8.59561e-11
6.35394e-08
-9.11354e-11
5.62919e-08
1.53563e-11
-5.77898e-11
7.26643e-08
2.57964e-11
-6.06298e-11
6.60073e-08
3.05988e-11
-6.49025e-11
5.91273e-08
-6.9201e-11
5.20785e-08
1.40298e-11
-3.63479e-11
6.36056e-08
2.26229e-11
-3.83413e-11
5.71911e-08
2.51336e-11
-4.14572e-11
5.05916e-08
-4.43773e-11
4.385e-08
1.26801e-11
5.1176e-08
1.95643e-11
4.4927e-08
1.99443e-11
3.85368e-08
3.20348e-08
1.14302e-11
-5.7868e-11
7.73981e-08
1.99102e-11
-6.01861e-11
7.05837e-08
2.49792e-11
-6.37129e-11
6.35238e-08
-6.74748e-11
5.62799e-08
1.10131e-11
-4.31396e-11
7.26385e-08
1.84564e-11
-4.52162e-11
6.59849e-08
2.18094e-11
-4.83387e-11
5.91086e-08
-5.14666e-11
5.20637e-08
1.01103e-11
-2.7316e-11
6.35796e-08
1.62434e-11
-2.87764e-11
5.71685e-08
1.7925e-11
-3.10531e-11
5.05726e-08
-3.3185e-11
4.38348e-08
9.17383e-12
5.11531e-08
1.4086e-11
4.49075e-08
1.42187e-11
3.85206e-08
3.20221e-08
8.14939e-12
-4.2777e-11
7.73823e-08
1.4192e-11
-4.44665e-11
7.057e-08
1.78008e-11
-4.70387e-11
6.35126e-08
-4.97688e-11
5.62713e-08
7.89254e-12
-3.20424e-11
7.26199e-08
1.32042e-11
-3.35545e-11
6.59687e-08
1.55591e-11
-3.58295e-11
5.90951e-08
-3.81e-11
5.20529e-08
7.27656e-12
-2.04057e-11
6.35607e-08
1.16568e-11
-2.14691e-11
5.71521e-08
1.27931e-11
-2.31257e-11
5.05588e-08
-2.46755e-11
4.38237e-08
6.62741e-12
5.11363e-08
1.01346e-11
4.48931e-08
1.01432e-11
3.85088e-08
3.20127e-08
5.80509e-12
-3.14471e-11
7.7371e-08
1.01098e-11
-3.26738e-11
7.05603e-08
1.2682e-11
-3.45428e-11
6.35046e-08
-3.65186e-11
5.62651e-08
5.64674e-12
-2.36506e-11
7.26064e-08
9.4351e-12
-2.47466e-11
6.59569e-08
1.10942e-11
-2.63971e-11
5.90853e-08
-2.80393e-11
5.20451e-08
5.22562e-12
-1.51339e-11
6.3547e-08
8.35169e-12
-1.59039e-11
5.71401e-08
9.12455e-12
-1.71039e-11
5.05487e-08
-1.82251e-11
4.38156e-08
4.77574e-12
5.11241e-08
7.2779e-12
4.48826e-08
7.23101e-12
3.85001e-08
3.20059e-08
4.12088e-12
-2.2926e-11
7.7363e-08
7.17762e-12
-2.38108e-11
7.05534e-08
9.00612e-12
-2.51597e-11
6.34989e-08
-2.65808e-11
5.62607e-08
4.02324e-12
-1.72994e-11
7.25968e-08
6.71583e-12
-1.80884e-11
6.59485e-08
7.88388e-12
-1.92776e-11
5.90782e-08
-2.04576e-11
5.20395e-08
3.73531e-12
-1.11133e-11
6.35371e-08
5.95835e-12
-1.16668e-11
5.71315e-08
6.48573e-12
-1.25301e-11
5.05414e-08
-1.33357e-11
4.38097e-08
3.42403e-12
5.11152e-08
5.20291e-12
4.4875e-08
5.13761e-12
3.84938e-08
3.2001e-08
2.90255e-12
-1.64887e-11
7.73573e-08
5.05582e-12
-1.71194e-11
7.05485e-08
6.34545e-12
-1.80808e-11
6.34949e-08
-1.9091e-11
5.62575e-08
2.84241e-12
-1.24741e-11
7.25899e-08
4.74084e-12
-1.30355e-11
6.59426e-08
5.55851e-12
-1.38819e-11
5.90732e-08
-1.47198e-11
5.20355e-08
2.64619e-12
-8.03723e-12
6.353e-08
4.21459e-12
-8.43066e-12
5.71253e-08
4.57457e-12
-9.0444e-12
5.05362e-08
-9.61607e-12
4.38055e-08
2.43176e-12
5.11088e-08
3.6869e-12
4.48696e-08
3.62329e-12
3.84893e-08
3.19974e-08
2.01793e-12
-1.15978e-11
7.73533e-08
3.51396e-12
-1.2038e-11
7.05451e-08
4.41103e-12
-1.2708e-11
6.34921e-08
-1.34104e-11
5.62553e-08
1.98121e-12
-8.78745e-12
7.25852e-08
3.30172e-12
-9.17896e-12
6.59384e-08
3.86852e-12
-9.76829e-12
5.90697e-08
-1.03503e-11
5.20327e-08
1.84913e-12
-5.67043e-12
6.3525e-08
2.94138e-12
-5.94462e-12
5.7121e-08
3.18793e-12
-6.37147e-12
5.05326e-08
-6.76819e-12
4.38026e-08
1.70337e-12
5.11043e-08
2.5783e-12
4.48658e-08
2.52832e-12
3.84862e-08
3.19949e-08
1.38353e-12
-7.8804e-12
7.73506e-08
2.40714e-12
-8.17737e-12
7.05428e-08
3.02259e-12
-8.62647e-12
6.34902e-08
-9.09712e-12
5.62538e-08
1.36022e-12
-5.96388e-12
7.25819e-08
2.26661e-12
-6.22881e-12
6.59355e-08
2.65854e-12
-6.62415e-12
5.90673e-08
-7.01369e-12
5.20308e-08
1.27036e-12
-3.83862e-12
6.35216e-08
2.02411e-12
-4.02427e-12
5.7118e-08
2.19955e-12
-4.31049e-12
5.05301e-08
-4.57574e-12
4.38006e-08
1.16912e-12
5.11013e-08
1.77705e-12
4.48632e-08
1.75198e-12
3.8484e-08
3.19932e-08
9.6915e-13
-5.15592e-12
7.73488e-08
1.66524e-12
-5.34511e-12
7.05412e-08
2.09213e-12
-5.62876e-12
6.34889e-08
-5.92743e-12
5.62528e-08
9.59176e-13
-3.87908e-12
7.25796e-08
1.57438e-12
-4.04967e-12
6.59336e-08
1.85448e-12
-4.30009e-12
5.90657e-08
-4.54577e-12
5.20295e-08
9.0429e-13
-2.46951e-12
6.35193e-08
1.41566e-12
-2.59119e-12
5.7116e-08
1.5537e-12
-2.7725e-12
5.05285e-08
-2.93852e-12
4.37993e-08
8.38548e-13
5.10992e-08
1.25408e-12
4.48614e-08
1.26237e-12
3.84825e-08
3.19921e-08
6.7938e-13
-3.44474e-12
1.2589e-12
-3.57855e-12
1.60011e-12
-3.75928e-12
-3.95392e-12
6.54652e-13
-2.51584e-12
1.18808e-12
-2.63667e-12
1.431e-12
-2.79724e-12
-2.96296e-12
6.01168e-13
-1.53641e-12
1.06246e-12
-1.6196e-12
1.20701e-12
-1.73561e-12
-1.8502e-12
5.43625e-13
9.21146e-13
9.68677e-13
)
;

boundaryField
{
    inlet
    {
        type            calculated;
        value           nonuniform List<scalar> 
48
(
-5.41107e-08
-5.41206e-08
-5.36412e-08
-5.24306e-08
-5.41646e-08
-5.40906e-08
-5.19463e-08
-5.39863e-08
-5.44286e-08
-5.42198e-08
-5.38038e-08
-5.29514e-08
-5.42222e-08
-5.41592e-08
-5.4162e-08
-5.40238e-08
-3.25989e-08
-3.93418e-08
-4.60924e-08
-5.28625e-08
-4.4671e-08
-5.17103e-08
-5.78263e-08
-6.36109e-08
-5.19217e-08
-6.48864e-08
-6.75991e-08
-7.47142e-08
-5.6854e-08
-6.45033e-08
-7.2095e-08
-7.86729e-08
-7.97074e-08
-7.49566e-08
-6.66208e-08
-5.28625e-08
-7.0736e-08
-6.69747e-08
-5.88168e-08
-4.60924e-08
-6.41026e-08
-5.97326e-08
-5.14137e-08
-3.93138e-08
-5.68853e-08
-5.31556e-08
-4.44343e-08
-3.20969e-08
)
;
    }
    outlet
    {
        type            calculated;
        value           nonuniform List<scalar> 
48
(
5.36813e-08
5.36439e-08
5.35602e-08
5.34164e-08
5.37742e-08
5.3745e-08
5.3678e-08
5.35613e-08
5.38254e-08
5.38018e-08
5.37462e-08
5.36462e-08
5.38474e-08
5.38266e-08
5.37766e-08
5.36848e-08
3.19917e-08
3.84821e-08
4.48608e-08
5.10987e-08
4.37998e-08
5.05293e-08
5.71171e-08
6.35208e-08
5.20316e-08
5.90684e-08
6.5937e-08
7.25837e-08
5.62566e-08
6.34938e-08
7.0547e-08
7.73556e-08
7.73474e-08
7.25781e-08
6.35177e-08
5.10978e-08
7.05399e-08
6.59321e-08
5.71146e-08
4.48602e-08
6.34879e-08
5.90645e-08
5.05272e-08
3.84816e-08
5.62521e-08
5.20286e-08
4.37983e-08
3.19913e-08
)
;
    }
    wall
    {
        type            calculated;
        value           nonuniform List<scalar> 
192
(
-2.07738e-12
1.35205e-25
-1.06909e-25
-4.13353e-25
3.07257e-25
1.82459e-25
-1.37943e-26
-3.46222e-27
-3.3901e-27
2.40695e-26
6.41319e-27
-2.13931e-26
3.301e-27
-4.05361e-27
-3.9659e-27
8.90316e-28
-5.30597e-28
6.8797e-28
-4.41548e-27
8.4065e-28
3.58818e-28
4.31168e-28
8.94609e-29
-2.7745e-29
3.27e-09
-1.04603e-24
-1.29336e-25
3.73388e-25
-6.52142e-26
1.58572e-25
-4.86554e-26
9.79307e-27
1.74542e-26
6.09709e-27
-4.80462e-27
3.65811e-27
6.03539e-27
-1.41342e-27
-1.15882e-27
1.37748e-27
-9.32761e-28
2.11269e-27
9.81089e-29
5.0346e-28
-1.11684e-28
-6.98608e-29
1.50161e-28
2.1062e-29
3.38056e-09
1.44519e-25
-1.96269e-25
2.71903e-25
-1.82985e-26
-6.11167e-26
-3.63118e-26
-3.09479e-26
-2.22784e-26
-3.08493e-27
3.11907e-27
-1.66883e-26
-4.79689e-27
1.51521e-27
-3.24468e-27
-2.43546e-27
3.0949e-27
-5.14357e-28
6.35915e-28
3.72612e-29
8.43979e-28
-1.27889e-29
-3.56331e-29
1.11548e-28
1.66097e-08
-2.06356e-25
-7.40138e-26
-1.05959e-26
-7.47257e-27
-7.29831e-27
-1.05633e-26
-4.67209e-26
1.42892e-26
2.98438e-29
-6.1791e-27
-4.02319e-28
-7.83184e-27
-3.1965e-27
-1.03443e-27
-7.73236e-28
1.52804e-28
-5.7812e-28
-3.8996e-28
-3.18143e-28
-6.90702e-28
-2.41791e-28
1.09077e-28
-6.5489e-29
-3.80035e-09
-9.89404e-09
9.49154e-09
7.67048e-24
-3.01759e-25
2.06364e-24
3.1404e-24
-5.38597e-25
-1.16687e-24
-9.69541e-26
3.7567e-25
1.96384e-25
-1.43696e-25
-4.3905e-27
-2.31208e-26
1.54808e-25
2.77113e-26
-5.89099e-26
1.90847e-25
-2.05688e-25
-4.5759e-26
-1.93046e-25
9.95367e-26
-2.8007e-26
-2.00674e-27
9.16963e-26
-3.31524e-26
1.15048e-25
2.73279e-26
6.30959e-26
1.74545e-25
2.89775e-26
1.9087e-26
-4.44851e-26
1.22861e-26
1.9194e-27
-2.2432e-26
-2.73736e-26
-1.82862e-26
-2.90473e-26
-8.74365e-27
-1.91408e-26
9.70813e-26
4.88624e-27
1.93888e-26
9.27517e-27
-4.39965e-26
-3.68793e-26
9.08142e-27
1.4339e-26
-3.27204e-26
-5.98026e-27
-7.02625e-27
1.42751e-26
-8.76028e-27
1.2642e-27
4.6509e-27
-1.27545e-26
-6.26025e-27
-1.15934e-26
5.15328e-27
2.33026e-27
8.94954e-27
9.08429e-27
-3.36076e-27
-7.34215e-27
6.66585e-27
1.26939e-26
3.60898e-27
1.51863e-27
8.9064e-27
-5.4293e-28
1.56623e-27
-3.16856e-27
-2.54356e-27
3.29329e-27
-1.59886e-28
-1.2323e-27
-3.82068e-28
1.94073e-27
1.62207e-27
4.05964e-28
-9.92641e-28
3.42268e-28
-2.75204e-29
3.60542e-28
1.74237e-27
2.7704e-29
7.64142e-28
1.41859e-27
3.58664e-28
2.26281e-28
-1.70777e-28
-3.017e-28
-5.40462e-28
-4.30822e-28
)
;
    }
    procBoundary2to0
    {
        type            processor;
        value           nonuniform List<scalar> 
192
(
1.7106e-09
-1.43807e-09
1.85686e-09
1.08635e-10
3.49736e-09
9.54683e-10
-2.69231e-09
-2.71595e-09
3.08443e-09
1.72269e-09
2.30359e-10
1.66095e-10
2.53391e-09
2.0164e-09
1.48756e-09
1.25435e-09
2.03416e-09
1.95395e-09
1.76572e-09
1.61339e-09
1.60821e-09
1.65511e-09
1.61625e-09
1.55405e-09
1.22869e-09
1.29238e-09
1.30816e-09
1.29906e-09
9.18737e-10
9.71754e-10
1.0005e-09
1.01176e-09
6.81282e-10
7.206e-10
7.47592e-10
7.63396e-10
5.04132e-10
5.32309e-10
5.53809e-10
5.68055e-10
3.73006e-10
3.93019e-10
4.09056e-10
4.20173e-10
2.7599e-10
2.90195e-10
3.01802e-10
3.09936e-10
2.04116e-10
2.14215e-10
2.225e-10
2.28268e-10
1.50818e-10
1.58015e-10
1.63893e-10
1.6792e-10
1.11283e-10
1.16424e-10
1.20586e-10
1.23377e-10
8.19548e-11
8.56342e-11
8.85824e-11
9.05122e-11
6.0188e-11
6.28241e-11
6.4914e-11
6.62496e-11
4.40081e-11
4.58952e-11
4.73764e-11
4.83025e-11
3.19405e-11
3.32855e-11
3.4332e-11
3.4974e-11
2.28884e-11
2.38374e-11
2.45701e-11
2.50123e-11
1.6053e-11
1.67091e-11
1.72125e-11
1.75118e-11
1.08886e-11
1.13267e-11
1.1661e-11
1.18569e-11
7.11511e-12
7.39356e-12
7.60529e-12
7.72728e-12
4.81516e-12
4.99838e-12
5.13807e-12
5.21702e-12
-1.66622e-08
-1.29529e-08
-2.53618e-09
7.50204e-10
8.19263e-09
1.75008e-09
-1.19841e-09
3.71619e-10
1.50781e-09
1.29466e-09
1.6726e-09
2.75831e-09
5.75318e-10
1.02886e-09
1.7213e-09
2.34949e-09
6.97248e-10
9.61466e-10
1.35579e-09
1.78164e-09
8.04995e-10
9.44293e-10
1.16229e-09
1.42001e-09
7.70389e-10
8.47127e-10
9.66828e-10
1.10893e-09
6.53911e-10
6.96788e-10
7.64325e-10
8.44515e-10
5.18573e-10
5.44906e-10
5.85938e-10
6.34096e-10
3.9875e-10
4.15706e-10
4.42228e-10
4.73008e-10
3.0165e-10
3.13099e-10
3.3112e-10
3.51802e-10
2.2618e-10
2.34173e-10
2.4683e-10
2.61208e-10
1.6868e-10
1.7438e-10
1.83449e-10
1.93657e-10
1.25324e-10
1.2944e-10
1.36011e-10
1.43348e-10
9.2825e-11
9.58187e-11
1.00608e-10
1.05917e-10
6.85504e-11
7.07344e-11
7.4233e-11
7.80874e-11
5.04486e-11
5.20425e-11
5.45972e-11
5.73974e-11
3.69471e-11
3.81073e-11
3.99672e-11
4.19971e-11
2.68515e-11
2.76906e-11
2.90358e-11
3.04987e-11
1.92642e-11
1.98639e-11
2.08244e-11
2.18661e-11
1.35281e-11
1.39475e-11
1.46177e-11
1.53433e-11
9.19511e-12
9.47758e-12
9.92682e-12
1.04135e-11
6.0407e-12
6.21991e-12
6.50301e-12
6.81257e-12
4.11498e-12
4.24138e-12
4.41997e-12
4.61671e-12
)
;
    }
    procBoundary2to3
    {
        type            processor;
        value           nonuniform List<scalar> 
192
(
1.11648e-08
6.32288e-09
1.37184e-09
-3.28158e-09
-1.11596e-08
-9.58011e-09
-5.34076e-09
-6.20194e-09
-2.44599e-09
-2.69139e-09
-2.91466e-09
-4.18685e-09
-7.13524e-11
-5.53334e-10
-1.26044e-09
-2.21588e-09
5.49592e-10
2.64181e-10
-1.80008e-10
-7.12111e-10
7.221e-10
5.68183e-10
3.23204e-10
4.4793e-11
6.58654e-10
5.73402e-10
4.40635e-10
2.97234e-10
5.13389e-10
4.64319e-10
3.92424e-10
3.17445e-10
3.7536e-10
3.45409e-10
3.04252e-10
2.62833e-10
2.68112e-10
2.49198e-10
2.24637e-10
2.00377e-10
1.90771e-10
1.78694e-10
1.63599e-10
1.48777e-10
1.36319e-10
1.28596e-10
1.19137e-10
1.09814e-10
9.80122e-11
9.30705e-11
8.70551e-11
8.10675e-11
7.08445e-11
6.76765e-11
6.38025e-11
5.98915e-11
5.13924e-11
4.93546e-11
4.68302e-11
4.42391e-11
3.73503e-11
3.60323e-11
3.43691e-11
3.26315e-11
2.71457e-11
2.6287e-11
2.51801e-11
2.4003e-11
1.96846e-11
1.91207e-11
1.83777e-11
1.75745e-11
1.41941e-11
1.38219e-11
1.33207e-11
1.27708e-11
1.01276e-11
9.88208e-12
9.54444e-12
9.16899e-12
7.10878e-12
6.94865e-12
6.7234e-12
6.46978e-12
4.90363e-12
4.80152e-12
4.65382e-12
4.48514e-12
3.40449e-12
3.34101e-12
3.24518e-12
3.13332e-12
2.58555e-12
2.54271e-12
2.47392e-12
2.39137e-12
-1.14336e-08
-1.10223e-08
5.9635e-10
3.19035e-08
-9.82391e-09
-7.72175e-09
5.02648e-09
9.23317e-09
-5.65748e-09
-5.16285e-09
-2.03503e-09
-1.35162e-09
-2.93748e-09
-2.94061e-09
-2.25918e-09
-1.94572e-09
-1.1014e-09
-1.19448e-09
-1.03678e-09
-8.89582e-10
-1.58292e-10
-2.30033e-10
-1.8509e-10
-1.08894e-10
1.94476e-10
1.52796e-10
1.66774e-10
2.06687e-10
2.64379e-10
2.40922e-10
2.45006e-10
2.64764e-10
2.33592e-10
2.19509e-10
2.19809e-10
2.29091e-10
1.82973e-10
1.7376e-10
1.7256e-10
1.76724e-10
1.37841e-10
1.31505e-10
1.29879e-10
1.31631e-10
1.02711e-10
9.82628e-11
9.66951e-11
9.73404e-11
7.63547e-11
7.32078e-11
7.1876e-11
7.20323e-11
5.67176e-11
5.44839e-11
5.34207e-11
5.33767e-11
4.20765e-11
4.04876e-11
3.96682e-11
3.95563e-11
3.11444e-11
3.00125e-11
2.93947e-11
2.92731e-11
2.29732e-11
2.21665e-11
2.17079e-11
2.15996e-11
1.68584e-11
1.62842e-11
1.59482e-11
1.58603e-11
1.22728e-11
1.1866e-11
1.16229e-11
1.15553e-11
8.82451e-12
8.53899e-12
8.36576e-12
8.31561e-12
6.23449e-12
6.03697e-12
5.91561e-12
5.87894e-12
4.32675e-12
4.19191e-12
4.10756e-12
4.07996e-12
3.02594e-12
2.93254e-12
2.87236e-12
2.85056e-12
2.31011e-12
2.24051e-12
2.19307e-12
2.16904e-12
)
;
    }
}


// ************************************************************************* //
