/*--------------------------------*- C++ -*----------------------------------*\
  =========                 |
  \\      /  F ield         | OpenFOAM: The Open Source CFD Toolbox
   \\    /   O peration     | Website:  https://openfoam.org
    \\  /    A nd           | Version:  6
     \\/     M anipulation  |
\*---------------------------------------------------------------------------*/
FoamFile
{
    version     2.0;
    format      ascii;
    class       volVectorField;
    location    "0.09";
    object      stored_U;
}
// * * * * * * * * * * * * * * * * * * * * * * * * * * * * * * * * * * * * * //

dimensions      [0 1 -1 0 0 0 0];

internalField   nonuniform List<vector> 
1152
(
(0.0022493 -0.00134035 0.00695002)
(-8.19221e-05 -0.00139416 0.00974795)
(0.00310312 -0.000561031 0.00270524)
(0.000460679 0.00025147 0.00157176)
(0.000153715 -0.00142824 0.00425954)
(0.00186523 -0.00178348 0.00301568)
(0.000425121 -0.000430207 0.00235799)
(0.00118703 0.000565275 0.00494422)
(-0.000795699 -0.00150624 0.00144011)
(0.00112718 -0.00236003 -0.000206226)
(0.00168211 1.10692e-05 0.00227396)
(0.00062178 0.000597319 0.00435984)
(0.000990332 -0.000296941 0.00135064)
(0.0020499 -1.02538e-05 0.00290963)
(0.00202381 0.0036697 0.00103588)
(-0.000387833 0.00176349 0.00426912)
(-0.00058787 -0.000355411 0.027819)
(-0.000372541 0.000338344 0.0291257)
(-0.000225474 0.00054537 0.0324483)
(-0.00213417 0.000327982 0.0317302)
(0.000187661 0.000307289 0.0305603)
(-0.000274608 0.000700407 0.0318499)
(-0.00120206 0.00041373 0.0329355)
(-0.00221562 0.000242232 0.0295506)
(0.000244214 -0.000177527 0.0338073)
(-0.000480079 -0.000394747 0.0330058)
(-0.00151372 -0.000123463 0.0318244)
(-0.0018168 -0.000248801 0.0292194)
(0.000368292 -0.00109905 0.0299914)
(-0.000421038 -0.00122272 0.0290146)
(-0.00179083 -0.000894694 0.0273574)
(-0.00231009 -0.00190286 0.0266865)
(-0.000550198 -0.000734441 0.0168864)
(-0.000620683 -0.000321427 0.0176071)
(-0.000466829 -5.71485e-05 0.0177117)
(-0.000660353 -4.57299e-05 0.0175387)
(-0.00028306 -0.000495684 0.0173657)
(-0.000471903 -0.000109149 0.0176529)
(-0.000597021 6.78375e-05 0.0176969)
(-0.00075952 6.44071e-05 0.017418)
(-0.00013921 -0.000325396 0.0174058)
(-0.000380529 -7.94925e-05 0.0173093)
(-0.000696085 0.000156866 0.0172978)
(-0.000835144 6.88622e-05 0.0171268)
(-7.71043e-06 -0.000403347 0.0162996)
(-0.000324899 -0.000235061 0.0163315)
(-0.000895658 -2.98012e-05 0.0163507)
(-0.00119034 -0.000300788 0.0167639)
(-0.000274985 -0.000601707 0.0183793)
(-0.000330767 -0.000457741 0.0186325)
(-0.000200395 -0.000317709 0.0185942)
(-9.88711e-05 -0.000257501 0.0183728)
(-0.000284231 -0.00037558 0.0187134)
(-0.000304326 -0.000243614 0.0188191)
(-0.000230751 -0.000125894 0.0187089)
(-0.000182045 -0.000107084 0.0184476)
(-0.000340814 -7.52952e-05 0.0187277)
(-0.000331294 7.10996e-06 0.0187174)
(-0.000325335 8.72455e-05 0.0185728)
(-0.000327124 3.21145e-05 0.0183397)
(-0.000429937 6.27744e-05 0.0183135)
(-0.000441189 8.6978e-05 0.0182837)
(-0.000511187 0.000138906 0.0181622)
(-0.000565268 3.86302e-05 0.01811)
(-5.13486e-05 -0.000476536 0.0184901)
(-4.41846e-05 -0.000448798 0.0185612)
(3.91097e-05 -0.000399884 0.0185036)
(0.000113373 -0.000368509 0.0183266)
(-0.000101753 -0.000318535 0.0186732)
(-6.56569e-05 -0.000288489 0.0187153)
(1.02133e-05 -0.000254096 0.0186175)
(6.00437e-05 -0.000253232 0.0184141)
(-0.000160221 -0.00012967 0.0186583)
(-0.000112306 -0.000108836 0.0186878)
(-5.69176e-05 -9.69476e-05 0.0185836)
(-3.48933e-05 -0.000130257 0.0184)
(-0.000222883 -3.97755e-05 0.0184173)
(-0.000189888 -2.99642e-05 0.0184706)
(-0.000162587 -2.25479e-05 0.0184006)
(-0.000161747 -6.47733e-05 0.0182915)
(6.52583e-05 -0.000383067 0.0182924)
(9.77041e-05 -0.000391334 0.0182963)
(0.000146021 -0.000383348 0.0182358)
(0.000179777 -0.000374442 0.0181202)
(2.56068e-05 -0.000284772 0.0183936)
(7.20606e-05 -0.000291814 0.0183956)
(0.000122748 -0.000293427 0.0183229)
(0.000149293 -0.000303597 0.0181971)
(-1.56231e-05 -0.000175194 0.0183959)
(3.43038e-05 -0.000183104 0.0184053)
(7.99375e-05 -0.000194784 0.0183366)
(9.59434e-05 -0.000221222 0.0182224)
(-5.95361e-05 -0.000110549 0.018301)
(-1.53986e-05 -0.000119012 0.0183289)
(2.32116e-05 -0.000131813 0.0182812)
(3.10223e-05 -0.000160289 0.0181975)
(0.000104515 -0.000297947 0.0181741)
(0.000133013 -0.000313477 0.0181672)
(0.000159286 -0.000319506 0.0181213)
(0.000171511 -0.000321841 0.0180473)
(7.58434e-05 -0.000241637 0.0182348)
(0.000111915 -0.000257525 0.0182326)
(0.000142196 -0.000269565 0.018186)
(0.000153455 -0.000282785 0.0181104)
(4.6441e-05 -0.000178293 0.0182427)
(8.51791e-05 -0.000194373 0.0182506)
(0.00011561 -0.000211461 0.0182114)
(0.000123764 -0.000232793 0.018144)
(1.70745e-05 -0.000132042 0.0181995)
(5.45877e-05 -0.000147047 0.0182237)
(8.41628e-05 -0.00016454 0.0181988)
(9.00011e-05 -0.000186759 0.0181465)
(9.93138e-05 -0.00022596 0.0180995)
(0.000119661 -0.000239805 0.0180972)
(0.000133642 -0.000248703 0.018069)
(0.000136324 -0.000254415 0.0180238)
(7.91173e-05 -0.000193806 0.0181371)
(0.000103681 -0.000208623 0.0181409)
(0.000121006 -0.000221192 0.0181156)
(0.000124844 -0.000232946 0.0180719)
(5.8495e-05 -0.000155966 0.0181419)
(8.50602e-05 -0.000171182 0.0181558)
(0.000103895 -0.000186517 0.0181381)
(0.000107797 -0.00020256 0.0181007)
(3.86506e-05 -0.000122825 0.0181126)
(6.54155e-05 -0.000137302 0.018141)
(8.52583e-05 -0.000152871 0.0181346)
(8.95036e-05 -0.000169538 0.0181066)
(7.92929e-05 -0.00016911 0.0180495)
(9.29022e-05 -0.000179719 0.0180554)
(0.000100589 -0.000187732 0.0180416)
(0.000100263 -0.000193454 0.0180153)
(6.51094e-05 -0.00014983 0.0180728)
(8.1159e-05 -0.000161443 0.0180844)
(9.12857e-05 -0.000171702 0.0180743)
(9.25713e-05 -0.000180758 0.0180504)
(5.05976e-05 -0.000125888 0.0180721)
(6.80914e-05 -0.000137945 0.0180929)
(7.98071e-05 -0.000149767 0.0180896)
(8.21697e-05 -0.000161091 0.0180707)
(3.69226e-05 -0.00010188 0.018044)
(5.49019e-05 -0.000113552 0.0180777)
(6.79398e-05 -0.000125489 0.0180839)
(7.14762e-05 -0.000137187 0.0180716)
(5.86538e-05 -0.000125878 0.0180168)
(6.76662e-05 -0.000133619 0.01803)
(7.22482e-05 -0.000139887 0.0180263)
(7.15135e-05 -0.000144539 0.0180119)
(4.86612e-05 -0.000113606 0.0180305)
(5.91901e-05 -0.000122176 0.0180487)
(6.55179e-05 -0.000129843 0.0180486)
(6.62769e-05 -0.000136383 0.0180366)
(3.84136e-05 -9.75906e-05 0.0180241)
(4.99935e-05 -0.000106539 0.0180505)
(5.76721e-05 -0.000115121 0.0180565)
(5.9671e-05 -0.000122916 0.0180485)
(2.88817e-05 -8.00017e-05 0.0179934)
(4.09183e-05 -8.87674e-05 0.0180315)
(4.97827e-05 -9.74082e-05 0.0180457)
(5.30423e-05 -0.000105438 0.0180429)
(4.19885e-05 -9.35059e-05 0.0179951)
(4.80574e-05 -9.90565e-05 0.0180137)
(5.10653e-05 -0.000103685 0.0180169)
(5.06328e-05 -0.00010715 0.0180099)
(3.49235e-05 -8.53136e-05 0.0180019)
(4.20093e-05 -9.14919e-05 0.018025)
(4.62811e-05 -9.70115e-05 0.0180314)
(4.70789e-05 -0.000101592 0.0180265)
(2.7674e-05 -7.4177e-05 0.0179906)
(3.55399e-05 -8.06415e-05 0.0180211)
(4.08844e-05 -8.67226e-05 0.0180329)
(4.27887e-05 -9.20425e-05 0.0180314)
(2.09921e-05 -6.12123e-05 0.0179563)
(2.9227e-05 -6.75966e-05 0.0179978)
(3.55269e-05 -7.37121e-05 0.0180169)
(3.85263e-05 -7.91953e-05 0.0180198)
(2.97125e-05 -6.93774e-05 0.0179803)
(3.39073e-05 -7.3335e-05 0.0180028)
(3.60453e-05 -7.66638e-05 0.0180104)
(3.59566e-05 -7.91386e-05 0.0180082)
(2.46985e-05 -6.37285e-05 0.0179821)
(2.96163e-05 -6.81433e-05 0.0180085)
(3.26836e-05 -7.20554e-05 0.0180191)
(3.35604e-05 -7.5221e-05 0.0180186)
(1.95565e-05 -5.58002e-05 0.0179667)
(2.50635e-05 -6.04231e-05 0.018)
(2.89604e-05 -6.46951e-05 0.0180155)
(3.07379e-05 -6.83241e-05 0.0180179)
(1.48466e-05 -4.62224e-05 0.0179292)
(2.06429e-05 -5.08146e-05 0.0179729)
(2.52801e-05 -5.51125e-05 0.0179952)
(2.79348e-05 -5.88651e-05 0.0180015)
(2.09888e-05 -5.14125e-05 0.01797)
(2.396e-05 -5.42319e-05 0.0179951)
(2.5556e-05 -5.65981e-05 0.0180058)
(2.56921e-05 -5.83305e-05 0.0180066)
(1.74166e-05 -4.74372e-05 0.017968)
(2.09203e-05 -5.05837e-05 0.0179968)
(2.32064e-05 -5.33409e-05 0.01801)
(2.40821e-05 -5.5519e-05 0.0180124)
(1.37563e-05 -4.17181e-05 0.0179494)
(1.77094e-05 -4.50141e-05 0.0179847)
(2.06289e-05 -4.80111e-05 0.0180026)
(2.2207e-05 -5.04957e-05 0.0180075)
(1.04174e-05 -3.46421e-05 0.0179093)
(1.45964e-05 -3.79301e-05 0.0179546)
(1.80801e-05 -4.09496e-05 0.0179789)
(2.03348e-05 -4.35321e-05 0.0179872)
(1.48594e-05 -3.80442e-05 0.0179627)
(1.70028e-05 -4.00548e-05 0.0179897)
(1.82216e-05 -4.17295e-05 0.0180024)
(1.84667e-05 -4.29317e-05 0.0180053)
(1.23051e-05 -3.52115e-05 0.0179579)
(1.48471e-05 -3.74545e-05 0.0179883)
(1.65807e-05 -3.93963e-05 0.0180033)
(1.73845e-05 -4.08959e-05 0.0180075)
(9.68979e-06 -3.10571e-05 0.0179369)
(1.25754e-05 -3.34072e-05 0.0179735)
(1.47885e-05 -3.55136e-05 0.0179929)
(1.61275e-05 -3.72239e-05 0.0179994)
(7.31015e-06 -2.58351e-05 0.0178947)
(1.03717e-05 -2.81863e-05 0.017941)
(1.30109e-05 -3.03127e-05 0.0179666)
(1.48617e-05 -3.21017e-05 0.0179763)
(1.05554e-05 -2.8103e-05 0.0179576)
(1.21194e-05 -2.95392e-05 0.0179858)
(1.30562e-05 -3.07238e-05 0.0179998)
(1.33324e-05 -3.1556e-05 0.0180041)
(8.7232e-06 -2.60694e-05 0.0179506)
(1.05874e-05 -2.76706e-05 0.0179821)
(1.19081e-05 -2.904e-05 0.0179983)
(1.26024e-05 -3.00758e-05 0.0180038)
(6.84834e-06 -2.30415e-05 0.0179277)
(8.97436e-06 -2.47192e-05 0.0179652)
(1.06559e-05 -2.62042e-05 0.0179856)
(1.17524e-05 -2.73886e-05 0.0179933)
(5.14483e-06 -1.91937e-05 0.0178839)
(7.40733e-06 -2.08756e-05 0.0179309)
(9.40843e-06 -2.2378e-05 0.0179574)
(1.08876e-05 -2.36253e-05 0.0179681)
(7.52141e-06 -2.07145e-05 0.0179538)
(8.66917e-06 -2.17421e-05 0.0179829)
(9.38741e-06 -2.25807e-05 0.0179979)
(9.65101e-06 -2.31572e-05 0.0180031)
(6.20411e-06 -1.92484e-05 0.0179453)
(7.57797e-06 -2.03932e-05 0.0179775)
(8.58195e-06 -2.13613e-05 0.0179946)
(9.15635e-06 -2.20797e-05 0.0180009)
(4.85672e-06 -1.70393e-05 0.017921)
(6.42904e-06 -1.82387e-05 0.0179591)
(7.70279e-06 -1.92888e-05 0.0179802)
(8.57671e-06 -2.01138e-05 0.0179886)
(3.63334e-06 -1.42098e-05 0.017876)
(5.31074e-06 -1.54138e-05 0.0179235)
(6.82293e-06 -1.64786e-05 0.0179505)
(7.98076e-06 -1.73533e-05 0.0179619)
(5.37007e-06 -1.5223e-05 0.0179511)
(6.21356e-06 -1.59588e-05 0.0179808)
(6.76036e-06 -1.65531e-05 0.0179965)
(6.99082e-06 -1.69533e-05 0.0180023)
(4.42204e-06 -1.41644e-05 0.0179415)
(5.43508e-06 -1.49835e-05 0.0179741)
(6.19377e-06 -1.56692e-05 0.0179918)
(6.65393e-06 -1.61694e-05 0.0179987)
(3.4526e-06 -1.25539e-05 0.0179161)
(4.61509e-06 -1.3412e-05 0.0179546)
(5.57428e-06 -1.41564e-05 0.0179762)
(6.25591e-06 -1.47338e-05 0.0179852)
(2.57263e-06 -1.04791e-05 0.0178701)
(3.81531e-06 -1.13412e-05 0.017918)
(4.95141e-06 -1.20977e-05 0.0179454)
(5.8424e-06 -1.27137e-05 0.0179572)
(3.83392e-06 -1.11363e-05 0.0179492)
(4.45225e-06 -1.16627e-05 0.0179793)
(4.86444e-06 -1.20838e-05 0.0179954)
(5.05497e-06 -1.23619e-05 0.0180017)
(3.15234e-06 -1.03729e-05 0.0179387)
(3.89698e-06 -1.09584e-05 0.0179717)
(4.4654e-06 -1.14443e-05 0.0179898)
(4.82464e-06 -1.17935e-05 0.0179971)
(2.45548e-06 -9.20223e-06 0.0179125)
(3.31173e-06 -9.81561e-06 0.0179512)
(4.02814e-06 -1.03437e-05 0.0179733)
(4.55e-06 -1.07488e-05 0.0179826)
(1.82294e-06 -7.68753e-06 0.0178658)
(2.73976e-06 -8.30411e-06 0.0179139)
(3.58658e-06 -8.84173e-06 0.0179416)
(4.26188e-06 -9.27659e-06 0.0179538)
(2.72816e-06 -8.08546e-06 0.0179478)
(3.1784e-06 -8.46041e-06 0.0179782)
(3.48514e-06 -8.75787e-06 0.0179946)
(3.63626e-06 -8.95087e-06 0.0180013)
(2.24032e-06 -7.53753e-06 0.0179366)
(2.78371e-06 -7.95431e-06 0.0179699)
(3.20463e-06 -8.2977e-06 0.0179883)
(3.4786e-06 -8.54129e-06 0.0179959)
(1.74157e-06 -6.69199e-06 0.0179098)
(2.3674e-06 -7.12868e-06 0.0179488)
(2.89653e-06 -7.50228e-06 0.0179711)
(3.28885e-06 -7.78632e-06 0.0179807)
(1.28881e-06 -5.59426e-06 0.0178627)
(1.9598e-06 -6.03342e-06 0.0179109)
(2.5842e-06 -6.41443e-06 0.0179389)
(3.08803e-06 -6.72095e-06 0.0179513)
(1.92542e-06 -5.79505e-06 0.0179468)
(2.24928e-06 -6.05947e-06 0.0179774)
(2.47364e-06 -6.26778e-06 0.0179941)
(2.58923e-06 -6.40087e-06 0.0180009)
(1.57977e-06 -5.4059e-06 0.0179351)
(1.97128e-06 -5.69972e-06 0.0179686)
(2.27791e-06 -5.94037e-06 0.0179872)
(2.48175e-06 -6.10926e-06 0.017995)
(1.22639e-06 -4.80239e-06 0.0179079)
(1.67782e-06 -5.11033e-06 0.0179471)
(2.06244e-06 -5.37247e-06 0.0179695)
(2.35123e-06 -5.57034e-06 0.0179793)
(9.05537e-07 -4.01684e-06 0.0178605)
(1.39003e-06 -4.32665e-06 0.0179088)
(1.84329e-06 -4.59445e-06 0.0179369)
(2.21205e-06 -4.809e-06 0.0179495)
(1.33994e-06 -4.06381e-06 0.0179461)
(1.56856e-06 -4.24663e-06 0.0179768)
(1.72893e-06 -4.38985e-06 0.0179936)
(1.81415e-06 -4.4802e-06 0.0180007)
(1.09973e-06 -3.79261e-06 0.0179341)
(1.37632e-06 -3.99583e-06 0.0179677)
(1.59463e-06 -4.16153e-06 0.0179864)
(1.74184e-06 -4.27688e-06 0.0179944)
(8.54137e-07 -3.37057e-06 0.0179066)
(1.1732e-06 -3.58369e-06 0.0179458)
(1.44642e-06 -3.76451e-06 0.0179684)
(1.65325e-06 -3.9003e-06 0.0179783)
(6.31119e-07 -2.82027e-06 0.0178589)
(9.73725e-07 -3.03482e-06 0.0179073)
(1.29524e-06 -3.21989e-06 0.0179355)
(1.55814e-06 -3.36781e-06 0.0179482)
(9.18527e-07 -2.75346e-06 0.0179456)
(1.07652e-06 -2.87565e-06 0.0179765)
(1.18824e-06 -2.971e-06 0.0179934)
(1.24876e-06 -3.03054e-06 0.0180005)
(7.5673e-07 -2.56952e-06 0.0179334)
(9.47544e-07 -2.70575e-06 0.017967)
(1.09873e-06 -2.81657e-06 0.0179859)
(1.20133e-06 -2.89332e-06 0.017994)
(5.91138e-07 -2.28305e-06 0.0179057)
(8.10965e-07 -2.42638e-06 0.017945)
(9.99512e-07 -2.54781e-06 0.0179676)
(1.14255e-06 -2.63882e-06 0.0179776)
(4.40374e-07 -1.90958e-06 0.0178577)
(6.76481e-07 -2.05425e-06 0.0179062)
(8.97895e-07 -2.17902e-06 0.0179345)
(1.07896e-06 -2.27879e-06 0.0179473)
(6.35679e-07 -1.79194e-06 0.0179453)
(7.4478e-07 -1.86974e-06 0.0179762)
(8.21992e-07 -1.93045e-06 0.0179932)
(8.63931e-07 -1.9681e-06 0.0180004)
(5.30911e-07 -1.67046e-06 0.0179329)
(6.61506e-07 -1.75774e-06 0.0179666)
(7.64465e-07 -1.82908e-06 0.0179855)
(8.33779e-07 -1.87863e-06 0.0179937)
(4.24057e-07 -1.48266e-06 0.0179051)
(5.7316e-07 -1.5747e-06 0.0179444)
(7.00195e-07 -1.65344e-06 0.0179671)
(7.95683e-07 -1.71299e-06 0.0179772)
(3.27245e-07 -1.23896e-06 0.017857)
(4.8633e-07 -1.33157e-06 0.0179055)
(6.34119e-07 -1.41281e-06 0.0179338)
(7.53968e-07 -1.4788e-06 0.0179467)
(4.8245e-07 -1.19687e-06 0.017945)
(5.63484e-07 -1.24864e-06 0.017976)
(6.20831e-07 -1.28915e-06 0.017993)
(6.51667e-07 -1.3142e-06 0.0180003)
(4.09244e-07 -1.10786e-06 0.0179325)
(5.05854e-07 -1.16882e-06 0.0179663)
(5.81376e-07 -1.21844e-06 0.0179852)
(6.31151e-07 -1.25301e-06 0.0179934)
(3.3145e-07 -9.72529e-07 0.0179045)
(4.42495e-07 -1.04054e-06 0.0179439)
(5.35801e-07 -1.09802e-06 0.0179667)
(6.04152e-07 -1.14129e-06 0.0179768)
(2.56267e-07 -8.00036e-07 0.0178564)
(3.77075e-07 -8.72325e-07 0.0179049)
(4.86886e-07 -9.34985e-07 0.0179333)
(5.7359e-07 -9.84912e-07 0.0179462)
(-0.000658668 0.000490744 0.0011831)
(0.000939101 0.00135919 0.00202099)
(0.00101314 0.00787846 0.00307549)
(-0.00725049 0.00286572 0.0141536)
(-0.00199989 0.00307361 0.00877415)
(0.000566069 0.00197893 0.0022547)
(0.00130239 0.010902 0.00202829)
(-0.0109731 -0.0008861 0.0170814)
(-0.00165242 0.0024711 0.0168946)
(-0.000432776 0.00213751 0.0109299)
(0.00362517 -0.0061734 0.0182379)
(0.00446011 -0.000211876 0.0179122)
(0.000512762 0.00130037 0.0185272)
(0.00137154 0.00180779 0.00599753)
(0.00577864 0.00431203 0.016339)
(0.0131547 0.00509332 0.00437903)
(0.000607231 -0.00224006 0.0263018)
(-0.000824481 -0.00188323 0.0254853)
(-0.00302884 -0.00187096 0.0183757)
(-0.00415792 -0.00265029 0.0231758)
(0.00124558 -0.00237997 0.02363)
(-0.000228247 -0.00221932 0.0249704)
(-0.00243144 -0.00338597 0.014716)
(-0.00390261 -0.00205213 0.0224906)
(0.00126053 -0.00118401 0.0219605)
(-7.6e-05 -0.000639484 0.0257756)
(-0.000472197 -0.00372141 0.0287569)
(0.00102951 0.000715024 0.0246837)
(0.00134409 0.000377138 0.0209565)
(0.001325 0.00120203 0.0244982)
(0.000613517 0.000452923 0.0272071)
(0.00287246 0.00195266 0.0228374)
(-1.60862e-05 -0.000470765 0.0156281)
(-0.000365285 -0.000535198 0.0156332)
(-0.00119278 -0.000626553 0.0152542)
(-0.00166849 -0.000637465 0.0169921)
(-7.55824e-05 -0.000508133 0.0156522)
(-0.000381083 -0.000924838 0.0159943)
(-0.00103546 -0.00149976 0.0155998)
(-0.00147947 -0.000678014 0.0175455)
(-0.000188476 -0.000459154 0.0158166)
(-0.000504851 -0.000814368 0.0169258)
(-0.000585433 -0.00151827 0.0192557)
(-0.000426398 -7.92103e-05 0.0182971)
(-0.000263925 -0.00032992 0.0157009)
(-0.000451288 -0.000339573 0.0165253)
(-0.000328533 -0.000384104 0.0192294)
(2.02291e-05 0.000291708 0.0170442)
(-0.000478805 -6.29037e-05 0.0180191)
(-0.000553366 -0.000144324 0.017977)
(-0.000676372 -0.00012935 0.0178196)
(-0.000775069 -9.36307e-05 0.0180111)
(-0.000543552 -0.000192582 0.0178405)
(-0.000658043 -0.000420285 0.0179626)
(-0.000676648 -0.000546983 0.0179649)
(-0.000752067 -0.000213929 0.01809)
(-0.000601007 -0.000282879 0.0176795)
(-0.00082827 -0.000496159 0.0181443)
(-0.000625981 -0.000611212 0.0186977)
(-0.000496511 -8.17127e-05 0.0182992)
(-0.000589971 -0.000392195 0.0175275)
(-0.000911143 -0.000466723 0.0181367)
(-0.000601388 -0.000304803 0.0188998)
(-0.000354486 2.95591e-05 0.0180706)
(-0.000270614 -7.77163e-05 0.0182058)
(-0.000266685 -0.00010459 0.0182879)
(-0.000250181 -9.74951e-05 0.0182353)
(-0.000261434 -8.54915e-05 0.0181926)
(-0.000312941 -0.00013203 0.0180489)
(-0.000343972 -0.000208962 0.0182171)
(-0.000283409 -0.00023631 0.018238)
(-0.000276727 -0.000126014 0.0181785)
(-0.000337713 -0.000185249 0.0178881)
(-0.000439236 -0.000265712 0.0181969)
(-0.00029381 -0.000264514 0.018406)
(-0.000218484 -8.40754e-05 0.0182157)
(-0.000334813 -0.000239833 0.0177222)
(-0.00049314 -0.000267807 0.0181092)
(-0.000296398 -0.000153169 0.0184213)
(-0.00016675 -1.96104e-05 0.0180923)
(-9.35226e-05 -9.7385e-05 0.0182046)
(-6.21144e-05 -0.000117997 0.0182535)
(-2.32668e-05 -0.000127255 0.0182229)
(-1.75542e-05 -0.000135619 0.0181612)
(-0.000127057 -0.000100596 0.0181126)
(-0.000108656 -0.00013023 0.0182021)
(-5.00467e-05 -0.000143589 0.018207)
(-3.23867e-05 -0.000122033 0.0181412)
(-0.000148948 -0.000107957 0.0180018)
(-0.000153486 -0.000132692 0.0181455)
(-6.32254e-05 -0.000128933 0.0182175)
(-1.74915e-05 -8.18455e-05 0.0181146)
(-0.000156501 -0.000120763 0.0178744)
(-0.000183861 -0.000114847 0.018047)
(-6.93932e-05 -6.20547e-05 0.0181553)
(2.76328e-06 -2.23508e-05 0.0180053)
(-6.34001e-06 -0.000104091 0.01814)
(2.63653e-05 -0.000122064 0.0181819)
(5.84904e-05 -0.000136709 0.0181717)
(6.54841e-05 -0.000151323 0.0181298)
(-3.25889e-05 -8.80729e-05 0.0180682)
(-2.1546e-06 -0.000100918 0.0181307)
(4.07508e-05 -0.000112691 0.0181398)
(5.58018e-05 -0.000117753 0.0180988)
(-5.26487e-05 -7.40939e-05 0.0179719)
(-2.77007e-05 -7.74375e-05 0.018056)
(3.001e-05 -7.80364e-05 0.0180902)
(5.90213e-05 -7.32167e-05 0.0180398)
(-6.64268e-05 -6.34275e-05 0.017852)
(-4.79257e-05 -4.65275e-05 0.0179448)
(2.26447e-05 -2.37861e-05 0.0179907)
(6.65619e-05 -1.8041e-05 0.0179237)
(2.17704e-05 -9.4737e-05 0.0180624)
(4.74931e-05 -0.000109336 0.018105)
(6.99414e-05 -0.000122963 0.0181107)
(7.62983e-05 -0.000136541 0.01809)
(1.64907e-06 -7.48225e-05 0.0179961)
(2.86477e-05 -8.14689e-05 0.018049)
(5.77766e-05 -9.13298e-05 0.0180663)
(6.99146e-05 -0.000101344 0.0180483)
(-1.54225e-05 -5.54576e-05 0.0179045)
(1.14956e-05 -5.28066e-05 0.0179646)
(4.89832e-05 -5.49363e-05 0.0179918)
(6.95271e-05 -6.0449e-05 0.0179719)
(-2.98489e-05 -3.79653e-05 0.0177875)
(-3.74187e-06 -2.14591e-05 0.0178455)
(4.15732e-05 -1.08739e-05 0.0178743)
(7.15465e-05 -1.42182e-05 0.0178475)
(2.45998e-05 -7.83799e-05 0.0179942)
(4.28764e-05 -8.93417e-05 0.0180393)
(5.80095e-05 -9.99197e-05 0.0180556)
(6.36583e-05 -0.00011025 0.0180493)
(9.6918e-06 -6.05899e-05 0.0179279)
(2.98532e-05 -6.43132e-05 0.017978)
(4.92848e-05 -7.16014e-05 0.0180021)
(5.91518e-05 -8.03114e-05 0.017999)
(-3.68737e-06 -4.27325e-05 0.0178368)
(1.76618e-05 -3.89362e-05 0.0178876)
(4.22528e-05 -4.07888e-05 0.0179158)
(5.76669e-05 -4.70672e-05 0.0179127)
(-1.60129e-05 -2.58761e-05 0.0177201)
(6.11092e-06 -1.25673e-05 0.0177639)
(3.57955e-05 -6.77521e-06 0.0177895)
(5.74901e-05 -1.10927e-05 0.0177826)
(1.99095e-05 -6.17068e-05 0.0179411)
(3.25719e-05 -6.96151e-05 0.0179889)
(4.29903e-05 -7.72645e-05 0.0180118)
(4.80277e-05 -8.46164e-05 0.0180142)
(9.0743e-06 -4.75048e-05 0.0178734)
(2.33586e-05 -4.96508e-05 0.0179231)
(3.65887e-05 -5.46875e-05 0.0179516)
(4.46861e-05 -6.11192e-05 0.0179572)
(-9.54426e-07 -3.30283e-05 0.0177814)
(1.45523e-05 -2.94927e-05 0.0178287)
(3.1112e-05 -3.06557e-05 0.0178588)
(4.30061e-05 -3.55627e-05 0.0178647)
(-1.05906e-05 -1.90975e-05 0.0176641)
(5.92941e-06 -8.95982e-06 0.0177022)
(2.59169e-05 -5.18043e-06 0.017728)
(4.21068e-05 -8.53814e-06 0.0177311)
(1.44774e-05 -4.73902e-05 0.0179014)
(2.33346e-05 -5.29972e-05 0.0179511)
(3.0764e-05 -5.83812e-05 0.0179781)
(3.51625e-05 -6.34979e-05 0.0179856)
(6.63981e-06 -3.65601e-05 0.0178319)
(1.67249e-05 -3.77921e-05 0.0178818)
(2.60392e-05 -4.11737e-05 0.0179132)
(3.26592e-05 -4.56846e-05 0.0179236)
(-7.45325e-07 -2.54252e-05 0.0177388)
(1.03178e-05 -2.24585e-05 0.0177848)
(2.18561e-05 -2.30436e-05 0.0178163)
(3.11327e-05 -2.65122e-05 0.0178271)
(-8.00675e-06 -1.45995e-05 0.0176208)
(3.93344e-06 -6.97156e-06 0.0176565)
(1.78372e-05 -4.1932e-06 0.017683)
(3.01139e-05 -6.49084e-06 0.0176911)
(1.01176e-05 -3.59159e-05 0.0178719)
(1.64409e-05 -3.98708e-05 0.017923)
(2.19017e-05 -4.36305e-05 0.0179524)
(2.56273e-05 -4.71754e-05 0.0179629)
(4.43333e-06 -2.7822e-05 0.0178009)
(1.16513e-05 -2.85137e-05 0.0178512)
(1.8413e-05 -3.07628e-05 0.0178842)
(2.37618e-05 -3.38816e-05 0.0178973)
(-9.82348e-07 -1.94557e-05 0.0177068)
(6.96131e-06 -1.70595e-05 0.0177523)
(1.52543e-05 -1.72693e-05 0.0177848)
(2.24967e-05 -1.96485e-05 0.0177982)
(-6.37705e-06 -1.12745e-05 0.0175882)
(2.24189e-06 -5.53223e-06 0.0176228)
(1.22013e-05 -3.37307e-06 0.0176498)
(2.15771e-05 -4.88524e-06 0.0176606)
(6.98105e-06 -2.70053e-05 0.0178501)
(1.15795e-05 -2.97945e-05 0.0179022)
(1.56684e-05 -3.24202e-05 0.0179331)
(1.87326e-05 -3.48824e-05 0.0179454)
(2.84018e-06 -2.10136e-05 0.017778)
(8.08459e-06 -2.13853e-05 0.0178284)
(1.30945e-05 -2.28807e-05 0.0178624)
(1.73529e-05 -2.50362e-05 0.0178772)
(-1.1337e-06 -1.47976e-05 0.0176831)
(4.63572e-06 -1.28973e-05 0.0177282)
(1.07256e-05 -1.28958e-05 0.0177612)
(1.63529e-05 -1.45195e-05 0.0177762)
(-5.12187e-06 -8.69807e-06 0.0175639)
(1.14478e-06 -4.36593e-06 0.0175979)
(8.42694e-06 -2.66064e-06 0.0176253)
(1.55929e-05 -3.64935e-06 0.0176375)
(4.80995e-06 -2.01957e-05 0.017834)
(8.19549e-06 -2.21663e-05 0.0178867)
(1.12821e-05 -2.40061e-05 0.0179185)
(1.37402e-05 -2.57249e-05 0.0179321)
(1.78241e-06 -1.57819e-05 0.017761)
(5.63471e-06 -1.59666e-05 0.0178116)
(9.38522e-06 -1.69647e-05 0.0178461)
(1.2726e-05 -1.84614e-05 0.0178619)
(-1.13772e-06 -1.11906e-05 0.0176655)
(3.09176e-06 -9.70142e-06 0.0177104)
(7.61678e-06 -9.59718e-06 0.0177437)
(1.19567e-05 -1.07098e-05 0.0177596)
(-4.0811e-06 -6.67513e-06 0.017546)
(5.08175e-07 -3.40525e-06 0.0175795)
(5.89543e-06 -2.06102e-06 0.017607)
(1.13557e-05 -2.71134e-06 0.0176202)
(3.32434e-06 -1.5039e-05 0.0178221)
(5.83273e-06 -1.64348e-05 0.0178752)
(8.16528e-06 -1.77292e-05 0.0179077)
(1.0098e-05 -1.89355e-05 0.017922)
(1.10608e-06 -1.17971e-05 0.0177485)
(3.95288e-06 -1.18755e-05 0.0177991)
(6.76942e-06 -1.25455e-05 0.017834)
(9.35558e-06 -1.35908e-05 0.0178504)
(-1.04138e-06 -8.41768e-06 0.0176525)
(2.07642e-06 -7.26228e-06 0.0176971)
(5.45437e-06 -7.11964e-06 0.0177307)
(8.77368e-06 -7.88721e-06 0.0177471)
(-3.21156e-06 -5.08893e-06 0.0175327)
(1.65124e-07 -2.62455e-06 0.0175659)
(4.17078e-06 -1.57413e-06 0.0175935)
(8.31038e-06 -2.00623e-06 0.0176072)
(2.30777e-06 -1.11555e-05 0.0178134)
(4.1696e-06 -1.21465e-05 0.0178667)
(5.92728e-06 -1.30608e-05 0.0178996)
(7.42228e-06 -1.39116e-05 0.0179144)
(6.81656e-07 -8.77984e-06 0.0177392)
(2.78957e-06 -8.80068e-06 0.0177898)
(4.90203e-06 -9.25323e-06 0.0178249)
(6.88052e-06 -9.98728e-06 0.0178418)
(-8.97048e-07 -6.29903e-06 0.017643)
(1.40604e-06 -5.41095e-06 0.0176874)
(3.92785e-06 -5.26486e-06 0.017721)
(6.44545e-06 -5.79807e-06 0.0177378)
(-2.49501e-06 -3.85271e-06 0.0175229)
(-5.78628e-09 -2.00135e-06 0.0175558)
(2.97458e-06 -1.18921e-06 0.0175835)
(6.09429e-06 -1.4794e-06 0.0175975)
(1.60856e-06 -8.23994e-06 0.0178069)
(2.98828e-06 -8.94467e-06 0.0178604)
(4.30575e-06 -9.59239e-06 0.0178936)
(5.44622e-06 -1.01946e-05 0.0179088)
(4.1796e-07 -6.50354e-06 0.0177324)
(1.97686e-06 -6.49563e-06 0.017783)
(3.55478e-06 -6.80314e-06 0.0178182)
(5.05216e-06 -7.32081e-06 0.0178354)
(-7.40556e-07 -4.68768e-06 0.0176359)
(9.59208e-07 -4.0115e-06 0.0176802)
(2.83622e-06 -3.87897e-06 0.0177138)
(4.72981e-06 -4.25147e-06 0.017731)
(-1.91444e-06 -2.89552e-06 0.0175157)
(-8.0766e-08 -1.51128e-06 0.0175484)
(2.1315e-06 -8.90308e-07 0.0175761)
(4.46699e-06 -1.08701e-06 0.0175904)
(1.12392e-06 -6.0529e-06 0.0178022)
(2.14165e-06 -6.55416e-06 0.0178557)
(3.12183e-06 -7.01349e-06 0.0178891)
(3.98065e-06 -7.44033e-06 0.0179047)
(2.55158e-07 -4.78882e-06 0.0177274)
(1.4032e-06 -4.7687e-06 0.0177779)
(2.57416e-06 -4.97864e-06 0.0178133)
(3.69524e-06 -5.34444e-06 0.0178307)
(-5.91782e-07 -3.46524e-06 0.0176307)
(6.57942e-07 -2.95575e-06 0.0176749)
(2.04714e-06 -2.84357e-06 0.0177086)
(3.45847e-06 -3.10468e-06 0.0177259)
(-1.4506e-06 -2.15801e-06 0.0175104)
(-1.04577e-07 -1.12992e-06 0.0175429)
(1.52924e-06 -6.6065e-07 0.0175706)
(3.26395e-06 -7.94921e-07 0.0175851)
(7.85129e-07 -4.40957e-06 0.0177987)
(1.52962e-06 -4.76505e-06 0.0178524)
(2.25131e-06 -5.09003e-06 0.0178859)
(2.88898e-06 -5.39194e-06 0.0179016)
(1.55443e-07 -3.49563e-06 0.0177238)
(9.94261e-07 -3.47242e-06 0.0177742)
(1.85481e-06 -3.61606e-06 0.0178097)
(2.6837e-06 -3.87418e-06 0.0178273)
(-4.59406e-07 -2.53763e-06 0.0176269)
(4.52585e-07 -2.15866e-06 0.017671)
(1.47151e-06 -2.06824e-06 0.0177047)
(2.51157e-06 -2.25126e-06 0.0177222)
(-1.08324e-06 -1.59082e-06 0.0175065)
(-1.02241e-07 -8.34694e-07 0.0175389)
(1.09413e-06 -4.84959e-07 0.0175666)
(2.36932e-06 -5.76978e-07 0.0175812)
(5.46787e-07 -3.16894e-06 0.0177962)
(1.08405e-06 -3.41898e-06 0.0178499)
(1.60734e-06 -3.64715e-06 0.0178835)
(2.07237e-06 -3.8591e-06 0.0178994)
(9.58154e-08 -2.51608e-06 0.0177212)
(7.00675e-07 -2.49457e-06 0.0177716)
(1.32383e-06 -2.59268e-06 0.017807)
(1.92645e-06 -2.77365e-06 0.0178248)
(-3.4518e-07 -1.83108e-06 0.0176242)
(3.1189e-07 -1.55427e-06 0.0176682)
(1.0487e-06 -1.48453e-06 0.0177019)
(1.8031e-06 -1.6123e-06 0.0177195)
(-7.92822e-07 -1.15357e-06 0.0175037)
(-8.67539e-08 -6.05927e-07 0.0175361)
(7.77322e-07 -3.50213e-07 0.0175637)
(1.70063e-06 -4.13421e-07 0.0175784)
(3.80608e-07 -2.22608e-06 0.0177944)
(7.60356e-07 -2.39898e-06 0.0178482)
(1.13114e-06 -2.55675e-06 0.0178818)
(1.46173e-06 -2.70335e-06 0.0178978)
(6.39699e-08 -1.76916e-06 0.0177193)
(4.91327e-07 -1.75155e-06 0.0177697)
(9.32497e-07 -1.81824e-06 0.0178052)
(1.35995e-06 -1.94362e-06 0.017823)
(-2.46177e-07 -1.28936e-06 0.0176223)
(2.17859e-07 -1.09254e-06 0.0176662)
(7.39043e-07 -1.04161e-06 0.0176999)
(1.27334e-06 -1.13024e-06 0.0177175)
(-5.61183e-07 -8.14049e-07 0.0175017)
(-6.28809e-08 -4.27e-07 0.017534)
(5.47818e-07 -2.45653e-07 0.0175616)
(1.20103e-06 -2.89571e-07 0.0175764)
(2.70335e-07 -1.50649e-06 0.0177932)
(5.31818e-07 -1.62328e-06 0.017847)
(7.86835e-07 -1.73008e-06 0.0178807)
(1.01393e-06 -1.82953e-06 0.0178968)
(5.39889e-08 -1.19651e-06 0.017718)
(3.48188e-07 -1.18421e-06 0.0177684)
(6.51494e-07 -1.22973e-06 0.0178039)
(9.44661e-07 -1.31562e-06 0.0178218)
(-1.58517e-07 -8.70788e-07 0.0176209)
(1.60929e-07 -7.37149e-07 0.0176648)
(5.19154e-07 -7.03385e-07 0.0176985)
(8.85328e-07 -7.65254e-07 0.0177162)
(-3.7395e-07 -5.47625e-07 0.0175004)
(-3.13903e-08 -2.84822e-07 0.0175326)
(3.88019e-07 -1.62734e-07 0.0175602)
(8.35495e-07 -1.94983e-07 0.017575)
(2.14566e-07 -9.73649e-07 0.0177924)
(3.92226e-07 -1.04838e-06 0.0178462)
(5.61502e-07 -1.11952e-06 0.0178799)
(7.10887e-07 -1.18663e-06 0.017896)
(7.03983e-08 -7.69529e-07 0.0177171)
(2.70389e-07 -7.60581e-07 0.0177675)
(4.71777e-07 -7.93175e-07 0.017803)
(6.64503e-07 -8.53092e-07 0.017821)
(-7.13643e-08 -5.56573e-07 0.01762)
(1.45822e-07 -4.69477e-07 0.0176639)
(3.83784e-07 -4.51449e-07 0.0176976)
(6.24603e-07 -4.97052e-07 0.0177153)
(-2.16415e-07 -3.41143e-07 0.0174995)
(1.71044e-08 -1.70673e-07 0.0175316)
(2.96342e-07 -9.64248e-08 0.0175593)
(5.91156e-07 -1.24514e-07 0.0175741)
(1.77442e-07 -6.26688e-07 0.0177917)
(3.05577e-07 -6.86404e-07 0.0178455)
(4.3145e-07 -7.41096e-07 0.0178793)
(5.41125e-07 -7.91648e-07 0.0178955)
(7.61013e-08 -4.90794e-07 0.0177164)
(2.17122e-07 -4.93609e-07 0.0177668)
(3.66365e-07 -5.20535e-07 0.0178024)
(5.07582e-07 -5.66614e-07 0.0178204)
(-2.54557e-08 -3.43808e-07 0.0176193)
(1.26457e-07 -2.90654e-07 0.0176632)
(3.02203e-07 -2.81546e-07 0.0176969)
(4.78218e-07 -3.1919e-07 0.0177147)
(-1.20864e-07 -2.00771e-07 0.0174987)
(4.05293e-08 -9.14934e-08 0.0175309)
(2.42621e-07 -4.47281e-08 0.0175585)
(4.54096e-07 -7.15597e-08 0.0175734)
(-0.00130514 0.00363055 0.0138246)
(0.000349312 0.00245979 0.00484847)
(0.000232798 0.0001841 0.00194904)
(0.000240291 -8.79052e-05 0.00138068)
(0.00221601 0.00349496 0.00720536)
(-0.000367175 -0.000719152 0.00269426)
(0.00206087 0.00254062 0.0080863)
(-0.000315627 0.00221745 0.0046113)
(-0.00436828 -0.00414947 0.00474079)
(-0.00149553 -0.000542047 0.00418952)
(-0.00220512 0.0016844 0.00670094)
(0.000375817 0.00108476 0.00157277)
(0.00208696 0.00431294 0.0178868)
(-0.000519162 0.00425452 0.0163611)
(-0.00310616 0.00286601 0.0107805)
(0.00080932 -0.000633526 0.000807365)
(0.000373867 -0.000974107 0.0270004)
(0.00110095 -0.000495608 0.0292629)
(0.00143579 -0.000465824 0.0314175)
(0.00059493 -0.000430971 0.0293343)
(0.000868077 0.0016008 0.0295971)
(0.000857888 0.000314607 0.0314099)
(0.00135371 1.21951e-05 0.0299479)
(0.00127957 0.000227015 0.0307385)
(-0.000871784 -0.00127073 0.0267526)
(-0.000395029 -0.000973369 0.0264196)
(0.000602465 -0.000308201 0.0280906)
(0.00117244 6.33924e-05 0.032774)
(0.00019898 -0.000497343 0.0214121)
(0.00102243 -0.00112907 0.0223053)
(0.00190197 -0.00133233 0.0241542)
(0.00172885 -0.0011927 0.0277365)
(0.000343013 -0.000621274 0.017234)
(0.000738932 -0.000604966 0.0170971)
(0.000525185 -0.000720686 0.0168967)
(2.6928e-05 -0.000845654 0.0164246)
(0.000335883 3.41188e-05 0.0168534)
(0.000430998 -0.000340959 0.0169746)
(0.000178781 -0.000580962 0.0171711)
(3.24383e-05 -0.000682426 0.0171283)
(-6.77042e-05 -0.000427216 0.0157163)
(-6.71094e-05 -0.0005333 0.0159286)
(-0.000201585 -0.000446593 0.0165143)
(-8.06056e-05 -0.000452586 0.0170552)
(-6.56962e-05 -0.000235757 0.0159065)
(-2.25671e-05 -0.000402093 0.0159567)
(-2.08415e-05 -0.000438692 0.0159438)
(7.22385e-05 -0.000458569 0.0160699)
(7.31932e-05 -0.000290166 0.0180754)
(0.000205755 -0.000343894 0.0179724)
(0.000171336 -0.000457081 0.0180088)
(-1.8278e-05 -0.000583286 0.0181049)
(2.48332e-05 -1.03328e-05 0.0180199)
(1.16539e-05 -0.00011556 0.0180329)
(-6.04995e-05 -0.000241603 0.01828)
(-0.000152467 -0.00036348 0.0184995)
(-8.95331e-05 -6.72545e-05 0.0177495)
(-0.000174218 -4.85506e-05 0.0178493)
(-0.000255409 -4.24179e-05 0.0181851)
(-0.00027883 -7.91252e-05 0.0185224)
(-0.000186552 -0.000138749 0.0176651)
(-0.000257058 -9.21279e-05 0.0177856)
(-0.000312849 -5.03733e-05 0.0179784)
(-0.00033265 -1.54313e-05 0.0181991)
(1.38685e-05 -0.000234491 0.0180269)
(6.32491e-05 -0.000270929 0.0181559)
(6.18487e-05 -0.000342527 0.0182816)
(1.33306e-05 -0.000429537 0.0183818)
(-3.29364e-05 -0.000114822 0.0180001)
(-4.48405e-05 -0.000150932 0.0181806)
(-6.66463e-05 -0.000211044 0.0183786)
(-8.37479e-05 -0.000283706 0.0185428)
(-8.72189e-05 -0.000116674 0.0178445)
(-0.000124332 -9.92569e-05 0.0180427)
(-0.00015848 -9.80731e-05 0.0182737)
(-0.000159698 -0.000121428 0.0184922)
(-0.000146004 -0.000147448 0.0177364)
(-0.000172773 -0.000116925 0.0179015)
(-0.000200624 -8.71274e-05 0.0180787)
(-0.000199421 -7.10318e-05 0.0182594)
(-7.69948e-07 -0.000219609 0.0179145)
(3.03115e-05 -0.00024438 0.0180603)
(4.59092e-05 -0.00028883 0.0181733)
(5.52763e-05 -0.000343733 0.0182476)
(-3.80904e-05 -0.000147151 0.017923)
(-3.33511e-05 -0.000169441 0.0180877)
(-2.5943e-05 -0.000206514 0.0182298)
(-3.72778e-06 -0.000252784 0.0183328)
(-6.66142e-05 -0.000117187 0.0178748)
(-7.18149e-05 -0.000118739 0.018037)
(-7.03999e-05 -0.000131068 0.018188)
(-4.50777e-05 -0.000156579 0.0183112)
(-9.31241e-05 -0.000106912 0.0178495)
(-9.56209e-05 -0.000101125 0.0179826)
(-9.44101e-05 -0.000101281 0.0181052)
(-7.53538e-05 -0.000110809 0.0182121)
(-3.57923e-06 -0.000193854 0.0178409)
(2.43017e-05 -0.000210193 0.0179805)
(5.0649e-05 -0.000237268 0.0180825)
(7.81625e-05 -0.000270082 0.0181455)
(-3.24603e-05 -0.000142726 0.0178576)
(-1.44197e-05 -0.000159247 0.0180044)
(8.73108e-06 -0.000184825 0.0181187)
(4.15188e-05 -0.000215755 0.0181949)
(-4.93702e-05 -0.000106383 0.0178403)
(-3.5855e-05 -0.000116251 0.0179835)
(-1.7393e-05 -0.00013389 0.0181011)
(1.37538e-05 -0.000157967 0.0181876)
(-5.74496e-05 -7.97476e-05 0.0178254)
(-4.5148e-05 -8.7857e-05 0.0179503)
(-3.1119e-05 -0.00010136 0.0180542)
(-8.18808e-06 -0.000120125 0.0181347)
(-2.66364e-06 -0.000158947 0.0177766)
(2.2547e-05 -0.00017004 0.0179144)
(4.86046e-05 -0.000187147 0.0180123)
(7.53149e-05 -0.000207326 0.0180722)
(-2.47577e-05 -0.000121547 0.0177917)
(-3.12832e-06 -0.000134744 0.0179314)
(2.17284e-05 -0.000153398 0.0180347)
(5.11394e-05 -0.000174789 0.0181017)
(-3.58283e-05 -8.83579e-05 0.0177816)
(-1.73146e-05 -0.00010096 0.0179166)
(3.79498e-06 -0.000118452 0.0180211)
(3.13306e-05 -0.000138736 0.0180947)
(-3.69724e-05 -5.96833e-05 0.0177671)
(-2.133e-05 -7.25702e-05 0.0178877)
(-5.14252e-06 -8.93387e-05 0.0179838)
(1.53511e-05 -0.000108716 0.018055)
(-1.74577e-06 -0.000124503 0.0177224)
(1.90027e-05 -0.000132291 0.0178596)
(4.02373e-05 -0.00014364 0.017957)
(6.12397e-05 -0.000156634 0.0180182)
(-1.86054e-05 -9.72682e-05 0.0177332)
(9.34258e-07 -0.000107611 0.0178699)
(2.19118e-05 -0.000121294 0.0179697)
(4.47129e-05 -0.000136294 0.0180353)
(-2.6627e-05 -7.03782e-05 0.0177231)
(-9.40246e-06 -8.20376e-05 0.0178545)
(8.85421e-06 -9.67827e-05 0.0179546)
(3.03339e-05 -0.000112629 0.018025)
(-2.57336e-05 -4.53142e-05 0.0177059)
(-1.1577e-05 -5.78332e-05 0.0178247)
(2.49648e-06 -7.30224e-05 0.0179184)
(1.86623e-05 -8.94993e-05 0.0179874)
(-1.32311e-06 -9.53676e-05 0.0176807)
(1.46174e-05 -0.00010087 0.0178181)
(3.05868e-05 -0.000108656 0.0179166)
(4.5911e-05 -0.000117369 0.0179807)
(-1.41221e-05 -7.55551e-05 0.0176867)
(1.56056e-06 -8.34039e-05 0.0178225)
(1.76897e-05 -9.33926e-05 0.0179222)
(3.43682e-05 -0.000104015 0.0179893)
(-2.01696e-05 -5.48019e-05 0.0176743)
(-6.17777e-06 -6.43367e-05 0.0178047)
(8.06185e-06 -7.58685e-05 0.0179039)
(2.39216e-05 -8.77826e-05 0.0179748)
(-1.89724e-05 -3.46267e-05 0.0176542)
(-7.63425e-06 -4.50696e-05 0.0177727)
(3.38738e-06 -5.73352e-05 0.0178662)
(1.54377e-05 -7.02487e-05 0.0179356)
(-1.11871e-06 -7.21648e-05 0.0176498)
(1.06746e-05 -7.60929e-05 0.0177879)
(2.22645e-05 -8.1569e-05 0.0178879)
(3.31435e-05 -8.75936e-05 0.0179548)
(-1.0802e-05 -5.77891e-05 0.0176514)
(1.11155e-06 -6.36333e-05 0.0177874)
(1.30268e-05 -7.09116e-05 0.017888)
(2.49732e-05 -7.84984e-05 0.0179573)
(-1.54375e-05 -4.2154e-05 0.0176362)
(-4.71588e-06 -4.95263e-05 0.0177666)
(5.92633e-06 -5.82362e-05 0.0178664)
(1.7404e-05 -6.70379e-05 0.0179387)
(-1.44391e-05 -2.65283e-05 0.0176136)
(-5.80101e-06 -3.46909e-05 0.0177324)
(2.47849e-06 -4.41093e-05 0.0178264)
(1.12751e-05 -5.38681e-05 0.0178969)
(-9.76795e-07 -5.42196e-05 0.0176273)
(7.58401e-06 -5.70459e-05 0.0177661)
(1.58775e-05 -6.09604e-05 0.0178677)
(2.35519e-05 -6.52123e-05 0.0179369)
(-8.27887e-06 -4.38008e-05 0.0176253)
(5.36577e-07 -4.81077e-05 0.0177617)
(9.19704e-06 -5.34105e-05 0.0178634)
(1.77196e-05 -5.88651e-05 0.0179347)
(-1.18458e-05 -3.21648e-05 0.0176075)
(-3.84644e-06 -3.77101e-05 0.0177382)
(3.97289e-06 -4.41798e-05 0.0178388)
(1.22451e-05 -5.06332e-05 0.0179127)
(-1.1126e-05 -2.03011e-05 0.0175829)
(-4.6835e-06 -2.64853e-05 0.0177021)
(1.43895e-06 -3.35482e-05 0.0177967)
(7.82915e-06 -4.08002e-05 0.0178683)
(-8.44223e-07 -4.05421e-05 0.0176111)
(5.31515e-06 -4.25862e-05 0.0177506)
(1.12268e-05 -4.54116e-05 0.0178533)
(1.66538e-05 -4.84505e-05 0.0179243)
(-6.33234e-06 -3.29939e-05 0.0176061)
(1.09868e-07 -3.61494e-05 0.017743)
(6.37043e-06 -4.00136e-05 0.0178457)
(1.24668e-05 -4.39527e-05 0.0179186)
(-9.07103e-06 -2.43915e-05 0.0175862)
(-3.17566e-06 -2.85025e-05 0.0177172)
(2.53512e-06 -3.32678e-05 0.0178186)
(8.50856e-06 -3.79838e-05 0.0178938)
(-8.58639e-06 -1.54845e-05 0.0175599)
(-3.82381e-06 -2.00953e-05 0.0176794)
(6.7959e-07 -2.53292e-05 0.0177748)
(5.32666e-06 -3.06747e-05 0.0178473)
(-7.1262e-07 -3.02027e-05 0.0175995)
(3.70308e-06 -3.16857e-05 0.0177395)
(7.9189e-06 -3.37362e-05 0.0178431)
(1.17767e-05 -3.59246e-05 0.0179154)
(-4.82362e-06 -2.47352e-05 0.0175921)
(-1.42535e-07 -2.70389e-05 0.0177294)
(4.37883e-06 -2.98546e-05 0.017833)
(8.75889e-06 -3.27072e-05 0.0179071)
(-6.91653e-06 -1.84003e-05 0.0175704)
(-2.59631e-06 -2.14235e-05 0.0177019)
(1.56763e-06 -2.49173e-05 0.0178039)
(5.89551e-06 -2.83581e-05 0.01788)
(-6.60265e-06 -1.17587e-05 0.0175429)
(-3.09532e-06 -1.51663e-05 0.0176627)
(2.12065e-07 -1.90204e-05 0.0177585)
(3.59976e-06 -2.29441e-05 0.0178318)
(-5.86756e-07 -2.24273e-05 0.0175912)
(2.57583e-06 -2.35051e-05 0.0177316)
(5.5882e-06 -2.49972e-05 0.0178359)
(8.34459e-06 -2.658e-05 0.0179091)
(-3.65577e-06 -1.84676e-05 0.0175819)
(-2.62882e-07 -2.01457e-05 0.0177196)
(3.00432e-06 -2.21967e-05 0.0178237)
(6.16375e-06 -2.42656e-05 0.0178987)
(-5.24619e-06 -1.38147e-05 0.0175589)
(-2.08893e-06 -1.60276e-05 0.0176906)
(9.46371e-07 -1.8582e-05 0.0177931)
(4.09091e-06 -2.109e-05 0.01787)
(-5.04801e-06 -8.88559e-06 0.0175303)
(-2.47011e-06 -1.1391e-05 0.0176504)
(-4.25333e-08 -1.42185e-05 0.0177466)
(2.43197e-06 -1.70914e-05 0.0178204)
(-4.72351e-07 -1.66001e-05 0.0175853)
(1.79291e-06 -1.73836e-05 0.0177259)
(3.94969e-06 -1.84703e-05 0.0178307)
(5.9269e-06 -1.96175e-05 0.0179046)
(-2.75522e-06 -1.37335e-05 0.0175746)
(-2.99043e-07 -1.49535e-05 0.0177125)
(2.06349e-06 -1.64464e-05 0.0178171)
(4.34855e-06 -1.79476e-05 0.0178927)
(-3.95649e-06 -1.03235e-05 0.0175504)
(-1.65308e-06 -1.19381e-05 0.0176823)
(5.58967e-07 -1.38018e-05 0.0177852)
(2.8474e-06 -1.56279e-05 0.0178627)
(-3.83367e-06 -6.67917e-06 0.0175211)
(-1.94197e-06 -8.51482e-06 0.0176413)
(-1.6165e-07 -1.05836e-05 0.0177378)
(1.64729e-06 -1.26831e-05 0.0178121)
(-3.72722e-07 -1.22407e-05 0.017581)
(1.24977e-06 -1.28098e-05 0.0177219)
(2.79568e-06 -1.36007e-05 0.017827)
(4.21699e-06 -1.44322e-05 0.0179013)
(-2.06359e-06 -1.01677e-05 0.0175693)
(-2.8773e-07 -1.10529e-05 0.0177073)
(1.42038e-06 -1.21377e-05 0.0178122)
(3.07459e-06 -1.32262e-05 0.0178883)
(-2.96496e-06 -7.6752e-06 0.0175443)
(-1.28768e-06 -8.84988e-06 0.0176763)
(3.22643e-07 -1.02064e-05 0.0177794)
(1.98798e-06 -1.15339e-05 0.0178573)
(-2.89e-06 -4.99127e-06 0.0175143)
(-1.50492e-06 -6.33185e-06 0.0176346)
(-2.01659e-07 -7.84149e-06 0.0177313)
(1.11973e-06 -9.37229e-06 0.0178059)
(-2.88682e-07 -8.97975e-06 0.0175779)
(8.71922e-07 -9.3919e-06 0.017719)
(1.97918e-06 -9.96571e-06 0.0178243)
(3.00051e-06 -1.05671e-05 0.017899)
(-1.53393e-06 -7.48443e-06 0.0175654)
(-2.53122e-07 -8.12457e-06 0.0177036)
(9.79478e-07 -8.91033e-06 0.0178087)
(2.17527e-06 -9.69744e-06 0.0178851)
(-2.20497e-06 -5.66975e-06 0.0175398)
(-9.8759e-07 -6.52112e-06 0.0176719)
(1.81355e-07 -7.5049e-06 0.0177752)
(1.39048e-06 -8.46677e-06 0.0178534)
(-2.15985e-06 -3.70321e-06 0.0175093)
(-1.14956e-06 -4.67815e-06 0.0176297)
(-1.98981e-07 -5.77548e-06 0.0177266)
(7.63431e-07 -6.88757e-06 0.0178014)
(-2.19276e-07 -6.53494e-06 0.0175758)
(6.07587e-07 -6.83164e-06 0.0177169)
(1.39756e-06 -7.24531e-06 0.0178224)
(2.12856e-06 -7.67778e-06 0.0178973)
(-1.1285e-06 -5.46217e-06 0.0175626)
(-2.09536e-07 -5.92231e-06 0.0177009)
(6.75458e-07 -6.48791e-06 0.0178062)
(1.53561e-06 -7.05376e-06 0.0178828)
(-1.6228e-06 -4.14994e-06 0.0175365)
(-7.44565e-07 -4.76309e-06 0.0176687)
(9.89449e-08 -5.47199e-06 0.0177722)
(9.71853e-07 -6.16461e-06 0.0178506)
(-1.59595e-06 -2.72032e-06 0.0175057)
(-8.64006e-07 -3.42458e-06 0.0176262)
(-1.75306e-07 -4.21694e-06 0.0177231)
(5.21285e-07 -5.01958e-06 0.0177981)
(-1.62558e-07 -4.69306e-06 0.0175742)
(4.21458e-07 -4.90423e-06 0.0177154)
(9.80045e-07 -5.19884e-06 0.017821)
(1.49841e-06 -5.50625e-06 0.0178961)
(-8.17218e-07 -3.9314e-06 0.0175606)
(-1.64412e-07 -4.25857e-06 0.017699)
(4.64627e-07 -4.66099e-06 0.0178044)
(1.07703e-06 -5.06317e-06 0.0178812)
(-1.17551e-06 -2.99369e-06 0.0175342)
(-5.48858e-07 -3.43039e-06 0.0176664)
(5.31619e-08 -3.93535e-06 0.01777)
(6.76474e-07 -4.42837e-06 0.0178485)
(-1.15949e-06 -1.96775e-06 0.0175031)
(-6.35432e-07 -2.47065e-06 0.0176236)
(-1.42314e-07 -3.03613e-06 0.0177206)
(3.56116e-07 -3.60866e-06 0.0177958)
(-1.16174e-07 -3.29709e-06 0.0175731)
(2.90324e-07 -3.44432e-06 0.0177144)
(6.79231e-07 -3.64957e-06 0.0178201)
(1.04095e-06 -3.86345e-06 0.0178953)
(-5.76764e-07 -2.76591e-06 0.0175592)
(-1.20568e-07 -2.99416e-06 0.0176976)
(3.19026e-07 -3.27466e-06 0.0178031)
(7.47522e-07 -3.55469e-06 0.01788)
(-8.29691e-07 -2.10894e-06 0.0175325)
(-3.90393e-07 -2.41422e-06 0.0176648)
(3.15879e-08 -2.76676e-06 0.0177684)
(4.68589e-07 -3.11062e-06 0.0178471)
(-8.19272e-07 -1.388e-06 0.0175013)
(-4.51032e-07 -1.74037e-06 0.0176218)
(-1.04616e-07 -2.13593e-06 0.0177189)
(2.45284e-07 -2.53608e-06 0.0177941)
(-7.78599e-08 -2.23884e-06 0.0175724)
(2.00156e-07 -2.33805e-06 0.0177137)
(4.65831e-07 -2.47574e-06 0.0178194)
(7.13349e-07 -2.61929e-06 0.0178947)
(-3.90112e-07 -1.87701e-06 0.0175583)
(-7.80321e-08 -2.0318e-06 0.0176967)
(2.22534e-07 -2.22099e-06 0.0178022)
(5.15631e-07 -2.40971e-06 0.0178792)
(-5.6059e-07 -1.429e-06 0.0175314)
(-2.60149e-07 -1.63671e-06 0.0176637)
(2.86857e-08 -1.87545e-06 0.0177674)
(3.27532e-07 -2.10793e-06 0.0178461)
(-5.5179e-07 -9.3801e-07 0.0175)
(-3.00234e-07 -1.17796e-06 0.0176206)
(-6.29858e-08 -1.44651e-06 0.0177177)
(1.76212e-07 -1.71765e-06 0.0177929)
(-4.57148e-08 -1.464e-06 0.0175719)
(1.45107e-07 -1.5275e-06 0.0177132)
(3.25723e-07 -1.61479e-06 0.017819)
(4.94758e-07 -1.70647e-06 0.0178943)
(-2.47842e-07 -1.22243e-06 0.0175576)
(-3.49414e-08 -1.32407e-06 0.0176961)
(1.67998e-07 -1.44615e-06 0.0178016)
(3.66588e-07 -1.56813e-06 0.0178787)
(-3.55378e-07 -9.25386e-07 0.0175306)
(-1.51177e-07 -1.06354e-06 0.017663)
(4.30296e-08 -1.21902e-06 0.0177667)
(2.44668e-07 -1.37021e-06 0.0178454)
(-3.4291e-07 -5.99771e-07 0.0174991)
(-1.72519e-07 -7.6046e-07 0.0176197)
(-1.35359e-08 -9.36198e-07 0.0177169)
(1.47323e-07 -1.1134e-06 0.0177922)
(-2.81554e-08 -9.80502e-07 0.0175715)
(1.11862e-07 -1.02407e-06 0.0177128)
(2.52637e-07 -1.08032e-06 0.0178186)
(3.79325e-07 -1.13971e-06 0.017894)
(-1.59595e-07 -7.99199e-07 0.0175571)
(-7.43902e-09 -8.69614e-07 0.0176955)
(1.47888e-07 -9.52711e-07 0.0178011)
(2.92374e-07 -1.03573e-06 0.0178782)
(-2.20835e-07 -5.83201e-07 0.01753)
(-7.92079e-08 -6.78042e-07 0.0176623)
(6.59335e-08 -7.86207e-07 0.0177661)
(2.07532e-07 -8.90953e-07 0.0178449)
(-2.04697e-07 -3.64019e-07 0.0174984)
(-9.1311e-08 -4.72624e-07 0.017619)
(2.3353e-08 -5.94408e-07 0.0177162)
(1.32856e-07 -7.14596e-07 0.0177915)
)
;

boundaryField
{
    inlet
    {
        type            calculated;
        value           uniform (0 0 0.01811);
    }
    outlet
    {
        type            calculated;
        value           nonuniform List<vector> 
48
(
(4.8245e-07 -1.19687e-06 0.017945)
(4.09244e-07 -1.10786e-06 0.0179325)
(3.3145e-07 -9.72529e-07 0.0179045)
(2.56267e-07 -8.00036e-07 0.0178564)
(5.63484e-07 -1.24864e-06 0.017976)
(5.05854e-07 -1.16882e-06 0.0179663)
(4.42495e-07 -1.04054e-06 0.0179439)
(3.77075e-07 -8.72325e-07 0.0179049)
(6.20831e-07 -1.28915e-06 0.017993)
(5.81376e-07 -1.21844e-06 0.0179852)
(5.35801e-07 -1.09802e-06 0.0179667)
(4.86886e-07 -9.34985e-07 0.0179333)
(6.51667e-07 -1.3142e-06 0.0180003)
(6.31151e-07 -1.25301e-06 0.0179934)
(6.04152e-07 -1.14129e-06 0.0179768)
(5.7359e-07 -9.84912e-07 0.0179462)
(1.77442e-07 -6.26688e-07 0.0177917)
(7.61013e-08 -4.90794e-07 0.0177164)
(-2.54557e-08 -3.43808e-07 0.0176193)
(-1.20864e-07 -2.00771e-07 0.0174987)
(3.05577e-07 -6.86404e-07 0.0178455)
(2.17122e-07 -4.93609e-07 0.0177668)
(1.26457e-07 -2.90654e-07 0.0176632)
(4.05293e-08 -9.14934e-08 0.0175309)
(4.3145e-07 -7.41096e-07 0.0178793)
(3.66365e-07 -5.20535e-07 0.0178024)
(3.02203e-07 -2.81546e-07 0.0176969)
(2.42621e-07 -4.47281e-08 0.0175585)
(5.41125e-07 -7.91648e-07 0.0178955)
(5.07582e-07 -5.66614e-07 0.0178204)
(4.78218e-07 -3.1919e-07 0.0177147)
(4.54096e-07 -7.15597e-08 0.0175734)
(-2.81554e-08 -9.80502e-07 0.0175715)
(-1.59595e-07 -7.99199e-07 0.0175571)
(-2.20835e-07 -5.83201e-07 0.01753)
(-2.04697e-07 -3.64019e-07 0.0174984)
(1.11862e-07 -1.02407e-06 0.0177128)
(-7.43902e-09 -8.69614e-07 0.0176955)
(-7.92079e-08 -6.78042e-07 0.0176623)
(-9.1311e-08 -4.72624e-07 0.017619)
(2.52637e-07 -1.08032e-06 0.0178186)
(1.47888e-07 -9.52711e-07 0.0178011)
(6.59335e-08 -7.86207e-07 0.0177661)
(2.3353e-08 -5.94408e-07 0.0177162)
(3.79325e-07 -1.13971e-06 0.017894)
(2.92374e-07 -1.03573e-06 0.0178782)
(2.07532e-07 -8.90953e-07 0.0178449)
(1.32856e-07 -7.14596e-07 0.0177915)
)
;
    }
    wall
    {
        type            calculated;
        value           nonuniform List<vector> 
192
(
(0.00094409 0.000774794 0.0185272)
(0.000988099 0.000810912 0.0209565)
(-0.000319497 -0.000262205 0.0157009)
(-0.000544864 -0.000447158 0.0175275)
(-0.000317678 -0.000260712 0.0177222)
(-0.000152738 -0.000125349 0.0178744)
(-7.07974e-05 -5.81019e-05 0.017852)
(-3.64539e-05 -2.9917e-05 0.0177875)
(-2.22579e-05 -1.82666e-05 0.0177201)
(-1.56936e-05 -1.28794e-05 0.0176641)
(-1.19439e-05 -9.8021e-06 0.0176208)
(-9.33953e-06 -7.66475e-06 0.0175882)
(-7.32602e-06 -6.01231e-06 0.0175639)
(-5.71208e-06 -4.68778e-06 0.017546)
(-4.41462e-06 -3.62299e-06 0.0175327)
(-3.38022e-06 -2.77407e-06 0.0175229)
(-2.56391e-06 -2.10414e-06 0.0175157)
(-1.92507e-06 -1.57986e-06 0.0175104)
(-1.42741e-06 -1.17145e-06 0.0175065)
(-1.03945e-06 -8.53056e-07 0.0175037)
(-7.34536e-07 -6.02818e-07 0.0175017)
(-4.92003e-07 -4.03776e-07 0.0175004)
(-2.96611e-07 -2.43423e-07 0.0174995)
(-1.70679e-07 -1.40072e-07 0.0174987)
(0.00181832 0.000971913 0.00599753)
(0.00153029 0.00081796 0.0244982)
(-0.000492177 -0.000263074 0.0165253)
(-0.000902706 -0.000482507 0.0181367)
(-0.000494894 -0.000264526 0.0181092)
(-0.00019075 -0.000101958 0.018047)
(-5.6619e-05 -3.02635e-05 0.0179448)
(-1.18316e-05 -6.32415e-06 0.0178455)
(-4.71688e-07 -2.52123e-07 0.0177639)
(8.86901e-07 4.74058e-07 0.0177022)
(1.61054e-07 8.60851e-08 0.0176565)
(-5.56233e-07 -2.97313e-07 0.0176228)
(-9.24678e-07 -4.94251e-07 0.0175979)
(-1.02043e-06 -5.4543e-07 0.0175795)
(-9.62686e-07 -5.14566e-07 0.0175659)
(-8.36531e-07 -4.47135e-07 0.0175558)
(-6.91111e-07 -3.69406e-07 0.0175484)
(-5.51085e-07 -2.94561e-07 0.0175429)
(-4.26533e-07 -2.27987e-07 0.0175389)
(-3.19381e-07 -1.70713e-07 0.0175361)
(-2.26427e-07 -1.21028e-07 0.017534)
(-1.42825e-07 -7.63417e-08 0.0175326)
(-5.76513e-08 -3.08153e-08 0.0175316)
(-6.51386e-09 -3.48173e-09 0.0175309)
(0.00648951 0.00196857 0.016339)
(0.000687634 0.000208591 0.0272071)
(-0.000407548 -0.000123628 0.0192294)
(-0.000635381 -0.000192741 0.0188998)
(-0.000313971 -9.52419e-05 0.0184213)
(-8.07836e-05 -2.45055e-05 0.0181553)
(1.41291e-05 4.28601e-06 0.0179907)
(3.50494e-05 1.06321e-05 0.0178743)
(3.08972e-05 9.37255e-06 0.0177895)
(2.2294e-05 6.7628e-06 0.017728)
(1.51694e-05 4.60157e-06 0.017683)
(1.02362e-05 3.10511e-06 0.0176498)
(6.97776e-06 2.11668e-06 0.0176253)
(4.82613e-06 1.46399e-06 0.017607)
(3.38206e-06 1.02594e-06 0.0175935)
(2.39358e-06 7.26085e-07 0.0175835)
(1.70458e-06 5.17078e-07 0.0175761)
(1.21686e-06 3.69129e-07 0.0175706)
(8.67217e-07 2.63067e-07 0.0175666)
(6.14537e-07 1.86418e-07 0.0175637)
(4.33417e-07 1.31476e-07 0.0175616)
(3.10117e-07 9.40731e-08 0.0175602)
(2.44586e-07 7.41942e-08 0.0175593)
(2.09752e-07 6.36275e-08 0.0175585)
(0.0135252 0.00133211 0.00437903)
(0.00303533 0.000298954 0.0228374)
(4.84894e-05 4.77579e-06 0.0170442)
(-0.000348197 -3.42944e-05 0.0180706)
(-0.000167061 -1.64541e-05 0.0180923)
(5.5652e-07 5.48125e-08 0.0180053)
(6.41626e-05 6.31946e-06 0.0179237)
(6.94722e-05 6.84241e-06 0.0178475)
(5.58557e-05 5.5013e-06 0.0177826)
(4.08694e-05 4.02528e-06 0.0177311)
(2.91914e-05 2.8751e-06 0.0176911)
(2.08933e-05 2.05781e-06 0.0176606)
(1.50872e-05 1.48596e-06 0.0176375)
(1.09821e-05 1.08164e-06 0.0176202)
(8.03484e-06 7.91363e-07 0.0176072)
(5.89143e-06 5.80255e-07 0.0175975)
(4.31804e-06 4.2529e-07 0.0175904)
(3.15505e-06 3.10745e-07 0.0175851)
(2.29027e-06 2.25572e-07 0.0175812)
(1.64396e-06 1.61916e-07 0.0175784)
(1.16124e-06 1.14372e-07 0.0175764)
(8.08449e-07 7.96253e-08 0.017575)
(5.73331e-07 5.64682e-08 0.0175741)
(4.42753e-07 4.36074e-08 0.0175734)
(0.000341604 0.00346836 0.0138246)
(0.00115758 0.00381603 0.00720536)
(-0.00269578 -0.00504344 0.00474079)
(0.00295494 0.00360061 0.0178868)
(-9.14276e-05 -0.00092828 0.0270004)
(0.000517828 0.00170705 0.0295971)
(-0.00072201 -0.00135079 0.0267526)
(-0.000163813 -0.000199607 0.0214121)
(-5.73068e-05 -0.000581846 0.017234)
(3.77809e-05 0.000124547 0.0168534)
(-0.000192653 -0.000360429 0.0157163)
(-0.000142053 -0.000173092 0.0159065)
(-2.76011e-05 -0.000280238 0.0180754)
(-7.7772e-07 -2.5638e-06 0.0180199)
(-4.78556e-05 -8.95316e-05 0.0177495)
(-0.00014312 -0.000174392 0.0176651)
(-2.27402e-05 -0.000230886 0.0180269)
(-3.46712e-05 -0.000114296 0.0180001)
(-6.78866e-05 -0.000127007 0.0178445)
(-0.000131067 -0.000159706 0.0177364)
(-2.14292e-05 -0.000217575 0.0179145)
(-4.40859e-05 -0.000145332 0.017923)
(-6.35216e-05 -0.00011884 0.0178748)
(-8.99073e-05 -0.000109552 0.0178495)
(-1.89439e-05 -0.000192341 0.0178409)
(-4.23823e-05 -0.000139716 0.0178576)
(-5.51979e-05 -0.000103268 0.0178403)
(-6.22285e-05 -7.58257e-05 0.0178254)
(-1.55301e-05 -0.00015768 0.0177766)
(-3.58501e-05 -0.000118182 0.0177917)
(-4.4695e-05 -8.36185e-05 0.0177816)
(-4.4148e-05 -5.37945e-05 0.0177671)
(-1.21614e-05 -0.000123477 0.0177224)
(-2.85874e-05 -9.42402e-05 0.0177332)
(-3.51756e-05 -6.58089e-05 0.0177231)
(-3.25783e-05 -3.96968e-05 0.0177059)
(-9.31536e-06 -9.45805e-05 0.0176807)
(-2.21781e-05 -7.31114e-05 0.0176867)
(-2.72651e-05 -5.10093e-05 0.0176743)
(-2.46162e-05 -2.9995e-05 0.0176542)
(-7.05007e-06 -7.15806e-05 0.0176498)
(-1.69632e-05 -5.59202e-05 0.0176514)
(-2.09553e-05 -3.92046e-05 0.0176362)
(-1.88204e-05 -2.29327e-05 0.0176136)
(-5.29825e-06 -5.3794e-05 0.0176273)
(-1.28648e-05 -4.24096e-05 0.0176253)
(-1.60043e-05 -2.9942e-05 0.0176075)
(-1.44332e-05 -1.7587e-05 0.0175829)
(-3.96279e-06 -4.02349e-05 0.0176111)
(-9.69882e-06 -3.19727e-05 0.0176061)
(-1.21561e-05 -2.27425e-05 0.0175862)
(-1.10491e-05 -1.34634e-05 0.0175599)
(-2.95297e-06 -2.9982e-05 0.0175995)
(-7.27753e-06 -2.39908e-05 0.0175921)
(-9.18659e-06 -1.71869e-05 0.0175704)
(-8.42367e-06 -1.02643e-05 0.0175429)
(-2.19332e-06 -2.22691e-05 0.0175912)
(-5.43809e-06 -1.7927e-05 0.0175819)
(-6.90904e-06 -1.29259e-05 0.0175589)
(-6.38902e-06 -7.78505e-06 0.0175303)
(-1.62379e-06 -1.64866e-05 0.0175853)
(-4.04712e-06 -1.33416e-05 0.0175746)
(-5.17104e-06 -9.67434e-06 0.0175504)
(-4.81829e-06 -5.87111e-06 0.0175211)
(-1.1976e-06 -1.21595e-05 0.017581)
(-2.99832e-06 -9.88415e-06 0.0175693)
(-3.84971e-06 -7.2023e-06 0.0175443)
(-3.61078e-06 -4.39974e-06 0.0175143)
(-8.78704e-07 -8.92164e-06 0.0175779)
(-2.20832e-06 -7.27985e-06 0.0175654)
(-2.84709e-06 -5.32653e-06 0.0175398)
(-2.68527e-06 -3.27201e-06 0.0175093)
(-6.39558e-07 -6.49354e-06 0.0175758)
(-1.6124e-06 -5.31537e-06 0.0175626)
(-2.08589e-06 -3.90242e-06 0.0175365)
(-1.97632e-06 -2.40816e-06 0.0175057)
(-4.59347e-07 -4.66383e-06 0.0175742)
(-1.16095e-06 -3.82713e-06 0.0175606)
(-1.5058e-06 -2.81714e-06 0.0175342)
(-1.43161e-06 -1.74442e-06 0.0175031)
(-3.22732e-07 -3.27675e-06 0.0175731)
(-8.16929e-07 -2.69305e-06 0.0175592)
(-1.06113e-06 -1.98523e-06 0.0175325)
(-1.01039e-06 -1.23116e-06 0.0175013)
(-2.19136e-07 -2.22493e-06 0.0175724)
(-5.54278e-07 -1.82721e-06 0.0175583)
(-7.18657e-07 -1.34451e-06 0.0175314)
(-6.82064e-07 -8.31097e-07 0.0175)
(-1.43245e-07 -1.45439e-06 0.0175719)
(-3.60458e-07 -1.18827e-06 0.0175576)
(-4.63685e-07 -8.67494e-07 0.0175306)
(-4.32129e-07 -5.26551e-07 0.0174991)
(-9.59137e-08 -9.73828e-07 0.0175715)
(-2.35454e-07 -7.76187e-07 0.0175571)
(-2.9153e-07 -5.45414e-07 0.01753)
(-2.60893e-07 -3.179e-07 0.0174984)
)
;
    }
    procBoundary2to0
    {
        type            processor;
        value           nonuniform List<vector> 
192
(
(0.000479886 1.73705e-06 0.00138399)
(0.000211222 -0.000225811 0.00298501)
(0.000177848 -0.00102297 0.00267538)
(6.30445e-05 -0.000625324 0.00202866)
(-0.000756526 0.000156412 0.0262476)
(-0.00111006 0.000686444 0.0292262)
(-0.00098595 0.00140313 0.0305671)
(-0.002265 0.000764245 0.0310796)
(-0.000626733 -0.000596591 0.0159803)
(-0.000903218 -0.000275671 0.0171283)
(-0.000670705 5.22635e-05 0.0175206)
(-0.000714909 -1.48956e-05 0.0174831)
(-0.000262974 -0.000668647 0.0178426)
(-0.000395928 -0.000559895 0.0182283)
(-0.000245009 -0.00042514 0.0183551)
(-0.000100614 -0.000365799 0.0182226)
(-5.60226e-06 -0.000554582 0.0181881)
(-3.49834e-05 -0.00054775 0.0182976)
(3.95075e-05 -0.000500911 0.0183033)
(0.000122039 -0.00045435 0.0181833)
(0.000106833 -0.000436334 0.0181232)
(0.000116836 -0.000454053 0.0181374)
(0.000153012 -0.000443621 0.0181007)
(0.000185513 -0.000421379 0.0180109)
(0.000133645 -0.000329986 0.0180746)
(0.000150243 -0.000347901 0.0180673)
(0.000167387 -0.000350587 0.0180289)
(0.000175768 -0.000343834 0.0179651)
(0.000119253 -0.000244505 0.0180361)
(0.000133267 -0.000258102 0.0180313)
(0.000141357 -0.000264108 0.0180045)
(0.000140467 -0.000264161 0.0179626)
(9.29984e-05 -0.000180158 0.0180067)
(0.000103112 -0.00018979 0.0180101)
(0.000107128 -0.000195629 0.0179956)
(0.000104051 -0.000197922 0.0179698)
(6.81766e-05 -0.00013275 0.0179866)
(7.51276e-05 -0.000139484 0.0179977)
(7.73711e-05 -0.000144208 0.017993)
(7.46175e-05 -0.000146767 0.0179781)
(4.86734e-05 -9.79294e-05 0.0179731)
(5.34293e-05 -0.00010265 0.0179903)
(5.48812e-05 -0.00010621 0.0179924)
(5.29755e-05 -0.000108369 0.0179849)
(3.44435e-05 -7.22965e-05 0.0179641)
(3.77446e-05 -7.56267e-05 0.0179856)
(3.88034e-05 -7.82207e-05 0.0179924)
(3.7634e-05 -7.98606e-05 0.0179897)
(2.43578e-05 -5.3375e-05 0.0179581)
(2.66923e-05 -5.57371e-05 0.0179824)
(2.75171e-05 -5.7598e-05 0.0179925)
(2.68564e-05 -5.87837e-05 0.0179929)
(1.72701e-05 -3.93825e-05 0.0179539)
(1.89475e-05 -4.10654e-05 0.0179803)
(1.96051e-05 -4.23909e-05 0.0179926)
(1.92611e-05 -4.32272e-05 0.0179951)
(1.22866e-05 -2.90259e-05 0.017951)
(1.35052e-05 -3.02291e-05 0.0179788)
(1.40296e-05 -3.11706e-05 0.0179926)
(1.387e-05 -3.17533e-05 0.0179966)
(8.76748e-06 -2.13563e-05 0.017949)
(9.65821e-06 -2.22186e-05 0.0179778)
(1.00724e-05 -2.28871e-05 0.0179926)
(1.00138e-05 -2.3291e-05 0.0179976)
(6.26783e-06 -1.5672e-05 0.0179475)
(6.92012e-06 -1.62906e-05 0.017977)
(7.24274e-06 -1.67653e-05 0.0179925)
(7.23583e-06 -1.70447e-05 0.0179983)
(4.47996e-06 -1.14515e-05 0.0179465)
(4.95667e-06 -1.18949e-05 0.0179765)
(5.20414e-06 -1.22316e-05 0.0179925)
(5.22072e-06 -1.24247e-05 0.0179987)
(3.19094e-06 -8.30657e-06 0.0179458)
(3.53714e-06 -8.62291e-06 0.0179761)
(3.72372e-06 -8.86088e-06 0.0179924)
(3.74843e-06 -8.99402e-06 0.017999)
(2.25351e-06 -5.9492e-06 0.0179453)
(2.50202e-06 -6.17257e-06 0.0179758)
(2.63987e-06 -6.3392e-06 0.0179924)
(2.66482e-06 -6.43034e-06 0.0179992)
(1.56801e-06 -4.16985e-06 0.0179449)
(1.74329e-06 -4.32431e-06 0.0179756)
(1.84272e-06 -4.43873e-06 0.0179924)
(1.86439e-06 -4.50004e-06 0.0179994)
(1.07204e-06 -2.82527e-06 0.0179446)
(1.19349e-06 -2.92819e-06 0.0179755)
(1.26371e-06 -3.00395e-06 0.0179923)
(1.28112e-06 -3.04371e-06 0.0179995)
(7.35055e-07 -1.84069e-06 0.0179445)
(8.19948e-07 -1.90552e-06 0.0179754)
(8.69907e-07 -1.95292e-06 0.0179923)
(8.83712e-07 -1.97707e-06 0.0179995)
(5.49728e-07 -1.23555e-06 0.0179443)
(6.13959e-07 -1.27679e-06 0.0179753)
(6.52544e-07 -1.30695e-06 0.0179923)
(6.64086e-07 -1.32167e-06 0.0179996)
(0.000114503 -0.00186696 0.000735254)
(-0.000880148 0.00559499 0.00588395)
(-0.00176408 -0.00154154 0.0109028)
(-3.67137e-05 -0.000179457 0.00234404)
(-0.000492811 -0.00192922 0.030554)
(-0.000906737 -2.33417e-05 0.025841)
(0.000549724 -0.000395639 0.0251456)
(0.000737914 4.06478e-05 0.0259366)
(0.000210986 -2.63633e-05 0.0154318)
(0.000520037 5.87981e-05 0.0158241)
(0.000571473 -0.000286042 0.0160562)
(0.000188399 -0.00051854 0.0156021)
(5.63918e-05 5.89622e-05 0.0174776)
(0.000243326 -6.60905e-05 0.0175337)
(0.000301479 -0.000322853 0.0176195)
(0.000104775 -0.000560484 0.017614)
(3.01561e-05 -7.61996e-05 0.017773)
(0.000120097 -0.000164505 0.0179278)
(0.000165076 -0.000310246 0.0180344)
(0.000108926 -0.000460549 0.018095)
(3.24371e-05 -0.000170773 0.0177798)
(8.29451e-05 -0.00021714 0.0179281)
(0.000118823 -0.00029267 0.0180279)
(0.000121741 -0.000376067 0.0180854)
(3.17685e-05 -0.000190994 0.0177608)
(6.73432e-05 -0.000214588 0.0178999)
(9.93978e-05 -0.000252492 0.017995)
(0.000120313 -0.000295082 0.0180506)
(2.7934e-05 -0.000171552 0.0177244)
(5.48137e-05 -0.000183195 0.0178601)
(8.09911e-05 -0.000202366 0.0179544)
(0.000102352 -0.000224482 0.0180114)
(2.25676e-05 -0.000139073 0.0176849)
(4.26513e-05 -0.000145398 0.0178206)
(6.22129e-05 -0.000155895 0.0179164)
(7.91042e-05 -0.000168169 0.0179768)
(1.72717e-05 -0.000107834 0.0176529)
(3.18029e-05 -0.000111521 0.0177893)
(4.58144e-05 -0.000117786 0.0178871)
(5.80495e-05 -0.000125166 0.0179512)
(1.28698e-05 -8.17633e-05 0.0176288)
(2.3186e-05 -8.40891e-05 0.0177663)
(3.30118e-05 -8.81314e-05 0.0178661)
(4.1578e-05 -9.28947e-05 0.0179333)
(9.46155e-06 -6.12765e-05 0.0176114)
(1.67197e-05 -6.28397e-05 0.0177499)
(2.35636e-05 -6.55998e-05 0.0178514)
(2.95069e-05 -6.8837e-05 0.0179209)
(6.90998e-06 -4.56205e-05 0.0175991)
(1.20021e-05 -4.67178e-05 0.0177384)
(1.67716e-05 -4.86709e-05 0.0178411)
(2.0904e-05 -5.09445e-05 0.0179125)
(5.03064e-06 -3.38219e-05 0.0175905)
(8.60474e-06 -3.46129e-05 0.0177303)
(1.19409e-05 -3.60235e-05 0.017834)
(1.48316e-05 -3.76514e-05 0.0179066)
(3.65686e-06 -2.49964e-05 0.0175844)
(6.17056e-06 -2.5575e-05 0.0177247)
(8.51461e-06 -2.66047e-05 0.0178291)
(1.05503e-05 -2.77828e-05 0.0179025)
(2.65556e-06 -1.84215e-05 0.0175802)
(4.42783e-06 -1.88475e-05 0.0177208)
(6.08175e-06 -1.96026e-05 0.0178256)
(7.52349e-06 -2.04596e-05 0.0178997)
(1.92575e-06 -1.35317e-05 0.0175772)
(3.17781e-06 -1.38457e-05 0.017718)
(4.34835e-06 -1.43998e-05 0.0178232)
(5.37334e-06 -1.50241e-05 0.0178977)
(1.39263e-06 -9.89395e-06 0.0175751)
(2.27765e-06 -1.01247e-05 0.0177161)
(3.10694e-06 -1.053e-05 0.0178215)
(3.83653e-06 -1.09839e-05 0.0178963)
(1.00142e-06 -7.18019e-06 0.0175736)
(1.62559e-06 -7.34852e-06 0.0177147)
(2.21177e-06 -7.64281e-06 0.0178203)
(2.72979e-06 -7.97078e-06 0.0178953)
(7.12465e-07 -5.14496e-06 0.0175726)
(1.14971e-06 -5.26603e-06 0.0177138)
(1.56106e-06 -5.47683e-06 0.0178194)
(1.92599e-06 -5.71084e-06 0.0178946)
(4.97743e-07 -3.60911e-06 0.0175719)
(8.00415e-07 -3.69398e-06 0.0177131)
(1.0853e-06 -3.84124e-06 0.0178188)
(1.33887e-06 -4.00434e-06 0.0178941)
(3.3879e-07 -2.45078e-06 0.0175714)
(5.45803e-07 -2.50749e-06 0.0177127)
(7.40365e-07 -2.60574e-06 0.0178184)
(9.1412e-07 -2.71475e-06 0.0178937)
(2.26709e-07 -1.60771e-06 0.0175711)
(3.70476e-07 -1.64223e-06 0.0177124)
(5.04336e-07 -1.70282e-06 0.0178182)
(6.24903e-07 -1.77106e-06 0.0178935)
(1.56628e-07 -1.093e-06 0.0175708)
(2.65381e-07 -1.1155e-06 0.0177121)
(3.72355e-07 -1.15091e-06 0.0178179)
(4.66115e-07 -1.19178e-06 0.0178933)
)
;
    }
    procBoundary2to3
    {
        type            processor;
        value           nonuniform List<vector> 
192
(
(0.00265175 -0.00162206 0.0151582)
(0.000590805 -0.00279078 0.0135126)
(0.000757591 -0.00165564 0.00308763)
(-0.00123867 -0.00186623 0.00207788)
(-0.000821458 0.000317726 0.027286)
(-0.00113264 0.000829308 0.0275341)
(-0.00113081 0.000227607 0.0289512)
(-0.00165642 -0.00210022 0.0281649)
(-0.000231582 -2.5064e-05 0.0179109)
(-0.000427673 0.000158127 0.0176863)
(-0.000660193 5.90047e-05 0.0170787)
(-0.00104651 -0.000474617 0.0168895)
(6.22739e-05 -0.000253269 0.0182743)
(-8.1056e-05 -0.000140324 0.0182948)
(-0.000280134 -5.90823e-05 0.01814)
(-0.000521948 -8.44427e-05 0.0180041)
(0.000176711 -0.000364499 0.0181433)
(9.15921e-05 -0.000286836 0.0182223)
(-3.26788e-05 -0.000195455 0.0182289)
(-0.000169605 -0.000136493 0.018179)
(0.000195453 -0.000374071 0.0179919)
(0.000150264 -0.000328325 0.0180688)
(8.22488e-05 -0.000263458 0.018111)
(9.90945e-06 -0.000204573 0.0181155)
(0.000167142 -0.00032625 0.0179658)
(0.000143464 -0.000301245 0.0180306)
(0.000107898 -0.000259913 0.0180743)
(7.13584e-05 -0.000214648 0.0180918)
(0.000126723 -0.000259411 0.0179731)
(0.000114215 -0.000245628 0.0180232)
(9.59633e-05 -0.000220109 0.0180583)
(7.74627e-05 -0.000187476 0.0180721)
(9.1811e-05 -0.000197796 0.0179835)
(8.47882e-05 -0.000189162 0.0180205)
(7.49425e-05 -0.00017195 0.0180446)
(6.52645e-05 -0.000148341 0.0180498)
(6.56352e-05 -0.000147836 0.0179916)
(6.15369e-05 -0.000141879 0.0180176)
(5.60121e-05 -0.000129751 0.0180319)
(5.06558e-05 -0.000112513 0.0180288)
(4.6963e-05 -0.00010947 0.0179965)
(4.45364e-05 -0.000105163 0.018014)
(4.13424e-05 -9.6405e-05 0.0180203)
(3.82448e-05 -8.37669e-05 0.0180102)
(3.37982e-05 -8.07033e-05 0.0179991)
(3.23602e-05 -7.75379e-05 0.0180101)
(3.04758e-05 -7.11457e-05 0.0180103)
(2.86272e-05 -6.18715e-05 0.0179948)
(2.44718e-05 -5.93612e-05 0.0180003)
(2.36232e-05 -5.70266e-05 0.0180065)
(2.24951e-05 -5.23446e-05 0.0180021)
(2.13657e-05 -4.55405e-05 0.0179824)
(1.77997e-05 -4.36023e-05 0.0180008)
(1.7302e-05 -4.18824e-05 0.0180033)
(1.66184e-05 -3.84507e-05 0.0179955)
(1.59153e-05 -3.34619e-05 0.0179728)
(1.29815e-05 -3.199e-05 0.0180009)
(1.26918e-05 -3.07262e-05 0.0180007)
(1.2273e-05 -2.82121e-05 0.0179904)
(1.18282e-05 -2.45573e-05 0.0179655)
(9.4763e-06 -2.34377e-05 0.0180008)
(9.30923e-06 -2.25118e-05 0.0179987)
(9.04999e-06 -2.06723e-05 0.0179866)
(8.76447e-06 -1.79981e-05 0.01796)
(6.91154e-06 -1.71348e-05 0.0180006)
(6.81635e-06 -1.64588e-05 0.0179971)
(6.6544e-06 -1.51159e-05 0.0179836)
(6.46885e-06 -1.31631e-05 0.0179558)
(5.02545e-06 -1.24798e-05 0.0180005)
(4.97208e-06 -1.19884e-05 0.0179959)
(4.87008e-06 -1.10118e-05 0.0179814)
(4.74832e-06 -9.59115e-06 0.0179528)
(3.63109e-06 -9.02759e-06 0.0180004)
(3.60181e-06 -8.67299e-06 0.017995)
(3.53718e-06 -7.9677e-06 0.0179798)
(3.45679e-06 -6.94125e-06 0.0179505)
(2.59457e-06 -6.45074e-06 0.0180002)
(2.57897e-06 -6.19807e-06 0.0179944)
(2.53793e-06 -5.69502e-06 0.0179787)
(2.48481e-06 -4.96247e-06 0.0179489)
(1.82268e-06 -4.51231e-06 0.0180002)
(1.8147e-06 -4.33618e-06 0.0179939)
(1.78871e-06 -3.98504e-06 0.0179778)
(1.75376e-06 -3.47338e-06 0.0179477)
(1.25679e-06 -3.05072e-06 0.0180001)
(1.25291e-06 -2.93218e-06 0.0179936)
(1.23649e-06 -2.69541e-06 0.0179772)
(1.21356e-06 -2.35018e-06 0.0179469)
(8.69697e-07 -1.98029e-06 0.0180001)
(8.67869e-07 -1.90376e-06 0.0179933)
(8.5723e-07 -1.75055e-06 0.0179769)
(8.41727e-07 -1.52702e-06 0.0179464)
(6.55267e-07 -1.32196e-06 0.018)
(6.54199e-07 -1.27077e-06 0.0179932)
(6.46382e-07 -1.16872e-06 0.0179766)
(6.34937e-07 -1.02089e-06 0.017946)
(-0.00451734 0.00263395 0.0141229)
(-0.00339819 -0.00317734 0.0160198)
(-0.000650898 -0.00719027 0.00881334)
(0.00729641 -0.00286257 0.004592)
(-0.00171143 -0.00236558 0.0248964)
(-0.00102741 -0.00124501 0.0243832)
(0.00078658 2.61859e-05 0.0253514)
(0.00208072 0.00029689 0.0264983)
(-0.00124292 -0.000633111 0.0173545)
(-0.00110089 -0.000362839 0.0177342)
(-0.000635201 -7.13539e-05 0.0175477)
(-0.000466661 4.49469e-05 0.016887)
(-0.000675231 -0.000130741 0.0180132)
(-0.000667656 -0.000116671 0.0180568)
(-0.000531228 -1.74784e-05 0.0180482)
(-0.00046645 4.22779e-05 0.0179624)
(-0.000260931 -0.000120157 0.0181272)
(-0.000279372 -0.000110432 0.0181112)
(-0.000240269 -5.98092e-05 0.0180954)
(-0.000207821 -1.07157e-06 0.0179963)
(-3.92736e-05 -0.000165042 0.0180989)
(-5.4724e-05 -0.000134391 0.0180791)
(-4.15508e-05 -8.67786e-05 0.0180366)
(-2.11247e-05 -2.60108e-05 0.0179286)
(4.65573e-05 -0.000173509 0.0180837)
(3.79421e-05 -0.000134971 0.0180531)
(4.38401e-05 -8.74011e-05 0.0179891)
(5.62829e-05 -3.15574e-05 0.0178718)
(6.51083e-05 -0.000152123 0.0180594)
(6.08983e-05 -0.00011596 0.0180181)
(6.41415e-05 -7.43654e-05 0.0179401)
(7.15199e-05 -2.83626e-05 0.0178149)
(5.88823e-05 -0.000120666 0.0180296)
(5.68221e-05 -9.10588e-05 0.0179795)
(5.87366e-05 -5.80699e-05 0.0178927)
(6.31151e-05 -2.26639e-05 0.0177622)
(4.71392e-05 -9.1563e-05 0.0180012)
(4.60571e-05 -6.87055e-05 0.0179443)
(4.72091e-05 -4.36738e-05 0.0178517)
(4.98684e-05 -1.72495e-05 0.0177178)
(3.61982e-05 -6.81748e-05 0.0179767)
(3.55884e-05 -5.10005e-05 0.0179147)
(3.62952e-05 -3.23724e-05 0.0178183)
(3.79643e-05 -1.28876e-05 0.0176822)
(2.73913e-05 -5.03626e-05 0.0179566)
(2.70338e-05 -3.76213e-05 0.017891)
(2.74827e-05 -2.38739e-05 0.0177919)
(2.85675e-05 -9.56552e-06 0.0176543)
(2.06007e-05 -3.70799e-05 0.0179408)
(2.03881e-05 -2.76847e-05 0.0178726)
(2.06848e-05 -1.75759e-05 0.0177716)
(2.14126e-05 -7.08178e-06 0.0176329)
(1.54331e-05 -2.7255e-05 0.0179287)
(1.53066e-05 -2.03489e-05 0.0178585)
(1.551e-05 -1.29285e-05 0.0177561)
(1.60109e-05 -5.235e-06 0.0176167)
(1.15197e-05 -2.00097e-05 0.0179195)
(1.14449e-05 -1.49426e-05 0.0178478)
(1.15883e-05 -9.50188e-06 0.0177445)
(1.194e-05 -3.86394e-06 0.0176046)
(8.56466e-06 -1.46703e-05 0.0179126)
(8.52095e-06 -1.09588e-05 0.0178399)
(8.62424e-06 -6.97443e-06 0.0177359)
(8.87474e-06 -2.84642e-06 0.0175956)
(6.33808e-06 -1.07328e-05 0.0179074)
(6.31306e-06 -8.02011e-06 0.017834)
(6.38843e-06 -5.10807e-06 0.0177295)
(6.56854e-06 -2.09098e-06 0.0175889)
(4.66208e-06 -7.82264e-06 0.0179036)
(4.64822e-06 -5.84743e-06 0.0178297)
(4.7036e-06 -3.72677e-06 0.0177248)
(4.83371e-06 -1.52931e-06 0.017584)
(3.39969e-06 -5.66292e-06 0.0179008)
(3.39241e-06 -4.23444e-06 0.0178265)
(3.43312e-06 -2.7004e-06 0.0177213)
(3.52703e-06 -1.11037e-06 0.0175804)
(2.44702e-06 -4.0497e-06 0.0178988)
(2.44347e-06 -3.0293e-06 0.0178242)
(2.47311e-06 -1.93309e-06 0.0177188)
(2.54029e-06 -7.96279e-07 0.0175778)
(1.72884e-06 -2.83547e-06 0.0178974)
(1.72713e-06 -2.12218e-06 0.0178225)
(1.74812e-06 -1.35554e-06 0.017717)
(1.79512e-06 -5.5958e-07 0.0175759)
(1.19695e-06 -1.91948e-06 0.0178964)
(1.19565e-06 -1.43808e-06 0.0178214)
(1.20955e-06 -9.20529e-07 0.0177158)
(1.24104e-06 -3.81771e-07 0.0175746)
(8.29752e-07 -1.248e-06 0.0178957)
(8.27592e-07 -9.37271e-07 0.0178207)
(8.35496e-07 -6.04192e-07 0.017715)
(8.55386e-07 -2.54136e-07 0.0175738)
(6.25887e-07 -8.37016e-07 0.0178952)
(6.23719e-07 -6.29418e-07 0.0178201)
(6.2844e-07 -4.00548e-07 0.0177144)
(6.39615e-07 -1.69951e-07 0.0175732)
)
;
    }
}


// ************************************************************************* //
