/*--------------------------------*- C++ -*----------------------------------*\
  =========                 |
  \\      /  F ield         | OpenFOAM: The Open Source CFD Toolbox
   \\    /   O peration     | Website:  https://openfoam.org
    \\  /    A nd           | Version:  6
     \\/     M anipulation  |
\*---------------------------------------------------------------------------*/
FoamFile
{
    version     2.0;
    format      ascii;
    class       volVectorField;
    location    "0.01";
    object      stored_U;
}
// * * * * * * * * * * * * * * * * * * * * * * * * * * * * * * * * * * * * * //

dimensions      [0 1 -1 0 0 0 0];

internalField   nonuniform List<vector> 
1152
(
(-0.0123358 0.0210033 0.0158896)
(0.00742748 -0.000507832 0.000823601)
(0.00295993 0.0125796 -0.00579484)
(3.08472e-05 -0.000538406 0.00272882)
(0.00467432 -0.0404342 -0.0157154)
(-0.0108828 -0.010038 0.003012)
(0.00144779 0.00542899 -0.00528925)
(0.00400377 0.00579985 0.000962506)
(-0.01078 -0.00569691 0.00138368)
(-0.018028 -0.00029672 -0.00127069)
(-0.0290553 -0.00827612 -0.0515765)
(0.000253687 -0.00351141 -0.000888107)
(-0.00843924 0.000547498 -4.69886e-05)
(0.00198473 0.002744 -0.00207376)
(-0.0267605 -0.0150377 -0.0515728)
(-0.00780453 -0.00403161 -0.00163124)
(-0.000904906 0.00292437 0.039477)
(0.00420321 0.00073404 0.0120593)
(0.00266147 0.000984098 0.00724088)
(0.00194696 -0.000287387 0.00607594)
(-0.000228866 -0.000116656 0.00802918)
(0.000525902 -0.00162621 0.0173319)
(0.00175036 0.00180975 0.0141804)
(0.0019192 0.00251846 0.00741395)
(-0.000446117 -0.000103403 0.00321187)
(0.000469661 0.00128293 0.0096839)
(-0.00110077 0.00418742 0.00870044)
(-0.00053766 0.00258053 -0.00386865)
(0.0018488 -0.00124782 0.00413891)
(0.00532475 -0.000109331 0.00697635)
(-0.000213683 -0.00103138 -0.0183892)
(-0.0040907 -0.000916325 -0.00503833)
(0.000404065 0.000388842 0.00874542)
(0.00214084 -9.70425e-05 0.00515526)
(0.00216893 -3.58696e-05 0.00382548)
(0.00184379 -0.000169746 0.0031912)
(0.000268487 0.001029 0.00441352)
(0.00144307 0.000677363 0.00516688)
(0.00191617 0.00115533 0.00431783)
(0.00170044 0.000981374 0.00311044)
(0.000787648 0.000319984 0.00287951)
(0.00175912 0.000994182 0.00339773)
(0.0016501 0.00179431 0.00180022)
(0.000894036 0.00129075 0.000748325)
(0.00212727 -0.000794572 0.00302615)
(0.00292456 -8.20812e-05 0.00226797)
(0.00183767 8.40774e-05 -0.00255261)
(0.00015947 2.7407e-05 -0.000163122)
(0.000417905 -5.94541e-05 0.00481314)
(0.00111366 -0.000149188 0.00417528)
(0.00121886 -9.78146e-05 0.00352793)
(0.00106504 -0.000100948 0.0029862)
(0.000449939 0.000287727 0.00408158)
(0.000982736 0.000271898 0.00394878)
(0.00118671 0.000365198 0.00341048)
(0.00101749 0.000297222 0.00286585)
(0.000735893 -1.48288e-05 0.00351816)
(0.0011509 0.000297369 0.00331959)
(0.00118036 0.000533445 0.00255495)
(0.000804574 0.000389464 0.00219398)
(0.0012771 -0.000446407 0.00358766)
(0.00153006 -0.000133786 0.00296191)
(0.00124724 7.5109e-06 0.00177261)
(0.000616287 -2.52832e-05 0.00177626)
(0.000368529 -0.000125421 0.00386543)
(0.00062617 -0.000126757 0.00363016)
(0.000679875 -9.85678e-05 0.00331568)
(0.000595167 -9.4968e-05 0.00301561)
(0.000415081 -4.03881e-05 0.00369215)
(0.000624111 -1.08033e-06 0.00354919)
(0.000687291 3.8495e-05 0.00325154)
(0.000579756 2.51688e-05 0.00295691)
(0.000540859 -0.000137002 0.00353273)
(0.000701305 -8.76559e-06 0.00333694)
(0.000703293 7.27316e-05 0.00298333)
(0.000524602 4.14284e-05 0.00273835)
(0.000737205 -0.000270643 0.00358463)
(0.000834546 -0.000152987 0.00323815)
(0.000735534 -8.95856e-05 0.00278125)
(0.000474316 -9.65082e-05 0.00260248)
(0.000285622 -0.000124716 0.00353139)
(0.000383711 -0.000112052 0.00341206)
(0.000401878 -9.68329e-05 0.00325045)
(0.000349158 -9.47421e-05 0.0030907)
(0.000314963 -0.000116182 0.00350542)
(0.000399409 -8.55465e-05 0.00339588)
(0.000411663 -6.41744e-05 0.00323192)
(0.00034399 -6.53831e-05 0.00307265)
(0.000369149 -0.000145256 0.00347849)
(0.0004351 -9.36302e-05 0.00334075)
(0.000423189 -6.27451e-05 0.00315807)
(0.000328301 -6.72507e-05 0.0030087)
(0.000440428 -0.00018125 0.00351723)
(0.000482636 -0.000138694 0.00332581)
(0.000438212 -0.000114408 0.00310961)
(0.000314158 -0.000114474 0.00297405)
(0.000206436 -0.000106701 0.00341415)
(0.000247377 -9.63749e-05 0.00334262)
(0.000249688 -8.82697e-05 0.00325157)
(0.000215438 -8.70717e-05 0.0031624)
(0.000221615 -0.000112852 0.00342546)
(0.000258585 -9.62855e-05 0.00334904)
(0.000256373 -8.53968e-05 0.00325367)
(0.000213972 -8.44967e-05 0.00316393)
(0.00024506 -0.000121783 0.00343501)
(0.000274637 -0.00010109 0.00334491)
(0.000262533 -8.88433e-05 0.0032413)
(0.000208695 -8.91956e-05 0.00315315)
(0.00027189 -0.000128868 0.00346391)
(0.000292044 -0.000113819 0.00335426)
(0.000268496 -0.000105192 0.00323918)
(0.000203194 -0.000105635 0.00315259)
(0.000144487 -8.52752e-05 0.00337189)
(0.000163232 -7.88011e-05 0.00332576)
(0.000160434 -7.45762e-05 0.00327089)
(0.000138057 -7.39209e-05 0.00321836)
(0.000151736 -9.22978e-05 0.00338965)
(0.00016946 -8.42722e-05 0.00333854)
(0.000164353 -7.90232e-05 0.00328062)
(0.000137823 -7.82596e-05 0.00322739)
(0.000161878 -9.49152e-05 0.00340597)
(0.000176429 -8.68861e-05 0.00334844)
(0.000167204 -8.21648e-05 0.00328671)
(0.000135603 -8.23996e-05 0.00323346)
(0.000172144 -9.40366e-05 0.00342767)
(0.000182575 -8.93483e-05 0.00336273)
(0.000169006 -8.68924e-05 0.00329673)
(0.000132613 -8.80121e-05 0.00324338)
(9.96821e-05 -6.57348e-05 0.00335533)
(0.000109163 -6.20192e-05 0.00332522)
(0.000105604 -5.9843e-05 0.00329085)
(9.10544e-05 -5.94617e-05 0.00325858)
(0.00010294 -7.12591e-05 0.00337195)
(0.000112375 -6.75773e-05 0.00333823)
(0.000107797 -6.51574e-05 0.003302)
(9.12334e-05 -6.47525e-05 0.0032692)
(0.00010727 -7.18695e-05 0.00338711)
(0.000115234 -6.90509e-05 0.00335035)
(0.000108952 -6.74611e-05 0.00331236)
(9.01252e-05 -6.78846e-05 0.00327941)
(0.000111107 -6.93042e-05 0.0034034)
(0.00011704 -6.84998e-05 0.00336378)
(0.00010908 -6.83772e-05 0.00332417)
(8.82428e-05 -6.96371e-05 0.00329117)
(6.84226e-05 -4.96236e-05 0.00334856)
(7.37542e-05 -4.75723e-05 0.00332908)
(7.08063e-05 -4.64486e-05 0.00330704)
(6.14158e-05 -4.61812e-05 0.00328657)
(6.97593e-05 -5.3664e-05 0.0033625)
(7.53575e-05 -5.20679e-05 0.00334033)
(7.20433e-05 -5.10023e-05 0.00331715)
(6.1742e-05 -5.08038e-05 0.00329634)
(7.15344e-05 -5.36967e-05 0.00337484)
(7.64034e-05 -5.29818e-05 0.00335117)
(7.24289e-05 -5.26535e-05 0.00332719)
(6.11639e-05 -5.3105e-05 0.0033063)
(7.28302e-05 -5.12382e-05 0.00338704)
(7.65832e-05 -5.17786e-05 0.00336229)
(7.20013e-05 -5.24176e-05 0.00333774)
(5.99482e-05 -5.352e-05 0.00331692)
(4.69792e-05 -3.69752e-05 0.00334583)
(5.02876e-05 -3.58642e-05 0.00333344)
(4.8184e-05 -3.52739e-05 0.00331909)
(4.21655e-05 -3.50517e-05 0.00330578)
(4.74236e-05 -3.99074e-05 0.00335711)
(5.1073e-05 -3.92799e-05 0.00334255)
(4.89112e-05 -3.88371e-05 0.00332746)
(4.25344e-05 -3.87214e-05 0.00331391)
(4.80792e-05 -3.98341e-05 0.00336671)
(5.13522e-05 -3.99174e-05 0.00335134)
(4.89882e-05 -4.00481e-05 0.00333588)
(4.22548e-05 -4.04237e-05 0.00332232)
(4.83818e-05 -3.78968e-05 0.00337584)
(5.09898e-05 -3.87883e-05 0.00336008)
(4.84615e-05 -3.95685e-05 0.00334446)
(4.14828e-05 -4.04267e-05 0.00333101)
(3.23645e-05 -2.7317e-05 0.00334483)
(3.45839e-05 -2.67212e-05 0.00333717)
(3.3197e-05 -2.64006e-05 0.00332774)
(2.93606e-05 -2.62028e-05 0.0033189)
(3.24169e-05 -2.94647e-05 0.00335389)
(3.49634e-05 -2.92704e-05 0.00334433)
(3.36505e-05 -2.91025e-05 0.00333435)
(2.9721e-05 -2.90123e-05 0.00332534)
(3.25934e-05 -2.94232e-05 0.00336122)
(3.49429e-05 -2.97612e-05 0.00335115)
(3.36244e-05 -3.00178e-05 0.003341)
(2.96149e-05 -3.02913e-05 0.003332)
(3.25313e-05 -2.80108e-05 0.00336803)
(3.44628e-05 -2.88838e-05 0.00335784)
(3.316e-05 -2.95848e-05 0.00334768)
(2.91378e-05 -3.02122e-05 0.00333879)
(2.24082e-05 -2.00675e-05 0.00334456)
(2.39785e-05 -1.97497e-05 0.00334007)
(2.31118e-05 -1.95668e-05 0.00333383)
(2.06749e-05 -1.93904e-05 0.00332788)
(2.23067e-05 -2.16579e-05 0.00335188)
(2.41596e-05 -2.16455e-05 0.00334562)
(2.34123e-05 -2.15923e-05 0.00333893)
(2.10004e-05 -2.15094e-05 0.00333283)
(2.22907e-05 -2.16708e-05 0.00335745)
(2.40416e-05 -2.20457e-05 0.00335081)
(2.33651e-05 -2.23008e-05 0.00334403)
(2.09905e-05 -2.24839e-05 0.00333794)
(2.21185e-05 -2.06827e-05 0.00336252)
(2.35975e-05 -2.14197e-05 0.00335585)
(2.30019e-05 -2.19837e-05 0.00334912)
(2.0704e-05 -2.24263e-05 0.00334311)
(1.56037e-05 -1.46855e-05 0.0033446)
(1.67509e-05 -1.45163e-05 0.00334223)
(1.62327e-05 -1.44054e-05 0.0033381)
(1.46875e-05 -1.4252e-05 0.00333404)
(1.54577e-05 -1.58726e-05 0.00335059)
(1.68363e-05 -1.59269e-05 0.00334652)
(1.64422e-05 -1.59178e-05 0.00334199)
(1.49666e-05 -1.58397e-05 0.0033378)
(1.53758e-05 -1.59274e-05 0.00335482)
(1.67034e-05 -1.62604e-05 0.00335042)
(1.64015e-05 -1.64735e-05 0.00334583)
(1.50046e-05 -1.65889e-05 0.00334164)
(1.51927e-05 -1.52539e-05 0.0033586)
(1.63392e-05 -1.58365e-05 0.00335419)
(1.61333e-05 -1.62668e-05 0.00334965)
(1.48375e-05 -1.65728e-05 0.00334553)
(1.0928e-05 -1.07178e-05 0.00334476)
(1.17801e-05 -1.06276e-05 0.00334382)
(1.14837e-05 -1.05559e-05 0.00334109)
(1.0504e-05 -1.04265e-05 0.00333829)
(1.07844e-05 -1.16073e-05 0.00334975)
(1.182e-05 -1.1678e-05 0.00334713)
(1.16351e-05 -1.16831e-05 0.00334405)
(1.07347e-05 -1.1612e-05 0.00334113)
(1.06904e-05 -1.16856e-05 0.00335298)
(1.17023e-05 -1.1956e-05 0.00335005)
(1.16069e-05 -1.21209e-05 0.00334691)
(1.07919e-05 -1.21901e-05 0.00334399)
(1.05309e-05 -1.1235e-05 0.0033558)
(1.14202e-05 -1.16797e-05 0.00335286)
(1.14149e-05 -1.1999e-05 0.00334976)
(1.06975e-05 -1.22082e-05 0.00334688)
(7.69297e-06 -7.80436e-06 0.00334494)
(8.33029e-06 -7.75613e-06 0.00334496)
(8.16949e-06 -7.70715e-06 0.00334319)
(7.54745e-06 -7.60098e-06 0.00334125)
(7.5692e-06 -8.47149e-06 0.0033492)
(8.34885e-06 -8.53801e-06 0.00334756)
(8.28109e-06 -8.5459e-06 0.00334543)
(7.73277e-06 -8.4837e-06 0.00334338)
(7.48392e-06 -8.55757e-06 0.00335169)
(8.25408e-06 -8.76736e-06 0.00334974)
(8.2641e-06 -8.88993e-06 0.00334757)
(7.79316e-06 -8.92957e-06 0.0033455)
(7.35594e-06 -8.26049e-06 0.00335379)
(8.04209e-06 -8.59315e-06 0.00335182)
(8.12876e-06 -8.82617e-06 0.00334968)
(7.74212e-06 -8.96838e-06 0.00334764)
(5.43684e-06 -5.66849e-06 0.00334511)
(5.91374e-06 -5.64253e-06 0.00334579)
(5.83273e-06 -5.60773e-06 0.00334467)
(5.43687e-06 -5.52276e-06 0.00334331)
(5.33688e-06 -6.16767e-06 0.00334882)
(5.92237e-06 -6.22334e-06 0.00334785)
(5.91578e-06 -6.2301e-06 0.00334638)
(5.58242e-06 -6.17782e-06 0.00334492)
(5.26659e-06 -6.25117e-06 0.00335077)
(5.84972e-06 -6.40956e-06 0.00334949)
(5.90675e-06 -6.49865e-06 0.00334796)
(5.63799e-06 -6.5202e-06 0.00334649)
(5.1683e-06 -6.05764e-06 0.00335235)
(5.69335e-06 -6.30321e-06 0.00335103)
(5.81217e-06 -6.47161e-06 0.00334953)
(5.61196e-06 -6.56805e-06 0.00334808)
(3.8488e-06 -4.1013e-06 0.00334525)
(4.20411e-06 -4.08717e-06 0.00334638)
(4.16814e-06 -4.06188e-06 0.0033457)
(3.91553e-06 -3.99539e-06 0.00334476)
(3.77115e-06 -4.4728e-06 0.00334857)
(4.20815e-06 -4.51661e-06 0.00334805)
(4.22995e-06 -4.52145e-06 0.00334703)
(4.02759e-06 -4.479e-06 0.00334599)
(3.71615e-06 -4.54765e-06 0.00335012)
(4.15406e-06 -4.66504e-06 0.00334929)
(4.22592e-06 -4.72888e-06 0.00334821)
(4.075e-06 -4.73977e-06 0.00334715)
(3.64267e-06 -4.42292e-06 0.00335132)
(4.04017e-06 -4.60232e-06 0.00335044)
(4.16021e-06 -4.7231e-06 0.00334937)
(4.06289e-06 -4.78848e-06 0.00334832)
(2.7183e-06 -2.94681e-06 0.00334536)
(2.98055e-06 -2.93895e-06 0.0033468)
(2.96861e-06 -2.9204e-06 0.00334643)
(2.80716e-06 -2.86953e-06 0.00334577)
(2.65972e-06 -3.22062e-06 0.0033484)
(2.98251e-06 -3.25372e-06 0.00334819)
(3.0143e-06 -3.25684e-06 0.00334748)
(2.89174e-06 -3.22347e-06 0.00334672)
(2.61818e-06 -3.28388e-06 0.00334966)
(2.94309e-06 -3.36948e-06 0.00334913)
(3.01311e-06 -3.4147e-06 0.00334837)
(2.93013e-06 -3.41956e-06 0.00334759)
(2.56438e-06 -3.20432e-06 0.00335058)
(2.86113e-06 -3.33396e-06 0.00335)
(2.96775e-06 -3.41985e-06 0.00334924)
(2.92543e-06 -3.46412e-06 0.00334847)
(1.90139e-06 -2.08892e-06 0.00334545)
(2.09166e-06 -2.08438e-06 0.0033471)
(2.09143e-06 -2.07085e-06 0.00334695)
(1.98851e-06 -2.03293e-06 0.00334648)
(1.85849e-06 -2.28735e-06 0.00334829)
(2.09273e-06 -2.31149e-06 0.00334829)
(2.1247e-06 -2.31331e-06 0.00334779)
(2.05084e-06 -2.28792e-06 0.00334723)
(1.8281e-06 -2.33807e-06 0.00334934)
(2.06467e-06 -2.39926e-06 0.00334902)
(2.12495e-06 -2.4308e-06 0.00334847)
(2.08056e-06 -2.43248e-06 0.00334789)
(1.78959e-06 -2.28795e-06 0.00335006)
(2.00664e-06 -2.38014e-06 0.00334968)
(2.09397e-06 -2.44039e-06 0.00334912)
(2.07955e-06 -2.47015e-06 0.00334855)
(1.29826e-06 -1.44094e-06 0.00334551)
(1.432e-06 -1.4382e-06 0.00334731)
(1.43642e-06 -1.42856e-06 0.0033473)
(1.3717e-06 -1.40134e-06 0.00334697)
(1.26809e-06 -1.58035e-06 0.00334821)
(1.43272e-06 -1.59722e-06 0.00334836)
(1.45995e-06 -1.59814e-06 0.003348)
(1.416e-06 -1.57965e-06 0.00334758)
(1.24675e-06 -1.6187e-06 0.00334912)
(1.41343e-06 -1.66107e-06 0.00334894)
(1.4608e-06 -1.68246e-06 0.00334853)
(1.43788e-06 -1.68262e-06 0.00334809)
(1.22007e-06 -1.58774e-06 0.00334969)
(1.37352e-06 -1.65143e-06 0.00334945)
(1.4401e-06 -1.69259e-06 0.00334903)
(1.43845e-06 -1.71222e-06 0.0033486)
(8.38541e-07 -9.37287e-07 0.00334556)
(9.26801e-07 -9.35605e-07 0.00334745)
(9.3196e-07 -9.29111e-07 0.00334753)
(8.92904e-07 -9.10849e-07 0.00334729)
(8.18741e-07 -1.02927e-06 0.00334816)
(9.27362e-07 -1.04026e-06 0.0033484)
(9.47629e-07 -1.04062e-06 0.00334814)
(9.22397e-07 -1.02806e-06 0.00334781)
(8.04751e-07 -1.05586e-06 0.00334897)
(9.14928e-07 -1.08344e-06 0.00334888)
(9.4856e-07 -1.09712e-06 0.00334857)
(9.37308e-07 -1.09671e-06 0.00334822)
(7.87393e-07 -1.03754e-06 0.00334945)
(8.89071e-07 -1.07899e-06 0.0033493)
(9.35465e-07 -1.10555e-06 0.00334897)
(9.38299e-07 -1.11787e-06 0.00334863)
(4.74743e-07 -5.27477e-07 0.00334559)
(5.25556e-07 -5.26325e-07 0.00334754)
(5.29746e-07 -5.22271e-07 0.00334768)
(5.09117e-07 -5.1146e-07 0.00334749)
(4.63775e-07 -5.79499e-07 0.00334813)
(5.26236e-07 -5.85432e-07 0.00334843)
(5.39065e-07 -5.85249e-07 0.00334823)
(5.26319e-07 -5.77703e-07 0.00334795)
(4.56076e-07 -5.94661e-07 0.00334888)
(5.1952e-07 -6.10006e-07 0.00334885)
(5.39983e-07 -6.17411e-07 0.00334859)
(5.35184e-07 -6.16808e-07 0.0033483)
(4.46464e-07 -5.84711e-07 0.0033493)
(5.05154e-07 -6.07956e-07 0.0033492)
(5.32895e-07 -6.22717e-07 0.00334893)
(5.36079e-07 -6.29411e-07 0.00334864)
(2.04039e-07 -1.8966e-07 0.00334559)
(2.28062e-07 -1.86495e-07 0.00334757)
(2.33641e-07 -1.82414e-07 0.00334774)
(2.28457e-07 -1.76156e-07 0.00334758)
(2.02615e-07 -2.05218e-07 0.00334811)
(2.30843e-07 -2.05061e-07 0.00334843)
(2.39481e-07 -2.02892e-07 0.00334826)
(2.37023e-07 -1.98253e-07 0.00334802)
(2.01768e-07 -2.07296e-07 0.00334883)
(2.30284e-07 -2.11213e-07 0.00334883)
(2.41579e-07 -2.12389e-07 0.0033486)
(2.41834e-07 -2.10856e-07 0.00334834)
(1.99588e-07 -2.00719e-07 0.00334922)
(2.26314e-07 -2.08161e-07 0.00334915)
(2.40111e-07 -2.12635e-07 0.00334891)
(2.43074e-07 -2.14378e-07 0.00334865)
(-0.000702271 0.00243087 0.000186024)
(0.00410194 0.00473236 0.00287998)
(0.0237516 0.000938559 0.0068387)
(-0.0281452 0.00317271 0.00752831)
(0.000241787 0.00055316 0.000523998)
(0.0015754 0.0042939 0.000543169)
(-0.00517778 0.0113451 0.00153262)
(-0.00421409 -0.00302966 -0.000864516)
(0.000213281 -0.000323247 0.000199503)
(0.0114064 0.00143913 7.81911e-05)
(0.00581131 0.000361827 0.00247481)
(0.00673604 0.00543926 0.00405792)
(0.00124445 -0.000189546 0.000320826)
(0.00481713 0.00867046 -0.000261878)
(-0.0066305 0.0158192 0.002505)
(-0.000732019 0.00582876 -0.00277468)
(-0.000914825 0.00074444 -0.00163432)
(-0.00136115 0.000562549 0.000123873)
(-0.00133455 0.000431619 0.00511809)
(-0.00440701 0.00106735 0.0153568)
(-2.06612e-05 0.000254823 0.000862251)
(-0.000497681 0.000922269 -8.19229e-05)
(-0.00210284 0.0022348 0.00114914)
(-0.00211781 0.00174838 0.00575624)
(0.000680979 -0.00162276 -0.00176992)
(0.00174417 -0.0016145 -0.00352978)
(0.00113633 -0.00190006 -0.00791523)
(0.000791839 0.000269153 -0.00473732)
(0.000210408 -0.00252187 0.0143136)
(-0.000455224 -0.00245455 0.011336)
(0.00150571 -0.00184643 0.0375285)
(0.00404878 -0.00206363 8.43699e-05)
(-0.000719879 0.000200168 0.0017877)
(-0.00142243 -0.000158529 0.00247905)
(-0.00170946 -0.000201395 0.00398467)
(-0.00146554 9.95268e-05 0.00589574)
(-6.78168e-05 -0.000213155 0.0021171)
(-0.000613506 -0.000124531 0.00216806)
(-0.00111324 0.000202223 0.0027458)
(-0.00093913 0.000675528 0.00375733)
(0.000277816 -0.00158817 0.00157391)
(5.78507e-05 -0.00170473 0.00133145)
(-7.81171e-07 -0.00156594 0.00125694)
(0.000302963 -0.000599384 0.00193731)
(0.000198894 -0.0019501 0.00466573)
(0.000137914 -0.0022332 0.00502153)
(0.00102428 -0.00225664 0.00792783)
(0.00203806 -0.00168337 0.00343392)
(-0.00016269 -5.11529e-05 0.00287626)
(-0.000381061 -0.000200961 0.00328691)
(-0.000432001 -0.00024354 0.00385126)
(-0.000264692 -0.000172857 0.00435702)
(4.42662e-05 -0.000263152 0.0029128)
(-0.000141568 -0.000280985 0.00313147)
(-0.000231237 -0.000204333 0.00348601)
(-5.64104e-05 -2.99978e-06 0.00384913)
(0.000159355 -0.000882783 0.00283831)
(7.23818e-05 -0.000946355 0.00299842)
(0.000137765 -0.000886398 0.00326755)
(0.000384717 -0.000476974 0.00346137)
(0.000122944 -0.00101294 0.00425379)
(0.000168815 -0.00113336 0.00446276)
(0.000599652 -0.00113302 0.00475854)
(0.0010904 -0.000847901 0.00410027)
(4.56245e-05 -0.000126016 0.0031846)
(1.23879e-05 -0.000184495 0.00338628)
(3.89368e-05 -0.000206741 0.00358932)
(0.000139195 -0.000191636 0.00374428)
(8.98052e-05 -0.00023063 0.00321736)
(6.1106e-05 -0.000252672 0.00337859)
(8.46371e-05 -0.000234299 0.00353898)
(0.000208858 -0.000164663 0.00365828)
(0.000112074 -0.000476083 0.00327651)
(0.000121086 -0.000499174 0.00342613)
(0.000200295 -0.000464554 0.00355499)
(0.000359617 -0.000316554 0.00360091)
(8.61071e-05 -0.000514228 0.00390026)
(0.000170802 -0.000549175 0.0040361)
(0.000371526 -0.00053182 0.00410384)
(0.000601705 -0.000419923 0.00387075)
(9.57958e-05 -0.000130122 0.00324711)
(0.000111264 -0.000154723 0.00337206)
(0.000145149 -0.000165727 0.00346605)
(0.000206366 -0.000162407 0.00351889)
(9.17422e-05 -0.000182175 0.00330097)
(0.00011142 -0.000196096 0.00342201)
(0.000151825 -0.000192028 0.00350042)
(0.000230002 -0.000166437 0.0035331)
(8.25287e-05 -0.000273922 0.00338324)
(0.000120429 -0.000283192 0.00350014)
(0.000185131 -0.000265448 0.00355771)
(0.000281613 -0.000212998 0.00355422)
(6.0095e-05 -0.00027559 0.00365949)
(0.000137824 -0.000287218 0.00376036)
(0.000243209 -0.000275758 0.00377635)
(0.000359021 -0.000234421 0.0036731)
(9.16479e-05 -0.000109853 0.003241)
(0.000113846 -0.000121858 0.00334034)
(0.000139842 -0.000127815 0.00340238)
(0.000177484 -0.00012716 0.0034273)
(7.69225e-05 -0.000136735 0.00330238)
(0.000105078 -0.000144763 0.00340457)
(0.00013848 -0.000144216 0.00345367)
(0.000186283 -0.000133838 0.00346055)
(6.03007e-05 -0.000169091 0.0033765)
(9.94856e-05 -0.000174459 0.00347609)
(0.000145916 -0.00016739 0.00350898)
(0.000203198 -0.000147773 0.00349385)
(4.11742e-05 -0.000159151 0.0035092)
(9.97993e-05 -0.000166045 0.00359861)
(0.000162972 -0.000162224 0.0036066)
(0.000227024 -0.000147659 0.00355349)
(7.36464e-05 -8.52883e-05 0.00322152)
(9.22628e-05 -9.22708e-05 0.00331288)
(0.00011014 -9.59378e-05 0.00336644)
(0.0001339 -9.60572e-05 0.00338534)
(5.90541e-05 -9.99489e-05 0.00328016)
(8.36516e-05 -0.000104931 0.00337501)
(0.000107554 -0.000105468 0.00341544)
(0.000137219 -0.000101121 0.00341761)
(4.32161e-05 -0.000110116 0.00334038)
(7.5102e-05 -0.000114179 0.00343313)
(0.000106842 -0.000112202 0.00345986)
(0.000141532 -0.00010481 0.00344672)
(2.80002e-05 -9.86111e-05 0.0034123)
(6.9429e-05 -0.000104257 0.00349955)
(0.000109561 -0.000104478 0.00351193)
(0.000147371 -0.000100133 0.00348149)
(5.52377e-05 -6.35308e-05 0.00320402)
(6.89036e-05 -6.82326e-05 0.00329329)
(8.07819e-05 -7.07875e-05 0.00334522)
(9.61577e-05 -7.12206e-05 0.00336388)
(4.33952e-05 -7.20984e-05 0.00325598)
(6.20815e-05 -7.55797e-05 0.00334867)
(7.83955e-05 -7.6527e-05 0.00338773)
(9.72732e-05 -7.48277e-05 0.00339132)
(3.05379e-05 -7.4433e-05 0.00330394)
(5.41311e-05 -7.77961e-05 0.00339486)
(7.54308e-05 -7.79314e-05 0.00342197)
(9.7087e-05 -7.53846e-05 0.00341406)
(1.90182e-05 -6.46445e-05 0.00334797)
(4.75124e-05 -6.94307e-05 0.00343584)
(7.35824e-05 -7.11726e-05 0.00345385)
(9.69188e-05 -7.06638e-05 0.00343657)
(4.01492e-05 -4.63194e-05 0.00319131)
(4.96906e-05 -4.97621e-05 0.00328037)
(5.74933e-05 -5.169e-05 0.00333254)
(6.76393e-05 -5.22577e-05 0.00335222)
(3.11995e-05 -5.16937e-05 0.00323626)
(4.45965e-05 -5.43435e-05 0.00332877)
(5.55468e-05 -5.54152e-05 0.00336868)
(6.78542e-05 -5.49301e-05 0.00337489)
(2.14264e-05 -5.15623e-05 0.00327492)
(3.81299e-05 -5.43673e-05 0.00336591)
(5.23428e-05 -5.52631e-05 0.00339513)
(6.62529e-05 -5.46693e-05 0.00339219)
(1.29372e-05 -4.41169e-05 0.00330489)
(3.22959e-05 -4.80531e-05 0.00339394)
(4.94355e-05 -5.01106e-05 0.00341654)
(6.43222e-05 -5.09156e-05 0.00340772)
(2.8754e-05 -3.33969e-05 0.0031828)
(3.52861e-05 -3.60086e-05 0.00327219)
(4.04053e-05 -3.75134e-05 0.00332494)
(4.72081e-05 -3.81086e-05 0.00334566)
(2.22025e-05 -3.69816e-05 0.0032218)
(3.15608e-05 -3.90749e-05 0.00331476)
(3.8882e-05 -4.01168e-05 0.0033559)
(4.70748e-05 -4.01781e-05 0.00336446)
(1.50032e-05 -3.62857e-05 0.00325377)
(2.65877e-05 -3.85873e-05 0.00334538)
(3.6079e-05 -3.96599e-05 0.00337671)
(4.52306e-05 -3.98259e-05 0.00337763)
(8.83109e-06 -3.09203e-05 0.00327595)
(2.19275e-05 -3.40598e-05 0.00336607)
(3.3301e-05 -3.59519e-05 0.003392)
(4.30432e-05 -3.70791e-05 0.00338875)
(2.04611e-05 -2.39513e-05 0.00317734)
(2.49063e-05 -2.59508e-05 0.00326713)
(2.82788e-05 -2.71321e-05 0.00332041)
(3.29031e-05 -2.76893e-05 0.00334191)
(1.57387e-05 -2.64539e-05 0.00321172)
(2.22059e-05 -2.8118e-05 0.00330521)
(2.71122e-05 -2.90495e-05 0.00334743)
(3.26617e-05 -2.93315e-05 0.00335776)
(1.05177e-05 -2.57969e-05 0.00323896)
(1.84856e-05 -2.76475e-05 0.00333122)
(2.48517e-05 -2.86586e-05 0.00336422)
(3.09922e-05 -2.90797e-05 0.00336788)
(6.0577e-06 -2.2041e-05 0.00325646)
(1.49235e-05 -2.44898e-05 0.00334739)
(2.2538e-05 -2.60684e-05 0.00337563)
(2.90448e-05 -2.71478e-05 0.00337602)
(1.45312e-05 -1.71425e-05 0.0031739)
(1.75589e-05 -1.86697e-05 0.00326406)
(1.97966e-05 -1.95908e-05 0.00331772)
(2.29781e-05 -2.00769e-05 0.00333976)
(1.11524e-05 -1.89425e-05 0.00320488)
(1.56097e-05 -2.02557e-05 0.00329883)
(1.89162e-05 -2.10446e-05 0.00334184)
(2.27298e-05 -2.13884e-05 0.0033534)
(7.3948e-06 -1.84647e-05 0.00322879)
(1.28673e-05 -1.99257e-05 0.00332157)
(1.71652e-05 -2.07918e-05 0.00335578)
(2.13521e-05 -2.12559e-05 0.0033613)
(4.17933e-06 -1.58781e-05 0.00324327)
(1.02037e-05 -1.77586e-05 0.0033348)
(1.53475e-05 -1.90137e-05 0.00336458)
(1.97662e-05 -1.99278e-05 0.00336736)
(1.03239e-05 -1.22672e-05 0.00317177)
(1.23953e-05 -1.34264e-05 0.00326221)
(1.38933e-05 -1.4137e-05 0.00331613)
(1.6105e-05 -1.45412e-05 0.00333853)
(7.91384e-06 -1.35846e-05 0.00320029)
(1.09914e-05 -1.46089e-05 0.00329459)
(1.32362e-05 -1.52526e-05 0.00333816)
(1.58881e-05 -1.55843e-05 0.00335055)
(5.21856e-06 -1.32777e-05 0.00322186)
(8.98621e-06 -1.44136e-05 0.00331503)
(1.191e-05 -1.5119e-05 0.00335006)
(1.48027e-05 -1.55424e-05 0.00335684)
(2.90115e-06 -1.15123e-05 0.00323433)
(7.01739e-06 -1.29406e-05 0.00332625)
(1.05237e-05 -1.39119e-05 0.00335706)
(1.35657e-05 -1.46431e-05 0.00336141)
(7.34578e-06 -8.78476e-06 0.00317046)
(8.7716e-06 -9.6583e-06 0.00326111)
(9.78401e-06 -1.02004e-05 0.00331521)
(1.13352e-05 -1.05255e-05 0.00333782)
(5.62813e-06 -9.75754e-06 0.00319721)
(7.76149e-06 -1.0547e-05 0.00329178)
(9.2977e-06 -1.10581e-05 0.00333573)
(1.11596e-05 -1.13477e-05 0.00334867)
(3.69693e-06 -9.57761e-06 0.00321715)
(6.30222e-06 -1.04496e-05 0.0033106)
(8.30705e-06 -1.10068e-05 0.00334618)
(1.03269e-05 -1.13626e-05 0.00335378)
(2.02603e-06 -8.37808e-06 0.00322822)
(4.85639e-06 -9.45397e-06 0.00332041)
(7.26715e-06 -1.01932e-05 0.00335191)
(9.38492e-06 -1.07602e-05 0.00335728)
(5.23559e-06 -6.29623e-06 0.00316966)
(6.22347e-06 -6.94985e-06 0.00326046)
(6.91416e-06 -7.3593e-06 0.00331467)
(8.0099e-06 -7.61422e-06 0.00333742)
(4.01124e-06 -7.0169e-06 0.00319516)
(5.49717e-06 -7.61862e-06 0.00328991)
(6.5566e-06 -8.01632e-06 0.00333412)
(7.87356e-06 -8.25538e-06 0.00334741)
(2.62777e-06 -6.92104e-06 0.00321393)
(4.43832e-06 -7.58335e-06 0.00330758)
(5.82337e-06 -8.01444e-06 0.00334353)
(7.24556e-06 -8.3002e-06 0.00335168)
(1.4225e-06 -6.10749e-06 0.00322403)
(3.38096e-06 -6.91246e-06 0.0033164)
(5.05144e-06 -7.46867e-06 0.00334835)
(6.53878e-06 -7.89991e-06 0.0033544)
(3.73547e-06 -4.51354e-06 0.00316916)
(4.42385e-06 -4.9992e-06 0.00326008)
(4.89899e-06 -5.30557e-06 0.00331436)
(5.67697e-06 -5.50164e-06 0.0033372)
(2.86265e-06 -5.04706e-06 0.00319378)
(3.90209e-06 -5.50095e-06 0.00328867)
(4.63756e-06 -5.80535e-06 0.00333304)
(5.57382e-06 -5.99573e-06 0.00334658)
(1.87195e-06 -5.00276e-06 0.00321174)
(3.13585e-06 -5.50099e-06 0.00330551)
(4.09875e-06 -5.82933e-06 0.00334171)
(5.10593e-06 -6.05233e-06 0.00335023)
(1.00283e-06 -4.45119e-06 0.00322115)
(2.36534e-06 -5.04965e-06 0.00331364)
(3.53015e-06 -5.46438e-06 0.00334588)
(4.58124e-06 -5.788e-06 0.00335238)
(2.66331e-06 -3.2308e-06 0.00316886)
(3.14478e-06 -3.58887e-06 0.00325986)
(3.47362e-06 -3.81594e-06 0.00331419)
(4.02723e-06 -3.96426e-06 0.00333707)
(2.04186e-06 -3.6241e-06 0.00319286)
(2.77082e-06 -3.96287e-06 0.00328783)
(3.28362e-06 -4.1925e-06 0.00333232)
(3.95059e-06 -4.34013e-06 0.00334601)
(1.33367e-06 -3.60923e-06 0.00321023)
(2.21837e-06 -3.98034e-06 0.0033041)
(2.89049e-06 -4.22702e-06 0.00334046)
(3.60565e-06 -4.39734e-06 0.00334922)
(7.08281e-07 -3.23537e-06 0.00321915)
(1.65939e-06 -3.67709e-06 0.00331172)
(2.47473e-06 -3.98363e-06 0.00334416)
(3.21978e-06 -4.22373e-06 0.00335095)
(1.89093e-06 -2.30127e-06 0.00316867)
(2.22762e-06 -2.56255e-06 0.00325974)
(2.45562e-06 -2.72891e-06 0.00331409)
(2.84865e-06 -2.83925e-06 0.00333701)
(1.45043e-06 -2.58875e-06 0.00319223)
(1.96109e-06 -2.83841e-06 0.00328727)
(2.31871e-06 -3.00897e-06 0.00333183)
(2.79264e-06 -3.1208e-06 0.00334563)
(9.46717e-07 -2.58915e-06 0.00320919)
(1.5654e-06 -2.86226e-06 0.00330313)
(2.03453e-06 -3.04488e-06 0.0033396)
(2.54134e-06 -3.17243e-06 0.00334852)
(4.99206e-07 -2.33624e-06 0.00321776)
(1.16287e-06 -2.65902e-06 0.00331039)
(1.73339e-06 -2.88314e-06 0.00334296)
(2.26065e-06 -3.05904e-06 0.00334995)
(1.32776e-06 -1.62006e-06 0.00316855)
(1.56143e-06 -1.8076e-06 0.00325966)
(1.71859e-06 -1.92739e-06 0.00331403)
(1.99477e-06 -2.00776e-06 0.00333697)
(1.01899e-06 -1.82695e-06 0.00319181)
(1.37381e-06 -2.00759e-06 0.0032869)
(1.62141e-06 -2.1317e-06 0.0033315)
(1.9547e-06 -2.21423e-06 0.00334537)
(6.64869e-07 -1.83401e-06 0.00320848)
(1.09407e-06 -2.0314e-06 0.00330246)
(1.41907e-06 -2.16396e-06 0.00333901)
(1.77474e-06 -2.25727e-06 0.00334803)
(3.48594e-07 -1.66411e-06 0.0032168)
(8.08171e-07 -1.89616e-06 0.00330947)
(1.20429e-06 -2.05727e-06 0.00334212)
(1.57391e-06 -2.18385e-06 0.00334925)
(9.09185e-07 -1.11153e-06 0.00316848)
(1.06783e-06 -1.24215e-06 0.00325962)
(1.1739e-06 -1.3258e-06 0.003314)
(1.36315e-06 -1.38244e-06 0.00333696)
(6.98143e-07 -1.2561e-06 0.00319153)
(9.39205e-07 -1.38271e-06 0.00328665)
(1.10691e-06 -1.47008e-06 0.00333129)
(1.33545e-06 -1.52875e-06 0.00334519)
(4.55458e-07 -1.2648e-06 0.003208)
(7.46661e-07 -1.40306e-06 0.00330201)
(9.66897e-07 -1.49618e-06 0.0033386)
(1.21042e-06 -1.56207e-06 0.0033477)
(2.37759e-07 -1.15285e-06 0.00321615)
(5.49124e-07 -1.31472e-06 0.00330884)
(8.18044e-07 -1.42709e-06 0.00334155)
(1.07095e-06 -1.51538e-06 0.00334877)
(5.88373e-07 -7.20246e-07 0.00316844)
(6.90501e-07 -8.05762e-07 0.0032596)
(7.58421e-07 -8.60657e-07 0.00331399)
(8.8093e-07 -8.98081e-07 0.00333695)
(4.52081e-07 -8.1527e-07 0.00319135)
(6.07325e-07 -8.98574e-07 0.00328649)
(7.14958e-07 -9.56239e-07 0.00333114)
(8.6299e-07 -9.95225e-07 0.00334508)
(2.94962e-07 -8.22792e-07 0.00320769)
(4.8229e-07 -9.13721e-07 0.00330171)
(6.23699e-07 -9.75097e-07 0.00333834)
(7.81289e-07 -1.01865e-06 0.00334748)
(1.53552e-07 -7.52505e-07 0.00321572)
(3.53635e-07 -8.5869e-07 0.00330842)
(5.26557e-07 -9.32365e-07 0.00334118)
(6.90149e-07 -9.90247e-07 0.00334845)
(3.31691e-07 -4.05406e-07 0.00316842)
(3.89919e-07 -4.53494e-07 0.00325959)
(4.28405e-07 -4.84359e-07 0.00331398)
(4.97787e-07 -5.05336e-07 0.00333695)
(2.55003e-07 -4.59043e-07 0.00319124)
(3.43183e-07 -5.0601e-07 0.00328639)
(4.04004e-07 -5.38547e-07 0.00333106)
(4.87926e-07 -5.60446e-07 0.00334501)
(1.66542e-07 -4.63444e-07 0.0032075)
(2.72772e-07 -5.14771e-07 0.00330153)
(3.52623e-07 -5.49384e-07 0.00333818)
(4.41985e-07 -5.73835e-07 0.00334735)
(8.69115e-08 -4.24108e-07 0.00321546)
(2.00277e-07 -4.84088e-07 0.00330817)
(2.97925e-07 -5.2561e-07 0.00334095)
(3.90692e-07 -5.58157e-07 0.00334826)
(1.28748e-07 -1.53582e-07 0.00316839)
(1.56844e-07 -1.7053e-07 0.00325957)
(1.76805e-07 -1.79621e-07 0.00331397)
(2.06139e-07 -1.84586e-07 0.00333693)
(9.83544e-08 -1.7058e-07 0.00319117)
(1.3873e-07 -1.86681e-07 0.00328633)
(1.68291e-07 -1.96071e-07 0.00333101)
(2.04783e-07 -2.01132e-07 0.00334497)
(6.42804e-08 -1.67495e-07 0.00320739)
(1.12184e-07 -1.85097e-07 0.00330143)
(1.499e-07 -1.95487e-07 0.00333809)
(1.89704e-07 -2.0195e-07 0.00334727)
(3.50927e-08 -1.4737e-07 0.00321532)
(8.59804e-08 -1.68452e-07 0.00330804)
(1.30776e-07 -1.82059e-07 0.00334082)
(1.72439e-07 -1.92388e-07 0.00334815)
(-0.00454194 -0.000656558 0.00234933)
(-0.015852 0.00285917 -0.00474754)
(-0.0118169 0.00288524 -0.00254908)
(-0.00365936 -0.0058088 0.00470699)
(-0.00422412 0.00189063 0.00353464)
(-0.00249557 0.00926482 0.000727243)
(-0.00332901 -0.00507477 0.00129277)
(-0.00689936 -0.0140234 0.00309086)
(0.000799341 -0.00148821 0.00120018)
(0.0035881 0.00147244 0.00288196)
(0.00831445 -0.00664731 0.00466793)
(-0.00818237 -0.00406784 0.00590568)
(-0.00278256 -0.0136478 0.00591098)
(0.00274577 0.00193976 0.00471335)
(-0.000987995 0.00215891 0.00494468)
(-0.0112431 -0.00128779 0.0079231)
(-0.000212581 0.000153348 0.00849703)
(0.000116247 -0.000832768 0.000615888)
(-0.00100877 -3.32502e-05 0.00302213)
(0.00075156 0.00013111 0.00667602)
(-0.000153755 0.0004526 0.0102782)
(0.00110792 -0.00097051 0.00615355)
(0.000970419 -0.00201711 0.00199575)
(0.000836787 -0.00106186 0.000144706)
(0.000153254 -8.66501e-05 0.0108192)
(0.0016462 -0.00126868 0.00669439)
(0.00253348 -0.0021048 0.00436048)
(0.000906224 -0.00123258 -0.00549658)
(-5.8765e-05 -0.00186157 0.0147277)
(0.00221891 -0.000744749 0.00835939)
(0.00204424 -0.000475223 0.00548506)
(0.000707061 -0.00116166 0.00259082)
(0.000234787 -0.000157415 0.00419018)
(0.000859793 -0.000731608 0.00241298)
(0.000351272 -0.000149037 0.00265971)
(0.000906928 0.000240774 0.00366138)
(0.000196209 -0.000441795 0.00452276)
(0.00102788 -0.0011969 0.00327638)
(0.00103881 -0.000635024 0.00262973)
(0.00118196 0.000190838 0.00215698)
(0.000250597 -0.000839072 0.00489224)
(0.00133999 -0.00138599 0.00387918)
(0.00162292 -0.000947664 0.00314152)
(0.00146823 -0.000371701 0.00146282)
(0.000504793 -0.00104883 0.00581796)
(0.00174332 -0.00123872 0.00441826)
(0.00191519 -0.000841765 0.00350028)
(0.00169505 -0.000686296 0.00243)
(0.000262369 -0.000200299 0.00376274)
(0.000581257 -0.00039187 0.00303131)
(0.00046293 -0.000143722 0.00295424)
(0.000636718 5.48667e-05 0.00304124)
(0.000276781 -0.000327892 0.003947)
(0.000667213 -0.000596055 0.00335295)
(0.000725586 -0.000303879 0.00302542)
(0.000784098 5.70151e-05 0.00270711)
(0.000315384 -0.000458165 0.0041892)
(0.000805541 -0.000664136 0.00366604)
(0.000959716 -0.000440491 0.00318532)
(0.000926137 -0.000187941 0.00257908)
(0.000432044 -0.000534725 0.00444768)
(0.000970996 -0.000619029 0.00392762)
(0.00111221 -0.000440438 0.00337371)
(0.00103565 -0.000326395 0.00277663)
(0.000226407 -0.000167963 0.00343643)
(0.000383717 -0.000221232 0.00314327)
(0.000374247 -0.000113815 0.00302074)
(0.000416385 -1.5594e-05 0.00293382)
(0.000259849 -0.000215405 0.00356508)
(0.00043802 -0.000301286 0.00331495)
(0.000481264 -0.000182238 0.00311073)
(0.000486175 -3.84774e-05 0.00289682)
(0.000295726 -0.000251728 0.00367797)
(0.000503248 -0.000322281 0.00345207)
(0.000574684 -0.000231835 0.00319015)
(0.000546088 -0.000129487 0.00288706)
(0.000353882 -0.00027897 0.00376186)
(0.000571789 -0.000305933 0.00354657)
(0.000638167 -0.000233002 0.00326238)
(0.000586107 -0.000177494 0.00295433)
(0.000177847 -0.000132625 0.00329138)
(0.000257498 -0.000137617 0.00315797)
(0.00026774 -8.29453e-05 0.00305717)
(0.000268504 -2.88663e-05 0.00295946)
(0.000208294 -0.00015378 0.00339356)
(0.000292475 -0.000173684 0.0032765)
(0.000316204 -0.000119699 0.00314925)
(0.000303638 -5.72388e-05 0.00301095)
(0.000236814 -0.000165664 0.00346238)
(0.000327274 -0.000183078 0.00335034)
(0.000356508 -0.000141788 0.00320274)
(0.000330485 -9.71706e-05 0.00303757)
(0.000270415 -0.000179567 0.00349525)
(0.000359543 -0.000182004 0.00338469)
(0.000383926 -0.000147188 0.00323185)
(0.000345713 -0.000119372 0.0030681)
(0.000133269 -0.000100906 0.00322226)
(0.00017544 -9.1647e-05 0.00315515)
(0.000183994 -5.86341e-05 0.00308625)
(0.000174011 -2.5565e-05 0.00301298)
(0.000155998 -0.000113302 0.00331546)
(0.000197898 -0.000112047 0.00325648)
(0.000208847 -8.2608e-05 0.00317875)
(0.000193279 -5.07734e-05 0.00309194)
(0.000176439 -0.000119708 0.00337237)
(0.000218048 -0.000119343 0.00331046)
(0.000228408 -9.68585e-05 0.00322338)
(0.000206959 -7.4584e-05 0.00312843)
(0.000197046 -0.000130172 0.00339394)
(0.000234933 -0.000124751 0.00332888)
(0.000241127 -0.000105376 0.00324045)
(0.000213744 -9.03196e-05 0.00314843)
(9.72084e-05 -7.48486e-05 0.00318971)
(0.000120647 -6.32495e-05 0.00315469)
(0.000125146 -4.12235e-05 0.00311186)
(0.00011408 -1.96463e-05 0.0030634)
(0.000113012 -8.36404e-05 0.0032802)
(0.00013499 -7.71116e-05 0.0032509)
(0.000139119 -5.86818e-05 0.00320466)
(0.000125437 -4.00368e-05 0.00315094)
(0.000126992 -8.85557e-05 0.00333446)
(0.000147156 -8.37781e-05 0.00329921)
(0.000149672 -6.9909e-05 0.00324633)
(0.00013332 -5.71728e-05 0.00318926)
(0.000139893 -9.69234e-05 0.00335496)
(0.000156521 -9.06647e-05 0.00331464)
(0.000156083 -7.89533e-05 0.00326071)
(0.000136975 -7.01015e-05 0.00320615)
(6.97861e-05 -5.45873e-05 0.00317456)
(8.34573e-05 -4.43853e-05 0.00315797)
(8.52269e-05 -2.90414e-05 0.00313372)
(7.58444e-05 -1.44629e-05 0.00310369)
(8.04549e-05 -6.1338e-05 0.00326445)
(9.26006e-05 -5.46861e-05 0.00325286)
(9.35746e-05 -4.22777e-05 0.0032269)
(8.29101e-05 -3.03243e-05 0.0031942)
(8.9831e-05 -6.54877e-05 0.00331844)
(0.000100125 -6.06112e-05 0.00329967)
(9.97495e-05 -5.14704e-05 0.00326744)
(8.78866e-05 -4.34151e-05 0.00323226)
(9.80119e-05 -7.20794e-05 0.00333974)
(0.00010551 -6.69801e-05 0.00331502)
(0.000103263 -5.95914e-05 0.00328118)
(9.02044e-05 -5.40054e-05 0.00324753)
(4.96501e-05 -3.93828e-05 0.00316787)
(5.79866e-05 -3.13736e-05 0.00316315)
(5.83769e-05 -2.05301e-05 0.00315162)
(5.11531e-05 -1.04924e-05 0.00313412)
(5.67764e-05 -4.46538e-05 0.00325782)
(6.38321e-05 -3.9227e-05 0.00325784)
(6.35672e-05 -3.06171e-05 0.00324514)
(5.57225e-05 -2.25587e-05 0.00322581)
(6.30307e-05 -4.81379e-05 0.00331201)
(6.85687e-05 -4.4225e-05 0.00330422)
(6.73926e-05 -3.80167e-05 0.00328501)
(5.90563e-05 -3.26052e-05 0.00326306)
(6.82859e-05 -5.3246e-05 0.00333415)
(7.17563e-05 -4.95001e-05 0.0033198)
(6.94664e-05 -4.47182e-05 0.0032983)
(6.0686e-05 -4.10122e-05 0.00327697)
(3.51676e-05 -2.82344e-05 0.00316526)
(4.04506e-05 -2.22498e-05 0.00316865)
(4.02775e-05 -1.45602e-05 0.00316574)
(3.49702e-05 -7.57214e-06 0.00315651)
(3.99236e-05 -3.23263e-05 0.00325544)
(4.42153e-05 -2.82313e-05 0.00326342)
(4.35968e-05 -2.21895e-05 0.00325949)
(3.80095e-05 -1.66126e-05 0.00324874)
(4.41069e-05 -3.51748e-05 0.00330984)
(4.72462e-05 -3.22727e-05 0.00330956)
(4.60637e-05 -2.79956e-05 0.0032988)
(4.03248e-05 -2.42403e-05 0.00328512)
(4.75329e-05 -3.90814e-05 0.00333253)
(4.9186e-05 -3.64245e-05 0.00332519)
(4.73661e-05 -3.32715e-05 0.00331154)
(4.15324e-05 -3.0731e-05 0.00329774)
(2.48744e-05 -2.01778e-05 0.00316459)
(2.83312e-05 -1.58106e-05 0.00317362)
(2.79973e-05 -1.03552e-05 0.00317655)
(2.41987e-05 -5.45402e-06 0.00317277)
(2.80631e-05 -2.33186e-05 0.003255)
(3.07818e-05 -2.03266e-05 0.00326851)
(3.01676e-05 -1.60667e-05 0.00327045)
(2.62635e-05 -1.21522e-05 0.00326525)
(3.08814e-05 -2.55878e-05 0.00330952)
(3.27539e-05 -2.34966e-05 0.00331443)
(3.18064e-05 -2.05242e-05 0.00330925)
(2.79069e-05 -1.78724e-05 0.00330085)
(3.31509e-05 -2.85445e-05 0.00333251)
(3.39684e-05 -2.66761e-05 0.00332992)
(3.26663e-05 -2.45639e-05 0.00332137)
(2.88215e-05 -2.27845e-05 0.00331233)
(1.76035e-05 -1.44052e-05 0.00316476)
(1.99244e-05 -1.12546e-05 0.00317776)
(1.95986e-05 -7.38279e-06 0.00318465)
(1.69217e-05 -3.92573e-06 0.00318448)
(1.97575e-05 -1.67889e-05 0.00325538)
(2.15399e-05 -1.46316e-05 0.00327274)
(2.10447e-05 -1.16188e-05 0.00327864)
(1.83477e-05 -8.84779e-06 0.00327709)
(2.16742e-05 -1.85589e-05 0.00330995)
(2.28454e-05 -1.70654e-05 0.00331844)
(2.21589e-05 -1.49851e-05 0.00331698)
(1.95299e-05 -1.30935e-05 0.00331203)
(2.3202e-05 -2.07782e-05 0.00333307)
(2.36279e-05 -1.94613e-05 0.00333371)
(2.27493e-05 -1.80257e-05 0.00332851)
(2.02271e-05 -1.67614e-05 0.00332256)
(1.24792e-05 -1.0287e-05 0.00316526)
(1.40693e-05 -8.02597e-06 0.00318103)
(1.38067e-05 -5.27536e-06 0.00319064)
(1.19375e-05 -2.82538e-06 0.00319287)
(1.39473e-05 -1.20788e-05 0.00325603)
(1.5149e-05 -1.05306e-05 0.00327608)
(1.47864e-05 -8.3935e-06 0.00328468)
(1.29353e-05 -6.42047e-06 0.00328555)
(1.5264e-05 -1.34371e-05 0.00331061)
(1.60276e-05 -1.23708e-05 0.00332157)
(1.5558e-05 -1.09056e-05 0.00332264)
(1.37928e-05 -9.54762e-06 0.00331997)
(1.63082e-05 -1.5092e-05 0.00333378)
(1.6546e-05 -1.41578e-05 0.0033366)
(1.59753e-05 -1.31691e-05 0.00333365)
(1.43241e-05 -1.22621e-05 0.00332974)
(8.8662e-06 -7.35322e-06 0.00316583)
(9.97264e-06 -5.73382e-06 0.00318355)
(9.77973e-06 -3.77688e-06 0.00319502)
(8.48131e-06 -2.03367e-06 0.00319887)
(9.876e-06 -8.68952e-06 0.00325672)
(1.0704e-05 -7.57924e-06 0.00327864)
(1.04532e-05 -6.05887e-06 0.00328908)
(9.18659e-06 -4.64805e-06 0.00329158)
(1.07896e-05 -9.71873e-06 0.00331128)
(1.13047e-05 -8.95544e-06 0.00332396)
(1.09954e-05 -7.91739e-06 0.00332673)
(9.81164e-06 -6.93834e-06 0.0033256)
(1.1513e-05 -1.09462e-05 0.00333445)
(1.16566e-05 -1.02788e-05 0.00333877)
(1.12963e-05 -9.59012e-06 0.00333733)
(1.02151e-05 -8.93511e-06 0.00333477)
(6.31266e-06 -5.26154e-06 0.00316636)
(7.09152e-06 -4.10243e-06 0.00318543)
(6.95738e-06 -2.70801e-06 0.00319819)
(6.05782e-06 -1.46379e-06 0.00320316)
(7.01326e-06 -6.25162e-06 0.00325734)
(7.59319e-06 -5.45498e-06 0.00328056)
(7.42599e-06 -4.37048e-06 0.00329226)
(6.56011e-06 -3.35861e-06 0.00329588)
(7.65265e-06 -7.02362e-06 0.00331187)
(8.00941e-06 -6.47545e-06 0.00332573)
(7.81123e-06 -5.73649e-06 0.00332968)
(7.01693e-06 -5.02873e-06 0.0033296)
(8.15945e-06 -7.92971e-06 0.00333502)
(8.25336e-06 -7.45017e-06 0.00334036)
(8.03097e-06 -6.96592e-06 0.00333995)
(7.32162e-06 -6.49107e-06 0.00333832)
(4.50062e-06 -3.76637e-06 0.00316681)
(5.05325e-06 -2.93715e-06 0.00318683)
(4.96336e-06 -1.94262e-06 0.00320049)
(4.34091e-06 -1.05292e-06 0.00320621)
(4.99018e-06 -4.4955e-06 0.00325785)
(5.40098e-06 -3.92373e-06 0.00328198)
(5.2925e-06 -3.14883e-06 0.00329456)
(4.70037e-06 -2.42193e-06 0.00329894)
(5.44073e-06 -5.06951e-06 0.00331236)
(5.69249e-06 -4.67501e-06 0.00332704)
(5.56826e-06 -4.1472e-06 0.0033318)
(5.03433e-06 -3.63506e-06 0.00333244)
(5.79882e-06 -5.73514e-06 0.00333548)
(5.86423e-06 -5.38932e-06 0.00334153)
(5.72977e-06 -5.04648e-06 0.00334182)
(5.26301e-06 -4.70171e-06 0.00334083)
(3.20724e-06 -2.69265e-06 0.00316716)
(3.6009e-06 -2.1005e-06 0.00318786)
(3.5423e-06 -1.39169e-06 0.00320214)
(3.11213e-06 -7.55678e-07 0.00320839)
(3.5509e-06 -3.22605e-06 0.00325826)
(3.8437e-06 -2.81622e-06 0.00328303)
(3.7748e-06 -2.26266e-06 0.00329621)
(3.36978e-06 -1.74083e-06 0.00330112)
(3.86961e-06 -3.64908e-06 0.00331275)
(4.04929e-06 -3.36525e-06 0.003328)
(3.97287e-06 -2.98793e-06 0.00333332)
(3.61332e-06 -2.61785e-06 0.00333445)
(4.12388e-06 -4.13518e-06 0.00333584)
(4.17136e-06 -3.88564e-06 0.00334237)
(4.09168e-06 -3.64207e-06 0.00334315)
(3.7836e-06 -3.39207e-06 0.00334259)
(2.27632e-06 -1.91595e-06 0.00316744)
(2.55637e-06 -1.49518e-06 0.00318861)
(2.51904e-06 -9.92132e-07 0.00320331)
(2.2227e-06 -5.39333e-07 0.00320993)
(2.51759e-06 -2.30253e-06 0.00325857)
(2.72626e-06 -2.01019e-06 0.00328378)
(2.68334e-06 -1.61634e-06 0.00329739)
(2.40681e-06 -1.24343e-06 0.00330267)
(2.74287e-06 -2.61089e-06 0.00331304)
(2.87146e-06 -2.40755e-06 0.00332869)
(2.82531e-06 -2.13873e-06 0.0033344)
(2.58324e-06 -1.87275e-06 0.00333588)
(2.92336e-06 -2.96283e-06 0.00333611)
(2.95844e-06 -2.78344e-06 0.00334298)
(2.91224e-06 -2.61063e-06 0.00334409)
(2.70864e-06 -2.43036e-06 0.00334384)
(1.59787e-06 -1.34755e-06 0.00316765)
(1.79516e-06 -1.05202e-06 0.00318914)
(1.77193e-06 -6.9895e-07 0.00320415)
(1.56959e-06 -3.80208e-07 0.00321102)
(1.76595e-06 -1.62341e-06 0.0032588)
(1.91329e-06 -1.41731e-06 0.00328432)
(1.88711e-06 -1.14021e-06 0.00329823)
(1.6997e-06 -8.76849e-07 0.00330376)
(1.9238e-06 -1.84443e-06 0.00331326)
(2.01507e-06 -1.70044e-06 0.00332919)
(1.98779e-06 -1.51101e-06 0.00333516)
(1.82576e-06 -1.32226e-06 0.00333688)
(2.05077e-06 -2.09549e-06 0.00333631)
(2.07658e-06 -1.96799e-06 0.00334341)
(2.0505e-06 -1.84654e-06 0.00334475)
(1.91648e-06 -1.71824e-06 0.00334472)
(1.09374e-06 -9.23744e-07 0.0031678)
(1.22928e-06 -7.21391e-07 0.00318951)
(1.21524e-06 -4.79774e-07 0.00320472)
(1.08005e-06 -2.61073e-07 0.00321177)
(1.20821e-06 -1.11493e-06 0.00325897)
(1.30964e-06 -9.7332e-07 0.00328471)
(1.29409e-06 -7.83287e-07 0.00329881)
(1.16966e-06 -6.0212e-07 0.00330451)
(1.31618e-06 -1.26867e-06 0.00331342)
(1.37934e-06 -1.16932e-06 0.00332954)
(1.36366e-06 -1.03921e-06 0.0033357)
(1.2572e-06 -9.0886e-07 0.00333757)
(1.40335e-06 -1.44277e-06 0.00333645)
(1.42179e-06 -1.35449e-06 0.00334371)
(1.40758e-06 -1.27119e-06 0.00334522)
(1.3208e-06 -1.18236e-06 0.00334533)
(7.07435e-07 -5.9804e-07 0.0031679)
(7.95426e-07 -4.67158e-07 0.00318976)
(7.87419e-07 -3.1094e-07 0.00320511)
(7.01732e-07 -1.69214e-07 0.00321227)
(7.81326e-07 -7.2276e-07 0.00325909)
(8.47277e-07 -6.30886e-07 0.00328496)
(8.38528e-07 -5.07805e-07 0.0032992)
(7.60026e-07 -3.90179e-07 0.00330501)
(8.51214e-07 -8.23336e-07 0.00331353)
(8.92457e-07 -7.58659e-07 0.00332977)
(8.83899e-07 -6.74265e-07 0.00333605)
(8.17297e-07 -5.89381e-07 0.00333804)
(9.07794e-07 -9.37044e-07 0.00333655)
(9.20156e-07 -8.79396e-07 0.00334392)
(9.12849e-07 -8.25395e-07 0.00334552)
(8.59187e-07 -7.67432e-07 0.00334573)
(3.98778e-07 -3.36642e-07 0.00316797)
(4.4913e-07 -2.63261e-07 0.00318992)
(4.45787e-07 -1.75353e-07 0.00320535)
(3.98918e-07 -9.5234e-08 0.00321258)
(4.41166e-07 -4.06749e-07 0.00325916)
(4.79136e-07 -3.55091e-07 0.00328512)
(4.75349e-07 -2.85618e-07 0.00329943)
(4.32481e-07 -2.18962e-07 0.00330532)
(4.81122e-07 -4.63332e-07 0.0033136)
(5.05233e-07 -4.26788e-07 0.00332991)
(5.01576e-07 -3.78931e-07 0.00333627)
(4.65403e-07 -3.30618e-07 0.00333832)
(5.13599e-07 -5.27121e-07 0.00333662)
(5.21441e-07 -4.94419e-07 0.00334404)
(5.18488e-07 -4.63707e-07 0.00334571)
(4.8957e-07 -4.30608e-07 0.00334598)
(1.56689e-07 -1.2939e-07 0.00316799)
(1.81506e-07 -1.02915e-07 0.00318998)
(1.86368e-07 -6.88583e-08 0.00320546)
(1.7376e-07 -3.58139e-08 0.00321272)
(1.78252e-07 -1.53838e-07 0.00325919)
(1.986e-07 -1.34419e-07 0.00328519)
(2.02806e-07 -1.06473e-07 0.00329954)
(1.90983e-07 -7.82072e-08 0.00330547)
(1.98103e-07 -1.71884e-07 0.00331362)
(2.13136e-07 -1.57258e-07 0.00332997)
(2.16817e-07 -1.3696e-07 0.00333637)
(2.06905e-07 -1.1579e-07 0.00333845)
(2.14401e-07 -1.92128e-07 0.00333664)
(2.23212e-07 -1.78447e-07 0.00334409)
(2.26494e-07 -1.64489e-07 0.0033458)
(2.18689e-07 -1.49385e-07 0.00334609)
)
;

boundaryField
{
    inlet
    {
        type            calculated;
        value           uniform (0 0 0.00371);
    }
    outlet
    {
        type            calculated;
        value           nonuniform List<vector> 
48
(
(2.04039e-07 -1.8966e-07 0.00334559)
(2.02615e-07 -2.05218e-07 0.00334811)
(2.01768e-07 -2.07296e-07 0.00334883)
(1.99588e-07 -2.00719e-07 0.00334922)
(2.28062e-07 -1.86495e-07 0.00334757)
(2.30843e-07 -2.05061e-07 0.00334843)
(2.30284e-07 -2.11213e-07 0.00334883)
(2.26314e-07 -2.08161e-07 0.00334915)
(2.33641e-07 -1.82414e-07 0.00334774)
(2.39481e-07 -2.02892e-07 0.00334826)
(2.41579e-07 -2.12389e-07 0.0033486)
(2.40111e-07 -2.12635e-07 0.00334891)
(2.28457e-07 -1.76156e-07 0.00334758)
(2.37023e-07 -1.98253e-07 0.00334802)
(2.41834e-07 -2.10856e-07 0.00334834)
(2.43074e-07 -2.14378e-07 0.00334865)
(1.28748e-07 -1.53582e-07 0.00316839)
(9.83544e-08 -1.7058e-07 0.00319117)
(6.42804e-08 -1.67495e-07 0.00320739)
(3.50927e-08 -1.4737e-07 0.00321532)
(1.56844e-07 -1.7053e-07 0.00325957)
(1.3873e-07 -1.86681e-07 0.00328633)
(1.12184e-07 -1.85097e-07 0.00330143)
(8.59804e-08 -1.68452e-07 0.00330804)
(1.76805e-07 -1.79621e-07 0.00331397)
(1.68291e-07 -1.96071e-07 0.00333101)
(1.499e-07 -1.95487e-07 0.00333809)
(1.30776e-07 -1.82059e-07 0.00334082)
(2.06139e-07 -1.84586e-07 0.00333693)
(2.04783e-07 -2.01132e-07 0.00334497)
(1.89704e-07 -2.0195e-07 0.00334727)
(1.72439e-07 -1.92388e-07 0.00334815)
(1.56689e-07 -1.2939e-07 0.00316799)
(1.78252e-07 -1.53838e-07 0.00325919)
(1.98103e-07 -1.71884e-07 0.00331362)
(2.14401e-07 -1.92128e-07 0.00333664)
(1.81506e-07 -1.02915e-07 0.00318998)
(1.986e-07 -1.34419e-07 0.00328519)
(2.13136e-07 -1.57258e-07 0.00332997)
(2.23212e-07 -1.78447e-07 0.00334409)
(1.86368e-07 -6.88583e-08 0.00320546)
(2.02806e-07 -1.06473e-07 0.00329954)
(2.16817e-07 -1.3696e-07 0.00333637)
(2.26494e-07 -1.64489e-07 0.0033458)
(1.7376e-07 -3.58139e-08 0.00321272)
(1.90983e-07 -7.82072e-08 0.00330547)
(2.06905e-07 -1.1579e-07 0.00333845)
(2.18689e-07 -1.49385e-07 0.00334609)
)
;
    }
    wall
    {
        type            calculated;
        value           nonuniform List<vector> 
192
(
(-0.00147471 0.00179694 0.000186024)
(-0.000176239 0.00032972 0.000523998)
(0.000107765 -0.000355255 0.000199503)
(3.04451e-05 -0.000309115 0.000320826)
(-0.000733243 0.00089346 -0.00163432)
(-0.00011053 0.000206787 0.000862251)
(0.00050816 -0.00167518 -0.00176992)
(0.000248018 -0.00251817 0.0143136)
(-0.00038788 0.000472633 0.0017877)
(7.3546e-05 -0.000137595 0.0021171)
(0.00046458 -0.00153151 0.00157391)
(0.000192133 -0.00195076 0.00466573)
(-4.03902e-05 4.92156e-05 0.00287626)
(0.000119238 -0.000223078 0.0029128)
(0.000258652 -0.000852661 0.00283831)
(9.99884e-05 -0.0010152 0.00425379)
(8.01589e-05 -9.76739e-05 0.0031846)
(0.000115837 -0.000216715 0.00321736)
(0.000141693 -0.000467098 0.00327651)
(5.09877e-05 -0.000517687 0.00390026)
(0.000102364 -0.000124731 0.00324711)
(9.61228e-05 -0.000179833 0.00330097)
(8.30457e-05 -0.000273765 0.00338324)
(2.74598e-05 -0.000278804 0.00365949)
(9.07554e-05 -0.000110586 0.003241)
(7.39389e-05 -0.00013833 0.00330238)
(5.20524e-05 -0.000171594 0.0033765)
(1.592e-05 -0.000161638 0.0035092)
(7.14641e-05 -8.70793e-05 0.00322152)
(5.46749e-05 -0.00010229 0.00328016)
(3.42301e-05 -0.000112841 0.00334038)
(9.88804e-06 -0.000100395 0.0034123)
(5.33857e-05 -6.50507e-05 0.00320402)
(3.96169e-05 -7.4118e-05 0.00325598)
(2.32497e-05 -7.66438e-05 0.00330394)
(6.48847e-06 -6.58785e-05 0.00334797)
(3.8873e-05 -4.73668e-05 0.00319131)
(2.84238e-05 -5.31773e-05 0.00323626)
(1.61287e-05 -5.31693e-05 0.00327492)
(4.42768e-06 -4.4955e-05 0.00330489)
(2.79498e-05 -3.40569e-05 0.0031828)
(2.03083e-05 -3.79941e-05 0.0032218)
(1.13439e-05 -3.73958e-05 0.00325377)
(3.10097e-06 -3.14846e-05 0.00327595)
(1.99802e-05 -2.4346e-05 0.00317734)
(1.44952e-05 -2.71186e-05 0.00321172)
(8.05226e-06 -2.65447e-05 0.00323896)
(2.20819e-06 -2.24202e-05 0.00325646)
(1.42547e-05 -1.73694e-05 0.0031739)
(1.03533e-05 -1.93696e-05 0.00320488)
(5.75234e-06 -1.89629e-05 0.00322879)
(1.58898e-06 -1.61332e-05 0.00324327)
(1.01707e-05 -1.2393e-05 0.00317177)
(7.40617e-06 -1.3856e-05 0.00320029)
(4.1281e-06 -1.36085e-05 0.00322186)
(1.15084e-06 -1.16847e-05 0.00323433)
(7.26433e-06 -8.85161e-06 0.00317046)
(5.3072e-06 -9.92908e-06 0.00319721)
(2.97204e-06 -9.7975e-06 0.00321715)
(8.36706e-07 -8.49522e-06 0.00322822)
(5.19471e-06 -6.32978e-06 0.00316966)
(3.80853e-06 -7.12525e-06 0.00319516)
(2.14399e-06 -7.06779e-06 0.00321393)
(6.09422e-07 -6.18757e-06 0.00322403)
(3.71676e-06 -4.52889e-06 0.00316916)
(2.73436e-06 -5.11563e-06 0.00319378)
(1.54743e-06 -5.1012e-06 0.00321174)
(4.43827e-07 -4.50625e-06 0.00322115)
(2.65622e-06 -3.23661e-06 0.00316886)
(1.9604e-06 -3.66765e-06 0.00319286)
(1.11497e-06 -3.67557e-06 0.00321023)
(3.22399e-07 -3.27337e-06 0.00321915)
(1.88954e-06 -2.30241e-06 0.00316867)
(1.39854e-06 -2.61649e-06 0.00319223)
(7.99003e-07 -2.63396e-06 0.00320919)
(2.32685e-07 -2.36249e-06 0.00321776)
(1.32883e-06 -1.61918e-06 0.00316855)
(9.85964e-07 -1.84461e-06 0.00319181)
(5.65487e-07 -1.86416e-06 0.00320848)
(1.65675e-07 -1.68213e-06 0.0032168)
(9.10994e-07 -1.11005e-06 0.00316848)
(6.77342e-07 -1.26722e-06 0.00319153)
(3.89723e-07 -1.28474e-06 0.003208)
(1.14739e-07 -1.16496e-06 0.00321615)
(5.89997e-07 -7.18913e-07 0.00316844)
(4.39395e-07 -8.2205e-07 0.00319135)
(2.53414e-07 -8.35395e-07 0.00320769)
(7.48784e-08 -7.60253e-07 0.00321572)
(3.32299e-07 -4.04907e-07 0.00316842)
(2.47506e-07 -4.6305e-07 0.00319124)
(1.42772e-07 -4.70655e-07 0.0032075)
(4.22047e-08 -4.28512e-07 0.00321546)
(1.27131e-07 -1.54909e-07 0.00316839)
(9.27717e-08 -1.73564e-07 0.00319117)
(5.19441e-08 -1.71237e-07 0.00320739)
(1.47124e-08 -1.49378e-07 0.00321532)
(-0.00239204 0.0019631 0.00234933)
(-0.000202227 0.000165964 0.00849703)
(0.000217491 -0.000178491 0.00419018)
(0.000255003 -0.000209275 0.00376274)
(0.000217657 -0.000178626 0.00343643)
(0.00017131 -0.00014059 0.00329138)
(0.000129118 -0.000105965 0.00322226)
(9.47917e-05 -7.77935e-05 0.00318971)
(6.84696e-05 -5.61915e-05 0.00317456)
(4.89812e-05 -4.01978e-05 0.00316787)
(3.48602e-05 -2.8609e-05 0.00316526)
(2.47586e-05 -2.03189e-05 0.00316459)
(1.75831e-05 -1.44301e-05 0.00316476)
(1.25016e-05 -1.02598e-05 0.00316526)
(8.90392e-06 -7.30726e-06 0.00316583)
(6.35232e-06 -5.21322e-06 0.00316636)
(4.53632e-06 -3.72286e-06 0.00316681)
(3.23693e-06 -2.65648e-06 0.00316716)
(2.29977e-06 -1.88737e-06 0.00316744)
(1.61563e-06 -1.32591e-06 0.00316765)
(1.10655e-06 -9.08125e-07 0.0031678)
(7.15999e-07 -5.87605e-07 0.0031679)
(4.03375e-07 -3.31041e-07 0.00316797)
(1.57081e-07 -1.28913e-07 0.00316799)
(-0.0135181 0.00722558 -0.00474754)
(0.000436625 -0.000233381 0.000615888)
(0.000972889 -0.00052002 0.00241298)
(0.000615007 -0.000328728 0.00303131)
(0.000390423 -0.000208686 0.00314327)
(0.00025749 -0.000137631 0.00315797)
(0.000174556 -9.33019e-05 0.00315515)
(0.000120132 -6.4212e-05 0.00315469)
(8.33643e-05 -4.45592e-05 0.00315797)
(5.81442e-05 -3.10787e-05 0.00316315)
(4.07119e-05 -2.1761e-05 0.00316865)
(2.86086e-05 -1.52916e-05 0.00317362)
(2.01758e-05 -1.07842e-05 0.00317776)
(1.42795e-05 -7.63258e-06 0.00318103)
(1.01403e-05 -5.42011e-06 0.00318355)
(7.2212e-06 -3.85981e-06 0.00318543)
(5.15141e-06 -2.75349e-06 0.00318683)
(3.67398e-06 -1.96378e-06 0.00318786)
(2.6099e-06 -1.39502e-06 0.00318861)
(1.83361e-06 -9.80086e-07 0.00318914)
(1.25603e-06 -6.7136e-07 0.00318951)
(8.12885e-07 -4.34496e-07 0.00318976)
(4.58774e-07 -2.4522e-07 0.00318992)
(1.83958e-07 -9.83277e-08 0.00318998)
(-0.0116226 0.00352569 -0.00254908)
(-0.000914525 0.000277418 0.00302213)
(0.000363072 -0.000110137 0.00265971)
(0.000463845 -0.000140706 0.00295424)
(0.000374327 -0.000113551 0.00302074)
(0.00026822 -8.13637e-05 0.00305717)
(0.000184778 -5.60517e-05 0.00308625)
(0.000126052 -3.82375e-05 0.00311186)
(8.61125e-05 -2.61219e-05 0.00313372)
(5.91607e-05 -1.79462e-05 0.00315162)
(4.09281e-05 -1.24154e-05 0.00316574)
(2.85146e-05 -8.64982e-06 0.00317655)
(1.9998e-05 -6.06632e-06 0.00318465)
(1.41087e-05 -4.27984e-06 0.00319064)
(1.00048e-05 -3.03492e-06 0.00319502)
(7.12336e-06 -2.16085e-06 0.00319819)
(5.08475e-06 -1.54244e-06 0.00320049)
(3.6304e-06 -1.10127e-06 0.00320214)
(2.58237e-06 -7.83353e-07 0.00320331)
(1.81678e-06 -5.51113e-07 0.00320415)
(1.24611e-06 -3.78004e-07 0.00320472)
(8.07441e-07 -2.44935e-07 0.00320511)
(4.56933e-07 -1.38609e-07 0.00320535)
(1.89791e-07 -5.75725e-08 0.00320546)
(-0.00305758 0.000301146 0.00470699)
(0.00073155 -7.20514e-05 0.00667602)
(0.000874728 -8.61532e-05 0.00366138)
(0.000625249 -6.15817e-05 0.00304124)
(0.000413906 -4.07662e-05 0.00293382)
(0.00026874 -2.64686e-05 0.00295946)
(0.000174833 -1.72196e-05 0.00301298)
(0.0001149 -1.13167e-05 0.0030634)
(7.65265e-05 -7.5372e-06 0.00310369)
(5.16852e-05 -5.09054e-06 0.00313412)
(3.53729e-05 -3.48392e-06 0.00315651)
(2.44983e-05 -2.41287e-06 0.00317277)
(1.7142e-05 -1.68834e-06 0.00318448)
(1.20984e-05 -1.19159e-06 0.00319287)
(8.59821e-06 -8.46849e-07 0.00319887)
(6.14241e-06 -6.04975e-07 0.00320316)
(4.40192e-06 -4.33551e-07 0.00320621)
(3.15594e-06 -3.10833e-07 0.00320839)
(2.25395e-06 -2.21995e-07 0.00320993)
(1.59159e-06 -1.56758e-07 0.00321102)
(1.09514e-06 -1.07862e-07 0.00321177)
(7.11496e-07 -7.00763e-08 0.00321227)
(4.04375e-07 -3.98274e-08 0.00321258)
(1.75584e-07 -1.72935e-08 0.00321272)
)
;
    }
    procBoundary0to1
    {
        type            processor;
        value           nonuniform List<vector> 
192
(
(-0.00453109 -0.00539203 -0.000397128)
(-0.0155219 -0.000453992 -0.00212254)
(-0.0117098 0.000845593 0.000121201)
(-0.0111792 0.00125916 0.00164755)
(0.00105887 -0.0015013 0.00182066)
(3.50807e-05 0.000666175 0.0019274)
(-0.00165497 0.00103651 -0.000515853)
(-0.00255432 -0.000228977 -0.000335293)
(0.00101227 -0.000377736 0.00187777)
(0.000870747 0.000443027 0.00181137)
(0.000249246 0.000582858 0.00102044)
(-0.000197619 -9.47572e-05 0.000774799)
(0.000617502 -0.000159622 0.00245958)
(0.000563239 0.000123865 0.00238627)
(0.000354617 0.00015869 0.00205398)
(0.000201604 -0.000115835 0.0018807)
(0.000372495 -0.000120952 0.00276955)
(0.000340053 -3.34795e-05 0.00273334)
(0.000265262 -3.12918e-05 0.00260768)
(0.000206613 -0.000135743 0.00254075)
(0.000231901 -0.000107599 0.00296547)
(0.000213461 -8.7036e-05 0.00295722)
(0.000183182 -9.2822e-05 0.00292026)
(0.000156394 -0.000132035 0.00290553)
(0.000149378 -9.34285e-05 0.00309344)
(0.000139649 -9.35406e-05 0.00309928)
(0.000125737 -9.98691e-05 0.00309696)
(0.0001122 -0.00011462 0.0031032)
(9.90995e-05 -7.69837e-05 0.00317775)
(9.42441e-05 -8.24177e-05 0.00318873)
(8.73813e-05 -8.75527e-05 0.00319794)
(8.0201e-05 -9.30729e-05 0.00321066)
(6.74067e-05 -6.08148e-05 0.00323349)
(6.51854e-05 -6.6721e-05 0.00324504)
(6.17613e-05 -7.05763e-05 0.00325663)
(5.79035e-05 -7.26106e-05 0.00326977)
(4.68014e-05 -4.66472e-05 0.00327049)
(4.59648e-05 -5.16868e-05 0.0032807)
(4.43225e-05 -5.45354e-05 0.00329136)
(4.22759e-05 -5.52841e-05 0.00330273)
(3.30264e-05 -3.5075e-05 0.00329516)
(3.28836e-05 -3.90463e-05 0.00330349)
(3.21752e-05 -4.11624e-05 0.00331226)
(3.11257e-05 -4.1467e-05 0.00332139)
(2.35942e-05 -2.60258e-05 0.00331173)
(2.37689e-05 -2.90561e-05 0.00331824)
(2.35389e-05 -3.06459e-05 0.00332508)
(2.30331e-05 -3.08172e-05 0.00333212)
(1.70078e-05 -1.91426e-05 0.00332293)
(1.73013e-05 -2.14231e-05 0.0033279)
(1.73026e-05 -2.26295e-05 0.0033331)
(1.70863e-05 -2.27716e-05 0.00333841)
(1.23372e-05 -1.39992e-05 0.00333058)
(1.26497e-05 -1.57044e-05 0.00333432)
(1.27504e-05 -1.66259e-05 0.0033382)
(1.26824e-05 -1.67652e-05 0.00334216)
(8.98577e-06 -1.01985e-05 0.00333584)
(9.27183e-06 -1.14693e-05 0.00333864)
(9.40398e-06 -1.21749e-05 0.00334152)
(9.40702e-06 -1.23119e-05 0.00334445)
(6.55878e-06 -7.40864e-06 0.00333949)
(6.80145e-06 -8.35326e-06 0.00334159)
(6.93218e-06 -8.89285e-06 0.00334371)
(6.96531e-06 -9.02192e-06 0.00334587)
(4.78798e-06 -5.36721e-06 0.00334204)
(4.98455e-06 -6.06713e-06 0.00334362)
(5.09974e-06 -6.47802e-06 0.00334518)
(5.14197e-06 -6.59384e-06 0.00334678)
(3.48674e-06 -3.8734e-06 0.00334383)
(3.64089e-06 -4.38939e-06 0.00334503)
(3.73606e-06 -4.70004e-06 0.00334619)
(3.77719e-06 -4.7994e-06 0.00334736)
(2.52267e-06 -2.77635e-06 0.00334508)
(2.64031e-06 -3.15348e-06 0.00334602)
(2.71552e-06 -3.38565e-06 0.00334688)
(2.75114e-06 -3.46746e-06 0.00334775)
(1.80017e-06 -1.96375e-06 0.00334596)
(1.88742e-06 -2.23512e-06 0.0033467)
(1.94454e-06 -2.40539e-06 0.00334735)
(1.97319e-06 -2.47e-06 0.00334801)
(1.24892e-06 -1.35196e-06 0.00334657)
(1.31113e-06 -1.54153e-06 0.00334717)
(1.35254e-06 -1.6623e-06 0.00334767)
(1.37409e-06 -1.71076e-06 0.00334818)
(8.16437e-07 -8.77911e-07 0.00334698)
(8.57883e-07 -1.00244e-06 0.00334749)
(8.85764e-07 -1.08271e-06 0.00334789)
(9.00618e-07 -1.11627e-06 0.00334829)
(4.6729e-07 -4.92318e-07 0.00334722)
(4.91278e-07 -5.6274e-07 0.00334768)
(5.07492e-07 -6.0851e-07 0.00334802)
(5.16232e-07 -6.28215e-07 0.00334836)
(2.1371e-07 -1.67098e-07 0.00334734)
(2.24522e-07 -1.91126e-07 0.00334777)
(2.31789e-07 -2.06733e-07 0.00334808)
(2.35667e-07 -2.13472e-07 0.00334839)
(-0.000768213 0.000165876 0.000742876)
(-0.00557816 0.000996246 0.00227025)
(-0.00974997 0.00269271 0.00015936)
(-0.0095244 -0.00117902 -0.00177583)
(0.000556961 0.000119624 0.00272468)
(6.77334e-05 0.000512275 0.000873296)
(5.6511e-05 0.000447541 -0.0020944)
(0.000853156 -0.00139568 -0.00264565)
(0.000945477 0.00020058 0.0020143)
(0.000761998 0.00031372 0.00157336)
(0.00076533 -4.72526e-06 0.000932437)
(0.000994335 -0.000581642 0.000912108)
(0.000608875 7.83632e-05 0.0023926)
(0.000561302 6.99939e-05 0.0022611)
(0.000560033 -9.39838e-05 0.0021328)
(0.000621197 -0.000269106 0.00220622)
(0.000354565 1.86824e-05 0.00262852)
(0.000356125 -2.14081e-05 0.00263755)
(0.000363361 -0.000100241 0.00263844)
(0.000380038 -0.00015989 0.0026905)
(0.000211176 -6.5317e-07 0.00280046)
(0.000222999 -4.06899e-05 0.00286299)
(0.000231818 -8.51715e-05 0.0028976)
(0.000237523 -0.000113819 0.00293298)
(0.000130315 -5.46468e-06 0.00292439)
(0.000141238 -3.80283e-05 0.00300554)
(0.0001488 -6.75823e-05 0.00304701)
(0.00015221 -8.73565e-05 0.00307362)
(8.30044e-05 -5.82513e-06 0.00301136)
(9.12361e-05 -3.07798e-05 0.00309909)
(9.71836e-05 -5.21815e-05 0.00314044)
(9.99963e-05 -6.77561e-05 0.00316209)
(5.43403e-05 -4.97024e-06 0.00307189)
(6.02409e-05 -2.36611e-05 0.00316221)
(6.47925e-05 -3.96071e-05 0.00320206)
(6.72343e-05 -5.19682e-05 0.00322038)
(3.64319e-05 -3.91534e-06 0.00311406)
(4.06212e-05 -1.77475e-05 0.00320553)
(4.40692e-05 -2.96556e-05 0.00324385)
(4.61405e-05 -3.9263e-05 0.00325965)
(2.49278e-05 -2.96585e-06 0.00314353)
(2.79099e-05 -1.31205e-05 0.00323557)
(3.05084e-05 -2.19597e-05 0.00327258)
(3.22112e-05 -2.92723e-05 0.00328638)
(1.73484e-05 -2.1954e-06 0.00316417)
(1.9483e-05 -9.6063e-06 0.00325651)
(2.14335e-05 -1.61207e-05 0.00329248)
(2.27965e-05 -2.16007e-05 0.00330471)
(1.22405e-05 -1.60088e-06 0.00317868)
(1.37766e-05 -6.98574e-06 0.00327117)
(1.52352e-05 -1.17581e-05 0.00330634)
(1.63037e-05 -1.58215e-05 0.00331735)
(8.7295e-06 -1.15554e-06 0.00318889)
(9.83953e-06 -5.05597e-06 0.00328148)
(1.09265e-05 -8.53661e-06 0.00331604)
(1.17507e-05 -1.15288e-05 0.00332611)
(6.27523e-06 -8.28324e-07 0.0031961)
(7.07976e-06 -3.64725e-06 0.00328874)
(7.88697e-06 -6.17776e-06 0.00332285)
(8.51476e-06 -8.37083e-06 0.00333222)
(4.53525e-06 -5.90912e-07 0.0032012)
(5.11931e-06 -2.62467e-06 0.00329387)
(5.71661e-06 -4.45989e-06 0.00332764)
(6.18999e-06 -6.06174e-06 0.0033365)
(3.28674e-06 -4.19986e-07 0.00320482)
(3.71076e-06 -1.88448e-06 0.00329751)
(4.15091e-06 -3.21211e-06 0.00333104)
(4.50466e-06 -4.3783e-06 0.00333951)
(2.38095e-06 -2.9735e-07 0.00320738)
(2.68809e-06 -1.34865e-06 0.00330009)
(3.01063e-06 -2.30558e-06 0.00333344)
(3.27257e-06 -3.15089e-06 0.00334164)
(1.71624e-06 -2.09264e-07 0.00320919)
(1.93736e-06 -9.59341e-07 0.00330191)
(2.17165e-06 -1.64449e-06 0.00333513)
(2.36342e-06 -2.25273e-06 0.00334314)
(1.22155e-06 -1.45551e-07 0.00321047)
(1.37864e-06 -6.74001e-07 0.00330319)
(1.54624e-06 -1.15815e-06 0.00333633)
(1.68423e-06 -1.58979e-06 0.0033442)
(8.46011e-07 -9.87518e-08 0.00321135)
(9.5458e-07 -4.61368e-07 0.00330408)
(1.07103e-06 -7.94409e-07 0.00333715)
(1.16732e-06 -1.09241e-06 0.00334492)
(5.52447e-07 -6.3346e-08 0.00321194)
(6.23226e-07 -2.982e-07 0.00330467)
(6.99412e-07 -5.14318e-07 0.0033377)
(7.62582e-07 -7.08273e-07 0.00334541)
(3.16107e-07 -3.48644e-08 0.0032123)
(3.56707e-07 -1.66422e-07 0.00330503)
(4.00268e-07 -2.87622e-07 0.00333804)
(4.3638e-07 -3.96672e-07 0.00334571)
(1.45338e-07 -8.86627e-09 0.00321247)
(1.64686e-07 -5.43429e-08 0.00330521)
(1.84191e-07 -9.62123e-08 0.0033382)
(2.00046e-07 -1.33904e-07 0.00334585)
)
;
    }
    procBoundary0to2
    {
        type            processor;
        value           nonuniform List<vector> 
192
(
(-0.00280486 -0.0028138 0.000964486)
(-0.00170835 -0.000559031 0.000603336)
(-0.00219088 -0.00723053 -0.00148825)
(-0.00509989 -0.000486 -0.000953064)
(0.0034813 -0.00183785 0.00875647)
(0.00411631 -0.00187735 0.00511326)
(0.00158521 -0.00540701 -0.00522068)
(-0.00155766 -0.00286101 -0.00131479)
(0.00269106 -0.000999636 0.00420437)
(0.00299162 -0.000974237 0.00267637)
(0.00206869 -0.0014835 6.0075e-05)
(0.000555608 -0.00107076 0.000539984)
(0.00150924 -0.000501868 0.00397906)
(0.00163811 -0.000468159 0.00318027)
(0.00131095 -0.000525742 0.00218124)
(0.000669399 -0.00043603 0.00197183)
(0.000826562 -0.000276712 0.00374042)
(0.000888172 -0.000261014 0.00332642)
(0.000761533 -0.000260803 0.00287373)
(0.000477764 -0.000238513 0.00266)
(0.000473655 -0.000173641 0.00358717)
(0.000504072 -0.000168803 0.00336986)
(0.000447742 -0.000165868 0.00314526)
(0.000310688 -0.00016184 0.00300107)
(0.000284189 -0.000119081 0.00350125)
(0.000299406 -0.000119006 0.00338196)
(0.000270863 -0.000118882 0.00326186)
(0.000199301 -0.000119883 0.00317291)
(0.000176295 -8.54121e-05 0.00345099)
(0.000184214 -8.71962e-05 0.00338244)
(0.000168619 -8.86635e-05 0.00331429)
(0.000129447 -9.07949e-05 0.00326041)
(0.000112079 -6.25169e-05 0.00341939)
(0.000116565 -6.47687e-05 0.00337852)
(0.00010786 -6.66575e-05 0.00333818)
(8.59085e-05 -6.87293e-05 0.00330524)
(7.2642e-05 -4.61536e-05 0.00339852)
(7.54927e-05 -4.82692e-05 0.00337345)
(7.07149e-05 -5.0031e-05 0.00334877)
(5.83089e-05 -5.17196e-05 0.00332817)
(4.78488e-05 -3.41883e-05 0.00338423)
(4.98647e-05 -3.59597e-05 0.00336851)
(4.73666e-05 -3.7414e-05 0.00335298)
(4.03643e-05 -3.86925e-05 0.00333977)
(3.19679e-05 -2.53521e-05 0.00337422)
(3.34981e-05 -2.67512e-05 0.00336418)
(3.23066e-05 -2.78817e-05 0.00335417)
(2.83882e-05 -2.88145e-05 0.00334547)
(2.16313e-05 -1.87994e-05 0.0033671)
(2.28324e-05 -1.98685e-05 0.00336059)
(2.23653e-05 -2.07187e-05 0.00335401)
(2.02066e-05 -2.13862e-05 0.00334815)
(1.48049e-05 -1.39313e-05 0.003362)
(1.57563e-05 -1.47324e-05 0.00335773)
(1.56695e-05 -1.53598e-05 0.00335331)
(1.45091e-05 -1.58326e-05 0.00334929)
(1.02348e-05 -1.03118e-05 0.00335832)
(1.09858e-05 -1.09047e-05 0.00335549)
(1.10814e-05 -1.13625e-05 0.00335249)
(1.04809e-05 -1.16958e-05 0.00334968)
(7.13531e-06 -7.6189e-06 0.00335566)
(7.72276e-06 -8.05413e-06 0.00335378)
(7.89081e-06 -8.38594e-06 0.00335171)
(7.59888e-06 -8.62033e-06 0.00334973)
(5.00633e-06 -5.61313e-06 0.00335374)
(5.46064e-06 -5.93071e-06 0.00335249)
(5.64321e-06 -6.17008e-06 0.00335104)
(5.51682e-06 -6.33476e-06 0.00334962)
(3.52507e-06 -4.11589e-06 0.00335235)
(3.87185e-06 -4.34624e-06 0.00335152)
(4.04064e-06 -4.51812e-06 0.0033505)
(3.99946e-06 -4.63371e-06 0.00334947)
(2.47992e-06 -2.99325e-06 0.00335136)
(2.74049e-06 -3.15898e-06 0.00335081)
(2.88355e-06 -3.28153e-06 0.00335008)
(2.88306e-06 -3.3624e-06 0.00334933)
(1.72986e-06 -2.14426e-06 0.00335065)
(1.92141e-06 -2.26181e-06 0.0033503)
(2.03534e-06 -2.34807e-06 0.00334976)
(2.05134e-06 -2.40411e-06 0.0033492)
(1.17899e-06 -1.49205e-06 0.00335015)
(1.31491e-06 -1.57316e-06 0.00334993)
(1.40027e-06 -1.63233e-06 0.00334953)
(1.41997e-06 -1.67027e-06 0.0033491)
(7.60749e-07 -9.77063e-07 0.00334982)
(8.51046e-07 -1.02984e-06 0.00334968)
(9.09848e-07 -1.06816e-06 0.00334937)
(9.26759e-07 -1.09251e-06 0.00334903)
(4.31565e-07 -5.51084e-07 0.00334961)
(4.83827e-07 -5.80815e-07 0.00334953)
(5.18619e-07 -6.02327e-07 0.00334927)
(5.29785e-07 -6.15934e-07 0.00334898)
(1.94804e-07 -1.86041e-07 0.0033495)
(2.19146e-07 -1.96531e-07 0.00334944)
(2.35379e-07 -2.04121e-07 0.00334922)
(2.41042e-07 -2.09029e-07 0.00334896)
(-0.00438335 0.000479967 0.000946342)
(-0.00777413 0.00277353 0.00429782)
(-0.00186016 0.0252976 0.0114386)
(0.000874844 -0.00367949 0.0013199)
(-0.00106176 -0.000198188 0.00695835)
(-0.00230425 0.00042522 0.0135589)
(0.00130383 0.00262191 0.0245911)
(0.00433653 -0.00205246 0.0159665)
(-0.000279993 -0.000243063 0.0047933)
(-0.0005121 -0.000289569 0.006406)
(0.000850274 -0.000366167 0.00854543)
(0.00234802 -0.00107313 0.00616905)
(-5.31696e-05 -0.000231337 0.00454893)
(-4.8523e-06 -0.000293298 0.00502333)
(0.000561635 -0.00036006 0.00539616)
(0.00121481 -0.000538733 0.00477111)
(2.02335e-05 -0.000180286 0.00409544)
(0.000127611 -0.00021426 0.0043004)
(0.000379405 -0.000243543 0.00437454)
(0.000656815 -0.000290229 0.00412123)
(3.08391e-05 -0.000125682 0.00377884)
(0.000124223 -0.000146528 0.00389383)
(0.000251869 -0.000162893 0.00390104)
(0.000380923 -0.000176586 0.00377845)
(2.49407e-05 -8.54562e-05 0.0035785)
(9.21448e-05 -9.99998e-05 0.00366942)
(0.000165224 -0.000110661 0.00367039)
(0.000232914 -0.000117847 0.00360452)
(1.75137e-05 -5.87508e-05 0.00345256)
(6.31456e-05 -6.94783e-05 0.00353947)
(0.000108008 -7.72366e-05 0.00354765)
(0.000146763 -8.27246e-05 0.00351049)
(1.17037e-05 -4.12322e-05 0.00337226)
(4.2101e-05 -4.92636e-05 0.00345992)
(7.06637e-05 -5.51442e-05 0.0034757)
(9.41798e-05 -5.96197e-05 0.00345502)
(7.66612e-06 -2.95095e-05 0.0033203)
(2.78197e-05 -3.55211e-05 0.00340939)
(4.6399e-05 -3.99867e-05 0.00343086)
(6.12503e-05 -4.35654e-05 0.00342029)
(4.98343e-06 -2.14404e-05 0.00328618)
(1.83706e-05 -2.59227e-05 0.00337649)
(3.064e-05 -2.92844e-05 0.00340185)
(4.02946e-05 -3.2067e-05 0.00339764)
(3.23471e-06 -1.5738e-05 0.0032635)
(1.21747e-05 -1.90674e-05 0.00335466)
(2.03788e-05 -2.15757e-05 0.0033826)
(2.6796e-05 -2.36927e-05 0.00338245)
(2.10375e-06 -1.16243e-05 0.00324826)
(8.11668e-06 -1.40903e-05 0.00333998)
(1.36648e-05 -1.59494e-05 0.00336961)
(1.80065e-05 -1.75362e-05 0.00337206)
(1.37389e-06 -8.61367e-06 0.00323791)
(5.45071e-06 -1.04362e-05 0.00333001)
(9.24196e-06 -1.18079e-05 0.00336073)
(1.22224e-05 -1.29857e-05 0.00336486)
(9.02271e-07 -6.38937e-06 0.00323083)
(3.68908e-06 -7.7339e-06 0.00332316)
(6.3044e-06 -8.74285e-06 0.0033546)
(8.37485e-06 -9.61139e-06 0.00335983)
(5.96354e-07 -4.73601e-06 0.00322595)
(2.51603e-06 -5.726e-06 0.00331843)
(4.33497e-06 -6.4662e-06 0.00335034)
(5.78677e-06 -7.10371e-06 0.00335629)
(3.96744e-07 -3.50183e-06 0.00322256)
(1.72766e-06 -4.22882e-06 0.00331513)
(3.00083e-06 -4.77032e-06 0.00334735)
(4.02563e-06 -5.23632e-06 0.00335378)
(2.65431e-07 -2.57698e-06 0.0032202)
(1.19205e-06 -3.1085e-06 0.00331283)
(2.0865e-06 -3.50295e-06 0.00334526)
(2.81235e-06 -3.84189e-06 0.003352)
(1.78092e-07 -1.88031e-06 0.00321855)
(8.23351e-07 -2.26591e-06 0.00331122)
(1.45136e-06 -2.55108e-06 0.00334378)
(1.96477e-06 -2.79567e-06 0.00335074)
(1.19105e-07 -1.35091e-06 0.0032174)
(5.65248e-07 -1.62659e-06 0.0033101)
(1.00257e-06 -1.82985e-06 0.00334275)
(1.36239e-06 -2.00383e-06 0.00334985)
(7.83666e-08 -9.42287e-07 0.00321661)
(3.80274e-07 -1.13383e-06 0.00330933)
(6.7792e-07 -1.27467e-06 0.00334204)
(9.24073e-07 -1.39501e-06 0.00334923)
(4.93155e-08 -6.18183e-07 0.00321609)
(2.43158e-07 -7.43501e-07 0.00330882)
(4.34933e-07 -8.35434e-07 0.00334156)
(5.94147e-07 -9.13856e-07 0.00334882)
(2.81826e-08 -3.48743e-07 0.00321577)
(1.37981e-07 -4.19557e-07 0.0033085)
(2.46304e-07 -4.71352e-07 0.00334128)
(3.36582e-07 -5.15504e-07 0.00334857)
(1.5455e-08 -1.14099e-07 0.0032156)
(6.47633e-08 -1.39722e-07 0.00330834)
(1.1326e-07 -1.57921e-07 0.00334112)
(1.53874e-07 -1.73483e-07 0.00334844)
)
;
    }
}


// ************************************************************************* //
