/*--------------------------------*- C++ -*----------------------------------*\
  =========                 |
  \\      /  F ield         | OpenFOAM: The Open Source CFD Toolbox
   \\    /   O peration     | Website:  https://openfoam.org
    \\  /    A nd           | Version:  6
     \\/     M anipulation  |
\*---------------------------------------------------------------------------*/
FoamFile
{
    version     2.0;
    format      ascii;
    class       volScalarField;
    location    "0.09";
    object      p;
}
// * * * * * * * * * * * * * * * * * * * * * * * * * * * * * * * * * * * * * //

dimensions      [0 2 -2 0 0 0 0];

internalField   nonuniform List<scalar> 
1152
(
1.01375
1.01727
1.01699
1.01805
1.01428
1.01599
1.01794
1.01629
1.01719
1.01847
1.01682
1.01345
1.01745
1.01816
1.01464
1.01305
1.00911
1.00855
1.00843
1.00831
1.0089
1.00856
1.00825
1.00856
1.00812
1.0081
1.0083
1.0089
1.00802
1.00802
1.00827
1.00896
1.00985
1.00971
1.00966
1.00958
1.00981
1.00973
1.00967
1.00973
1.00964
1.00961
1.00963
1.00977
1.00947
1.00947
1.00955
1.00976
1.00926
1.00924
1.00922
1.00919
1.00922
1.00922
1.00922
1.00922
1.00915
1.00916
1.00916
1.00919
1.00904
1.00907
1.00908
1.00913
1.00871
1.00871
1.0087
1.00868
1.00867
1.00868
1.00868
1.00869
1.00862
1.00863
1.00865
1.00867
1.00855
1.00857
1.0086
1.00864
1.00824
1.00824
1.00824
1.00823
1.0082
1.00821
1.00822
1.00822
1.00817
1.00818
1.00819
1.00821
1.00812
1.00814
1.00816
1.00819
1.00778
1.00778
1.00779
1.00779
1.00775
1.00776
1.00777
1.00777
1.00772
1.00774
1.00775
1.00776
1.00769
1.00771
1.00772
1.00774
1.00733
1.00733
1.00733
1.00734
1.00731
1.00731
1.00732
1.00732
1.00729
1.0073
1.0073
1.00731
1.00727
1.00728
1.00729
1.0073
1.00688
1.00688
1.00689
1.00689
1.00686
1.00687
1.00687
1.00688
1.00685
1.00686
1.00686
1.00687
1.00684
1.00684
1.00685
1.00686
1.00643
1.00644
1.00644
1.00644
1.00642
1.00643
1.00643
1.00643
1.00641
1.00642
1.00642
1.00642
1.0064
1.00641
1.00641
1.00642
1.00599
1.00599
1.00599
1.006
1.00598
1.00598
1.00599
1.00599
1.00597
1.00598
1.00598
1.00598
1.00597
1.00597
1.00597
1.00598
1.00554
1.00555
1.00555
1.00555
1.00554
1.00554
1.00554
1.00554
1.00553
1.00554
1.00554
1.00554
1.00553
1.00553
1.00553
1.00554
1.0051
1.0051
1.0051
1.0051
1.0051
1.0051
1.0051
1.0051
1.00509
1.00509
1.0051
1.0051
1.00509
1.00509
1.00509
1.00509
1.00466
1.00466
1.00466
1.00466
1.00465
1.00466
1.00466
1.00466
1.00465
1.00465
1.00465
1.00466
1.00465
1.00465
1.00465
1.00465
1.00421
1.00421
1.00422
1.00422
1.00421
1.00421
1.00421
1.00421
1.00421
1.00421
1.00421
1.00421
1.00421
1.00421
1.00421
1.00421
1.00377
1.00377
1.00377
1.00377
1.00377
1.00377
1.00377
1.00377
1.00377
1.00377
1.00377
1.00377
1.00377
1.00377
1.00377
1.00377
1.00333
1.00333
1.00333
1.00333
1.00333
1.00333
1.00333
1.00333
1.00332
1.00333
1.00333
1.00333
1.00332
1.00332
1.00332
1.00332
1.00288
1.00288
1.00288
1.00288
1.00288
1.00288
1.00288
1.00288
1.00288
1.00288
1.00288
1.00288
1.00288
1.00288
1.00288
1.00288
1.00244
1.00244
1.00244
1.00244
1.00244
1.00244
1.00244
1.00244
1.00244
1.00244
1.00244
1.00244
1.00244
1.00244
1.00244
1.00244
1.002
1.002
1.002
1.002
1.002
1.002
1.002
1.002
1.002
1.002
1.002
1.002
1.00199
1.002
1.002
1.002
1.00155
1.00155
1.00155
1.00155
1.00155
1.00155
1.00155
1.00155
1.00155
1.00155
1.00155
1.00155
1.00155
1.00155
1.00155
1.00155
1.00111
1.00111
1.00111
1.00111
1.00111
1.00111
1.00111
1.00111
1.00111
1.00111
1.00111
1.00111
1.00111
1.00111
1.00111
1.00111
1.00067
1.00067
1.00067
1.00067
1.00067
1.00067
1.00067
1.00067
1.00067
1.00067
1.00067
1.00067
1.00067
1.00067
1.00067
1.00067
1.00022
1.00022
1.00022
1.00022
1.00022
1.00022
1.00022
1.00022
1.00022
1.00022
1.00022
1.00022
1.00022
1.00022
1.00022
1.00022
1.013
1.01437
1.01507
1.01398
1.0119
1.01136
1.01427
1.01536
1.01314
1.01166
1.01409
1.0177
1.01624
1.01391
1.01924
1.02108
1.00865
1.00784
1.00754
1.00856
1.00857
1.00797
1.0072
1.00834
1.00796
1.00789
1.00711
1.00782
1.00751
1.00727
1.00695
1.00721
1.00933
1.0093
1.00942
1.00978
1.0091
1.00918
1.00935
1.00984
1.00892
1.00912
1.0094
1.0099
1.00895
1.00918
1.00963
1.01011
1.0089
1.00894
1.00899
1.00906
1.00878
1.00886
1.00896
1.00907
1.0087
1.0088
1.00894
1.00908
1.00866
1.00875
1.00893
1.00906
1.00847
1.00851
1.00855
1.00861
1.0084
1.00846
1.00853
1.00861
1.00835
1.00843
1.00852
1.00861
1.00833
1.0084
1.00851
1.00862
1.00807
1.0081
1.00813
1.00817
1.00803
1.00807
1.00812
1.00816
1.008
1.00805
1.00811
1.00816
1.00798
1.00804
1.0081
1.00816
1.00766
1.00768
1.00771
1.00773
1.00764
1.00767
1.0077
1.00772
1.00762
1.00765
1.00769
1.00772
1.00761
1.00764
1.00768
1.00772
1.00725
1.00726
1.00727
1.00729
1.00723
1.00725
1.00727
1.00729
1.00722
1.00724
1.00726
1.00728
1.00721
1.00723
1.00726
1.00728
1.00682
1.00683
1.00684
1.00685
1.00681
1.00682
1.00684
1.00685
1.0068
1.00682
1.00683
1.00685
1.0068
1.00681
1.00683
1.00685
1.00639
1.0064
1.00641
1.00641
1.00639
1.00639
1.0064
1.00641
1.00638
1.00639
1.0064
1.00641
1.00638
1.00639
1.0064
1.00641
1.00596
1.00596
1.00597
1.00597
1.00595
1.00596
1.00597
1.00597
1.00595
1.00596
1.00596
1.00597
1.00595
1.00596
1.00596
1.00597
1.00552
1.00553
1.00553
1.00553
1.00552
1.00552
1.00553
1.00553
1.00552
1.00552
1.00553
1.00553
1.00552
1.00552
1.00553
1.00553
1.00509
1.00509
1.00509
1.00509
1.00508
1.00509
1.00509
1.00509
1.00508
1.00508
1.00509
1.00509
1.00508
1.00508
1.00509
1.00509
1.00465
1.00465
1.00465
1.00465
1.00464
1.00465
1.00465
1.00465
1.00464
1.00465
1.00465
1.00465
1.00464
1.00465
1.00465
1.00465
1.00421
1.00421
1.00421
1.00421
1.0042
1.00421
1.00421
1.00421
1.0042
1.00421
1.00421
1.00421
1.0042
1.0042
1.00421
1.00421
1.00376
1.00377
1.00377
1.00377
1.00376
1.00376
1.00377
1.00377
1.00376
1.00376
1.00377
1.00377
1.00376
1.00376
1.00377
1.00377
1.00332
1.00332
1.00332
1.00332
1.00332
1.00332
1.00332
1.00332
1.00332
1.00332
1.00332
1.00332
1.00332
1.00332
1.00332
1.00332
1.00288
1.00288
1.00288
1.00288
1.00288
1.00288
1.00288
1.00288
1.00288
1.00288
1.00288
1.00288
1.00288
1.00288
1.00288
1.00288
1.00244
1.00244
1.00244
1.00244
1.00244
1.00244
1.00244
1.00244
1.00244
1.00244
1.00244
1.00244
1.00244
1.00244
1.00244
1.00244
1.00199
1.00199
1.002
1.002
1.00199
1.00199
1.00199
1.002
1.00199
1.00199
1.00199
1.002
1.00199
1.00199
1.00199
1.002
1.00155
1.00155
1.00155
1.00155
1.00155
1.00155
1.00155
1.00155
1.00155
1.00155
1.00155
1.00155
1.00155
1.00155
1.00155
1.00155
1.00111
1.00111
1.00111
1.00111
1.00111
1.00111
1.00111
1.00111
1.00111
1.00111
1.00111
1.00111
1.00111
1.00111
1.00111
1.00111
1.00066
1.00067
1.00067
1.00067
1.00066
1.00066
1.00067
1.00067
1.00066
1.00066
1.00067
1.00067
1.00066
1.00066
1.00067
1.00067
1.00022
1.00022
1.00022
1.00022
1.00022
1.00022
1.00022
1.00022
1.00022
1.00022
1.00022
1.00022
1.00022
1.00022
1.00022
1.00022
1.01548
1.01204
1.00572
1.00946
1.01715
1.02164
1.03688
1.01499
1.01761
1.01918
1.02282
1.02399
1.01354
1.01327
1.01287
1.01283
1.00822
1.00829
1.00783
1.00791
1.00896
1.0091
1.00825
1.00824
1.00814
1.00818
1.00789
1.00766
1.00866
1.00893
1.00898
1.00901
1.0095
1.00943
1.00932
1.00926
1.00981
1.00983
1.00959
1.00982
1.0098
1.00988
1.00993
1.01017
1.0099
1.00998
1.01003
1.01013
1.00914
1.0091
1.00903
1.00897
1.00923
1.00928
1.00928
1.00923
1.00921
1.00927
1.00931
1.0093
1.00915
1.00917
1.00918
1.00916
1.00866
1.00865
1.00862
1.00861
1.00869
1.00871
1.00871
1.0087
1.00868
1.0087
1.00872
1.00872
1.00866
1.00868
1.00868
1.00869
1.00823
1.00822
1.00821
1.00821
1.00823
1.00823
1.00824
1.00824
1.00822
1.00823
1.00823
1.00824
1.0082
1.00821
1.00821
1.00821
1.00778
1.00778
1.00778
1.00778
1.00777
1.00778
1.00778
1.00778
1.00776
1.00777
1.00777
1.00777
1.00775
1.00775
1.00775
1.00775
1.00734
1.00734
1.00734
1.00733
1.00733
1.00733
1.00733
1.00733
1.00731
1.00732
1.00732
1.00732
1.0073
1.0073
1.00731
1.00731
1.00689
1.00689
1.00689
1.00689
1.00688
1.00688
1.00688
1.00688
1.00687
1.00687
1.00687
1.00687
1.00686
1.00686
1.00686
1.00686
1.00644
1.00644
1.00644
1.00644
1.00643
1.00644
1.00644
1.00644
1.00643
1.00643
1.00643
1.00643
1.00642
1.00642
1.00642
1.00642
1.006
1.006
1.006
1.006
1.00599
1.00599
1.00599
1.00599
1.00598
1.00598
1.00599
1.00599
1.00598
1.00598
1.00598
1.00598
1.00555
1.00555
1.00555
1.00555
1.00555
1.00555
1.00555
1.00555
1.00554
1.00554
1.00554
1.00554
1.00554
1.00554
1.00554
1.00554
1.00511
1.00511
1.00511
1.00511
1.0051
1.0051
1.0051
1.0051
1.0051
1.0051
1.0051
1.0051
1.0051
1.0051
1.0051
1.0051
1.00466
1.00466
1.00466
1.00466
1.00466
1.00466
1.00466
1.00466
1.00466
1.00466
1.00466
1.00466
1.00465
1.00465
1.00465
1.00465
1.00422
1.00422
1.00422
1.00422
1.00421
1.00421
1.00422
1.00422
1.00421
1.00421
1.00421
1.00421
1.00421
1.00421
1.00421
1.00421
1.00377
1.00377
1.00377
1.00377
1.00377
1.00377
1.00377
1.00377
1.00377
1.00377
1.00377
1.00377
1.00377
1.00377
1.00377
1.00377
1.00333
1.00333
1.00333
1.00333
1.00333
1.00333
1.00333
1.00333
1.00333
1.00333
1.00333
1.00333
1.00333
1.00333
1.00333
1.00333
1.00288
1.00288
1.00288
1.00288
1.00288
1.00288
1.00288
1.00288
1.00288
1.00288
1.00288
1.00288
1.00288
1.00288
1.00288
1.00288
1.00244
1.00244
1.00244
1.00244
1.00244
1.00244
1.00244
1.00244
1.00244
1.00244
1.00244
1.00244
1.00244
1.00244
1.00244
1.00244
1.002
1.002
1.002
1.002
1.002
1.002
1.002
1.002
1.002
1.002
1.002
1.002
1.002
1.002
1.002
1.002
1.00155
1.00155
1.00155
1.00155
1.00155
1.00155
1.00155
1.00155
1.00155
1.00155
1.00155
1.00155
1.00155
1.00155
1.00155
1.00155
1.00111
1.00111
1.00111
1.00111
1.00111
1.00111
1.00111
1.00111
1.00111
1.00111
1.00111
1.00111
1.00111
1.00111
1.00111
1.00111
1.00067
1.00067
1.00067
1.00067
1.00067
1.00067
1.00067
1.00067
1.00067
1.00067
1.00067
1.00067
1.00067
1.00067
1.00067
1.00067
1.00022
1.00022
1.00022
1.00022
1.00022
1.00022
1.00022
1.00022
1.00022
1.00022
1.00022
1.00022
1.00022
1.00022
1.00022
1.00022
)
;

boundaryField
{
    inlet
    {
        type            zeroGradient;
    }
    outlet
    {
        type            fixedValue;
        value           uniform 1;
    }
    wall
    {
        type            zeroGradient;
    }
    procBoundary3to1
    {
        type            processor;
        value           nonuniform List<scalar> 
192
(
1.0136
1.01498
1.01329
1.0134
1.0091
1.00871
1.00887
1.00819
1.00982
1.00969
1.00966
1.00948
1.00927
1.00924
1.00921
1.00915
1.00873
1.00873
1.00871
1.00869
1.00826
1.00826
1.00826
1.00825
1.0078
1.0078
1.0078
1.0078
1.00734
1.00735
1.00735
1.00735
1.00689
1.00689
1.0069
1.0069
1.00644
1.00645
1.00645
1.00645
1.006
1.006
1.006
1.006
1.00555
1.00555
1.00555
1.00555
1.0051
1.00511
1.00511
1.00511
1.00466
1.00466
1.00466
1.00466
1.00422
1.00422
1.00422
1.00422
1.00377
1.00377
1.00377
1.00377
1.00333
1.00333
1.00333
1.00333
1.00288
1.00288
1.00288
1.00289
1.00244
1.00244
1.00244
1.00244
1.002
1.002
1.002
1.002
1.00155
1.00155
1.00155
1.00155
1.00111
1.00111
1.00111
1.00111
1.00067
1.00067
1.00067
1.00067
1.00022
1.00022
1.00022
1.00022
1.0117
1.01404
1.01048
1.01078
1.00813
1.00802
1.00814
1.0086
1.00939
1.00928
1.00929
1.00938
1.00909
1.00906
1.00902
1.009
1.00866
1.00864
1.00862
1.00862
1.00824
1.00823
1.00822
1.00822
1.0078
1.00779
1.00779
1.00779
1.00735
1.00735
1.00735
1.00734
1.0069
1.0069
1.0069
1.0069
1.00645
1.00645
1.00645
1.00645
1.006
1.006
1.006
1.006
1.00556
1.00556
1.00556
1.00556
1.00511
1.00511
1.00511
1.00511
1.00466
1.00466
1.00466
1.00466
1.00422
1.00422
1.00422
1.00422
1.00377
1.00377
1.00377
1.00377
1.00333
1.00333
1.00333
1.00333
1.00289
1.00289
1.00289
1.00289
1.00244
1.00244
1.00244
1.00244
1.002
1.002
1.002
1.002
1.00155
1.00155
1.00155
1.00155
1.00111
1.00111
1.00111
1.00111
1.00067
1.00067
1.00067
1.00067
1.00022
1.00022
1.00022
1.00022
)
;
    }
    procBoundary3to2
    {
        type            processor;
        value           nonuniform List<scalar> 
192
(
1.01958
1.01637
1.01694
1.01608
1.00806
1.00821
1.00814
1.00832
1.00976
1.00977
1.00967
1.00953
1.00928
1.00923
1.00915
1.00902
1.0087
1.00866
1.0086
1.00852
1.00823
1.00819
1.00815
1.0081
1.00777
1.00774
1.00771
1.00768
1.00732
1.0073
1.00728
1.00726
1.00687
1.00686
1.00684
1.00683
1.00643
1.00642
1.00641
1.0064
1.00599
1.00598
1.00597
1.00596
1.00554
1.00554
1.00553
1.00553
1.0051
1.0051
1.00509
1.00509
1.00466
1.00465
1.00465
1.00465
1.00421
1.00421
1.00421
1.00421
1.00377
1.00377
1.00377
1.00377
1.00333
1.00333
1.00332
1.00332
1.00288
1.00288
1.00288
1.00288
1.00244
1.00244
1.00244
1.00244
1.002
1.002
1.002
1.00199
1.00155
1.00155
1.00155
1.00155
1.00111
1.00111
1.00111
1.00111
1.00067
1.00067
1.00067
1.00067
1.00022
1.00022
1.00022
1.00022
1.01473
1.01241
1.01056
1.01113
1.00912
1.00882
1.00801
1.00696
1.00935
1.00901
1.00868
1.0085
1.00885
1.00868
1.00854
1.00844
1.00843
1.00834
1.00827
1.00822
1.00804
1.00799
1.00796
1.00793
1.00765
1.00762
1.00759
1.00758
1.00723
1.00722
1.0072
1.00719
1.00681
1.0068
1.00679
1.00679
1.00639
1.00638
1.00637
1.00637
1.00596
1.00595
1.00595
1.00595
1.00552
1.00552
1.00552
1.00551
1.00508
1.00508
1.00508
1.00508
1.00465
1.00464
1.00464
1.00464
1.00421
1.0042
1.0042
1.0042
1.00376
1.00376
1.00376
1.00376
1.00332
1.00332
1.00332
1.00332
1.00288
1.00288
1.00288
1.00288
1.00244
1.00244
1.00244
1.00244
1.00199
1.00199
1.00199
1.00199
1.00155
1.00155
1.00155
1.00155
1.00111
1.00111
1.00111
1.00111
1.00066
1.00066
1.00066
1.00066
1.00022
1.00022
1.00022
1.00022
)
;
    }
}


// ************************************************************************* //
