/*--------------------------------*- C++ -*----------------------------------*\
  =========                 |
  \\      /  F ield         | OpenFOAM: The Open Source CFD Toolbox
   \\    /   O peration     | Website:  https://openfoam.org
    \\  /    A nd           | Version:  6
     \\/     M anipulation  |
\*---------------------------------------------------------------------------*/
FoamFile
{
    version     2.0;
    format      ascii;
    class       volVectorField;
    location    "0.09";
    object      stored_U;
}
// * * * * * * * * * * * * * * * * * * * * * * * * * * * * * * * * * * * * * //

dimensions      [0 1 -1 0 0 0 0];

internalField   nonuniform List<vector> 
1152
(
(0.00265175 -0.00162206 0.0151582)
(-0.00373837 -0.00092867 0.0043905)
(-0.00239613 -0.0019504 0.00532774)
(-0.00353773 -0.00285421 0.00368826)
(0.000590805 -0.00279078 0.0135126)
(-0.00207557 -0.00111429 0.0079959)
(-0.0012123 -0.000674311 0.00299876)
(-0.000684353 -0.000153465 0.00602748)
(0.000757591 -0.00165564 0.00308763)
(0.000902058 -0.000903188 0.0021461)
(0.00183888 -0.000504162 0.0044961)
(-0.00152858 0.00290741 0.0146784)
(-0.00123867 -0.00186623 0.00207788)
(-0.000344285 0.000274187 0.00398936)
(-0.00182363 0.000654085 0.00833586)
(-0.00189843 0.000710721 0.0167923)
(-0.000821458 0.000317726 0.027286)
(0.000439366 0.000563503 0.0288072)
(0.000814087 0.000842431 0.0285335)
(0.00132767 -0.000551448 0.0282314)
(-0.00113264 0.000829308 0.0275341)
(0.000179809 0.000486062 0.0284109)
(-2.16706e-05 9.95036e-05 0.0283572)
(-0.000165561 -0.000746883 0.026636)
(-0.00113081 0.000227607 0.0289512)
(-0.00082501 -6.82688e-05 0.0292606)
(-0.00121981 -0.000418142 0.0267783)
(-0.000146221 -0.000273901 0.0252327)
(-0.00165642 -0.00210022 0.0281649)
(-0.00166289 -0.00111621 0.0284561)
(-0.00251898 0.000355684 0.0254012)
(-0.00167349 0.000665604 0.0248952)
(-0.000231582 -2.5064e-05 0.0179109)
(0.000404591 -3.06608e-05 0.0175412)
(0.00083472 -3.12635e-05 0.0170126)
(0.0012892 -0.000516655 0.0162716)
(-0.000427673 0.000158127 0.0176863)
(9.6506e-05 -3.11319e-05 0.0173384)
(0.000201925 -0.000255438 0.016656)
(0.000215166 -0.00074331 0.0164562)
(-0.000660193 5.90047e-05 0.0170787)
(-0.000462323 -0.000182217 0.0168997)
(-0.000579168 -0.000445078 0.0165172)
(-0.000508003 -0.000718554 0.0170201)
(-0.00104651 -0.000474617 0.0168895)
(-0.000998094 -0.000509859 0.016835)
(-0.00131707 -0.000437984 0.0165507)
(-0.0014198 -0.000518733 0.0174399)
(6.22739e-05 -0.000253269 0.0182743)
(0.000305276 -0.000290828 0.0179561)
(0.000534429 -0.000358551 0.0175743)
(0.000717036 -0.00056042 0.0171484)
(-8.1056e-05 -0.000140324 0.0182948)
(9.38625e-05 -0.000249875 0.0180029)
(0.00016925 -0.000403642 0.017663)
(0.000136343 -0.000681957 0.0175754)
(-0.000280134 -5.90823e-05 0.01814)
(-0.000192346 -0.000209045 0.0179434)
(-0.000238162 -0.000377123 0.0177978)
(-0.00035724 -0.000587566 0.0180857)
(-0.000521948 -8.44427e-05 0.0180041)
(-0.000472106 -0.000208743 0.0179178)
(-0.000590582 -0.000303885 0.0179216)
(-0.000767945 -0.000356812 0.0184672)
(0.000176711 -0.000364499 0.0181433)
(0.00025545 -0.000391037 0.017935)
(0.000319198 -0.000450701 0.0177154)
(0.000349072 -0.000569194 0.0175115)
(9.15921e-05 -0.000286836 0.0182223)
(0.000127249 -0.000361733 0.0180331)
(0.000116111 -0.00047853 0.017866)
(5.47365e-05 -0.000659106 0.0178192)
(-3.26788e-05 -0.000195455 0.0182289)
(-3.95689e-05 -0.000294845 0.0180876)
(-0.000112228 -0.000422112 0.0180026)
(-0.000224021 -0.000581043 0.0181148)
(-0.000169605 -0.000136493 0.018179)
(-0.000198084 -0.00022567 0.0180962)
(-0.000306435 -0.000318353 0.0180823)
(-0.000450062 -0.000394072 0.0182952)
(0.000195453 -0.000374071 0.0179919)
(0.000202689 -0.00038981 0.0178649)
(0.000195106 -0.000427164 0.017744)
(0.000174382 -0.000493814 0.0176446)
(0.000150264 -0.000328325 0.0180688)
(0.000134888 -0.000373834 0.0179555)
(9.36344e-05 -0.000444564 0.0178691)
(3.69759e-05 -0.000544718 0.0178463)
(8.22488e-05 -0.000263458 0.018111)
(4.63342e-05 -0.00032305 0.0180247)
(-2.17401e-05 -0.000399039 0.0179832)
(-9.83739e-05 -0.000488694 0.0180339)
(9.90945e-06 -0.000204573 0.0181155)
(-3.67104e-05 -0.000257884 0.0180599)
(-0.00011801 -0.000313514 0.0180548)
(-0.000204158 -0.000360135 0.0181496)
(0.000167142 -0.00032625 0.0179658)
(0.000150706 -0.00033622 0.0178871)
(0.000124158 -0.000354918 0.0178178)
(9.51635e-05 -0.00038761 0.0177599)
(0.000143464 -0.000301245 0.0180306)
(0.000117537 -0.000327824 0.0179601)
(7.79228e-05 -0.000363382 0.0179089)
(3.63078e-05 -0.000411233 0.0178864)
(0.000107898 -0.000259913 0.0180743)
(7.37661e-05 -0.000293662 0.0180188)
(2.491e-05 -0.00033226 0.0179891)
(-2.24373e-05 -0.00037473 0.0179975)
(7.13584e-05 -0.000214648 0.0180918)
(3.38838e-05 -0.000244907 0.0180513)
(-1.81791e-05 -0.00027325 0.018037)
(-6.70653e-05 -0.000294743 0.0180605)
(0.000126723 -0.000259411 0.0179731)
(0.000107811 -0.000265619 0.0179236)
(8.35356e-05 -0.000274983 0.0178779)
(5.95984e-05 -0.000289374 0.0178342)
(0.000114215 -0.000245628 0.0180232)
(9.24522e-05 -0.000260191 0.0179782)
(6.39722e-05 -0.000277577 0.0179409)
(3.66018e-05 -0.000298551 0.0179118)
(9.59633e-05 -0.000220109 0.0180583)
(7.20055e-05 -0.000238036 0.0180202)
(4.12803e-05 -0.000256638 0.0179915)
(1.34458e-05 -0.000274905 0.0179733)
(7.74627e-05 -0.000187476 0.0180721)
(5.3531e-05 -0.000203752 0.0180402)
(2.33328e-05 -0.000217295 0.0180161)
(-3.61469e-06 -0.000225583 0.0179994)
(9.1811e-05 -0.000197796 0.0179835)
(7.72807e-05 -0.000201647 0.0179502)
(5.96976e-05 -0.000205873 0.0179157)
(4.27087e-05 -0.00021126 0.0178767)
(8.47882e-05 -0.000189162 0.0180205)
(7.01764e-05 -0.000197257 0.0179894)
(5.2076e-05 -0.000205375 0.017958)
(3.50608e-05 -0.000213715 0.0179239)
(7.49425e-05 -0.00017195 0.0180446)
(6.06264e-05 -0.000181904 0.0180163)
(4.29496e-05 -0.00019073 0.0179871)
(2.71871e-05 -0.000197953 0.0179546)
(6.52645e-05 -0.000148341 0.0180498)
(5.21376e-05 -0.000157618 0.0180235)
(3.60268e-05 -0.000164183 0.0179937)
(2.16843e-05 -0.00016686 0.0179567)
(6.56352e-05 -0.000147836 0.0179916)
(5.59305e-05 -0.000150113 0.0179674)
(4.43295e-05 -0.000151713 0.0179386)
(3.29549e-05 -0.00015301 0.0179014)
(6.15369e-05 -0.000141879 0.0180176)
(5.27106e-05 -0.000146393 0.0179943)
(4.18885e-05 -0.000149991 0.0179661)
(3.15401e-05 -0.000152744 0.0179292)
(5.60121e-05 -0.000129751 0.0180319)
(4.82492e-05 -0.000135343 0.0180092)
(3.86489e-05 -0.000139485 0.01798)
(2.98752e-05 -0.000141958 0.0179407)
(5.06558e-05 -0.000112513 0.0180288)
(4.43165e-05 -0.000117935 0.0180059)
(3.63649e-05 -0.000121221 0.0179734)
(2.89477e-05 -0.000121774 0.0179269)
(4.6963e-05 -0.00010947 0.0179965)
(4.08616e-05 -0.000110739 0.0179777)
(3.34725e-05 -0.00011108 0.0179523)
(2.59766e-05 -0.000110699 0.017916)
(4.45364e-05 -0.000105163 0.018014)
(3.95026e-05 -0.000107683 0.0179953)
(3.31877e-05 -0.000109134 0.0179691)
(2.6869e-05 -0.000109572 0.0179313)
(4.13424e-05 -9.6405e-05 0.0180203)
(3.74606e-05 -9.96111e-05 0.0180011)
(3.24252e-05 -0.000101524 0.0179724)
(2.75173e-05 -0.000102062 0.0179303)
(3.82448e-05 -8.37669e-05 0.0180102)
(3.56465e-05 -8.70403e-05 0.0179897)
(3.20242e-05 -8.8757e-05 0.0179565)
(2.82367e-05 -8.86001e-05 0.017906)
(3.37982e-05 -8.07033e-05 0.0179991)
(3.00489e-05 -8.13611e-05 0.0179837)
(2.53668e-05 -8.11522e-05 0.0179604)
(2.04001e-05 -8.021e-05 0.017925)
(3.23602e-05 -7.75379e-05 0.0180101)
(2.95797e-05 -7.89426e-05 0.0179944)
(2.58965e-05 -7.94052e-05 0.0179696)
(2.1959e-05 -7.89801e-05 0.0179319)
(3.04758e-05 -7.11457e-05 0.0180103)
(2.86999e-05 -7.30238e-05 0.0179935)
(2.6111e-05 -7.38776e-05 0.0179656)
(2.33012e-05 -7.36912e-05 0.0179226)
(2.86272e-05 -6.18715e-05 0.0179948)
(2.78929e-05 -6.39101e-05 0.0179759)
(2.64197e-05 -6.48453e-05 0.017943)
(2.44784e-05 -6.45054e-05 0.0178912)
(2.44718e-05 -5.93612e-05 0.0180003)
(2.21753e-05 -5.96673e-05 0.0179872)
(1.91789e-05 -5.92609e-05 0.0179654)
(1.58408e-05 -5.82388e-05 0.0179308)
(2.36232e-05 -5.70266e-05 0.0180065)
(2.21167e-05 -5.78069e-05 0.0179927)
(1.99386e-05 -5.78368e-05 0.0179692)
(1.74164e-05 -5.71703e-05 0.0179319)
(2.24951e-05 -5.23446e-05 0.0180021)
(2.1792e-05 -5.34674e-05 0.0179869)
(2.04768e-05 -5.38194e-05 0.0179598)
(1.88114e-05 -5.34144e-05 0.017917)
(2.13657e-05 -4.55405e-05 0.0179824)
(2.14671e-05 -4.68446e-05 0.0179649)
(2.09985e-05 -4.73737e-05 0.0179325)
(1.99849e-05 -4.70332e-05 0.0178806)
(1.77997e-05 -4.36023e-05 0.0180008)
(1.63836e-05 -4.37164e-05 0.0179892)
(1.44351e-05 -4.32781e-05 0.0179685)
(1.21557e-05 -4.23616e-05 0.0179346)
(1.7302e-05 -4.18824e-05 0.0180033)
(1.64984e-05 -4.23128e-05 0.0179909)
(1.51831e-05 -4.21733e-05 0.0179684)
(1.35223e-05 -4.15135e-05 0.0179317)
(1.66184e-05 -3.84507e-05 0.0179955)
(1.64307e-05 -3.91349e-05 0.0179815)
(1.57697e-05 -3.92532e-05 0.0179553)
(1.47438e-05 -3.88304e-05 0.0179129)
(1.59153e-05 -3.34619e-05 0.0179728)
(1.63328e-05 -3.43151e-05 0.0179563)
(1.6301e-05 -3.46247e-05 0.0179246)
(1.57561e-05 -3.43379e-05 0.0178731)
(1.29815e-05 -3.199e-05 0.0180009)
(1.20984e-05 -3.20058e-05 0.0179903)
(1.08096e-05 -3.16061e-05 0.0179705)
(9.2313e-06 -3.08488e-05 0.0179372)
(1.26918e-05 -3.07262e-05 0.0180007)
(1.2271e-05 -3.09606e-05 0.0179894)
(1.14583e-05 -3.07726e-05 0.0179676)
(1.03384e-05 -3.02052e-05 0.0179315)
(1.2273e-05 -2.82121e-05 0.0179904)
(1.23138e-05 -2.86363e-05 0.0179773)
(1.19871e-05 -2.86504e-05 0.0179518)
(1.13319e-05 -2.82806e-05 0.01791)
(1.18282e-05 -2.45573e-05 0.0179655)
(1.23177e-05 -2.5126e-05 0.0179498)
(1.24532e-05 -2.53127e-05 0.0179188)
(1.21496e-05 -2.50875e-05 0.0178677)
(9.4763e-06 -2.34377e-05 0.0180008)
(8.9184e-06 -2.34081e-05 0.017991)
(8.05263e-06 -2.30713e-05 0.0179718)
(6.94771e-06 -2.24721e-05 0.017939)
(9.30923e-06 -2.25118e-05 0.0179987)
(9.09499e-06 -2.26369e-05 0.0179881)
(8.58139e-06 -2.2453e-05 0.017967)
(7.81217e-06 -2.19956e-05 0.0179313)
(9.04999e-06 -2.06723e-05 0.0179866)
(9.17722e-06 -2.09396e-05 0.0179741)
(9.0206e-06 -2.09115e-05 0.0179492)
(8.58928e-06 -2.06117e-05 0.0179078)
(8.76447e-06 -1.79981e-05 0.01796)
(9.22154e-06 -1.83829e-05 0.0179449)
(9.40234e-06 -1.84985e-05 0.0179144)
(9.22679e-06 -1.83279e-05 0.0178638)
(6.91154e-06 -1.71348e-05 0.0180006)
(6.55457e-06 -1.70884e-05 0.0179915)
(5.96554e-06 -1.68171e-05 0.0179727)
(5.1861e-06 -1.63556e-05 0.0179403)
(6.81635e-06 -1.64588e-05 0.0179971)
(6.7123e-06 -1.65233e-05 0.017987)
(6.38126e-06 -1.63635e-05 0.0179664)
(5.84598e-06 -1.6008e-05 0.0179311)
(6.6544e-06 -1.51159e-05 0.0179836)
(6.8008e-06 -1.52866e-05 0.0179717)
(6.73011e-06 -1.52454e-05 0.0179473)
(6.43958e-06 -1.50121e-05 0.0179063)
(6.46885e-06 -1.31631e-05 0.0179558)
(6.85627e-06 -1.34266e-05 0.0179412)
(7.03078e-06 -1.34999e-05 0.0179112)
(6.92569e-06 -1.3373e-05 0.0178611)
(5.02545e-06 -1.24798e-05 0.0180005)
(4.79448e-06 -1.24312e-05 0.0179917)
(4.39005e-06 -1.22194e-05 0.0179734)
(3.83808e-06 -1.18706e-05 0.0179412)
(4.97208e-06 -1.19884e-05 0.0179959)
(4.92571e-06 -1.20199e-05 0.0179862)
(4.7089e-06 -1.18896e-05 0.017966)
(4.33354e-06 -1.16197e-05 0.017931)
(4.87008e-06 -1.10118e-05 0.0179814)
(5.00611e-06 -1.11222e-05 0.0179699)
(4.97806e-06 -1.1081e-05 0.0179458)
(4.77934e-06 -1.0904e-05 0.0179052)
(4.74832e-06 -9.59115e-06 0.0179528)
(5.05946e-06 -9.77304e-06 0.0179385)
(5.20883e-06 -9.82035e-06 0.0179088)
(5.14408e-06 -9.7273e-06 0.0178591)
(3.63109e-06 -9.02759e-06 0.0180004)
(3.48041e-06 -8.98381e-06 0.0179919)
(3.2015e-06 -8.82252e-06 0.0179738)
(2.81091e-06 -8.56347e-06 0.0179419)
(3.60181e-06 -8.67299e-06 0.017995)
(3.58462e-06 -8.68699e-06 0.0179856)
(3.44103e-06 -8.58511e-06 0.0179656)
(3.17732e-06 -8.38423e-06 0.0179309)
(3.53718e-06 -7.9677e-06 0.0179798)
(3.65171e-06 -8.03976e-06 0.0179686)
(3.64399e-06 -8.00388e-06 0.0179448)
(3.50701e-06 -7.87232e-06 0.0179044)
(3.45679e-06 -6.94125e-06 0.0179505)
(3.6976e-06 -7.06726e-06 0.0179365)
(3.81742e-06 -7.09825e-06 0.0179071)
(3.77663e-06 -7.03081e-06 0.0178576)
(2.59457e-06 -6.45074e-06 0.0180002)
(2.4959e-06 -6.41452e-06 0.017992)
(2.30392e-06 -6.29481e-06 0.0179741)
(2.02938e-06 -6.10616e-06 0.0179424)
(2.57897e-06 -6.19807e-06 0.0179944)
(2.57555e-06 -6.20321e-06 0.0179852)
(2.47995e-06 -6.12629e-06 0.0179654)
(2.29552e-06 -5.9799e-06 0.0179308)
(2.53793e-06 -5.69502e-06 0.0179787)
(2.62841e-06 -5.74226e-06 0.0179676)
(2.62946e-06 -5.71344e-06 0.017944)
(2.53496e-06 -5.61776e-06 0.0179038)
(2.48481e-06 -4.96247e-06 0.0179489)
(2.66524e-06 -5.04957e-06 0.0179351)
(2.75691e-06 -5.07012e-06 0.0179059)
(2.7307e-06 -5.02205e-06 0.0178566)
(1.82268e-06 -4.51231e-06 0.0180002)
(1.75813e-06 -4.48424e-06 0.0179921)
(1.62716e-06 -4.39814e-06 0.0179743)
(1.43673e-06 -4.26446e-06 0.0179427)
(1.8147e-06 -4.33618e-06 0.0179939)
(1.81666e-06 -4.33723e-06 0.0179849)
(1.7529e-06 -4.28138e-06 0.0179652)
(1.62521e-06 -4.17774e-06 0.0179308)
(1.78871e-06 -3.98504e-06 0.0179778)
(1.8562e-06 -4.01603e-06 0.0179669)
(1.85977e-06 -3.99445e-06 0.0179435)
(1.79465e-06 -3.92699e-06 0.0179034)
(1.75376e-06 -3.47338e-06 0.0179477)
(1.88398e-06 -3.53311e-06 0.0179341)
(1.95064e-06 -3.54703e-06 0.017905)
(1.93303e-06 -3.51385e-06 0.0178559)
(1.25679e-06 -3.05072e-06 0.0180001)
(1.21445e-06 -3.03026e-06 0.0179921)
(1.12594e-06 -2.97088e-06 0.0179745)
(9.95725e-07 -2.87988e-06 0.0179429)
(1.25291e-06 -2.93218e-06 0.0179936)
(1.25549e-06 -2.93183e-06 0.0179847)
(1.21233e-06 -2.89338e-06 0.0179651)
(1.12443e-06 -2.82319e-06 0.0179308)
(1.23649e-06 -2.69541e-06 0.0179772)
(1.28331e-06 -2.71591e-06 0.0179665)
(1.28559e-06 -2.70126e-06 0.0179431)
(1.23986e-06 -2.65612e-06 0.0179032)
(1.21356e-06 -2.35018e-06 0.0179469)
(1.30271e-06 -2.39091e-06 0.0179334)
(1.34752e-06 -2.40104e-06 0.0179044)
(1.33387e-06 -2.37971e-06 0.0178554)
(8.69697e-07 -1.98029e-06 0.0180001)
(8.40687e-07 -1.96627e-06 0.0179922)
(7.79672e-07 -1.9274e-06 0.0179746)
(6.89534e-07 -1.86868e-06 0.0179431)
(8.67869e-07 -1.90376e-06 0.0179933)
(8.68019e-07 -1.90362e-06 0.0179845)
(8.36472e-07 -1.87917e-06 0.017965)
(7.73925e-07 -1.83478e-06 0.0179308)
(8.5723e-07 -1.75055e-06 0.0179769)
(8.86052e-07 -1.76499e-06 0.0179662)
(8.84005e-07 -1.75705e-06 0.0179429)
(8.48923e-07 -1.72993e-06 0.017903)
(8.41727e-07 -1.52702e-06 0.0179464)
(8.97886e-07 -1.55584e-06 0.0179329)
(9.2335e-07 -1.56525e-06 0.0179041)
(9.09163e-07 -1.5547e-06 0.0178551)
(6.55267e-07 -1.32196e-06 0.018)
(6.32631e-07 -1.31209e-06 0.0179922)
(5.85951e-07 -1.28594e-06 0.0179747)
(5.17789e-07 -1.24744e-06 0.0179432)
(6.54199e-07 -1.27077e-06 0.0179932)
(6.5139e-07 -1.27134e-06 0.0179844)
(6.24597e-07 -1.25587e-06 0.017965)
(5.74967e-07 -1.22794e-06 0.0179308)
(6.46382e-07 -1.16872e-06 0.0179766)
(6.63308e-07 -1.17993e-06 0.0179659)
(6.56626e-07 -1.17597e-06 0.0179427)
(6.25564e-07 -1.15962e-06 0.0179029)
(6.34937e-07 -1.02089e-06 0.017946)
(6.7129e-07 -1.04236e-06 0.0179326)
(6.83785e-07 -1.04988e-06 0.0179038)
(6.67314e-07 -1.04379e-06 0.0178548)
(-0.00451734 0.00263395 0.0141229)
(-0.0050204 0.00130172 0.00610471)
(-0.000617386 9.28891e-05 0.00242751)
(-0.001965 -0.00168818 0.015797)
(-0.00339819 -0.00317734 0.0160198)
(-0.00379922 -6.40458e-05 0.0130037)
(0.00223952 -0.000292434 0.00119994)
(-0.00214094 -0.00251923 0.0123667)
(-0.000650898 -0.00719027 0.00881334)
(-0.0019015 -0.00287975 0.0124777)
(0.00208714 -9.47125e-05 0.00176656)
(-0.00262492 -0.00203658 0.0057589)
(0.00729641 -0.00286257 0.004592)
(0.00241806 0.00155451 0.00279986)
(0.00178424 0.00501841 0.000741646)
(-0.00129011 -0.00121113 0.00207398)
(-0.00171143 -0.00236558 0.0248964)
(-0.000949307 -0.00131277 0.026294)
(-0.00185759 0.00110049 0.0261772)
(-0.00215734 0.00206584 0.0261405)
(-0.00102741 -0.00124501 0.0243832)
(2.83487e-05 -0.000833092 0.0249885)
(-0.000814423 0.00107467 0.0274127)
(-0.00207295 0.0029328 0.0276377)
(0.00078658 2.61859e-05 0.0253514)
(0.000947115 0.000672159 0.0250171)
(8.86578e-05 0.00119795 0.0287508)
(-0.00191833 0.00346586 0.0300146)
(0.00208072 0.00029689 0.0264983)
(0.00142011 0.000824123 0.025268)
(0.000131369 0.000994949 0.0321636)
(-0.00233854 0.00285431 0.0327414)
(-0.00124292 -0.000633111 0.0173545)
(-0.00108763 -0.000527472 0.0169615)
(-0.0015264 -0.000186528 0.0164098)
(-0.00167997 -6.95562e-05 0.017424)
(-0.00110089 -0.000362839 0.0177342)
(-0.000969576 -0.00031113 0.0171833)
(-0.00155148 -8.62346e-05 0.0164944)
(-0.00179678 0.000216506 0.017588)
(-0.000635201 -7.13539e-05 0.0175477)
(-0.000843253 4.97316e-05 0.0169587)
(-0.00154924 -6.35137e-05 0.0165587)
(-0.00181874 0.00041071 0.0175544)
(-0.000466661 4.49469e-05 0.016887)
(-0.000840877 0.000271189 0.0159949)
(-0.00142348 0.000350112 0.0165756)
(-0.00152796 0.000765273 0.0173905)
(-0.000675231 -0.000130741 0.0180132)
(-0.000606202 -0.00019368 0.0179379)
(-0.000743903 -0.000231655 0.0180024)
(-0.000898978 -0.000179689 0.018678)
(-0.000667656 -0.000116671 0.0180568)
(-0.000622622 -0.000117087 0.0179919)
(-0.000822387 -0.000142321 0.0181403)
(-0.000953572 -1.93042e-05 0.0189773)
(-0.000531228 -1.74784e-05 0.0180482)
(-0.000572564 5.55929e-05 0.017978)
(-0.000824417 3.52284e-05 0.0183162)
(-0.000906528 0.00022961 0.0192239)
(-0.00046645 4.22779e-05 0.0179624)
(-0.000537231 0.000160984 0.0178529)
(-0.000759986 0.000266469 0.0185071)
(-0.000775884 0.00047453 0.0193899)
(-0.000260931 -0.000120157 0.0181272)
(-0.000290375 -0.000175855 0.0180792)
(-0.000405905 -0.000232402 0.0181169)
(-0.000517548 -0.000255593 0.0183725)
(-0.000279372 -0.000110432 0.0181112)
(-0.000322029 -0.000125408 0.0180735)
(-0.000462849 -0.000151782 0.0181698)
(-0.000544223 -0.000143959 0.0184941)
(-0.000240269 -5.98092e-05 0.0180954)
(-0.000308625 -3.31403e-05 0.0180372)
(-0.000475247 -2.14322e-05 0.0182009)
(-0.000512928 2.23419e-05 0.0185654)
(-0.000207821 -1.07157e-06 0.0179963)
(-0.000281476 5.42116e-05 0.0179101)
(-0.000438265 0.000139456 0.0181521)
(-0.00042113 0.000208267 0.0185286)
(-3.92736e-05 -0.000165042 0.0180989)
(-8.78166e-05 -0.000201814 0.0180612)
(-0.000168275 -0.000237507 0.0180797)
(-0.000229597 -0.000260549 0.018189)
(-5.4724e-05 -0.000134391 0.0180791)
(-0.000108608 -0.000152346 0.0180464)
(-0.000195408 -0.000170086 0.018091)
(-0.000234262 -0.000185074 0.0182304)
(-4.15508e-05 -8.67786e-05 0.0180366)
(-0.000102042 -8.43427e-05 0.017996)
(-0.000193444 -7.84282e-05 0.0180667)
(-0.000206416 -7.84207e-05 0.0182313)
(-2.11247e-05 -2.60108e-05 0.0179286)
(-7.8963e-05 -1.04759e-05 0.0178803)
(-0.000162014 2.6005e-05 0.0179798)
(-0.000146625 3.68036e-05 0.0181659)
(4.65573e-05 -0.000173509 0.0180837)
(9.00267e-06 -0.000196387 0.0180499)
(-3.99037e-05 -0.000216031 0.0180418)
(-7.30945e-05 -0.000228644 0.0180653)
(3.79421e-05 -0.000134971 0.0180531)
(-7.56516e-07 -0.000150981 0.0180206)
(-4.96594e-05 -0.00016401 0.0180209)
(-6.95648e-05 -0.000179037 0.0180555)
(4.38401e-05 -8.74011e-05 0.0179891)
(4.97295e-06 -9.55636e-05 0.0179537)
(-4.28529e-05 -9.91526e-05 0.0179636)
(-4.92406e-05 -0.000112322 0.0180116)
(5.62829e-05 -3.15574e-05 0.0178718)
(2.19865e-05 -3.56307e-05 0.017835)
(-1.98073e-05 -2.89984e-05 0.0178569)
(-1.21279e-05 -4.10721e-05 0.0179205)
(6.51083e-05 -0.000152123 0.0180594)
(4.23253e-05 -0.000165795 0.0180286)
(1.53493e-05 -0.000176271 0.0180029)
(-2.15876e-06 -0.000181959 0.0179808)
(6.08983e-05 -0.00011596 0.0180181)
(3.90251e-05 -0.000128355 0.0179863)
(1.3642e-05 -0.000138145 0.0179613)
(3.3284e-06 -0.000149356 0.0179424)
(6.41415e-05 -7.43654e-05 0.0179401)
(4.41503e-05 -8.51311e-05 0.0179071)
(2.08712e-05 -9.31907e-05 0.0178856)
(1.71831e-05 -0.000107576 0.0178747)
(7.15199e-05 -2.83626e-05 0.0178149)
(5.59474e-05 -3.92478e-05 0.0177828)
(3.68661e-05 -4.5911e-05 0.0177686)
(3.9794e-05 -6.35977e-05 0.0177707)
(5.88823e-05 -0.000120666 0.0180296)
(4.73217e-05 -0.000129257 0.0180016)
(3.38502e-05 -0.000135306 0.017967)
(2.51302e-05 -0.000137922 0.0179228)
(5.68221e-05 -9.10588e-05 0.0179795)
(4.68959e-05 -0.000100468 0.0179493)
(3.51398e-05 -0.000108202 0.0179122)
(3.02441e-05 -0.000116536 0.0178687)
(5.87366e-05 -5.80699e-05 0.0178927)
(5.10556e-05 -6.82514e-05 0.0178617)
(4.12044e-05 -7.74225e-05 0.017826)
(3.94938e-05 -9.01862e-05 0.0177881)
(6.31151e-05 -2.26639e-05 0.0177622)
(5.90805e-05 -3.44191e-05 0.0177331)
(5.21168e-05 -4.5457e-05 0.0177034)
(5.34217e-05 -6.28234e-05 0.0176771)
(4.71392e-05 -9.1563e-05 0.0180012)
(4.23475e-05 -9.7146e-05 0.0179755)
(3.64074e-05 -0.000100965 0.017937)
(3.23754e-05 -0.000102359 0.0178832)
(4.60571e-05 -6.87055e-05 0.0179443)
(4.29828e-05 -7.57416e-05 0.0179159)
(3.84987e-05 -8.19159e-05 0.0178741)
(3.65138e-05 -8.82575e-05 0.0178203)
(4.72091e-05 -4.36738e-05 0.0178517)
(4.61782e-05 -5.22263e-05 0.0178228)
(4.3184e-05 -6.08155e-05 0.0177817)
(4.27143e-05 -7.13955e-05 0.0177328)
(4.98684e-05 -1.72495e-05 0.0177178)
(5.16645e-05 -2.76909e-05 0.0176912)
(5.06507e-05 -3.90438e-05 0.0176558)
(5.14878e-05 -5.41152e-05 0.0176179)
(3.61982e-05 -6.81748e-05 0.0179767)
(3.49304e-05 -7.19105e-05 0.0179528)
(3.27929e-05 -7.44854e-05 0.0179133)
(3.10876e-05 -7.53751e-05 0.0178557)
(3.55884e-05 -5.10005e-05 0.0179147)
(3.58415e-05 -5.62241e-05 0.0178881)
(3.48422e-05 -6.10939e-05 0.0178451)
(3.42509e-05 -6.59634e-05 0.0177879)
(3.62952e-05 -3.23724e-05 0.0178183)
(3.82332e-05 -3.9184e-05 0.0177913)
(3.83436e-05 -4.65104e-05 0.0177489)
(3.84606e-05 -5.49619e-05 0.0176965)
(3.79643e-05 -1.28876e-05 0.0176822)
(4.20353e-05 -2.1469e-05 0.0176577)
(4.35119e-05 -3.15139e-05 0.017621)
(4.41418e-05 -4.38205e-05 0.0175794)
(2.73913e-05 -5.03626e-05 0.0179566)
(2.77237e-05 -5.29186e-05 0.0179343)
(2.7329e-05 -5.47199e-05 0.017895)
(2.6698e-05 -5.53579e-05 0.0178365)
(2.70338e-05 -3.76213e-05 0.017891)
(2.8609e-05 -4.1484e-05 0.017866)
(2.9069e-05 -4.52566e-05 0.0178235)
(2.90546e-05 -4.89805e-05 0.0177659)
(2.74827e-05 -2.38739e-05 0.0177919)
(3.03823e-05 -2.91497e-05 0.0177666)
(3.16519e-05 -3.50727e-05 0.0177248)
(3.19554e-05 -4.16528e-05 0.0176722)
(2.85675e-05 -9.56552e-06 0.0176543)
(3.30577e-05 -1.63518e-05 0.0176317)
(3.52766e-05 -2.4622e-05 0.0175955)
(3.57329e-05 -3.43092e-05 0.0175539)
(2.06007e-05 -3.70799e-05 0.0179408)
(2.15252e-05 -3.88563e-05 0.0179198)
(2.18337e-05 -4.01397e-05 0.0178812)
(2.16632e-05 -4.0621e-05 0.017823)
(2.03881e-05 -2.76847e-05 0.0178726)
(2.22847e-05 -3.05328e-05 0.017849)
(2.3221e-05 -3.34096e-05 0.0178074)
(2.33972e-05 -3.62353e-05 0.0177506)
(2.06848e-05 -1.75759e-05 0.0177716)
(2.35955e-05 -2.15947e-05 0.0177478)
(2.51166e-05 -2.62278e-05 0.0177072)
(2.5423e-05 -3.12605e-05 0.0176557)
(2.14126e-05 -7.08178e-06 0.0176329)
(2.55024e-05 -1.23298e-05 0.0176119)
(2.76879e-05 -1.88689e-05 0.017577)
(2.79929e-05 -2.63188e-05 0.0175365)
(1.54331e-05 -2.7255e-05 0.0179287)
(1.64719e-05 -2.85033e-05 0.0179087)
(1.69982e-05 -2.94261e-05 0.017871)
(1.70067e-05 -2.97946e-05 0.0178133)
(1.53066e-05 -2.03489e-05 0.0178585)
(1.70866e-05 -2.2444e-05 0.0178361)
(1.80685e-05 -2.46116e-05 0.0177956)
(1.82752e-05 -2.674e-05 0.0177399)
(1.551e-05 -1.29285e-05 0.0177561)
(1.80543e-05 -1.59563e-05 0.0177337)
(1.94569e-05 -1.95053e-05 0.0176943)
(1.97056e-05 -2.33075e-05 0.0176443)
(1.60109e-05 -5.235e-06 0.0176167)
(1.94265e-05 -9.23489e-06 0.017597)
(2.12973e-05 -1.42794e-05 0.0175635)
(2.14866e-05 -1.99229e-05 0.0175246)
(1.15197e-05 -2.00097e-05 0.0179195)
(1.2472e-05 -2.08937e-05 0.0179003)
(1.30079e-05 -2.15604e-05 0.0178634)
(1.30742e-05 -2.18427e-05 0.0178065)
(1.14449e-05 -1.49426e-05 0.0178478)
(1.29535e-05 -1.64808e-05 0.0178264)
(1.38183e-05 -1.81002e-05 0.017787)
(1.39996e-05 -1.96933e-05 0.0177324)
(1.15883e-05 -9.50188e-06 0.0177445)
(1.36673e-05 -1.17654e-05 0.0177231)
(1.48344e-05 -1.44466e-05 0.017685)
(1.50184e-05 -1.72946e-05 0.0176362)
(1.194e-05 -3.86394e-06 0.0176046)
(1.46612e-05 -6.88133e-06 0.017586)
(1.61602e-05 -1.07115e-05 0.0175537)
(1.62704e-05 -1.49433e-05 0.0175163)
(8.56466e-06 -1.46703e-05 0.0179126)
(9.36345e-06 -1.52999e-05 0.0178941)
(9.83163e-06 -1.57826e-05 0.0178578)
(9.90707e-06 -1.59977e-05 0.0178016)
(8.52095e-06 -1.09588e-05 0.0178399)
(9.73305e-06 -1.20859e-05 0.0178193)
(1.0438e-05 -1.32879e-05 0.0177807)
(1.05813e-05 -1.44738e-05 0.0177271)
(8.62424e-06 -6.97443e-06 0.0177359)
(1.0259e-05 -8.65628e-06 0.0177153)
(1.11812e-05 -1.06623e-05 0.0176782)
(1.13114e-05 -1.27816e-05 0.0176306)
(8.87474e-06 -2.84642e-06 0.0175956)
(1.09818e-05 -5.10458e-06 0.0175778)
(1.21405e-05 -7.98061e-06 0.0175466)
(1.22005e-05 -1.11305e-05 0.0175104)
(6.33808e-06 -1.07328e-05 0.0179074)
(6.97626e-06 -1.11825e-05 0.0178894)
(7.35706e-06 -1.15322e-05 0.0178537)
(7.42428e-06 -1.16948e-05 0.0177981)
(6.31306e-06 -8.02011e-06 0.017834)
(7.256e-06 -8.84391e-06 0.017814)
(7.80699e-06 -9.731e-06 0.0177761)
(7.91484e-06 -1.06091e-05 0.0177233)
(6.38843e-06 -5.10807e-06 0.0177295)
(7.64277e-06 -6.35077e-06 0.0177095)
(8.34995e-06 -7.83994e-06 0.0176732)
(8.44014e-06 -9.40777e-06 0.0176265)
(6.56854e-06 -2.09098e-06 0.0175889)
(8.16925e-06 -3.76914e-06 0.0175718)
(9.04549e-06 -5.91e-06 0.0175414)
(9.07574e-06 -8.24e-06 0.0175062)
(4.66208e-06 -7.82264e-06 0.0179036)
(5.15614e-06 -8.14401e-06 0.017886)
(5.4534e-06 -8.3968e-06 0.0178508)
(5.50788e-06 -8.51859e-06 0.0177955)
(4.64822e-06 -5.84743e-06 0.0178297)
(5.36542e-06 -6.44715e-06 0.0178101)
(5.78477e-06 -7.09777e-06 0.0177728)
(5.86391e-06 -7.74388e-06 0.0177205)
(4.7036e-06 -3.72677e-06 0.0177248)
(5.64885e-06 -4.63924e-06 0.0177053)
(6.18034e-06 -5.73626e-06 0.0176696)
(6.24219e-06 -6.88863e-06 0.0176237)
(4.83371e-06 -1.52931e-06 0.017584)
(6.03189e-06 -2.76723e-06 0.0175673)
(6.68431e-06 -4.34762e-06 0.0175377)
(6.69778e-06 -6.05969e-06 0.0175032)
(3.39969e-06 -5.66292e-06 0.0179008)
(3.77286e-06 -5.89183e-06 0.0178835)
(3.99826e-06 -6.07359e-06 0.0178486)
(4.0402e-06 -6.16374e-06 0.0177937)
(3.39241e-06 -4.23444e-06 0.0178265)
(3.92754e-06 -4.66807e-06 0.0178072)
(4.2401e-06 -5.14119e-06 0.0177703)
(4.29717e-06 -5.61239e-06 0.0177186)
(3.43312e-06 -2.7004e-06 0.0177213)
(4.13387e-06 -3.36464e-06 0.0177023)
(4.52659e-06 -4.16508e-06 0.017667)
(4.5687e-06 -5.00461e-06 0.0176216)
(3.52703e-06 -1.11037e-06 0.0175804)
(4.41115e-06 -2.01489e-06 0.0175641)
(4.89008e-06 -3.1699e-06 0.017535)
(4.89454e-06 -4.41677e-06 0.0175011)
(2.44702e-06 -4.0497e-06 0.0178988)
(2.722e-06 -4.21137e-06 0.0178817)
(2.8883e-06 -4.34071e-06 0.017847)
(2.91923e-06 -4.40643e-06 0.0177924)
(2.44347e-06 -3.0293e-06 0.0178242)
(2.83443e-06 -3.3392e-06 0.0178052)
(3.06231e-06 -3.67876e-06 0.0177686)
(3.10255e-06 -4.0177e-06 0.0177172)
(2.47311e-06 -1.93309e-06 0.0177188)
(2.98275e-06 -2.41031e-06 0.0177)
(3.26733e-06 -2.98622e-06 0.0176651)
(3.29549e-06 -3.58949e-06 0.0176201)
(2.54029e-06 -7.96279e-07 0.0175778)
(3.1812e-06 -1.44806e-06 0.0175618)
(3.52661e-06 -2.28013e-06 0.017533)
(3.52632e-06 -3.17582e-06 0.0174996)
(1.72884e-06 -2.83547e-06 0.0178974)
(1.92511e-06 -2.94795e-06 0.0178805)
(2.0435e-06 -3.03856e-06 0.0178459)
(2.06477e-06 -3.08572e-06 0.0177915)
(1.72713e-06 -2.12218e-06 0.0178225)
(2.00461e-06 -2.33963e-06 0.0178037)
(2.16562e-06 -2.5785e-06 0.0177674)
(2.1925e-06 -2.81722e-06 0.0177162)
(1.74812e-06 -1.35554e-06 0.017717)
(2.10876e-06 -1.69161e-06 0.0176985)
(2.30899e-06 -2.09724e-06 0.0176638)
(2.32656e-06 -2.52141e-06 0.0176191)
(1.79512e-06 -5.5958e-07 0.0175759)
(2.24769e-06 -1.01958e-06 0.0175602)
(2.48992e-06 -1.60607e-06 0.0175316)
(2.48654e-06 -2.23554e-06 0.0174986)
(1.19695e-06 -1.91948e-06 0.0178964)
(1.33068e-06 -1.99645e-06 0.0178796)
(1.41021e-06 -2.05901e-06 0.0178452)
(1.42225e-06 -2.09277e-06 0.0177909)
(1.19565e-06 -1.43808e-06 0.0178214)
(1.38423e-06 -1.5872e-06 0.0178028)
(1.49219e-06 -1.75095e-06 0.0177665)
(1.50731e-06 -1.9143e-06 0.0177155)
(1.20955e-06 -9.20529e-07 0.0177158)
(1.45437e-06 -1.15114e-06 0.0176974)
(1.5884e-06 -1.42859e-06 0.0176629)
(1.59649e-06 -1.71751e-06 0.0176184)
(1.24104e-06 -3.81771e-07 0.0175746)
(1.54803e-06 -6.9775e-07 0.017559)
(1.70978e-06 -1.09873e-06 0.0175307)
(1.70258e-06 -1.52684e-06 0.0174978)
(8.29752e-07 -1.248e-06 0.0178957)
(9.14493e-07 -1.30123e-06 0.017879)
(9.62156e-07 -1.34548e-06 0.0178447)
(9.65003e-07 -1.37235e-06 0.0177905)
(8.27592e-07 -9.37271e-07 0.0178207)
(9.47598e-07 -1.03884e-06 0.0178021)
(1.01314e-06 -1.14976e-06 0.017766)
(1.01725e-06 -1.26038e-06 0.0177151)
(8.35496e-07 -6.04192e-07 0.017715)
(9.91662e-07 -7.60215e-07 0.0176967)
(1.07335e-06 -9.45742e-07 0.0176624)
(1.07204e-06 -1.1375e-06 0.017618)
(8.55386e-07 -2.54136e-07 0.0175738)
(1.05169e-06 -4.67405e-07 0.0175583)
(1.15053e-06 -7.34195e-07 0.0175301)
(1.13805e-06 -1.01637e-06 0.0174974)
(6.25887e-07 -8.37016e-07 0.0178952)
(6.829e-07 -8.75786e-07 0.0178786)
(7.10363e-07 -9.07761e-07 0.0178444)
(7.03192e-07 -9.28462e-07 0.0177902)
(6.23719e-07 -6.29418e-07 0.0178201)
(7.0481e-07 -7.03547e-07 0.0178016)
(7.43331e-07 -7.82821e-07 0.0177656)
(7.34202e-07 -8.59103e-07 0.0177148)
(6.2844e-07 -4.00548e-07 0.0177144)
(7.34318e-07 -5.15199e-07 0.0176962)
(7.82545e-07 -6.48433e-07 0.0176619)
(7.67202e-07 -7.8117e-07 0.0176177)
(6.39615e-07 -1.69951e-07 0.0175732)
(7.70725e-07 -3.25019e-07 0.0175577)
(8.27969e-07 -5.13352e-07 0.0175296)
(8.02998e-07 -7.0524e-07 0.017497)
(-0.00319159 -0.00277176 0.003242)
(0.003957 -0.00263021 0.0073212)
(0.0039964 -0.00659082 0.00819538)
(-0.00284734 0.0236912 0.00807308)
(-0.00615247 -0.000736166 0.00990478)
(-0.0122458 -0.0028605 0.00949905)
(-0.0114016 0.00254214 -0.00156202)
(0.0117296 0.00546396 0.01278)
(0.000339105 0.00308109 0.00258144)
(-0.00350389 0.00925545 0.00398264)
(-0.0042179 0.00929978 0.00404551)
(-0.00525989 0.0106402 0.00399537)
(-0.0023327 0.00440224 0.0137697)
(-0.00320896 0.00649411 0.0167948)
(-0.00363981 0.00728729 0.0172385)
(-0.00339578 0.00615738 0.0181823)
(0.00150194 -0.000941109 0.0253162)
(0.00183724 -0.000406964 0.0211323)
(0.00100756 0.0017141 0.0152588)
(-0.000510458 0.00656651 0.0158511)
(-0.000530057 5.58989e-05 0.0275375)
(-0.000639314 0.000685097 0.0322301)
(-0.00107738 0.0017943 0.0411445)
(-0.000454621 0.00319234 0.0291724)
(0.000548559 0.000938224 0.0282471)
(-0.000117782 0.0017581 0.0322475)
(-0.000170757 0.00178664 0.0377195)
(-0.000703723 0.00230418 0.0392724)
(-0.00107722 0.000676495 0.0263289)
(-0.00163774 0.00114396 0.0272041)
(-0.00170962 0.00159968 0.0277204)
(-0.00167972 0.0017869 0.0277838)
(0.00154586 -0.000821097 0.0153737)
(0.00145647 -0.000875682 0.0144569)
(0.000887381 -0.000531845 0.0132135)
(0.000251156 -9.24972e-05 0.0129696)
(0.000185542 -0.000953896 0.0168924)
(-8.4195e-06 -0.00105081 0.0181258)
(-0.000392727 -0.00104684 0.0196031)
(-0.00017207 -0.000872438 0.0199379)
(-0.000462945 -0.000716758 0.0174385)
(-0.000779283 -0.000605707 0.0188189)
(-0.000960391 -0.000500596 0.0203976)
(-0.000608521 2.4971e-05 0.0211429)
(-0.00131239 -0.000391936 0.0181803)
(-0.00139369 -0.000118107 0.0190212)
(-0.00133024 0.000223621 0.0196057)
(-0.00100303 0.00067978 0.0198557)
(0.000816867 -0.000791269 0.0167566)
(0.000793978 -0.00104636 0.0163986)
(0.000630904 -0.00125383 0.0160169)
(0.000333246 -0.00137752 0.0158452)
(1.13122e-05 -0.000975743 0.0178207)
(-0.000152031 -0.00124987 0.0184486)
(-9.45149e-05 -0.00143399 0.0192138)
(0.000209605 -0.00146535 0.0199023)
(-0.000518466 -0.000717575 0.0186192)
(-0.000683109 -0.000665772 0.0194852)
(-0.000576205 -0.000470342 0.0204123)
(-0.000228979 -0.000173422 0.0210859)
(-0.000875675 -0.000312082 0.0191202)
(-0.000924819 -9.66199e-05 0.0196807)
(-0.000816105 0.000203269 0.0201137)
(-0.000622509 0.000501085 0.0203426)
(0.000358975 -0.000733718 0.0173487)
(0.000342354 -0.000939373 0.0172134)
(0.000301384 -0.00113772 0.0170428)
(0.000206488 -0.00127689 0.0168575)
(-2.79284e-05 -0.000868924 0.017955)
(-0.000101267 -0.00106957 0.0183047)
(-1.55433e-05 -0.00120357 0.0186931)
(0.000216893 -0.00124233 0.018911)
(-0.000314015 -0.000696481 0.0184179)
(-0.000371802 -0.000675509 0.0188757)
(-0.000264316 -0.000552289 0.0193107)
(-1.7052e-05 -0.000372373 0.0195271)
(-0.000506458 -0.000386487 0.0186081)
(-0.000515408 -0.000254608 0.0188633)
(-0.00043387 -7.06504e-05 0.0190349)
(-0.000279163 0.000128127 0.0190579)
(0.000157302 -0.000589939 0.0175681)
(0.000143114 -0.000707471 0.017502)
(0.000135709 -0.000818238 0.0174027)
(0.000114588 -0.0008964 0.0172597)
(-9.86384e-06 -0.000661974 0.0179086)
(-3.45044e-05 -0.000765309 0.0180611)
(2.43295e-05 -0.000831966 0.0182074)
(0.000161846 -0.00084713 0.0182441)
(-0.000139396 -0.000552629 0.0181727)
(-0.000151736 -0.000537582 0.0183696)
(-7.88394e-05 -0.000465862 0.0185306)
(6.61175e-05 -0.000359945 0.0185707)
(-0.000224848 -0.0003563 0.0182854)
(-0.000216689 -0.000276159 0.0183873)
(-0.000160271 -0.000166168 0.018435)
(-6.54719e-05 -4.71763e-05 0.0183993)
(7.47498e-05 -0.000435068 0.0177084)
(6.38706e-05 -0.000491469 0.0176528)
(6.48243e-05 -0.000542163 0.0175659)
(6.39925e-05 -0.00057664 0.0174349)
(9.19334e-06 -0.000465444 0.017897)
(1.42246e-06 -0.000510556 0.0179374)
(3.7431e-05 -0.000535518 0.0179553)
(0.000111538 -0.000535985 0.0179041)
(-4.15376e-05 -0.000401936 0.0180403)
(-4.03309e-05 -0.000387139 0.0181003)
(3.77444e-06 -0.00034353 0.0181258)
(8.31585e-05 -0.000283701 0.0180787)
(-7.36724e-05 -0.000287745 0.0180966)
(-6.32208e-05 -0.000238535 0.0181139)
(-2.83874e-05 -0.000173827 0.0180913)
(2.64722e-05 -0.000105119 0.0180145)
(4.28168e-05 -0.00030982 0.0177862)
(3.43076e-05 -0.000333165 0.0177255)
(3.50198e-05 -0.000352721 0.017634)
(3.72906e-05 -0.000365192 0.0175015)
(2.05459e-05 -0.000320744 0.0178904)
(1.78281e-05 -0.000336821 0.0178718)
(3.76346e-05 -0.000342432 0.0178253)
(7.57796e-05 -0.000337508 0.0177282)
(4.44374e-06 -0.000283916 0.0179635)
(8.34103e-06 -0.000270894 0.0179533)
(3.3272e-05 -0.000243737 0.0179117)
(7.55263e-05 -0.000209792 0.01782)
(-4.90898e-06 -0.00021783 0.0179827)
(3.84602e-06 -0.000187123 0.0179553)
(2.44704e-05 -0.000148678 0.0178961)
(5.5486e-05 -0.000108963 0.0177979)
(3.03295e-05 -0.000218599 0.017827)
(2.34834e-05 -0.000226424 0.0177598)
(2.24343e-05 -0.000232017 0.0176623)
(2.33381e-05 -0.00023509 0.0175266)
(2.53042e-05 -0.000221376 0.0178847)
(2.38567e-05 -0.000225105 0.0178358)
(3.37185e-05 -0.000223544 0.0177581)
(5.25185e-05 -0.000217966 0.0176388)
(2.28288e-05 -0.000199434 0.0179178)
(2.63314e-05 -0.000189253 0.0178727)
(3.99489e-05 -0.000172225 0.0177986)
(6.21271e-05 -0.000152774 0.0176853)
(2.21814e-05 -0.000160293 0.0179136)
(2.86493e-05 -0.000140978 0.0178632)
(4.07937e-05 -0.000117877 0.0177854)
(5.83938e-05 -9.47534e-05 0.0176762)
(2.41468e-05 -0.000154604 0.0178497)
(1.86381e-05 -0.000155922 0.017778)
(1.64257e-05 -0.000156018 0.0176762)
(1.56866e-05 -0.000155636 0.0175379)
(2.53886e-05 -0.000154373 0.0178808)
(2.41953e-05 -0.000153565 0.0178169)
(2.8583e-05 -0.000150132 0.0177241)
(3.73522e-05 -0.00014553 0.0175943)
(2.76197e-05 -0.000140802 0.0178906)
(3.01359e-05 -0.000133333 0.0178282)
(3.74434e-05 -0.000122567 0.0177384)
(4.90044e-05 -0.000111269 0.0176149)
(2.98403e-05 -0.000116832 0.0178711)
(3.43868e-05 -0.000104537 0.0178089)
(4.16102e-05 -9.04195e-05 0.0177216)
(5.17592e-05 -7.67561e-05 0.0176067)
(1.97535e-05 -0.000110065 0.0178633)
(1.53759e-05 -0.000109019 0.0177889)
(1.27615e-05 -0.000107342 0.0176847)
(1.10842e-05 -0.000105979 0.0175447)
(2.28293e-05 -0.000108969 0.0178785)
(2.17156e-05 -0.000106882 0.0178072)
(2.33143e-05 -0.000103514 0.0177072)
(2.70715e-05 -0.000100127 0.0175725)
(2.62279e-05 -0.000100266 0.0178739)
(2.78859e-05 -9.49399e-05 0.017803)
(3.17692e-05 -8.80313e-05 0.0177058)
(3.77893e-05 -8.13337e-05 0.0175773)
(2.90474e-05 -8.506e-05 0.0178442)
(3.21912e-05 -7.70921e-05 0.0177758)
(3.65694e-05 -6.8265e-05 0.0176838)
(4.2567e-05 -6.00059e-05 0.017566)
(1.59839e-05 -7.89011e-05 0.0178719)
(1.25598e-05 -7.72395e-05 0.0177963)
(1.00352e-05 -7.52688e-05 0.0176907)
(8.05515e-06 -7.38443e-05 0.0175498)
(1.92054e-05 -7.77377e-05 0.0178771)
(1.81949e-05 -7.55935e-05 0.0178023)
(1.8479e-05 -7.2839e-05 0.017699)
(1.98319e-05 -7.04621e-05 0.0175619)
(2.24771e-05 -7.19777e-05 0.0178635)
(2.35289e-05 -6.82143e-05 0.0177884)
(2.55818e-05 -6.36981e-05 0.0176875)
(2.87257e-05 -5.96265e-05 0.0175568)
(2.50902e-05 -6.20112e-05 0.0178267)
(2.72614e-05 -5.67392e-05 0.0177551)
(2.99782e-05 -5.1076e-05 0.0176606)
(3.36242e-05 -4.59483e-05 0.0175414)
(1.26832e-05 -5.68863e-05 0.0178776)
(1.00432e-05 -5.52748e-05 0.0178015)
(7.83923e-06 -5.35237e-05 0.0176953)
(5.93268e-06 -5.23211e-05 0.0175539)
(1.54845e-05 -5.59039e-05 0.0178764)
(1.46128e-05 -5.40866e-05 0.0178)
(1.43421e-05 -5.19897e-05 0.0176951)
(1.46023e-05 -5.03546e-05 0.017557)
(1.82344e-05 -5.1994e-05 0.0178567)
(1.88916e-05 -4.93375e-05 0.0177796)
(1.99733e-05 -4.63298e-05 0.017677)
(2.16241e-05 -4.37889e-05 0.0175452)
(2.04089e-05 -4.52808e-05 0.0178151)
(2.19164e-05 -4.17225e-05 0.0177418)
(2.36453e-05 -3.79983e-05 0.017646)
(2.59284e-05 -3.47275e-05 0.0175261)
(9.88293e-06 -4.11864e-05 0.0178817)
(7.87127e-06 -3.98335e-05 0.0178054)
(6.05498e-06 -3.84264e-05 0.017699)
(4.39153e-06 -3.7491e-05 0.0175573)
(1.21396e-05 -4.04273e-05 0.017876)
(1.14188e-05 -3.90014e-05 0.0177989)
(1.09628e-05 -3.7457e-05 0.0176933)
(1.07708e-05 -3.63388e-05 0.0175548)
(1.43168e-05 -3.77229e-05 0.0178523)
(1.47264e-05 -3.58435e-05 0.0177741)
(1.52939e-05 -3.38071e-05 0.0176708)
(1.61663e-05 -3.21819e-05 0.0175385)
(1.60369e-05 -3.31037e-05 0.0178072)
(1.70918e-05 -3.0661e-05 0.017733)
(1.82193e-05 -2.81586e-05 0.0176366)
(1.96902e-05 -2.602e-05 0.0175163)
(7.58741e-06 -2.9901e-05 0.0178846)
(6.06881e-06 -2.88351e-05 0.0178083)
(4.62469e-06 -2.77563e-05 0.0177018)
(3.25325e-06 -2.70559e-05 0.0175601)
(9.3369e-06 -2.93391e-05 0.0178759)
(8.75961e-06 -2.82612e-05 0.0177984)
(8.28647e-06 -2.71417e-05 0.0176926)
(7.94369e-06 -2.63765e-05 0.0175539)
(1.10078e-05 -2.74436e-05 0.0178493)
(1.12643e-05 -2.61098e-05 0.0177706)
(1.15599e-05 -2.47121e-05 0.0176669)
(1.20236e-05 -2.36497e-05 0.0175345)
(1.23311e-05 -2.42148e-05 0.0178018)
(1.30753e-05 -2.25152e-05 0.0177271)
(1.38269e-05 -2.08042e-05 0.0176303)
(1.4799e-05 -1.93759e-05 0.0175098)
(5.75542e-06 -2.17368e-05 0.0178867)
(4.618e-06 -2.09245e-05 0.0178105)
(3.49705e-06 -2.01174e-05 0.017704)
(2.40624e-06 -1.96029e-05 0.0175624)
(7.08248e-06 -2.13304e-05 0.0178759)
(6.63105e-06 -2.05316e-05 0.0177983)
(6.20926e-06 -1.97263e-05 0.0176924)
(5.85064e-06 -1.92007e-05 0.0175536)
(8.3418e-06 -1.999e-05 0.0178472)
(8.50408e-06 -1.90407e-05 0.0177684)
(8.65597e-06 -1.8071e-05 0.0176645)
(8.90348e-06 -1.73637e-05 0.017532)
(9.34259e-06 -1.77082e-05 0.0177981)
(9.87132e-06 -1.65139e-05 0.0177231)
(1.03819e-05 -1.53281e-05 0.0176261)
(1.10382e-05 -1.43577e-05 0.0175055)
(4.32082e-06 -1.57983e-05 0.0178882)
(3.47508e-06 -1.5191e-05 0.0178121)
(2.62023e-06 -1.4596e-05 0.0177058)
(1.77407e-06 -1.4222e-05 0.0175641)
(5.31339e-06 -1.55081e-05 0.0178759)
(4.96698e-06 -1.49231e-05 0.0177983)
(4.61773e-06 -1.43461e-05 0.0176924)
(4.29788e-06 -1.39833e-05 0.0175536)
(6.25123e-06 -1.45552e-05 0.0178458)
(6.35529e-06 -1.38783e-05 0.0177669)
(6.43164e-06 -1.32003e-05 0.0176629)
(6.56399e-06 -1.27224e-05 0.0175304)
(6.99924e-06 -1.29318e-05 0.0177954)
(7.37685e-06 -1.20868e-05 0.0177202)
(7.72883e-06 -1.12571e-05 0.0176231)
(8.17931e-06 -1.05892e-05 0.0175025)
(3.21133e-06 -1.1455e-05 0.0178893)
(2.58738e-06 -1.10073e-05 0.0178133)
(1.94505e-06 -1.0573e-05 0.0177071)
(1.30139e-06 -1.03033e-05 0.0175655)
(3.94555e-06 -1.12497e-05 0.0178759)
(3.68406e-06 -1.08249e-05 0.0177984)
(3.40745e-06 -1.04128e-05 0.0176925)
(3.14342e-06 -1.01615e-05 0.0175538)
(4.63721e-06 -1.05711e-05 0.0178448)
(4.70495e-06 -1.00884e-05 0.0177658)
(4.74199e-06 -9.61222e-06 0.0176619)
(4.81267e-06 -9.28599e-06 0.0175294)
(5.19074e-06 -9.41291e-06 0.0177935)
(5.46113e-06 -8.8132e-06 0.0177183)
(5.70626e-06 -8.2295e-06 0.0176211)
(6.019e-06 -7.76574e-06 0.0175004)
(2.35938e-06 -8.25814e-06 0.0178901)
(1.90361e-06 -7.9321e-06 0.0178143)
(1.42802e-06 -7.61849e-06 0.017708)
(9.47055e-07 -7.42541e-06 0.0175665)
(2.89629e-06 -8.11399e-06 0.017876)
(2.70208e-06 -7.8083e-06 0.0177985)
(2.48993e-06 -7.51562e-06 0.0176926)
(2.28211e-06 -7.34148e-06 0.0175539)
(3.40101e-06 -7.632e-06 0.0178442)
(3.4457e-06 -7.28899e-06 0.0177651)
(3.4626e-06 -6.95465e-06 0.0176612)
(3.50007e-06 -6.73074e-06 0.0175287)
(3.80618e-06 -6.80743e-06 0.0177922)
(3.99948e-06 -6.38244e-06 0.0177169)
(4.17094e-06 -5.9716e-06 0.0176197)
(4.3891e-06 -5.64853e-06 0.017499)
(1.70745e-06 -5.88578e-06 0.0178907)
(1.37912e-06 -5.65219e-06 0.0178149)
(1.03297e-06 -5.42894e-06 0.0177088)
(6.80354e-07 -5.29244e-06 0.0175672)
(2.09405e-06 -5.78586e-06 0.017876)
(1.95236e-06 -5.56889e-06 0.0177985)
(1.79404e-06 -5.36323e-06 0.0176927)
(1.6361e-06 -5.24327e-06 0.0175541)
(2.45696e-06 -5.4467e-06 0.0178437)
(2.4865e-06 -5.20538e-06 0.0177647)
(2.49318e-06 -4.9723e-06 0.0176607)
(2.51241e-06 -4.81898e-06 0.0175283)
(2.74908e-06 -4.86486e-06 0.0177913)
(2.88606e-06 -4.56623e-06 0.0177159)
(3.00542e-06 -4.27902e-06 0.0176187)
(3.15687e-06 -4.05488e-06 0.017498)
(1.21086e-06 -4.1095e-06 0.0178911)
(9.78672e-07 -3.94629e-06 0.0178154)
(7.31949e-07 -3.79121e-06 0.0177093)
(4.78909e-07 -3.69687e-06 0.0175678)
(1.48274e-06 -4.04202e-06 0.017876)
(1.38115e-06 -3.89169e-06 0.0177986)
(1.26583e-06 -3.7504e-06 0.0176928)
(1.14898e-06 -3.6693e-06 0.0175542)
(1.73772e-06 -3.80825e-06 0.0178433)
(1.75645e-06 -3.64214e-06 0.0177643)
(1.75753e-06 -3.48282e-06 0.0176604)
(1.76596e-06 -3.37946e-06 0.017528)
(1.9435e-06 -3.40568e-06 0.0177906)
(2.03833e-06 -3.20011e-06 0.0177152)
(2.11969e-06 -3.00308e-06 0.017618)
(2.22258e-06 -2.85002e-06 0.0174973)
(8.39711e-07 -2.77525e-06 0.0178914)
(6.78335e-07 -2.66587e-06 0.0178157)
(5.05853e-07 -2.56276e-06 0.0177097)
(3.27651e-07 -2.50033e-06 0.0175682)
(1.02432e-06 -2.73232e-06 0.0178761)
(9.51605e-07 -2.63268e-06 0.0177987)
(8.68386e-07 -2.53996e-06 0.0176929)
(7.82742e-07 -2.48763e-06 0.0175543)
(1.19734e-06 -2.57743e-06 0.0178431)
(1.20681e-06 -2.46797e-06 0.0177641)
(1.20347e-06 -2.36368e-06 0.0176602)
(1.20385e-06 -2.29677e-06 0.0175278)
(1.33749e-06 -2.30875e-06 0.0177902)
(1.39968e-06 -2.17297e-06 0.0177147)
(1.45213e-06 -2.04305e-06 0.0176175)
(1.51811e-06 -1.94221e-06 0.0174968)
(5.80508e-07 -1.80184e-06 0.0178916)
(4.67239e-07 -1.73294e-06 0.017816)
(3.46232e-07 -1.66925e-06 0.0177099)
(2.19477e-07 -1.63123e-06 0.0175685)
(7.01135e-07 -1.77798e-06 0.0178761)
(6.46189e-07 -1.71674e-06 0.0177987)
(5.83937e-07 -1.66096e-06 0.017693)
(5.18434e-07 -1.6307e-06 0.0175544)
(8.14223e-07 -1.68207e-06 0.017843)
(8.14169e-07 -1.61549e-06 0.017764)
(8.05448e-07 -1.55276e-06 0.0176601)
(7.97924e-07 -1.5133e-06 0.0175277)
(9.06229e-07 -1.51223e-06 0.0177899)
(9.42627e-07 -1.42896e-06 0.0177145)
(9.7233e-07 -1.34945e-06 0.0176172)
(1.01008e-06 -1.2871e-06 0.0174966)
(4.34689e-07 -1.20453e-06 0.0178918)
(3.46106e-07 -1.16262e-06 0.0178162)
(2.48556e-07 -1.12485e-06 0.0177102)
(1.51272e-07 -1.0999e-06 0.0175687)
(5.15166e-07 -1.19318e-06 0.0178762)
(4.66919e-07 -1.15796e-06 0.0177988)
(4.1227e-07 -1.12702e-06 0.017693)
(3.56521e-07 -1.10853e-06 0.0175545)
(5.9066e-07 -1.13111e-06 0.0178429)
(5.80693e-07 -1.09274e-06 0.0177639)
(5.65869e-07 -1.05704e-06 0.0176601)
(5.50081e-07 -1.03311e-06 0.0175276)
(6.5517e-07 -1.02071e-06 0.0177897)
(6.7186e-07 -9.71479e-07 0.0177143)
(6.8595e-07 -9.23441e-07 0.017617)
(7.01599e-07 -8.84542e-07 0.0174964)
)
;

boundaryField
{
    inlet
    {
        type            calculated;
        value           uniform (0 0 0.01811);
    }
    outlet
    {
        type            calculated;
        value           nonuniform List<vector> 
48
(
(6.55267e-07 -1.32196e-06 0.018)
(6.54199e-07 -1.27077e-06 0.0179932)
(6.46382e-07 -1.16872e-06 0.0179766)
(6.34937e-07 -1.02089e-06 0.017946)
(6.32631e-07 -1.31209e-06 0.0179922)
(6.5139e-07 -1.27134e-06 0.0179844)
(6.63308e-07 -1.17993e-06 0.0179659)
(6.7129e-07 -1.04236e-06 0.0179326)
(5.85951e-07 -1.28594e-06 0.0179747)
(6.24597e-07 -1.25587e-06 0.017965)
(6.56626e-07 -1.17597e-06 0.0179427)
(6.83785e-07 -1.04988e-06 0.0179038)
(5.17789e-07 -1.24744e-06 0.0179432)
(5.74967e-07 -1.22794e-06 0.0179308)
(6.25564e-07 -1.15962e-06 0.0179029)
(6.67314e-07 -1.04379e-06 0.0178548)
(4.34689e-07 -1.20453e-06 0.0178918)
(5.15166e-07 -1.19318e-06 0.0178762)
(5.9066e-07 -1.13111e-06 0.0178429)
(6.5517e-07 -1.02071e-06 0.0177897)
(3.46106e-07 -1.16262e-06 0.0178162)
(4.66919e-07 -1.15796e-06 0.0177988)
(5.80693e-07 -1.09274e-06 0.0177639)
(6.7186e-07 -9.71479e-07 0.0177143)
(2.48556e-07 -1.12485e-06 0.0177102)
(4.1227e-07 -1.12702e-06 0.017693)
(5.65869e-07 -1.05704e-06 0.0176601)
(6.8595e-07 -9.23441e-07 0.017617)
(1.51272e-07 -1.0999e-06 0.0175687)
(3.56521e-07 -1.10853e-06 0.0175545)
(5.50081e-07 -1.03311e-06 0.0175276)
(7.01599e-07 -8.84542e-07 0.0174964)
(6.25887e-07 -8.37016e-07 0.0178952)
(6.23719e-07 -6.29418e-07 0.0178201)
(6.2844e-07 -4.00548e-07 0.0177144)
(6.39615e-07 -1.69951e-07 0.0175732)
(6.829e-07 -8.75786e-07 0.0178786)
(7.0481e-07 -7.03547e-07 0.0178016)
(7.34318e-07 -5.15199e-07 0.0176962)
(7.70725e-07 -3.25019e-07 0.0175577)
(7.10363e-07 -9.07761e-07 0.0178444)
(7.43331e-07 -7.82821e-07 0.0177656)
(7.82545e-07 -6.48433e-07 0.0176619)
(8.27969e-07 -5.13352e-07 0.0175296)
(7.03192e-07 -9.28462e-07 0.0177902)
(7.34202e-07 -8.59103e-07 0.0177148)
(7.67202e-07 -7.8117e-07 0.0176177)
(8.02998e-07 -7.0524e-07 0.017497)
)
;
    }
    wall
    {
        type            calculated;
        value           nonuniform List<vector> 
192
(
(0.00750554 -0.000739231 0.004592)
(0.00203177 -0.000200112 0.0264983)
(-0.000466562 4.59524e-05 0.016887)
(-0.000466093 4.59062e-05 0.0179624)
(-0.00020572 2.02616e-05 0.0179963)
(-1.83845e-05 1.81072e-06 0.0179286)
(5.88205e-05 -5.79331e-06 0.0178718)
(7.35994e-05 -7.24891e-06 0.0178149)
(6.47195e-05 -6.37432e-06 0.0177622)
(5.10719e-05 -5.03014e-06 0.0177178)
(3.88567e-05 -3.82705e-06 0.0176822)
(2.92262e-05 -2.87853e-06 0.0176543)
(2.18977e-05 -2.15673e-06 0.0176329)
(1.63678e-05 -1.61208e-06 0.0176167)
(1.22022e-05 -1.20182e-06 0.0176046)
(9.06714e-06 -8.93035e-07 0.0175956)
(6.7094e-06 -6.60818e-07 0.0175889)
(4.93645e-06 -4.86198e-07 0.017584)
(3.60145e-06 -3.54712e-07 0.0175804)
(2.59356e-06 -2.55443e-07 0.0175778)
(1.83245e-06 -1.80481e-07 0.0175759)
(1.26636e-06 -1.24725e-07 0.0175746)
(8.71958e-07 -8.58804e-08 0.0175738)
(6.50048e-07 -6.40241e-08 0.0175732)
(0.00178248 -0.00054071 0.00279986)
(0.00107151 -0.00032504 0.025268)
(-0.000845353 0.000256435 0.0159949)
(-0.00053668 0.0001628 0.0178529)
(-0.000272816 8.27579e-05 0.0179101)
(-6.93991e-05 2.1052e-05 0.0178803)
(3.00315e-05 -9.10995e-06 0.017835)
(6.21354e-05 -1.88486e-05 0.0177828)
(6.36632e-05 -1.9312e-05 0.0177331)
(5.50031e-05 -1.6685e-05 0.0176912)
(4.4457e-05 -1.34859e-05 0.0176577)
(3.48144e-05 -1.05608e-05 0.0176317)
(2.67785e-05 -8.12316e-06 0.0176119)
(2.03549e-05 -6.17458e-06 0.017597)
(1.53373e-05 -4.65253e-06 0.017586)
(1.14744e-05 -3.48072e-06 0.0175778)
(8.52787e-06 -2.5869e-06 0.0175718)
(6.2923e-06 -1.90875e-06 0.0175673)
(4.59915e-06 -1.39514e-06 0.0175641)
(3.31539e-06 -1.00571e-06 0.0175618)
(2.34151e-06 -7.10291e-07 0.0175602)
(1.61141e-06 -4.88816e-07 0.017559)
(1.09291e-06 -3.3153e-07 0.0175583)
(7.96065e-07 -2.41484e-07 0.0175577)
(-0.000698574 0.000373395 0.000741646)
(-0.000311458 0.000166478 0.0321636)
(-0.00125271 0.000669588 0.0165756)
(-0.000701886 0.000375166 0.0185071)
(-0.000398852 0.000213191 0.0181521)
(-0.000136824 7.31337e-05 0.0179798)
(-3.3502e-06 1.79072e-06 0.0178569)
(4.77607e-05 -2.55286e-05 0.0177686)
(5.94337e-05 -3.1768e-05 0.0177034)
(5.56272e-05 -2.97334e-05 0.0176558)
(4.69443e-05 -2.50923e-05 0.017621)
(3.76738e-05 -2.01371e-05 0.0175955)
(2.93797e-05 -1.57038e-05 0.017577)
(2.25012e-05 -1.20271e-05 0.0175635)
(1.70223e-05 -9.09863e-06 0.0175537)
(1.27605e-05 -6.82064e-06 0.0175466)
(9.49244e-06 -5.07382e-06 0.0175414)
(7.00642e-06 -3.74501e-06 0.0175377)
(5.12127e-06 -2.73737e-06 0.017535)
(3.69088e-06 -1.97281e-06 0.017533)
(2.60432e-06 -1.39204e-06 0.0175316)
(1.78662e-06 -9.5497e-07 0.0175307)
(1.2001e-06 -6.41466e-07 0.0175301)
(8.574e-07 -4.5829e-07 0.0175296)
(-0.000176967 0.000145233 0.00207398)
(-0.00279711 0.00229553 0.0327414)
(-0.00128831 0.00105729 0.0173905)
(-0.000696332 0.000571465 0.0193899)
(-0.000353777 0.000290337 0.0185286)
(-0.000105663 8.67158e-05 0.0181659)
(1.28945e-05 -1.05822e-05 0.0179205)
(5.49666e-05 -4.51099e-05 0.0177707)
(6.273e-05 -5.14812e-05 0.0176771)
(5.7304e-05 -4.70282e-05 0.0176179)
(4.7866e-05 -3.92826e-05 0.0175794)
(3.8177e-05 -3.1331e-05 0.0175539)
(2.96335e-05 -2.43196e-05 0.0175365)
(2.26092e-05 -1.85549e-05 0.0175246)
(1.70503e-05 -1.39929e-05 0.0175163)
(1.27487e-05 -1.04626e-05 0.0175104)
(9.464e-06 -7.76691e-06 0.0175062)
(6.97385e-06 -5.72329e-06 0.0175032)
(5.09066e-06 -4.1778e-06 0.0175011)
(3.66453e-06 -3.0074e-06 0.0174996)
(2.58211e-06 -2.11909e-06 0.0174986)
(1.76612e-06 -1.44942e-06 0.0174978)
(1.17845e-06 -9.67133e-07 0.0174974)
(8.25672e-07 -6.77611e-07 0.017497)
(-0.00233832 0.0237414 0.00807308)
(-0.000529415 0.00174525 0.01278)
(-0.00559235 0.0104625 0.00399537)
(-0.00438619 0.00534458 0.0181823)
(-0.000645435 0.00655322 0.0158511)
(-0.000925095 0.00304963 0.0291724)
(-0.0011143 0.00208472 0.0392724)
(-0.0015523 0.00189148 0.0277838)
(1.14356e-05 -0.000116108 0.0129696)
(0.000227851 -0.000751124 0.0199379)
(-0.000145604 0.000272405 0.0211429)
(-0.000737035 0.00089808 0.0198557)
(0.000137572 -0.00139679 0.0158452)
(0.000424715 -0.0014001 0.0199023)
(2.12152e-05 -3.96909e-05 0.0210859)
(-0.00049626 0.000604695 0.0203426)
(0.000126538 -0.00128476 0.0168575)
(0.000363378 -0.0011979 0.018911)
(0.000151019 -0.000282537 0.0195271)
(-0.000175183 0.000213461 0.0190579)
(8.85404e-05 -0.000898965 0.0172597)
(0.000248958 -0.000820705 0.0182441)
(0.000164334 -0.000307447 0.0185707)
(-3.21454e-06 3.91693e-06 0.0183993)
(5.68632e-05 -0.000577342 0.0174349)
(0.000158287 -0.000521804 0.0179041)
(0.000136423 -0.00025523 0.0180787)
(6.22036e-05 -7.57953e-05 0.0180145)
(3.5981e-05 -0.000365321 0.0175015)
(0.00010014 -0.000330118 0.0177282)
(0.000104001 -0.000194572 0.01782)
(7.57652e-05 -9.23202e-05 0.0177979)
(2.31561e-05 -0.000235108 0.0175266)
(6.49732e-05 -0.000214188 0.0176388)
(7.73192e-05 -0.000144654 0.0176853)
(6.99672e-05 -8.52553e-05 0.0176762)
(1.53323e-05 -0.000155671 0.0175379)
(4.35735e-05 -0.000143643 0.0175943)
(5.71477e-05 -0.000106916 0.0176149)
(5.84714e-05 -7.12476e-05 0.0176067)
(1.04442e-05 -0.000106042 0.0175447)
(3.00949e-05 -9.92096e-05 0.0175725)
(4.22106e-05 -7.89705e-05 0.0175773)
(4.65578e-05 -5.67308e-05 0.017566)
(7.28055e-06 -7.39206e-05 0.0175498)
(2.12445e-05 -7.00336e-05 0.0175619)
(3.11721e-05 -5.83189e-05 0.0175568)
(3.60649e-05 -4.39452e-05 0.0175414)
(5.16066e-06 -5.23971e-05 0.0175539)
(1.52182e-05 -5.01677e-05 0.017557)
(2.30098e-05 -4.30482e-05 0.0175452)
(2.74651e-05 -3.34664e-05 0.0175261)
(3.69926e-06 -3.75592e-05 0.0175573)
(1.1002e-05 -3.62687e-05 0.0175548)
(1.69715e-05 -3.17515e-05 0.0175385)
(2.06844e-05 -2.52041e-05 0.0175163)
(2.67043e-06 -2.71133e-05 0.0175601)
(7.99638e-06 -2.63605e-05 0.0175539)
(1.25038e-05 -2.3393e-05 0.0175345)
(1.54577e-05 -1.88353e-05 0.0175098)
(1.93529e-06 -1.96493e-05 0.0175624)
(5.82666e-06 -1.92079e-05 0.0175536)
(9.19717e-06 -1.72067e-05 0.017532)
(1.14833e-05 -1.39924e-05 0.0175055)
(1.40434e-06 -1.42585e-05 0.0175641)
(4.24652e-06 -1.39989e-05 0.0175536)
(6.74778e-06 -1.26242e-05 0.0175304)
(8.48466e-06 -1.03386e-05 0.0175025)
(1.01754e-06 -1.03312e-05 0.0175655)
(3.0876e-06 -1.01785e-05 0.0175538)
(4.92996e-06 -9.2233e-06 0.0175294)
(6.23064e-06 -7.59205e-06 0.0175004)
(7.33411e-07 -7.44645e-06 0.0175665)
(2.23166e-06 -7.35679e-06 0.0175539)
(3.57597e-06 -6.69017e-06 0.0175287)
(4.53641e-06 -5.52764e-06 0.017499)
(5.22788e-07 -5.30795e-06 0.0175672)
(1.59437e-06 -5.25593e-06 0.0175541)
(2.56171e-06 -4.79262e-06 0.0175283)
(3.25898e-06 -3.97108e-06 0.017498)
(3.65213e-07 -3.70807e-06 0.0175678)
(1.1161e-06 -3.67927e-06 0.0175542)
(1.79738e-06 -3.36267e-06 0.017528)
(2.29212e-06 -2.79295e-06 0.0174973)
(2.47043e-07 -2.50827e-06 0.0175682)
(7.56986e-07 -2.49545e-06 0.0175543)
(1.22236e-06 -2.28688e-06 0.0175278)
(1.56341e-06 -1.90503e-06 0.0174968)
(1.61228e-07 -1.63697e-06 0.0175685)
(4.9667e-07 -1.6373e-06 0.0175544)
(8.06442e-07 -1.50875e-06 0.0175277)
(1.0377e-06 -1.26444e-06 0.0174966)
(1.08743e-07 -1.10409e-06 0.0175687)
(3.37974e-07 -1.11415e-06 0.0175545)
(5.51734e-07 -1.03222e-06 0.0175276)
(7.16135e-07 -8.72613e-07 0.0174964)
)
;
    }
    procBoundary3to1
    {
        type            processor;
        value           nonuniform List<vector> 
192
(
(0.00275988 -0.000878418 0.0130959)
(-0.00508781 -1.95532e-05 0.00406377)
(-0.00128983 -0.00164739 0.014559)
(-0.00630106 -6.37715e-05 0.00728026)
(-0.00131079 0.000605219 0.0264333)
(-0.000160265 0.0014182 0.0268001)
(0.00133216 0.000905684 0.0265433)
(0.00213368 -0.000232004 0.0254953)
(-0.000347889 -3.18268e-05 0.0179107)
(0.000334944 0.000125977 0.0177354)
(0.00113111 3.92684e-05 0.0175864)
(0.00183638 -0.00020046 0.0163178)
(8.06651e-05 -0.000331411 0.0181958)
(0.000363315 -0.000294677 0.0179591)
(0.000707192 -0.000291343 0.0176589)
(0.00101907 -0.000305987 0.017072)
(0.000200653 -0.000416648 0.0180413)
(0.00030404 -0.00038713 0.0178584)
(0.000416498 -0.000369723 0.0176439)
(0.000505491 -0.000367399 0.0173721)
(0.000207064 -0.000396664 0.017903)
(0.000227047 -0.000376114 0.0177856)
(0.00024204 -0.000364961 0.0176596)
(0.000246951 -0.000366749 0.0175241)
(0.000172452 -0.000333497 0.0178922)
(0.000161156 -0.000322837 0.0178173)
(0.000143926 -0.000316265 0.017743)
(0.000124617 -0.000317992 0.0176665)
(0.000129827 -0.000260813 0.0179148)
(0.0001121 -0.000256353 0.0178662)
(9.07109e-05 -0.00025324 0.0178174)
(6.94978e-05 -0.00025359 0.0177648)
(9.40144e-05 -0.000197672 0.0179387)
(7.89292e-05 -0.000196025 0.0179053)
(6.14855e-05 -0.000194179 0.0178691)
(4.44475e-05 -0.000193213 0.0178261)
(6.72058e-05 -0.000147491 0.0179576)
(5.63949e-05 -0.000146871 0.0179332)
(4.39473e-05 -0.000145449 0.0179036)
(3.16128e-05 -0.000143784 0.0178647)
(4.80115e-05 -0.000109195 0.0179711)
(4.0771e-05 -0.000108874 0.0179521)
(3.23269e-05 -0.000107638 0.0179263)
(2.3728e-05 -0.000105798 0.0178895)
(3.44479e-05 -8.05223e-05 0.0179802)
(2.97142e-05 -8.02609e-05 0.0179647)
(2.40672e-05 -7.91772e-05 0.0179413)
(1.81276e-05 -7.74592e-05 0.0179058)
(2.48454e-05 -5.92461e-05 0.0179863)
(2.17609e-05 -5.89926e-05 0.0179731)
(1.79759e-05 -5.8068e-05 0.0179513)
(1.3861e-05 -5.65971e-05 0.0179169)
(1.79969e-05 -4.35275e-05 0.0179905)
(1.59745e-05 -4.32844e-05 0.0179788)
(1.3415e-05 -4.25199e-05 0.0179582)
(1.05439e-05 -4.13224e-05 0.0179245)
(1.30731e-05 -3.19389e-05 0.0179933)
(1.17339e-05 -3.17176e-05 0.0179827)
(9.98473e-06 -3.11022e-05 0.017963)
(7.96642e-06 -3.01577e-05 0.0179298)
(9.50853e-06 -2.3401e-05 0.0179952)
(8.61212e-06 -2.32094e-05 0.0179855)
(7.40499e-06 -2.27245e-05 0.0179663)
(5.97714e-06 -2.19953e-05 0.0179337)
(6.91298e-06 -1.71075e-05 0.0179965)
(6.30692e-06 -1.69481e-05 0.0179874)
(5.4673e-06 -1.65728e-05 0.0179687)
(4.45275e-06 -1.60184e-05 0.0179364)
(5.01288e-06 -1.2459e-05 0.0179974)
(4.59987e-06 -1.23306e-05 0.0179887)
(4.01294e-06 -1.20448e-05 0.0179704)
(3.29088e-06 -1.1629e-05 0.0179383)
(3.61384e-06 -9.01176e-06 0.0179981)
(3.33121e-06 -8.91141e-06 0.0179897)
(2.92057e-06 -8.69724e-06 0.0179716)
(2.40783e-06 -8.38971e-06 0.0179397)
(2.57749e-06 -6.43876e-06 0.0179985)
(2.38441e-06 -6.3626e-06 0.0179903)
(2.09859e-06 -6.20533e-06 0.0179724)
(1.73735e-06 -5.98187e-06 0.0179408)
(1.808e-06 -4.50338e-06 0.0179988)
(1.67737e-06 -4.4475e-06 0.0179908)
(1.48095e-06 -4.33509e-06 0.017973)
(1.23022e-06 -4.17686e-06 0.0179415)
(1.24517e-06 -3.04422e-06 0.0179991)
(1.15813e-06 -3.0047e-06 0.0179911)
(1.02546e-06 -2.92723e-06 0.0179735)
(8.54648e-07 -2.81923e-06 0.0179419)
(8.60859e-07 -1.97579e-06 0.0179992)
(8.02848e-07 -1.9487e-06 0.0179913)
(7.13184e-07 -1.89741e-06 0.0179737)
(5.967e-07 -1.82705e-06 0.0179423)
(6.48129e-07 -1.31918e-06 0.0179993)
(6.05815e-07 -1.29927e-06 0.0179915)
(5.39714e-07 -1.26335e-06 0.017974)
(4.53719e-07 -1.21516e-06 0.0179426)
(-0.000566764 -0.000262108 0.00681131)
(0.00255481 0.00341498 0.00187767)
(0.00263487 0.00334775 0.00244501)
(-3.75163e-05 0.00720314 0.0118465)
(0.00260146 -0.000271757 0.0227615)
(0.00233529 2.74239e-05 0.021071)
(0.000730029 0.0015365 0.0147038)
(-0.000123232 0.00320887 0.0137904)
(0.00220832 -6.81396e-05 0.0150478)
(0.00212149 0.000251745 0.0134501)
(0.00127893 0.000913107 0.0113783)
(0.000440487 0.00153446 0.0108416)
(0.00121515 -0.000238594 0.0164317)
(0.00125703 -8.76128e-05 0.015606)
(0.000956355 0.000128669 0.0146922)
(0.000375842 0.000305533 0.0142296)
(0.000565868 -0.000360565 0.0170715)
(0.000574903 -0.000326859 0.0166939)
(0.000447186 -0.000278907 0.016245)
(0.000163992 -0.000240722 0.0158854)
(0.000249552 -0.00037718 0.0173729)
(0.00023677 -0.00037907 0.0171833)
(0.000176361 -0.000375739 0.0169492)
(5.11739e-05 -0.000371132 0.0167184)
(0.000109615 -0.000326362 0.0175764)
(9.28972e-05 -0.000331231 0.0174594)
(6.2812e-05 -0.000333345 0.0173093)
(7.39742e-06 -0.000333375 0.017137)
(5.26253e-05 -0.000256932 0.0176976)
(3.75055e-05 -0.00025816 0.0176068)
(2.00901e-05 -0.000257819 0.0174859)
(-6.34583e-06 -0.000256834 0.0173347)
(3.02769e-05 -0.000193073 0.0177669)
(1.78686e-05 -0.000191418 0.0176848)
(6.01251e-06 -0.000188889 0.0175737)
(-8.60494e-06 -0.000186779 0.0174296)
(2.07867e-05 -0.000142004 0.0178084)
(1.10201e-05 -0.000139113 0.017729)
(2.16354e-06 -0.000135758 0.0176208)
(-7.32641e-06 -0.000133265 0.0174788)
(1.57497e-05 -0.000103544 0.0178344)
(8.23171e-06 -0.000100491 0.017756)
(1.3905e-06 -9.72022e-05 0.0176486)
(-5.46505e-06 -9.4841e-05 0.0175071)
(1.23237e-05 -7.53028e-05 0.0178515)
(6.61697e-06 -7.25816e-05 0.0177736)
(1.31423e-06 -6.97473e-05 0.0176665)
(-3.87981e-06 -6.77389e-05 0.0175249)
(9.6538e-06 -5.47553e-05 0.0178631)
(5.36299e-06 -5.25192e-05 0.0177856)
(1.28232e-06 -5.02337e-05 0.0176786)
(-2.70566e-06 -4.86215e-05 0.0175369)
(7.4942e-06 -3.98384e-05 0.0178712)
(4.28976e-06 -3.80803e-05 0.0177941)
(1.17846e-06 -3.63046e-05 0.0176872)
(-1.87899e-06 -3.50534e-05 0.0175455)
(5.75392e-06 -2.90011e-05 0.017877)
(3.37305e-06 -2.76542e-05 0.0178002)
(1.02128e-06 -2.63048e-05 0.0176935)
(-1.30745e-06 -2.53537e-05 0.0175518)
(4.37118e-06 -2.11125e-05 0.0178812)
(2.61001e-06 -2.00973e-05 0.0178046)
(8.46097e-07 -1.90862e-05 0.017698)
(-9.13622e-07 -1.8373e-05 0.0175564)
(3.28773e-06 -1.53543e-05 0.0178842)
(1.99081e-06 -1.4598e-05 0.0178079)
(6.77543e-07 -1.3848e-05 0.0177014)
(-6.41201e-07 -1.33184e-05 0.0175598)
(2.44784e-06 -1.11354e-05 0.0178864)
(1.49814e-06 -1.05774e-05 0.0178102)
(5.28135e-07 -1.0026e-05 0.0177039)
(-4.51244e-07 -9.63632e-06 0.0175623)
(1.80125e-06 -8.02739e-06 0.017888)
(1.11146e-06 -7.62021e-06 0.017812)
(4.02146e-07 -7.219e-06 0.0177057)
(-3.17264e-07 -6.93513e-06 0.0175642)
(1.30559e-06 -5.7203e-06 0.0178891)
(8.10886e-07 -5.4277e-06 0.0178132)
(2.99455e-07 -5.14004e-06 0.017707)
(-2.21275e-07 -4.93622e-06 0.0175655)
(9.28194e-07 -3.99267e-06 0.0178899)
(5.80025e-07 -3.78739e-06 0.0178141)
(2.18508e-07 -3.58601e-06 0.017708)
(-1.51002e-07 -3.44297e-06 0.0175665)
(6.47715e-07 -2.6943e-06 0.0178905)
(4.08042e-07 -2.55559e-06 0.0178147)
(1.58272e-07 -2.41999e-06 0.0177086)
(-9.81632e-08 -2.32313e-06 0.0175671)
(4.55016e-07 -1.74635e-06 0.0178908)
(2.90946e-07 -1.65715e-06 0.0178151)
(1.20017e-07 -1.57087e-06 0.0177091)
(-5.75442e-08 -1.5086e-06 0.0175676)
(3.50285e-07 -1.16034e-06 0.0178912)
(2.27694e-07 -1.10221e-06 0.0178155)
(9.48369e-08 -1.0464e-06 0.0177094)
(-3.54557e-08 -1.00327e-06 0.017568)
)
;
    }
    procBoundary3to2
    {
        type            processor;
        value           nonuniform List<vector> 
192
(
(0.000460679 0.00025147 0.00157176)
(0.00118703 0.000565275 0.00494422)
(0.00062178 0.000597319 0.00435984)
(-0.000387833 0.00176349 0.00426912)
(-0.00213417 0.000327982 0.0317302)
(-0.00221562 0.000242232 0.0295506)
(-0.0018168 -0.000248801 0.0292194)
(-0.00231009 -0.00190286 0.0266865)
(-0.000660353 -4.57299e-05 0.0175387)
(-0.00075952 6.44071e-05 0.017418)
(-0.000835144 6.88622e-05 0.0171268)
(-0.00119034 -0.000300788 0.0167639)
(-9.88711e-05 -0.000257501 0.0183728)
(-0.000182045 -0.000107084 0.0184476)
(-0.000327124 3.21145e-05 0.0183397)
(-0.000565268 3.86302e-05 0.01811)
(0.000113373 -0.000368509 0.0183266)
(6.00437e-05 -0.000253232 0.0184141)
(-3.48933e-05 -0.000130257 0.0184)
(-0.000161747 -6.47733e-05 0.0182915)
(0.000179777 -0.000374442 0.0181202)
(0.000149293 -0.000303597 0.0181971)
(9.59434e-05 -0.000221222 0.0182224)
(3.10223e-05 -0.000160289 0.0181975)
(0.000171511 -0.000321841 0.0180473)
(0.000153455 -0.000282785 0.0181104)
(0.000123764 -0.000232793 0.018144)
(9.00011e-05 -0.000186759 0.0181465)
(0.000136324 -0.000254415 0.0180238)
(0.000124844 -0.000232946 0.0180719)
(0.000107797 -0.00020256 0.0181007)
(8.95036e-05 -0.000169538 0.0181066)
(0.000100263 -0.000193454 0.0180153)
(9.25713e-05 -0.000180758 0.0180504)
(8.21697e-05 -0.000161091 0.0180707)
(7.14762e-05 -0.000137187 0.0180716)
(7.15135e-05 -0.000144539 0.0180119)
(6.62769e-05 -0.000136383 0.0180366)
(5.9671e-05 -0.000122916 0.0180485)
(5.30423e-05 -0.000105438 0.0180429)
(5.06328e-05 -0.00010715 0.0180099)
(4.70789e-05 -0.000101592 0.0180265)
(4.27887e-05 -9.20425e-05 0.0180314)
(3.85263e-05 -7.91953e-05 0.0180198)
(3.59566e-05 -7.91386e-05 0.0180082)
(3.35604e-05 -7.5221e-05 0.0180186)
(3.07379e-05 -6.83241e-05 0.0180179)
(2.79348e-05 -5.88651e-05 0.0180015)
(2.56921e-05 -5.83305e-05 0.0180066)
(2.40821e-05 -5.5519e-05 0.0180124)
(2.2207e-05 -5.04957e-05 0.0180075)
(2.03348e-05 -4.35321e-05 0.0179872)
(1.84667e-05 -4.29317e-05 0.0180053)
(1.73845e-05 -4.08959e-05 0.0180075)
(1.61275e-05 -3.72239e-05 0.0179994)
(1.48617e-05 -3.21017e-05 0.0179763)
(1.33324e-05 -3.1556e-05 0.0180041)
(1.26024e-05 -3.00758e-05 0.0180038)
(1.17524e-05 -2.73886e-05 0.0179933)
(1.08876e-05 -2.36253e-05 0.0179681)
(9.65101e-06 -2.31572e-05 0.0180031)
(9.15635e-06 -2.20797e-05 0.0180009)
(8.57671e-06 -2.01138e-05 0.0179886)
(7.98076e-06 -1.73533e-05 0.0179619)
(6.99082e-06 -1.69533e-05 0.0180023)
(6.65393e-06 -1.61694e-05 0.0179987)
(6.25591e-06 -1.47338e-05 0.0179852)
(5.8424e-06 -1.27137e-05 0.0179572)
(5.05497e-06 -1.23619e-05 0.0180017)
(4.82464e-06 -1.17935e-05 0.0179971)
(4.55e-06 -1.07488e-05 0.0179826)
(4.26188e-06 -9.27659e-06 0.0179538)
(3.63626e-06 -8.95087e-06 0.0180013)
(3.4786e-06 -8.54129e-06 0.0179959)
(3.28885e-06 -7.78632e-06 0.0179807)
(3.08803e-06 -6.72095e-06 0.0179513)
(2.58923e-06 -6.40087e-06 0.0180009)
(2.48175e-06 -6.10926e-06 0.017995)
(2.35123e-06 -5.57034e-06 0.0179793)
(2.21205e-06 -4.809e-06 0.0179495)
(1.81415e-06 -4.4802e-06 0.0180007)
(1.74184e-06 -4.27688e-06 0.0179944)
(1.65325e-06 -3.9003e-06 0.0179783)
(1.55814e-06 -3.36781e-06 0.0179482)
(1.24876e-06 -3.03054e-06 0.0180005)
(1.20133e-06 -2.89332e-06 0.017994)
(1.14255e-06 -2.63882e-06 0.0179776)
(1.07896e-06 -2.27879e-06 0.0179473)
(8.63931e-07 -1.9681e-06 0.0180004)
(8.33779e-07 -1.87863e-06 0.0179937)
(7.95683e-07 -1.71299e-06 0.0179772)
(7.53968e-07 -1.4788e-06 0.0179467)
(6.51667e-07 -1.3142e-06 0.0180003)
(6.31151e-07 -1.25301e-06 0.0179934)
(6.04152e-07 -1.14129e-06 0.0179768)
(5.7359e-07 -9.84912e-07 0.0179462)
(-0.00725049 0.00286572 0.0141536)
(-0.0109731 -0.0008861 0.0170814)
(0.00446011 -0.000211876 0.0179122)
(0.0131547 0.00509332 0.00437903)
(-0.00415792 -0.00265029 0.0231758)
(-0.00390261 -0.00205213 0.0224906)
(0.00102951 0.000715024 0.0246837)
(0.00287246 0.00195266 0.0228374)
(-0.00166849 -0.000637465 0.0169921)
(-0.00147947 -0.000678014 0.0175455)
(-0.000426398 -7.92103e-05 0.0182971)
(2.02291e-05 0.000291708 0.0170442)
(-0.000775069 -9.36307e-05 0.0180111)
(-0.000752067 -0.000213929 0.01809)
(-0.000496511 -8.17127e-05 0.0182992)
(-0.000354486 2.95591e-05 0.0180706)
(-0.000261434 -8.54915e-05 0.0181926)
(-0.000276727 -0.000126014 0.0181785)
(-0.000218484 -8.40754e-05 0.0182157)
(-0.00016675 -1.96104e-05 0.0180923)
(-1.75542e-05 -0.000135619 0.0181612)
(-3.23867e-05 -0.000122033 0.0181412)
(-1.74915e-05 -8.18455e-05 0.0181146)
(2.76328e-06 -2.23508e-05 0.0180053)
(6.54841e-05 -0.000151323 0.0181298)
(5.58018e-05 -0.000117753 0.0180988)
(5.90213e-05 -7.32167e-05 0.0180398)
(6.65619e-05 -1.8041e-05 0.0179237)
(7.62983e-05 -0.000136541 0.01809)
(6.99146e-05 -0.000101344 0.0180483)
(6.95271e-05 -6.0449e-05 0.0179719)
(7.15465e-05 -1.42182e-05 0.0178475)
(6.36583e-05 -0.00011025 0.0180493)
(5.91518e-05 -8.03114e-05 0.017999)
(5.76669e-05 -4.70672e-05 0.0179127)
(5.74901e-05 -1.10927e-05 0.0177826)
(4.80277e-05 -8.46164e-05 0.0180142)
(4.46861e-05 -6.11192e-05 0.0179572)
(4.30061e-05 -3.55627e-05 0.0178647)
(4.21068e-05 -8.53814e-06 0.0177311)
(3.51625e-05 -6.34979e-05 0.0179856)
(3.26592e-05 -4.56846e-05 0.0179236)
(3.11327e-05 -2.65122e-05 0.0178271)
(3.01139e-05 -6.49084e-06 0.0176911)
(2.56273e-05 -4.71754e-05 0.0179629)
(2.37618e-05 -3.38816e-05 0.0178973)
(2.24967e-05 -1.96485e-05 0.0177982)
(2.15771e-05 -4.88524e-06 0.0176606)
(1.87326e-05 -3.48824e-05 0.0179454)
(1.73529e-05 -2.50362e-05 0.0178772)
(1.63529e-05 -1.45195e-05 0.0177762)
(1.55929e-05 -3.64935e-06 0.0176375)
(1.37402e-05 -2.57249e-05 0.0179321)
(1.2726e-05 -1.84614e-05 0.0178619)
(1.19567e-05 -1.07098e-05 0.0177596)
(1.13557e-05 -2.71134e-06 0.0176202)
(1.0098e-05 -1.89355e-05 0.017922)
(9.35558e-06 -1.35908e-05 0.0178504)
(8.77368e-06 -7.88721e-06 0.0177471)
(8.31038e-06 -2.00623e-06 0.0176072)
(7.42228e-06 -1.39116e-05 0.0179144)
(6.88052e-06 -9.98728e-06 0.0178418)
(6.44545e-06 -5.79807e-06 0.0177378)
(6.09429e-06 -1.4794e-06 0.0175975)
(5.44622e-06 -1.01946e-05 0.0179088)
(5.05216e-06 -7.32081e-06 0.0178354)
(4.72981e-06 -4.25147e-06 0.017731)
(4.46699e-06 -1.08701e-06 0.0175904)
(3.98065e-06 -7.44033e-06 0.0179047)
(3.69524e-06 -5.34444e-06 0.0178307)
(3.45847e-06 -3.10468e-06 0.0177259)
(3.26395e-06 -7.94921e-07 0.0175851)
(2.88898e-06 -5.39194e-06 0.0179016)
(2.6837e-06 -3.87418e-06 0.0178273)
(2.51157e-06 -2.25126e-06 0.0177222)
(2.36932e-06 -5.76978e-07 0.0175812)
(2.07237e-06 -3.8591e-06 0.0178994)
(1.92645e-06 -2.77365e-06 0.0178248)
(1.8031e-06 -1.6123e-06 0.0177195)
(1.70063e-06 -4.13421e-07 0.0175784)
(1.46173e-06 -2.70335e-06 0.0178978)
(1.35995e-06 -1.94362e-06 0.017823)
(1.27334e-06 -1.13024e-06 0.0177175)
(1.20103e-06 -2.89571e-07 0.0175764)
(1.01393e-06 -1.82953e-06 0.0178968)
(9.44661e-07 -1.31562e-06 0.0178218)
(8.85328e-07 -7.65254e-07 0.0177162)
(8.35495e-07 -1.94983e-07 0.017575)
(7.10887e-07 -1.18663e-06 0.017896)
(6.64503e-07 -8.53092e-07 0.017821)
(6.24603e-07 -4.97052e-07 0.0177153)
(5.91156e-07 -1.24514e-07 0.0175741)
(5.41125e-07 -7.91648e-07 0.0178955)
(5.07582e-07 -5.66614e-07 0.0178204)
(4.78218e-07 -3.1919e-07 0.0177147)
(4.54096e-07 -7.15597e-08 0.0175734)
)
;
    }
}


// ************************************************************************* //
