FoamFile
{version 2.0; format ascii;class Cloud<passiveParticle>; location 0;object  positions;}
21
(
( 0.0100762 -0.00800426 0.000920532 ) 0 
( 0.0118391 -0.00395161 0.000678663 ) 0 
( 0.00818745 -0.00871558 0.000680485 ) 0 
( 0.00193164 -0.000217353 0.00069551 ) 0 
( 0.000149473 -0.00473789 0.000721852 ) 0 
( 0.012905 -6.29761e-05 0.00114552 ) 0 
( 0.00666806 -0.00126101 0.000700664 ) 0 
( 0.00396312 -0.0122197 0.00111894 ) 0 
( 0.00962552 -0.00378627 0.000678033 ) 0 
( 0.000140061 -0.0072472 0.000694079 ) 0 
( 0.00530909 -0.00355519 0.000678013 ) 0 
( 0.00048729 -0.0131377 0.000797214 ) 0 
( 0.00480775 -0.00729447 0.000910173 ) 0 
( 0.00838609 -0.0101239 0.000699182 ) 0 
( 0.0089374 -0.00502755 0.000700446 ) 0 
( 0.00519015 -0.00566326 0.000681717 ) 0 
( 0.00487426 -0.0108604 0.000684006 ) 0 
( 0.00675627 -0.00706008 0.000688171 ) 0 
( 0.0109186 -0.00222699 0.000682668 ) 0 
( 0.0103706 -0.000866274 0.000696165 ) 0 
( 0.00828945 -0.000645129 0.000681661 ) 0 
)
