FoamFile
{version 2.0; format ascii;class Cloud<passiveParticle>; location 0;object  positions;}
24
(
( 0.00238183 0.00531929 0.000693055 ) 0 
( 0.000871153 0.00613574 0.000698876 ) 0 
( 0.000509519 0.0131597 0.000683077 ) 0 
( 0.0128659 0.000203362 0.00110132 ) 0 
( 0.0109672 0.00174628 0.000833002 ) 0 
( 0.00324393 0.00115918 0.000679078 ) 0 
( 0.00513321 0.010991 0.00101347 ) 0 
( 0.00563163 0.00945285 0.000679092 ) 0 
( 0.00559998 0.00188305 0.000677987 ) 0 
( 0.00509107 0.00806186 0.000683484 ) 0 
( 0.00362097 0.00428428 0.000679994 ) 0 
( 0.00734326 0.0104491 0.00105131 ) 0 
( 0.00366158 0.00258884 0.000680079 ) 0 
( 0.00397161 0.00708177 0.000682053 ) 0 
( 0.00877179 0.00946988 0.000686604 ) 0 
( 0.00697329 0.000942321 0.000680733 ) 0 
( 0.000814492 0.00373603 0.000679609 ) 0 
( 0.0116494 0.00586741 0.000740903 ) 0 
( 0.00751184 0.00449898 0.000681261 ) 0 
( 0.00873873 0.00182465 0.00067956 ) 0 
( 0.0100842 0.00391939 0.000678833 ) 0 
( 0.00933286 0.00599513 0.000714872 ) 0 
( 0.00321431 0.012477 0.000697381 ) 0 
( 0.0023298 0.0109157 0.000690637 ) 0 
)
