/*--------------------------------*- C++ -*----------------------------------*\
  =========                 |
  \\      /  F ield         | OpenFOAM: The Open Source CFD Toolbox
   \\    /   O peration     | Website:  https://openfoam.org
    \\  /    A nd           | Version:  6
     \\/     M anipulation  |
\*---------------------------------------------------------------------------*/
FoamFile
{
    version     2.0;
    format      ascii;
    class       volScalarField;
    location    "0.03";
    object      p;
}
// * * * * * * * * * * * * * * * * * * * * * * * * * * * * * * * * * * * * * //

dimensions      [0 2 -2 0 0 0 0];

internalField   nonuniform List<scalar> 
1152
(
1.00652
1.0077
1.01157
1.01212
1.01155
1.00402
1.00766
1.01222
1.00999
1.00937
1.00885
1.01383
1.00806
1.01372
1.01727
1.0085
1.0086
1.00833
1.00891
1.00932
1.00854
1.00796
1.00815
1.00885
1.00856
1.00829
1.00823
1.0086
1.00818
1.00852
1.00866
1.00856
1.00903
1.00887
1.0089
1.00897
1.00893
1.00879
1.00876
1.00886
1.0089
1.00881
1.00879
1.00881
1.00886
1.0089
1.0089
1.0089
1.00856
1.00851
1.00852
1.00852
1.00854
1.00848
1.00848
1.00849
1.00854
1.00851
1.0085
1.00849
1.00856
1.00857
1.00856
1.00851
1.00816
1.00814
1.00813
1.00812
1.00816
1.00813
1.00812
1.0081
1.00817
1.00815
1.00813
1.00811
1.00819
1.00819
1.00817
1.00814
1.00776
1.00774
1.00773
1.00771
1.00776
1.00775
1.00773
1.00771
1.00777
1.00776
1.00774
1.00772
1.0078
1.00779
1.00777
1.00775
1.00735
1.00734
1.00732
1.00731
1.00735
1.00734
1.00733
1.00731
1.00737
1.00735
1.00734
1.00732
1.00738
1.00738
1.00736
1.00734
1.00693
1.00692
1.00691
1.0069
1.00694
1.00693
1.00692
1.00691
1.00695
1.00694
1.00693
1.00692
1.00696
1.00696
1.00694
1.00693
1.00651
1.00651
1.0065
1.00649
1.00652
1.00651
1.0065
1.00649
1.00653
1.00652
1.00651
1.0065
1.00654
1.00653
1.00652
1.00651
1.0061
1.00609
1.00608
1.00608
1.0061
1.0061
1.00609
1.00608
1.00611
1.0061
1.0061
1.00609
1.00612
1.00611
1.0061
1.0061
1.00568
1.00567
1.00567
1.00566
1.00568
1.00568
1.00567
1.00566
1.00569
1.00568
1.00568
1.00567
1.00569
1.00569
1.00568
1.00568
1.00526
1.00525
1.00525
1.00524
1.00526
1.00526
1.00525
1.00525
1.00526
1.00526
1.00526
1.00525
1.00527
1.00527
1.00526
1.00526
1.00484
1.00483
1.00483
1.00483
1.00484
1.00484
1.00483
1.00483
1.00484
1.00484
1.00484
1.00483
1.00485
1.00484
1.00484
1.00484
1.00442
1.00441
1.00441
1.00441
1.00442
1.00442
1.00441
1.00441
1.00442
1.00442
1.00442
1.00441
1.00442
1.00442
1.00442
1.00442
1.004
1.00399
1.00399
1.00399
1.004
1.004
1.00399
1.00399
1.004
1.004
1.004
1.00399
1.004
1.004
1.004
1.004
1.00357
1.00357
1.00357
1.00357
1.00358
1.00357
1.00357
1.00357
1.00358
1.00358
1.00357
1.00357
1.00358
1.00358
1.00358
1.00357
1.00315
1.00315
1.00315
1.00315
1.00315
1.00315
1.00315
1.00315
1.00316
1.00316
1.00315
1.00315
1.00316
1.00316
1.00316
1.00315
1.00273
1.00273
1.00273
1.00273
1.00273
1.00273
1.00273
1.00273
1.00273
1.00273
1.00273
1.00273
1.00274
1.00274
1.00273
1.00273
1.00231
1.00231
1.00231
1.00231
1.00231
1.00231
1.00231
1.00231
1.00231
1.00231
1.00231
1.00231
1.00231
1.00231
1.00231
1.00231
1.00189
1.00189
1.00189
1.00189
1.00189
1.00189
1.00189
1.00189
1.00189
1.00189
1.00189
1.00189
1.00189
1.00189
1.00189
1.00189
1.00147
1.00147
1.00147
1.00147
1.00147
1.00147
1.00147
1.00147
1.00147
1.00147
1.00147
1.00147
1.00147
1.00147
1.00147
1.00147
1.00105
1.00105
1.00105
1.00105
1.00105
1.00105
1.00105
1.00105
1.00105
1.00105
1.00105
1.00105
1.00105
1.00105
1.00105
1.00105
1.00063
1.00063
1.00063
1.00063
1.00063
1.00063
1.00063
1.00063
1.00063
1.00063
1.00063
1.00063
1.00063
1.00063
1.00063
1.00063
1.00021
1.00021
1.00021
1.00021
1.00021
1.00021
1.00021
1.00021
1.00021
1.00021
1.00021
1.00021
1.00021
1.00021
1.00021
1.00021
1.01149
1.01185
1.01375
1.01119
1.013
1.01179
1.0116
1.01167
1.01697
1.01239
1.01453
1.01644
1.00064
1.01115
1.00841
1.00324
1.00921
1.00915
1.00881
1.00877
1.00868
1.00908
1.00917
1.00897
1.00882
1.00906
1.00894
1.00875
1.00826
1.00885
1.00871
1.00789
1.0093
1.00926
1.00922
1.00918
1.00926
1.00922
1.00919
1.0091
1.0093
1.0092
1.00908
1.00897
1.00879
1.00889
1.00893
1.0088
1.00863
1.00863
1.00861
1.00858
1.00866
1.00866
1.00863
1.00859
1.00869
1.00867
1.00864
1.00858
1.00849
1.00855
1.00856
1.00855
1.00821
1.0082
1.00819
1.00818
1.00822
1.00822
1.0082
1.00818
1.00823
1.00822
1.00821
1.00818
1.00818
1.00819
1.0082
1.00819
1.00778
1.00778
1.00777
1.00777
1.00779
1.00779
1.00778
1.00777
1.0078
1.0078
1.00779
1.00778
1.0078
1.0078
1.00781
1.0078
1.00736
1.00736
1.00735
1.00735
1.00737
1.00737
1.00737
1.00736
1.00738
1.00738
1.00738
1.00737
1.00739
1.00739
1.00739
1.00739
1.00694
1.00694
1.00694
1.00694
1.00695
1.00695
1.00695
1.00694
1.00696
1.00696
1.00696
1.00695
1.00697
1.00697
1.00697
1.00697
1.00652
1.00652
1.00652
1.00652
1.00653
1.00653
1.00653
1.00652
1.00654
1.00654
1.00654
1.00653
1.00655
1.00655
1.00655
1.00655
1.0061
1.0061
1.0061
1.0061
1.00611
1.00611
1.00611
1.0061
1.00611
1.00611
1.00611
1.00611
1.00612
1.00612
1.00612
1.00612
1.00568
1.00568
1.00568
1.00568
1.00569
1.00568
1.00568
1.00568
1.00569
1.00569
1.00569
1.00569
1.0057
1.0057
1.0057
1.0057
1.00526
1.00526
1.00526
1.00526
1.00526
1.00526
1.00526
1.00526
1.00527
1.00527
1.00527
1.00527
1.00527
1.00527
1.00527
1.00527
1.00484
1.00484
1.00484
1.00484
1.00484
1.00484
1.00484
1.00484
1.00485
1.00485
1.00484
1.00484
1.00485
1.00485
1.00485
1.00485
1.00442
1.00442
1.00442
1.00442
1.00442
1.00442
1.00442
1.00442
1.00442
1.00442
1.00442
1.00442
1.00443
1.00443
1.00443
1.00442
1.004
1.004
1.004
1.004
1.004
1.004
1.004
1.004
1.004
1.004
1.004
1.004
1.004
1.004
1.004
1.004
1.00358
1.00358
1.00358
1.00358
1.00358
1.00358
1.00358
1.00358
1.00358
1.00358
1.00358
1.00358
1.00358
1.00358
1.00358
1.00358
1.00315
1.00315
1.00315
1.00315
1.00316
1.00316
1.00316
1.00316
1.00316
1.00316
1.00316
1.00316
1.00316
1.00316
1.00316
1.00316
1.00273
1.00273
1.00273
1.00273
1.00274
1.00273
1.00273
1.00273
1.00274
1.00274
1.00274
1.00274
1.00274
1.00274
1.00274
1.00274
1.00231
1.00231
1.00231
1.00231
1.00231
1.00231
1.00231
1.00231
1.00231
1.00231
1.00231
1.00231
1.00232
1.00232
1.00232
1.00231
1.00189
1.00189
1.00189
1.00189
1.00189
1.00189
1.00189
1.00189
1.00189
1.00189
1.00189
1.00189
1.00189
1.00189
1.00189
1.00189
1.00147
1.00147
1.00147
1.00147
1.00147
1.00147
1.00147
1.00147
1.00147
1.00147
1.00147
1.00147
1.00147
1.00147
1.00147
1.00147
1.00105
1.00105
1.00105
1.00105
1.00105
1.00105
1.00105
1.00105
1.00105
1.00105
1.00105
1.00105
1.00105
1.00105
1.00105
1.00105
1.00063
1.00063
1.00063
1.00063
1.00063
1.00063
1.00063
1.00063
1.00063
1.00063
1.00063
1.00063
1.00063
1.00063
1.00063
1.00063
1.00021
1.00021
1.00021
1.00021
1.00021
1.00021
1.00021
1.00021
1.00021
1.00021
1.00021
1.00021
1.00021
1.00021
1.00021
1.00021
1.01077
1.01544
1.01739
1.00768
1.01041
1.00916
1.01262
1.00861
1.01301
1.00898
1.01038
1.01113
1.01483
1.00937
1.0101
1.01189
1.00841
1.00877
1.00974
1.00911
1.00838
1.00851
1.00926
1.00898
1.00842
1.00863
1.00913
1.00898
1.00863
1.00868
1.00901
1.0091
1.00922
1.00927
1.00944
1.00901
1.00916
1.0091
1.00921
1.00899
1.00916
1.00905
1.00908
1.00896
1.00914
1.00899
1.009
1.00897
1.00859
1.00864
1.00875
1.0086
1.0086
1.00861
1.00868
1.0086
1.0086
1.00858
1.00861
1.00858
1.00858
1.00855
1.00856
1.00855
1.0082
1.0082
1.00823
1.00818
1.00819
1.00819
1.00821
1.00817
1.00819
1.00817
1.00818
1.00816
1.00818
1.00815
1.00815
1.00813
1.00777
1.00777
1.00777
1.00775
1.00777
1.00776
1.00776
1.00775
1.00777
1.00776
1.00775
1.00774
1.00776
1.00775
1.00774
1.00772
1.00735
1.00734
1.00734
1.00733
1.00735
1.00734
1.00734
1.00732
1.00735
1.00734
1.00733
1.00732
1.00735
1.00734
1.00733
1.00731
1.00693
1.00692
1.00692
1.00691
1.00693
1.00692
1.00692
1.0069
1.00693
1.00692
1.00691
1.0069
1.00693
1.00692
1.00691
1.0069
1.00651
1.0065
1.0065
1.00649
1.00651
1.0065
1.0065
1.00649
1.00651
1.0065
1.0065
1.00649
1.00651
1.0065
1.0065
1.00649
1.00609
1.00609
1.00608
1.00607
1.00609
1.00609
1.00608
1.00607
1.00609
1.00609
1.00608
1.00607
1.00609
1.00609
1.00608
1.00607
1.00567
1.00567
1.00566
1.00566
1.00567
1.00567
1.00566
1.00566
1.00567
1.00567
1.00566
1.00566
1.00567
1.00567
1.00566
1.00566
1.00525
1.00525
1.00524
1.00524
1.00525
1.00525
1.00524
1.00524
1.00525
1.00525
1.00525
1.00524
1.00525
1.00525
1.00525
1.00524
1.00483
1.00483
1.00483
1.00482
1.00483
1.00483
1.00483
1.00482
1.00483
1.00483
1.00483
1.00482
1.00483
1.00483
1.00483
1.00483
1.00441
1.00441
1.00441
1.00441
1.00441
1.00441
1.00441
1.00441
1.00441
1.00441
1.00441
1.00441
1.00441
1.00441
1.00441
1.00441
1.00399
1.00399
1.00399
1.00399
1.00399
1.00399
1.00399
1.00399
1.00399
1.00399
1.00399
1.00399
1.00399
1.00399
1.00399
1.00399
1.00357
1.00357
1.00357
1.00357
1.00357
1.00357
1.00357
1.00357
1.00357
1.00357
1.00357
1.00357
1.00357
1.00357
1.00357
1.00357
1.00315
1.00315
1.00315
1.00315
1.00315
1.00315
1.00315
1.00315
1.00315
1.00315
1.00315
1.00315
1.00315
1.00315
1.00315
1.00315
1.00273
1.00273
1.00273
1.00273
1.00273
1.00273
1.00273
1.00273
1.00273
1.00273
1.00273
1.00273
1.00273
1.00273
1.00273
1.00273
1.00231
1.00231
1.00231
1.00231
1.00231
1.00231
1.00231
1.00231
1.00231
1.00231
1.00231
1.00231
1.00231
1.00231
1.00231
1.00231
1.00189
1.00189
1.00189
1.00189
1.00189
1.00189
1.00189
1.00189
1.00189
1.00189
1.00189
1.00189
1.00189
1.00189
1.00189
1.00189
1.00147
1.00147
1.00147
1.00147
1.00147
1.00147
1.00147
1.00147
1.00147
1.00147
1.00147
1.00147
1.00147
1.00147
1.00147
1.00147
1.00105
1.00105
1.00105
1.00105
1.00105
1.00105
1.00105
1.00105
1.00105
1.00105
1.00105
1.00105
1.00105
1.00105
1.00105
1.00105
1.00063
1.00063
1.00063
1.00063
1.00063
1.00063
1.00063
1.00063
1.00063
1.00063
1.00063
1.00063
1.00063
1.00063
1.00063
1.00063
1.00021
1.00021
1.00021
1.00021
1.00021
1.00021
1.00021
1.00021
1.00021
1.00021
1.00021
1.00021
1.00021
1.00021
1.00021
1.00021
)
;

boundaryField
{
    inlet
    {
        type            zeroGradient;
    }
    outlet
    {
        type            fixedValue;
        value           uniform 1;
    }
    wall
    {
        type            zeroGradient;
    }
    procBoundary0to1
    {
        type            processor;
        value           nonuniform List<scalar> 
192
(
1.0137
1.01172
1.0105
1.01043
1.00946
1.00902
1.00887
1.00874
1.00896
1.00886
1.00881
1.00878
1.0085
1.00847
1.00845
1.00846
1.00809
1.00808
1.00808
1.0081
1.00769
1.00769
1.0077
1.00772
1.00729
1.00729
1.0073
1.00732
1.00689
1.00689
1.0069
1.00691
1.00648
1.00648
1.00649
1.0065
1.00607
1.00607
1.00608
1.00609
1.00565
1.00566
1.00566
1.00567
1.00524
1.00524
1.00525
1.00525
1.00482
1.00483
1.00483
1.00483
1.00441
1.00441
1.00441
1.00441
1.00399
1.00399
1.00399
1.00399
1.00357
1.00357
1.00357
1.00357
1.00315
1.00315
1.00315
1.00315
1.00273
1.00273
1.00273
1.00273
1.00231
1.00231
1.00231
1.00231
1.00189
1.00189
1.00189
1.00189
1.00147
1.00147
1.00147
1.00147
1.00105
1.00105
1.00105
1.00105
1.00063
1.00063
1.00063
1.00063
1.00021
1.00021
1.00021
1.00021
1.00979
1.01028
1.01111
1.01317
1.00986
1.00965
1.00949
1.0094
1.0093
1.00917
1.00908
1.009
1.00868
1.00864
1.00859
1.00854
1.00819
1.00817
1.00815
1.00812
1.00774
1.00774
1.00772
1.00771
1.00732
1.00731
1.0073
1.0073
1.0069
1.00689
1.00689
1.00689
1.00648
1.00648
1.00648
1.00648
1.00606
1.00606
1.00606
1.00607
1.00565
1.00565
1.00565
1.00565
1.00524
1.00524
1.00524
1.00524
1.00482
1.00482
1.00482
1.00482
1.0044
1.0044
1.0044
1.0044
1.00399
1.00399
1.00399
1.00399
1.00357
1.00357
1.00357
1.00357
1.00315
1.00315
1.00315
1.00315
1.00273
1.00273
1.00273
1.00273
1.00231
1.00231
1.00231
1.00231
1.00189
1.00189
1.00189
1.00189
1.00147
1.00147
1.00147
1.00147
1.00105
1.00105
1.00105
1.00105
1.00063
1.00063
1.00063
1.00063
1.00021
1.00021
1.00021
1.00021
)
;
    }
    procBoundary0to2
    {
        type            processor;
        value           nonuniform List<scalar> 
192
(
1.0106
1.01193
1.01574
1.01296
1.00846
1.00865
1.00888
1.00865
1.00902
1.00909
1.00911
1.00898
1.00866
1.00868
1.00868
1.00861
1.00825
1.00825
1.00824
1.0082
1.00784
1.00783
1.00782
1.00779
1.00741
1.00741
1.00739
1.00737
1.00698
1.00698
1.00697
1.00695
1.00655
1.00655
1.00654
1.00653
1.00613
1.00612
1.00611
1.00611
1.0057
1.0057
1.00569
1.00568
1.00527
1.00527
1.00527
1.00526
1.00485
1.00485
1.00484
1.00484
1.00443
1.00442
1.00442
1.00442
1.004
1.004
1.004
1.004
1.00358
1.00358
1.00358
1.00358
1.00316
1.00316
1.00316
1.00316
1.00274
1.00274
1.00274
1.00273
1.00232
1.00231
1.00231
1.00231
1.00189
1.00189
1.00189
1.00189
1.00147
1.00147
1.00147
1.00147
1.00105
1.00105
1.00105
1.00105
1.00063
1.00063
1.00063
1.00063
1.00021
1.00021
1.00021
1.00021
1.01418
1.01282
1.01059
1.00924
1.00959
1.00913
1.00896
1.0084
1.00931
1.00917
1.00907
1.00899
1.00874
1.00872
1.00868
1.00864
1.00829
1.00828
1.00826
1.00825
1.00786
1.00785
1.00785
1.00784
1.00742
1.00742
1.00742
1.00742
1.00699
1.00699
1.00699
1.00699
1.00656
1.00656
1.00656
1.00656
1.00614
1.00613
1.00613
1.00613
1.00571
1.00571
1.00571
1.0057
1.00528
1.00528
1.00528
1.00528
1.00485
1.00485
1.00485
1.00485
1.00443
1.00443
1.00443
1.00443
1.00401
1.00401
1.004
1.004
1.00358
1.00358
1.00358
1.00358
1.00316
1.00316
1.00316
1.00316
1.00274
1.00274
1.00274
1.00274
1.00232
1.00232
1.00232
1.00232
1.00189
1.00189
1.00189
1.00189
1.00147
1.00147
1.00147
1.00147
1.00105
1.00105
1.00105
1.00105
1.00063
1.00063
1.00063
1.00063
1.00021
1.00021
1.00021
1.00021
)
;
    }
}


// ************************************************************************* //
