/*--------------------------------*- C++ -*----------------------------------*\
  =========                 |
  \\      /  F ield         | OpenFOAM: The Open Source CFD Toolbox
   \\    /   O peration     | Website:  https://openfoam.org
    \\  /    A nd           | Version:  6
     \\/     M anipulation  |
\*---------------------------------------------------------------------------*/
FoamFile
{
    version     2.0;
    format      ascii;
    class       surfaceScalarField;
    location    "0.03";
    object      phi;
}
// * * * * * * * * * * * * * * * * * * * * * * * * * * * * * * * * * * * * * //

dimensions      [0 3 -1 0 0 0 0];

internalField   nonuniform List<scalar> 
3120
(
1.63016e-08
-2.86088e-08
3.47688e-09
-2.02041e-08
4.11033e-08
1.61156e-08
1.3483e-08
1.07115e-08
-2.02022e-09
4.02832e-09
1.619e-08
2.24382e-08
-4.95419e-09
-5.31629e-10
2.40141e-08
-2.04005e-09
2.80947e-09
-1.82064e-08
1.44793e-08
-7.78344e-09
1.36004e-08
2.25047e-08
6.86987e-09
1.40442e-08
2.20074e-08
1.01731e-08
-1.45237e-09
2.01638e-08
-1.51987e-08
-1.99274e-08
2.16805e-08
1.72083e-08
-6.00418e-09
1.34053e-08
1.98904e-08
-7.22736e-09
2.60463e-08
1.66059e-08
-1.65931e-09
1.2449e-08
-6.7737e-09
1.12615e-08
3.01039e-09
-2.71866e-09
2.11848e-08
3.14468e-09
1.67648e-08
1.32929e-09
-1.41857e-09
-6.5839e-09
2.04434e-08
-7.38659e-09
-1.57743e-09
-6.23997e-09
4.03619e-09
1.83887e-08
-6.89197e-09
-5.24937e-09
9.40112e-09
1.8517e-08
-6.4705e-09
2.36707e-09
1.78629e-08
7.82448e-10
-3.12112e-09
-5.38577e-09
1.98589e-08
-3.45664e-09
-7.75322e-09
-3.21852e-09
1.87567e-08
-8.50006e-09
2.0539e-09
1.82671e-08
1.60747e-09
1.86538e-08
-9.22489e-09
-2.00337e-09
2.00999e-08
7.42302e-09
-1.05229e-08
-2.33681e-09
2.03066e-08
-1.01073e-08
2.44356e-12
1.82418e-08
1.15263e-09
1.42493e-08
-1.08544e-08
1.84992e-08
7.83991e-09
-8.60553e-09
1.98591e-08
-5.43188e-09
1.56013e-08
1.04959e-08
2.78498e-09
-5.50847e-10
2.24698e-08
-2.96311e-09
-1.29747e-09
1.88488e-09
-4.76112e-10
2.05853e-08
-8.20451e-10
9.91959e-10
1.70711e-10
1.91087e-08
1.30475e-10
-1.05081e-09
1.77399e-08
2.31538e-09
9.06281e-10
-1.36414e-09
2.14716e-08
-1.70563e-09
3.07119e-10
-1.81551e-09
2.06952e-08
-4.67198e-10
-7.66631e-10
1.99788e-08
3.51082e-11
1.86463e-08
-8.76891e-10
-1.78793e-09
2.07814e-08
6.19186e-10
-5.84081e-10
-2.47653e-09
2.06748e-08
-5.37661e-10
-1.73849e-09
1.91672e-08
-6.69864e-10
1.68463e-08
-1.07945e-09
2.03662e-08
1.39736e-09
3.91546e-10
2.01545e-08
7.16186e-10
1.77782e-08
1.43063e-08
2.51196e-09
-7.82809e-10
2.149e-08
-1.28575e-09
5.36394e-10
2.66389e-09
-1.22288e-09
2.06129e-08
1.04342e-09
2.1204e-09
-1.35022e-09
1.95722e-08
1.43016e-09
-1.44096e-09
1.8627e-08
1.91814e-09
1.91421e-09
-1.16801e-09
2.12115e-08
-1.26896e-09
2.08587e-09
-1.42913e-09
2.07298e-08
1.80497e-09
-1.08813e-09
1.99976e-08
-6.14177e-10
1.90505e-08
1.59213e-09
-1.73252e-09
2.09356e-08
-1.18175e-09
2.09234e-09
-1.85436e-09
2.05999e-08
1.9905e-09
-1.46039e-09
1.96413e-08
-7.26931e-10
1.84184e-08
1.78621e-09
2.09417e-08
-1.25085e-09
2.61331e-09
2.04165e-08
2.70742e-09
1.91359e-08
1.7574e-08
1.79818e-09
-8.92209e-10
2.09077e-08
-1.08867e-09
7.65021e-10
1.98414e-09
-1.10132e-09
2.04768e-08
1.05141e-09
1.63572e-09
-1.16517e-09
1.98914e-08
1.19438e-09
-1.11867e-09
1.93589e-08
1.29297e-09
1.64925e-09
-1.10167e-09
2.09258e-08
-1.15409e-09
1.84215e-09
-1.16505e-09
2.06006e-08
1.61042e-09
-1.03214e-09
2.00963e-08
-8.05676e-10
1.95639e-08
1.65024e-09
-1.4863e-09
2.09114e-08
-1.2415e-09
1.93819e-09
-1.4463e-09
2.05932e-08
1.77026e-09
-1.24777e-09
2.00249e-08
-9.24839e-10
1.94114e-08
1.82312e-09
2.10503e-08
-1.38935e-09
2.199e-09
2.0625e-08
2.09569e-09
1.99396e-08
1.92243e-08
1.19053e-09
-8.44662e-10
2.06809e-08
-8.54719e-10
7.35668e-10
1.27298e-09
-9.1069e-10
2.04545e-08
8.50506e-10
1.05249e-09
-9.1069e-10
2.01394e-08
8.83265e-10
-8.59495e-10
1.98551e-08
8.86299e-10
1.17264e-09
-9.80017e-10
2.07909e-08
-9.02399e-10
1.26339e-09
-9.79133e-10
2.05783e-08
1.08538e-09
-9.12536e-10
2.02761e-08
-7.98258e-10
1.99863e-08
1.20819e-09
-1.20187e-09
2.08764e-08
-9.51298e-10
1.33357e-09
-1.15995e-09
2.06486e-08
1.18869e-09
-1.06245e-09
2.03197e-08
-9.09911e-10
1.99981e-08
1.29591e-09
2.10307e-08
-1.02424e-09
1.4576e-09
2.07537e-08
1.34862e-09
2.03769e-08
2.00107e-08
7.88037e-10
-7.10407e-10
2.06238e-08
-6.36441e-10
6.15917e-10
8.0712e-10
-7.29218e-10
2.0506e-08
6.58635e-10
6.67051e-10
-7.13266e-10
2.03361e-08
6.56605e-10
-6.72308e-10
2.01827e-08
6.37651e-10
7.95949e-10
-8.07561e-10
2.07528e-08
-6.60674e-10
8.23479e-10
-7.99604e-10
2.06212e-08
7.02764e-10
-7.61078e-10
2.04447e-08
-6.96e-10
2.02829e-08
8.17444e-10
-9.33181e-10
2.08612e-08
-6.76583e-10
8.65989e-10
-9.13289e-10
2.07137e-08
7.66899e-10
-8.63768e-10
2.05215e-08
-7.82481e-10
2.03426e-08
8.54154e-10
2.0996e-08
-6.98744e-10
9.26525e-10
2.08259e-08
8.52685e-10
2.06116e-08
2.04093e-08
5.27796e-10
-5.64851e-10
2.06324e-08
-4.59803e-10
4.88256e-10
5.2335e-10
-5.69835e-10
2.05774e-08
5.02944e-10
4.35154e-10
-5.54064e-10
2.04854e-08
4.92919e-10
-5.24166e-10
2.03995e-08
4.72567e-10
5.37508e-10
-6.35005e-10
2.07561e-08
-4.70665e-10
5.40139e-10
-6.30481e-10
2.06792e-08
4.62805e-10
-6.07579e-10
2.05755e-08
-5.68207e-10
2.04812e-08
5.4752e-10
-7.08227e-10
2.08587e-08
-4.71823e-10
5.64966e-10
-7.01979e-10
2.07678e-08
5.02333e-10
-6.76582e-10
2.06531e-08
-6.3098e-10
2.0548e-08
5.60212e-10
2.09678e-08
-4.717e-10
5.9498e-10
2.08653e-08
5.50042e-10
2.07393e-08
2.06213e-08
3.59065e-10
-4.35602e-10
2.06607e-08
-3.27852e-10
3.76109e-10
3.49302e-10
-4.37144e-10
2.06434e-08
3.80852e-10
2.94176e-10
-4.25264e-10
2.05947e-08
3.7109e-10
-4.0452e-10
2.05449e-08
3.54477e-10
3.66072e-10
-4.85956e-10
2.07723e-08
-3.31918e-10
3.61776e-10
-4.84756e-10
2.07311e-08
3.1356e-10
-4.71349e-10
2.06698e-08
-4.4713e-10
2.06124e-08
3.69739e-10
-5.30259e-10
2.08609e-08
-3.27686e-10
3.75987e-10
-5.3041e-10
2.08072e-08
3.37856e-10
-5.17584e-10
2.07375e-08
-4.91485e-10
2.06728e-08
3.72232e-10
2.09467e-08
-3.20029e-10
3.90856e-10
2.08859e-08
3.64892e-10
2.08097e-08
2.07376e-08
2.47954e-10
-3.30016e-10
2.06906e-08
-2.32846e-10
2.84917e-10
2.391e-10
-3.31033e-10
2.06968e-08
2.86472e-10
2.04735e-10
-3.22964e-10
2.06732e-08
2.78902e-10
-3.08953e-10
2.06436e-08
2.66539e-10
2.52245e-10
-3.6605e-10
2.07898e-08
-2.33681e-10
2.4746e-10
-3.66785e-10
2.07716e-08
2.17814e-10
-3.59138e-10
2.07356e-08
-3.44172e-10
2.06995e-08
2.52764e-10
-3.93767e-10
2.0864e-08
-2.28095e-10
2.55433e-10
-3.96454e-10
2.08342e-08
2.3277e-10
-3.90259e-10
2.07912e-08
-3.75183e-10
2.075e-08
2.51252e-10
2.09306e-08
-2.19017e-10
2.62611e-10
2.08957e-08
2.48284e-10
2.08486e-08
2.08028e-08
1.73519e-10
-2.47263e-10
2.07165e-08
-1.65588e-10
2.13524e-10
1.66974e-10
-2.48403e-10
2.07375e-08
2.14253e-10
1.45502e-10
-2.43213e-10
2.0729e-08
2.08888e-10
-2.33875e-10
2.07115e-08
2.00059e-10
1.75863e-10
-2.73062e-10
2.08047e-08
-1.64973e-10
1.72303e-10
-2.74705e-10
2.08015e-08
1.54189e-10
-2.70501e-10
2.0781e-08
-2.61233e-10
2.07578e-08
1.74941e-10
-2.90891e-10
2.08664e-08
-1.59566e-10
1.76644e-10
-2.94312e-10
2.08521e-08
1.63421e-10
-2.91616e-10
2.08256e-08
-2.82882e-10
2.07985e-08
1.72096e-10
2.09181e-08
-1.51255e-10
1.79865e-10
2.08994e-08
1.72385e-10
2.08699e-08
2.08401e-08
1.22798e-10
-1.83932e-10
2.07369e-08
-1.18189e-10
1.58888e-10
1.18385e-10
-1.85197e-10
2.07676e-08
1.59499e-10
1.04896e-10
-1.81974e-10
2.07686e-08
1.55866e-10
-1.75785e-10
2.07587e-08
1.49682e-10
1.23915e-10
-2.02439e-10
2.08163e-08
-1.17013e-10
1.21681e-10
-2.04373e-10
2.08229e-08
1.10631e-10
-2.02185e-10
2.08123e-08
-1.96436e-10
2.07972e-08
1.2244e-10
-2.14174e-10
2.0868e-08
-1.12305e-10
1.23932e-10
-2.17532e-10
2.08638e-08
1.16347e-10
-2.1665e-10
2.08476e-08
-2.11603e-10
2.08296e-08
1.19396e-10
2.09083e-08
-1.05368e-10
1.25126e-10
2.09e-08
1.21533e-10
2.08815e-08
2.08616e-08
8.76951e-11
-1.36161e-10
2.07524e-08
-8.47291e-11
1.17666e-10
8.48753e-11
-1.37432e-10
2.07896e-08
1.18303e-10
7.63372e-11
-1.35485e-10
2.07967e-08
1.15904e-10
-1.31387e-10
2.07919e-08
1.11608e-10
8.8098e-11
-1.49471e-10
2.08249e-08
-8.34274e-11
8.68675e-11
-1.51363e-10
2.08381e-08
8.01204e-11
-1.50327e-10
2.08339e-08
-1.46756e-10
2.08242e-08
8.65191e-11
-1.57346e-10
2.08689e-08
-7.95329e-11
8.79387e-11
-1.60322e-10
2.08713e-08
8.36685e-11
-1.60337e-10
2.08619e-08
-1.57443e-10
2.08497e-08
8.37333e-11
2.09006e-08
-7.39909e-11
8.81251e-11
2.0899e-08
8.66548e-11
2.08877e-08
2.08741e-08
6.30694e-11
-1.00457e-10
2.0764e-08
-6.09987e-11
8.68454e-11
6.13335e-11
-1.01634e-10
2.08055e-08
8.7488e-11
5.58805e-11
-1.00487e-10
2.08167e-08
8.5927e-11
-9.77689e-11
2.08153e-08
8.29498e-11
6.30886e-11
-1.10052e-10
2.08312e-08
-5.97749e-11
6.25125e-11
-1.11745e-10
2.08488e-08
5.83806e-11
-1.11344e-10
2.08489e-08
-1.09123e-10
2.08429e-08
6.16196e-11
-1.15424e-10
2.08693e-08
-5.665e-11
6.29366e-11
-1.17923e-10
2.08762e-08
6.05876e-11
-1.1834e-10
2.08712e-08
-1.16704e-10
2.0863e-08
5.92456e-11
2.08946e-08
-5.23262e-11
6.26578e-11
2.08975e-08
6.2289e-11
2.08908e-08
2.08816e-08
4.5593e-11
-7.39225e-11
2.07724e-08
-4.40702e-11
6.39311e-11
4.45565e-11
-7.49511e-11
2.08169e-08
6.45355e-11
4.10392e-11
-7.42948e-11
2.0831e-08
6.35279e-11
-7.24857e-11
2.0832e-08
6.14634e-11
4.54281e-11
-8.08551e-11
2.08357e-08
-4.30069e-11
4.52382e-11
-8.22901e-11
2.08563e-08
4.26969e-11
-8.22222e-11
2.08593e-08
-8.08408e-11
2.08559e-08
4.41559e-11
-8.45711e-11
2.08694e-08
-4.05499e-11
4.53236e-11
-8.66002e-11
2.08793e-08
4.40713e-11
-8.71565e-11
2.08774e-08
-8.62529e-11
2.0872e-08
4.22133e-11
2.089e-08
-3.72262e-11
4.48653e-11
2.08959e-08
4.50226e-11
2.08924e-08
2.0886e-08
3.30681e-11
-5.42667e-11
2.07786e-08
-3.19178e-11
4.69495e-11
3.24668e-11
-5.51281e-11
2.08252e-08
4.74845e-11
3.01746e-11
-5.47655e-11
2.08412e-08
4.68367e-11
-5.35567e-11
2.08439e-08
4.54018e-11
3.28333e-11
-5.92829e-11
2.08389e-08
-3.10363e-11
3.28499e-11
-6.04567e-11
2.08616e-08
3.12782e-11
-6.05485e-11
2.08667e-08
-5.96889e-11
2.08651e-08
3.1779e-11
-6.18828e-11
2.08694e-08
-2.91336e-11
3.2772e-11
-6.3492e-11
2.08813e-08
3.21347e-11
-6.40546e-11
2.08816e-08
-6.35734e-11
2.0878e-08
3.02312e-11
2.08865e-08
-2.66057e-11
3.22802e-11
2.08945e-08
3.26511e-11
2.0893e-08
2.08888e-08
2.40138e-11
-3.97227e-11
2.07831e-08
-2.31365e-11
3.43787e-11
2.36758e-11
-4.04213e-11
2.08311e-08
3.48306e-11
2.21668e-11
-4.02308e-11
2.08485e-08
3.44146e-11
-3.94196e-11
2.08524e-08
3.34149e-11
2.37703e-11
-4.33534e-11
2.08412e-08
-2.24289e-11
2.38828e-11
-4.42883e-11
2.08654e-08
2.29044e-11
-4.44434e-11
2.08719e-08
-4.39085e-11
2.08715e-08
2.29232e-11
-4.51881e-11
2.08693e-08
-2.0974e-11
2.37387e-11
-4.64411e-11
2.08827e-08
2.34384e-11
-4.69478e-11
2.08844e-08
-4.67057e-11
2.08822e-08
2.17143e-11
2.08838e-08
-1.90684e-11
2.32834e-11
2.08933e-08
2.37066e-11
2.08933e-08
2.08904e-08
1.7413e-11
-2.89496e-11
2.07863e-08
-1.67452e-11
2.50631e-11
1.72302e-11
-2.95014e-11
2.08354e-08
2.54307e-11
1.6228e-11
-2.94088e-11
2.08538e-08
2.51635e-11
-2.88628e-11
2.08586e-08
2.44661e-11
1.71911e-11
-3.15728e-11
2.08429e-08
-1.61912e-11
1.73355e-11
-3.23013e-11
2.0868e-08
1.67224e-11
-3.24683e-11
2.08756e-08
-3.21357e-11
2.08761e-08
1.65269e-11
-3.28739e-11
2.08691e-08
-1.50923e-11
1.7177e-11
-3.38338e-11
2.08836e-08
1.70552e-11
-3.42614e-11
2.08863e-08
-3.41511e-11
2.08851e-08
1.55989e-11
2.08818e-08
-1.36691e-11
1.6787e-11
2.08923e-08
1.71846e-11
2.08933e-08
2.08915e-08
1.25549e-11
-2.09379e-11
2.07886e-08
-1.2052e-11
1.8132e-11
1.24608e-11
-2.13628e-11
2.08384e-08
1.84212e-11
1.17916e-11
-2.13236e-11
2.08575e-08
1.82496e-11
-2.0956e-11
2.08629e-08
1.77641e-11
1.23675e-11
-2.28226e-11
2.0844e-08
-1.16283e-11
1.25094e-11
-2.3378e-11
2.08699e-08
1.21231e-11
-2.35313e-11
2.08782e-08
-2.33252e-11
2.08794e-08
1.18587e-11
-2.37451e-11
2.0869e-08
-1.08102e-11
1.23625e-11
-2.44678e-11
2.08841e-08
1.23297e-11
-2.48122e-11
2.08876e-08
-2.47723e-11
2.08871e-08
1.11587e-11
2.08804e-08
-9.75968e-12
1.20452e-11
2.08915e-08
1.23836e-11
2.08933e-08
2.08922e-08
8.93435e-12
-1.49289e-11
2.07902e-08
-8.56342e-12
1.29311e-11
8.88939e-12
-1.52465e-11
2.08405e-08
1.31506e-11
8.44314e-12
-1.52346e-11
2.08602e-08
1.30408e-11
-1.49882e-11
2.0866e-08
1.27057e-11
8.7852e-12
-1.6266e-11
2.08448e-08
-8.24827e-12
8.90801e-12
-1.66783e-11
2.08712e-08
8.66422e-12
-1.68063e-11
2.088e-08
-1.66792e-11
2.08817e-08
8.40588e-12
-1.69142e-11
2.08689e-08
-7.65133e-12
8.78449e-12
-1.74461e-11
2.08845e-08
8.79187e-12
-1.77121e-11
2.08885e-08
-1.77069e-11
2.08885e-08
7.89008e-12
2.08793e-08
-6.88986e-12
8.53778e-12
2.08909e-08
8.80708e-12
2.08932e-08
2.08926e-08
6.18959e-12
-1.03529e-11
2.07913e-08
-5.92532e-12
8.96897e-12
6.17069e-12
-1.05806e-11
2.0842e-08
9.12812e-12
5.8778e-12
-1.05806e-11
2.0862e-08
9.05854e-12
-1.04181e-11
2.08682e-08
8.83211e-12
6.0781e-12
-1.12762e-11
2.08454e-08
-5.70014e-12
6.1751e-12
-1.15706e-11
2.08721e-08
6.02296e-12
-1.16693e-11
2.08812e-08
-1.15917e-11
2.08833e-08
5.80628e-12
-1.17207e-11
2.08688e-08
-5.27895e-12
6.07946e-12
-1.20984e-11
2.08848e-08
6.10101e-12
-1.22937e-11
2.08891e-08
-1.23026e-11
2.08894e-08
5.4396e-12
2.08786e-08
-4.74416e-12
5.89741e-12
2.08905e-08
6.09916e-12
2.08931e-08
2.08929e-08
4.0747e-12
-6.79696e-12
2.07921e-08
-3.89517e-12
5.89015e-12
4.07007e-12
-6.94924e-12
2.0843e-08
5.99753e-12
3.88688e-12
-6.95234e-12
2.08632e-08
5.95404e-12
-6.84898e-12
2.08696e-08
5.8074e-12
3.99876e-12
-7.39944e-12
2.08457e-08
-3.74573e-12
4.06977e-12
-7.5963e-12
2.08727e-08
3.97899e-12
-7.66528e-12
2.0882e-08
-7.61905e-12
2.08843e-08
3.81665e-12
-7.68762e-12
2.08688e-08
-3.46633e-12
4.00269e-12
-7.93954e-12
2.08849e-08
4.02565e-12
-8.07271e-12
2.08895e-08
-8.08412e-12
2.089e-08
3.57183e-12
2.08781e-08
-3.11229e-12
3.87811e-12
2.08902e-08
4.01886e-12
2.08931e-08
2.0893e-08
2.4926e-12
-4.05706e-12
2.07925e-08
-2.37243e-12
3.523e-12
2.4998e-12
-4.14664e-12
2.08435e-08
3.58597e-12
2.39821e-12
-4.1473e-12
2.08638e-08
3.55683e-12
-4.08486e-12
2.08704e-08
3.46654e-12
2.4493e-12
-4.40844e-12
2.08459e-08
-2.28755e-12
2.50114e-12
-4.52605e-12
2.0873e-08
2.45428e-12
-4.56767e-12
2.08825e-08
-4.54101e-12
2.08849e-08
2.34073e-12
-4.57343e-12
2.08687e-08
-2.12122e-12
2.46075e-12
-4.72492e-12
2.0885e-08
2.48137e-12
-4.80609e-12
2.08897e-08
-4.81512e-12
2.08904e-08
2.19359e-12
2.08778e-08
-1.90946e-12
2.38466e-12
2.089e-08
2.47513e-12
2.0893e-08
2.08931e-08
1.57878e-12
-2.34351e-12
-1.48287e-12
2.04233e-12
1.59894e-12
-2.3934e-12
2.08091e-12
1.54771e-12
-2.39238e-12
2.06265e-12
-2.35449e-12
2.00726e-12
1.55595e-12
-2.53444e-12
-1.44094e-12
1.60169e-12
-2.60087e-12
1.58282e-12
-2.62464e-12
-2.60945e-12
1.49533e-12
-2.61542e-12
-1.34846e-12
1.5793e-12
-2.70314e-12
1.59885e-12
-2.7517e-12
-2.75946e-12
1.41055e-12
-1.22841e-12
1.53403e-12
1.59292e-12
-3.85536e-09
-2.48027e-09
2.62901e-08
1.53907e-09
-8.30083e-09
-3.44011e-09
2.49482e-08
1.67823e-09
3.95194e-09
-4.61753e-09
1.27909e-08
-4.78383e-09
-1.42907e-08
1.22623e-08
-1.03903e-09
4.0508e-09
-1.12324e-09
2.12625e-08
6.86138e-10
-5.50672e-09
2.92333e-08
8.39073e-09
-2.073e-08
2.93421e-08
-1.57875e-08
2.00354e-08
-7.2928e-09
6.0224e-09
3.05741e-08
-3.11476e-08
1.10613e-08
3.50858e-08
-3.15057e-08
-2.66339e-08
3.25086e-08
-3.02253e-08
1.70719e-08
8.8462e-09
-1.78139e-09
3.0322e-08
1.15668e-08
6.10749e-09
7.77593e-09
7.89003e-09
2.97506e-09
1.84652e-09
2.06307e-08
8.37796e-10
7.78954e-09
-2.98689e-10
1.85586e-08
1.87383e-09
6.68934e-09
-3.95248e-09
1.64835e-08
1.36009e-09
-4.46563e-09
1.45782e-08
1.45252e-09
-3.07678e-09
2.84506e-09
2.33407e-08
1.23366e-09
2.68841e-09
2.19357e-08
4.85698e-09
2.38694e-10
2.15276e-08
-1.20068e-09
1.81708e-08
-3.54946e-09
6.95423e-09
3.00144e-08
-3.33752e-09
1.06794e-08
2.68828e-08
-2.60878e-09
8.18383e-09
2.38347e-08
1.51036e-09
1.91751e-08
-4.97036e-09
2.11878e-08
-3.17499e-10
2.3553e-08
-2.98411e-09
2.27687e-08
1.7468e-08
9.38935e-10
5.34646e-10
1.9365e-08
-2.07837e-10
1.40621e-09
3.21715e-10
1.7678e-08
9.16138e-11
1.94202e-09
-1.37421e-10
1.56765e-08
4.08642e-10
-3.1884e-10
1.31795e-08
6.96381e-10
6.56089e-10
2.05423e-10
2.30139e-08
7.34351e-10
5.22983e-10
2.16562e-08
1.494e-09
6.19477e-10
2.0011e-08
1.47719e-10
1.74926e-08
1.27566e-09
1.25035e-09
2.76938e-08
1.09456e-09
1.96457e-09
2.56223e-08
4.59864e-10
1.48806e-09
2.36009e-08
2.67075e-10
2.01348e-08
-9.866e-10
2.80396e-08
-4.00851e-10
2.81101e-08
-2.4177e-10
2.5979e-08
2.1501e-08
-7.7706e-11
-4.45401e-10
1.94875e-08
4.00539e-10
2.74703e-10
-5.35589e-10
1.74089e-08
4.52307e-10
8.18931e-10
-7.0157e-10
1.52285e-08
6.05348e-10
-8.76801e-10
1.27877e-08
8.0187e-10
-4.23392e-11
-1.19058e-09
2.38014e-08
2.83247e-10
-1.04935e-09
2.18444e-08
8.67081e-10
-1.05225e-09
1.97779e-08
-1.09961e-09
1.73135e-08
2.00975e-10
-1.31884e-09
2.76211e-08
5.27327e-10
-1.2461e-09
2.54927e-08
1.08147e-09
-1.2869e-09
2.32814e-08
-1.46058e-09
2.03955e-08
-6.09795e-10
3.02108e-08
3.04236e-10
2.84597e-08
1.20315e-09
2.59612e-08
2.23455e-08
8.53904e-11
-6.47944e-10
1.9473e-08
5.77065e-10
3.04102e-10
-7.01441e-10
1.72988e-08
5.92792e-10
6.80212e-10
-8.08019e-10
1.49861e-08
6.74331e-10
-9.37945e-10
1.25227e-08
7.94411e-10
8.8346e-11
-1.14256e-09
2.42077e-08
3.07179e-10
-1.11282e-09
2.20369e-08
7.2716e-10
-1.16408e-09
1.97139e-08
-1.21564e-09
1.71643e-08
1.17171e-10
-1.53131e-09
2.78927e-08
3.99686e-10
-1.54681e-09
2.56442e-08
8.94835e-10
-1.58138e-09
2.32035e-08
-1.59235e-09
2.04255e-08
-2.28874e-11
3.05743e-08
4.80796e-10
2.82551e-08
1.11709e-09
2.55648e-08
2.23858e-08
1.11351e-10
-6.66719e-10
1.94759e-08
5.5247e-10
3.03778e-10
-6.95586e-10
1.72443e-08
5.57696e-10
5.66017e-10
-7.61612e-10
1.48833e-08
6.02145e-10
-8.447e-10
1.24085e-08
6.70226e-10
1.23947e-10
-9.40433e-10
2.43574e-08
3.13423e-10
-9.43048e-10
2.20949e-08
5.97774e-10
-9.98386e-10
1.96664e-08
-1.05843e-09
1.70734e-08
1.21916e-10
-1.21037e-09
2.80407e-08
3.47846e-10
-1.23442e-09
2.57096e-08
6.69041e-10
-1.27649e-09
2.31604e-08
-1.2998e-09
2.03847e-08
1.45878e-10
3.04753e-08
4.42161e-10
2.80235e-08
7.96849e-10
2.52841e-08
2.22699e-08
1.13337e-10
-5.71783e-10
1.94772e-08
4.57152e-10
2.60661e-10
-5.8917e-10
1.72267e-08
4.59409e-10
4.40622e-10
-6.31191e-10
1.48503e-08
4.84181e-10
-6.84159e-10
1.23737e-08
5.23117e-10
1.22998e-10
-7.31792e-10
2.43944e-08
2.72624e-10
-7.44885e-10
2.2101e-08
4.62098e-10
-7.92175e-10
1.96379e-08
-8.4363e-10
1.70343e-08
1.18491e-10
-8.86084e-10
2.80765e-08
2.88014e-10
-9.11345e-10
2.57066e-08
4.92486e-10
-9.52307e-10
2.31161e-08
-9.85918e-10
2.03428e-08
1.54012e-10
3.03113e-08
3.48716e-10
2.78371e-08
5.53128e-10
2.51022e-08
2.21621e-08
9.20736e-11
-4.5412e-10
1.94851e-08
3.54189e-10
1.99661e-10
-4.65231e-10
1.72286e-08
3.55812e-10
3.2428e-10
-4.9312e-10
1.48482e-08
3.70678e-10
-5.27703e-10
1.23717e-08
3.94164e-10
1.01459e-10
-5.56676e-10
2.43955e-08
2.12728e-10
-5.70627e-10
2.20951e-08
3.40187e-10
-6.07015e-10
1.96243e-08
-6.46153e-10
1.70223e-08
1.02117e-10
-6.42239e-10
2.80599e-08
2.24376e-10
-6.64693e-10
2.56784e-08
3.55919e-10
-7.00334e-10
2.30779e-08
-7.32939e-10
2.03137e-08
1.26983e-10
3.0167e-08
2.59201e-10
2.77001e-08
3.83783e-10
2.49821e-08
2.20848e-08
6.84739e-11
-3.46911e-10
1.94976e-08
2.65882e-10
1.44909e-10
-3.54594e-10
1.72393e-08
2.67399e-10
2.3212e-10
-3.7373e-10
1.48577e-08
2.76937e-10
-3.97074e-10
1.23811e-08
2.91969e-10
7.68322e-11
-4.1754e-10
2.43893e-08
1.56814e-10
-4.29496e-10
2.20901e-08
2.43812e-10
-4.56389e-10
1.962e-08
-4.84969e-10
1.70221e-08
8.08651e-11
-4.66378e-10
2.80279e-08
1.67195e-10
-4.84688e-10
2.56473e-08
2.53346e-10
-5.13476e-10
2.30488e-08
-5.40664e-10
2.02951e-08
9.65298e-11
3.0055e-08
1.87313e-10
2.76019e-08
2.66268e-10
2.49013e-08
2.20316e-08
4.88617e-11
-2.59543e-10
1.95119e-08
1.96409e-10
1.02716e-10
-2.6519e-10
1.72528e-08
1.97874e-10
1.64319e-10
-2.78709e-10
1.48705e-08
2.04363e-10
-2.94947e-10
1.2393e-08
2.1448e-10
5.57722e-11
-3.10134e-10
2.43842e-08
1.12472e-10
-3.19683e-10
2.20878e-08
1.72702e-10
-3.39357e-10
1.96204e-08
-3.60031e-10
1.70262e-08
6.07179e-11
-3.39483e-10
2.79965e-08
1.21269e-10
-3.53787e-10
2.56208e-08
1.78926e-10
-3.76072e-10
2.30278e-08
-3.97298e-10
2.02832e-08
7.058e-11
2.99719e-08
1.33423e-10
2.75317e-08
1.85083e-10
2.48455e-08
2.19946e-08
3.43187e-11
-1.91917e-10
1.95256e-08
1.43918e-10
7.22549e-11
-1.96221e-10
1.72658e-08
1.4528e-10
1.16113e-10
-2.05974e-10
1.48827e-08
1.49886e-10
-2.17535e-10
1.24042e-08
1.56952e-10
3.9726e-11
-2.28777e-10
2.43813e-08
7.97541e-11
-2.3618e-10
2.20878e-08
1.21961e-10
-2.50577e-10
1.96228e-08
-2.65573e-10
1.70312e-08
4.42711e-11
-2.47416e-10
2.79709e-08
8.67119e-11
-2.58311e-10
2.56005e-08
1.26072e-10
-2.7516e-10
2.30131e-08
-2.91247e-10
2.02754e-08
5.06693e-11
2.99115e-08
9.44132e-11
2.74815e-08
1.29073e-10
2.48062e-08
2.19683e-08
2.40191e-11
-1.40988e-10
1.95375e-08
1.05056e-10
5.08473e-11
-1.44318e-10
1.7277e-08
1.06266e-10
8.22761e-11
-1.5145e-10
1.48931e-08
1.09623e-10
-1.59811e-10
1.24134e-08
1.14679e-10
2.81011e-11
-1.67992e-10
2.43802e-08
5.63905e-11
-1.73647e-10
2.20888e-08
8.62652e-11
-1.84212e-10
1.96257e-08
-1.95151e-10
1.70358e-08
3.17993e-11
-1.80398e-10
2.79515e-08
6.16248e-11
-1.88568e-10
2.55856e-08
8.89396e-11
-2.01143e-10
2.30027e-08
-2.13172e-10
2.027e-08
3.6091e-11
2.98678e-08
6.66894e-11
2.74454e-08
9.03982e-11
2.47782e-08
2.19494e-08
1.6857e-11
-1.03205e-10
1.95473e-08
7.65732e-11
3.59328e-11
-1.05787e-10
1.72861e-08
7.76062e-11
5.85728e-11
-1.11043e-10
1.49014e-08
8.00889e-11
-1.17151e-10
1.24206e-08
8.37606e-11
1.98673e-11
-1.23003e-10
2.43801e-08
3.99338e-11
-1.27283e-10
2.20902e-08
6.12501e-11
-1.35056e-10
1.96284e-08
-1.43077e-10
1.70395e-08
2.26945e-11
-1.31548e-10
2.79373e-08
4.37461e-11
-1.37617e-10
2.55749e-08
6.29501e-11
-1.46936e-10
2.29954e-08
-1.55878e-10
2.02662e-08
2.56446e-11
2.98364e-08
4.71573e-11
2.74195e-08
6.36233e-11
2.47581e-08
2.19356e-08
1.18964e-11
-7.54022e-11
1.9555e-08
5.57923e-11
2.55353e-11
-7.73973e-11
1.72932e-08
5.66468e-11
4.19105e-11
-8.1285e-11
1.49078e-08
5.84953e-11
-8.57724e-11
1.24261e-08
6.11836e-11
1.40842e-11
-8.99026e-11
2.43805e-08
2.83832e-11
-9.31232e-11
2.20917e-08
4.36878e-11
-9.88504e-11
1.96306e-08
-1.04751e-10
1.70424e-08
1.61724e-11
-9.59233e-11
2.79272e-08
3.11052e-11
-1.00406e-10
2.55672e-08
4.47422e-11
-1.07286e-10
2.29902e-08
-1.13914e-10
2.02635e-08
1.82309e-11
2.98139e-08
3.34345e-11
2.74009e-08
4.50069e-11
2.47436e-08
2.19254e-08
8.44824e-12
-5.50277e-11
1.95609e-08
4.06509e-11
1.82476e-11
-5.65591e-11
1.72986e-08
4.13406e-11
3.01261e-11
-5.94385e-11
1.49127e-08
4.27198e-11
-6.27437e-11
1.24302e-08
4.4696e-11
1.00244e-11
-6.56313e-11
2.43811e-08
2.02596e-11
-6.80428e-11
2.20929e-08
3.12982e-11
-7.22649e-11
1.96324e-08
-7.66137e-11
1.70446e-08
1.15374e-11
-6.99333e-11
2.79199e-08
2.21806e-11
-7.32328e-11
2.55618e-08
3.19357e-11
-7.83003e-11
2.29864e-08
-8.32052e-11
2.02615e-08
1.29854e-11
2.97976e-08
2.37826e-11
2.73874e-08
3.199e-11
2.4733e-08
2.1918e-08
6.03323e-12
-4.01177e-11
1.95654e-08
2.96118e-11
1.31e-11
-4.12844e-11
1.73027e-08
3.01574e-11
2.17312e-11
-4.34155e-11
1.49163e-08
3.11858e-11
-4.5851e-11
1.24332e-08
3.26401e-11
7.16307e-12
-4.78575e-11
2.43817e-08
1.45162e-11
-4.96551e-11
2.20939e-08
2.25015e-11
-5.27655e-11
1.96338e-08
-5.59708e-11
1.70462e-08
8.24759e-12
-5.0956e-11
2.79148e-08
1.58634e-11
-5.33778e-11
2.55579e-08
2.28762e-11
-5.71035e-11
2.29838e-08
-6.07268e-11
2.026e-08
9.26984e-12
2.9786e-08
1.69691e-11
2.73777e-08
2.28281e-11
2.47254e-08
2.19125e-08
4.32538e-12
-2.91993e-11
1.95687e-08
2.15462e-11
9.43137e-12
-3.00808e-11
1.73057e-08
2.19706e-11
1.5704e-11
-3.16544e-11
1.49189e-08
2.27351e-11
-3.34461e-11
1.24354e-08
2.38042e-11
5.13278e-12
-3.48349e-11
2.43822e-08
1.04267e-11
-3.61683e-11
2.20947e-08
1.62095e-11
-3.84552e-11
1.96348e-08
-4.08138e-11
1.70473e-08
5.90524e-12
-3.70747e-11
2.79111e-08
1.13681e-11
-3.88471e-11
2.55551e-08
1.64226e-11
-4.15797e-11
2.29818e-08
-4.42494e-11
2.02588e-08
6.62779e-12
2.97776e-08
1.21325e-11
2.73708e-08
1.63317e-11
2.47199e-08
2.19085e-08
3.10428e-12
-2.11819e-11
1.95712e-08
1.56308e-11
6.79099e-12
-2.18418e-11
1.73079e-08
1.59558e-11
1.13397e-11
-2.29983e-11
1.49209e-08
1.6521e-11
-2.43112e-11
1.2437e-08
1.73041e-11
3.67956e-12
-2.52695e-11
2.43826e-08
7.48947e-12
-2.62523e-11
2.20953e-08
1.16713e-11
-2.79268e-11
1.96355e-08
-2.96555e-11
1.70481e-08
4.22718e-12
-2.68883e-11
2.79085e-08
8.14577e-12
-2.81798e-11
2.55531e-08
1.17876e-11
-3.01759e-11
2.29804e-08
-3.21344e-11
2.0258e-08
4.73741e-12
2.97716e-08
8.67421e-12
2.73657e-08
1.16862e-11
2.47159e-08
2.19056e-08
2.22026e-12
-1.52627e-11
1.95729e-08
1.12654e-11
4.8691e-12
-1.57508e-11
1.73095e-08
1.15101e-11
8.1477e-12
-1.65937e-11
1.49222e-08
1.19241e-11
-1.75482e-11
1.24382e-08
1.24933e-11
2.62811e-12
-1.82066e-11
2.43829e-08
5.35768e-12
-1.89242e-11
2.20958e-08
8.36512e-12
-2.01408e-11
1.96361e-08
-2.13981e-11
1.70487e-08
3.0141e-12
-1.9371e-11
2.79067e-08
5.81348e-12
-2.03051e-11
2.55517e-08
8.42516e-12
-2.17522e-11
2.29794e-08
-2.31774e-11
2.02574e-08
3.3729e-12
2.97673e-08
6.17786e-12
2.73621e-08
8.3302e-12
2.4713e-08
2.19035e-08
1.57048e-12
-1.08502e-11
1.95742e-08
8.01073e-12
3.4503e-12
-1.12047e-11
1.73106e-08
8.19083e-12
5.78228e-12
-1.18098e-11
1.49232e-08
8.48937e-12
-1.24933e-11
1.2439e-08
8.89699e-12
1.85668e-12
-1.29416e-11
2.43832e-08
3.78918e-12
-1.34574e-11
2.20961e-08
5.92446e-12
-1.43285e-11
1.96365e-08
-1.52292e-11
1.70491e-08
2.12583e-12
-1.37688e-11
2.79054e-08
4.10296e-12
-1.44348e-11
2.55507e-08
5.95311e-12
-1.54691e-11
2.29787e-08
-1.64907e-11
2.0257e-08
2.37553e-12
2.97643e-08
4.35211e-12
2.73596e-08
5.87257e-12
2.4711e-08
2.1902e-08
1.08367e-12
-7.50738e-12
1.95751e-08
5.54401e-12
2.38343e-12
-7.75724e-12
1.73114e-08
5.67233e-12
3.99798e-12
-8.17935e-12
1.49239e-08
5.8814e-12
-8.65485e-12
1.24396e-08
6.16519e-12
1.2803e-12
-8.95314e-12
2.43833e-08
2.61402e-12
-9.31355e-12
2.20963e-08
4.09019e-12
-9.91991e-12
1.96367e-08
-1.05468e-11
1.70494e-08
1.46392e-12
-9.52499e-12
2.79045e-08
2.82576e-12
-9.98715e-12
2.555e-08
4.10252e-12
-1.07059e-11
2.29782e-08
-1.14174e-11
2.02567e-08
1.63389e-12
2.97622e-08
2.99278e-12
2.73578e-08
4.03966e-12
2.47096e-08
2.19009e-08
7.12666e-13
-4.92152e-12
1.95757e-08
3.63588e-12
1.56765e-12
-5.08972e-12
1.73119e-08
3.72356e-12
2.62897e-12
-5.36926e-12
1.49244e-08
3.86298e-12
-5.6823e-12
1.24399e-08
4.05043e-12
8.4268e-13
-5.86694e-12
2.43834e-08
1.71911e-12
-6.1067e-12
2.20965e-08
2.68835e-12
-6.50678e-12
1.96369e-08
-6.91952e-12
1.70496e-08
9.63374e-13
-6.23935e-12
2.79039e-08
1.85663e-12
-6.54425e-12
2.55495e-08
2.69373e-12
-7.01737e-12
2.29779e-08
-7.486e-12
2.02565e-08
1.07456e-12
2.97609e-08
1.96421e-12
2.73567e-08
2.64949e-12
2.47087e-08
2.19002e-08
4.3912e-13
-2.93739e-12
1.9576e-08
2.17609e-12
9.64681e-13
-3.04764e-12
1.73122e-08
2.23639e-12
1.60993e-12
-3.22066e-12
1.49246e-08
2.32536e-12
-3.40948e-12
1.24401e-08
2.44007e-12
5.23844e-13
-3.49267e-12
2.43835e-08
1.06137e-12
-3.64478e-12
2.20965e-08
1.65049e-12
-3.88831e-12
1.9637e-08
-4.13628e-12
1.70497e-08
6.0098e-13
-3.70488e-12
2.79035e-08
1.14662e-12
-3.89382e-12
2.55492e-08
1.65532e-12
-4.17921e-12
2.29777e-08
-4.46001e-12
2.02563e-08
6.70348e-13
2.976e-08
1.21192e-12
2.7356e-08
1.62891e-12
2.47081e-08
2.18998e-08
2.87448e-13
-1.69346e-12
1.26796e-12
6.20207e-13
-1.77816e-12
1.31891e-12
1.0212e-12
-1.89313e-12
1.3853e-12
-2.00732e-12
1.45909e-12
3.36767e-13
-2.00274e-12
6.88204e-13
-2.11345e-12
1.05638e-12
-2.26569e-12
-2.41091e-12
3.80035e-13
-2.10492e-12
7.46338e-13
-2.23425e-12
1.06821e-12
-2.40701e-12
-2.56909e-12
4.17078e-13
7.88295e-13
1.05776e-12
3.36276e-09
-8.74865e-09
2.00638e-08
4.69064e-09
-8.72404e-09
2.95298e-08
-1.52611e-08
-2.07875e-08
4.12667e-08
-2.76573e-08
4.70742e-09
5.17641e-09
-1.1603e-08
1.78494e-08
1.04902e-08
-1.03111e-08
1.54642e-08
-1.27074e-08
6.34473e-09
2.43592e-08
-8.02498e-09
5.66297e-09
-2.97133e-09
-1.42301e-08
1.60203e-08
-2.21048e-09
-1.19135e-08
2.17681e-08
-1.23805e-09
6.99799e-09
2.27976e-08
2.6118e-09
1.22084e-08
2.09653e-08
1.75012e-08
5.18463e-09
1.99133e-08
1.07293e-08
1.76969e-08
1.41688e-08
-2.47654e-09
-1.00634e-09
2.43845e-08
-6.70407e-09
2.6058e-09
3.11515e-08
-2.7601e-09
4.15694e-09
3.31658e-08
-4.67667e-09
8.40486e-09
-1.00291e-09
-1.13487e-09
2.08546e-08
-5.56495e-09
-1.08761e-10
2.27408e-08
-3.86376e-09
3.24487e-09
2.357e-08
-4.84366e-09
1.1807e-08
-1.37089e-09
-1.48239e-09
1.90988e-08
-3.22972e-09
2.83408e-09
2.06841e-08
-2.26833e-09
5.7929e-09
1.92882e-08
-1.23821e-09
1.3295e-08
-5.61873e-11
1.59501e-08
-1.56469e-09
1.73639e-08
-9.59092e-10
1.64137e-08
1.45062e-08
9.85357e-10
1.28416e-09
2.19071e-08
2.64176e-09
3.05803e-09
2.64371e-08
5.16016e-09
2.82363e-09
2.78237e-08
-3.07387e-09
1.81469e-08
1.74851e-09
8.76783e-10
1.96051e-08
2.67866e-09
1.69289e-09
2.31758e-08
3.94687e-09
1.51188e-09
2.36136e-08
-3.29205e-09
1.81752e-08
2.34242e-09
1.1052e-09
1.69366e-08
3.36569e-09
1.2419e-09
2.01119e-08
3.40807e-09
5.56246e-10
2.02014e-08
-2.88195e-09
1.7838e-08
2.56562e-09
1.38886e-08
3.31441e-09
1.70366e-08
2.75932e-09
1.76555e-08
1.69178e-08
1.55438e-09
1.47073e-11
2.07386e-08
2.93653e-09
4.11363e-10
2.46435e-08
3.88589e-09
4.70098e-10
2.64043e-08
-1.59807e-09
2.35413e-08
1.74022e-09
7.00913e-11
1.82618e-08
2.96835e-09
2.12428e-10
2.21466e-08
3.4844e-09
-1.17277e-10
2.36849e-08
-2.12972e-09
2.21797e-08
1.99386e-09
-9.19265e-11
1.57101e-08
3.13613e-09
-3.4787e-10
1.95299e-08
3.05944e-09
-8.73816e-10
2.10346e-08
-2.11218e-09
2.06155e-08
2.148e-09
1.29869e-08
3.06217e-09
1.6818e-08
2.70257e-09
1.85715e-08
1.88037e-08
1.41567e-09
-1.3541e-11
1.99135e-08
2.11889e-09
-6.11675e-11
2.40015e-08
2.27425e-09
-1.08909e-10
2.63578e-08
-8.18479e-10
2.61766e-08
1.44298e-09
-1.7548e-10
1.75736e-08
2.10275e-09
-3.00227e-10
2.17259e-08
2.1426e-09
-5.12477e-10
2.40486e-08
-1.23624e-09
2.43146e-08
1.52383e-09
-4.21999e-10
1.51072e-08
2.1451e-09
-6.61663e-10
1.92701e-08
1.99101e-09
-9.21411e-10
2.15977e-08
-1.35641e-09
2.22168e-08
1.59229e-09
1.25321e-08
2.11389e-09
1.66861e-08
1.8601e-09
1.90982e-08
1.99667e-08
1.01441e-09
-1.076e-10
1.95592e-08
1.33774e-09
-1.75359e-10
2.38535e-08
1.28477e-09
-2.28005e-10
2.66388e-08
-4.81117e-10
2.75362e-08
1.01781e-09
-2.70325e-10
1.72762e-08
1.32238e-09
-3.80688e-10
2.16266e-08
1.23608e-09
-5.01712e-10
2.44086e-08
-7.65659e-10
2.54518e-08
1.05354e-09
-4.82708e-10
1.48681e-08
1.34232e-09
-6.14782e-10
1.92154e-08
1.1944e-09
-7.34399e-10
2.19783e-08
-8.92519e-10
2.31265e-08
1.09222e-09
1.2363e-08
1.33954e-09
1.66745e-08
1.15754e-09
1.94291e-08
2.06504e-08
7.05128e-10
-1.19965e-10
1.94312e-08
8.45793e-10
-1.70504e-10
2.38833e-08
7.57401e-10
-2.12368e-10
2.69395e-08
-3.11036e-10
2.83026e-08
7.04026e-10
-2.64142e-10
1.71758e-08
8.35139e-10
-3.35049e-10
2.16601e-08
7.35732e-10
-4.06214e-10
2.47019e-08
-5.11845e-10
2.61017e-08
7.24917e-10
-4.31962e-10
1.47952e-08
8.49032e-10
-5.00419e-10
1.92566e-08
7.28262e-10
-5.57749e-10
2.22506e-08
-6.17225e-10
2.36603e-08
7.50562e-10
1.23195e-08
8.5779e-10
1.67255e-08
7.2556e-10
1.96602e-08
2.1064e-08
4.89844e-10
-1.10741e-10
1.94063e-08
5.49029e-10
-1.42582e-10
2.39667e-08
4.71243e-10
-1.70762e-10
2.71881e-08
-2.12464e-10
2.87681e-08
4.89062e-10
-2.28525e-10
1.71603e-08
5.4292e-10
-2.71003e-10
2.17346e-08
4.60825e-10
-3.12913e-10
2.49261e-08
-3.5862e-10
2.64994e-08
5.03512e-10
-3.55992e-10
1.47899e-08
5.54476e-10
-3.91951e-10
1.93266e-08
4.64243e-10
-4.20686e-10
2.24486e-08
-4.4313e-10
2.39905e-08
5.22054e-10
1.23239e-08
5.6676e-10
1.67918e-08
4.72878e-10
1.98263e-08
2.13254e-08
3.43471e-10
-9.29711e-11
1.94216e-08
3.67471e-10
-1.1279e-10
2.40555e-08
3.08289e-10
-1.30817e-10
2.73781e-08
-1.49963e-10
2.90674e-08
3.4354e-10
-1.85723e-10
1.71769e-08
3.64479e-10
-2.11745e-10
2.18126e-08
3.03358e-10
-2.36814e-10
2.50932e-08
-2.57996e-10
2.67565e-08
3.54128e-10
-2.8104e-10
1.4808e-08
3.74241e-10
-3.01324e-10
1.93961e-08
3.09796e-10
-3.16654e-10
2.25929e-08
-3.24929e-10
2.42053e-08
3.67902e-10
1.2343e-08
3.8627e-10
1.68529e-08
3.20905e-10
1.99461e-08
2.14975e-08
2.43145e-10
-7.42682e-11
1.94492e-08
2.52408e-10
-8.69458e-11
2.41332e-08
2.09787e-10
-9.83904e-11
2.75191e-08
-1.07938e-10
2.92679e-08
2.43798e-10
-1.45574e-10
1.72023e-08
2.51294e-10
-1.62254e-10
2.18805e-08
2.07719e-10
-1.77734e-10
2.52161e-08
-1.88324e-10
2.69293e-08
2.51701e-10
-2.16316e-10
1.48314e-08
2.59311e-10
-2.28817e-10
1.9455e-08
2.14301e-10
-2.3767e-10
2.26978e-08
-2.40598e-10
2.43502e-08
2.62012e-10
1.23641e-08
2.69638e-10
1.6903e-08
2.24601e-10
2.00323e-08
2.16142e-08
1.73569e-10
-5.75344e-11
1.9477e-08
1.76906e-10
-6.59817e-11
2.41959e-08
1.46894e-10
-7.33887e-11
2.76225e-08
-7.85793e-11
2.9406e-08
1.74495e-10
-1.11527e-10
1.72271e-08
1.76807e-10
-1.22752e-10
2.19349e-08
1.46306e-10
-1.32725e-10
2.5306e-08
-1.38508e-10
2.70488e-08
1.80415e-10
-1.63817e-10
1.48532e-08
1.83191e-10
-1.72196e-10
1.95017e-08
1.52049e-10
-1.77776e-10
2.2774e-08
-1.78781e-10
2.44506e-08
1.8813e-10
1.23826e-08
1.91492e-10
1.69417e-08
1.60564e-10
2.00944e-08
2.16951e-08
1.24738e-10
-4.37229e-11
1.95011e-08
1.25846e-10
-4.95596e-11
2.42443e-08
1.04896e-10
-5.45004e-11
2.7698e-08
-5.75741e-11
2.95031e-08
1.25725e-10
-8.41915e-11
1.72481e-08
1.26231e-10
-9.20511e-11
2.19769e-08
1.05029e-10
-9.87594e-11
2.53714e-08
-1.02225e-10
2.71329e-08
1.30157e-10
-1.22747e-10
1.48712e-08
1.31198e-10
-1.28719e-10
1.95373e-08
1.09705e-10
-1.32521e-10
2.28293e-08
-1.32895e-10
2.45213e-08
1.35914e-10
1.23975e-08
1.37631e-10
1.69707e-08
1.16372e-10
2.0139e-08
2.17519e-08
9.01112e-11
-3.28163e-11
1.95204e-08
9.04724e-11
-3.69599e-11
2.42809e-08
7.58822e-11
-4.03586e-11
2.77529e-08
-4.23242e-11
2.95722e-08
9.10399e-11
-6.29386e-11
1.72648e-08
9.10437e-11
-6.85945e-11
2.20085e-08
7.63229e-11
-7.3273e-11
2.54191e-08
-7.55337e-11
2.71928e-08
9.43521e-11
-9.13188e-11
1.48853e-08
9.48452e-11
-9.5735e-11
1.9564e-08
7.99931e-11
-9.84756e-11
2.28693e-08
-9.86772e-11
2.45717e-08
9.8636e-11
1.2409e-08
9.97244e-11
1.69922e-08
8.50647e-11
2.01711e-08
2.17921e-08
6.53466e-11
-2.44271e-11
1.95352e-08
6.55123e-11
-2.74211e-11
2.43082e-08
5.53418e-11
-2.98197e-11
2.77929e-08
-3.11555e-11
2.96218e-08
6.61615e-11
-4.67388e-11
1.72776e-08
6.61116e-11
-5.08762e-11
2.2032e-08
5.58735e-11
-5.42266e-11
2.54537e-08
-5.57998e-11
2.72359e-08
6.86315e-11
-6.76024e-11
1.4896e-08
6.89884e-11
-7.0927e-11
1.95837e-08
5.86935e-11
-7.29696e-11
2.28983e-08
-7.31408e-11
2.46079e-08
7.18113e-11
1.24176e-08
7.26413e-11
1.70079e-08
6.24885e-11
2.01942e-08
2.18209e-08
4.75109e-11
-1.80772e-11
1.95465e-08
4.76574e-11
-2.02628e-11
2.43283e-08
4.05503e-11
-2.19873e-11
2.7822e-08
-2.29344e-11
2.96576e-08
4.81946e-11
-3.45426e-11
1.72872e-08
4.82091e-11
-3.75951e-11
2.20494e-08
4.10669e-11
-4.00356e-11
2.54789e-08
-4.11779e-11
2.7267e-08
5.00327e-11
-4.98623e-11
1.4904e-08
5.03689e-11
-5.23804e-11
1.95981e-08
4.32043e-11
-5.39273e-11
2.29194e-08
-5.40983e-11
2.46339e-08
5.23875e-11
1.2424e-08
5.30812e-11
1.70194e-08
4.60162e-11
2.02109e-08
2.18416e-08
3.45893e-11
-1.33174e-11
1.95548e-08
3.47535e-11
-1.4921e-11
2.4343e-08
2.97728e-11
-1.61754e-11
2.78431e-08
-1.68646e-11
2.96835e-08
3.51451e-11
-2.54297e-11
1.72943e-08
3.52275e-11
-2.76891e-11
2.2062e-08
3.02281e-11
-2.94837e-11
2.54972e-08
-3.03326e-11
2.72896e-08
3.65098e-11
-3.66623e-11
1.49099e-08
3.6839e-11
-3.85685e-11
1.96087e-08
3.18326e-11
-3.97456e-11
2.29347e-08
-3.99132e-11
2.46528e-08
3.82492e-11
1.24287e-08
3.88413e-11
1.70277e-08
3.39026e-11
2.02229e-08
2.18565e-08
2.51767e-11
-9.76882e-12
1.95609e-08
2.53517e-11
-1.09467e-11
2.43538e-08
2.18525e-11
-1.18645e-11
2.78585e-08
-1.23725e-11
2.97023e-08
2.56178e-11
-1.8648e-11
1.72995e-08
2.57414e-11
-2.03197e-11
2.20713e-08
2.22319e-11
-2.16438e-11
2.55105e-08
-2.22808e-11
2.73059e-08
2.66276e-11
-2.68653e-11
1.49143e-08
2.6937e-11
-2.83021e-11
1.96163e-08
2.34269e-11
-2.91958e-11
2.29457e-08
-2.93507e-11
2.46665e-08
2.79084e-11
1.24321e-08
2.84079e-11
1.70338e-08
2.49428e-11
2.02316e-08
2.18673e-08
1.82799e-11
-7.1279e-12
1.95654e-08
1.84503e-11
-7.9909e-12
2.43616e-08
1.59896e-11
-8.66261e-12
2.78696e-08
-9.03849e-12
2.97159e-08
1.86229e-11
-1.36058e-11
1.73033e-08
1.87604e-11
-1.48378e-11
2.2078e-08
1.62937e-11
-1.58133e-11
2.55201e-08
-1.62911e-11
2.73178e-08
1.93662e-11
-1.95933e-11
1.49174e-08
1.96416e-11
-2.06683e-11
1.96219e-08
1.71765e-11
-2.1342e-11
2.29537e-08
-2.14775e-11
2.46763e-08
2.03046e-11
1.24346e-08
2.0716e-11
1.70381e-08
1.82804e-11
2.02378e-08
2.1875e-08
1.31883e-11
-5.15832e-12
1.95687e-08
1.33413e-11
-5.78618e-12
2.43673e-08
1.16151e-11
-6.27515e-12
2.78776e-08
-6.55194e-12
2.97257e-08
1.34494e-11
-9.84696e-12
1.73061e-08
1.35813e-11
-1.07474e-11
2.20828e-08
1.18512e-11
-1.14609e-11
2.5527e-08
-1.18166e-11
2.73263e-08
1.39919e-11
-1.41776e-11
1.49197e-08
1.42246e-11
-1.49725e-11
1.96259e-08
1.24965e-11
-1.54744e-11
2.29595e-08
-1.55873e-11
2.46834e-08
1.46738e-11
1.24364e-08
1.50026e-11
1.70412e-08
1.32938e-11
2.02423e-08
2.18806e-08
9.38748e-12
-3.67871e-12
1.9571e-08
9.51544e-12
-4.129e-12
2.43713e-08
8.31572e-12
-4.48024e-12
2.78833e-08
-4.68132e-12
2.97327e-08
9.58134e-12
-7.02339e-12
1.7308e-08
9.69558e-12
-7.67132e-12
2.20863e-08
8.49315e-12
-8.18565e-12
2.55319e-08
-8.44617e-12
2.73323e-08
9.97124e-12
-1.01116e-11
1.49213e-08
1.01578e-11
-1.06888e-11
1.96287e-08
8.95707e-12
-1.10556e-11
2.29635e-08
-1.11454e-11
2.46885e-08
1.04594e-11
1.24376e-08
1.07131e-11
1.70434e-08
9.52463e-12
2.02455e-08
2.18846e-08
6.50249e-12
-2.55101e-12
1.95725e-08
6.60256e-12
-2.8653e-12
2.4374e-08
5.78803e-12
-3.11105e-12
2.78872e-08
-3.25324e-12
2.97375e-08
6.6415e-12
-4.87106e-12
1.73094e-08
6.7326e-12
-5.32408e-12
2.20886e-08
5.91609e-12
-5.68451e-12
2.55353e-08
-5.86967e-12
2.73365e-08
6.91398e-12
-7.01313e-12
1.49224e-08
7.05539e-12
-7.41905e-12
1.96307e-08
6.24007e-12
-7.67863e-12
2.29664e-08
-7.74637e-12
2.4692e-08
7.25378e-12
1.24385e-08
7.44086e-12
1.7045e-08
6.63322e-12
2.02477e-08
2.18873e-08
4.26956e-12
-1.67387e-12
1.95736e-08
4.34422e-12
-1.88302e-12
2.43758e-08
3.82093e-12
-2.04718e-12
2.78898e-08
-2.14326e-12
2.97407e-08
4.36528e-12
-3.19699e-12
1.73103e-08
4.43418e-12
-3.49742e-12
2.20902e-08
3.90929e-12
-3.73686e-12
2.55376e-08
-3.86149e-12
2.73392e-08
4.5469e-12
-4.60421e-12
1.49231e-08
4.64896e-12
-4.87367e-12
1.96319e-08
4.1247e-12
-5.04656e-12
2.29682e-08
-5.09379e-12
2.46942e-08
4.77148e-12
1.2439e-08
4.9033e-12
1.7046e-08
4.38377e-12
2.02491e-08
2.18891e-08
2.56543e-12
-9.98697e-13
1.95742e-08
2.62654e-12
-1.12956e-12
2.43769e-08
2.33048e-12
-1.23214e-12
2.78913e-08
-1.29329e-12
2.97425e-08
2.63299e-12
-1.90451e-12
1.73108e-08
2.69111e-12
-2.08775e-12
2.20911e-08
2.39307e-12
-2.23336e-12
2.55389e-08
-2.3105e-12
2.73408e-08
2.74925e-12
-2.7476e-12
1.49235e-08
2.82744e-12
-2.90969e-12
1.96327e-08
2.52933e-12
-3.013e-12
2.29693e-08
-3.0418e-12
2.46956e-08
2.88744e-12
1.24394e-08
2.98395e-12
1.70465e-08
2.68872e-12
2.02499e-08
2.18901e-08
1.52577e-12
-5.51001e-13
1.59986e-12
-6.26289e-13
1.45568e-12
-6.8551e-13
-7.22011e-13
1.58719e-12
-1.08237e-12
1.66074e-12
-1.19808e-12
1.51247e-12
-1.28899e-12
-1.33967e-12
1.6731e-12
-1.58093e-12
1.75753e-12
-1.68222e-12
1.60743e-12
-1.74638e-12
-1.76664e-12
1.75973e-12
1.85459e-12
1.70657e-12
)
;

boundaryField
{
    inlet
    {
        type            calculated;
        value           nonuniform List<scalar> 
48
(
-1.20687e-08
-1.99078e-08
-2.1969e-08
-2.19063e-08
-2.19883e-08
-2.66826e-08
-1.99854e-08
-2.17451e-08
-2.15867e-08
-1.64342e-08
-1.94215e-08
-1.3474e-08
-2.20196e-08
-2.10447e-08
-2.17751e-08
-2.20565e-08
-2.14935e-08
-2.66701e-08
-3.04272e-08
-3.3008e-08
-1.87409e-08
-2.3802e-08
-2.7799e-08
-2.20028e-08
-1.56423e-08
-2.09342e-08
-2.62467e-08
-2.62125e-08
-1.31848e-08
-1.79313e-08
-1.69315e-08
-2.21869e-08
-2.13412e-08
-1.84932e-08
-1.52057e-08
-1.26324e-08
-2.57008e-08
-1.91909e-08
-2.09266e-08
-1.80664e-08
-3.3866e-08
-2.82938e-08
-2.44233e-08
-2.11978e-08
-3.72787e-08
-3.03359e-08
-2.36185e-08
-2.03372e-08
)
;
    }
    outlet
    {
        type            calculated;
        value           nonuniform List<scalar> 
48
(
2.07927e-08
2.0846e-08
2.08687e-08
2.08776e-08
2.08438e-08
2.08731e-08
2.0885e-08
2.08899e-08
2.08642e-08
2.08827e-08
2.08898e-08
2.0893e-08
2.08708e-08
2.08852e-08
2.08906e-08
2.08932e-08
1.95761e-08
2.43834e-08
2.79032e-08
2.97595e-08
1.73123e-08
2.20965e-08
2.5549e-08
2.73555e-08
1.49247e-08
1.9637e-08
2.29775e-08
2.47077e-08
1.24402e-08
1.70497e-08
2.02562e-08
2.18995e-08
1.95745e-08
1.7311e-08
1.49237e-08
1.24395e-08
2.43775e-08
2.20916e-08
1.96331e-08
1.70468e-08
2.78922e-08
2.55396e-08
2.29699e-08
2.02504e-08
2.97436e-08
2.73418e-08
2.46964e-08
2.18907e-08
)
;
    }
    wall
    {
        type            calculated;
        value           nonuniform List<scalar> 
192
(
-7.4782e-26
-2.0613e-13
2.18842e-13
8.10457e-10
4.92871e-26
9.06993e-26
3.69059e-25
3.6892e-25
-6.5835e-26
-1.51909e-26
-4.94844e-26
-5.57842e-26
1.205e-26
-3.53848e-26
3.00107e-25
-1.86634e-25
-1.49586e-25
1.15803e-25
8.19597e-26
-1.74955e-25
2.81605e-25
-1.62334e-25
6.84182e-26
-2.83693e-26
-1.8445e-25
-2.29899e-25
9.01348e-26
-2.52343e-26
1.78921e-26
-2.9997e-25
1.07069e-26
-1.42946e-26
-7.80592e-27
2.39955e-26
-5.92704e-26
-5.14901e-26
8.42104e-26
6.74762e-26
3.24492e-26
6.62567e-27
2.89082e-26
-2.78415e-26
8.57348e-27
-6.83262e-27
-5.90725e-26
-6.57126e-26
-3.09364e-26
-1.91939e-27
3.9461e-26
4.255e-26
-5.04599e-27
1.07787e-26
-1.85772e-26
1.49887e-26
3.27623e-27
-1.04135e-26
2.91982e-27
-5.1616e-27
2.1278e-26
-5.35247e-27
-1.88612e-27
1.40583e-26
-1.06012e-26
-1.68835e-27
-9.25876e-27
-1.17838e-27
4.02153e-27
1.5225e-27
6.50811e-27
3.66528e-28
-3.65912e-28
8.16802e-28
-3.52701e-27
-3.04502e-27
1.18034e-28
-8.04035e-28
-2.14531e-27
4.01089e-27
-1.09589e-27
-7.63597e-28
2.30384e-27
3.32146e-27
6.5539e-28
-1.91043e-28
-8.59046e-28
6.37944e-28
-5.0942e-28
3.91616e-28
1.375e-27
2.40042e-28
-1.26638e-28
-1.92564e-28
-4.97293e-29
-7.66341e-28
4.05659e-28
-8.48241e-29
8.20238e-09
2.12964e-26
1.03938e-25
2.73407e-25
-7.64276e-25
1.05861e-25
1.69416e-25
7.61471e-26
-1.57197e-26
8.99674e-26
-4.11343e-26
-1.72995e-26
4.97984e-27
1.70291e-26
6.73332e-27
-1.61706e-28
9.49594e-27
3.32297e-27
5.35041e-27
5.66874e-27
4.69485e-28
5.13625e-29
5.40519e-28
-1.0143e-28
3.56723e-09
-4.93239e-25
-2.37224e-25
-1.08808e-25
4.08325e-25
-2.89593e-26
-1.62719e-25
5.76002e-26
1.60723e-25
-4.37968e-26
3.13194e-26
6.2616e-27
-2.79795e-26
2.67785e-26
6.49353e-28
1.44752e-26
1.36954e-26
-5.01591e-28
2.3336e-27
1.27054e-27
1.4694e-27
9.69002e-28
-2.44723e-28
1.79841e-28
3.33387e-08
6.88764e-25
1.27022e-24
3.73386e-25
3.45339e-25
2.73922e-25
6.69149e-26
4.48558e-26
3.65749e-26
1.65562e-27
6.19816e-27
1.0973e-26
8.39617e-27
-3.34778e-27
3.75239e-27
3.72061e-27
4.74365e-27
-1.85144e-27
5.9832e-27
-1.05348e-27
2.72019e-28
1.51914e-27
3.71382e-28
-4.12926e-29
3.49133e-08
7.12978e-25
3.2482e-25
2.47095e-25
-1.60674e-25
-2.25941e-26
1.93822e-26
-3.06038e-26
8.77288e-27
-9.32187e-27
-5.78269e-27
7.804e-27
7.456e-27
-3.68328e-31
9.60052e-28
-8.9542e-28
-3.85932e-28
1.67158e-27
1.03492e-27
2.73397e-29
5.18567e-29
1.91373e-28
-1.20391e-28
1.6339e-28
)
;
    }
    procBoundary0to1
    {
        type            processor;
        value           nonuniform List<scalar> 
192
(
4.60553e-09
1.58459e-08
2.30571e-09
2.74803e-08
-2.24769e-09
-6.23048e-09
-1.14528e-08
-1.06967e-08
-1.49616e-10
-1.5456e-09
-2.4297e-09
-9.21516e-10
7.56076e-10
5.73952e-10
5.3121e-10
1.0788e-09
7.29568e-10
7.8403e-10
8.96421e-10
1.19888e-09
5.29472e-10
6.01781e-10
7.13633e-10
8.96596e-10
3.74118e-10
4.29857e-10
5.0891e-10
6.16058e-10
2.69897e-10
3.08529e-10
3.59639e-10
4.22341e-10
1.98894e-10
2.24955e-10
2.57398e-10
2.94656e-10
1.4842e-10
1.65953e-10
1.86617e-10
2.0915e-10
1.11405e-10
1.23256e-10
1.36548e-10
1.504e-10
8.37784e-11
9.18419e-11
1.0049e-10
1.09125e-10
6.2981e-11
6.85045e-11
7.41907e-11
7.96349e-11
4.7269e-11
5.10766e-11
5.48513e-11
5.83175e-11
3.53889e-11
3.80285e-11
4.05566e-11
4.2784e-11
2.64089e-11
2.82472e-11
2.99528e-11
3.13959e-11
1.96238e-11
2.0908e-11
2.20651e-11
2.30048e-11
1.44937e-11
1.53924e-11
1.61806e-11
1.67954e-11
1.06031e-11
1.12309e-11
1.1769e-11
1.21739e-11
7.63124e-12
8.06591e-12
8.43127e-12
8.69819e-12
5.3332e-12
5.62743e-12
5.87051e-12
6.04319e-12
3.53846e-12
3.72863e-12
3.88315e-12
3.98954e-12
2.19512e-12
2.30933e-12
2.40015e-12
2.46005e-12
1.42913e-12
1.49935e-12
1.55244e-12
1.58418e-12
1.00542e-08
-7.66685e-09
-4.64725e-10
1.74694e-08
-1.78088e-09
-9.84083e-09
-6.9604e-09
-1.75223e-09
-1.50797e-09
-2.20311e-09
-1.54506e-09
-2.18867e-10
8.95568e-11
1.15879e-11
2.64403e-10
6.22678e-10
4.57423e-10
4.25381e-10
5.09865e-10
6.33632e-10
4.063e-10
3.83463e-10
4.11562e-10
4.67577e-10
3.01969e-10
2.86619e-10
2.99894e-10
3.32461e-10
2.18243e-10
2.09248e-10
2.1852e-10
2.40862e-10
1.58961e-10
1.5436e-10
1.61958e-10
1.78351e-10
1.17239e-10
1.15274e-10
1.21602e-10
1.33816e-10
8.73119e-11
8.67755e-11
9.1929e-11
1.01011e-10
6.5402e-11
6.55675e-11
6.9661e-11
7.63783e-11
4.91158e-11
4.95759e-11
5.27633e-11
5.77076e-11
3.68939e-11
3.74346e-11
3.98797e-11
4.35062e-11
2.76746e-11
2.81922e-11
3.00471e-11
3.27002e-11
2.07033e-11
2.11545e-11
2.25492e-11
2.44859e-11
1.54252e-11
1.57976e-11
1.6838e-11
1.82482e-11
1.14227e-11
1.17188e-11
1.24884e-11
1.3511e-11
8.37691e-12
8.60505e-12
9.1681e-12
9.90442e-12
6.04207e-12
6.21241e-12
6.61736e-12
7.1403e-12
4.22998e-12
4.35226e-12
4.63508e-12
4.99675e-12
2.80854e-12
2.89247e-12
3.08058e-12
3.31873e-12
1.73759e-12
1.79549e-12
1.91463e-12
2.06134e-12
1.11915e-12
1.16875e-12
1.25182e-12
1.34478e-12
)
;
    }
    procBoundary0to2
    {
        type            processor;
        value           nonuniform List<scalar> 
192
(
-5.51927e-09
9.91047e-09
1.68921e-08
-5.2677e-09
-6.22661e-09
-3.25988e-09
-2.00771e-09
-2.74919e-09
-3.97287e-09
-4.24301e-09
-4.24002e-09
-2.84252e-09
-2.8433e-09
-2.94342e-09
-2.91221e-09
-2.366e-09
-2.02868e-09
-2.03072e-09
-1.94818e-09
-1.67836e-09
-1.45398e-09
-1.4503e-09
-1.3908e-09
-1.24426e-09
-1.05389e-09
-1.0579e-09
-1.02459e-09
-9.44478e-10
-7.6855e-10
-7.76157e-10
-7.59386e-10
-7.15263e-10
-5.61319e-10
-5.696e-10
-5.62008e-10
-5.37564e-10
-4.09913e-10
-4.17573e-10
-4.14822e-10
-4.01307e-10
-2.99229e-10
-3.05818e-10
-3.05496e-10
-2.98109e-10
-2.18389e-10
-2.23836e-10
-2.24633e-10
-2.20691e-10
-1.59397e-10
-1.63786e-10
-1.65007e-10
-1.62994e-10
-1.16359e-10
-1.19833e-10
-1.21123e-10
-1.20175e-10
-8.49472e-11
-8.76573e-11
-8.88483e-11
-8.84718e-11
-6.19922e-11
-6.40827e-11
-6.51074e-11
-6.50247e-11
-4.51804e-11
-4.67761e-11
-4.76204e-11
-4.76786e-11
-3.28229e-11
-3.40273e-11
-3.47006e-11
-3.4815e-11
-2.36853e-11
-2.45817e-11
-2.5103e-11
-2.52268e-11
-1.68604e-11
-1.75146e-11
-1.79061e-11
-1.80171e-11
-1.16782e-11
-1.21403e-11
-1.2423e-11
-1.25129e-11
-7.65643e-12
-7.96394e-12
-8.15543e-12
-8.2219e-12
-4.54918e-12
-4.73451e-12
-4.85176e-12
-4.89581e-12
-2.58592e-12
-2.69596e-12
-2.76767e-12
-2.79819e-12
3.11552e-08
2.15349e-11
1.60172e-08
-6.81059e-09
-1.10446e-08
-5.95968e-09
-4.14237e-09
-3.21182e-09
-4.61485e-09
-3.17828e-09
-1.88125e-09
-2.61034e-09
-2.88024e-09
-2.50968e-09
-2.16803e-09
-2.35271e-09
-1.87191e-09
-1.84593e-09
-1.82134e-09
-1.90493e-09
-1.25726e-09
-1.29914e-09
-1.35042e-09
-1.41129e-09
-8.7609e-10
-9.19634e-10
-9.74811e-10
-1.02373e-09
-6.24905e-10
-6.59851e-10
-7.04876e-10
-7.43607e-10
-4.50929e-10
-4.7731e-10
-5.1158e-10
-5.41242e-10
-3.27014e-10
-3.46457e-10
-3.71919e-10
-3.94213e-10
-2.3763e-10
-2.51802e-10
-2.70541e-10
-2.87156e-10
-1.72837e-10
-1.83115e-10
-1.96857e-10
-2.09191e-10
-1.25785e-10
-1.33223e-10
-1.43289e-10
-1.5243e-10
-9.15849e-11
-9.69662e-11
-1.04338e-10
-1.11105e-10
-6.67026e-11
-7.05966e-11
-7.59941e-11
-8.09993e-11
-4.85722e-11
-5.13903e-11
-5.53406e-11
-5.9037e-11
-3.533e-11
-3.73684e-11
-4.02552e-11
-4.29783e-11
-2.56217e-11
-2.70926e-11
-2.91952e-11
-3.11923e-11
-1.84606e-11
-1.95158e-11
-2.10365e-11
-2.24896e-11
-1.31243e-11
-1.38719e-11
-1.49564e-11
-1.59979e-11
-9.08095e-12
-9.59685e-12
-1.03493e-11
-1.10745e-11
-5.94704e-12
-6.28562e-12
-6.78004e-12
-7.25753e-12
-3.52127e-12
-3.72811e-12
-4.02476e-12
-4.31027e-12
-1.96875e-12
-2.10501e-12
-2.28145e-12
-2.44607e-12
)
;
    }
}


// ************************************************************************* //
