/*--------------------------------*- C++ -*----------------------------------*\
  =========                 |
  \\      /  F ield         | OpenFOAM: The Open Source CFD Toolbox
   \\    /   O peration     | Website:  https://openfoam.org
    \\  /    A nd           | Version:  6
     \\/     M anipulation  |
\*---------------------------------------------------------------------------*/
FoamFile
{
    version     2.0;
    format      ascii;
    class       volVectorField;
    location    "0.03";
    object      stored_U;
}
// * * * * * * * * * * * * * * * * * * * * * * * * * * * * * * * * * * * * * //

dimensions      [0 1 -1 0 0 0 0];

internalField   nonuniform List<vector> 
1152
(
(0.00923731 -0.0153835 -0.00475749)
(-0.000297871 0.00319683 0.000709974)
(0.00144544 0.00456914 0.00474457)
(0.000702745 9.1869e-06 0.00510544)
(0.00273834 -0.00099609 -0.000360823)
(-0.00434886 0.00654616 0.00308534)
(0.0100968 0.00298827 -0.00139674)
(0.00219558 -0.000180862 0.00211087)
(-0.002003 -0.00274388 0.00268883)
(-0.0035365 0.000503916 0.00104568)
(-0.00320133 0.00480914 -0.000861427)
(-0.000404274 0.000271416 0.000336756)
(-0.00219795 -0.00355248 0.000521747)
(-0.0015424 0.00152201 0.0013397)
(0.000295206 0.00753337 -0.00320914)
(-0.000392547 -0.00222 0.000120846)
(0.0010092 -0.000789434 0.0111034)
(-0.00124882 0.0013396 0.00800358)
(-0.00139493 0.00202242 0.00825668)
(-0.00103367 9.34955e-05 0.00776431)
(6.21312e-05 -0.00140366 0.00966784)
(-0.0021906 0.000285334 0.00635851)
(-0.00165521 0.00161393 0.0087276)
(-0.00178175 0.000522866 0.00946592)
(-0.00213945 -0.00113152 0.00932118)
(-0.00292558 -0.00097551 0.00985008)
(-0.00269247 0.000175502 0.00914509)
(-0.00236109 0.000356868 0.00803584)
(-0.00255689 -0.00100114 0.00832216)
(-0.00255353 -0.000652368 0.0114945)
(-0.00180016 -0.000259763 0.00987239)
(-0.00187855 -0.000231891 0.000594215)
(0.000762189 0.000164265 0.00666935)
(0.000649867 3.6365e-05 0.00606053)
(0.000449481 -7.46856e-05 0.00583338)
(0.000180306 -0.00053549 0.00550451)
(0.000316243 -0.000311771 0.00639369)
(8.57803e-05 -0.000331624 0.00606861)
(7.14258e-05 -6.44859e-05 0.00616585)
(-9.3593e-05 -0.000137623 0.00589517)
(-0.000254775 -0.000380249 0.00627509)
(-0.000240966 -0.000533876 0.00642052)
(-3.1165e-05 -0.000229171 0.00587872)
(-0.000191765 9.50029e-05 0.00490774)
(-0.000389083 -0.000660558 0.00595514)
(-9.44017e-05 -0.00076468 0.00618885)
(0.000320297 -0.000683525 0.00518536)
(0.000105406 -0.000354382 0.00333098)
(0.000470996 -0.000160481 0.00727922)
(0.000717891 -0.000317098 0.00687973)
(0.000681509 -0.000407745 0.00643665)
(0.000426095 -0.000484245 0.00603377)
(0.000385408 -0.000250815 0.00711151)
(0.000532038 -0.00033585 0.00691265)
(0.000565996 -0.000299898 0.00660197)
(0.000381992 -0.00024864 0.00621111)
(0.000326297 -0.000335891 0.00695554)
(0.000485091 -0.000359535 0.00684077)
(0.000600475 -0.000237332 0.00641884)
(0.000398137 -7.01303e-05 0.00586941)
(0.000370194 -0.000553756 0.00690522)
(0.000587726 -0.000557795 0.00670456)
(0.000763775 -0.000491017 0.00613213)
(0.000539805 -0.000324604 0.00545029)
(0.000361808 -0.000209145 0.00700526)
(0.000514883 -0.000288916 0.00681477)
(0.000497685 -0.00032401 0.0065576)
(0.000328396 -0.000330002 0.00632297)
(0.000349844 -0.000241269 0.00698991)
(0.000463507 -0.000275847 0.00685945)
(0.000474927 -0.000268021 0.00664692)
(0.000335982 -0.000234243 0.00641366)
(0.000359952 -0.000308788 0.00695799)
(0.000470515 -0.000296637 0.00683694)
(0.000509481 -0.000243207 0.00659207)
(0.000367747 -0.000171246 0.00631679)
(0.000405556 -0.000432539 0.00699656)
(0.000528332 -0.00041344 0.00682369)
(0.00058306 -0.000369402 0.00652071)
(0.00044039 -0.000292157 0.00619648)
(0.000258865 -0.000198949 0.00688064)
(0.000328097 -0.000229209 0.00677943)
(0.000311454 -0.000236323 0.00664197)
(0.000211274 -0.000229868 0.00651846)
(0.000262971 -0.000223116 0.00690954)
(0.00031929 -0.000230965 0.00682232)
(0.000313296 -0.000223509 0.0066962)
(0.000224932 -0.000203695 0.00657153)
(0.000273062 -0.000265531 0.00692941)
(0.000330377 -0.000253631 0.00683904)
(0.000335266 -0.000228766 0.00670042)
(0.000250762 -0.000194483 0.00656035)
(0.000294722 -0.000327264 0.00698206)
(0.00035762 -0.000315198 0.00686892)
(0.000370748 -0.000291494 0.00670669)
(0.00029182 -0.000252536 0.00654519)
(0.00018074 -0.000166535 0.00684231)
(0.000208659 -0.000177668 0.00678922)
(0.000193136 -0.000176295 0.00671573)
(0.000134914 -0.000168488 0.0066503)
(0.000185513 -0.00018752 0.00688476)
(0.000209683 -0.000188355 0.00682971)
(0.00019907 -0.000181865 0.00675593)
(0.000146208 -0.000169179 0.00668796)
(0.000189754 -0.000213764 0.00691999)
(0.000216911 -0.000207642 0.00685988)
(0.000212332 -0.000195109 0.00677961)
(0.000163688 -0.000176552 0.00670426)
(0.000197436 -0.000244704 0.00696848)
(0.000229255 -0.000240121 0.00689818)
(0.000230595 -0.000228058 0.00680775)
(0.000187337 -0.000207145 0.00672201)
(0.00012505 -0.000131966 0.0068397)
(0.000135545 -0.000136152 0.00681332)
(0.000123264 -0.000133109 0.00677356)
(8.92431e-05 -0.000126565 0.00673758)
(0.000128302 -0.000148908 0.00688242)
(0.000137999 -0.000148573 0.00684948)
(0.00012851 -0.000143841 0.00680627)
(9.73473e-05 -0.000135507 0.00676748)
(0.000129337 -0.000165615 0.00691819)
(0.000142049 -0.000163193 0.00688046)
(0.000136483 -0.000156617 0.00683304)
(0.00010851 -0.000145952 0.00678992)
(0.000130891 -0.000181872 0.00695817)
(0.000147449 -0.000180972 0.0069155)
(0.000146213 -0.000174995 0.00686314)
(0.000122215 -0.000163452 0.00681444)
(8.65874e-05 -0.000101532 0.00684795)
(9.02817e-05 -0.000103285 0.00683733)
(8.14995e-05 -0.000100556 0.00681599)
(6.13377e-05 -9.56803e-05 0.00679547)
(8.85133e-05 -0.000114566 0.00688697)
(9.22901e-05 -0.000114359 0.00686856)
(8.53058e-05 -0.000111231 0.00684311)
(6.68804e-05 -0.000105797 0.00681999)
(8.817e-05 -0.000125523 0.00691856)
(9.43868e-05 -0.00012494 0.00689586)
(9.00806e-05 -0.000121475 0.00686733)
(7.38948e-05 -0.000115212 0.00684139)
(8.74402e-05 -0.000134503 0.00695019)
(9.65885e-05 -0.0001351 0.0069247)
(9.53459e-05 -0.000132251 0.00689347)
(8.19192e-05 -0.000125796 0.00686437)
(6.02627e-05 -7.67871e-05 0.00685842)
(6.14756e-05 -7.76979e-05 0.00685742)
(5.5538e-05 -7.56733e-05 0.00684654)
(4.33956e-05 -7.22234e-05 0.0068345)
(6.1325e-05 -8.65714e-05 0.00689307)
(6.28154e-05 -8.66332e-05 0.006884)
(5.81087e-05 -8.46795e-05 0.00686901)
(4.71238e-05 -8.11689e-05 0.00685468)
(6.05027e-05 -9.39329e-05 0.00691966)
(6.38054e-05 -9.41622e-05 0.00690666)
(6.09542e-05 -9.23735e-05 0.00688921)
(5.15307e-05 -8.86613e-05 0.00687295)
(5.91013e-05 -9.90929e-05 0.00694426)
(6.45348e-05 -0.00010018 0.00692937)
(6.3814e-05 -9.89348e-05 0.00691028)
(5.62875e-05 -9.53056e-05 0.00689216)
(4.22478e-05 -5.74456e-05 0.00686795)
(4.26311e-05 -5.806e-05 0.00687298)
(3.87346e-05 -5.66735e-05 0.00686828)
(3.13018e-05 -5.42935e-05 0.00686116)
(4.27894e-05 -6.47068e-05 0.00689863)
(4.34401e-05 -6.49524e-05 0.00689558)
(4.04139e-05 -6.37809e-05 0.0068869)
(3.37987e-05 -6.15241e-05 0.00687779)
(4.18744e-05 -6.97475e-05 0.00692071)
(4.38258e-05 -7.02874e-05 0.00691393)
(4.2098e-05 -6.94119e-05 0.00690317)
(3.65834e-05 -6.72018e-05 0.00689265)
(4.04229e-05 -7.28045e-05 0.00693975)
(4.38887e-05 -7.39572e-05 0.00693146)
(4.36378e-05 -7.35239e-05 0.00691959)
(3.94352e-05 -7.14878e-05 0.00690793)
(2.98482e-05 -4.26738e-05 0.00687567)
(2.99962e-05 -4.31644e-05 0.00688458)
(2.74787e-05 -4.22545e-05 0.00688369)
(2.2856e-05 -4.06321e-05 0.00687958)
(3.00902e-05 -4.80316e-05 0.00690309)
(3.04482e-05 -4.83624e-05 0.00690395)
(2.85567e-05 -4.76855e-05 0.00689922)
(2.45302e-05 -4.6237e-05 0.00689333)
(2.92389e-05 -5.15341e-05 0.00692148)
(3.05187e-05 -5.21485e-05 0.00691871)
(2.9544e-05 -5.17665e-05 0.00691212)
(2.63032e-05 -5.04488e-05 0.00690515)
(2.79525e-05 -5.33919e-05 0.00693624)
(3.02996e-05 -5.4442e-05 0.00693213)
(3.03527e-05 -5.44059e-05 0.0069247)
(2.80287e-05 -5.3275e-05 0.006917)
(2.12412e-05 -3.15518e-05 0.00688162)
(2.13455e-05 -3.19671e-05 0.00689306)
(1.9731e-05 -3.13854e-05 0.00689461)
(1.68116e-05 -3.02844e-05 0.00689245)
(2.13187e-05 -3.54927e-05 0.00690647)
(2.15761e-05 -3.58398e-05 0.00690989)
(2.04164e-05 -3.54651e-05 0.0069077)
(1.79384e-05 -3.45348e-05 0.0069039)
(2.05861e-05 -3.79541e-05 0.00692196)
(2.14949e-05 -3.85367e-05 0.00692183)
(2.09874e-05 -3.84147e-05 0.00691789)
(1.90761e-05 -3.76303e-05 0.00691322)
(1.95192e-05 -3.911e-05 0.0069335)
(2.1179e-05 -4.00029e-05 0.00693208)
(2.13913e-05 -4.01454e-05 0.00692746)
(2.01273e-05 -3.95299e-05 0.00692228)
(1.52111e-05 -2.32527e-05 0.00688608)
(1.53192e-05 -2.36046e-05 0.00689921)
(1.42864e-05 -2.32393e-05 0.00690236)
(1.24151e-05 -2.24924e-05 0.0069015)
(1.5204e-05 -2.61456e-05 0.00690894)
(1.54204e-05 -2.64699e-05 0.00691409)
(1.47195e-05 -2.62744e-05 0.00691357)
(1.3177e-05 -2.56758e-05 0.00691117)
(1.46003e-05 -2.78909e-05 0.00692223)
(1.52773e-05 -2.83993e-05 0.00692385)
(1.50435e-05 -2.84071e-05 0.00692166)
(1.39125e-05 -2.79424e-05 0.00691851)
(1.37458e-05 -2.86269e-05 0.00693136)
(1.49524e-05 -2.93572e-05 0.00693171)
(1.52261e-05 -2.95646e-05 0.00692892)
(1.45559e-05 -2.92414e-05 0.00692539)
(1.09475e-05 -1.70943e-05 0.00688936)
(1.10614e-05 -1.73871e-05 0.00690365)
(1.04e-05 -1.71607e-05 0.00690788)
(9.18345e-06 -1.66529e-05 0.00690792)
(1.09017e-05 -1.92148e-05 0.00691073)
(1.10912e-05 -1.94979e-05 0.00691705)
(1.06727e-05 -1.94054e-05 0.00691766)
(9.70129e-06 -1.90192e-05 0.00691622)
(1.04178e-05 -2.04609e-05 0.00692236)
(1.09338e-05 -2.08841e-05 0.00692516)
(1.08514e-05 -2.095e-05 0.00692415)
(1.018e-05 -2.06765e-05 0.00692203)
(9.74798e-06 -2.09404e-05 0.00692972)
(1.06386e-05 -2.15228e-05 0.00693124)
(1.09164e-05 -2.17382e-05 0.00692966)
(1.05749e-05 -2.15788e-05 0.00692725)
(7.90667e-06 -1.25386e-05 0.00689175)
(8.01807e-06 -1.27767e-05 0.00690684)
(7.59302e-06 -1.2638e-05 0.00691183)
(6.79167e-06 -1.22916e-05 0.0069125)
(7.84753e-06 -1.40905e-05 0.00691202)
(8.01135e-06 -1.43268e-05 0.00691914)
(7.76436e-06 -1.42913e-05 0.00692052)
(7.14537e-06 -1.40414e-05 0.00691976)
(7.46731e-06 -1.49848e-05 0.00692241)
(7.86331e-06 -1.53262e-05 0.00692601)
(7.85878e-06 -1.54116e-05 0.0069258)
(7.45897e-06 -1.52526e-05 0.00692441)
(6.95007e-06 -1.53041e-05 0.00692845)
(7.61195e-06 -1.576e-05 0.00693077)
(7.8643e-06 -1.59568e-05 0.00693001)
(7.70178e-06 -1.58871e-05 0.00692838)
(5.71985e-06 -9.17169e-06 0.00689349)
(5.82131e-06 -9.36128e-06 0.00690914)
(5.54685e-06 -9.27709e-06 0.00691465)
(5.0127e-06 -9.04002e-06 0.00691578)
(5.66066e-06 -1.03051e-05 0.00691293)
(5.7984e-06 -1.04961e-05 0.00692061)
(5.65426e-06 -1.04903e-05 0.00692254)
(5.25531e-06 -1.03281e-05 0.00692226)
(5.36664e-06 -1.09489e-05 0.00692242)
(5.66975e-06 -1.1218e-05 0.00692657)
(5.70076e-06 -1.13034e-05 0.00692692)
(5.46195e-06 -1.12124e-05 0.00692604)
(4.97203e-06 -1.11656e-05 0.0069275)
(5.4643e-06 -1.15173e-05 0.00693036)
(5.67908e-06 -1.16851e-05 0.00693017)
(5.61149e-06 -1.16626e-05 0.00692907)
(4.1338e-06 -6.68041e-06 0.00689475)
(4.22107e-06 -6.82829e-06 0.00691079)
(4.04293e-06 -6.77768e-06 0.00691668)
(3.68349e-06 -6.61498e-06 0.00691813)
(4.08088e-06 -7.50506e-06 0.00691358)
(4.19319e-06 -7.65547e-06 0.00692166)
(4.11012e-06 -7.66367e-06 0.00692397)
(3.85031e-06 -7.55804e-06 0.00692403)
(3.85684e-06 -7.96872e-06 0.00692241)
(4.08694e-06 -8.1766e-06 0.00692694)
(4.13023e-06 -8.25292e-06 0.00692768)
(3.98707e-06 -8.20191e-06 0.00692717)
(3.55928e-06 -8.11806e-06 0.00692678)
(3.92402e-06 -8.38552e-06 0.00693002)
(4.09881e-06 -8.5224e-06 0.00693022)
(4.07919e-06 -8.52313e-06 0.0069295)
(2.97214e-06 -4.82939e-06 0.00689565)
(3.04368e-06 -4.94229e-06 0.00691197)
(2.92765e-06 -4.91212e-06 0.00691812)
(2.68445e-06 -4.80047e-06 0.00691981)
(2.92799e-06 -5.42513e-06 0.00691405)
(3.01674e-06 -5.54065e-06 0.0069224)
(2.96956e-06 -5.55403e-06 0.00692498)
(2.7991e-06 -5.48517e-06 0.00692529)
(2.76002e-06 -5.75768e-06 0.00692238)
(2.93235e-06 -5.91515e-06 0.00692719)
(2.97587e-06 -5.97871e-06 0.0069282)
(2.88975e-06 -5.95094e-06 0.00692795)
(2.53872e-06 -5.86147e-06 0.00692625)
(2.8066e-06 -6.06174e-06 0.00692975)
(2.94384e-06 -6.1695e-06 0.00693023)
(2.94639e-06 -6.18022e-06 0.00692977)
(2.11026e-06 -3.44219e-06 0.0068963)
(2.16625e-06 -3.52607e-06 0.00691281)
(2.09081e-06 -3.50824e-06 0.00691915)
(1.92661e-06 -3.4321e-06 0.006921)
(2.07544e-06 -3.86659e-06 0.00691437)
(2.14312e-06 -3.95278e-06 0.00692291)
(2.1168e-06 -3.96659e-06 0.00692569)
(2.00486e-06 -3.92181e-06 0.00692618)
(1.95221e-06 -4.1023e-06 0.00692236)
(2.07859e-06 -4.21866e-06 0.00692736)
(2.11656e-06 -4.26878e-06 0.00692856)
(2.06473e-06 -4.25422e-06 0.00692849)
(1.79084e-06 -4.17429e-06 0.00692587)
(1.98435e-06 -4.32106e-06 0.00692955)
(2.08838e-06 -4.40298e-06 0.00693021)
(2.09936e-06 -4.4165e-06 0.00692995)
(1.45941e-06 -2.38647e-06 0.00689675)
(1.50101e-06 -2.44637e-06 0.00691339)
(1.45267e-06 -2.4359e-06 0.00691987)
(1.34367e-06 -2.38492e-06 0.00692184)
(1.43358e-06 -2.68052e-06 0.0069146)
(1.4829e-06 -2.74224e-06 0.00692327)
(1.46862e-06 -2.75403e-06 0.00692618)
(1.39605e-06 -2.72529e-06 0.0069268)
(1.34628e-06 -2.84319e-06 0.00692234)
(1.43583e-06 -2.92604e-06 0.00692747)
(1.46592e-06 -2.96333e-06 0.00692881)
(1.43498e-06 -2.95605e-06 0.00692886)
(1.2324e-06 -2.89214e-06 0.00692559)
(1.36802e-06 -2.99607e-06 0.0069294)
(1.4435e-06 -3.05564e-06 0.00693019)
(1.4559e-06 -3.06819e-06 0.00693006)
(9.59456e-07 -1.5665e-06 0.00689705)
(9.88619e-07 -1.60647e-06 0.00691379)
(9.59196e-07 -1.60024e-06 0.00692035)
(8.90157e-07 -1.56744e-06 0.0069224)
(9.42022e-07 -1.75901e-06 0.00691475)
(9.7599e-07 -1.80027e-06 0.00692351)
(9.6887e-07 -1.80889e-06 0.00692651)
(9.2379e-07 -1.79098e-06 0.00692721)
(8.8396e-07 -1.86501e-06 0.00692233)
(9.44117e-07 -1.92032e-06 0.00692754)
(9.6601e-07 -1.94592e-06 0.00692897)
(9.48174e-07 -1.94245e-06 0.00692911)
(8.0829e-07 -1.89644e-06 0.0069254)
(8.98485e-07 -1.96567e-06 0.00692929)
(9.49935e-07 -2.00611e-06 0.00693017)
(9.60416e-07 -2.01589e-06 0.00693013)
(5.86864e-07 -9.35703e-07 0.00689723)
(6.07174e-07 -9.59063e-07 0.00691403)
(5.92018e-07 -9.54756e-07 0.00692064)
(5.52554e-07 -9.3472e-07 0.00692275)
(5.77104e-07 -1.04862e-06 0.00691484)
(6.00099e-07 -1.07303e-06 0.00692366)
(5.9816e-07 -1.07804e-06 0.00692671)
(5.72899e-07 -1.06733e-06 0.00692746)
(5.4255e-07 -1.11001e-06 0.00692231)
(5.8108e-07 -1.14314e-06 0.00692758)
(5.96345e-07 -1.15865e-06 0.00692906)
(5.87215e-07 -1.15698e-06 0.00692926)
(4.97203e-07 -1.12724e-06 0.00692528)
(5.53523e-07 -1.16891e-06 0.00692922)
(5.86242e-07 -1.19361e-06 0.00693016)
(5.93855e-07 -1.20022e-06 0.00693017)
(3.77044e-07 -5.45358e-07 0.00689734)
(3.94103e-07 -5.58303e-07 0.00691417)
(3.88919e-07 -5.55278e-07 0.00692083)
(3.67158e-07 -5.42894e-07 0.00692297)
(3.71771e-07 -6.0794e-07 0.00691488)
(3.9061e-07 -6.21542e-07 0.00692374)
(3.93219e-07 -6.24179e-07 0.00692683)
(3.80004e-07 -6.17671e-07 0.00692762)
(3.52457e-07 -6.40474e-07 0.00692229)
(3.80047e-07 -6.5943e-07 0.00692759)
(3.92395e-07 -6.68497e-07 0.00692912)
(3.88512e-07 -6.67765e-07 0.00692935)
(3.26537e-07 -6.46622e-07 0.00692519)
(3.63958e-07 -6.71166e-07 0.00692917)
(3.86068e-07 -6.86179e-07 0.00693014)
(3.91712e-07 -6.90979e-07 0.0069302)
(0.000380201 -0.0013262 0.00688434)
(-0.000645826 -0.00188683 0.00628842)
(-0.000223157 -0.00240225 0.000847052)
(0.00320767 -0.00176202 0.00169017)
(0.000309426 -0.000397058 0.00119997)
(0.00142697 -0.00101083 0.00517104)
(0.00223028 -0.00476088 0.00604458)
(0.00255006 -0.0042305 0.0034286)
(0.000124649 0.000644695 0.000698983)
(-0.00196801 0.000102138 0.00368153)
(-0.00777148 -0.00844001 0.00329182)
(-0.00825372 -0.0103432 -0.0017511)
(-0.000800019 0.0034457 8.1279e-05)
(0.00264191 0.013885 -0.00341674)
(0.00155896 0.00793344 -9.88474e-05)
(0.00119771 -0.0039479 -0.00029277)
(0.000328603 0.000117001 0.009162)
(0.00127492 5.51338e-05 0.0101275)
(0.00186083 -0.000178865 0.0116176)
(0.00182043 -0.000257352 0.0111631)
(-0.000560779 0.000533895 0.0105647)
(-0.000160834 0.000116729 0.0101817)
(0.00101897 -0.00055038 0.0108515)
(0.00112952 -0.000780756 0.0103861)
(-0.000617677 0.00157812 0.0145715)
(-0.000802224 0.00166607 0.0120279)
(-0.000769489 0.000773221 0.0140033)
(-0.00122862 -0.000298163 0.0108447)
(-0.00058512 -0.00027008 0.00166639)
(-0.000555151 0.00161113 0.00695479)
(-0.000629814 0.00146236 0.00580642)
(-0.00142732 -5.09264e-05 0.00760858)
(-0.000115968 0.000267268 0.00594861)
(9.5875e-05 0.000244377 0.00624685)
(0.000312694 0.000190845 0.00650654)
(0.000512088 0.000192349 0.00664244)
(1.1078e-05 6.54979e-05 0.00535449)
(7.11245e-05 0.000130995 0.00591302)
(0.000231664 9.86554e-05 0.00644641)
(0.000333425 2.62862e-05 0.00646279)
(7.85313e-05 0.000281991 0.00582279)
(0.000156308 0.000388914 0.00615378)
(0.000127889 0.000325199 0.00666052)
(-4.21745e-05 8.63524e-05 0.00614042)
(-0.000113396 -0.000576142 0.00513291)
(-0.000156002 -0.000164611 0.0061771)
(-4.17625e-05 2.23921e-05 0.00652231)
(-0.000197849 -0.000231765 0.00589711)
(1.02833e-06 -3.30193e-05 0.00671975)
(2.73058e-05 -7.54313e-05 0.00691381)
(0.000124956 -0.000111217 0.00712558)
(0.000231139 -0.000136102 0.00724721)
(9.59097e-05 -0.000223821 0.00649731)
(7.71672e-05 -0.00021032 0.00670806)
(0.000149855 -0.000211168 0.00696858)
(0.000248555 -0.000213951 0.00708641)
(0.000123299 -0.000366757 0.0066137)
(0.000122417 -0.000339539 0.00675199)
(0.000203011 -0.00030999 0.00694588)
(0.000268546 -0.000290494 0.00692399)
(-1.6607e-05 -0.000671428 0.00677415)
(-2.20756e-05 -0.000577721 0.00706855)
(0.00018936 -0.000485345 0.00725406)
(0.00030641 -0.000477458 0.00700603)
(9.64075e-05 -0.000129134 0.00659444)
(0.000106934 -0.000149919 0.00674246)
(0.000153648 -0.000175616 0.00687556)
(0.000213981 -0.000197329 0.00696008)
(0.000115233 -0.000229767 0.00658901)
(0.000111388 -0.000231832 0.00674586)
(0.000154199 -0.000242686 0.00689296)
(0.000230125 -0.000246714 0.00697329)
(0.000110829 -0.000378805 0.00667222)
(0.000111419 -0.000373786 0.00682475)
(0.00017525 -0.000360057 0.00695673)
(0.000262 -0.000329989 0.00698165)
(3.2944e-05 -0.000503158 0.0069016)
(5.66316e-05 -0.000485864 0.00708519)
(0.000188018 -0.000458463 0.00718424)
(0.000307997 -0.000436496 0.00709812)
(0.000123244 -0.00015646 0.00661784)
(0.000127877 -0.000164876 0.0067256)
(0.000152144 -0.000178286 0.00681202)
(0.000183006 -0.000192293 0.00686521)
(0.000110567 -0.000208051 0.00666089)
(0.000115604 -0.000210562 0.00677707)
(0.000144577 -0.000220533 0.0068689)
(0.000190962 -0.000227812 0.00691531)
(8.82475e-05 -0.000292756 0.00672098)
(9.79221e-05 -0.000291797 0.0068449)
(0.000141352 -0.000290078 0.00693524)
(0.000202351 -0.000279686 0.00695942)
(3.94613e-05 -0.000342095 0.00688658)
(7.02467e-05 -0.000341655 0.00701025)
(0.000143176 -0.000339604 0.00707585)
(0.000222143 -0.000333647 0.00704939)
(0.000113965 -0.000141011 0.00661602)
(0.000116574 -0.000144086 0.00671276)
(0.000128586 -0.000151866 0.00678591)
(0.00014337 -0.000161593 0.00683139)
(9.35183e-05 -0.000170831 0.00667845)
(0.000101116 -0.000172599 0.00678158)
(0.000120197 -0.000180589 0.00685487)
(0.000146228 -0.00018814 0.00689096)
(6.77117e-05 -0.000214223 0.00673831)
(8.07289e-05 -0.000214972 0.00684755)
(0.000110131 -0.000218135 0.00691867)
(0.000147667 -0.000218149 0.00694154)
(3.2777e-05 -0.00023381 0.00684959)
(6.0349e-05 -0.000237352 0.00695418)
(0.000104143 -0.000242612 0.00701021)
(0.000152235 -0.000245048 0.00700848)
(9.26758e-05 -0.000113994 0.00661834)
(9.3759e-05 -0.00011545 0.00671149)
(9.9547e-05 -0.000120787 0.00678114)
(0.000106543 -0.000127963 0.00682545)
(7.39665e-05 -0.000133757 0.00668094)
(8.058e-05 -0.000134931 0.00678022)
(9.27409e-05 -0.000141021 0.00684813)
(0.000107126 -0.000147479 0.00688269)
(5.11314e-05 -0.000156104 0.00673804)
(6.32297e-05 -0.000157455 0.0068418)
(8.29179e-05 -0.000161921 0.00690614)
(0.000105352 -0.000165373 0.00692985)
(2.49258e-05 -0.000163704 0.00681377)
(4.66129e-05 -0.000167817 0.00691491)
(7.45844e-05 -0.00017437 0.00697009)
(0.000103968 -0.000179372 0.00698011)
(7.11679e-05 -8.76534e-05 0.00662213)
(7.12929e-05 -8.876e-05 0.0067148)
(7.39031e-05 -9.28039e-05 0.00678417)
(7.71933e-05 -9.8279e-05 0.00682911)
(5.63337e-05 -0.0001018 0.00667918)
(6.11664e-05 -0.000102717 0.00677812)
(6.87667e-05 -0.000107352 0.00684534)
(7.68021e-05 -0.000112519 0.00688107)
(3.81141e-05 -0.000114012 0.00673075)
(4.77728e-05 -0.000115435 0.0068332)
(6.08262e-05 -0.000119709 0.00689609)
(7.43142e-05 -0.0001237 0.00692201)
(1.83936e-05 -0.00011675 0.00678473)
(3.44648e-05 -0.000120417 0.00688644)
(5.2886e-05 -0.000126334 0.00694332)
(7.12205e-05 -0.000131358 0.00696027)
(5.31181e-05 -6.56991e-05 0.006627)
(5.27599e-05 -6.67532e-05 0.00672003)
(5.38113e-05 -6.99486e-05 0.00678994)
(5.53391e-05 -7.41806e-05 0.00683571)
(4.19976e-05 -7.61633e-05 0.00667739)
(4.52729e-05 -7.69772e-05 0.00677705)
(5.0005e-05 -8.05332e-05 0.00684497)
(5.45845e-05 -8.45588e-05 0.00688232)
(2.81121e-05 -8.3375e-05 0.00672264)
(3.52734e-05 -8.46733e-05 0.00682542)
(4.39323e-05 -8.8282e-05 0.00688881)
(5.22137e-05 -9.18377e-05 0.00691711)
(1.33835e-05 -8.41565e-05 0.00676303)
(2.49388e-05 -8.71281e-05 0.00686613)
(3.72977e-05 -9.19336e-05 0.00692506)
(4.9033e-05 -9.61829e-05 0.00694662)
(3.90795e-05 -4.85721e-05 0.00663194)
(3.8549e-05 -4.9576e-05 0.00672546)
(3.88718e-05 -5.21182e-05 0.00679594)
(3.95675e-05 -5.53905e-05 0.00684236)
(3.09334e-05 -5.63777e-05 0.00667631)
(3.30826e-05 -5.71182e-05 0.00677686)
(3.60483e-05 -5.98572e-05 0.00684569)
(3.87276e-05 -6.29564e-05 0.00688441)
(2.05846e-05 -6.09609e-05 0.00671574)
(2.57009e-05 -6.20684e-05 0.00681934)
(3.14812e-05 -6.49512e-05 0.00688371)
(3.6702e-05 -6.78455e-05 0.006914)
(9.67358e-06 -6.09955e-05 0.00674726)
(1.78588e-05 -6.32948e-05 0.00685167)
(2.62559e-05 -6.70176e-05 0.00691238)
(3.39531e-05 -7.03794e-05 0.00693708)
(2.85484e-05 -3.56479e-05 0.00663638)
(2.80111e-05 -3.65539e-05 0.00673031)
(2.80183e-05 -3.85599e-05 0.00680124)
(2.8326e-05 -4.10759e-05 0.00684807)
(2.26333e-05 -4.14615e-05 0.00667585)
(2.40287e-05 -4.2118e-05 0.00677715)
(2.59123e-05 -4.42246e-05 0.00684677)
(2.75281e-05 -4.65926e-05 0.00688648)
(1.50062e-05 -4.45414e-05 0.00671045)
(1.85978e-05 -4.54485e-05 0.00681486)
(2.24932e-05 -4.76867e-05 0.00688018)
(2.58747e-05 -4.99507e-05 0.00691196)
(6.97294e-06 -4.43291e-05 0.0067359)
(1.27341e-05 -4.60644e-05 0.00684137)
(1.84969e-05 -4.88819e-05 0.00690344)
(2.36561e-05 -5.14621e-05 0.0069303)
(2.0789e-05 -2.60633e-05 0.00664011)
(2.03174e-05 -2.684e-05 0.00673433)
(2.02069e-05 -2.84035e-05 0.00680556)
(2.03372e-05 -3.03235e-05 0.00685263)
(1.65036e-05 -3.0374e-05 0.00667578)
(1.74113e-05 -3.09351e-05 0.00677765)
(1.86288e-05 -3.25476e-05 0.00684785)
(1.96348e-05 -3.43457e-05 0.00688825)
(1.09139e-05 -3.25209e-05 0.00670657)
(1.3419e-05 -3.32438e-05 0.00681165)
(1.60729e-05 -3.49533e-05 0.00687772)
(1.83185e-05 -3.66891e-05 0.00691055)
(5.02283e-06 -3.22613e-05 0.00672776)
(9.07242e-06 -3.35529e-05 0.00683401)
(1.3063e-05 -3.56595e-05 0.00689707)
(1.65854e-05 -3.761e-05 0.00692539)
(1.51209e-05 -1.90197e-05 0.0066431)
(1.47366e-05 -1.96593e-05 0.00673752)
(1.45984e-05 -2.08632e-05 0.00680894)
(1.46499e-05 -2.23174e-05 0.00685614)
(1.20147e-05 -2.22011e-05 0.00667591)
(1.26109e-05 -2.26649e-05 0.00677818)
(1.34131e-05 -2.38914e-05 0.00684879)
(1.40593e-05 -2.52492e-05 0.00688964)
(7.92934e-06 -2.37301e-05 0.0067038)
(9.67659e-06 -2.42952e-05 0.00680937)
(1.15048e-05 -2.55875e-05 0.006876)
(1.30285e-05 -2.69032e-05 0.00690956)
(3.61969e-06 -2.34957e-05 0.00672194)
(6.47073e-06 -2.44497e-05 0.00682874)
(9.25683e-06 -2.60142e-05 0.0068925)
(1.16985e-05 -2.74768e-05 0.00692182)
(1.09949e-05 -1.38657e-05 0.00664542)
(1.06956e-05 -1.4377e-05 0.00673997)
(1.05666e-05 -1.5294e-05 0.00681151)
(1.05846e-05 -1.63877e-05 0.00685878)
(8.74042e-06 -1.62041e-05 0.0066761)
(9.1376e-06 -1.6577e-05 0.00677866)
(9.67638e-06 -1.75038e-05 0.00684956)
(1.01034e-05 -1.85239e-05 0.0068907)
(5.75885e-06 -1.73059e-05 0.00670183)
(6.98156e-06 -1.77411e-05 0.00680776)
(8.25401e-06 -1.87111e-05 0.00687478)
(9.30619e-06 -1.97008e-05 0.00690884)
(2.61088e-06 -1.71167e-05 0.00671777)
(4.62419e-06 -1.78181e-05 0.00682496)
(6.58361e-06 -1.89753e-05 0.00688921)
(8.29661e-06 -2.00665e-05 0.00691921)
(7.99282e-06 -1.00997e-05 0.00664719)
(7.76628e-06 -1.0499e-05 0.00674181)
(7.65912e-06 -1.1191e-05 0.00681343)
(7.66387e-06 -1.20084e-05 0.00686074)
(6.35474e-06 -1.18123e-05 0.00667631)
(6.62351e-06 -1.21054e-05 0.00677906)
(6.99174e-06 -1.28014e-05 0.00685015)
(7.28084e-06 -1.35637e-05 0.00689148)
(4.18114e-06 -1.26106e-05 0.00670045)
(5.04073e-06 -1.2942e-05 0.00680662)
(5.93417e-06 -1.36659e-05 0.00687392)
(6.67057e-06 -1.44061e-05 0.00690831)
(1.88468e-06 -1.24662e-05 0.00671479)
(3.31117e-06 -1.29803e-05 0.00682225)
(4.69756e-06 -1.38337e-05 0.00688684)
(5.9102e-06 -1.46447e-05 0.00691729)
(5.80467e-06 -7.34544e-06 0.00664851)
(5.63668e-06 -7.6518e-06 0.00674319)
(5.55287e-06 -8.16953e-06 0.00681486)
(5.553e-06 -8.77655e-06 0.00686217)
(4.61458e-06 -8.59525e-06 0.00667649)
(4.79913e-06 -8.82157e-06 0.00677938)
(5.05445e-06 -9.34071e-06 0.00685059)
(5.25389e-06 -9.90736e-06 0.00689205)
(3.03261e-06 -9.17477e-06 0.00669947)
(3.63948e-06 -9.42447e-06 0.00680581)
(4.27095e-06 -9.96173e-06 0.0068733)
(4.79121e-06 -1.05123e-05 0.00690792)
(1.36041e-06 -9.0681e-06 0.00671265)
(2.3738e-06 -9.44383e-06 0.0068203)
(3.35894e-06 -1.00711e-05 0.00688512)
(4.22246e-06 -1.06715e-05 0.00691589)
(4.20387e-06 -5.32536e-06 0.00664949)
(4.0812e-06 -5.55674e-06 0.0067442)
(4.01804e-06 -5.94059e-06 0.0068159)
(4.01703e-06 -6.38814e-06 0.00686322)
(3.34119e-06 -6.23316e-06 0.00667664)
(3.46932e-06 -6.40506e-06 0.00677962)
(3.64813e-06 -6.78934e-06 0.00685092)
(3.78747e-06 -7.20772e-06 0.00689247)
(2.19361e-06 -6.65317e-06 0.00669877)
(2.62303e-06 -6.83942e-06 0.00680524)
(3.07087e-06 -7.23558e-06 0.00687285)
(3.44025e-06 -7.64242e-06 0.00690763)
(9.80162e-07 -6.57611e-06 0.00671112)
(1.7006e-06 -6.84955e-06 0.0068189)
(2.40173e-06 -7.30857e-06 0.00688388)
(3.01811e-06 -7.75052e-06 0.00691486)
(3.02539e-06 -3.8354e-06 0.0066502)
(2.93708e-06 -4.00738e-06 0.00674494)
(2.89074e-06 -4.28878e-06 0.00681665)
(2.88972e-06 -4.61549e-06 0.00686397)
(2.40385e-06 -4.48979e-06 0.00667676)
(2.4933e-06 -4.61818e-06 0.0067798)
(2.61895e-06 -4.8997e-06 0.00685117)
(2.71673e-06 -5.2056e-06 0.00689276)
(1.57697e-06 -4.79242e-06 0.00669828)
(1.88031e-06 -4.92964e-06 0.00680483)
(2.19749e-06 -5.21901e-06 0.00687254)
(2.45951e-06 -5.51674e-06 0.00690741)
(7.02386e-07 -4.73774e-06 0.00671003)
(1.21301e-06 -4.93528e-06 0.00681789)
(1.71067e-06 -5.26851e-06 0.00688298)
(2.1495e-06 -5.59101e-06 0.00691412)
(2.14879e-06 -2.72556e-06 0.00665072)
(2.08635e-06 -2.85077e-06 0.00674547)
(2.05317e-06 -3.05358e-06 0.00681719)
(2.05233e-06 -3.28827e-06 0.00686451)
(1.7069e-06 -3.19076e-06 0.00667685)
(1.76914e-06 -3.28463e-06 0.00677994)
(1.85689e-06 -3.48748e-06 0.00685134)
(1.92502e-06 -3.70755e-06 0.00689298)
(1.11907e-06 -3.40593e-06 0.00669793)
(1.33146e-06 -3.50523e-06 0.00680454)
(1.55399e-06 -3.71326e-06 0.00687231)
(1.73807e-06 -3.92763e-06 0.00690726)
(4.97205e-07 -3.36787e-06 0.00670926)
(8.55514e-07 -3.50859e-06 0.00681718)
(1.20515e-06 -3.74699e-06 0.00688235)
(1.51428e-06 -3.97868e-06 0.00691359)
(1.48582e-06 -1.88523e-06 0.00665108)
(1.44308e-06 -1.97348e-06 0.00674584)
(1.42017e-06 -2.11534e-06 0.00681757)
(1.41947e-06 -2.27902e-06 0.00686489)
(1.1801e-06 -2.20704e-06 0.00667692)
(1.22277e-06 -2.27343e-06 0.00678003)
(1.28281e-06 -2.4153e-06 0.00685146)
(1.32916e-06 -2.56897e-06 0.00689312)
(7.73369e-07 -2.35585e-06 0.00669769)
(9.18903e-07 -2.42551e-06 0.00680434)
(1.07144e-06 -2.57075e-06 0.00687215)
(1.19765e-06 -2.72055e-06 0.00690715)
(3.43066e-07 -2.33002e-06 0.00670872)
(5.88776e-07 -2.42757e-06 0.00681668)
(8.28562e-07 -2.59335e-06 0.0068819)
(1.04098e-06 -2.75499e-06 0.00691321)
(9.73812e-07 -1.23538e-06 0.00665133)
(9.4703e-07 -1.29426e-06 0.00674609)
(9.32768e-07 -1.38804e-06 0.00681783)
(9.32571e-07 -1.4958e-06 0.00686514)
(7.73461e-07 -1.446e-06 0.00667696)
(8.02429e-07 -1.49044e-06 0.00678009)
(8.42232e-07 -1.58419e-06 0.00685155)
(8.72717e-07 -1.68541e-06 0.00689322)
(5.06889e-07 -1.543e-06 0.00669753)
(6.0286e-07 -1.5893e-06 0.00680421)
(7.02882e-07 -1.68512e-06 0.00687204)
(7.85616e-07 -1.7839e-06 0.00690708)
(2.2502e-07 -1.52588e-06 0.00670835)
(3.86277e-07 -1.59011e-06 0.00681635)
(5.43064e-07 -1.6992e-06 0.0068816)
(6.82169e-07 -1.80574e-06 0.00691296)
(5.82526e-07 -7.37152e-07 0.00665148)
(5.70865e-07 -7.7374e-07 0.00674625)
(5.65877e-07 -8.3015e-07 0.00681799)
(5.678e-07 -8.9394e-07 0.0068653)
(4.6253e-07 -8.60937e-07 0.00667699)
(4.84744e-07 -8.88875e-07 0.00678013)
(5.12031e-07 -9.45232e-07 0.00685159)
(5.32983e-07 -1.00518e-06 0.00689328)
(3.03539e-07 -9.16585e-07 0.00669743)
(3.65733e-07 -9.45522e-07 0.00680412)
(4.28662e-07 -1.00304e-06 0.00687197)
(4.80939e-07 -1.06172e-06 0.00690703)
(1.36153e-07 -9.04368e-07 0.00670813)
(2.36963e-07 -9.43974e-07 0.00681613)
(3.33368e-07 -1.00942e-06 0.00688141)
(4.19148e-07 -1.073e-06 0.0069128)
(3.41665e-07 -4.27415e-07 0.00665156)
(3.44696e-07 -4.52004e-07 0.00674633)
(3.50549e-07 -4.86247e-07 0.00681807)
(3.57077e-07 -5.21951e-07 0.00686538)
(2.70406e-07 -4.9678e-07 0.00667698)
(2.94219e-07 -5.17264e-07 0.00678013)
(3.1993e-07 -5.50616e-07 0.0068516)
(3.3974e-07 -5.83846e-07 0.0068933)
(1.77449e-07 -5.25751e-07 0.00669734)
(2.2456e-07 -5.47062e-07 0.00680404)
(2.72032e-07 -5.80799e-07 0.00687191)
(3.10654e-07 -6.13315e-07 0.00690698)
(8.07657e-08 -5.12503e-07 0.00670795)
(1.4946e-07 -5.40125e-07 0.00681598)
(2.17134e-07 -5.78998e-07 0.00688127)
(2.75377e-07 -6.1525e-07 0.00691268)
(-0.00202896 -0.00107605 0.00187883)
(0.00605655 -0.00379554 0.000475864)
(-0.00315805 -0.00506772 0.0052865)
(-0.0109352 -0.00584154 0.00645201)
(-0.00322349 -0.00207484 0.001688)
(0.00660255 -0.00814845 -0.00205977)
(-0.00196681 -0.00490689 0.00307707)
(-0.0108704 -0.00253225 0.0021405)
(-0.0068592 0.000643344 0.000720541)
(0.00347406 -0.0023997 0.0043559)
(-0.00123609 0.00306847 0.00448988)
(-0.00208848 0.000125822 -0.000266965)
(0.000160749 -0.00297293 0.00157307)
(0.00658511 -0.00188282 0.00487462)
(0.00177212 0.0013208 0.00332024)
(0.00559822 0.000805542 -0.000777871)
(-0.000471557 9.73523e-05 0.0119121)
(-0.00104636 0.000664844 0.0146795)
(-0.00126166 0.000497658 0.0135848)
(-0.00190483 -0.000741789 -0.000530786)
(-0.000395659 -0.000194315 0.0123736)
(-0.000413335 0.000256536 0.0107531)
(-0.00111457 0.000857407 0.00954273)
(-0.00239238 -0.00102136 0.00184857)
(-0.000497314 -6.44099e-05 0.0144259)
(-0.000125497 0.00053339 0.00972154)
(-0.00051462 0.00133923 0.00720492)
(-0.00130013 -0.000536195 0.00528375)
(8.25291e-05 0.000238516 0.0157221)
(0.000308155 0.00118016 0.00951374)
(-0.000145237 0.00140504 0.00681602)
(-0.000297741 -0.000162791 0.00621016)
(9.84937e-05 6.6854e-05 0.00684256)
(0.000672441 -3.77618e-05 0.00675585)
(0.00130549 -8.94952e-05 0.00658364)
(0.000703772 -0.000452457 0.00307404)
(0.000321235 8.41457e-05 0.00699302)
(0.000981494 0.000137623 0.00645543)
(0.0011961 0.000173936 0.00585135)
(0.000322389 -0.00076506 0.00355659)
(0.000514896 8.9553e-05 0.00725498)
(0.00117835 5.15705e-05 0.00646415)
(0.00114942 5.43379e-05 0.0054956)
(0.000299808 -0.000708518 0.00429141)
(0.000740357 0.000244955 0.00734032)
(0.00119212 0.000104095 0.00638644)
(0.000973951 -6.20294e-05 0.00543079)
(0.000362814 -0.000641442 0.00473865)
(0.000247299 -0.00017664 0.00738308)
(0.000716387 -0.000309042 0.00695525)
(0.00104418 -0.000236243 0.00639811)
(0.000688691 -0.000241438 0.00489162)
(0.000310569 -0.000157672 0.00742488)
(0.000801178 -0.000231489 0.00692119)
(0.00100371 -0.000177446 0.00625379)
(0.000540924 -0.000436467 0.00514474)
(0.000413203 -0.000138642 0.00747904)
(0.00087641 -0.00023593 0.00693347)
(0.000941893 -0.000258094 0.0061927)
(0.000476961 -0.000496645 0.00541273)
(0.000509666 -0.000126417 0.00743964)
(0.000869534 -0.000259483 0.00689618)
(0.000834095 -0.000355327 0.00623196)
(0.000455836 -0.000523245 0.00568038)
(0.000277999 -0.000202526 0.00683916)
(0.000541913 -0.000271636 0.00660208)
(0.000638098 -0.00018571 0.0062937)
(0.00042695 -0.000125138 0.00568138)
(0.000300101 -0.000182434 0.00692664)
(0.000552803 -0.000244523 0.00669271)
(0.000616603 -0.00019443 0.0063493)
(0.00037161 -0.00023802 0.00585751)
(0.000337537 -0.000180517 0.00698396)
(0.000568866 -0.000248791 0.00674579)
(0.000587021 -0.000247688 0.00638811)
(0.00034327 -0.000305459 0.00601184)
(0.000377463 -0.000186366 0.006993)
(0.000561807 -0.000262611 0.00676179)
(0.000542163 -0.000298009 0.00644302)
(0.000330261 -0.000342884 0.006159)
(0.000223339 -0.000173775 0.00668287)
(0.00034811 -0.000187734 0.00653227)
(0.000368361 -0.000124026 0.00635285)
(0.000246058 -7.06938e-05 0.00608896)
(0.000229516 -0.000165845 0.00676642)
(0.000343316 -0.000186188 0.00663546)
(0.000353861 -0.000149425 0.00645385)
(0.000222843 -0.000141703 0.00623098)
(0.00024513 -0.000168712 0.00682275)
(0.000346088 -0.000195659 0.00670052)
(0.000341177 -0.000186537 0.00652195)
(0.000211935 -0.000193738 0.00634133)
(0.000262813 -0.000176396 0.00684718)
(0.000342691 -0.000207331 0.00673327)
(0.000323856 -0.000216295 0.0065753)
(0.000207508 -0.00022577 0.0064329)
(0.00016726 -0.000134832 0.00661138)
(0.000222734 -0.000125669 0.00652785)
(0.00021928 -8.13364e-05 0.00643)
(0.000146264 -4.34297e-05 0.0063108)
(0.000167461 -0.000133274 0.00670068)
(0.000215457 -0.00013274 0.00663424)
(0.000208571 -0.000106778 0.00654199)
(0.000134792 -9.13886e-05 0.00643867)
(0.00017354 -0.000138413 0.00676425)
(0.00021476 -0.000144729 0.00670581)
(0.000202324 -0.000134673 0.00661778)
(0.000130572 -0.000129705 0.00653002)
(0.000180987 -0.000146041 0.00680087)
(0.000212991 -0.000156775 0.0067475)
(0.00019558 -0.00015672 0.0066687)
(0.000130168 -0.000155988 0.00659647)
(0.000121667 -0.000100822 0.00659284)
(0.000145469 -8.4992e-05 0.00654918)
(0.000136435 -5.41896e-05 0.0064982)
(9.15871e-05 -2.83097e-05 0.00644185)
(0.000119625 -0.000102546 0.00668522)
(0.000138956 -9.43763e-05 0.00665573)
(0.000128704 -7.5717e-05 0.00661134)
(8.52815e-05 -6.20382e-05 0.00656243)
(0.000121557 -0.000108182 0.00675335)
(0.000137551 -0.000106294 0.00672966)
(0.000125304 -9.74113e-05 0.00668758)
(8.38037e-05 -9.05142e-05 0.00664424)
(0.000124442 -0.000115054 0.00679646)
(0.000136561 -0.000117735 0.00677494)
(0.000122763 -0.000115183 0.00673573)
(8.49673e-05 -0.000111948 0.00669811)
(8.76445e-05 -7.41254e-05 0.00659441)
(9.75603e-05 -5.85628e-05 0.0065749)
(8.86497e-05 -3.69422e-05 0.00655104)
(6.03363e-05 -1.92436e-05 0.00652427)
(8.50378e-05 -7.71145e-05 0.0066885)
(9.2377e-05 -6.76623e-05 0.00668107)
(8.31833e-05 -5.41004e-05 0.00666316)
(5.66678e-05 -4.35096e-05 0.00664056)
(8.51741e-05 -8.23899e-05 0.0067591)
(9.09731e-05 -7.82051e-05 0.00675565)
(8.12148e-05 -7.10385e-05 0.00673813)
(5.63534e-05 -6.48747e-05 0.00671695)
(8.60321e-05 -8.82934e-05 0.00680542)
(9.03308e-05 -8.82027e-05 0.00680197)
(8.03519e-05 -8.54201e-05 0.0067837)
(5.79217e-05 -8.20869e-05 0.00676378)
(6.29685e-05 -5.40749e-05 0.00660319)
(6.69466e-05 -4.10283e-05 0.00659848)
(5.96876e-05 -2.57163e-05 0.00659046)
(4.1385e-05 -1.34651e-05 0.00657858)
(6.05012e-05 -5.72665e-05 0.00669805)
(6.30013e-05 -4.88904e-05 0.00670415)
(5.58635e-05 -3.90133e-05 0.00670133)
(3.91838e-05 -3.11537e-05 0.00669222)
(5.99466e-05 -6.18079e-05 0.00676981)
(6.17936e-05 -5.7617e-05 0.00677862)
(5.46687e-05 -5.21175e-05 0.00677483)
(3.93368e-05 -4.7225e-05 0.00676528)
(5.99474e-05 -6.67078e-05 0.0068175)
(6.13209e-05 -6.58853e-05 0.0068248)
(5.44537e-05 -6.35483e-05 0.00681819)
(4.08192e-05 -6.07818e-05 0.00680775)
(4.52753e-05 -3.93179e-05 0.00661321)
(4.6787e-05 -2.91174e-05 0.0066179)
(4.12995e-05 -1.82001e-05 0.00661938)
(2.92236e-05 -9.606e-06 0.00661555)
(4.31965e-05 -4.22212e-05 0.00670837)
(4.38471e-05 -3.55214e-05 0.00672307)
(3.86303e-05 -2.83413e-05 0.0067292)
(2.78757e-05 -2.25939e-05 0.00672749)
(4.24547e-05 -4.59389e-05 0.00678058)
(4.28691e-05 -4.24594e-05 0.00679714)
(3.78747e-05 -3.83635e-05 0.00680143)
(2.81835e-05 -3.46636e-05 0.00679836)
(4.21359e-05 -4.98936e-05 0.00682876)
(4.2496e-05 -4.90528e-05 0.00684272)
(3.78871e-05 -4.72718e-05 0.00684295)
(2.94179e-05 -4.51549e-05 0.0068379)
(3.26244e-05 -2.85624e-05 0.00662224)
(3.31528e-05 -2.08612e-05 0.00663307)
(2.91514e-05 -1.30387e-05 0.00664046)
(2.10444e-05 -6.93976e-06 0.00664128)
(3.09742e-05 -3.10042e-05 0.00671747)
(3.09877e-05 -2.59009e-05 0.00673781)
(2.72846e-05 -2.06936e-05 0.00674949)
(2.02064e-05 -1.65108e-05 0.00675209)
(3.026e-05 -3.39493e-05 0.0067898)
(3.02223e-05 -3.12773e-05 0.00681141)
(2.67902e-05 -2.82805e-05 0.00682069)
(2.05336e-05 -2.55449e-05 0.00682146)
(2.9863e-05 -3.7071e-05 0.00683806)
(2.99224e-05 -3.64077e-05 0.00685628)
(2.68656e-05 -3.51113e-05 0.00686072)
(2.15012e-05 -3.35508e-05 0.00685892)
(2.35692e-05 -2.07549e-05 0.00662964)
(2.37305e-05 -1.50474e-05 0.0066446)
(2.08672e-05 -9.42103e-06 0.00665579)
(1.53453e-05 -5.05327e-06 0.00665947)
(2.23033e-05 -2.27183e-05 0.00672484)
(2.21478e-05 -1.89283e-05 0.00674898)
(1.95564e-05 -1.51574e-05 0.00676422)
(1.48176e-05 -1.21163e-05 0.0067695)
(2.16942e-05 -2.49999e-05 0.00679715)
(2.15621e-05 -2.30245e-05 0.00682214)
(1.92244e-05 -2.08537e-05 0.00683462)
(1.5111e-05 -1.88529e-05 0.00683781)
(2.13198e-05 -2.74216e-05 0.00684532)
(2.13227e-05 -2.69498e-05 0.00686634)
(1.93039e-05 -2.60277e-05 0.00687347)
(1.58454e-05 -2.48979e-05 0.00687376)
(1.70689e-05 -1.50928e-05 0.00663542)
(1.71086e-05 -1.09048e-05 0.00665321)
(1.50796e-05 -6.84587e-06 0.00666692)
(1.12735e-05 -3.69672e-06 0.00667246)
(1.6118e-05 -1.66274e-05 0.00673056)
(1.59571e-05 -1.38502e-05 0.00675731)
(1.41555e-05 -1.1121e-05 0.00677491)
(1.09372e-05 -8.90893e-06 0.00678195)
(1.56295e-05 -1.83675e-05 0.00680279)
(1.55163e-05 -1.69351e-05 0.00683009)
(1.39284e-05 -1.53704e-05 0.0068447)
(1.11813e-05 -1.39146e-05 0.00684949)
(1.53127e-05 -2.0221e-05 0.00685081)
(1.53281e-05 -1.99028e-05 0.00687373)
(1.39944e-05 -1.92543e-05 0.00688263)
(1.17286e-05 -1.84433e-05 0.00688431)
(1.23854e-05 -1.0983e-05 0.00663981)
(1.23945e-05 -7.92659e-06 0.00665958)
(1.09634e-05 -4.99184e-06 0.00667501)
(8.31456e-06 -2.7107e-06 0.00668181)
(1.16808e-05 -1.21598e-05 0.00673488)
(1.15594e-05 -1.01392e-05 0.00676345)
(1.03094e-05 -8.16384e-06 0.00678268)
(8.09781e-06 -6.5537e-06 0.00679091)
(1.13027e-05 -1.3472e-05 0.00680702)
(1.12316e-05 -1.24433e-05 0.00683593)
(1.01522e-05 -1.13179e-05 0.00685199)
(8.29266e-06 -1.02611e-05 0.00685789)
(1.10494e-05 -1.48756e-05 0.00685489)
(1.10861e-05 -1.46675e-05 0.00687911)
(1.02022e-05 -1.42134e-05 0.00688923)
(8.69623e-06 -1.36334e-05 0.00689186)
(8.99694e-06 -7.99394e-06 0.00664308)
(9.00458e-06 -5.7706e-06 0.00666425)
(7.99719e-06 -3.64573e-06 0.00668088)
(6.13981e-06 -1.98876e-06 0.00668856)
(8.47973e-06 -8.88409e-06 0.00673809)
(8.40057e-06 -7.41971e-06 0.00676796)
(7.53298e-06 -5.98989e-06 0.00678831)
(5.9987e-06 -4.81749e-06 0.00679739)
(8.19386e-06 -9.86487e-06 0.00681015)
(8.1591e-06 -9.12947e-06 0.0068402)
(7.42327e-06 -8.32066e-06 0.00685728)
(6.15033e-06 -7.55433e-06 0.00686395)
(7.99804e-06 -1.09186e-05 0.0068579)
(8.04834e-06 -1.0785e-05 0.00688302)
(7.45965e-06 -1.04674e-05 0.00689398)
(6.44591e-06 -1.00531e-05 0.0068973)
(6.53434e-06 -5.81348e-06 0.0066455)
(6.54679e-06 -4.20046e-06 0.00666767)
(5.83813e-06 -2.66181e-06 0.00668515)
(4.52882e-06 -1.45731e-06 0.00669344)
(6.15736e-06 -6.47953e-06 0.00674046)
(6.11094e-06 -5.4212e-06 0.00677125)
(5.50801e-06 -4.38687e-06 0.0067924)
(4.4361e-06 -3.53379e-06 0.00680207)
(5.94467e-06 -7.20705e-06 0.00681245)
(5.9345e-06 -6.6826e-06 0.00684331)
(5.43114e-06 -6.10161e-06 0.0068611)
(4.55198e-06 -5.54663e-06 0.00686833)
(5.79662e-06 -7.99193e-06 0.00686009)
(5.85127e-06 -7.90711e-06 0.00688585)
(5.45701e-06 -7.68494e-06 0.00689741)
(4.76734e-06 -7.38921e-06 0.00690121)
(4.73475e-06 -4.216e-06 0.00664728)
(4.75091e-06 -3.05001e-06 0.00667015)
(4.25294e-06 -1.93807e-06 0.00668824)
(3.3277e-06 -1.06408e-06 0.00669698)
(4.46182e-06 -4.70936e-06 0.00674219)
(4.43752e-06 -3.9471e-06 0.00677364)
(4.01822e-06 -3.20055e-06 0.00679536)
(3.26628e-06 -2.58148e-06 0.00680547)
(4.30563e-06 -5.24481e-06 0.00681413)
(4.30958e-06 -4.8717e-06 0.00684556)
(3.96427e-06 -4.45506e-06 0.00686387)
(3.35352e-06 -4.0542e-06 0.0068715)
(4.19559e-06 -5.82454e-06 0.00686168)
(4.24781e-06 -5.77114e-06 0.0068879)
(3.98243e-06 -5.61565e-06 0.00689988)
(3.50959e-06 -5.40488e-06 0.00690404)
(3.40985e-06 -3.0379e-06 0.00664856)
(3.42705e-06 -2.20061e-06 0.00667195)
(3.07839e-06 -1.40167e-06 0.00669047)
(2.42575e-06 -7.71283e-07 0.00669953)
(3.21396e-06 -3.39908e-06 0.00674345)
(3.20316e-06 -2.85345e-06 0.00677536)
(2.91212e-06 -2.31773e-06 0.0067975)
(2.38484e-06 -1.87137e-06 0.00680792)
(3.10074e-06 -3.78919e-06 0.00681534)
(3.11126e-06 -3.52501e-06 0.00684718)
(2.87435e-06 -3.22771e-06 0.00686586)
(2.44951e-06 -2.93993e-06 0.00687378)
(3.0202e-06 -4.21279e-06 0.00686283)
(3.06603e-06 -4.17937e-06 0.00688937)
(2.88699e-06 -4.07079e-06 0.00690166)
(2.56174e-06 -3.92128e-06 0.00690607)
(2.4235e-06 -2.15988e-06 0.00664949)
(2.43943e-06 -1.56651e-06 0.00667324)
(2.1977e-06 -9.99803e-07 0.00669206)
(1.74161e-06 -5.51126e-07 0.00670136)
(2.28491e-06 -2.41978e-06 0.00674435)
(2.28149e-06 -2.03411e-06 0.0067766)
(2.08114e-06 -1.65459e-06 0.00679903)
(1.71438e-06 -1.33711e-06 0.00680967)
(2.20427e-06 -2.69947e-06 0.0068162)
(2.21649e-06 -2.51444e-06 0.00684834)
(2.05496e-06 -2.30481e-06 0.00686729)
(1.76135e-06 -2.10089e-06 0.00687542)
(2.14642e-06 -3.00383e-06 0.00686366)
(2.18398e-06 -2.98305e-06 0.00689042)
(2.06366e-06 -2.90788e-06 0.00690293)
(1.84094e-06 -2.80303e-06 0.00690752)
(1.67663e-06 -1.49457e-06 0.00665014)
(1.6899e-06 -1.08519e-06 0.00667414)
(1.52623e-06 -6.93838e-07 0.00669318)
(1.215e-06 -3.83055e-07 0.00670264)
(1.58134e-06 -1.67607e-06 0.00674498)
(1.58143e-06 -1.41056e-06 0.00677746)
(1.44653e-06 -1.14881e-06 0.0068001)
(1.19716e-06 -9.29108e-07 0.0068109)
(1.52565e-06 -1.87082e-06 0.00681681)
(1.53682e-06 -1.74435e-06 0.00684916)
(1.42889e-06 -1.60029e-06 0.00686828)
(1.23025e-06 -1.45961e-06 0.00687656)
(1.48542e-06 -2.08302e-06 0.00686423)
(1.51424e-06 -2.07026e-06 0.00689116)
(1.43483e-06 -2.01934e-06 0.00690381)
(1.28524e-06 -1.94761e-06 0.00690853)
(1.09949e-06 -9.79996e-07 0.00665057)
(1.1101e-06 -7.1269e-07 0.00667475)
(1.00536e-06 -4.56615e-07 0.00669393)
(8.04076e-07 -2.52503e-07 0.00670351)
(1.03819e-06 -1.09996e-06 0.00674541)
(1.04011e-06 -9.26948e-07 0.00677805)
(9.54124e-07 -7.55881e-07 0.00680082)
(7.93313e-07 -6.11713e-07 0.00681173)
(1.0025e-06 -1.22811e-06 0.00681722)
(1.01178e-06 -1.14608e-06 0.00684971)
(9.43378e-07 -1.05201e-06 0.00686896)
(8.1571e-07 -9.59805e-07 0.00687733)
(9.76578e-07 -1.36761e-06 0.00686462)
(9.97454e-07 -1.36002e-06 0.00689165)
(9.47666e-07 -1.32696e-06 0.00690441)
(8.52043e-07 -1.28016e-06 0.00690922)
(6.59251e-07 -5.86829e-07 0.00665084)
(6.69494e-07 -4.28927e-07 0.00667513)
(6.11134e-07 -2.76152e-07 0.0066944)
(4.94623e-07 -1.52963e-07 0.00670405)
(6.26445e-07 -6.59618e-07 0.00674567)
(6.31239e-07 -5.57676e-07 0.00677841)
(5.83503e-07 -4.55426e-07 0.00680127)
(4.90554e-07 -3.68151e-07 0.00681224)
(6.08668e-07 -7.35965e-07 0.00681748)
(6.17577e-07 -6.87371e-07 0.00685004)
(5.79741e-07 -6.30504e-07 0.00686937)
(5.05967e-07 -5.74293e-07 0.00687782)
(5.95757e-07 -8.18155e-07 0.00686486)
(6.11202e-07 -8.13571e-07 0.00689196)
(5.84038e-07 -7.93014e-07 0.00690478)
(5.28989e-07 -7.64176e-07 0.00690964)
(3.92504e-07 -3.44635e-07 0.00665101)
(4.09373e-07 -2.56129e-07 0.00667536)
(3.83659e-07 -1.65604e-07 0.0066947)
(3.19865e-07 -8.94753e-08 0.0067044)
(3.83219e-07 -3.88148e-07 0.00674582)
(3.96343e-07 -3.31175e-07 0.00677863)
(3.7505e-07 -2.69529e-07 0.00680155)
(3.23102e-07 -2.14588e-07 0.00681257)
(3.80835e-07 -4.34132e-07 0.00681763)
(3.94577e-07 -4.07502e-07 0.00685025)
(3.77692e-07 -3.72743e-07 0.00686963)
(3.36188e-07 -3.37163e-07 0.00687812)
(3.79389e-07 -4.7878e-07 0.006865)
(3.94815e-07 -4.77562e-07 0.00689214)
(3.8289e-07 -4.64823e-07 0.00690501)
(3.51852e-07 -4.46496e-07 0.00690991)
)
;

boundaryField
{
    inlet
    {
        type            calculated;
        value           uniform (0 0 0.00731);
    }
    outlet
    {
        type            calculated;
        value           nonuniform List<vector> 
48
(
(3.77044e-07 -5.45358e-07 0.00689734)
(3.71771e-07 -6.0794e-07 0.00691488)
(3.52457e-07 -6.40474e-07 0.00692229)
(3.26537e-07 -6.46622e-07 0.00692519)
(3.94103e-07 -5.58303e-07 0.00691417)
(3.9061e-07 -6.21542e-07 0.00692374)
(3.80047e-07 -6.5943e-07 0.00692759)
(3.63958e-07 -6.71166e-07 0.00692917)
(3.88919e-07 -5.55278e-07 0.00692083)
(3.93219e-07 -6.24179e-07 0.00692683)
(3.92395e-07 -6.68497e-07 0.00692912)
(3.86068e-07 -6.86179e-07 0.00693014)
(3.67158e-07 -5.42894e-07 0.00692297)
(3.80004e-07 -6.17671e-07 0.00692762)
(3.88512e-07 -6.67765e-07 0.00692935)
(3.91712e-07 -6.90979e-07 0.0069302)
(3.41665e-07 -4.27415e-07 0.00665156)
(2.70406e-07 -4.9678e-07 0.00667698)
(1.77449e-07 -5.25751e-07 0.00669734)
(8.07657e-08 -5.12503e-07 0.00670795)
(3.44696e-07 -4.52004e-07 0.00674633)
(2.94219e-07 -5.17264e-07 0.00678013)
(2.2456e-07 -5.47062e-07 0.00680404)
(1.4946e-07 -5.40125e-07 0.00681598)
(3.50549e-07 -4.86247e-07 0.00681807)
(3.1993e-07 -5.50616e-07 0.0068516)
(2.72032e-07 -5.80799e-07 0.00687191)
(2.17134e-07 -5.78998e-07 0.00688127)
(3.57077e-07 -5.21951e-07 0.00686538)
(3.3974e-07 -5.83846e-07 0.0068933)
(3.10654e-07 -6.13315e-07 0.00690698)
(2.75377e-07 -6.1525e-07 0.00691268)
(3.92504e-07 -3.44635e-07 0.00665101)
(3.83219e-07 -3.88148e-07 0.00674582)
(3.80835e-07 -4.34132e-07 0.00681763)
(3.79389e-07 -4.7878e-07 0.006865)
(4.09373e-07 -2.56129e-07 0.00667536)
(3.96343e-07 -3.31175e-07 0.00677863)
(3.94577e-07 -4.07502e-07 0.00685025)
(3.94815e-07 -4.77562e-07 0.00689214)
(3.83659e-07 -1.65604e-07 0.0066947)
(3.7505e-07 -2.69529e-07 0.00680155)
(3.77692e-07 -3.72743e-07 0.00686963)
(3.8289e-07 -4.64823e-07 0.00690501)
(3.19865e-07 -8.94753e-08 0.0067044)
(3.23102e-07 -2.14588e-07 0.00681257)
(3.36188e-07 -3.37163e-07 0.00687812)
(3.51852e-07 -4.46496e-07 0.00690991)
)
;
    }
    wall
    {
        type            calculated;
        value           nonuniform List<vector> 
192
(
(0.000803371 -0.00097891 0.00688434)
(0.00023383 -0.000437465 0.00119997)
(-0.000168583 0.000555744 0.000698983)
(-0.000343798 0.00349064 8.1279e-05)
(7.48714e-05 -9.12311e-05 0.009162)
(-0.000346572 0.000648391 0.0105647)
(-0.000490427 0.00161672 0.0145715)
(2.07235e-05 -0.000210409 0.00166639)
(-0.000177738 0.000216574 0.00594861)
(-2.47681e-05 4.63378e-05 0.00535449)
(-7.17153e-05 0.000236414 0.00582279)
(5.51104e-05 -0.000559546 0.00513291)
(1.66063e-05 -2.02348e-05 0.00671975)
(0.000114363 -0.000213958 0.00649731)
(0.00011227 -0.000370103 0.0066137)
(6.5335e-05 -0.000663357 0.00677415)
(0.000102126 -0.000124441 0.00659444)
(0.000121128 -0.000226615 0.00658901)
(0.000114565 -0.000377672 0.00667222)
(4.93971e-05 -0.000501538 0.0069016)
(0.000126327 -0.00015393 0.00661784)
(0.000111064 -0.000207786 0.00666089)
(8.87594e-05 -0.0002926 0.00672098)
(3.37489e-05 -0.000342658 0.00688658)
(0.000115016 -0.000140148 0.00661602)
(9.18015e-05 -0.000171749 0.00667845)
(6.52138e-05 -0.000214981 0.00673831)
(2.3122e-05 -0.000234761 0.00684959)
(9.31995e-05 -0.000113564 0.00661834)
(7.20439e-05 -0.000134785 0.00668094)
(4.7672e-05 -0.000157153 0.00673804)
(1.6208e-05 -0.000164562 0.00681377)
(7.16264e-05 -8.72771e-05 0.00662213)
(5.48401e-05 -0.000102599 0.00667918)
(3.48825e-05 -0.000114992 0.00673075)
(1.15651e-05 -0.000117422 0.00678473)
(5.3596e-05 -6.53069e-05 0.006627)
(4.09962e-05 -7.66985e-05 0.00667739)
(2.55292e-05 -8.41585e-05 0.00672264)
(8.33764e-06 -8.46535e-05 0.00676303)
(3.95471e-05 -4.81883e-05 0.00663194)
(3.0312e-05 -5.67098e-05 0.00667631)
(1.86686e-05 -6.15421e-05 0.00671574)
(6.04275e-06 -6.13531e-05 0.00674726)
(2.89709e-05 -3.53012e-05 0.00663638)
(2.22664e-05 -4.16576e-05 0.00667585)
(1.36374e-05 -4.49566e-05 0.00671045)
(4.39108e-06 -4.45834e-05 0.0067359)
(2.11479e-05 -2.57688e-05 0.00664011)
(1.62949e-05 -3.04856e-05 0.00667578)
(9.95348e-06 -3.28122e-05 0.00670657)
(3.19519e-06 -3.24413e-05 0.00672776)
(1.54126e-05 -1.87803e-05 0.0066431)
(1.18996e-05 -2.22626e-05 0.00667591)
(7.26005e-06 -2.39332e-05 0.0067038)
(2.32667e-06 -2.36231e-05 0.00672194)
(1.12246e-05 -1.36772e-05 0.00664542)
(8.67886e-06 -1.6237e-05 0.0066761)
(5.29259e-06 -1.74473e-05 0.00670183)
(1.69473e-06 -1.72069e-05 0.00671777)
(8.16955e-06 -9.95463e-06 0.00664719)
(6.32289e-06 -1.18293e-05 0.00667631)
(3.85537e-06 -1.27095e-05 0.00670045)
(1.23413e-06 -1.25303e-05 0.00671479)
(5.93827e-06 -7.2358e-06 0.00664851)
(4.59877e-06 -8.6037e-06 0.00667649)
(2.80416e-06 -9.24407e-06 0.00669947)
(8.9762e-07 -9.11368e-06 0.00671265)
(4.30338e-06 -5.24369e-06 0.00664949)
(3.3338e-06 -6.2371e-06 0.00667664)
(2.033e-06 -6.7019e-06 0.00669877)
(6.50885e-07 -6.60854e-06 0.00671112)
(3.09844e-06 -3.77545e-06 0.0066502)
(2.40073e-06 -4.49146e-06 0.00667676)
(1.46415e-06 -4.82664e-06 0.00669828)
(4.68892e-07 -4.76074e-06 0.00671003)
(2.20139e-06 -2.6824e-06 0.00665072)
(1.70581e-06 -3.19134e-06 0.00667685)
(1.04042e-06 -3.42979e-06 0.00669793)
(3.33296e-07 -3.38401e-06 0.00670926)
(1.52248e-06 -1.85515e-06 0.00665108)
(1.17978e-06 -2.20721e-06 0.00667692)
(7.19587e-07 -2.37216e-06 0.00669769)
(2.30578e-07 -2.3411e-06 0.00670872)
(9.97734e-07 -1.21574e-06 0.00665133)
(7.73028e-07 -1.44623e-06 0.00667696)
(4.71336e-07 -1.55379e-06 0.00669753)
(1.51004e-07 -1.53317e-06 0.00670835)
(5.95934e-07 -7.26148e-07 0.00665148)
(4.60703e-07 -8.61914e-07 0.00667699)
(2.80192e-07 -9.23668e-07 0.00669743)
(8.95247e-08 -9.0896e-07 0.00670813)
(3.47106e-07 -4.2295e-07 0.00665156)
(2.66617e-07 -4.98806e-07 0.00667698)
(1.60999e-07 -5.30742e-07 0.00669734)
(5.07682e-08 -5.15458e-07 0.00670795)
(-0.000684711 0.000561928 0.00187883)
(-0.000329517 0.000270428 0.0119121)
(2.60697e-05 -2.13949e-05 0.00684256)
(0.000234395 -0.000192363 0.00738308)
(0.000265434 -0.000217836 0.00683916)
(0.000218673 -0.000179461 0.00668287)
(0.000166066 -0.000136287 0.00661138)
(0.000122144 -0.000100241 0.00659284)
(8.87221e-05 -7.28123e-05 0.00659441)
(6.41445e-05 -5.2642e-05 0.00660319)
(4.63352e-05 -3.80263e-05 0.00661321)
(3.35013e-05 -2.74938e-05 0.00662224)
(2.42617e-05 -1.99111e-05 0.00662964)
(1.76009e-05 -1.44446e-05 0.00663542)
(1.27868e-05 -1.04939e-05 0.00663981)
(9.29625e-06 -7.62923e-06 0.00664308)
(6.75545e-06 -5.54406e-06 0.0066455)
(4.89672e-06 -4.01864e-06 0.00664728)
(3.5273e-06 -2.89478e-06 0.00664856)
(2.50734e-06 -2.05772e-06 0.00664949)
(1.73479e-06 -1.4237e-06 0.00665014)
(1.13758e-06 -9.33584e-07 0.00665057)
(6.81709e-07 -5.59464e-07 0.00665084)
(4.03545e-07 -3.31181e-07 0.00665101)
(0.00628864 -0.00336135 0.000475864)
(-0.00109025 0.000582748 0.0146795)
(0.000538713 -0.000287948 0.00675585)
(0.000685674 -0.000366501 0.00695525)
(0.00053442 -0.000285653 0.00660208)
(0.000348802 -0.000186438 0.00653227)
(0.000225484 -0.000120524 0.00652785)
(0.000148478 -7.93632e-05 0.00654918)
(0.000100228 -5.35727e-05 0.0065749)
(6.9127e-05 -3.69491e-05 0.00659848)
(4.84954e-05 -2.59213e-05 0.0066179)
(3.44584e-05 -1.84184e-05 0.00663307)
(2.47129e-05 -1.32093e-05 0.0066446)
(1.78403e-05 -9.53586e-06 0.00665321)
(1.29356e-05 -6.91421e-06 0.00665958)
(9.40267e-06 -5.02583e-06 0.00666425)
(6.83827e-06 -3.65513e-06 0.00666767)
(4.96318e-06 -2.65287e-06 0.00667015)
(3.58038e-06 -1.91375e-06 0.00667195)
(2.54861e-06 -1.36226e-06 0.00667324)
(1.76553e-06 -9.43698e-07 0.00667414)
(1.15971e-06 -6.19876e-07 0.00667475)
(6.99042e-07 -3.73646e-07 0.00667513)
(4.24886e-07 -2.27106e-07 0.00667536)
(-0.0014842 0.000450228 0.0052865)
(-0.00129359 0.000392405 0.0135848)
(0.00122034 -0.000370186 0.00658364)
(0.00102181 -0.000309963 0.00639811)
(0.000635916 -0.000192903 0.0062937)
(0.000371774 -0.000112776 0.00635285)
(0.000223396 -6.77664e-05 0.00643)
(0.000139991 -4.24659e-05 0.0064982)
(9.14416e-05 -2.77385e-05 0.00655104)
(6.18016e-05 -1.87473e-05 0.00659046)
(4.28751e-05 -1.3006e-05 0.00661938)
(3.03169e-05 -9.19654e-06 0.00664046)
(2.17258e-05 -6.59046e-06 0.00665579)
(1.57106e-05 -4.76576e-06 0.00666692)
(1.14262e-05 -3.46611e-06 0.00667501)
(8.33603e-06 -2.52871e-06 0.00668088)
(6.08559e-06 -1.84604e-06 0.00668515)
(4.43293e-06 -1.34471e-06 0.00668824)
(3.20835e-06 -9.73244e-07 0.00669047)
(2.29024e-06 -6.94737e-07 0.00669206)
(1.59036e-06 -4.82431e-07 0.00669318)
(1.04749e-06 -3.17752e-07 0.00669393)
(6.36347e-07 -1.93034e-07 0.0066944)
(3.97333e-07 -1.2053e-07 0.0066947)
(-0.0102603 0.00101055 0.00645201)
(-0.00181417 0.00017868 -0.000530786)
(0.000741146 -7.29965e-05 0.00307404)
(0.000705625 -6.9498e-05 0.00489162)
(0.000435055 -4.28492e-05 0.00568138)
(0.00025059 -2.46809e-05 0.00608896)
(0.000149096 -1.46846e-05 0.0063108)
(9.34687e-05 -9.20586e-06 0.00644185)
(6.16338e-05 -6.07039e-06 0.00652427)
(4.23009e-05 -4.16627e-06 0.00657858)
(2.98798e-05 -2.94291e-06 0.00661555)
(2.15192e-05 -2.11945e-06 0.00664128)
(1.56908e-05 -1.54541e-06 0.00665947)
(1.15258e-05 -1.1352e-06 0.00667246)
(8.4991e-06 -8.37088e-07 0.00668181)
(6.27482e-06 -6.18016e-07 0.00668856)
(4.62747e-06 -4.55766e-07 0.00669344)
(3.39952e-06 -3.34824e-07 0.00669698)
(2.47768e-06 -2.4403e-07 0.00669953)
(1.77864e-06 -1.75181e-07 0.00670136)
(1.24069e-06 -1.22197e-07 0.00670264)
(8.20982e-07 -8.08597e-08 0.00670351)
(5.04791e-07 -4.97176e-08 0.00670405)
(3.2552e-07 -3.20609e-08 0.0067044)
)
;
    }
    procBoundary0to1
    {
        type            processor;
        value           nonuniform List<vector> 
192
(
(0.00523273 -0.0027809 0.000758596)
(0.00550793 -0.0123176 -0.0018938)
(-0.000308319 -0.00106866 0.00562601)
(-0.00172067 0.00349491 0.00489604)
(-0.00037463 -0.00068752 0.00621504)
(-0.00193968 -0.00158779 0.0074293)
(-0.00303481 -1.62285e-05 0.00688511)
(-0.00264077 0.00123524 0.00478138)
(-0.000281783 -0.000658834 0.00487566)
(-0.000685861 -0.000460639 0.00534726)
(-0.000947475 0.000161433 0.00500039)
(-0.000673172 0.000245623 0.0040652)
(-3.78015e-05 -0.000462556 0.00573406)
(-8.76027e-05 -0.000264477 0.00594272)
(-0.000115852 -2.53003e-06 0.00575701)
(1.83989e-05 -8.17257e-05 0.00538711)
(3.2623e-05 -0.000301557 0.00619471)
(5.02939e-05 -0.000209733 0.00628741)
(7.70656e-05 -0.000120291 0.00621878)
(0.000157012 -0.000184615 0.00609221)
(4.54723e-05 -0.000209736 0.00646038)
(6.67808e-05 -0.000180491 0.00650994)
(9.60066e-05 -0.000159127 0.00649869)
(0.000144552 -0.000198901 0.00647073)
(4.44424e-05 -0.000154865 0.00662027)
(5.99729e-05 -0.000152507 0.00665428)
(8.08906e-05 -0.000153994 0.00666578)
(0.000109517 -0.000178197 0.00667351)
(3.92155e-05 -0.000117332 0.00671976)
(4.96347e-05 -0.000124387 0.00674686)
(6.3216e-05 -0.000132031 0.0067652)
(8.01096e-05 -0.000147105 0.00678345)
(3.28951e-05 -8.93941e-05 0.0067838)
(3.98323e-05 -9.85298e-05 0.00680636)
(4.85017e-05 -0.000106653 0.006825)
(5.86499e-05 -0.000116292 0.00684427)
(2.67318e-05 -6.79208e-05 0.00682634)
(3.13979e-05 -7.64209e-05 0.00684522)
(3.69721e-05 -8.33565e-05 0.00686172)
(4.31981e-05 -8.96645e-05 0.00687876)
(2.12582e-05 -5.13332e-05 0.00685524)
(2.44362e-05 -5.84007e-05 0.006871)
(2.80689e-05 -6.38752e-05 0.00688475)
(3.19634e-05 -6.80858e-05 0.00689874)
(1.66441e-05 -3.85847e-05 0.0068752)
(1.88324e-05 -4.41638e-05 0.00688837)
(2.12327e-05 -4.83372e-05 0.00689949)
(2.37092e-05 -5.11984e-05 0.00691055)
(1.28789e-05 -2.88612e-05 0.00688917)
(1.43988e-05 -3.31462e-05 0.00690023)
(1.60044e-05 -3.62746e-05 0.0069091)
(1.76012e-05 -3.82506e-05 0.00691768)
(9.87256e-06 -2.14983e-05 0.00689903)
(1.09354e-05 -2.4738e-05 0.00690844)
(1.20205e-05 -2.70632e-05 0.00691549)
(1.30621e-05 -2.84472e-05 0.00692207)
(7.50876e-06 -1.59557e-05 0.00690606)
(8.25593e-06 -1.83814e-05 0.00691418)
(8.99556e-06 -2.01017e-05 0.0069198)
(9.68169e-06 -2.10824e-05 0.00692483)
(5.67063e-06 -1.18008e-05 0.00691109)
(6.19789e-06 -1.36047e-05 0.00691823)
(6.70563e-06 -1.48736e-05 0.00692276)
(7.16161e-06 -1.55752e-05 0.0069266)
(4.25219e-06 -8.69358e-06 0.00691471)
(4.62514e-06 -1.00275e-05 0.00692111)
(4.97565e-06 -1.09607e-05 0.00692481)
(5.28109e-06 -1.1466e-05 0.00692776)
(3.16246e-06 -6.37036e-06 0.00691732)
(3.42633e-06 -7.35059e-06 0.00692317)
(3.6691e-06 -8.03379e-06 0.00692624)
(3.87493e-06 -8.39862e-06 0.00692853)
(2.32582e-06 -4.62829e-06 0.0069192)
(2.51189e-06 -5.34207e-06 0.00692464)
(2.67995e-06 -5.83846e-06 0.00692725)
(2.81895e-06 -6.10102e-06 0.00692905)
(1.68066e-06 -3.31209e-06 0.00692053)
(1.81056e-06 -3.82383e-06 0.00692568)
(1.92605e-06 -4.17929e-06 0.00692796)
(2.0195e-06 -4.3661e-06 0.0069294)
(1.17812e-06 -2.30318e-06 0.00692147)
(1.26669e-06 -2.65955e-06 0.0069264)
(1.34443e-06 -2.90695e-06 0.00692845)
(1.40619e-06 -3.03648e-06 0.00692963)
(7.83831e-07 -1.51434e-06 0.0069221)
(8.41364e-07 -1.74883e-06 0.00692689)
(8.913e-07 -1.91158e-06 0.00692878)
(9.30345e-07 -1.99662e-06 0.00692979)
(4.90043e-07 -9.02681e-07 0.0069225)
(5.2455e-07 -1.04229e-06 0.00692719)
(5.54036e-07 -1.1391e-06 0.00692898)
(5.76578e-07 -1.18956e-06 0.00692988)
(3.2965e-07 -5.22887e-07 0.00692275)
(3.51182e-07 -6.02608e-07 0.00692739)
(3.68611e-07 -6.57678e-07 0.00692911)
(3.81011e-07 -6.85877e-07 0.00692995)
(0.0336417 0.00146492 0.0176348)
(0.000529568 -0.0026474 0.00442595)
(-0.000203715 -0.000237626 0.00484789)
(0.00435057 0.00577275 0.000464106)
(0.00210908 -3.7045e-05 0.000487033)
(-0.0016709 -0.000574481 0.00329237)
(-0.00168557 0.000201082 0.00494154)
(-0.00052135 0.000610277 0.00555019)
(-0.00117643 -0.000344971 0.00335891)
(-0.0012404 -0.000544224 0.00399147)
(-0.000886375 -0.000394146 0.00434712)
(-0.000412072 -0.000434581 0.0044283)
(-0.000591222 -0.000205564 0.00487766)
(-0.000484623 -0.000355759 0.00516087)
(-0.000307961 -0.000383019 0.00533341)
(-0.000126359 -0.000446994 0.00547063)
(-0.000188595 -0.000100716 0.00561925)
(-0.000148306 -0.000207399 0.00581218)
(-8.38847e-05 -0.000265213 0.00594346)
(-1.48528e-05 -0.000312881 0.00605631)
(-4.3695e-05 -5.2663e-05 0.00603991)
(-3.23435e-05 -0.000126635 0.00619135)
(-9.23192e-06 -0.000176915 0.0062978)
(2.01629e-05 -0.000211677 0.00638193)
(1.81882e-06 -3.02561e-05 0.00627948)
(4.96542e-06 -8.16645e-05 0.006412)
(1.483e-05 -0.000120301 0.0065036)
(2.97326e-05 -0.000147558 0.00656883)
(1.45588e-05 -1.86828e-05 0.0064223)
(1.57454e-05 -5.48849e-05 0.00654517)
(2.10971e-05 -8.40274e-05 0.00662762)
(2.99423e-05 -0.000106073 0.00668144)
(1.65305e-05 -1.21575e-05 0.00651169)
(1.73544e-05 -3.80466e-05 0.00662913)
(2.08748e-05 -6.00228e-05 0.00670593)
(2.67114e-05 -7.77622e-05 0.00675281)
(1.50528e-05 -8.21546e-06 0.00657009)
(1.58228e-05 -2.69711e-05 0.00668433)
(1.83867e-05 -4.3541e-05 0.00675758)
(2.24666e-05 -5.7571e-05 0.00680007)
(1.26653e-05 -5.69934e-06 0.00660957)
(1.3389e-05 -1.94115e-05 0.00672181)
(1.5329e-05 -3.188e-05 0.00679276)
(1.82601e-05 -4.2783e-05 0.0068323)
(1.02573e-05 -4.0247e-06 0.00663692)
(1.0902e-05 -1.41055e-05 0.00674789)
(1.23831e-05 -2.34581e-05 0.00681729)
(1.45143e-05 -3.181e-05 0.00685476)
(8.12387e-06 -2.87559e-06 0.00665623)
(8.67078e-06 -1.03083e-05 0.00676634)
(9.79915e-06 -1.7299e-05 0.00683466)
(1.13565e-05 -2.36267e-05 0.00687061)
(6.33793e-06 -2.07006e-06 0.00667002)
(6.78523e-06 -7.55593e-06 0.00677955)
(7.64018e-06 -1.27633e-05 0.0068471)
(8.78025e-06 -1.7518e-05 0.00688193)
(4.88857e-06 -1.49703e-06 0.00667995)
(5.24464e-06 -5.54503e-06 0.00678908)
(5.88849e-06 -9.41122e-06 0.00685607)
(6.72318e-06 -1.29613e-05 0.00689006)
(3.73482e-06 -1.08521e-06 0.00668715)
(4.01252e-06 -4.06826e-06 0.00679599)
(4.49443e-06 -6.92904e-06 0.00686256)
(5.10496e-06 -9.56577e-06 0.00689592)
(2.82787e-06 -7.86941e-07 0.00669237)
(3.04086e-06 -2.97958e-06 0.00680101)
(3.39929e-06 -5.08814e-06 0.00686727)
(3.84491e-06 -7.0365e-06 0.00690017)
(2.12034e-06 -5.69436e-07 0.00669616)
(2.28126e-06 -2.17387e-06 0.00680465)
(2.54585e-06 -3.71964e-06 0.00687069)
(2.86983e-06 -5.15051e-06 0.00690324)
(1.56997e-06 -4.09606e-07 0.00669891)
(1.68959e-06 -1.57428e-06 0.00680729)
(1.8829e-06 -2.69776e-06 0.00687316)
(2.11673e-06 -3.73904e-06 0.00690546)
(1.14073e-06 -2.90886e-07 0.00670087)
(1.22777e-06 -1.12399e-06 0.00680918)
(1.36666e-06 -1.92818e-06 0.00687494)
(1.53308e-06 -2.67419e-06 0.00690705)
(8.03108e-07 -2.01224e-07 0.00670226)
(8.64427e-07 -7.80617e-07 0.00681052)
(9.61323e-07 -1.33986e-06 0.00687618)
(1.07659e-06 -1.85894e-06 0.00690817)
(5.36181e-07 -1.32005e-07 0.00670319)
(5.77345e-07 -5.13536e-07 0.00681142)
(6.41554e-07 -8.80913e-07 0.00687703)
(7.17406e-07 -1.2221e-06 0.00690892)
(3.36951e-07 -7.8588e-08 0.00670378)
(3.63515e-07 -3.0761e-07 0.00681198)
(4.03449e-07 -5.25696e-07 0.00687755)
(4.49817e-07 -7.28592e-07 0.00690939)
(2.27058e-07 -4.06429e-08 0.00670417)
(2.46761e-07 -1.74578e-07 0.00681234)
(2.74138e-07 -3.05573e-07 0.00687789)
(3.03706e-07 -4.23693e-07 0.00690969)
)
;
    }
    procBoundary0to2
    {
        type            processor;
        value           nonuniform List<vector> 
192
(
(-0.00270442 -0.00185349 0.00234849)
(-0.00182031 0.00196939 0.00390901)
(0.00161331 0.00338686 0.00224521)
(-0.0035797 -0.00100424 -0.00163423)
(-0.00243312 -0.00143135 0.0102048)
(-0.00212704 -0.000557598 0.012189)
(-0.00108512 -0.00043794 0.0124332)
(-0.000941237 -0.000826241 0.00660156)
(-0.000367569 -0.00114641 0.00663357)
(4.23841e-05 -0.00113707 0.0066406)
(0.000642464 -0.00123715 0.00586562)
(0.000692041 -0.00110882 0.00423079)
(0.000376616 -0.000791887 0.00722383)
(0.000642664 -0.000828195 0.00696308)
(0.000883898 -0.000868607 0.00640677)
(0.000788045 -0.000776989 0.00567303)
(0.000409581 -0.000541644 0.00716144)
(0.000555284 -0.000557796 0.00696605)
(0.000638073 -0.000557465 0.00665606)
(0.000546914 -0.000502508 0.00630043)
(0.000294458 -0.000376608 0.0070793)
(0.000370412 -0.000384899 0.00695772)
(0.000399734 -0.00037821 0.00678787)
(0.000342499 -0.000345905 0.0066089)
(0.000194833 -0.000267846 0.00703292)
(0.000234883 -0.000273415 0.00695963)
(0.00024614 -0.000268485 0.00686419)
(0.000213637 -0.000250145 0.00676859)
(0.000127646 -0.000192776 0.00700368)
(0.000149594 -0.000196925 0.00696004)
(0.000154526 -0.000194312 0.00690489)
(0.000136577 -0.000184086 0.00685077)
(8.43715e-05 -0.00013945 0.00698317)
(9.7079e-05 -0.000142682 0.00695747)
(9.97457e-05 -0.000141613 0.00692476)
(8.99954e-05 -0.00013597 0.00689268)
(5.64724e-05 -0.000101096 0.00696836)
(6.42782e-05 -0.000103654 0.00695354)
(6.60859e-05 -0.000103449 0.00693369)
(6.0904e-05 -0.00010038 0.00691392)
(3.82718e-05 -7.3385e-05 0.00695738)
(4.33362e-05 -7.54118e-05 0.00694925)
(4.47532e-05 -7.56351e-05 0.00693701)
(4.20958e-05 -7.40076e-05 0.00692443)
(2.62367e-05 -5.33293e-05 0.00694913)
(2.96734e-05 -5.49265e-05 0.0069452)
(3.08464e-05 -5.53267e-05 0.00693761)
(2.95646e-05 -5.45015e-05 0.00692939)
(1.81729e-05 -3.87969e-05 0.00694291)
(2.05835e-05 -4.0046e-05 0.00694166)
(2.15595e-05 -4.04883e-05 0.00693699)
(2.10101e-05 -4.01034e-05 0.00693152)
(1.27018e-05 -2.82527e-05 0.00693824)
(1.44306e-05 -2.92217e-05 0.00693873)
(1.52318e-05 -2.96397e-05 0.00693594)
(1.50585e-05 -2.94902e-05 0.00693226)
(8.94596e-06 -2.0589e-05 0.00693474)
(1.02027e-05 -2.13348e-05 0.00693639)
(1.08486e-05 -2.17e-05 0.00693483)
(1.08567e-05 -2.16711e-05 0.00693234)
(6.33899e-06 -1.50064e-05 0.00693213)
(7.25929e-06 -1.55758e-05 0.00693455)
(7.77062e-06 -1.58801e-05 0.00693382)
(7.85577e-06 -1.5908e-05 0.00693214)
(4.51014e-06 -1.09274e-05 0.0069302)
(5.18575e-06 -1.13588e-05 0.00693314)
(5.58391e-06 -1.1604e-05 0.00693298)
(5.69221e-06 -1.16539e-05 0.00693186)
(3.21326e-06 -7.93433e-06 0.00692877)
(3.70834e-06 -8.25805e-06 0.00693207)
(4.01337e-06 -8.45066e-06 0.0069323)
(4.11894e-06 -8.50478e-06 0.00693157)
(2.28255e-06 -5.72371e-06 0.00692773)
(2.64283e-06 -5.96372e-06 0.00693128)
(2.87239e-06 -6.11145e-06 0.00693178)
(2.96408e-06 -6.16111e-06 0.00693133)
(1.60463e-06 -4.07382e-06 0.00692698)
(1.863e-06 -4.24845e-06 0.0069307)
(2.0318e-06 -4.35872e-06 0.00693139)
(2.10577e-06 -4.4002e-06 0.00693112)
(1.10127e-06 -2.8215e-06 0.00692645)
(1.28135e-06 -2.94455e-06 0.00693028)
(1.4012e-06 -3.02372e-06 0.0069311)
(1.45704e-06 -3.05579e-06 0.00693097)
(7.21207e-07 -1.84949e-06 0.00692609)
(8.40314e-07 -1.93125e-06 0.00693)
(9.20635e-07 -1.98461e-06 0.0069309)
(9.59555e-07 -2.00735e-06 0.00693086)
(4.44865e-07 -1.09809e-06 0.00692586)
(5.18196e-07 -1.14737e-06 0.00692982)
(5.67918e-07 -1.18001e-06 0.00693077)
(5.92402e-07 -1.19464e-06 0.00693079)
(2.95696e-07 -6.25671e-07 0.0069257)
(3.42598e-07 -6.55534e-07 0.00692969)
(3.74231e-07 -6.75893e-07 0.00693069)
(3.89479e-07 -6.86034e-07 0.00693074)
(-0.00248909 -0.00385032 0.00445622)
(-0.00746391 -0.00662457 0.00821705)
(0.00371519 -0.00683742 0.00677949)
(-0.000122701 0.000285884 0.000227689)
(-0.000183142 -0.0022432 0.0137726)
(-0.000640923 -0.00183491 0.013419)
(0.000682519 -0.00105433 0.0112792)
(-0.000600213 -0.000752839 0.00572692)
(9.32607e-05 -0.000731719 0.00802006)
(0.000189753 -0.000555547 0.00801816)
(0.0003304 -0.000417177 0.00768557)
(-4.45346e-05 -0.000733922 0.00615302)
(1.28789e-05 -0.000383118 0.00765878)
(9.11715e-05 -0.000376111 0.00772533)
(0.000270889 -0.000423826 0.00769047)
(0.000317572 -0.000611535 0.00731801)
(-1.19952e-06 -0.000305691 0.00724372)
(5.68929e-05 -0.000335853 0.00736426)
(0.000184997 -0.000390178 0.00739813)
(0.000296721 -0.000476878 0.00727207)
(-2.56485e-06 -0.00024443 0.00704)
(4.30853e-05 -0.000271871 0.00714862)
(0.000122982 -0.000309062 0.00719506)
(0.000208837 -0.000349948 0.0071532)
(-1.94592e-06 -0.000187949 0.00693307)
(3.37585e-05 -0.000207141 0.0070353)
(8.49202e-05 -0.000231102 0.00708574)
(0.000140786 -0.000253432 0.00707714)
(-1.16098e-06 -0.000140735 0.00686722)
(2.58725e-05 -0.000153749 0.00696854)
(5.94992e-05 -0.000169604 0.00702178)
(9.48565e-05 -0.000183511 0.00702803)
(-6.94743e-07 -0.000103816 0.00682199)
(1.91811e-05 -0.000112764 0.00692417)
(4.1651e-05 -0.000123631 0.00698011)
(6.42658e-05 -0.000132997 0.00699469)
(-4.92212e-07 -7.59715e-05 0.00678987)
(1.38333e-05 -8.22108e-05 0.00689331)
(2.9051e-05 -8.98442e-05 0.00695168)
(4.38155e-05 -9.64274e-05 0.00697163)
(-4.06965e-07 -5.53805e-05 0.00676676)
(9.80083e-06 -5.97717e-05 0.00687142)
(2.02189e-05 -6.52147e-05 0.00693174)
(3.00632e-05 -6.99463e-05 0.00695531)
(-3.58131e-07 -4.03087e-05 0.0067501)
(6.87666e-06 -4.34191e-05 0.00685573)
(1.40741e-05 -4.73343e-05 0.00691753)
(2.0762e-05 -5.07749e-05 0.00694358)
(-3.15257e-07 -2.9331e-05 0.0067381)
(4.80529e-06 -3.15442e-05 0.00684446)
(9.8182e-06 -3.43757e-05 0.00690732)
(1.4434e-05 -3.68928e-05 0.00693507)
(-2.71133e-07 -2.13496e-05 0.00672946)
(3.35678e-06 -2.29301e-05 0.00683634)
(6.87364e-06 -2.49847e-05 0.00689996)
(1.01002e-05 -2.68321e-05 0.00692887)
(-2.26807e-07 -1.55461e-05 0.00672325)
(2.34938e-06 -1.66781e-05 0.00683049)
(4.83233e-06 -1.81721e-05 0.00689465)
(7.11034e-06 -1.95299e-05 0.00692435)
(-1.84885e-07 -1.13204e-05 0.00671878)
(1.64904e-06 -1.21328e-05 0.00682628)
(3.41105e-06 -1.32203e-05 0.0068908)
(5.03118e-06 -1.42182e-05 0.00692105)
(-1.47298e-07 -8.23542e-06 0.00671557)
(1.1606e-06 -8.8191e-06 0.00682325)
(2.41534e-06 -9.61033e-06 0.00688802)
(3.5729e-06 -1.03427e-05 0.00691864)
(-1.1491e-07 -5.97421e-06 0.00671327)
(8.17822e-07 -6.39311e-06 0.00682106)
(1.71218e-06 -6.96733e-06 0.00688601)
(2.54038e-06 -7.50284e-06 0.00691689)
(-8.77356e-08 -4.30615e-06 0.00671162)
(5.75003e-07 -4.60535e-06 0.0068195)
(1.21046e-06 -5.01945e-06 0.00688456)
(1.80108e-06 -5.40811e-06 0.00691563)
(-6.52363e-08 -3.06273e-06 0.00671045)
(4.00686e-07 -3.27395e-06 0.00681838)
(8.47445e-07 -3.56862e-06 0.00688353)
(1.26404e-06 -3.84663e-06 0.00691472)
(-4.65093e-08 -2.11998e-06 0.00670963)
(2.73354e-07 -2.26539e-06 0.0068176)
(5.79871e-07 -2.46945e-06 0.00688281)
(8.66447e-07 -2.66275e-06 0.00691408)
(-3.02374e-08 -1.38835e-06 0.00670908)
(1.79388e-07 -1.48366e-06 0.00681708)
(3.79591e-07 -1.61757e-06 0.00688233)
(5.67179e-07 -1.74472e-06 0.00691365)
(-1.47295e-08 -8.20635e-07 0.00670874)
(1.14366e-07 -8.78964e-07 0.00681675)
(2.36111e-07 -9.59282e-07 0.00688202)
(3.50502e-07 -1.03537e-06 0.00691338)
(-4.07074e-09 -4.55598e-07 0.00670849)
(7.92332e-08 -4.94499e-07 0.00681652)
(1.61444e-07 -5.43117e-07 0.00688181)
(2.35619e-07 -5.87966e-07 0.00691319)
)
;
    }
}


// ************************************************************************* //
