/*--------------------------------*- C++ -*----------------------------------*\
  =========                 |
  \\      /  F ield         | OpenFOAM: The Open Source CFD Toolbox
   \\    /   O peration     | Website:  https://openfoam.org
    \\  /    A nd           | Version:  6
     \\/     M anipulation  |
\*---------------------------------------------------------------------------*/
FoamFile
{
    version     2.0;
    format      ascii;
    class       volScalarField;
    location    "0.07";
    object      p;
}
// * * * * * * * * * * * * * * * * * * * * * * * * * * * * * * * * * * * * * //

dimensions      [0 2 -2 0 0 0 0];

internalField   nonuniform List<scalar> 
1152
(
1.00926
1.01654
1.01305
1.01517
1.01554
1.01992
1.01545
1.01719
1.01292
1.0147
1.01474
1.01933
1.01546
1.01655
1.01616
1.01692
1.00872
1.00921
1.00978
1.00963
1.00873
1.0091
1.00942
1.00909
1.00885
1.00924
1.0094
1.00884
1.00814
1.00846
1.00847
1.00837
1.01024
1.01011
1.01007
1.0099
1.01008
1.01007
1.01006
1.00992
1.01
1.01005
1.01005
1.00991
1.0098
1.00985
1.00985
1.00979
1.00966
1.0096
1.00952
1.00944
1.0096
1.00958
1.00952
1.00946
1.00951
1.00951
1.00949
1.00945
1.00941
1.00941
1.0094
1.00938
1.00911
1.00906
1.00901
1.00896
1.00906
1.00902
1.00899
1.00895
1.00899
1.00897
1.00895
1.00893
1.00892
1.00891
1.00889
1.00888
1.00859
1.00856
1.00852
1.00849
1.00855
1.00853
1.0085
1.00848
1.00851
1.00849
1.00848
1.00846
1.00846
1.00845
1.00844
1.00843
1.00808
1.00806
1.00804
1.00803
1.00806
1.00804
1.00803
1.00801
1.00803
1.00802
1.00801
1.008
1.008
1.00799
1.00798
1.00797
1.00759
1.00758
1.00757
1.00756
1.00758
1.00757
1.00756
1.00755
1.00756
1.00755
1.00754
1.00754
1.00754
1.00753
1.00752
1.00752
1.00711
1.00711
1.0071
1.00709
1.0071
1.0071
1.00709
1.00709
1.00709
1.00708
1.00708
1.00707
1.00708
1.00707
1.00707
1.00706
1.00664
1.00664
1.00663
1.00663
1.00663
1.00663
1.00663
1.00662
1.00663
1.00662
1.00662
1.00662
1.00662
1.00661
1.00661
1.00661
1.00618
1.00617
1.00617
1.00617
1.00617
1.00617
1.00617
1.00616
1.00616
1.00616
1.00616
1.00616
1.00616
1.00615
1.00615
1.00615
1.00571
1.00571
1.00571
1.00571
1.00571
1.00571
1.00571
1.0057
1.0057
1.0057
1.0057
1.0057
1.0057
1.0057
1.0057
1.00569
1.00525
1.00525
1.00525
1.00525
1.00525
1.00525
1.00525
1.00525
1.00524
1.00524
1.00524
1.00524
1.00524
1.00524
1.00524
1.00524
1.00479
1.00479
1.00479
1.00479
1.00479
1.00479
1.00479
1.00479
1.00479
1.00479
1.00479
1.00479
1.00478
1.00478
1.00478
1.00478
1.00433
1.00433
1.00433
1.00433
1.00433
1.00433
1.00433
1.00433
1.00433
1.00433
1.00433
1.00433
1.00433
1.00433
1.00433
1.00433
1.00388
1.00388
1.00388
1.00387
1.00387
1.00387
1.00387
1.00387
1.00387
1.00387
1.00387
1.00387
1.00387
1.00387
1.00387
1.00387
1.00342
1.00342
1.00342
1.00342
1.00342
1.00342
1.00342
1.00342
1.00342
1.00342
1.00342
1.00342
1.00342
1.00342
1.00342
1.00342
1.00296
1.00296
1.00296
1.00296
1.00296
1.00296
1.00296
1.00296
1.00296
1.00296
1.00296
1.00296
1.00296
1.00296
1.00296
1.00296
1.00251
1.00251
1.00251
1.00251
1.00251
1.00251
1.00251
1.00251
1.00251
1.00251
1.00251
1.00251
1.0025
1.0025
1.0025
1.0025
1.00205
1.00205
1.00205
1.00205
1.00205
1.00205
1.00205
1.00205
1.00205
1.00205
1.00205
1.00205
1.00205
1.00205
1.00205
1.00205
1.00159
1.00159
1.00159
1.00159
1.00159
1.00159
1.00159
1.00159
1.00159
1.00159
1.00159
1.00159
1.00159
1.00159
1.00159
1.00159
1.00114
1.00114
1.00114
1.00114
1.00114
1.00114
1.00114
1.00114
1.00114
1.00114
1.00114
1.00114
1.00114
1.00114
1.00114
1.00114
1.00068
1.00068
1.00068
1.00068
1.00068
1.00068
1.00068
1.00068
1.00068
1.00068
1.00068
1.00068
1.00068
1.00068
1.00068
1.00068
1.00023
1.00023
1.00023
1.00023
1.00023
1.00023
1.00023
1.00023
1.00023
1.00023
1.00023
1.00023
1.00023
1.00023
1.00023
1.00023
1.03227
1.03508
1.01328
1.0104
1.02136
1.01758
1.01407
1.01281
1.02038
1.0159
1.01584
1.01245
1.01353
1.01591
1.0137
1.01472
1.01303
1.01184
1.01026
1.00941
1.00973
1.01045
1.01013
1.00939
1.00892
1.00965
1.00914
1.00849
1.00795
1.00866
1.00868
1.00808
1.01219
1.01154
1.01106
1.01064
1.01117
1.01093
1.01063
1.01033
1.01062
1.01044
1.01017
1.01
1.01001
1.0099
1.00985
1.00977
1.01032
1.01018
1.00997
1.00979
1.01
1.00994
1.0098
1.00966
1.00978
1.00974
1.00964
1.00954
1.0095
1.00951
1.00947
1.00943
1.00941
1.00935
1.00926
1.00918
1.00927
1.00923
1.00917
1.0091
1.00914
1.00912
1.00907
1.00902
1.00899
1.00898
1.00896
1.00893
1.00872
1.0087
1.00866
1.00863
1.00866
1.00864
1.00861
1.00858
1.00859
1.00858
1.00856
1.00853
1.00851
1.0085
1.00849
1.00848
1.00815
1.00814
1.00812
1.0081
1.00812
1.00811
1.00809
1.00808
1.00808
1.00807
1.00806
1.00805
1.00803
1.00803
1.00802
1.00801
1.00763
1.00762
1.00761
1.0076
1.00761
1.00761
1.0076
1.00759
1.00759
1.00758
1.00758
1.00757
1.00756
1.00755
1.00755
1.00754
1.00713
1.00713
1.00712
1.00712
1.00712
1.00712
1.00712
1.00711
1.00711
1.00711
1.0071
1.0071
1.00709
1.00709
1.00708
1.00708
1.00665
1.00665
1.00665
1.00664
1.00665
1.00664
1.00664
1.00664
1.00664
1.00664
1.00663
1.00663
1.00662
1.00662
1.00662
1.00662
1.00618
1.00618
1.00618
1.00618
1.00618
1.00618
1.00617
1.00617
1.00617
1.00617
1.00617
1.00617
1.00616
1.00616
1.00616
1.00616
1.00572
1.00572
1.00571
1.00571
1.00571
1.00571
1.00571
1.00571
1.00571
1.00571
1.00571
1.0057
1.0057
1.0057
1.0057
1.0057
1.00525
1.00525
1.00525
1.00525
1.00525
1.00525
1.00525
1.00525
1.00525
1.00525
1.00525
1.00525
1.00524
1.00524
1.00524
1.00524
1.00479
1.00479
1.00479
1.00479
1.00479
1.00479
1.00479
1.00479
1.00479
1.00479
1.00479
1.00479
1.00479
1.00479
1.00479
1.00479
1.00433
1.00433
1.00433
1.00433
1.00433
1.00433
1.00433
1.00433
1.00433
1.00433
1.00433
1.00433
1.00433
1.00433
1.00433
1.00433
1.00388
1.00388
1.00388
1.00388
1.00388
1.00388
1.00388
1.00387
1.00387
1.00387
1.00387
1.00387
1.00387
1.00387
1.00387
1.00387
1.00342
1.00342
1.00342
1.00342
1.00342
1.00342
1.00342
1.00342
1.00342
1.00342
1.00342
1.00342
1.00342
1.00342
1.00342
1.00342
1.00296
1.00296
1.00296
1.00296
1.00296
1.00296
1.00296
1.00296
1.00296
1.00296
1.00296
1.00296
1.00296
1.00296
1.00296
1.00296
1.00251
1.00251
1.00251
1.00251
1.00251
1.00251
1.00251
1.00251
1.00251
1.00251
1.00251
1.00251
1.00251
1.00251
1.00251
1.00251
1.00205
1.00205
1.00205
1.00205
1.00205
1.00205
1.00205
1.00205
1.00205
1.00205
1.00205
1.00205
1.00205
1.00205
1.00205
1.00205
1.00159
1.00159
1.00159
1.00159
1.00159
1.00159
1.00159
1.00159
1.00159
1.00159
1.00159
1.00159
1.00159
1.00159
1.00159
1.00159
1.00114
1.00114
1.00114
1.00114
1.00114
1.00114
1.00114
1.00114
1.00114
1.00114
1.00114
1.00114
1.00114
1.00114
1.00114
1.00114
1.00068
1.00068
1.00068
1.00068
1.00068
1.00068
1.00068
1.00068
1.00068
1.00068
1.00068
1.00068
1.00068
1.00068
1.00068
1.00068
1.00023
1.00023
1.00023
1.00023
1.00023
1.00023
1.00023
1.00023
1.00023
1.00023
1.00023
1.00023
1.00023
1.00023
1.00023
1.00023
1.01904
1.01913
1.02077
1.01162
1.01666
1.01497
1.01526
1.012
1.01313
1.01364
1.01307
1.01257
1.01379
1.01382
1.0126
1.01269
1.00971
1.00978
1.00956
1.00858
1.00972
1.01013
1.00968
1.00893
1.00941
1.0103
1.01001
1.00914
1.00926
1.01007
1.00987
1.0091
1.0111
1.01075
1.01026
1.00964
1.01086
1.01057
1.01013
1.00965
1.01064
1.01045
1.01012
1.00973
1.01045
1.01031
1.01008
1.00978
1.0099
1.00982
1.00961
1.00934
1.00988
1.00978
1.00959
1.00937
1.00979
1.00971
1.00956
1.00939
1.00971
1.00964
1.00953
1.00941
1.00926
1.00919
1.00907
1.00894
1.00924
1.00917
1.00906
1.00894
1.0092
1.00913
1.00904
1.00895
1.00915
1.00909
1.00902
1.00895
1.00867
1.00863
1.00856
1.0085
1.00866
1.00862
1.00856
1.0085
1.00864
1.0086
1.00855
1.0085
1.00861
1.00858
1.00854
1.0085
1.00813
1.00811
1.00807
1.00804
1.00812
1.0081
1.00807
1.00804
1.00811
1.00809
1.00807
1.00804
1.0081
1.00808
1.00805
1.00803
1.00762
1.00761
1.00759
1.00757
1.00762
1.00761
1.00759
1.00757
1.00761
1.0076
1.00759
1.00757
1.0076
1.00759
1.00758
1.00757
1.00713
1.00713
1.00712
1.00711
1.00713
1.00712
1.00712
1.00711
1.00713
1.00712
1.00711
1.0071
1.00712
1.00711
1.00711
1.0071
1.00665
1.00665
1.00665
1.00664
1.00665
1.00665
1.00665
1.00664
1.00665
1.00665
1.00664
1.00664
1.00665
1.00664
1.00664
1.00663
1.00618
1.00618
1.00618
1.00618
1.00618
1.00618
1.00618
1.00618
1.00618
1.00618
1.00618
1.00617
1.00618
1.00618
1.00617
1.00617
1.00572
1.00572
1.00572
1.00571
1.00572
1.00572
1.00572
1.00571
1.00572
1.00572
1.00571
1.00571
1.00571
1.00571
1.00571
1.00571
1.00525
1.00526
1.00525
1.00525
1.00525
1.00525
1.00525
1.00525
1.00525
1.00525
1.00525
1.00525
1.00525
1.00525
1.00525
1.00525
1.00479
1.00479
1.00479
1.00479
1.00479
1.00479
1.00479
1.00479
1.00479
1.00479
1.00479
1.00479
1.00479
1.00479
1.00479
1.00479
1.00434
1.00434
1.00434
1.00434
1.00434
1.00434
1.00434
1.00433
1.00433
1.00433
1.00433
1.00433
1.00433
1.00433
1.00433
1.00433
1.00388
1.00388
1.00388
1.00388
1.00388
1.00388
1.00388
1.00388
1.00388
1.00388
1.00388
1.00388
1.00388
1.00388
1.00388
1.00388
1.00342
1.00342
1.00342
1.00342
1.00342
1.00342
1.00342
1.00342
1.00342
1.00342
1.00342
1.00342
1.00342
1.00342
1.00342
1.00342
1.00296
1.00296
1.00296
1.00296
1.00296
1.00296
1.00296
1.00296
1.00296
1.00296
1.00296
1.00296
1.00296
1.00296
1.00296
1.00296
1.00251
1.00251
1.00251
1.00251
1.00251
1.00251
1.00251
1.00251
1.00251
1.00251
1.00251
1.00251
1.00251
1.00251
1.00251
1.00251
1.00205
1.00205
1.00205
1.00205
1.00205
1.00205
1.00205
1.00205
1.00205
1.00205
1.00205
1.00205
1.00205
1.00205
1.00205
1.00205
1.00159
1.0016
1.0016
1.0016
1.00159
1.00159
1.00159
1.00159
1.00159
1.00159
1.00159
1.00159
1.00159
1.00159
1.00159
1.00159
1.00114
1.00114
1.00114
1.00114
1.00114
1.00114
1.00114
1.00114
1.00114
1.00114
1.00114
1.00114
1.00114
1.00114
1.00114
1.00114
1.00068
1.00068
1.00068
1.00068
1.00068
1.00068
1.00068
1.00068
1.00068
1.00068
1.00068
1.00068
1.00068
1.00068
1.00068
1.00068
1.00023
1.00023
1.00023
1.00023
1.00023
1.00023
1.00023
1.00023
1.00023
1.00023
1.00023
1.00023
1.00023
1.00023
1.00023
1.00023
)
;

boundaryField
{
    inlet
    {
        type            zeroGradient;
    }
    outlet
    {
        type            fixedValue;
        value           uniform 1;
    }
    wall
    {
        type            zeroGradient;
    }
    procBoundary0to1
    {
        type            processor;
        value           nonuniform List<scalar> 
192
(
1.00956
1.01332
1.01305
1.01268
1.00866
1.00928
1.00968
1.00938
1.00969
1.00986
1.00997
1.00988
1.00936
1.00941
1.00942
1.00936
1.00892
1.00893
1.00892
1.00887
1.00847
1.00847
1.00845
1.00842
1.00801
1.00801
1.00799
1.00797
1.00755
1.00754
1.00753
1.00751
1.00709
1.00708
1.00707
1.00706
1.00663
1.00662
1.00661
1.0066
1.00617
1.00616
1.00616
1.00615
1.00571
1.0057
1.0057
1.00569
1.00525
1.00524
1.00524
1.00524
1.00479
1.00479
1.00478
1.00478
1.00433
1.00433
1.00433
1.00433
1.00387
1.00387
1.00387
1.00387
1.00342
1.00342
1.00342
1.00342
1.00296
1.00296
1.00296
1.00296
1.00251
1.00251
1.0025
1.0025
1.00205
1.00205
1.00205
1.00205
1.00159
1.00159
1.00159
1.00159
1.00114
1.00114
1.00114
1.00114
1.00068
1.00068
1.00068
1.00068
1.00023
1.00023
1.00023
1.00023
1.00944
1.01011
1.01073
1.01034
1.00807
1.00901
1.0093
1.00895
1.00941
1.00951
1.00961
1.00964
1.0092
1.00924
1.00928
1.00932
1.00886
1.00887
1.00889
1.0089
1.00845
1.00846
1.00846
1.00847
1.00801
1.00801
1.00802
1.00802
1.00756
1.00756
1.00756
1.00756
1.0071
1.0071
1.0071
1.00709
1.00664
1.00664
1.00663
1.00663
1.00617
1.00617
1.00617
1.00617
1.00571
1.00571
1.00571
1.00571
1.00525
1.00525
1.00525
1.00525
1.00479
1.00479
1.00479
1.00479
1.00433
1.00433
1.00433
1.00433
1.00388
1.00388
1.00388
1.00388
1.00342
1.00342
1.00342
1.00342
1.00296
1.00296
1.00296
1.00296
1.00251
1.00251
1.00251
1.00251
1.00205
1.00205
1.00205
1.00205
1.00159
1.00159
1.00159
1.00159
1.00114
1.00114
1.00114
1.00114
1.00068
1.00068
1.00068
1.00068
1.00023
1.00023
1.00023
1.00023
)
;
    }
    procBoundary0to2
    {
        type            processor;
        value           nonuniform List<scalar> 
192
(
1.01311
1.01334
1.01519
1.01197
1.0082
1.00834
1.00807
1.00789
1.00973
1.00977
1.00971
1.00964
1.00932
1.00933
1.00932
1.00928
1.00885
1.00885
1.00884
1.00882
1.00842
1.00841
1.0084
1.00839
1.00797
1.00796
1.00796
1.00795
1.00752
1.00751
1.0075
1.0075
1.00706
1.00706
1.00705
1.00705
1.00661
1.0066
1.0066
1.0066
1.00615
1.00615
1.00614
1.00614
1.00569
1.00569
1.00569
1.00569
1.00524
1.00524
1.00524
1.00523
1.00478
1.00478
1.00478
1.00478
1.00433
1.00433
1.00433
1.00432
1.00387
1.00387
1.00387
1.00387
1.00342
1.00341
1.00341
1.00341
1.00296
1.00296
1.00296
1.00296
1.0025
1.0025
1.0025
1.0025
1.00205
1.00205
1.00205
1.00205
1.00159
1.00159
1.00159
1.00159
1.00114
1.00114
1.00114
1.00114
1.00068
1.00068
1.00068
1.00068
1.00023
1.00023
1.00023
1.00023
1.01462
1.01565
1.01119
1.01476
1.00904
1.00861
1.00786
1.00775
1.00988
1.00969
1.00961
1.00962
1.00935
1.00935
1.00932
1.00932
1.00888
1.00888
1.00887
1.00886
1.00844
1.00844
1.00843
1.00843
1.00798
1.00798
1.00798
1.00798
1.00753
1.00753
1.00752
1.00752
1.00707
1.00707
1.00707
1.00706
1.00661
1.00661
1.00661
1.00661
1.00615
1.00615
1.00615
1.00615
1.0057
1.0057
1.0057
1.00569
1.00524
1.00524
1.00524
1.00524
1.00478
1.00478
1.00478
1.00478
1.00433
1.00433
1.00433
1.00433
1.00387
1.00387
1.00387
1.00387
1.00342
1.00342
1.00342
1.00342
1.00296
1.00296
1.00296
1.00296
1.0025
1.0025
1.0025
1.0025
1.00205
1.00205
1.00205
1.00205
1.00159
1.00159
1.00159
1.00159
1.00114
1.00114
1.00114
1.00114
1.00068
1.00068
1.00068
1.00068
1.00023
1.00023
1.00023
1.00023
)
;
    }
}


// ************************************************************************* //
