FoamFile
{version 2.0; format ascii;class Cloud<passiveParticle>; location 0;object  positions;}
27
(
( -0.00659027 0.00179057 0.000823165 ) 0 
( -0.0123936 0.002821 0.00067812 ) 0 
( -0.00492696 0.00194225 0.000679013 ) 0 
( -0.00525274 0.00397957 0.000685838 ) 0 
( -0.010113 0.00489506 0.000695041 ) 0 
( -0.00707879 0.0070735 0.000682994 ) 0 
( -0.0079178 0.00346746 0.000776642 ) 0 
( -0.0104332 0.00356553 0.000679858 ) 0 
( -0.00135472 0.011058 0.00072932 ) 0 
( -0.00777571 0.00553836 0.00080093 ) 0 
( -0.00576168 0.00576157 0.00100779 ) 0 
( -0.00580595 0.0117045 0.00103662 ) 0 
( -0.00215611 0.00504035 0.000681169 ) 0 
( -0.0102626 0.00193002 0.000769321 ) 0 
( -0.00408866 0.00516515 0.000851056 ) 0 
( -0.00581677 0.00829749 0.000682562 ) 0 
( -0.00834277 0.00101965 0.000678004 ) 0 
( -0.00271926 0.00329576 0.000679242 ) 0 
( -0.00148576 0.00225588 0.000678373 ) 0 
( -0.0115322 0.00597556 0.00069531 ) 0 
( -0.00444596 0.00887566 0.000731198 ) 0 
( -0.00418422 0.00689901 0.00069792 ) 0 
( -0.000527024 0.00118724 0.000893982 ) 0 
( -0.00330318 0.000690755 0.000693818 ) 0 
( -0.00249332 0.00873429 0.000775106 ) 0 
( -0.00210602 0.00675173 0.000899579 ) 0 
( -0.000229851 0.00521192 0.000679302 ) 0 
)
