/*--------------------------------*- C++ -*----------------------------------*\
  =========                 |
  \\      /  F ield         | OpenFOAM: The Open Source CFD Toolbox
   \\    /   O peration     | Website:  https://openfoam.org
    \\  /    A nd           | Version:  6
     \\/     M anipulation  |
\*---------------------------------------------------------------------------*/
FoamFile
{
    version     2.0;
    format      ascii;
    class       surfaceScalarField;
    location    "0.04";
    object      phi;
}
// * * * * * * * * * * * * * * * * * * * * * * * * * * * * * * * * * * * * * //

dimensions      [0 3 -1 0 0 0 0];

internalField   nonuniform List<scalar> 
3120
(
1.16916e-08
-8.51396e-09
2.55173e-08
-3.74001e-09
1.59277e-08
-6.35769e-09
3.09496e-08
1.34338e-08
-1.81945e-09
2.90669e-08
5.62066e-09
2.34649e-08
6.9021e-09
-2.63409e-09
3.82433e-08
-2.36733e-08
4.51198e-09
-5.32146e-09
2.86613e-08
1.39261e-09
1.18839e-09
2.75076e-08
1.03515e-08
2.89971e-08
7.37216e-09
-4.82871e-09
3.39764e-08
-1.19915e-08
4.49968e-09
-5.46592e-09
2.97138e-08
-2.15107e-09
2.7534e-09
3.22766e-08
1.92585e-08
3.25478e-08
5.86302e-10
2.21639e-08
5.88214e-09
-7.76163e-09
1.6997e-09
2.48501e-08
-4.50167e-09
-4.33934e-09
2.13305e-08
1.4305e-08
2.46233e-08
2.19349e-08
-2.65309e-09
-5.5081e-09
2.68434e-08
1.23356e-09
-1.52805e-09
-6.72831e-10
2.88607e-08
-2.16823e-09
1.88853e-09
2.86177e-08
3.06748e-09
2.34915e-08
2.89521e-09
-5.93169e-10
3.226e-08
-1.82683e-09
4.32677e-12
-9.93147e-10
3.18725e-08
-2.78778e-09
1.21398e-09
3.09742e-08
5.83035e-09
2.62587e-08
2.0915e-09
-2.09446e-10
3.17809e-08
-2.79713e-10
-1.45325e-09
-3.94844e-10
3.26602e-08
-4.95533e-09
4.43334e-09
3.25593e-08
9.15187e-09
2.93483e-08
1.70913e-10
3.07804e-08
-6.99455e-09
-2.00225e-09
-2.17027e-09
2.9059e-08
-2.26253e-09
-7.88759e-09
2.76526e-08
3.82855e-09
2.68729e-08
5.44192e-09
-1.46922e-09
-6.028e-09
2.73864e-08
1.44676e-09
-1.85649e-10
-4.87347e-09
2.75591e-08
1.58838e-09
-3.68099e-09
2.67706e-08
-2.51104e-09
2.38286e-08
3.32149e-11
-4.8826e-09
3.00743e-08
1.00707e-09
1.25976e-09
-3.86749e-09
2.964e-08
2.77777e-09
-2.73886e-09
2.85141e-08
-1.8898e-09
2.53774e-08
7.84076e-10
-4.96063e-09
3.08924e-08
1.82365e-10
1.63565e-09
-2.73233e-09
3.06735e-08
2.26994e-09
-6.1798e-10
2.98041e-08
-6.61931e-11
2.6864e-08
2.82275e-09
3.09033e-08
-6.40831e-09
-1.49802e-09
2.15187e-09
2.96862e-08
-2.68867e-09
9.26421e-10
2.84754e-08
-2.15333e-10
2.64811e-08
2.26131e-10
9.72532e-10
-4.41773e-09
2.73423e-08
-4.46121e-10
1.88847e-09
-4.10417e-09
2.69908e-08
2.89926e-09
-3.58332e-09
2.61354e-08
-2.90392e-09
2.45772e-08
1.4055e-09
-4.06575e-09
2.85839e-08
-2.66997e-10
2.54287e-09
-3.69736e-09
2.80958e-08
3.63529e-09
-3.29437e-09
2.71327e-08
-2.97264e-09
2.54398e-08
1.72905e-09
-3.87612e-09
2.93165e-08
-3.42765e-10
2.82818e-09
-2.95642e-09
2.88334e-08
3.76116e-09
-2.33794e-09
2.79147e-08
-2.31531e-09
2.62301e-08
2.48224e-09
2.97532e-08
-4.12752e-09
-1.08077e-09
3.09981e-09
2.89721e-08
-2.85991e-09
3.39623e-09
2.79168e-08
-2.07583e-09
2.64265e-08
-1.97618e-09
1.62363e-09
-2.92404e-09
2.71013e-08
-1.09526e-09
2.16378e-09
-2.80311e-09
2.67418e-08
2.51375e-09
-2.55481e-09
2.61323e-08
-2.18911e-09
2.53104e-08
1.76943e-09
-2.88627e-09
2.77417e-08
-9.65041e-10
2.45312e-09
-2.74701e-09
2.7356e-08
2.89426e-09
-2.56184e-09
2.66986e-08
-2.35528e-09
2.57892e-08
1.88499e-09
-2.80192e-09
2.82571e-08
-9.09857e-10
2.61489e-09
-2.50665e-09
2.78631e-08
3.06316e-09
-2.29075e-09
2.71954e-08
-2.2041e-09
2.62624e-08
2.1105e-09
2.86859e-08
-2.77182e-09
-1.07326e-09
2.75204e-09
2.82084e-08
-2.38442e-09
3.06025e-09
2.74848e-08
-2.16691e-09
2.65628e-08
-2.06891e-09
1.36701e-09
-1.93151e-09
2.68815e-08
-9.95544e-10
1.6658e-09
-1.87552e-09
2.66236e-08
1.77873e-09
-1.74333e-09
2.62414e-08
-1.54224e-09
2.57899e-08
1.42324e-09
-1.939e-09
2.72542e-08
-9.28259e-10
1.80612e-09
-1.89244e-09
2.69901e-08
1.98115e-09
-1.7996e-09
2.65798e-08
-1.66904e-09
2.60767e-08
1.45511e-09
-1.86606e-09
2.75905e-08
-8.61534e-10
1.89063e-09
-1.7948e-09
2.733e-08
2.09789e-09
-1.71986e-09
2.69084e-08
-1.6429e-09
2.6381e-08
1.49713e-09
2.78802e-08
-1.72362e-09
-8.33873e-10
1.94578e-09
2.7612e-08
-1.64706e-09
2.1492e-09
2.71767e-08
-1.61523e-09
2.6637e-08
-1.55766e-09
9.80651e-10
-1.29943e-09
2.67242e-08
-7.46477e-10
1.14711e-09
-1.27434e-09
2.65578e-08
1.1907e-09
-1.20297e-09
2.63236e-08
-1.0911e-09
2.60631e-08
1.005e-09
-1.29716e-09
2.69558e-08
-7.08824e-10
1.22026e-09
-1.28798e-09
2.67885e-08
1.30146e-09
-1.24291e-09
2.65386e-08
-1.16605e-09
2.62492e-08
1.00798e-09
-1.22571e-09
2.71681e-08
-6.57017e-10
1.26201e-09
-1.22275e-09
2.70107e-08
1.37179e-09
-1.20057e-09
2.67562e-08
-1.15449e-09
2.64508e-08
1.00008e-09
2.73382e-08
-1.07793e-09
-6.0586e-10
1.27818e-09
2.71984e-08
-1.08732e-09
1.40789e-09
2.69477e-08
-1.10128e-09
2.6634e-08
-1.07783e-09
6.76534e-10
-8.8832e-10
2.66146e-08
-5.31322e-10
7.73491e-10
-8.79398e-10
2.65123e-08
7.95888e-10
-8.42044e-10
2.6368e-08
-7.79959e-10
2.62106e-08
6.8594e-10
-8.74682e-10
2.67629e-08
-5.0669e-10
8.11799e-10
-8.79503e-10
2.66627e-08
8.57217e-10
-8.59538e-10
2.65107e-08
-8.16927e-10
2.63375e-08
6.793e-10
-8.09707e-10
2.68928e-08
-4.68918e-10
8.30684e-10
-8.2565e-10
2.68055e-08
8.96817e-10
-8.2361e-10
2.66542e-08
-8.00639e-10
2.64724e-08
6.6056e-10
2.69797e-08
-6.86413e-10
-4.25374e-10
8.30819e-10
2.69181e-08
-7.15618e-10
9.15431e-10
2.67774e-08
-7.3787e-10
2.65933e-08
-7.33522e-10
4.65853e-10
-6.15017e-10
2.65364e-08
-3.7398e-10
5.25719e-10
-6.14263e-10
2.64764e-08
5.40816e-10
-5.95712e-10
2.63865e-08
-5.6147e-10
2.62876e-08
4.675e-10
-5.96088e-10
2.66322e-08
-3.55752e-10
5.45074e-10
-6.05402e-10
2.65763e-08
5.74772e-10
-5.98253e-10
2.64835e-08
-5.7581e-10
2.63763e-08
4.58061e-10
-5.41286e-10
2.67079e-08
-3.28e-10
5.52035e-10
-5.60127e-10
2.66662e-08
5.9585e-10
-5.65369e-10
2.65775e-08
-5.55806e-10
2.64666e-08
4.39485e-10
2.67402e-08
-4.46168e-10
-2.95107e-10
5.46262e-10
2.67266e-08
-4.75396e-10
6.03383e-10
2.66511e-08
-4.96217e-10
2.65419e-08
-5.00175e-10
3.23376e-10
-4.30022e-10
2.6479e-08
-2.63451e-10
3.62463e-10
-4.32984e-10
2.64466e-08
3.74305e-10
-4.24575e-10
2.63904e-08
-4.05929e-10
2.63263e-08
3.21235e-10
-4.1047e-10
2.65406e-08
-2.49173e-10
3.71514e-10
-4.20415e-10
2.65134e-08
3.92895e-10
-4.19515e-10
2.64571e-08
-4.08422e-10
2.63888e-08
3.1167e-10
-3.66449e-10
2.65807e-08
-2.28477e-10
3.72512e-10
-3.83369e-10
2.65683e-08
4.03353e-10
-3.90714e-10
2.65178e-08
-3.88148e-10
2.6449e-08
2.95926e-10
2.65777e-08
-2.95597e-10
-2.04255e-10
3.65114e-10
2.65939e-08
-3.19854e-10
4.04908e-10
2.65577e-08
-3.37115e-10
2.64928e-08
-3.43859e-10
2.26657e-10
-3.03091e-10
2.64363e-08
-1.86378e-10
2.53343e-10
-3.07378e-10
2.6422e-08
2.63067e-10
-3.04271e-10
2.6387e-08
-2.94354e-10
2.63446e-08
2.22993e-10
-2.85418e-10
2.6475e-08
-1.75062e-10
2.56926e-10
-2.94455e-10
2.64666e-08
2.73011e-10
-2.96335e-10
2.6433e-08
-2.91416e-10
2.63889e-08
2.14404e-10
-2.51173e-10
2.64916e-08
-1.59532e-10
2.55197e-10
-2.65034e-10
2.64981e-08
2.77612e-10
-2.72347e-10
2.64714e-08
-2.73106e-10
2.64284e-08
2.01808e-10
2.64658e-08
-1.99279e-10
-1.41785e-10
2.47984e-10
2.65008e-08
-2.18092e-10
2.76308e-10
2.64888e-08
-2.3174e-10
2.64508e-08
-2.38766e-10
1.60293e-10
-2.15057e-10
2.64043e-08
-1.32527e-10
1.79098e-10
-2.19474e-10
2.6402e-08
1.87069e-10
-2.1901e-10
2.63809e-08
-2.13951e-10
2.63525e-08
1.56315e-10
-2.00213e-10
2.64274e-08
-1.23612e-10
1.79899e-10
-2.07845e-10
2.64314e-08
1.92174e-10
-2.10725e-10
2.64125e-08
-2.09043e-10
2.63836e-08
1.49066e-10
-1.74124e-10
2.64284e-08
-1.11947e-10
1.77151e-10
-1.85024e-10
2.64472e-08
1.93681e-10
-1.91488e-10
2.64357e-08
-1.93608e-10
2.64089e-08
1.39254e-10
2.63877e-08
-1.36411e-10
-9.89317e-11
1.70816e-10
2.64348e-08
-1.50582e-10
1.91243e-10
2.6438e-08
-1.61131e-10
2.64169e-08
-1.67438e-10
1.14229e-10
-1.53452e-10
2.63803e-08
-9.47132e-11
1.27752e-10
-1.5746e-10
2.63861e-08
1.34179e-10
-1.58205e-10
2.63741e-08
-1.55812e-10
2.6355e-08
1.10519e-10
-1.41527e-10
2.63927e-08
-8.77624e-11
1.27241e-10
-1.47715e-10
2.64049e-08
1.36615e-10
-1.50724e-10
2.63956e-08
-1.50646e-10
2.63768e-08
1.04624e-10
-1.21923e-10
2.63832e-08
-7.90133e-11
1.24331e-10
-1.30312e-10
2.64101e-08
1.36587e-10
-1.35701e-10
2.64084e-08
-1.38186e-10
2.63922e-08
9.70935e-11
2.63328e-08
-9.46027e-11
-6.9448e-11
1.1906e-10
2.63877e-08
-1.05137e-10
1.33902e-10
2.64006e-08
-1.13186e-10
2.63904e-08
-1.18468e-10
8.19083e-11
-1.10004e-10
2.63623e-08
-6.79994e-11
9.1751e-11
-1.1341e-10
2.63737e-08
9.684e-11
-1.14609e-10
2.63679e-08
-1.13645e-10
2.63551e-08
7.87023e-11
-1.00695e-10
2.63674e-08
-6.26361e-11
9.07122e-11
-1.05587e-10
2.63851e-08
9.78378e-11
-1.08333e-10
2.63822e-08
-1.08973e-10
2.63702e-08
7.4025e-11
-8.60984e-11
2.63506e-08
-5.6088e-11
8.80363e-11
-9.24757e-11
2.6383e-08
9.71296e-11
-9.68147e-11
2.63878e-08
-9.91941e-11
2.63786e-08
6.82989e-11
2.62938e-08
-6.63261e-11
-4.9046e-11
8.37915e-11
2.63538e-08
-7.41074e-11
9.46174e-11
2.63732e-08
-8.01982e-11
2.63702e-08
-8.44536e-11
5.90115e-11
-7.91474e-11
2.63489e-08
-4.90053e-11
6.62208e-11
-8.19281e-11
2.63641e-08
7.01843e-11
-8.3202e-11
2.63625e-08
-8.29713e-11
2.63541e-08
5.63644e-11
-7.20199e-11
2.63488e-08
-4.49049e-11
6.50574e-11
-7.58207e-11
2.63703e-08
7.04396e-11
-7.81604e-11
2.63718e-08
-7.90497e-11
2.63644e-08
5.27175e-11
-6.12209e-11
2.63271e-08
-4.00169e-11
6.27657e-11
-6.60291e-11
2.63631e-08
6.95028e-11
-6.94444e-11
2.63723e-08
-7.15238e-11
2.63679e-08
4.83927e-11
2.62659e-08
-4.69103e-11
-3.48272e-11
5.94219e-11
2.63294e-08
-5.26403e-11
6.7332e-11
2.6353e-08
-5.72214e-11
2.63548e-08
-6.05668e-11
4.26511e-11
-5.70903e-11
2.63389e-08
-3.54113e-11
4.79446e-11
-5.93e-11
2.63567e-08
5.09878e-11
-6.0472e-11
2.63582e-08
-6.05907e-11
2.63529e-08
4.05309e-11
-5.17081e-11
2.63352e-08
-3.23023e-11
4.68489e-11
-5.4623e-11
2.63593e-08
5.08867e-11
-5.65349e-11
2.63638e-08
-5.74403e-11
2.63596e-08
3.77251e-11
-4.37569e-11
2.63101e-08
-2.86645e-11
4.49692e-11
-4.73598e-11
2.63486e-08
4.99474e-11
-5.00041e-11
2.63608e-08
-5.17292e-11
2.63597e-08
3.44774e-11
2.62459e-08
-3.33976e-11
-2.48401e-11
4.23779e-11
2.63117e-08
-3.76087e-11
4.81582e-11
2.63383e-08
-4.10367e-11
2.63433e-08
-4.36219e-11
3.0868e-11
-4.12216e-11
2.63315e-08
-2.56167e-11
3.4753e-11
-4.29425e-11
2.63512e-08
3.70601e-11
-4.39438e-11
2.63547e-08
-4.42039e-11
2.63516e-08
2.92074e-11
-3.72014e-11
2.63252e-08
-2.32779e-11
3.38044e-11
-3.94127e-11
2.63511e-08
3.68125e-11
-4.09307e-11
2.63578e-08
-4.17459e-11
2.63559e-08
2.70733e-11
-3.13727e-11
2.62978e-08
-2.0581e-11
3.2308e-11
-3.4057e-11
2.6338e-08
3.59728e-11
-3.60773e-11
2.63523e-08
-3.74601e-11
2.63535e-08
2.46485e-11
2.62315e-08
-2.38777e-11
-1.7767e-11
3.03265e-11
2.6299e-08
-2.69657e-11
3.45445e-11
2.63275e-08
-2.95173e-11
2.63348e-08
-3.14883e-11
2.23131e-11
-2.97254e-11
2.6326e-08
-1.85074e-11
2.51544e-11
-3.10425e-11
2.63471e-08
2.68822e-11
-3.18587e-11
2.63521e-08
-3.21518e-11
2.63506e-08
2.10367e-11
-2.67526e-11
2.6318e-08
-1.67634e-11
2.4375e-11
-2.84122e-11
2.63452e-08
2.65979e-11
-2.95903e-11
2.63533e-08
-3.02757e-11
2.6353e-08
1.94317e-11
-2.25024e-11
2.62889e-08
-1.47752e-11
2.32114e-11
-2.44887e-11
2.63303e-08
2.58947e-11
-2.60132e-11
2.6346e-08
-2.70932e-11
2.63488e-08
1.76339e-11
2.62212e-08
-1.70922e-11
-1.27124e-11
2.17152e-11
2.62897e-08
-1.93479e-11
2.47824e-11
2.63197e-08
-2.12348e-11
2.63285e-08
-2.27189e-11
1.60439e-11
-2.13249e-11
2.63221e-08
-1.33009e-11
1.81062e-11
-2.23153e-11
2.63441e-08
1.93821e-11
-2.29567e-11
2.63501e-08
-2.32296e-11
2.63497e-08
1.50811e-11
-1.91523e-11
2.63127e-08
-1.20153e-11
1.74903e-11
-2.03818e-11
2.63408e-08
1.91154e-11
-2.12767e-11
2.635e-08
-2.18263e-11
2.63508e-08
1.38902e-11
-1.60785e-11
2.62825e-08
-1.05625e-11
1.66053e-11
-1.75339e-11
2.63248e-08
1.8553e-11
-1.86679e-11
2.63415e-08
-1.94918e-11
2.63454e-08
1.25708e-11
2.62138e-08
-1.21958e-11
-9.06193e-12
1.54918e-11
2.62831e-08
-1.38316e-11
1.77064e-11
2.6314e-08
-1.52135e-11
2.6324e-08
-1.63153e-11
1.13931e-11
-1.51131e-11
2.63192e-08
-9.44151e-12
1.28683e-11
-1.58411e-11
2.63419e-08
1.37923e-11
-1.63278e-11
2.63487e-08
-1.6557e-11
2.6349e-08
1.06837e-11
-1.35524e-11
2.6309e-08
-8.51045e-12
1.23992e-11
-1.44463e-11
2.63377e-08
1.35674e-11
-1.51092e-11
2.63476e-08
-1.55319e-11
2.63492e-08
9.81684e-12
-1.13615e-11
2.6278e-08
-7.46546e-12
1.17431e-11
-1.24107e-11
2.63208e-08
1.31358e-11
-1.32377e-11
2.63382e-08
-1.38497e-11
2.63429e-08
8.86459e-12
2.62086e-08
-8.61009e-12
-6.38963e-12
1.0931e-11
2.62784e-08
-9.77968e-12
1.2508e-11
2.631e-08
-1.07756e-11
2.63207e-08
-1.15776e-11
7.8867e-12
-1.04431e-11
2.63173e-08
-6.5342e-12
8.9129e-12
-1.09602e-11
2.63404e-08
9.56126e-12
-1.13138e-11
2.63477e-08
-1.14915e-11
2.63485e-08
7.38182e-12
-9.35448e-12
2.63064e-08
-5.88003e-12
8.57125e-12
-9.98439e-12
2.63356e-08
9.3865e-12
-1.0458e-11
2.63459e-08
-1.0768e-11
2.6348e-08
6.77038e-12
-7.83484e-12
2.62748e-08
-5.14948e-12
8.10223e-12
-8.56954e-12
2.63181e-08
9.07045e-12
-9.15373e-12
2.63359e-08
-9.59182e-12
2.63411e-08
6.10308e-12
2.6205e-08
-5.93467e-12
-4.39941e-12
7.52861e-12
2.62752e-08
-6.7485e-12
8.62174e-12
2.63072e-08
-7.44568e-12
2.63184e-08
-8.01141e-12
5.20303e-12
-6.87916e-12
2.63159e-08
-4.31102e-12
5.88137e-12
-7.22704e-12
2.63393e-08
6.31192e-12
-7.46885e-12
2.6347e-08
-7.5958e-12
2.63482e-08
4.86292e-12
-6.15743e-12
2.63047e-08
-3.8747e-12
5.64733e-12
-6.57872e-12
2.63341e-08
6.18689e-12
-6.89878e-12
2.63448e-08
-7.11207e-12
2.63473e-08
4.45374e-12
-5.15427e-12
2.62727e-08
-3.3891e-12
5.3303e-12
-5.64326e-12
2.63162e-08
5.96965e-12
-6.03461e-12
2.63344e-08
-6.33092e-12
2.634e-08
4.00934e-12
2.62026e-08
-3.9037e-12
-2.89135e-12
4.94611e-12
2.6273e-08
-4.44319e-12
5.66659e-12
2.63053e-08
-4.90697e-12
2.63169e-08
-5.28529e-12
3.18156e-12
-4.24769e-12
2.63151e-08
-2.63764e-12
3.59463e-12
-4.46575e-12
2.63387e-08
3.85623e-12
-4.61967e-12
2.63465e-08
-4.70366e-12
2.6348e-08
2.96813e-12
-3.80295e-12
2.63037e-08
-2.3666e-12
3.44537e-12
-4.06394e-12
2.63332e-08
3.77341e-12
-4.26449e-12
2.63441e-08
-4.40036e-12
2.63468e-08
2.71438e-12
-3.18753e-12
2.62715e-08
-2.06834e-12
3.24674e-12
-3.48698e-12
2.63151e-08
3.63528e-12
-3.72919e-12
2.63335e-08
-3.91445e-12
2.63393e-08
2.44194e-12
2.62011e-08
-2.42297e-12
-1.76638e-12
3.00933e-12
2.62717e-08
-2.75045e-12
3.44637e-12
2.63042e-08
-3.03352e-12
2.63159e-08
-3.2668e-12
1.88682e-12
-2.77262e-12
-1.56805e-12
2.12898e-12
-2.92221e-12
2.28123e-12
-3.02898e-12
-3.08958e-12
1.74076e-12
-2.47956e-12
-1.38347e-12
2.0253e-12
-2.65806e-12
2.22142e-12
-2.79381e-12
-2.88555e-12
1.56761e-12
-2.07487e-12
-1.17504e-12
1.89104e-12
-2.28032e-12
2.12855e-12
-2.44319e-12
-2.56478e-12
1.37728e-12
-1.57284e-12
-9.61632e-13
1.73053e-12
-1.80065e-12
2.00505e-12
-1.99274e-12
-2.14391e-12
7.41807e-10
1.36162e-08
1.21591e-08
-4.20036e-09
5.37787e-09
-2.74682e-09
1.5656e-08
-1.73483e-08
4.86805e-08
1.49171e-08
2.38248e-08
2.99616e-08
-2.00235e-09
4.41922e-09
2.81159e-08
2.9485e-09
6.7683e-09
-4.26486e-09
1.83427e-08
-2.07487e-08
1.07661e-07
1.03124e-08
2.68123e-08
3.50242e-08
-1.54022e-08
-1.32961e-08
4.36748e-08
1.27422e-08
-3.26082e-08
-6.00272e-09
4.85356e-08
3.18832e-09
5.2632e-08
5.32598e-08
4.26056e-08
3.01259e-08
-5.63459e-08
5.1503e-08
1.71035e-08
-3.11813e-08
4.54942e-08
-1.0578e-08
6.89149e-08
5.56118e-08
-1.55374e-09
-1.62951e-08
2.0815e-08
2.19832e-09
-3.22702e-09
-7.46712e-09
2.25339e-08
-1.26144e-08
5.20865e-09
2.29243e-08
8.20046e-09
2.6561e-08
-1.95676e-09
-1.86639e-08
2.76742e-08
4.76723e-09
-4.20417e-09
-1.58312e-08
2.89542e-08
-1.50229e-08
-3.61432e-09
2.99541e-08
1.37874e-08
3.05264e-08
-6.76174e-09
-1.13132e-08
3.63422e-08
6.7437e-09
-1.03226e-08
-4.12556e-09
4.03908e-08
-6.07513e-09
2.09219e-09
4.33059e-08
5.26175e-09
3.78934e-08
-1.27296e-08
4.50391e-08
7.88036e-09
-1.91937e-08
4.78328e-08
-4.85289e-09
5.66663e-08
4.85756e-08
1.16188e-09
-8.18914e-09
1.93452e-08
2.08879e-09
1.37077e-09
-4.92449e-09
2.45608e-08
-5.63717e-10
-2.05359e-09
2.66971e-08
2.31527e-10
2.7276e-08
7.60995e-10
-8.99809e-09
2.50295e-08
2.69265e-09
9.73645e-10
-6.79317e-09
3.06102e-08
-4.23848e-10
-3.31333e-09
3.26113e-08
4.12912e-10
3.2188e-08
-4.1275e-10
-6.58208e-09
3.10092e-08
3.32966e-09
2.62283e-10
-4.63289e-09
3.75555e-08
1.19543e-09
-3.4542e-09
4.25136e-08
-8.13533e-10
3.89821e-08
-1.6e-09
3.64875e-08
3.56946e-09
-1.10373e-09
4.27037e-08
2.26969e-09
4.98386e-08
4.53091e-08
5.90068e-10
-5.03209e-09
1.8419e-08
1.24072e-09
2.08267e-09
-4.06397e-09
2.42723e-08
2.65293e-09
-3.33145e-09
2.73824e-08
-2.48829e-09
2.79719e-08
3.93892e-10
-4.85434e-09
2.29005e-08
1.55732e-09
1.98889e-09
-4.28173e-09
2.9233e-08
2.83199e-09
-4.17344e-09
3.26102e-08
-2.56305e-09
3.26676e-08
1.01995e-10
-3.14601e-09
2.73984e-08
1.80051e-09
1.59137e-09
-2.54065e-09
3.43251e-08
3.52681e-09
-2.69699e-09
3.91017e-08
-1.6213e-09
3.80155e-08
-2.93293e-10
3.17483e-08
1.88651e-09
1.16004e-09
3.87097e-08
3.77966e-09
4.4522e-08
4.29111e-08
5.17771e-10
-3.07872e-09
1.75241e-08
6.8402e-10
1.77661e-09
-2.89698e-09
2.3526e-08
2.64584e-09
-2.7856e-09
2.71319e-08
-2.37195e-09
2.82425e-08
3.78692e-10
-2.8001e-09
2.14167e-08
8.26498e-10
1.69127e-09
-2.76842e-09
2.77918e-08
2.76318e-09
-2.95672e-09
3.17094e-08
-2.26916e-09
3.25809e-08
2.27793e-10
-1.81383e-09
2.52533e-08
9.30998e-10
1.47204e-09
-1.67681e-09
3.19892e-08
2.97625e-09
-1.88609e-09
3.65269e-08
-1.39902e-09
3.70396e-08
1.56882e-11
2.89329e-08
9.85854e-10
1.23749e-09
3.58111e-08
2.97503e-09
4.08984e-08
4.11489e-08
3.70896e-10
-1.82504e-09
1.6896e-08
3.58602e-10
1.21602e-09
-1.85228e-09
2.28861e-08
1.8847e-09
-1.87955e-09
2.67275e-08
-1.68292e-09
2.82507e-08
2.80437e-10
-1.60089e-09
2.04894e-08
4.22755e-10
1.14698e-09
-1.67831e-09
2.67513e-08
1.93444e-09
-1.80682e-09
3.08492e-08
-1.52176e-09
3.2311e-08
1.91088e-10
-1.00211e-09
2.39937e-08
4.69751e-10
1.02486e-09
-1.01811e-09
3.04952e-08
1.9685e-09
-1.15361e-09
3.493e-08
-9.2919e-10
3.62944e-08
6.87609e-11
2.73575e-08
5.04522e-10
8.81811e-10
3.39799e-08
1.91774e-09
3.87089e-08
3.99757e-08
2.51665e-10
-1.11174e-09
1.6488e-08
1.90126e-10
7.80236e-10
-1.16775e-09
2.2438e-08
1.22311e-09
-1.20537e-09
2.63887e-08
-1.11422e-09
2.81552e-08
2.01117e-10
-9.53665e-10
1.99124e-08
2.17774e-10
7.36731e-10
-1.02527e-09
2.60732e-08
1.23625e-09
-1.09462e-09
3.0239e-08
-9.66695e-10
3.20315e-08
1.5188e-10
-5.8783e-10
2.32376e-08
2.3837e-10
6.69261e-10
-6.20538e-10
2.95731e-08
1.22773e-09
-6.86992e-10
3.39639e-08
-5.80822e-10
3.57629e-08
8.42391e-11
2.64264e-08
2.59083e-10
5.87301e-10
3.28563e-08
1.18227e-09
3.74269e-08
3.9213e-08
1.68016e-10
-6.95453e-10
1.6224e-08
1.05014e-10
4.98137e-10
-7.44579e-10
2.21368e-08
7.84449e-10
-7.74337e-10
2.61389e-08
-7.3399e-10
2.80384e-08
1.40175e-10
-5.87566e-10
1.95481e-08
1.16229e-10
4.71655e-10
-6.39569e-10
2.56367e-08
7.82897e-10
-6.77194e-10
2.98306e-08
-6.1808e-10
3.1797e-08
1.12889e-10
-3.57131e-10
2.27695e-08
1.24824e-10
4.33334e-10
-3.84898e-10
2.8998e-08
7.66362e-10
-4.16424e-10
3.33701e-08
-3.65882e-10
3.53885e-08
7.48293e-11
2.58574e-08
1.36986e-10
3.85989e-10
3.21602e-08
7.33033e-10
3.66635e-08
3.87097e-08
1.12673e-10
-4.46434e-10
1.60509e-08
6.07033e-11
3.2291e-10
-4.83507e-10
2.19347e-08
5.10165e-10
-5.05381e-10
2.59608e-08
-4.88645e-10
2.79327e-08
9.68926e-11
-3.73299e-10
1.93132e-08
6.49101e-11
3.06264e-10
-4.08741e-10
2.53526e-08
5.03778e-10
-4.30388e-10
2.95581e-08
-4.02769e-10
3.1616e-08
8.11966e-11
-2.24788e-10
2.24714e-08
6.83411e-11
2.83383e-10
-2.44566e-10
2.86316e-08
4.88076e-10
-2.60122e-10
3.29952e-08
-2.35753e-10
3.51258e-08
5.90212e-11
2.5498e-08
7.5629e-11
2.54989e-10
3.17197e-08
4.64629e-10
3.61937e-08
3.83717e-08
7.62057e-11
-2.93092e-10
1.59355e-08
3.66808e-11
2.13305e-10
-3.19897e-10
2.17976e-08
3.38271e-10
-3.35971e-10
2.58347e-08
-3.3e-10
2.78467e-08
6.68011e-11
-2.43269e-10
1.91585e-08
3.80435e-11
2.02281e-10
-2.67172e-10
2.51644e-08
3.31027e-10
-2.8069e-10
2.9374e-08
-2.67823e-10
3.14813e-08
5.7271e-11
-1.45472e-10
2.2277e-08
3.93598e-11
1.87784e-10
-1.58927e-10
2.83929e-08
3.18112e-10
-1.67296e-10
3.27514e-08
-1.5537e-10
3.49413e-08
4.37439e-11
2.52649e-08
4.38951e-11
1.69958e-10
3.14346e-08
3.01638e-10
3.58947e-08
3.81412e-08
5.20405e-11
-1.96213e-10
1.58573e-08
2.30881e-11
1.43422e-10
-2.15341e-10
2.17035e-08
2.28433e-10
-2.27255e-10
2.57452e-08
-2.26051e-10
2.778e-08
4.61375e-11
-1.61965e-10
1.90548e-08
2.33664e-11
1.35789e-10
-1.78155e-10
2.50376e-08
2.21817e-10
-1.87218e-10
2.9248e-08
-1.81364e-10
3.13827e-08
4.0032e-11
-9.63719e-11
2.21475e-08
2.38598e-11
1.26121e-10
-1.05418e-10
2.82341e-08
2.11748e-10
-1.10391e-10
3.2589e-08
-1.04472e-10
3.48112e-08
3.13973e-11
2.51103e-08
2.6807e-11
1.14456e-10
3.12461e-08
2.00089e-10
3.56987e-08
3.79822e-08
3.58589e-11
-1.33564e-10
1.58035e-08
1.50605e-11
9.79119e-11
-1.47194e-10
2.16381e-08
1.56677e-10
-1.56081e-10
2.56814e-08
-1.56854e-10
2.77296e-08
3.19811e-11
-1.09785e-10
1.8984e-08
1.49715e-11
9.24629e-11
-1.20863e-10
2.49507e-08
1.51133e-10
-1.27244e-10
2.91605e-08
-1.24753e-10
3.1311e-08
2.78875e-11
-6.50843e-11
2.20598e-08
1.51654e-11
8.5771e-11
-7.11909e-11
2.81265e-08
1.43477e-10
-7.44218e-11
3.24785e-08
-7.14628e-11
3.4719e-08
2.21532e-11
2.50059e-08
1.716e-11
7.78778e-11
3.11192e-08
1.35159e-10
3.5567e-08
3.78712e-08
2.49098e-11
-9.22089e-11
1.57661e-08
1.01202e-11
6.76957e-11
-1.01952e-10
2.15921e-08
1.08837e-10
-1.08601e-10
2.56357e-08
-1.10062e-10
2.7692e-08
2.22692e-11
-7.55396e-11
1.89352e-08
9.94165e-12
6.37336e-11
-8.32095e-11
2.48905e-08
1.04392e-10
-8.78356e-11
2.9099e-08
-8.69494e-11
3.12589e-08
1.94283e-11
-4.46594e-11
2.19994e-08
1.00369e-11
5.89867e-11
-4.88243e-11
2.80526e-08
9.86449e-11
-5.10613e-11
3.2402e-08
-4.95888e-11
3.46533e-08
1.54986e-11
2.49343e-08
1.14325e-11
5.35092e-11
3.10323e-08
9.26703e-11
3.54768e-08
3.7793e-08
1.74285e-11
-6.44068e-11
1.57398e-08
6.96263e-12
4.72928e-11
-7.14036e-11
2.15595e-08
7.63792e-11
-7.63808e-11
2.56028e-08
-7.79517e-11
2.76641e-08
1.55822e-11
-5.26222e-11
1.8901e-08
6.7922e-12
4.43828e-11
-5.79946e-11
2.48483e-08
7.29058e-11
-6.14007e-11
2.90555e-08
-6.126e-11
3.12212e-08
1.35625e-11
-3.10457e-11
2.19574e-08
6.8593e-12
4.09639e-11
-3.39216e-11
2.80011e-08
6.86241e-11
-3.55312e-11
3.23485e-08
-3.48167e-11
3.46063e-08
1.08058e-11
2.48846e-08
7.86004e-12
3.70936e-11
3.09721e-08
6.43108e-11
3.5414e-08
3.77374e-08
1.22695e-11
-4.54127e-11
1.57212e-08
4.87642e-12
3.33143e-11
-5.04601e-11
2.15363e-08
5.40294e-11
-5.41819e-11
2.5579e-08
-5.5619e-11
2.76435e-08
1.09548e-11
-3.70233e-11
1.88769e-08
4.7409e-12
3.1167e-11
-4.08243e-11
2.48185e-08
5.13602e-11
-4.33504e-11
2.90245e-08
-4.35311e-11
3.11937e-08
9.49633e-12
-2.18078e-11
2.19279e-08
4.8007e-12
2.86825e-11
-2.38173e-11
2.79649e-08
4.81857e-11
-2.49994e-11
3.23106e-08
-2.46732e-11
3.45724e-08
7.53047e-12
2.48497e-08
5.53015e-12
2.59139e-11
3.09299e-08
4.50605e-11
3.53699e-08
3.76977e-08
8.68048e-12
-3.22496e-11
1.57079e-08
3.45902e-12
2.36152e-11
-3.59034e-11
2.15197e-08
3.8444e-11
-3.868e-11
2.55618e-08
-3.98988e-11
2.76283e-08
7.7334e-12
-2.6246e-11
1.88598e-08
3.35948e-12
2.20287e-11
-2.89564e-11
2.47972e-08
3.64174e-11
-3.08339e-11
2.90023e-08
-3.11281e-11
3.11738e-08
6.67049e-12
-1.54405e-11
2.1907e-08
3.41561e-12
2.0215e-11
-1.68587e-11
2.79392e-08
3.40726e-11
-1.77345e-11
3.22837e-08
-1.76056e-11
3.4548e-08
5.25363e-12
2.48251e-08
3.95243e-12
1.8219e-11
3.09001e-08
3.18036e-11
3.53386e-08
3.76692e-08
6.16176e-12
-2.30092e-11
1.56984e-08
2.47355e-12
1.68079e-11
-2.56586e-11
2.15077e-08
2.74536e-11
-2.77227e-11
2.55494e-08
-2.87115e-11
2.76172e-08
5.47529e-12
-1.86994e-11
1.88476e-08
2.40345e-12
1.56375e-11
-2.06421e-11
2.47821e-08
2.59301e-11
-2.20359e-11
2.89863e-08
-2.23447e-11
3.11593e-08
4.69747e-12
-1.09903e-11
2.18922e-08
2.45477e-12
1.43118e-11
-1.19983e-11
2.7921e-08
2.42047e-11
-1.26486e-11
3.22644e-08
-1.26167e-11
3.45304e-08
3.67036e-12
2.48076e-08
2.85145e-12
1.28671e-11
3.08789e-08
2.2557e-11
3.53162e-08
3.76487e-08
4.37768e-12
-1.64426e-11
1.56916e-08
1.7751e-12
1.19775e-11
-1.8362e-11
2.14991e-08
1.96203e-11
-1.98879e-11
2.55404e-08
-2.06658e-11
2.76092e-08
3.8795e-12
-1.33476e-11
1.88389e-08
1.72694e-12
1.11175e-11
-1.47426e-11
2.47712e-08
1.84862e-11
-1.5773e-11
2.89748e-08
-1.60525e-11
3.11488e-08
3.3106e-12
-7.83898e-12
2.18816e-08
1.77184e-12
1.01507e-11
-8.55805e-12
2.7908e-08
1.72233e-11
-9.03961e-12
3.22506e-08
-9.05222e-12
3.45177e-08
2.56518e-12
2.47951e-08
2.06466e-12
9.10482e-12
3.08638e-08
1.60293e-11
3.53002e-08
3.76339e-08
3.10024e-12
-1.17163e-11
1.56867e-08
1.27147e-12
8.50892e-12
-1.30997e-11
2.1493e-08
1.39732e-11
-1.42176e-11
2.55339e-08
-1.48139e-11
2.76033e-08
2.74031e-12
-9.50243e-12
1.88327e-08
1.23894e-12
7.88226e-12
-1.05012e-11
2.47635e-08
1.3139e-11
-1.12565e-11
2.89666e-08
-1.14902e-11
3.11412e-08
2.32664e-12
-5.57754e-12
2.1874e-08
1.27647e-12
7.18173e-12
-6.08981e-12
2.78987e-08
1.22224e-11
-6.44361e-12
3.22407e-08
-6.47329e-12
3.45085e-08
1.78797e-12
2.47863e-08
1.49119e-12
6.42816e-12
3.08531e-08
1.13623e-11
3.52889e-08
3.76233e-08
2.173e-12
-8.2628e-12
1.56833e-08
9.01653e-13
5.98222e-12
-9.24768e-12
2.14886e-08
9.84452e-12
-1.00538e-11
2.55293e-08
-1.04982e-11
2.75991e-08
1.9162e-12
-6.69703e-12
1.88284e-08
8.80016e-13
5.53246e-12
-7.40461e-12
2.4758e-08
9.24185e-12
-7.94982e-12
2.89608e-08
-8.1345e-12
3.11358e-08
1.61946e-12
-3.92929e-12
2.18687e-08
9.0992e-13
5.03179e-12
-4.29105e-12
2.78922e-08
8.5863e-12
-4.54713e-12
3.22338e-08
-4.5799e-12
3.45021e-08
1.23494e-12
2.478e-08
1.06503e-12
4.49543e-12
3.08455e-08
7.9748e-12
3.52808e-08
3.76158e-08
1.48847e-12
-5.69128e-12
1.56809e-08
6.23813e-13
4.10804e-12
-6.37462e-12
2.14856e-08
6.77137e-12
-6.93934e-12
2.55262e-08
-7.25826e-12
2.75962e-08
1.31011e-12
-4.61134e-12
1.88254e-08
6.097e-13
3.79422e-12
-5.10071e-12
2.47542e-08
6.34879e-12
-5.48319e-12
2.89568e-08
-5.6211e-12
3.11321e-08
1.10297e-12
-2.70562e-12
2.18651e-08
6.32164e-13
3.44586e-12
-2.95536e-12
2.78877e-08
5.89268e-12
-3.13555e-12
3.2229e-08
-3.16457e-12
3.44976e-08
8.3563e-13
2.47757e-08
7.40833e-13
3.07376e-12
3.08403e-08
5.46898e-12
3.52753e-08
3.76106e-08
9.72938e-13
-3.74231e-12
1.56794e-08
4.11522e-13
2.69198e-12
-4.1947e-12
2.14837e-08
4.44266e-12
-4.57067e-12
2.55241e-08
-4.78663e-12
2.75943e-08
8.55265e-13
-3.03231e-12
1.88234e-08
4.02292e-13
2.4839e-12
-3.35651e-12
2.47518e-08
4.1613e-12
-3.61201e-12
2.89541e-08
-3.70814e-12
3.11297e-08
7.17916e-13
-1.77856e-12
2.18627e-08
4.17252e-13
2.25323e-12
-1.94597e-12
2.78847e-08
3.85941e-12
-2.06816e-12
3.22258e-08
-2.0911e-12
3.44946e-08
5.4159e-13
2.47729e-08
4.88191e-13
2.0074e-12
3.08369e-08
3.57977e-12
3.52717e-08
3.76072e-08
5.80148e-13
-2.31467e-12
1.56784e-08
2.67279e-13
1.62602e-12
-2.59063e-12
2.14825e-08
2.69266e-12
-2.82244e-12
2.55228e-08
-2.9577e-12
2.75931e-08
5.11533e-13
-1.87746e-12
1.88222e-08
2.59394e-13
1.50068e-12
-2.07611e-12
2.47503e-08
2.52028e-12
-2.23399e-12
2.89525e-08
-2.29546e-12
3.11282e-08
4.30268e-13
-1.11596e-12
2.18613e-08
2.64928e-13
1.36167e-12
-1.22012e-12
2.7883e-08
2.33707e-12
-1.29469e-12
3.22239e-08
-1.3084e-12
3.44928e-08
3.27717e-13
2.47712e-08
3.02048e-13
1.21617e-12
3.08348e-08
2.16977e-12
3.52694e-08
3.76051e-08
2.19647e-13
-1.49424e-12
2.50722e-13
8.51138e-13
-1.69374e-12
1.5203e-12
-1.85138e-12
-1.94226e-12
1.81552e-13
-1.19295e-12
2.37339e-13
7.76574e-13
-1.3398e-12
1.41747e-12
-1.45119e-12
-1.49822e-12
1.44236e-13
-6.59709e-13
2.28156e-13
7.02328e-13
-7.3336e-13
1.31407e-12
-7.89395e-13
-8.09406e-13
1.03476e-13
2.32554e-13
6.28952e-13
1.22121e-12
-4.88151e-09
1.53966e-08
5.07185e-08
6.86914e-09
1.92254e-08
3.21351e-08
3.82304e-09
1.65986e-08
3.98256e-08
5.932e-09
2.46457e-08
-5.56929e-09
-8.06308e-10
4.26466e-08
2.70582e-08
-6.50336e-09
2.61909e-08
3.57141e-08
4.91335e-09
3.26216e-08
1.55792e-08
3.35151e-08
6.3175e-09
-9.12796e-09
3.1758e-08
1.01654e-08
-5.52213e-09
2.38092e-08
1.76265e-08
6.65551e-10
2.24015e-08
2.85599e-08
1.66118e-08
-7.67409e-09
4.23714e-08
-1.41383e-08
3.69838e-08
-1.92014e-08
2.85329e-08
1.26811e-08
1.7883e-09
-2.68066e-09
4.45091e-08
-1.99725e-09
-2.1244e-09
3.66986e-08
2.85088e-09
-1.21428e-09
3.3158e-08
-3.25911e-09
2.67575e-08
4.5611e-09
-3.9175e-09
3.93224e-08
1.17714e-09
-4.49334e-09
3.19438e-08
3.1412e-09
-1.06221e-09
3.05055e-08
2.98428e-09
2.85861e-08
3.53036e-09
-1.12262e-08
3.55364e-08
4.0972e-09
-9.92056e-09
2.86696e-08
5.20562e-09
-5.64455e-09
2.58754e-08
-5.74777e-10
2.50967e-08
2.78885e-09
3.62366e-08
5.59261e-09
3.10032e-08
6.81683e-09
2.64313e-08
1.91192e-08
1.05767e-09
-4.93904e-09
4.23725e-08
-3.68257e-10
-4.60128e-09
3.80235e-08
-3.50698e-10
-4.6012e-09
3.35454e-08
-5.35941e-09
2.84787e-08
1.36968e-09
-4.95548e-09
3.79691e-08
-3.96604e-10
-5.27547e-09
3.43843e-08
-8.09007e-10
-4.96325e-09
3.128e-08
-4.75242e-09
2.81772e-08
2.26296e-09
-5.96466e-09
3.42826e-08
9.75255e-10
-6.12346e-09
3.08053e-08
-1.47273e-10
-5.43386e-09
2.74685e-08
-3.8644e-09
2.42438e-08
2.25002e-09
3.15914e-08
2.72676e-09
2.77326e-08
3.03466e-09
2.33822e-08
1.88802e-08
4.16688e-10
-3.01586e-09
4.08164e-08
5.05608e-10
-3.05253e-09
3.71464e-08
6.45435e-10
-3.30687e-09
3.31866e-08
-3.82368e-09
2.88436e-08
1.76261e-10
-2.95901e-09
3.7736e-08
1.81562e-10
-3.197e-09
3.45235e-08
2.16552e-10
-3.29075e-09
3.12289e-08
-3.31161e-09
2.76147e-08
5.54381e-10
-3.13201e-09
3.39012e-08
6.72214e-10
-3.16902e-09
3.06594e-08
5.45745e-10
-3.02184e-09
2.73261e-08
-2.64812e-09
2.37833e-08
1.00396e-09
2.9342e-08
1.64999e-09
2.57181e-08
1.63603e-09
2.19317e-08
1.80281e-08
3.94501e-10
-2.00645e-09
3.97497e-08
6.68696e-10
-2.10815e-09
3.63395e-08
9.62115e-10
-2.30994e-09
3.26415e-08
-2.53821e-09
2.86601e-08
2.6352e-10
-1.89533e-09
3.73614e-08
5.11147e-10
-2.02332e-09
3.4191e-08
7.81522e-10
-2.12549e-09
3.0774e-08
-2.16635e-09
2.70593e-08
4.5425e-10
-1.77082e-09
3.33224e-08
7.13488e-10
-1.77878e-09
3.01557e-08
8.72802e-10
-1.7399e-09
2.67812e-08
-1.61155e-09
2.31914e-08
7.57158e-10
2.77998e-08
1.17443e-09
2.4453e-08
1.26165e-09
2.09311e-08
1.7289e-08
3.09809e-10
-1.38571e-09
3.90828e-08
5.67268e-10
-1.47179e-09
3.57889e-08
8.24888e-10
-1.59193e-09
3.22041e-08
-1.6841e-09
2.83871e-08
2.68013e-10
-1.21534e-09
3.6923e-08
5.29518e-10
-1.29026e-09
3.3748e-08
7.74727e-10
-1.36165e-09
3.02985e-08
-1.38703e-09
2.66087e-08
3.54652e-10
-9.85443e-10
3.27379e-08
6.16768e-10
-9.92083e-10
2.95954e-08
7.94138e-10
-9.91374e-10
2.62336e-08
-9.46004e-10
2.2683e-08
4.89174e-10
2.68298e-08
8.01016e-10
2.36189e-08
9.07928e-10
2.02555e-08
1.67756e-08
2.32894e-10
-9.64189e-10
3.86582e-08
4.38365e-10
-1.0193e-09
3.54187e-08
6.23999e-10
-1.08869e-09
3.18958e-08
-1.13169e-09
2.81673e-08
2.32612e-10
-7.96791e-10
3.6523e-08
4.44795e-10
-8.38815e-10
3.33553e-08
6.16856e-10
-8.85099e-10
2.99229e-08
-9.02058e-10
2.62871e-08
2.78438e-10
-5.72284e-10
3.22349e-08
4.87114e-10
-5.7743e-10
2.91253e-08
6.18813e-10
-5.88118e-10
2.58049e-08
-5.75856e-10
2.23186e-08
3.38531e-10
2.6178e-08
5.57768e-10
2.30606e-08
6.43291e-10
1.97997e-08
1.64273e-08
1.75179e-10
-6.68214e-10
3.8369e-08
3.28392e-10
-7.01889e-10
3.51622e-08
4.54636e-10
-7.44504e-10
3.16809e-08
-7.69973e-10
2.80086e-08
1.85682e-10
-5.26972e-10
3.61961e-08
3.42901e-10
-5.51697e-10
3.30479e-08
4.56727e-10
-5.82963e-10
2.96475e-08
-5.9686e-10
2.6064e-08
2.09064e-10
-3.44239e-10
3.18431e-08
3.62531e-10
-3.48721e-10
2.87689e-08
4.51984e-10
-3.6145e-10
2.54939e-08
-3.61816e-10
2.20666e-08
2.32981e-10
2.57378e-08
3.85785e-10
2.26839e-08
4.47675e-10
1.94925e-08
1.61928e-08
1.30888e-10
-4.62892e-10
3.8162e-08
2.41996e-10
-4.83769e-10
3.49791e-08
3.27061e-10
-5.11794e-10
3.15284e-08
-5.29752e-10
2.78951e-08
1.41061e-10
-3.52058e-10
3.59442e-08
2.53848e-10
-3.67232e-10
3.28186e-08
3.28965e-10
-3.89095e-10
2.94497e-08
-4.00974e-10
2.59084e-08
1.52397e-10
-2.14465e-10
3.15532e-08
2.6161e-10
-2.17975e-10
2.85104e-08
3.21568e-10
-2.2918e-10
2.5274e-08
-2.33512e-10
2.18927e-08
1.60475e-10
2.54385e-08
2.66035e-10
2.24287e-08
3.09437e-10
1.92849e-08
1.60343e-08
9.66708e-11
-3.21673e-10
3.80104e-08
1.76501e-10
-3.34964e-10
3.4846e-08
2.343e-10
-3.54305e-10
3.14184e-08
-3.67979e-10
2.7813e-08
1.04017e-10
-2.37814e-10
3.57563e-08
1.8417e-10
-2.47428e-10
3.26509e-08
2.34472e-10
-2.63e-10
2.93081e-08
-2.72919e-10
2.57987e-08
1.09051e-10
-1.3775e-10
3.1344e-08
1.85984e-10
-1.40291e-10
2.83263e-08
2.26542e-10
-1.49133e-10
2.51196e-08
-1.54076e-10
2.1772e-08
1.10497e-10
2.52341e-08
1.83421e-10
2.22548e-08
2.13683e-10
1.91435e-08
1.59264e-08
7.07482e-11
-2.24759e-10
3.78989e-08
1.27931e-10
-2.33428e-10
3.47485e-08
1.67715e-10
-2.47146e-10
3.13383e-08
-2.57759e-10
2.7753e-08
7.54909e-11
-1.62574e-10
3.56186e-08
1.3234e-10
-1.68799e-10
3.25294e-08
1.66617e-10
-1.79974e-10
2.92066e-08
-1.87975e-10
2.57205e-08
7.73822e-11
-9.08896e-11
3.1195e-08
1.31471e-10
-9.26302e-11
2.81961e-08
1.59286e-10
-9.9254e-11
2.50111e-08
-1.03633e-10
2.16874e-08
7.63266e-11
2.50937e-08
1.26864e-10
2.21355e-08
1.4802e-10
1.90465e-08
1.58521e-08
5.147e-11
-1.58032e-10
3.78169e-08
9.24336e-11
-1.63799e-10
3.46771e-08
1.20174e-10
-1.73665e-10
3.12798e-08
-1.81877e-10
2.7709e-08
5.43656e-11
-1.12433e-10
3.55187e-08
9.47423e-11
-1.16524e-10
3.24417e-08
1.18477e-10
-1.24565e-10
2.91338e-08
-1.30838e-10
2.56643e-08
5.47722e-11
-6.13509e-11
3.10891e-08
9.28807e-11
-6.24993e-11
2.81039e-08
1.12215e-10
-6.73311e-11
2.49345e-08
-7.08545e-11
2.16277e-08
5.29851e-11
2.49965e-08
8.81949e-11
2.2053e-08
1.03066e-10
1.89793e-08
1.58004e-08
3.73258e-11
-1.11808e-10
3.77567e-08
6.67229e-11
-1.15703e-10
3.46248e-08
8.62885e-11
-1.22847e-10
3.12369e-08
-1.29143e-10
2.76766e-08
3.90387e-11
-7.85733e-11
3.54464e-08
6.78019e-11
-8.12931e-11
3.23786e-08
8.44586e-11
-8.70841e-11
2.90814e-08
-9.18999e-11
2.56237e-08
3.8805e-11
-4.21944e-11
3.10139e-08
6.57605e-11
-4.29304e-11
2.80386e-08
7.93551e-11
-4.64063e-11
2.48802e-08
-4.9112e-11
2.15852e-08
3.70037e-11
2.49288e-08
6.16844e-11
2.19954e-08
7.2201e-11
1.89323e-08
1.57642e-08
2.70358e-11
-7.95498e-11
3.77126e-08
4.81856e-11
-8.22125e-11
3.45865e-08
6.21152e-11
-8.74018e-11
3.12055e-08
-9.21851e-11
2.76527e-08
2.80287e-11
-5.54047e-11
3.53942e-08
4.8592e-11
-5.72284e-11
3.2333e-08
6.04052e-11
-6.14008e-11
2.90436e-08
-6.50452e-11
2.55944e-08
2.75673e-11
-2.94548e-11
3.09604e-08
4.67205e-11
-2.99152e-11
2.79922e-08
5.63682e-11
-3.23985e-11
2.48416e-08
-3.44251e-11
2.15549e-08
2.60045e-11
2.48812e-08
4.34111e-11
2.19549e-08
5.08909e-11
1.88992e-08
1.57385e-08
1.9581e-11
-5.68656e-11
3.76804e-08
3.48359e-11
-5.87032e-11
3.45585e-08
4.48241e-11
-6.24782e-11
3.11825e-08
-6.60839e-11
2.76352e-08
2.0147e-11
-3.93524e-11
3.53565e-08
3.4899e-11
-4.05844e-11
3.23001e-08
4.33438e-11
-4.35921e-11
2.90162e-08
-4.63221e-11
2.5573e-08
1.96495e-11
-2.07978e-11
3.09222e-08
3.33181e-11
-2.10793e-11
2.7959e-08
4.02135e-11
-2.28483e-11
2.48139e-08
-2.43452e-11
2.15331e-08
1.83821e-11
2.48475e-08
3.07274e-11
2.19263e-08
3.60733e-11
1.88757e-08
1.57203e-08
1.41849e-11
-4.0793e-11
3.7657e-08
2.52094e-11
-4.20706e-11
3.45381e-08
3.24064e-11
-4.48175e-11
3.11657e-08
-4.75171e-11
2.76222e-08
1.45017e-11
-2.81028e-11
3.53294e-08
2.51139e-11
-2.89405e-11
3.22764e-08
3.1184e-11
-3.11094e-11
2.89965e-08
-3.31393e-11
2.55575e-08
1.40491e-11
-1.48069e-11
3.08949e-08
2.38384e-11
-1.4975e-11
2.79352e-08
2.87913e-11
-1.62341e-11
2.47941e-08
-1.73306e-11
2.15174e-08
1.3058e-11
2.48236e-08
2.18538e-11
2.1906e-08
2.56887e-11
1.8859e-08
1.57073e-08
1.02718e-11
-2.93186e-11
3.76399e-08
1.82449e-11
-3.02117e-11
3.45233e-08
2.34438e-11
-3.22087e-11
3.11534e-08
-3.42168e-11
2.76128e-08
1.04451e-11
-2.01355e-11
3.53097e-08
1.80903e-11
-2.07079e-11
3.22593e-08
2.24664e-11
-2.22714e-11
2.89821e-08
-2.37713e-11
2.55463e-08
1.00648e-11
-1.05962e-11
3.08753e-08
1.70909e-11
-1.0694e-11
2.79182e-08
2.06581e-11
-1.15898e-11
2.47799e-08
-1.23885e-11
2.15061e-08
9.30718e-12
2.48066e-08
1.55927e-11
2.18914e-08
1.83493e-11
1.88471e-08
1.5698e-08
7.42238e-12
-2.10611e-11
3.76275e-08
1.31803e-11
-2.1687e-11
3.45125e-08
1.69342e-11
-2.31346e-11
3.11445e-08
-2.46176e-11
2.76058e-08
7.51421e-12
-1.44343e-11
3.52956e-08
1.30174e-11
-1.48268e-11
3.22469e-08
1.61719e-11
-1.59515e-11
2.89718e-08
-1.70525e-11
2.55381e-08
7.2093e-12
-7.59566e-12
3.08612e-08
1.22511e-11
-7.65066e-12
2.7906e-08
1.48198e-11
-8.28731e-12
2.47696e-08
-8.86591e-12
2.1498e-08
6.63964e-12
2.47944e-08
1.11337e-11
2.18811e-08
1.31143e-11
1.88385e-08
1.56913e-08
5.33324e-12
-1.50619e-11
3.76185e-08
9.46936e-12
-1.55e-11
3.45047e-08
1.21667e-11
-1.65425e-11
3.1138e-08
-1.76268e-11
2.76008e-08
5.37954e-12
-1.03089e-11
3.52855e-08
9.32201e-12
-1.0578e-11
3.2238e-08
1.15856e-11
-1.13826e-11
2.89644e-08
-1.21832e-11
2.55323e-08
5.14329e-12
-5.42828e-12
3.08512e-08
8.74596e-12
-5.45793e-12
2.78973e-08
1.05874e-11
-5.90849e-12
2.47623e-08
-6.32444e-12
2.14921e-08
4.72163e-12
2.47857e-08
7.9233e-12
2.18737e-08
9.33986e-12
1.88325e-08
1.56865e-08
3.78511e-12
-1.06476e-11
3.76122e-08
6.71977e-12
-1.09518e-11
3.44991e-08
8.63422e-12
-1.16928e-11
3.11334e-08
-1.24727e-11
2.75972e-08
3.8067e-12
-7.28165e-12
3.52783e-08
6.59784e-12
-7.46506e-12
3.22318e-08
8.20266e-12
-8.03382e-12
2.89591e-08
-8.60705e-12
2.55281e-08
3.62938e-12
-3.83804e-12
3.08441e-08
6.17469e-12
-3.85324e-12
2.78911e-08
7.47894e-12
-4.16879e-12
2.47571e-08
-4.46371e-12
2.1488e-08
3.3233e-12
2.47796e-08
5.57987e-12
2.18685e-08
6.58108e-12
1.88282e-08
1.56831e-08
2.6207e-12
-7.34215e-12
3.76078e-08
4.65073e-12
-7.54946e-12
3.44953e-08
5.97484e-12
-8.0628e-12
3.11302e-08
-8.60787e-12
2.75947e-08
2.62959e-12
-5.01846e-12
3.52733e-08
4.55702e-12
-5.14175e-12
3.22274e-08
5.66593e-12
-5.53408e-12
2.89555e-08
-5.93321e-12
2.55252e-08
2.50177e-12
-2.64779e-12
3.08392e-08
4.2566e-12
-2.65551e-12
2.78869e-08
5.15705e-12
-2.87161e-12
2.47536e-08
-3.07531e-12
2.14852e-08
2.28653e-12
2.47754e-08
3.83935e-12
2.18649e-08
4.52932e-12
1.88252e-08
1.56808e-08
1.7336e-12
-4.82339e-12
3.76049e-08
3.07121e-12
-4.96179e-12
3.44928e-08
3.94277e-12
-5.3019e-12
3.11281e-08
-5.66468e-12
2.75931e-08
1.73628e-12
-3.29365e-12
3.52701e-08
3.00477e-12
-3.37667e-12
3.22246e-08
3.73385e-12
-3.63626e-12
2.89531e-08
-3.90134e-12
2.55233e-08
1.64827e-12
-1.73707e-12
3.0836e-08
2.80252e-12
-1.74368e-12
2.78841e-08
3.39411e-12
-1.88646e-12
2.47512e-08
-2.02128e-12
2.14833e-08
1.50266e-12
2.47727e-08
2.52388e-12
2.18625e-08
2.97684e-12
1.88233e-08
1.56793e-08
1.07583e-12
-2.96008e-12
3.76031e-08
1.88611e-12
-3.05632e-12
3.44912e-08
2.41503e-12
-3.2714e-12
3.11268e-08
-3.49927e-12
2.75921e-08
1.0797e-12
-2.02392e-12
3.5268e-08
1.84392e-12
-2.08613e-12
3.22228e-08
2.28361e-12
-2.2514e-12
2.89516e-08
-2.41807e-12
2.55221e-08
1.02816e-12
-1.07121e-12
3.08341e-08
1.71958e-12
-1.08584e-12
2.78824e-08
2.07359e-12
-1.17858e-12
2.47498e-08
-1.26437e-12
2.14821e-08
9.40907e-13
2.4771e-08
1.55134e-12
2.18611e-08
1.82118e-12
1.88221e-08
1.56784e-08
6.1436e-13
-1.88734e-12
1.12937e-12
-1.98469e-12
1.44723e-12
-2.13801e-12
-2.29598e-12
6.0724e-13
-1.28939e-12
1.09912e-12
-1.36218e-12
1.35862e-12
-1.48308e-12
-1.60617e-12
5.69032e-13
-6.90361e-13
1.01591e-12
-7.24874e-13
1.21762e-12
-7.97781e-13
-8.70544e-13
5.13999e-13
9.01529e-13
1.04461e-12
)
;

boundaryField
{
    inlet
    {
        type            calculated;
        value           nonuniform List<scalar> 
48
(
-2.73908e-08
-2.7352e-08
-2.71624e-08
-2.56995e-08
-2.72648e-08
-2.73074e-08
-2.66968e-08
-2.69278e-08
-2.67945e-08
-2.7396e-08
-2.71909e-08
-2.6843e-08
-2.5778e-08
-2.74982e-08
-2.74108e-08
-2.73653e-08
-1.64346e-08
-1.9865e-08
-2.32995e-08
-2.74318e-08
-2.20469e-08
-2.55953e-08
-2.95917e-08
-6.81093e-08
-2.65664e-08
-4.17754e-08
-3.40279e-08
-3.78036e-08
-2.87642e-08
-3.26061e-08
-3.42563e-08
-4.00618e-08
-4.10403e-08
-4.14883e-08
-3.06817e-08
-2.67217e-08
-2.9083e-08
-3.30897e-08
-2.86383e-08
-2.32995e-08
-3.12126e-08
-2.95923e-08
-2.56148e-08
-1.98558e-08
-2.87685e-08
-3.11215e-08
-2.39575e-08
-1.52846e-08
)
;
    }
    outlet
    {
        type            calculated;
        value           nonuniform List<scalar> 
48
(
2.63147e-08
2.6303e-08
2.62707e-08
2.62002e-08
2.63383e-08
2.63327e-08
2.63144e-08
2.62709e-08
2.63463e-08
2.63437e-08
2.63329e-08
2.63035e-08
2.63478e-08
2.63465e-08
2.63388e-08
2.63153e-08
1.56779e-08
1.88215e-08
2.18604e-08
2.47702e-08
2.14817e-08
2.47493e-08
2.78818e-08
3.08336e-08
2.5522e-08
2.89515e-08
3.22227e-08
3.5268e-08
2.75923e-08
3.11272e-08
3.44916e-08
3.76037e-08
3.7602e-08
3.52668e-08
3.08329e-08
2.477e-08
3.44902e-08
3.22217e-08
2.78813e-08
2.18602e-08
3.1126e-08
2.89507e-08
2.47489e-08
1.88214e-08
2.75915e-08
2.55214e-08
2.14814e-08
1.56778e-08
)
;
    }
    wall
    {
        type            calculated;
        value           nonuniform List<scalar> 
192
(
1.87504e-09
-3.96729e-25
-1.51964e-24
-2.31277e-25
-1.7951e-27
-3.79553e-26
1.18947e-26
1.40522e-26
-6.95206e-27
-2.1049e-27
1.53926e-27
-3.29521e-27
-5.43461e-27
-2.33589e-27
-4.64059e-27
-1.1487e-27
2.28432e-29
-3.53721e-28
-1.11344e-27
3.15577e-30
-6.16927e-28
-2.80598e-28
-7.51389e-30
-1.40211e-28
-8.55216e-09
-1.32241e-24
-5.53406e-25
-1.96896e-25
-2.09992e-25
2.88366e-25
1.25202e-25
7.47442e-26
1.54939e-26
-1.82192e-27
2.11976e-26
1.25314e-26
4.80408e-27
-3.84951e-28
-1.10593e-27
-6.74904e-28
-1.92414e-27
9.5974e-28
-1.76698e-28
3.4837e-28
-3.71352e-28
-1.95476e-28
3.59333e-29
-1.29697e-28
9.17351e-10
-3.93252e-24
-2.37726e-25
-4.81845e-25
8.05055e-25
-3.88959e-26
4.67013e-27
4.00243e-26
-1.84655e-27
-4.97343e-26
-1.17418e-26
3.4255e-27
1.65481e-26
-6.70568e-27
-2.21358e-27
-2.88045e-27
9.55079e-27
-6.39768e-28
-1.05021e-28
-7.37953e-28
3.12346e-28
-1.71443e-28
1.06825e-28
-1.13487e-28
8.68475e-09
-1.83055e-25
6.48019e-25
-1.12174e-25
-4.94473e-25
-3.79674e-25
8.07464e-26
-5.47438e-28
-3.18926e-26
-1.46188e-26
1.22041e-26
1.23539e-26
4.29716e-27
1.11107e-27
-8.80924e-28
-6.41183e-29
-2.62341e-27
-8.65434e-28
1.90468e-28
-6.38679e-28
-1.96556e-29
-2.1571e-28
-1.21244e-29
2.27246e-29
7.53625e-09
2.06138e-08
9.27903e-10
2.85589e-24
1.45809e-24
-3.3051e-25
2.893e-24
-4.98666e-24
7.06274e-25
-7.96644e-26
1.19961e-24
2.42979e-24
-4.50805e-27
-6.43404e-25
-2.63821e-25
5.1511e-25
3.19583e-27
1.24255e-25
-4.83378e-26
3.47011e-25
4.59684e-26
-1.70765e-26
4.94643e-25
2.39724e-25
9.62762e-26
1.51641e-25
3.09849e-26
-1.22959e-25
2.5117e-26
7.54684e-26
1.04819e-25
1.01269e-25
7.76772e-27
7.22656e-27
-1.74701e-26
-8.48249e-27
6.09917e-27
-4.80926e-26
1.06987e-26
-4.50297e-26
-4.98928e-27
5.72795e-26
-6.46949e-26
-1.40491e-27
-1.16245e-26
1.2321e-26
-1.4842e-26
1.1995e-26
-3.75193e-27
5.32209e-27
2.20717e-27
-4.6825e-27
3.36129e-28
-1.25858e-27
3.00573e-27
7.41939e-28
-2.4808e-28
2.10399e-26
-7.04632e-27
-5.31389e-27
2.47431e-27
1.4038e-26
-2.02254e-27
1.53255e-27
-1.6718e-27
3.25951e-27
2.30564e-27
3.60418e-27
2.4928e-27
-1.77215e-27
-6.88908e-27
-1.68644e-27
1.99431e-27
3.47646e-27
-1.33905e-27
-1.29807e-27
-8.90345e-29
9.05779e-28
3.55649e-28
1.16937e-27
5.58338e-28
3.71952e-28
1.02928e-27
-1.63618e-28
5.82749e-28
-2.48486e-28
6.18654e-28
4.88958e-29
-1.48583e-28
-8.18529e-28
-7.24147e-29
-5.21182e-29
1.53739e-28
-4.27243e-28
-1.49538e-28
-1.2825e-28
)
;
    }
    procBoundary2to0
    {
        type            processor;
        value           nonuniform List<scalar> 
192
(
2.43585e-09
-1.56322e-09
2.04091e-09
1.89881e-09
5.60157e-09
1.63667e-09
-7.99193e-10
-5.81724e-10
5.50741e-09
4.89146e-09
3.75403e-09
2.13688e-09
3.93544e-09
3.75657e-09
3.20782e-09
2.2702e-09
2.63668e-09
2.51197e-09
2.20787e-09
1.71543e-09
1.77985e-09
1.69491e-09
1.52135e-09
1.26082e-09
1.22255e-09
1.17371e-09
1.07717e-09
9.36724e-10
8.52695e-10
8.27897e-10
7.75237e-10
6.97806e-10
6.01412e-10
5.90357e-10
5.62112e-10
5.18678e-10
4.27465e-10
4.23654e-10
4.0887e-10
3.84282e-10
3.05519e-10
3.05275e-10
2.97864e-10
2.83924e-10
2.19296e-10
2.20638e-10
2.17217e-10
2.0936e-10
1.57948e-10
1.59846e-10
1.58535e-10
1.54165e-10
1.14079e-10
1.16023e-10
1.15779e-10
1.13402e-10
8.2568e-11
8.43286e-11
8.4581e-11
8.33353e-11
5.98359e-11
6.1329e-11
6.17749e-11
6.1161e-11
4.33615e-11
4.45763e-11
4.50598e-11
4.47906e-11
3.13565e-11
3.23155e-11
3.27622e-11
3.26735e-11
2.25436e-11
2.32809e-11
2.36595e-11
2.36585e-11
1.60027e-11
1.65536e-11
1.68555e-11
1.68909e-11
1.1071e-11
1.14672e-11
1.16943e-11
1.17393e-11
7.29923e-12
7.56842e-12
7.72803e-12
7.76956e-12
4.50833e-12
4.6795e-12
4.7842e-12
4.81772e-12
2.94415e-12
3.06322e-12
3.13935e-12
3.16916e-12
-2.77296e-08
-3.40282e-08
-2.21656e-08
-1.72625e-09
7.10175e-09
1.34643e-09
3.03381e-09
5.23183e-09
6.01793e-09
4.70233e-09
4.19621e-09
4.7342e-09
4.15536e-09
3.84064e-09
3.52583e-09
3.65808e-09
2.6786e-09
2.64088e-09
2.56169e-09
2.58859e-09
1.74276e-09
1.76495e-09
1.77165e-09
1.7865e-09
1.15589e-09
1.18407e-09
1.21133e-09
1.22896e-09
7.82282e-10
8.05185e-10
8.33231e-10
8.51951e-10
5.39039e-10
5.55732e-10
5.79218e-10
5.96382e-10
3.76512e-10
3.88243e-10
4.06499e-10
4.20943e-10
2.65548e-10
2.73699e-10
2.87447e-10
2.99043e-10
1.88609e-10
1.94267e-10
2.04473e-10
2.13537e-10
1.3468e-10
1.38622e-10
1.4615e-10
1.5312e-10
9.65726e-11
9.9334e-11
1.0487e-10
1.10173e-10
6.94698e-11
7.14151e-11
7.54805e-11
7.94831e-11
5.00813e-11
5.14586e-11
5.44397e-11
5.74414e-11
3.61315e-11
3.711e-11
3.92916e-11
4.15287e-11
2.60302e-11
2.67262e-11
2.83166e-11
2.9972e-11
1.86559e-11
1.91494e-11
2.03004e-11
2.1513e-11
1.32094e-11
1.35558e-11
1.43772e-11
1.52509e-11
9.11946e-12
9.35751e-12
9.92829e-12
1.05398e-11
5.99798e-12
6.15706e-12
6.53581e-12
6.9432e-12
3.68031e-12
3.7895e-12
4.02854e-12
4.28442e-12
2.34521e-12
2.45089e-12
2.61879e-12
2.79133e-12
)
;
    }
    procBoundary2to3
    {
        type            processor;
        value           nonuniform List<scalar> 
192
(
8.22744e-09
-4.83712e-09
-1.61951e-08
-4.27376e-09
-4.68057e-09
-2.81219e-09
-5.07732e-09
-6.4272e-09
1.62542e-09
3.03783e-09
2.93055e-09
1.02582e-09
2.78436e-09
3.64152e-09
3.73782e-09
3.11178e-09
2.25426e-09
2.71104e-09
2.87968e-09
2.78873e-09
1.58058e-09
1.82049e-09
1.95311e-09
1.98978e-09
1.07193e-09
1.20386e-09
1.29045e-09
1.33417e-09
7.30574e-10
8.05876e-10
8.58906e-10
8.89037e-10
5.06612e-10
5.50367e-10
5.81654e-10
5.99165e-10
3.57234e-10
3.82808e-10
4.00688e-10
4.09725e-10
2.5513e-10
2.70057e-10
2.7993e-10
2.83932e-10
1.83848e-10
1.92503e-10
1.97715e-10
1.98958e-10
1.33285e-10
1.38249e-10
1.40817e-10
1.4067e-10
9.7008e-11
9.98097e-11
1.00924e-10
1.00166e-10
7.07678e-11
7.23134e-11
7.26613e-11
7.17093e-11
5.16715e-11
5.24956e-11
5.2466e-11
5.1529e-11
3.7702e-11
3.81187e-11
3.79255e-11
3.70965e-11
2.7428e-11
2.76202e-11
2.7377e-11
2.66878e-11
1.98191e-11
1.98927e-11
1.96569e-11
1.91087e-11
1.41267e-11
1.41417e-11
1.39394e-11
1.35204e-11
9.8066e-12
9.7956e-12
9.63652e-12
9.33047e-12
6.48154e-12
6.4622e-12
6.34698e-12
6.13678e-12
3.96127e-12
3.94235e-12
3.86598e-12
3.73299e-12
2.33987e-12
2.32325e-12
2.27267e-12
2.18973e-12
-2.04355e-08
-2.61544e-08
-8.47455e-09
7.79288e-09
-1.19723e-08
-1.61121e-08
-5.31697e-09
7.44505e-09
-1.28415e-09
-2.26684e-09
1.33313e-09
4.72272e-09
2.46917e-09
2.42713e-09
3.55165e-09
4.55629e-09
2.67826e-09
2.74714e-09
3.08206e-09
3.33826e-09
2.00175e-09
2.04312e-09
2.12111e-09
2.16175e-09
1.35506e-09
1.36826e-09
1.37336e-09
1.36407e-09
9.01696e-10
9.01464e-10
8.88581e-10
8.70484e-10
6.04356e-10
5.98907e-10
5.83693e-10
5.6692e-10
4.10405e-10
4.03557e-10
3.90171e-10
3.76699e-10
2.82361e-10
2.75751e-10
2.64976e-10
2.54681e-10
1.96506e-10
1.90752e-10
1.82402e-10
1.74701e-10
1.38075e-10
1.33331e-10
1.26982e-10
1.21284e-10
9.7779e-11
9.39938e-11
8.92221e-11
8.503e-11
6.96683e-11
6.67141e-11
6.31544e-11
6.00819e-11
4.98597e-11
4.75906e-11
4.49504e-11
4.27049e-11
3.57723e-11
3.40519e-11
3.2104e-11
3.04677e-11
2.56622e-11
2.43734e-11
2.29453e-11
2.17579e-11
1.83317e-11
1.73794e-11
1.63419e-11
1.54867e-11
1.29466e-11
1.22562e-11
1.15141e-11
1.09066e-11
8.92154e-12
8.43631e-12
7.92004e-12
7.49962e-12
5.86109e-12
5.53728e-12
5.19565e-12
4.91848e-12
3.56117e-12
3.36123e-12
3.15287e-12
2.9851e-12
2.0844e-12
1.96554e-12
1.84443e-12
1.74555e-12
)
;
    }
}


// ************************************************************************* //
