/*--------------------------------*- C++ -*----------------------------------*\
  =========                 |
  \\      /  F ield         | OpenFOAM: The Open Source CFD Toolbox
   \\    /   O peration     | Website:  https://openfoam.org
    \\  /    A nd           | Version:  6
     \\/     M anipulation  |
\*---------------------------------------------------------------------------*/
FoamFile
{
    version     2.0;
    format      ascii;
    class       volVectorField;
    location    "0.04";
    object      stored_U;
}
// * * * * * * * * * * * * * * * * * * * * * * * * * * * * * * * * * * * * * //

dimensions      [0 1 -1 0 0 0 0];

internalField   nonuniform List<vector> 
1152
(
(0.000839806 -0.000817652 0.00241076)
(0.0034381 -0.000588841 0.00380753)
(0.00771503 -0.00198379 0.0011083)
(-0.0012337 -0.000122643 6.82398e-05)
(0.00148545 -0.000324235 0.002778)
(0.00272546 -0.000161088 0.00144067)
(0.0011911 0.00123197 0.00127275)
(0.00126851 0.00263145 0.00268467)
(0.00234862 -0.00202898 0.00205544)
(0.00204059 -0.00345895 0.000428046)
(0.00126376 0.000795051 0.00145178)
(-0.00300465 0.00540258 0.00317172)
(-0.000152499 -0.000713912 -0.000206453)
(0.000203591 -0.00113725 0.000866426)
(0.000479886 0.000904829 0.000316808)
(-0.0032857 0.00517939 0.00236179)
(-0.000746397 -0.00135867 0.013083)
(-0.000689041 -0.000360918 0.0143621)
(-0.000239005 0.000112674 0.0167892)
(-0.00111426 0.000287256 0.0149817)
(8.42936e-05 -0.000614632 0.0189733)
(0.000264831 -0.000142261 0.0176017)
(-0.000325154 0.0003637 0.0176933)
(-0.000673227 0.00102501 0.0150714)
(1.53618e-05 -0.00021991 0.0186054)
(-3.29552e-06 -0.000345824 0.0202153)
(-0.000720078 0.000580922 0.0206887)
(-0.00160625 0.00186196 0.0168418)
(0.000525677 -0.00106204 0.015002)
(-0.000313167 -0.00038868 0.0155824)
(-0.0013193 0.0007745 0.0162495)
(-0.00249343 0.00161556 0.014396)
(-0.000480955 -0.00153962 0.00830493)
(-0.000284907 -0.00129334 0.00850261)
(0.000241041 -0.00101566 0.00833029)
(0.000477642 -0.000686197 0.00711041)
(-0.0002407 -0.00142366 0.0096015)
(0.000119136 -0.00118632 0.00925891)
(0.000527101 -0.000938199 0.00891016)
(0.000822858 -0.000681853 0.00775325)
(-5.39775e-06 -0.00124896 0.00968622)
(0.000285246 -0.000885276 0.0096258)
(0.000506658 -0.000526142 0.00953284)
(0.000663955 -0.000352353 0.00840087)
(0.000628428 -0.00152601 0.00914711)
(0.000593055 -0.000735813 0.00887876)
(0.000369384 -0.000160337 0.00871893)
(0.000165322 -7.87849e-05 0.00810035)
(0.000146062 -0.00109965 0.00912145)
(0.000353667 -0.00103847 0.00901208)
(0.000658075 -0.000912136 0.00866161)
(0.000778706 -0.000703609 0.00797251)
(0.000177428 -0.00110389 0.00968016)
(0.000492988 -0.00103625 0.00948311)
(0.000818646 -0.000941142 0.00909731)
(0.000985066 -0.000822711 0.00837071)
(0.00023448 -0.00101934 0.00998529)
(0.000577133 -0.000871808 0.00977363)
(0.000862074 -0.000759495 0.00942001)
(0.000997378 -0.000730892 0.00872238)
(0.00044605 -0.00107872 0.0101685)
(0.000713143 -0.000781246 0.00979973)
(0.000843717 -0.000589978 0.00935448)
(0.000847217 -0.000589724 0.00875352)
(0.000338037 -0.000724678 0.00909142)
(0.000486316 -0.000695578 0.00895598)
(0.000621758 -0.000628961 0.00870768)
(0.000634445 -0.000518519 0.00834443)
(0.00033764 -0.000752928 0.00937257)
(0.000539861 -0.000729959 0.00922486)
(0.000702362 -0.000684266 0.00895741)
(0.000742887 -0.000614865 0.00855697)
(0.000342682 -0.000736146 0.00958418)
(0.000576482 -0.000686926 0.00943526)
(0.000741491 -0.000641774 0.00916755)
(0.000784063 -0.000611241 0.0087622)
(0.00039344 -0.000752657 0.00975102)
(0.000623668 -0.000654778 0.00955539)
(0.00075861 -0.00059067 0.00925715)
(0.000767275 -0.000569617 0.00886651)
(0.000299246 -0.000481112 0.00899659)
(0.000390657 -0.000464621 0.00889322)
(0.000451066 -0.000427188 0.00873578)
(0.000439702 -0.000368211 0.00854114)
(0.000295833 -0.000501442 0.00915563)
(0.000414409 -0.000492954 0.00904867)
(0.000493101 -0.000467912 0.00887937)
(0.000497037 -0.000427322 0.00866285)
(0.00028853 -0.000494999 0.0092961)
(0.00042881 -0.000482761 0.00918978)
(0.00051802 -0.000463635 0.0090163)
(0.00052896 -0.000439339 0.00879061)
(0.000288636 -0.000485248 0.0094183)
(0.000440189 -0.000461635 0.00930236)
(0.000532042 -0.000443256 0.00912027)
(0.000539976 -0.000425157 0.00889119)
(0.000219717 -0.000326314 0.0089351)
(0.000273713 -0.000317771 0.00886644)
(0.000303485 -0.000297084 0.00876938)
(0.000293425 -0.00026501 0.00865965)
(0.000216599 -0.00033674 0.00903187)
(0.000285291 -0.000334474 0.00896234)
(0.000326291 -0.000321141 0.00885852)
(0.000324802 -0.000297815 0.00873638)
(0.000208443 -0.000329483 0.00912187)
(0.000290402 -0.000329217 0.00905506)
(0.000340288 -0.000321588 0.00894881)
(0.000345113 -0.000306636 0.00881983)
(0.000199738 -0.000311544 0.00919776)
(0.000290536 -0.000310062 0.00913475)
(0.000347053 -0.000306508 0.00902811)
(0.000355614 -0.000296538 0.00889531)
(0.000153789 -0.000225316 0.00889343)
(0.00018613 -0.000221536 0.00885043)
(0.000202574 -0.000210444 0.00879068)
(0.000196873 -0.000192773 0.0087254)
(0.000150878 -0.000228989 0.00895502)
(0.00019169 -0.000229462 0.00891244)
(0.000214969 -0.00022283 0.00884916)
(0.000214468 -0.000209807 0.00877705)
(0.00014404 -0.000220515 0.00901104)
(0.000192809 -0.000223758 0.00897249)
(0.000222238 -0.000221383 0.00890883)
(0.000226451 -0.000213275 0.00883279)
(0.000135593 -0.000202224 0.00905292)
(0.000189811 -0.000206734 0.00902237)
(0.000224544 -0.000207897 0.00896158)
(0.000232869 -0.000203561 0.00888393)
(0.000106904 -0.000157609 0.00886339)
(0.000127024 -0.000156415 0.00883751)
(0.000137129 -0.000150674 0.00880036)
(0.000134607 -0.000140864 0.00875983)
(0.000104135 -0.00015754 0.00890329)
(0.000129388 -0.000159128 0.0088786)
(0.000143748 -0.000156181 0.00883991)
(0.000144576 -0.000149108 0.00879571)
(9.86934e-05 -0.000149111 0.00893694)
(0.000128784 -0.000152976 0.0089169)
(0.000147189 -0.000152944 0.00887918)
(0.000151328 -0.000148958 0.00883312)
(9.20047e-05 -0.000133325 0.00895612)
(0.000125285 -0.000138715 0.00894538)
(0.000147295 -0.00014118 0.00891183)
(0.00015461 -0.00013986 0.00886583)
(7.46546e-05 -0.000111263 0.00884142)
(8.77121e-05 -0.000111348 0.00882671)
(9.44669e-05 -0.000108529 0.0088034)
(9.3778e-05 -0.000103084 0.00877736)
(7.21157e-05 -0.000109469 0.0088673)
(8.84037e-05 -0.00011138 0.00885424)
(9.78814e-05 -0.000110369 0.00883055)
(9.9425e-05 -0.000106657 0.00880264)
(6.78358e-05 -0.000101937 0.00888628)
(8.71311e-05 -0.000105489 0.00887814)
(9.92485e-05 -0.00010642 0.00885621)
(0.000103066 -0.000104716 0.0088277)
(6.27859e-05 -8.9278e-05 0.00889078)
(8.39363e-05 -9.40648e-05 0.00889225)
(9.84036e-05 -9.66528e-05 0.00887499)
(0.00010445 -9.67604e-05 0.00884753)
(5.25128e-05 -7.90816e-05 0.00882507)
(6.13078e-05 -7.97204e-05 0.00881767)
(6.60825e-05 -7.84677e-05 0.00880303)
(6.63121e-05 -7.54707e-05 0.00878588)
(5.02952e-05 -7.67296e-05 0.00884163)
(6.11815e-05 -7.85796e-05 0.00883614)
(6.77378e-05 -7.85239e-05 0.00882179)
(6.94835e-05 -7.6678e-05 0.00880377)
(4.69605e-05 -7.04369e-05 0.00885095)
(5.97537e-05 -7.34145e-05 0.00885046)
(6.80415e-05 -7.46451e-05 0.00883829)
(7.13372e-05 -7.41313e-05 0.00882041)
(4.32007e-05 -6.0674e-05 0.00884598)
(5.70758e-05 -6.45388e-05 0.0088551)
(6.68826e-05 -6.68459e-05 0.0088478)
(7.16921e-05 -6.75391e-05 0.00883149)
(3.72088e-05 -5.65099e-05 0.0088128)
(4.33071e-05 -5.7325e-05 0.00881022)
(4.67911e-05 -5.68871e-05 0.00880116)
(4.74051e-05 -5.52696e-05 0.00878968)
(3.53494e-05 -5.41886e-05 0.00882305)
(4.28295e-05 -5.58162e-05 0.00882252)
(4.75001e-05 -5.61857e-05 0.00881412)
(4.91557e-05 -5.53542e-05 0.00880233)
(3.27739e-05 -4.91525e-05 0.00882596)
(4.14841e-05 -5.15414e-05 0.00883043)
(4.73009e-05 -5.27655e-05 0.00882442)
(5.00136e-05 -5.28298e-05 0.0088132)
(2.99842e-05 -4.17871e-05 0.00881485)
(3.93286e-05 -4.47835e-05 0.00882884)
(4.61315e-05 -4.67032e-05 0.00882775)
(4.98633e-05 -4.75651e-05 0.00881837)
(2.65389e-05 -4.05567e-05 0.00880356)
(3.0856e-05 -4.13641e-05 0.00880423)
(3.34382e-05 -4.13298e-05 0.00879884)
(3.41528e-05 -4.04869e-05 0.00879109)
(2.50272e-05 -3.85184e-05 0.00880951)
(3.02716e-05 -3.98762e-05 0.00881226)
(3.36555e-05 -4.0394e-05 0.00880773)
(3.50919e-05 -4.00971e-05 0.0088)
(2.30534e-05 -3.45991e-05 0.00880812)
(2.91034e-05 -3.64693e-05 0.00881583)
(3.32542e-05 -3.7559e-05 0.0088138)
(3.54146e-05 -3.78708e-05 0.00880686)
(2.09844e-05 -2.91147e-05 0.00879299)
(2.74084e-05 -3.13924e-05 0.00881013)
(3.2205e-05 -3.29319e-05 0.008813)
(3.50529e-05 -3.377e-05 0.00880804)
(1.90343e-05 -2.92104e-05 0.00879663)
(2.21334e-05 -2.99296e-05 0.00879949)
(2.40588e-05 -3.0077e-05 0.00879657)
(2.4737e-05 -2.96641e-05 0.00879135)
(1.78329e-05 -2.75286e-05 0.00879959)
(2.1562e-05 -2.86245e-05 0.00880456)
(2.40356e-05 -2.91533e-05 0.0088026)
(2.52178e-05 -2.91241e-05 0.00879757)
(1.63306e-05 -2.45355e-05 0.00879529)
(2.05944e-05 -2.59771e-05 0.00880517)
(2.35865e-05 -2.6892e-05 0.00880575)
(2.5268e-05 -2.72801e-05 0.00880164)
(1.47958e-05 -2.04841e-05 0.0087775)
(1.92813e-05 -2.21973e-05 0.0087967)
(2.27012e-05 -2.34043e-05 0.00880216)
(2.48495e-05 -2.41404e-05 0.00880008)
(1.3712e-05 -2.10958e-05 0.00879144)
(1.5956e-05 -2.17004e-05 0.00879581)
(1.73931e-05 -2.19126e-05 0.00879458)
(1.79788e-05 -2.17332e-05 0.0087911)
(1.27733e-05 -1.97598e-05 0.00879233)
(1.545e-05 -2.06245e-05 0.00879879)
(1.72656e-05 -2.11027e-05 0.00879858)
(1.82057e-05 -2.1195e-05 0.00879539)
(1.16367e-05 -1.75036e-05 0.00878603)
(1.46725e-05 -1.8603e-05 0.00879736)
(1.68422e-05 -1.9344e-05 0.0087997)
(1.81292e-05 -1.97248e-05 0.00879749)
(1.04985e-05 -1.45261e-05 0.00876645)
(1.36665e-05 -1.58063e-05 0.00878703)
(1.61226e-05 -1.67382e-05 0.0087942)
(1.77296e-05 -1.73502e-05 0.00879404)
(9.90773e-06 -1.52621e-05 0.00878757)
(1.15404e-05 -1.57521e-05 0.00879299)
(1.26108e-05 -1.59706e-05 0.00879294)
(1.30902e-05 -1.59134e-05 0.00879068)
(9.18431e-06 -1.42269e-05 0.008787)
(1.11166e-05 -1.4898e-05 0.0087945)
(1.24505e-05 -1.53032e-05 0.00879548)
(1.31805e-05 -1.54396e-05 0.00879357)
(8.32929e-06 -1.25426e-05 0.00877933)
(1.05053e-05 -1.3374e-05 0.00879165)
(1.20831e-05 -1.39596e-05 0.00879518)
(1.30559e-05 -1.42967e-05 0.00879428)
(7.48603e-06 -1.03622e-05 0.00875853)
(9.74128e-06 -1.13146e-05 0.00878004)
(1.15131e-05 -1.20258e-05 0.00878837)
(1.27071e-05 -1.25174e-05 0.00878952)
(7.16813e-06 -1.10458e-05 0.00878469)
(8.35772e-06 -1.14328e-05 0.00879085)
(9.15166e-06 -1.16306e-05 0.00879163)
(9.53101e-06 -1.16337e-05 0.00879023)
(6.61712e-06 -1.02582e-05 0.0087831)
(8.01565e-06 -1.07718e-05 0.00879132)
(8.99412e-06 -1.11014e-05 0.00879313)
(9.55108e-06 -1.12425e-05 0.00879211)
(5.97771e-06 -9.01057e-06 0.00877447)
(7.54304e-06 -9.63464e-06 0.00878748)
(8.69094e-06 -1.00888e-05 0.00879182)
(9.41861e-06 -1.03702e-05 0.00879183)
(5.3545e-06 -7.41939e-06 0.00875283)
(6.96762e-06 -8.1247e-06 0.00877498)
(8.24809e-06 -8.6621e-06 0.0087841)
(9.1299e-06 -9.04746e-06 0.00878614)
(5.17976e-06 -7.97993e-06 0.00878257)
(6.04496e-06 -8.2791e-06 0.00878925)
(6.63015e-06 -8.4461e-06 0.00879062)
(6.92276e-06 -8.47528e-06 0.00878983)
(4.76491e-06 -7.38961e-06 0.00878025)
(5.77635e-06 -7.77776e-06 0.00878898)
(6.49126e-06 -8.03784e-06 0.00879137)
(6.90987e-06 -8.16533e-06 0.00879098)
(4.29019e-06 -6.47276e-06 0.00877095)
(5.41653e-06 -6.93732e-06 0.00878443)
(6.24967e-06 -7.28393e-06 0.00878935)
(6.78865e-06 -7.50977e-06 0.00878998)
(3.83171e-06 -5.31671e-06 0.00874874)
(4.98701e-06 -5.8361e-06 0.00877132)
(5.9114e-06 -6.23814e-06 0.00878099)
(6.55828e-06 -6.53428e-06 0.00878365)
(3.7233e-06 -5.73295e-06 0.00878102)
(4.34867e-06 -5.95957e-06 0.00878807)
(4.77587e-06 -6.09384e-06 0.00878984)
(4.99632e-06 -6.13076e-06 0.0087895)
(3.41517e-06 -5.29724e-06 0.00877818)
(4.14286e-06 -5.58633e-06 0.00878726)
(4.66119e-06 -5.78628e-06 0.00879007)
(4.97089e-06 -5.89303e-06 0.00879012)
(3.06636e-06 -4.63025e-06 0.00876841)
(3.87337e-06 -4.97227e-06 0.00878223)
(4.47422e-06 -5.23233e-06 0.00878754)
(4.86873e-06 -5.40794e-06 0.00878862)
(2.73185e-06 -3.79659e-06 0.00874579)
(3.55648e-06 -4.17568e-06 0.00876868)
(4.22032e-06 -4.47278e-06 0.00877873)
(4.6904e-06 -4.696e-06 0.00878182)
(2.64333e-06 -4.06737e-06 0.00877989)
(3.08927e-06 -4.23488e-06 0.0087872)
(3.39615e-06 -4.33834e-06 0.00878927)
(3.55802e-06 -4.37367e-06 0.00878923)
(2.41887e-06 -3.75209e-06 0.0087767)
(2.93586e-06 -3.96313e-06 0.00878602)
(3.30623e-06 -4.11254e-06 0.00878912)
(3.53071e-06 -4.19697e-06 0.00878948)
(2.16685e-06 -3.2746e-06 0.0087666)
(2.73831e-06 -3.52207e-06 0.00878064)
(3.16588e-06 -3.71296e-06 0.00878623)
(3.44964e-06 -3.84523e-06 0.00878762)
(1.92648e-06 -2.68173e-06 0.0087437)
(2.50867e-06 -2.95417e-06 0.0087668)
(2.9795e-06 -3.16974e-06 0.00877711)
(3.31583e-06 -3.33411e-06 0.0087805)
(1.82939e-06 -2.81253e-06 0.0087791)
(2.13894e-06 -2.93203e-06 0.00878659)
(2.35305e-06 -3.00806e-06 0.00878886)
(2.46793e-06 -3.03754e-06 0.00878904)
(1.67098e-06 -2.59146e-06 0.00877565)
(2.02884e-06 -2.74061e-06 0.00878515)
(2.28626e-06 -2.84803e-06 0.00878844)
(2.4439e-06 -2.91109e-06 0.00878902)
(1.49422e-06 -2.25923e-06 0.00876532)
(1.88877e-06 -2.43299e-06 0.00877953)
(2.18505e-06 -2.56848e-06 0.00878531)
(2.38316e-06 -2.6641e-06 0.00878691)
(1.32636e-06 -1.84875e-06 0.00874223)
(1.72737e-06 -2.03904e-06 0.00876548)
(2.05279e-06 -2.19072e-06 0.00877596)
(2.28669e-06 -2.30765e-06 0.00877957)
(1.20652e-06 -1.85252e-06 0.00877855)
(1.41081e-06 -1.93315e-06 0.00878617)
(1.55251e-06 -1.98558e-06 0.00878857)
(1.62958e-06 -2.00775e-06 0.0087889)
(1.10058e-06 -1.70544e-06 0.00877494)
(1.33622e-06 -1.80536e-06 0.00878455)
(1.50617e-06 -1.87824e-06 0.00878798)
(1.61097e-06 -1.92216e-06 0.00878871)
(9.82909e-07 -1.48567e-06 0.00876446)
(1.24215e-06 -1.60152e-06 0.00877877)
(1.43735e-06 -1.69259e-06 0.00878468)
(1.56851e-06 -1.7577e-06 0.00878643)
(8.71436e-07 -1.21511e-06 0.00874124)
(1.13449e-06 -1.34147e-06 0.00876458)
(1.34851e-06 -1.44276e-06 0.00877519)
(1.50294e-06 -1.52151e-06 0.00877893)
(7.37123e-07 -1.13949e-06 0.00877821)
(8.61308e-07 -1.19011e-06 0.0087859)
(9.47372e-07 -1.22371e-06 0.00878839)
(9.94281e-07 -1.23904e-06 0.00878881)
(6.71606e-07 -1.04881e-06 0.00877449)
(8.1438e-07 -1.11082e-06 0.00878417)
(9.17548e-07 -1.15664e-06 0.00878769)
(9.81241e-07 -1.18491e-06 0.00878851)
(5.99553e-07 -9.14089e-07 0.00876392)
(7.56016e-07 -9.85162e-07 0.00877829)
(8.74292e-07 -1.04165e-06 0.00878428)
(9.53914e-07 -1.0826e-06 0.00878612)
(5.3191e-07 -7.48495e-07 0.00874063)
(6.90047e-07 -8.25131e-07 0.00876402)
(8.19322e-07 -8.87358e-07 0.0087747)
(9.12869e-07 -9.36417e-07 0.00877853)
(4.35851e-07 -7.33309e-07 0.00877798)
(5.07674e-07 -7.67603e-07 0.00878572)
(5.57603e-07 -7.90926e-07 0.00878827)
(5.8424e-07 -8.02458e-07 0.00878875)
(3.92807e-07 -6.74039e-07 0.00877418)
(4.75771e-07 -7.15884e-07 0.00878391)
(5.36856e-07 -7.46768e-07 0.00878748)
(5.74584e-07 -7.66101e-07 0.00878836)
(3.44279e-07 -5.85414e-07 0.00876354)
(4.36454e-07 -6.33872e-07 0.00877796)
(5.08013e-07 -6.71781e-07 0.00878401)
(5.56496e-07 -6.98833e-07 0.0087859)
(2.95806e-07 -4.75326e-07 0.00874019)
(3.9147e-07 -5.28592e-07 0.00876363)
(4.71782e-07 -5.71363e-07 0.00877436)
(5.30425e-07 -6.04102e-07 0.00877825)
(-0.000267307 0.00300968 0.000109806)
(-0.000124471 -0.00104854 0.000180672)
(-0.000223628 0.00960302 0.00260086)
(-0.00773773 0.00617823 0.00658258)
(-0.000213655 -0.00224517 0.00653372)
(0.000242071 -0.000915724 0.000700846)
(0.000669364 0.0132786 0.00377666)
(-0.0138009 0.00560503 0.00716089)
(-0.00219061 -0.00338712 0.0119167)
(-0.0110256 -0.00531056 0.0109717)
(-0.00279339 0.00558373 0.0071712)
(-0.00442296 0.0159682 0.00191612)
(-0.00706283 -0.00636032 0.0148973)
(-0.0312058 -0.0187332 0.0271641)
(-0.00634944 0.00158673 0.0132446)
(0.00100096 0.00219071 0.00860686)
(0.00105663 -0.00279008 0.0155824)
(-0.000211033 -0.00120062 0.0138803)
(-0.00219447 0.000896746 0.00936494)
(-0.00405313 0.00132897 0.0111569)
(0.0012934 -0.00404804 0.0179752)
(1.26583e-06 -0.00255096 0.0139763)
(-0.00215619 0.000247902 0.0057905)
(-0.00508344 0.00192704 0.0107833)
(0.000248344 -0.00365789 0.0188226)
(-0.0025663 -0.00309477 0.0157507)
(-0.00197805 -0.000426057 0.0171054)
(-0.00210508 0.00231838 0.0123631)
(-0.0013053 -0.00233562 0.0198929)
(-0.00630509 -0.00360458 0.0163989)
(-0.00277248 -0.000612411 0.0168309)
(0.000508295 0.000297763 0.0139121)
(0.000941491 -0.00171564 0.00997266)
(0.000869622 -0.000834515 0.00904197)
(0.000197152 -0.000236804 0.00806504)
(-0.000386307 -6.52838e-05 0.00792545)
(0.000872175 -0.00193444 0.0112707)
(0.000916793 -0.00119958 0.010145)
(0.000268774 -0.000642835 0.00880036)
(-0.000470132 -1.46804e-05 0.0084727)
(0.000452925 -0.00169464 0.0123785)
(0.000346397 -0.00112241 0.0116178)
(0.000327791 -0.000688571 0.011774)
(0.000425492 2.43263e-05 0.00948689)
(-0.000209745 -0.000954376 0.0129524)
(-0.00042631 -0.000661004 0.0117152)
(9.5471e-05 -0.000274962 0.0125926)
(0.00123072 -3.30959e-06 0.0103877)
(0.000538792 -0.00109104 0.0106099)
(0.000804615 -0.000796507 0.0100668)
(0.00083923 -0.000635196 0.00942101)
(0.000721909 -0.000576678 0.00880881)
(0.000412465 -0.00110427 0.0110608)
(0.000748304 -0.00082087 0.0106088)
(0.000878578 -0.000758008 0.00999352)
(0.000779499 -0.000557789 0.00915208)
(0.000169593 -0.000884304 0.0114219)
(0.000474032 -0.000566711 0.011146)
(0.00083826 -0.000561215 0.0109378)
(0.00108569 -0.000362618 0.00966819)
(-0.000161742 -0.000503933 0.0116129)
(0.000145523 -0.000189544 0.0112783)
(0.00065997 -9.35919e-05 0.0113929)
(0.00132149 -4.40211e-05 0.0100506)
(0.000385543 -0.000690072 0.00995102)
(0.000634167 -0.000606849 0.00974136)
(0.000773756 -0.000580299 0.0094032)
(0.000759259 -0.000548557 0.00897471)
(0.000268756 -0.000638363 0.0101166)
(0.000551942 -0.000536511 0.0100007)
(0.000771408 -0.000556293 0.00972079)
(0.000804437 -0.000496477 0.00918593)
(0.000114858 -0.000490807 0.0102195)
(0.000384262 -0.000336494 0.0101881)
(0.000710803 -0.000360335 0.010091)
(0.000899073 -0.000318321 0.00942379)
(-8.06422e-05 -0.000278151 0.0102287)
(0.00018913 -8.32545e-05 0.0101965)
(0.000585953 -2.97177e-05 0.0102489)
(0.000950579 -4.4836e-05 0.0095289)
(0.000260133 -0.000415076 0.00952634)
(0.000425258 -0.000402004 0.00942547)
(0.000537171 -0.000409371 0.00924285)
(0.000550814 -0.000397172 0.00899037)
(0.000175445 -0.000361883 0.0095916)
(0.000358743 -0.000326798 0.00954724)
(0.000519775 -0.000348949 0.00940357)
(0.000569907 -0.000337129 0.00910572)
(7.77915e-05 -0.000266201 0.00960595)
(0.000257741 -0.000194658 0.00960618)
(0.000470972 -0.000209387 0.0095398)
(0.000589804 -0.00021014 0.00919134)
(-3.71769e-05 -0.000147262 0.00956216)
(0.000141341 -3.90468e-05 0.00956705)
(0.000392901 -7.43489e-06 0.00956246)
(0.000591598 -3.17001e-05 0.00918642)
(0.000174885 -0.000254151 0.00924738)
(0.000274111 -0.000259004 0.00920475)
(0.000345422 -0.000270373 0.00910718)
(0.000362664 -0.000267941 0.00896405)
(0.000119296 -0.000212215 0.00925974)
(0.000229675 -0.000199925 0.00925225)
(0.00032807 -0.000214956 0.00917942)
(0.000367428 -0.000216596 0.00901796)
(5.8307e-05 -0.000149554 0.00923008)
(0.000169689 -0.000113949 0.00924689)
(0.000294776 -0.000121859 0.00920826)
(0.000366803 -0.000131463 0.00902827)
(-1.10652e-05 -7.78934e-05 0.00915724)
(0.000101051 -1.68148e-05 0.00917658)
(0.000247974 7.26671e-08 0.00916272)
(0.000358278 -2.05142e-05 0.00896979)
(0.00011747 -0.000159409 0.00906804)
(0.000176736 -0.000167687 0.00905609)
(0.000220627 -0.000177271 0.00900552)
(0.000235754 -0.00017898 0.0089248)
(8.14715e-05 -0.000128818 0.00905314)
(0.000148022 -0.000124914 0.00906344)
(0.000206741 -0.000134639 0.00902902)
(0.000234841 -0.000139736 0.00894215)
(4.28154e-05 -8.72051e-05 0.00900218)
(0.000111622 -6.85254e-05 0.00902581)
(0.000184657 -7.30892e-05 0.009008)
(0.000229361 -8.29483e-05 0.00891475)
(-1.77789e-07 -4.22218e-05 0.00891573)
(7.0311e-05 -6.71281e-06 0.00893764)
(0.000156143 2.0629e-06 0.00892842)
(0.000220428 -1.32662e-05 0.00882885)
(7.9381e-05 -0.000102475 0.00895068)
(0.000115628 -0.000110082 0.00895609)
(0.000143127 -0.00011735 0.00893213)
(0.000155108 -0.00012032 0.00888657)
(5.58232e-05 -8.08194e-05 0.0089205)
(9.68804e-05 -7.9926e-05 0.00894085)
(0.000132716 -8.63631e-05 0.0089285)
(0.000152431 -9.16442e-05 0.00888212)
(3.08304e-05 -5.29256e-05 0.008858)
(7.40661e-05 -4.25013e-05 0.00888584)
(0.000117921 -4.53836e-05 0.00888279)
(0.00014669 -5.3495e-05 0.00883494)
(3.44452e-06 -2.38147e-05 0.00876412)
(4.84259e-05 -2.38716e-06 0.00878729)
(9.99701e-05 2.19963e-06 0.00878595)
(0.000139436 -8.71833e-06 0.00873468)
(5.40585e-05 -6.73382e-05 0.00887294)
(7.69211e-05 -7.34105e-05 0.00888857)
(9.47023e-05 -7.8792e-05 0.00888014)
(0.000103837 -8.1812e-05 0.00885474)
(3.83649e-05 -5.21667e-05 0.00883385)
(6.44066e-05 -5.23003e-05 0.00886017)
(8.7051e-05 -5.67044e-05 0.00886096)
(0.000100937 -6.12069e-05 0.00883707)
(2.18557e-05 -3.3296e-05 0.00876478)
(4.96219e-05 -2.71472e-05 0.00879536)
(7.69555e-05 -2.90959e-05 0.00880223)
(9.61032e-05 -3.52773e-05 0.00877893)
(3.9775e-06 -1.40554e-05 0.00866669)
(3.31963e-05 -6.65844e-07 0.00869075)
(6.52729e-05 1.8105e-06 0.00869636)
(9.06323e-05 -5.8267e-06 0.00867087)
(3.7136e-05 -4.51156e-05 0.00882052)
(5.19859e-05 -4.97119e-05 0.00884239)
(6.38287e-05 -5.36794e-05 0.00884332)
(7.067e-05 -5.6319e-05 0.00882982)
(2.64924e-05 -3.44985e-05 0.00877606)
(4.34499e-05 -3.49148e-05 0.00880611)
(5.82351e-05 -3.80092e-05 0.00881494)
(6.80855e-05 -4.15756e-05 0.00880401)
(1.53712e-05 -2.16131e-05 0.00870311)
(3.35909e-05 -1.7802e-05 0.00873557)
(5.12297e-05 -1.91737e-05 0.00874898)
(6.43033e-05 -2.37322e-05 0.00873952)
(3.44448e-06 -8.6826e-06 0.00860251)
(2.27687e-05 -4.80661e-08 0.00862737)
(4.34128e-05 1.35207e-06 0.00863821)
(6.02865e-05 -3.95973e-06 0.00862704)
(2.57323e-05 -3.0736e-05 0.00878464)
(3.56242e-05 -3.4139e-05 0.00881041)
(4.37028e-05 -3.7066e-05 0.00881711)
(4.87799e-05 -3.9226e-05 0.00881087)
(1.8398e-05 -2.32829e-05 0.00873687)
(2.96968e-05 -2.37189e-05 0.00876929)
(3.96154e-05 -2.59325e-05 0.00878315)
(4.66489e-05 -2.86641e-05 0.00877995)
(1.07777e-05 -1.44026e-05 0.00866154)
(2.29703e-05 -1.1942e-05 0.00869531)
(3.46887e-05 -1.29274e-05 0.008713)
(4.37801e-05 -1.62419e-05 0.00871164)
(2.67278e-06 -5.5933e-06 0.0085594)
(1.56708e-05 1.27402e-07 0.00858494)
(2.93427e-05 9.62637e-07 0.00859945)
(4.08595e-05 -2.7334e-06 0.00859659)
(1.79763e-05 -2.12381e-05 0.00875975)
(2.47026e-05 -2.37349e-05 0.00878801)
(3.03142e-05 -2.58976e-05 0.00879837)
(3.40624e-05 -2.76055e-05 0.00879669)
(1.28547e-05 -1.59809e-05 0.00870989)
(2.0529e-05 -1.63557e-05 0.00874386)
(2.73245e-05 -1.79574e-05 0.00876091)
(3.23728e-05 -2.00152e-05 0.0087625)
(7.55821e-06 -9.80674e-06 0.00863309)
(1.5858e-05 -8.16609e-06 0.00866776)
(2.38237e-05 -8.88066e-06 0.00868824)
(3.02287e-05 -1.12778e-05 0.00869183)
(1.96461e-06 -3.73485e-06 0.00852998)
(1.08406e-05 1.41461e-07 0.00855606)
(2.01055e-05 6.67373e-07 0.00857307)
(2.81112e-05 -1.91352e-06 0.00857521)
(1.26507e-05 -1.48485e-05 0.0087423)
(1.72995e-05 -1.66746e-05 0.00877218)
(2.12494e-05 -1.82742e-05 0.00878491)
(2.40073e-05 -1.95975e-05 0.00878616)
(9.03559e-06 -1.11209e-05 0.0086911)
(1.433e-05 -1.14199e-05 0.00872609)
(1.90599e-05 -1.25871e-05 0.00874521)
(2.26979e-05 -1.41238e-05 0.00874984)
(5.31151e-06 -6.7935e-06 0.00861336)
(1.10428e-05 -5.67271e-06 0.00864866)
(1.6553e-05 -6.19292e-06 0.00867098)
(2.11076e-05 -7.92494e-06 0.00867768)
(1.40189e-06 -2.56661e-06 0.00850962)
(7.54223e-06 1.07789e-07 0.00853612)
(1.39336e-05 4.55329e-07 0.00855482)
(1.95726e-05 -1.35569e-06 0.00856007)
(8.95902e-06 -1.04795e-05 0.00872996)
(1.22125e-05 -1.1814e-05 0.00876092)
(1.50189e-05 -1.29975e-05 0.0087752)
(1.70434e-05 -1.40093e-05 0.00877839)
(6.38616e-06 -7.82367e-06 0.00867788)
(1.00837e-05 -8.05433e-06 0.00871356)
(1.34143e-05 -8.90837e-06 0.00873404)
(1.60435e-05 -1.00499e-05 0.00874065)
(3.74388e-06 -4.76943e-06 0.00859953)
(7.74737e-06 -3.99011e-06 0.00863527)
(1.16089e-05 -4.36941e-06 0.00865881)
(1.48692e-05 -5.62172e-06 0.00866751)
(9.83711e-07 -1.80231e-06 0.00849539)
(5.27722e-06 6.88461e-08 0.00852219)
(9.74613e-06 3.07563e-07 0.00854202)
(1.37555e-05 -9.69671e-07 0.00854928)
(6.37628e-06 -7.44875e-06 0.00872118)
(8.67409e-06 -8.42386e-06 0.00875286)
(1.06807e-05 -9.29884e-06 0.00876818)
(1.21636e-05 -1.0065e-05 0.00877267)
(4.53425e-06 -5.54921e-06 0.00866852)
(7.14043e-06 -5.72405e-06 0.00870466)
(9.50473e-06 -6.35014e-06 0.00872604)
(1.14081e-05 -7.1951e-06 0.00873398)
(2.6471e-06 -3.38149e-06 0.00858976)
(5.46844e-06 -2.83286e-06 0.00862581)
(8.19964e-06 -3.10948e-06 0.00865016)
(1.05437e-05 -4.01582e-06 0.00866019)
(6.83799e-07 -1.28486e-06 0.00848534)
(3.71098e-06 3.78393e-08 0.00851237)
(6.86624e-06 2.06426e-07 0.00853296)
(9.73528e-06 -6.98381e-07 0.00854154)
(4.55268e-06 -5.31901e-06 0.0087149)
(6.18521e-06 -6.03094e-06 0.00874707)
(7.62491e-06 -6.67647e-06 0.00876309)
(8.70827e-06 -7.25175e-06 0.00876848)
(3.22928e-06 -3.95717e-06 0.00866184)
(5.07749e-06 -4.0883e-06 0.0086983)
(6.76422e-06 -4.5472e-06 0.0087203)
(8.14248e-06 -5.17029e-06 0.00872913)
(1.87599e-06 -2.41285e-06 0.00858282)
(3.87617e-06 -2.02359e-06 0.00861908)
(5.81933e-06 -2.22512e-06 0.00864398)
(7.50838e-06 -2.88118e-06 0.0086549)
(4.72784e-07 -9.24568e-07 0.00847821)
(2.6193e-06 1.67759e-08 0.0085054)
(4.86119e-06 1.37948e-07 0.00852651)
(6.92172e-06 -5.05041e-07 0.00853597)
(3.2527e-06 -3.804e-06 0.0087104)
(4.41534e-06 -4.32237e-06 0.0087429)
(5.44866e-06 -4.79662e-06 0.00875941)
(6.23686e-06 -5.22475e-06 0.00876541)
(2.30147e-06 -2.82768e-06 0.00865708)
(3.61563e-06 -2.92518e-06 0.00869375)
(4.82086e-06 -3.26061e-06 0.00871617)
(5.81694e-06 -3.71775e-06 0.00872561)
(1.33011e-06 -1.72625e-06 0.00857787)
(2.75187e-06 -1.44909e-06 0.00861427)
(4.13752e-06 -1.59549e-06 0.00863955)
(5.35392e-06 -2.06952e-06 0.00865108)
(3.25644e-07 -6.67899e-07 0.00847314)
(1.85148e-06 3.99106e-09 0.00850043)
(3.44863e-06 9.1842e-08 0.0085219)
(4.92924e-06 -3.65472e-07 0.00853196)
(2.3158e-06 -2.71247e-06 0.00870718)
(3.14182e-06 -3.0875e-06 0.00873992)
(3.88046e-06 -3.43313e-06 0.00875676)
(4.44968e-06 -3.74815e-06 0.00876318)
(1.63478e-06 -2.01536e-06 0.00865367)
(2.56724e-06 -2.08712e-06 0.00869049)
(3.42579e-06 -2.33061e-06 0.00871321)
(4.14156e-06 -2.6632e-06 0.00872307)
(9.40059e-07 -1.2322e-06 0.00857434)
(1.94858e-06 -1.03523e-06 0.00861085)
(2.93422e-06 -1.14089e-06 0.00863638)
(3.80613e-06 -1.48148e-06 0.00864833)
(2.23191e-07 -4.81445e-07 0.00846952)
(1.30551e-06 -2.89155e-09 0.00849689)
(2.44084e-06 6.08135e-08 0.00851861)
(3.50057e-06 -2.63424e-07 0.00852908)
(1.63122e-06 -1.91407e-06 0.0087049)
(2.21218e-06 -2.18182e-06 0.00873779)
(2.73416e-06 -2.42998e-06 0.00875486)
(3.13952e-06 -2.65774e-06 0.00876158)
(1.14918e-06 -1.42188e-06 0.00865126)
(1.80435e-06 -1.47387e-06 0.00868818)
(2.40948e-06 -1.64818e-06 0.00871109)
(2.91732e-06 -1.88655e-06 0.00872124)
(6.57765e-07 -8.70748e-07 0.00857184)
(1.36624e-06 -7.32182e-07 0.00860841)
(2.06025e-06 -8.07435e-07 0.00863413)
(2.67782e-06 -1.04912e-06 0.00864637)
(1.51507e-07 -3.43358e-07 0.00846696)
(9.11787e-07 -5.92039e-09 0.00849438)
(1.71087e-06 3.9809e-08 0.00851627)
(2.46079e-06 -1.87728e-07 0.00852702)
(1.12218e-06 -1.31885e-06 0.0087033)
(1.52114e-06 -1.50499e-06 0.0087363)
(1.8809e-06 -1.67824e-06 0.00875353)
(2.16184e-06 -1.83803e-06 0.00876044)
(7.89386e-07 -9.79728e-07 0.00864958)
(1.23901e-06 -1.01636e-06 0.00868657)
(1.65525e-06 -1.13783e-06 0.00870961)
(2.00628e-06 -1.30401e-06 0.00871996)
(4.50208e-07 -6.00949e-07 0.0085701)
(9.36373e-07 -5.05848e-07 0.00860672)
(1.41345e-06 -5.58145e-07 0.00863256)
(1.83987e-06 -7.25348e-07 0.00864499)
(1.01101e-07 -2.38738e-07 0.00846517)
(6.22801e-07 -6.50313e-09 0.00849263)
(1.17202e-06 2.54053e-08 0.00851463)
(1.68963e-06 -1.30612e-07 0.00852557)
(7.36867e-07 -8.67062e-07 0.00870222)
(9.98105e-07 -9.90301e-07 0.0087353)
(1.23423e-06 -1.10518e-06 0.00875263)
(1.41923e-06 -1.21146e-06 0.00875968)
(5.17987e-07 -6.43995e-07 0.00864844)
(8.12255e-07 -6.68846e-07 0.00868548)
(1.08508e-06 -7.49453e-07 0.00870862)
(1.31581e-06 -8.59604e-07 0.00871909)
(2.94853e-07 -3.95423e-07 0.00856892)
(6.13051e-07 -3.33812e-07 0.00860558)
(9.25702e-07 -3.68713e-07 0.00863149)
(1.20586e-06 -4.78998e-07 0.00864405)
(6.5375e-08 -1.57529e-07 0.00846397)
(4.06592e-07 -5.73803e-09 0.00849145)
(7.66554e-07 1.51839e-08 0.00851353)
(1.10676e-06 -8.70234e-08 0.00852459)
(4.48776e-07 -5.36621e-07 0.00870155)
(6.07308e-07 -6.10723e-07 0.00873467)
(7.49444e-07 -6.8077e-07 0.00875207)
(8.61103e-07 -7.45793e-07 0.00875919)
(3.16015e-07 -3.98411e-07 0.00864774)
(4.94344e-07 -4.13125e-07 0.0086848)
(6.58417e-07 -4.62615e-07 0.00870799)
(7.97593e-07 -5.30027e-07 0.00871855)
(1.8107e-07 -2.46317e-07 0.0085682)
(3.73636e-07 -2.08969e-07 0.00860487)
(5.61674e-07 -2.30587e-07 0.00863083)
(7.3072e-07 -2.97646e-07 0.00864346)
(4.1259e-08 -9.7748e-08 0.00846323)
(2.47848e-07 -5.81141e-09 0.00849072)
(4.64898e-07 6.42276e-09 0.00851284)
(6.70655e-07 -5.56385e-08 0.00852398)
(2.41742e-07 -3.52398e-07 0.00870108)
(3.36905e-07 -4.01388e-07 0.00873423)
(4.26091e-07 -4.4484e-07 0.00875167)
(4.97792e-07 -4.83826e-07 0.00875886)
(1.62793e-07 -2.63791e-07 0.00864724)
(2.67075e-07 -2.76651e-07 0.00868433)
(3.69885e-07 -3.05427e-07 0.00870755)
(4.59453e-07 -3.44609e-07 0.00871817)
(8.20416e-08 -1.65095e-07 0.00856768)
(1.93217e-07 -1.43604e-07 0.00860436)
(3.10979e-07 -1.52824e-07 0.00863036)
(4.19811e-07 -1.9059e-07 0.00864305)
(3.49786e-09 -7.10458e-08 0.00846269)
(1.20699e-07 -1.50111e-08 0.0084902)
(2.54388e-07 -2.33933e-09 0.00851235)
(3.84587e-07 -3.59593e-08 0.00852354)
(-0.00135918 0.00129292 0.00770746)
(0.00405782 0.00732517 -0.00216979)
(0.000569096 0.00332551 0.00347353)
(0.000741933 0.000538542 0.0011646)
(-0.00146792 0.00825057 0.00674563)
(0.0057501 -0.00240573 0.000736085)
(0.000847005 0.00236642 0.00371544)
(0.0109712 0.00279343 0.00269442)
(-0.00563054 -0.0110624 -0.000236163)
(0.00122706 -0.00492412 0.000500295)
(0.0016464 -0.000968852 0.00117754)
(0.00829468 0.00266779 0.00162075)
(-0.00317572 -0.00266266 0.0110807)
(-0.00510279 -0.00144212 0.00971892)
(-0.00832156 0.00215092 0.00653363)
(0.00103344 0.0020984 -0.000560023)
(-0.000178877 -0.00219559 0.0135105)
(-8.56982e-06 -0.00110089 0.0136408)
(0.000301498 -0.00110409 0.0142059)
(0.000220085 -0.00127797 0.0135461)
(0.000124379 0.000444638 0.0137743)
(0.000623013 -0.000847275 0.0129375)
(0.000389546 -0.000209695 0.012989)
(0.00117835 7.93892e-07 0.0170881)
(-0.00128677 -0.00303357 0.0153394)
(-0.000172397 -0.00276727 0.0134696)
(0.000553024 -0.00161105 0.0134193)
(0.00102057 -0.000350127 0.0142737)
(-0.0020173 -0.00324222 0.0158579)
(-0.000848075 -0.00352611 0.0162067)
(0.000274609 -0.00282397 0.0175951)
(0.00132115 -0.00165319 0.0200481)
(-4.18867e-05 -0.00180459 0.00943231)
(-2.88342e-06 -0.00144806 0.00918556)
(-1.18182e-05 -0.00131034 0.00900544)
(-0.000206216 -0.00141482 0.00817022)
(-0.00014726 -0.00092411 0.00855845)
(-0.000122826 -0.00115384 0.0083677)
(-0.000282283 -0.00116948 0.00868891)
(-0.000249768 -0.00131615 0.00899209)
(-0.000644822 -0.0017759 0.00860435)
(-0.000359694 -0.00195682 0.00850396)
(-0.000313507 -0.00178304 0.00863888)
(-0.000147528 -0.0015104 0.00884519)
(-0.00110303 -0.00184447 0.0106181)
(-0.000528522 -0.00211691 0.0105427)
(-8.30061e-06 -0.00209635 0.010224)
(0.0004156 -0.0018427 0.00979803)
(-3.34172e-05 -0.00103119 0.00943409)
(3.80431e-05 -0.000954796 0.00939665)
(0.000116859 -0.000936447 0.00935471)
(0.000119673 -0.00101671 0.00913147)
(-0.000156774 -0.000629447 0.00917897)
(-0.000129564 -0.000745896 0.00925077)
(-8.10618e-05 -0.000863672 0.00944706)
(9.24411e-06 -0.00100911 0.00955873)
(-0.000402196 -0.000939832 0.00948358)
(-0.000258046 -0.0010462 0.0095592)
(-0.000132689 -0.00108188 0.0097158)
(2.07325e-05 -0.00106564 0.00984677)
(-0.0005923 -0.000955758 0.0104737)
(-0.000291288 -0.00110316 0.0105127)
(-5.36321e-06 -0.00118389 0.0104604)
(0.000219623 -0.00116432 0.0103095)
(-1.58836e-05 -0.000630329 0.00911301)
(5.73548e-05 -0.000632256 0.00920143)
(0.000149579 -0.000654211 0.00922653)
(0.000233242 -0.000696577 0.00915299)
(-0.000105444 -0.000453861 0.00907197)
(-4.71321e-05 -0.000526726 0.00922477)
(4.57238e-05 -0.000616095 0.00934443)
(0.00017109 -0.000703842 0.00938051)
(-0.000231525 -0.00055995 0.00925514)
(-0.000117901 -0.000628737 0.00940021)
(3.57373e-06 -0.000686622 0.00951095)
(0.000153458 -0.000725757 0.00956143)
(-0.000301185 -0.000521721 0.0096861)
(-0.000116758 -0.000619118 0.00977916)
(5.30307e-05 -0.000694437 0.00980701)
(0.000208688 -0.000736442 0.00977225)
(-8.94114e-06 -0.000410996 0.00892018)
(5.02801e-05 -0.00042703 0.0090273)
(0.00012536 -0.000450505 0.00907301)
(0.000207858 -0.000472671 0.00905024)
(-6.8744e-05 -0.000325144 0.00896582)
(-8.75361e-06 -0.000371555 0.00909973)
(7.43601e-05 -0.000427627 0.00917987)
(0.000178273 -0.000476248 0.00919108)
(-0.000130992 -0.000335115 0.00909653)
(-4.62549e-05 -0.00038378 0.00922081)
(4.76189e-05 -0.000433977 0.00929677)
(0.000160926 -0.000473824 0.0093141)
(-0.000152546 -0.000279548 0.00930978)
(-4.13667e-05 -0.000343547 0.00939957)
(6.36218e-05 -0.000404216 0.00944168)
(0.000166615 -0.000452099 0.00943435)
(-4.99133e-06 -0.00027718 0.00880233)
(4.07415e-05 -0.000291158 0.00891382)
(9.59862e-05 -0.000308864 0.008969)
(0.000157112 -0.00032225 0.00897001)
(-4.46131e-05 -0.000230602 0.0088608)
(6.5651e-06 -0.000259686 0.00898206)
(6.91263e-05 -0.000294161 0.00904927)
(0.000142011 -0.000322261 0.00906034)
(-7.60525e-05 -0.000209041 0.00894085)
(-1.35414e-05 -0.000243379 0.00905546)
(5.28112e-05 -0.000280763 0.00912218)
(0.000129408 -0.000311682 0.00913847)
(-7.80694e-05 -0.000156111 0.00903869)
(-7.5389e-06 -0.000199517 0.00913273)
(5.83774e-05 -0.00024405 0.0091872)
(0.000124693 -0.000283028 0.00920038)
(-2.38984e-06 -0.000189967 0.00872522)
(3.21875e-05 -0.000200039 0.00883854)
(7.14632e-05 -0.000212707 0.00889879)
(0.000113425 -0.000221959 0.00891235)
(-2.87946e-05 -0.000160819 0.00877273)
(1.11006e-05 -0.000179614 0.00888868)
(5.55606e-05 -0.000201697 0.00895345)
(0.000104482 -0.000219434 0.00897058)
(-4.54951e-05 -0.000133629 0.00881757)
(-6.04459e-07 -0.000157795 0.00892825)
(4.49155e-05 -0.000184548 0.00899439)
(9.5503e-05 -0.000207133 0.00901702)
(-4.13894e-05 -9.07127e-05 0.0088588)
(4.34273e-06 -0.000120349 0.00895528)
(4.65968e-05 -0.000152052 0.00901746)
(8.94803e-05 -0.00018102 0.00904389)
(-9.04579e-07 -0.00013164 0.00867065)
(2.47936e-05 -0.000138606 0.00878519)
(5.24443e-05 -0.000147653 0.00884904)
(8.0886e-05 -0.000154484 0.00887057)
(-1.87155e-05 -0.00011136 0.00870312)
(1.10077e-05 -0.000123873 0.00881761)
(4.20653e-05 -0.000138625 0.00888381)
(7.48563e-05 -0.000150636 0.00890766)
(-2.8127e-05 -8.72768e-05 0.00872436)
(3.63843e-06 -0.00010416 0.00883436)
(3.46925e-05 -0.000123021 0.00890295)
(6.831e-05 -0.000139251 0.00893274)
(-2.29556e-05 -5.49532e-05 0.00873591)
(7.26992e-06 -7.52228e-05 0.00883467)
(3.48851e-05 -9.74164e-05 0.00890239)
(6.30424e-05 -0.000118194 0.00893789)
(-1.82078e-07 -9.20111e-05 0.00863093)
(1.8674e-05 -9.68046e-05 0.00874654)
(3.81499e-05 -0.000103302 0.00881327)
(5.75662e-05 -0.000108458 0.00884038)
(-1.23474e-05 -7.71185e-05 0.00865063)
(9.29241e-06 -8.56241e-05 0.00876525)
(3.09525e-05 -9.57795e-05 0.00883385)
(5.31817e-05 -0.000104266 0.00886337)
(-1.79445e-05 -5.80484e-05 0.00865666)
(4.38687e-06 -6.97949e-05 0.00876718)
(2.56666e-05 -8.30476e-05 0.00883863)
(4.83215e-05 -9.46776e-05 0.00887432)
(-1.33846e-05 -3.45483e-05 0.00865218)
(6.89676e-06 -4.84325e-05 0.00875273)
(2.52829e-05 -6.38805e-05 0.0088243)
(4.4105e-05 -7.85929e-05 0.00886591)
(1.18935e-07 -6.47753e-05 0.00860167)
(1.3842e-05 -6.8089e-05 0.00871825)
(2.76096e-05 -7.27789e-05 0.00878724)
(4.10275e-05 -7.66856e-05 0.00881834)
(-8.29136e-06 -5.36507e-05 0.00861191)
(7.29204e-06 -5.95116e-05 0.00872717)
(2.24552e-05 -6.66337e-05 0.00879802)
(3.77357e-05 -7.27593e-05 0.00883184)
(-1.1781e-05 -3.92586e-05 0.00860819)
(3.90859e-06 -4.743e-05 0.00871954)
(1.86048e-05 -5.67514e-05 0.00879342)
(3.41029e-05 -6.50904e-05 0.00883347)
(-8.20109e-06 -2.24407e-05 0.00859472)
(5.5965e-06 -3.19875e-05 0.00869661)
(1.80441e-05 -4.27411e-05 0.00877081)
(3.08429e-05 -5.31267e-05 0.0088165)
(2.1368e-07 -4.58816e-05 0.0085801)
(1.01563e-05 -4.81883e-05 0.00869748)
(1.99343e-05 -5.15864e-05 0.0087682)
(2.9322e-05 -5.45389e-05 0.00880215)
(-5.66422e-06 -3.75663e-05 0.00858368)
(5.51043e-06 -4.16437e-05 0.00869962)
(1.61852e-05 -4.66948e-05 0.00877229)
(2.68273e-05 -5.11604e-05 0.00880922)
(-7.9275e-06 -2.69469e-05 0.00857373)
(3.12456e-06 -3.2646e-05 0.00868583)
(1.33627e-05 -3.92231e-05 0.00876154)
(2.41104e-05 -4.52139e-05 0.00880468)
(-5.25776e-06 -1.49817e-05 0.00855503)
(4.24516e-06 -2.15818e-05 0.00865789)
(1.27966e-05 -2.90927e-05 0.00873385)
(2.16308e-05 -3.64345e-05 0.00878224)
(2.1829e-07 -3.26708e-05 0.00856425)
(7.40907e-06 -3.42878e-05 0.00868223)
(1.43875e-05 -3.67565e-05 0.00875424)
(2.10266e-05 -3.89787e-05 0.00879022)
(-3.92799e-06 -2.64842e-05 0.00856322)
(4.08086e-06 -2.93416e-05 0.00867975)
(1.16413e-05 -3.29495e-05 0.00875376)
(1.91359e-05 -3.62185e-05 0.0087929)
(-5.44351e-06 -1.87337e-05 0.00854924)
(2.37482e-06 -2.27248e-05 0.00866194)
(9.56728e-06 -2.7384e-05 0.00873897)
(1.71072e-05 -3.1698e-05 0.00878424)
(-3.5019e-06 -1.0228e-05 0.00852741)
(3.11499e-06 -1.48199e-05 0.00863093)
(9.06349e-06 -2.00914e-05 0.00870808)
(1.52381e-05 -2.52992e-05 0.00875827)
(1.8979e-07 -2.33682e-05 0.00855262)
(5.3898e-06 -2.4509e-05 0.00867106)
(1.0393e-05 -2.63058e-05 0.008744)
(1.51292e-05 -2.79716e-05 0.00878141)
(-2.75734e-06 -1.87903e-05 0.00854844)
(2.99033e-06 -2.08048e-05 0.00866541)
(8.37545e-06 -2.33943e-05 0.00874039)
(1.37009e-05 -2.57913e-05 0.00878107)
(-3.79788e-06 -1.31626e-05 0.0085318)
(1.7592e-06 -1.5971e-05 0.00864495)
(6.85002e-06 -1.92854e-05 0.00872291)
(1.21893e-05 -2.23991e-05 0.00876965)
(-2.40344e-06 -7.10681e-06 0.00850805)
(2.24744e-06 -1.03222e-05 0.00861203)
(6.42842e-06 -1.40417e-05 0.00868997)
(1.0788e-05 -1.77508e-05 0.00874135)
(1.53608e-07 -1.6775e-05 0.00854411)
(3.91661e-06 -1.75842e-05 0.00866289)
(7.51753e-06 -1.88935e-05 0.00873649)
(1.09184e-05 -2.01375e-05 0.00877491)
(-1.95379e-06 -1.34036e-05 0.00853776)
(2.17954e-06 -1.4831e-05 0.00865505)
(6.03393e-06 -1.66959e-05 0.00873072)
(9.84392e-06 -1.8454e-05 0.00877248)
(-2.68182e-06 -9.3269e-06 0.00851937)
(1.28588e-06 -1.13124e-05 0.00863283)
(4.91179e-06 -1.36792e-05 0.00871143)
(8.72019e-06 -1.59312e-05 0.00875918)
(-1.68641e-06 -5.00473e-06 0.00849438)
(1.60809e-06 -7.26994e-06 0.00859868)
(4.57124e-06 -9.9076e-06 0.00867715)
(7.67379e-06 -1.25595e-05 0.00872933)
(1.19754e-07 -1.20732e-05 0.00853789)
(2.84481e-06 -1.26497e-05 0.00865691)
(5.44374e-06 -1.36041e-05 0.00873099)
(7.8966e-06 -1.45294e-05 0.00877013)
(-1.39368e-06 -9.60033e-06 0.00853004)
(1.58427e-06 -1.06158e-05 0.00864757)
(4.35318e-06 -1.19617e-05 0.00872372)
(7.09199e-06 -1.32506e-05 0.00876624)
(-1.91e-06 -6.65065e-06 0.00851046)
(9.33312e-07 -8.0602e-06 0.00862416)
(3.52818e-06 -9.75561e-06 0.0087032)
(6.25875e-06 -1.13865e-05 0.00875165)
(-1.2014e-06 -3.55855e-06 0.00848468)
(1.14626e-06 -5.16256e-06 0.0085892)
(3.25941e-06 -7.04096e-06 0.00866803)
(5.48e-06 -8.94298e-06 0.00872075)
(9.1324e-08 -8.69909e-06 0.00853336)
(2.06457e-06 -9.11084e-06 0.00865255)
(3.94265e-06 -9.80594e-06 0.00872697)
(5.71553e-06 -1.04912e-05 0.00876661)
(-9.98117e-07 -6.89242e-06 0.00852447)
(1.14929e-06 -7.61666e-06 0.00864216)
(3.14239e-06 -8.58876e-06 0.00871866)
(5.11619e-06 -9.53192e-06 0.0087617)
(-1.36749e-06 -4.76095e-06 0.00850408)
(6.74562e-07 -5.76445e-06 0.00861793)
(2.53688e-06 -6.98103e-06 0.00869728)
(4.50041e-06 -8.16237e-06 0.00874621)
(-8.63812e-07 -2.54571e-06 0.00847776)
(8.15541e-07 -3.6856e-06 0.00858244)
(2.32838e-06 -5.02703e-06 0.00866151)
(3.92309e-06 -6.39361e-06 0.00871461)
(6.85674e-08 -6.261e-06 0.00853007)
(1.49462e-06 -6.55516e-06 0.00864938)
(2.85024e-06 -7.05995e-06 0.00872403)
(4.13073e-06 -7.5645e-06 0.00876404)
(-7.15439e-07 -4.94756e-06 0.00852044)
(8.31242e-07 -5.46423e-06 0.00863825)
(2.26523e-06 -6.16527e-06 0.00871499)
(3.68725e-06 -6.85295e-06 0.0087584)
(-9.80735e-07 -3.4114e-06 0.0084995)
(4.85593e-07 -4.12624e-06 0.00861347)
(1.82241e-06 -4.99881e-06 0.00869302)
(3.23449e-06 -5.85285e-06 0.00874229)
(-6.23423e-07 -1.82527e-06 0.00847282)
(5.79021e-07 -2.63628e-06 0.0085776)
(1.66309e-06 -3.59466e-06 0.00865684)
(2.80883e-06 -4.57605e-06 0.00871019)
(5.07387e-08 -4.48402e-06 0.00852768)
(1.07559e-06 -4.69338e-06 0.00864708)
(2.04907e-06 -5.05758e-06 0.0087219)
(2.96932e-06 -5.42571e-06 0.00876216)
(-5.10983e-07 -3.5366e-06 0.00851754)
(5.97537e-07 -3.90386e-06 0.00863544)
(1.62456e-06 -4.40675e-06 0.00871234)
(2.64439e-06 -4.90453e-06 0.00875602)
(-7.012e-07 -2.43601e-06 0.00849622)
(3.47314e-07 -2.94355e-06 0.00861026)
(1.30307e-06 -3.56668e-06 0.00868997)
(2.3143e-06 -4.18058e-06 0.00873947)
(-4.48907e-07 -1.30519e-06 0.00846929)
(4.09152e-07 -1.88057e-06 0.00857415)
(1.18327e-06 -2.56287e-06 0.0086535)
(2.00319e-06 -3.26453e-06 0.00870703)
(3.68907e-08 -3.17323e-06 0.00852598)
(7.64325e-07 -3.32065e-06 0.00864543)
(1.45484e-06 -3.57992e-06 0.00872037)
(2.10808e-06 -3.84434e-06 0.00876081)
(-3.60908e-07 -2.4994e-06 0.00851548)
(4.242e-07 -2.75774e-06 0.00863343)
(1.15116e-06 -3.11408e-06 0.00871045)
(1.87389e-06 -3.46937e-06 0.00875431)
(-4.95927e-07 -1.7207e-06 0.00849389)
(2.45385e-07 -2.07739e-06 0.00860799)
(9.21016e-07 -2.51735e-06 0.0086878)
(1.63686e-06 -2.95309e-06 0.00873746)
(-3.19729e-07 -9.2352e-07 0.00846679)
(2.86032e-07 -1.3277e-06 0.0085717)
(8.328e-07 -1.80831e-06 0.00865114)
(1.41295e-06 -2.30424e-06 0.00870479)
(2.62234e-08 -2.18969e-06 0.00852477)
(5.29733e-07 -2.29118e-06 0.00864427)
(1.0072e-06 -2.47097e-06 0.00871929)
(1.45912e-06 -2.65559e-06 0.00875986)
(-2.48467e-07 -1.72307e-06 0.00851403)
(2.9398e-07 -1.90072e-06 0.00863202)
(7.9582e-07 -2.14693e-06 0.00870912)
(1.2952e-06 -2.39377e-06 0.00875311)
(-3.41961e-07 -1.18599e-06 0.00849226)
(1.69524e-07 -1.43106e-06 0.00860639)
(6.3548e-07 -1.73422e-06 0.00868628)
(1.12971e-06 -2.03561e-06 0.00873605)
(-2.21711e-07 -6.37603e-07 0.00846505)
(1.9581e-07 -9.15216e-07 0.00856999)
(5.72682e-07 -1.24582e-06 0.00864948)
(9.73088e-07 -1.58776e-06 0.00870322)
(1.82396e-08 -1.43878e-06 0.00852396)
(3.50615e-07 -1.50616e-06 0.00864348)
(6.64986e-07 -1.62512e-06 0.00871856)
(9.62619e-07 -1.74775e-06 0.00875921)
(-1.62179e-07 -1.13097e-06 0.00851305)
(1.95109e-07 -1.24844e-06 0.00863107)
(5.25062e-07 -1.41085e-06 0.00870823)
(8.53594e-07 -1.57413e-06 0.00875229)
(-2.23571e-07 -7.77834e-07 0.00849116)
(1.12675e-07 -9.39504e-07 0.00860532)
(4.188e-07 -1.13906e-06 0.00868525)
(7.43698e-07 -1.33774e-06 0.0087351)
(-1.45223e-07 -4.18307e-07 0.00846387)
(1.2885e-07 -6.01059e-07 0.00856884)
(3.76392e-07 -8.18408e-07 0.00864837)
(6.39457e-07 -1.0433e-06 0.00870216)
(1.2419e-08 -8.79828e-07 0.00852344)
(2.16155e-07 -9.23782e-07 0.00864298)
(4.07227e-07 -9.97972e-07 0.0087181)
(5.88292e-07 -1.0743e-06 0.0087588)
(-9.74982e-08 -6.91842e-07 0.00851244)
(1.20649e-07 -7.66644e-07 0.00863048)
(3.20728e-07 -8.67159e-07 0.00870766)
(5.20256e-07 -9.67966e-07 0.00875178)
(-1.35099e-07 -4.76862e-07 0.00849047)
(6.96338e-08 -5.78883e-07 0.00860465)
(2.54855e-07 -7.01783e-07 0.00868461)
(4.51926e-07 -8.23716e-07 0.0087345)
(-8.71971e-08 -2.57098e-07 0.00846314)
(7.96432e-08 -3.721e-07 0.00856813)
(2.29268e-07 -5.05554e-07 0.00864768)
(3.88455e-07 -6.43274e-07 0.0087015)
(2.70558e-09 -5.53319e-07 0.00852309)
(1.22873e-07 -5.88902e-07 0.00864264)
(2.40634e-07 -6.39231e-07 0.00871779)
(3.48225e-07 -6.89553e-07 0.00875852)
(-6.60941e-08 -4.33083e-07 0.00851201)
(6.06991e-08 -4.86622e-07 0.00863006)
(1.84367e-07 -5.53669e-07 0.00870728)
(3.01746e-07 -6.19504e-07 0.00875143)
(-8.90784e-08 -2.95863e-07 0.00848999)
(2.77189e-08 -3.64297e-07 0.00860418)
(1.41066e-07 -4.45373e-07 0.00868416)
(2.54271e-07 -5.24236e-07 0.00873409)
(-6.33297e-08 -1.62338e-07 0.00846262)
(2.98532e-08 -2.36764e-07 0.00856762)
(1.19544e-07 -3.23301e-07 0.00864719)
(2.08263e-07 -4.09837e-07 0.00870103)
)
;

boundaryField
{
    inlet
    {
        type            calculated;
        value           uniform (0 0 0.00911);
    }
    outlet
    {
        type            calculated;
        value           nonuniform List<vector> 
48
(
(4.35851e-07 -7.33309e-07 0.00877798)
(3.92807e-07 -6.74039e-07 0.00877418)
(3.44279e-07 -5.85414e-07 0.00876354)
(2.95806e-07 -4.75326e-07 0.00874019)
(5.07674e-07 -7.67603e-07 0.00878572)
(4.75771e-07 -7.15884e-07 0.00878391)
(4.36454e-07 -6.33872e-07 0.00877796)
(3.9147e-07 -5.28592e-07 0.00876363)
(5.57603e-07 -7.90926e-07 0.00878827)
(5.36856e-07 -7.46768e-07 0.00878748)
(5.08013e-07 -6.71781e-07 0.00878401)
(4.71782e-07 -5.71363e-07 0.00877436)
(5.8424e-07 -8.02458e-07 0.00878875)
(5.74584e-07 -7.66101e-07 0.00878836)
(5.56496e-07 -6.98833e-07 0.0087859)
(5.30425e-07 -6.04102e-07 0.00877825)
(2.41742e-07 -3.52398e-07 0.00870108)
(1.62793e-07 -2.63791e-07 0.00864724)
(8.20416e-08 -1.65095e-07 0.00856768)
(3.49786e-09 -7.10458e-08 0.00846269)
(3.36905e-07 -4.01388e-07 0.00873423)
(2.67075e-07 -2.76651e-07 0.00868433)
(1.93217e-07 -1.43604e-07 0.00860436)
(1.20699e-07 -1.50111e-08 0.0084902)
(4.26091e-07 -4.4484e-07 0.00875167)
(3.69885e-07 -3.05427e-07 0.00870755)
(3.10979e-07 -1.52824e-07 0.00863036)
(2.54388e-07 -2.33933e-09 0.00851235)
(4.97792e-07 -4.83826e-07 0.00875886)
(4.59453e-07 -3.44609e-07 0.00871817)
(4.19811e-07 -1.9059e-07 0.00864305)
(3.84587e-07 -3.59593e-08 0.00852354)
(2.70558e-09 -5.53319e-07 0.00852309)
(-6.60941e-08 -4.33083e-07 0.00851201)
(-8.90784e-08 -2.95863e-07 0.00848999)
(-6.33297e-08 -1.62338e-07 0.00846262)
(1.22873e-07 -5.88902e-07 0.00864264)
(6.06991e-08 -4.86622e-07 0.00863006)
(2.77189e-08 -3.64297e-07 0.00860418)
(2.98532e-08 -2.36764e-07 0.00856762)
(2.40634e-07 -6.39231e-07 0.00871779)
(1.84367e-07 -5.53669e-07 0.00870728)
(1.41066e-07 -4.45373e-07 0.00868416)
(1.19544e-07 -3.23301e-07 0.00864719)
(3.48225e-07 -6.89553e-07 0.00875852)
(3.01746e-07 -6.19504e-07 0.00875143)
(2.54271e-07 -5.24236e-07 0.00873409)
(2.08263e-07 -4.09837e-07 0.00870103)
)
;
    }
    wall
    {
        type            calculated;
        value           nonuniform List<vector> 
192
(
(-0.00733941 -0.0060233 0.0148973)
(-0.00192535 -0.00158009 0.0198929)
(-0.000593351 -0.00048695 0.0129524)
(-0.000343773 -0.000282127 0.0116129)
(-0.000184591 -0.00015149 0.0102287)
(-9.44313e-05 -7.74978e-05 0.00956216)
(-4.48103e-05 -3.67749e-05 0.00915724)
(-2.08115e-05 -1.70796e-05 0.00891573)
(-9.6203e-06 -7.89518e-06 0.00876412)
(-4.51594e-06 -3.70614e-06 0.00866669)
(-2.19965e-06 -1.8052e-06 0.00860251)
(-1.14581e-06 -9.40341e-07 0.0085594)
(-6.57601e-07 -5.39679e-07 0.00852998)
(-4.20957e-07 -3.45471e-07 0.00850962)
(-2.96027e-07 -2.42943e-07 0.00849539)
(-2.21487e-07 -1.8177e-07 0.00848534)
(-1.70892e-07 -1.40247e-07 0.00847821)
(-1.32946e-07 -1.09106e-07 0.00847314)
(-1.0273e-07 -8.43085e-08 0.00846952)
(-7.7848e-08 -6.38882e-08 0.00846696)
(-5.66629e-08 -4.65021e-08 0.00846517)
(-3.81865e-08 -3.13388e-08 0.00846397)
(-2.32808e-08 -1.9106e-08 0.00846323)
(-3.27502e-08 -2.68774e-08 0.00846269)
(-0.0320595 -0.0171361 0.0271641)
(-0.00640255 -0.00342224 0.0163989)
(-0.00060638 -0.000324117 0.0117152)
(3.43855e-05 1.83794e-05 0.0112783)
(0.000112491 6.01275e-05 0.0101965)
(9.37002e-05 5.00838e-05 0.00956705)
(7.16051e-05 3.82737e-05 0.00917658)
(5.18961e-05 2.77391e-05 0.00893764)
(3.66725e-05 1.96019e-05 0.00878729)
(2.55427e-05 1.36529e-05 0.00869075)
(1.76892e-05 9.45505e-06 0.00862737)
(1.22415e-05 6.54321e-06 0.00858494)
(8.49046e-06 4.53825e-06 0.00855606)
(5.91105e-06 3.15952e-06 0.00853612)
(4.13317e-06 2.20922e-06 0.00852219)
(2.90207e-06 1.55119e-06 0.00851237)
(2.04423e-06 1.09266e-06 0.0085054)
(1.44171e-06 7.7061e-07 0.00850043)
(1.0142e-06 5.42104e-07 0.00849689)
(7.06713e-07 3.77746e-07 0.00849438)
(4.81702e-07 2.57475e-07 0.00849263)
(3.13856e-07 1.67759e-07 0.00849145)
(1.90356e-07 1.01748e-07 0.00849072)
(8.76374e-08 4.68432e-08 0.0084902)
(-0.00537363 -0.00163007 0.0132446)
(-0.00270898 -0.000821759 0.0168309)
(1.10457e-05 3.35067e-06 0.0125926)
(0.000578359 0.000175443 0.0113929)
(0.000528323 0.000160265 0.0102489)
(0.000357728 0.000108516 0.00956246)
(0.000227098 6.88895e-05 0.00916272)
(0.000143558 4.35479e-05 0.00892842)
(9.21572e-05 2.79556e-05 0.00878595)
(6.02756e-05 1.82844e-05 0.00869636)
(4.01302e-05 1.21734e-05 0.00863821)
(2.71376e-05 8.23209e-06 0.00859945)
(1.85967e-05 5.64124e-06 0.00857307)
(1.2886e-05 3.90893e-06 0.00855482)
(9.01031e-06 2.73325e-06 0.00854202)
(6.345e-06 1.92473e-06 0.00853296)
(4.48988e-06 1.36199e-06 0.00852651)
(3.18354e-06 9.65717e-07 0.0085219)
(2.25206e-06 6.83155e-07 0.00851861)
(1.57776e-06 4.78608e-07 0.00851627)
(1.08032e-06 3.2771e-07 0.00851463)
(7.06178e-07 2.14217e-07 0.00851353)
(4.27508e-07 1.29683e-07 0.00851284)
(2.32302e-07 7.04682e-08 0.00851235)
(0.00120504 0.000118686 0.00860686)
(0.000532457 5.24425e-05 0.0139121)
(0.00121857 0.000120019 0.0103877)
(0.0013045 0.000128482 0.0100506)
(0.000937073 9.22936e-05 0.0095289)
(0.000582822 5.7403e-05 0.00918642)
(0.000352835 3.47512e-05 0.00896979)
(0.000217016 2.13742e-05 0.00882885)
(0.000137246 1.35175e-05 0.00873468)
(8.91932e-05 8.78477e-06 0.00867087)
(5.93211e-05 5.84262e-06 0.00862704)
(4.02003e-05 3.95938e-06 0.00859659)
(2.76545e-05 2.72373e-06 0.00857521)
(1.92523e-05 1.89619e-06 0.00856007)
(1.35288e-05 1.33247e-06 0.00854928)
(9.57363e-06 9.4292e-07 0.00854154)
(6.80596e-06 6.70328e-07 0.00853597)
(4.84623e-06 4.77312e-07 0.00853196)
(3.44124e-06 3.38933e-07 0.00852908)
(2.41884e-06 2.38235e-07 0.00852702)
(1.66066e-06 1.6356e-07 0.00852557)
(1.08764e-06 1.07123e-07 0.00852459)
(6.58784e-07 6.48846e-08 0.00852398)
(3.77385e-07 3.71691e-08 0.00852354)
(0.00011306 0.00114792 0.00770746)
(0.00216819 0.00714756 0.00674563)
(-0.00585021 -0.010945 -0.000236163)
(-0.00258383 -0.00314841 0.0110807)
(-0.000215887 -0.00219194 0.0135105)
(0.000133995 0.000441722 0.0137743)
(-0.0015471 -0.00289442 0.0153394)
(-0.00240183 -0.00292664 0.0158579)
(-0.000176432 -0.00179134 0.00943231)
(-0.000269113 -0.000887147 0.00855845)
(-0.000881591 -0.00164934 0.00860435)
(-0.00134844 -0.00164307 0.0106181)
(-0.000100909 -0.00102455 0.00943409)
(-0.000188062 -0.000619956 0.00917897)
(-0.000480095 -0.000898194 0.00948358)
(-0.000707071 -0.000861568 0.0104737)
(-6.16382e-05 -0.000625823 0.00911301)
(-0.000134961 -0.000444907 0.00907197)
(-0.000284239 -0.000531774 0.00925514)
(-0.000377062 -0.000459451 0.0096861)
(-4.01766e-05 -0.00040792 0.00892018)
(-9.61129e-05 -0.000316842 0.00896582)
(-0.000168427 -0.000315105 0.00909653)
(-0.000198481 -0.00024185 0.00930978)
(-2.70856e-05 -0.000275004 0.00880233)
(-6.78172e-05 -0.000223563 0.0088608)
(-0.000103806 -0.000194207 0.00894085)
(-0.000107975 -0.000131568 0.00903869)
(-1.85533e-05 -0.000188375 0.00872522)
(-4.70995e-05 -0.000155266 0.00877273)
(-6.56637e-05 -0.000122848 0.00881757)
(-6.11422e-05 -7.4502e-05 0.0088588)
(-1.28495e-05 -0.000130463 0.00867065)
(-3.25113e-05 -0.000107175 0.00870312)
(-4.25342e-05 -7.9576e-05 0.00872436)
(-3.61873e-05 -4.40943e-05 0.00873591)
(-8.97699e-06 -9.11449e-05 0.00863093)
(-2.24628e-05 -7.405e-05 0.00865063)
(-2.81203e-05 -5.26093e-05 0.00865666)
(-2.23289e-05 -2.72079e-05 0.00865218)
(-6.31737e-06 -6.41414e-05 0.00860167)
(-1.5602e-05 -5.1433e-05 0.00861191)
(-1.89391e-05 -3.54325e-05 0.00860819)
(-1.43053e-05 -1.74311e-05 0.00859472)
(-4.47348e-06 -4.542e-05 0.0085801)
(-1.09127e-05 -3.59742e-05 0.00858368)
(-1.29644e-05 -2.42547e-05 0.00857373)
(-9.46292e-06 -1.15306e-05 0.00855503)
(-3.18478e-06 -3.23356e-05 0.00856425)
(-7.68792e-06 -2.53437e-05 0.00856322)
(-8.99786e-06 -1.68338e-05 0.00854924)
(-6.42509e-06 -7.829e-06 0.00852741)
(-2.27763e-06 -2.31251e-05 0.00855262)
(-5.45202e-06 -1.79729e-05 0.00854844)
(-6.3161e-06 -1.18166e-05 0.0085318)
(-4.4524e-06 -5.42527e-06 0.00850805)
(-1.63485e-06 -1.65989e-05 0.00854411)
(-3.88797e-06 -1.28169e-05 0.00853776)
(-4.47346e-06 -8.36925e-06 0.00851937)
(-3.13299e-06 -3.81755e-06 0.00849438)
(-1.17653e-06 -1.19455e-05 0.00853789)
(-2.78427e-06 -9.1785e-06 0.00853004)
(-3.18934e-06 -5.96683e-06 0.00851046)
(-2.22859e-06 -2.71555e-06 0.00848468)
(-8.47677e-07 -8.6066e-06 0.00853336)
(-1.99872e-06 -6.58889e-06 0.00852447)
(-2.28317e-06 -4.27151e-06 0.00850408)
(-1.59604e-06 -1.94478e-06 0.00847776)
(-6.10071e-07 -6.19416e-06 0.00853007)
(-1.43464e-06 -4.72939e-06 0.00852044)
(-1.63617e-06 -3.06106e-06 0.0084995)
(-1.146e-06 -1.3964e-06 0.00847282)
(-4.36907e-07 -4.43599e-06 0.00852768)
(-1.02547e-06 -3.38053e-06 0.00851754)
(-1.16855e-06 -2.1862e-06 0.00849622)
(-8.20721e-07 -1.00005e-06 0.00846929)
(-3.09179e-07 -3.13915e-06 0.00852598)
(-7.24709e-07 -2.38905e-06 0.00851548)
(-8.25556e-07 -1.54451e-06 0.00849389)
(-5.81564e-07 -7.08638e-07 0.00846679)
(-2.13342e-07 -2.16609e-06 0.00852477)
(-4.99581e-07 -1.6469e-06 0.00851403)
(-5.69046e-07 -1.06461e-06 0.00849226)
(-4.01904e-07 -4.89722e-07 0.00846505)
(-1.40171e-07 -1.42318e-06 0.00852396)
(-3.27834e-07 -1.08072e-06 0.00851305)
(-3.73053e-07 -6.97934e-07 0.00849116)
(-2.6358e-07 -3.21174e-07 0.00846387)
(-8.57037e-08 -8.70164e-07 0.00852344)
(-2.00399e-07 -6.60627e-07 0.00851244)
(-2.28269e-07 -4.27062e-07 0.00849047)
(-1.61172e-07 -1.96389e-07 0.00846314)
(-5.39476e-08 -5.47739e-07 0.00852309)
(-1.25874e-07 -4.1495e-07 0.00851201)
(-1.42795e-07 -2.67151e-07 0.00848999)
(-1.05097e-07 -1.28061e-07 0.00846262)
)
;
    }
    procBoundary2to0
    {
        type            processor;
        value           nonuniform List<vector> 
192
(
(-0.00276546 -0.00333339 0.000580274)
(-0.000954363 0.000864994 0.00197368)
(-0.00236952 0.00159153 0.00116784)
(0.00242825 -0.00151445 0.000860039)
(-0.0016671 -0.00102955 0.011639)
(-0.00168747 -0.000222515 0.014231)
(-0.00123846 0.000466653 0.0161941)
(-0.00114796 1.61985e-05 0.0124222)
(-0.000698987 -0.00109927 0.0075307)
(-0.000605158 -0.00108967 0.00801199)
(-0.000196513 -0.000815895 0.00784194)
(-1.70897e-05 -0.000455649 0.00662653)
(6.60249e-05 -0.000836761 0.00866311)
(0.000210436 -0.000852891 0.00862185)
(0.00043196 -0.000715829 0.00832302)
(0.000472741 -0.000446745 0.00776261)
(0.000298981 -0.000586331 0.00883491)
(0.000413921 -0.000570106 0.0087316)
(0.000509051 -0.000491296 0.00852198)
(0.000483736 -0.000353295 0.00822999)
(0.000280452 -0.000412472 0.0088482)
(0.000352928 -0.000392727 0.00876165)
(0.000392934 -0.000347113 0.00862691)
(0.000364556 -0.000277347 0.00846743)
(0.000211492 -0.000292244 0.0088431)
(0.000253994 -0.000279177 0.00878287)
(0.00027256 -0.000253563 0.0086983)
(0.000253864 -0.000216564 0.00860646)
(0.000150881 -0.000208503 0.00883305)
(0.000175949 -0.000201353 0.00879426)
(0.000185794 -0.000187181 0.00874126)
(0.000175094 -0.000166765 0.00868537)
(0.000106519 -0.000149551 0.0088223)
(0.000121922 -0.000146057 0.00879853)
(0.000127929 -0.000138288 0.00876502)
(0.000122251 -0.00012673 0.00872956)
(7.53617e-05 -0.000107664 0.00881285)
(8.53055e-05 -0.000106187 0.00879917)
(8.94202e-05 -0.000101983 0.00877783)
(8.66357e-05 -9.53402e-05 0.00875461)
(5.36018e-05 -7.77154e-05 0.00880495)
(6.03131e-05 -7.72848e-05 0.00879802)
(6.33422e-05 -7.50648e-05 0.00878444)
(6.21414e-05 -7.12181e-05 0.00876888)
(3.83429e-05 -5.62169e-05 0.00879851)
(4.30303e-05 -5.62932e-05 0.00879612)
(4.53379e-05 -5.51719e-05 0.00878762)
(4.49593e-05 -5.29404e-05 0.00877705)
(2.75711e-05 -4.0739e-05 0.00879336)
(3.09229e-05 -4.10316e-05 0.00879406)
(3.27008e-05 -4.05108e-05 0.00878896)
(3.27184e-05 -3.92203e-05 0.00878174)
(1.99123e-05 -2.9567e-05 0.00878931)
(2.23447e-05 -2.9925e-05 0.00879214)
(2.37142e-05 -2.9724e-05 0.00878936)
(2.38991e-05 -2.89836e-05 0.00878444)
(1.4429e-05 -2.14824e-05 0.00878616)
(1.6209e-05 -2.1832e-05 0.00879048)
(1.72581e-05 -2.17938e-05 0.00878932)
(1.74934e-05 -2.13744e-05 0.008786)
(1.04776e-05 -1.56155e-05 0.00878375)
(1.17851e-05 -1.59245e-05 0.00878911)
(1.25828e-05 -1.59625e-05 0.00878908)
(1.28123e-05 -1.57295e-05 0.00878691)
(7.612e-06 -1.13433e-05 0.00878192)
(8.57278e-06 -1.16014e-05 0.00878802)
(9.17423e-06 -1.1669e-05 0.0087888)
(9.37411e-06 -1.15435e-05 0.00878745)
(5.5195e-06 -8.21836e-06 0.00878054)
(6.22335e-06 -8.4256e-06 0.00878717)
(6.67252e-06 -8.49882e-06 0.00878852)
(6.8359e-06 -8.43423e-06 0.00878776)
(3.97872e-06 -5.91726e-06 0.00877952)
(4.49048e-06 -6.07851e-06 0.00878653)
(4.82173e-06 -6.14553e-06 0.00878829)
(4.94976e-06 -6.1146e-06 0.00878795)
(2.83111e-06 -4.20514e-06 0.00877877)
(3.19773e-06 -4.32664e-06 0.00878605)
(3.4375e-06 -4.38246e-06 0.0087881)
(3.53413e-06 -4.36938e-06 0.00878807)
(1.96286e-06 -2.9114e-06 0.00877824)
(2.21827e-06 -2.99928e-06 0.0087857)
(2.3866e-06 -3.04238e-06 0.00878796)
(2.45617e-06 -3.03824e-06 0.00878814)
(1.29628e-06 -1.91944e-06 0.00877787)
(1.46537e-06 -1.97933e-06 0.00878546)
(1.57738e-06 -2.01009e-06 0.00878785)
(1.6241e-06 -2.01002e-06 0.00878818)
(7.93141e-07 -1.18133e-06 0.00877764)
(8.96263e-07 -1.21948e-06 0.0087853)
(9.64416e-07 -1.23994e-06 0.00878779)
(9.92458e-07 -1.24168e-06 0.0087882)
(4.72338e-07 -7.60572e-07 0.00877748)
(5.31982e-07 -7.87059e-07 0.0087852)
(5.70471e-07 -8.02422e-07 0.00878774)
(5.85329e-07 -8.05836e-07 0.00878822)
(0.000106736 0.00229804 0.000467175)
(0.00129466 0.0154635 0.00323811)
(0.00237151 0.0103273 0.00120308)
(-0.00149484 -0.000665243 0.000312761)
(-0.000395277 -0.000468572 0.00339464)
(-0.000677214 0.00140969 0.00739718)
(-0.00027057 0.000502877 0.0104026)
(-0.0008124 -0.000956021 0.0109643)
(-0.000284373 -0.00054842 0.00566507)
(-0.000541758 -0.000282943 0.00679344)
(-0.000414935 -0.000417117 0.00739069)
(-0.000490538 -0.000788528 0.00718147)
(-0.000101993 -0.000693277 0.00790114)
(-0.000206166 -0.000629997 0.00833149)
(-5.8506e-05 -0.0006182 0.00861334)
(2.83067e-05 -0.0007058 0.00860957)
(2.43642e-06 -0.000571375 0.00842156)
(-8.46914e-06 -0.00055752 0.00867738)
(9.65606e-05 -0.000547182 0.00883965)
(0.000200903 -0.000560534 0.00885811)
(3.04462e-05 -0.000411959 0.00859844)
(4.94236e-05 -0.000411541 0.00876237)
(0.000118873 -0.000411805 0.00886154)
(0.000198553 -0.000413557 0.00888002)
(3.204e-05 -0.000285844 0.00863983)
(5.68098e-05 -0.000288571 0.00877026)
(0.000103244 -0.000292876 0.00884614)
(0.0001566 -0.000295082 0.00886634)
(2.69201e-05 -0.000198501 0.00863407)
(4.94951e-05 -0.000201344 0.0087537)
(8.11968e-05 -0.000206311 0.00882246)
(0.000115937 -0.00020941 0.00884566)
(2.0927e-05 -0.000139202 0.00861479)
(3.91952e-05 -0.000141477 0.00873146)
(6.1217e-05 -0.000145886 0.00879914)
(8.40942e-05 -0.000149084 0.00882594)
(1.57033e-05 -9.8518e-05 0.00859452)
(2.97058e-05 -0.000100195 0.00871089)
(4.52062e-05 -0.000103748 0.00877953)
(6.05964e-05 -0.000106593 0.00880974)
(1.15836e-05 -7.01989e-05 0.00857704)
(2.20308e-05 -7.13966e-05 0.0086939)
(3.30386e-05 -7.41389e-05 0.00876396)
(4.36073e-05 -7.64933e-05 0.00879698)
(8.47371e-06 -5.02671e-05 0.00856306)
(1.61629e-05 -5.11133e-05 0.00868056)
(2.40314e-05 -5.3186e-05 0.00875191)
(3.14145e-05 -5.5061e-05 0.0087871)
(6.17485e-06 -3.61287e-05 0.00855229)
(1.17972e-05 -3.67256e-05 0.00867035)
(1.74513e-05 -3.82753e-05 0.00874275)
(2.26787e-05 -3.97357e-05 0.00877954)
(4.49275e-06 -2.60419e-05 0.00854416)
(8.59258e-06 -2.64641e-05 0.00866265)
(1.26731e-05 -2.76159e-05 0.00873583)
(1.64115e-05 -2.87372e-05 0.00877379)
(3.26736e-06 -1.88119e-05 0.00853808)
(6.25424e-06 -1.91117e-05 0.00865689)
(9.20892e-06 -1.99646e-05 0.00873066)
(1.19016e-05 -2.0817e-05 0.00876945)
(2.37551e-06 -1.3607e-05 0.00853358)
(4.55072e-06 -1.38208e-05 0.00865261)
(6.69488e-06 -1.44505e-05 0.0087268)
(8.64334e-06 -1.50933e-05 0.00876619)
(1.72544e-06 -9.8429e-06 0.00853025)
(3.30808e-06 -9.99584e-06 0.00864945)
(4.865e-06 -1.04592e-05 0.00872394)
(6.27781e-06 -1.09404e-05 0.00876376)
(1.24988e-06 -7.106e-06 0.00852781)
(2.39832e-06 -7.2154e-06 0.00864712)
(3.52682e-06 -7.5547e-06 0.00872183)
(4.55023e-06 -7.91211e-06 0.00876196)
(8.99816e-07 -5.10121e-06 0.00852603)
(1.72799e-06 -5.17916e-06 0.00864542)
(2.54125e-06 -5.42564e-06 0.00872028)
(3.2786e-06 -5.68822e-06 0.00876063)
(6.39489e-07 -3.61644e-06 0.00852474)
(1.22901e-06 -3.67139e-06 0.0086442)
(1.80755e-06 -3.84781e-06 0.00871917)
(2.33204e-06 -4.03745e-06 0.00875966)
(4.42964e-07 -2.49888e-06 0.00852383)
(8.52009e-07 -2.53678e-06 0.00864333)
(1.25299e-06 -2.65965e-06 0.00871837)
(1.61641e-06 -2.79264e-06 0.00875898)
(2.92432e-07 -1.64386e-06 0.00852321)
(5.63215e-07 -1.6694e-06 0.00864274)
(8.27777e-07 -1.75104e-06 0.00871783)
(1.06749e-06 -1.83972e-06 0.00875851)
(1.79697e-07 -1.00553e-06 0.00852282)
(3.46576e-07 -1.02386e-06 0.00864236)
(5.07734e-07 -1.07543e-06 0.00871749)
(6.53919e-07 -1.13115e-06 0.00875822)
(1.07625e-07 -6.32345e-07 0.00852255)
(2.07169e-07 -6.52768e-07 0.00864211)
(3.05505e-07 -6.88971e-07 0.00871726)
(3.9256e-07 -7.2648e-07 0.00875802)
)
;
    }
    procBoundary2to3
    {
        type            processor;
        value           nonuniform List<vector> 
192
(
(0.00150252 0.00313637 0.00696897)
(-0.0013825 0.0057031 0.00654904)
(-0.00896693 0.0174692 0.00499391)
(0.00201739 0.000837733 0.000203123)
(-0.000617378 0.00156085 0.00976718)
(-0.000585634 0.00262561 0.00980121)
(-0.00115964 0.00393278 0.015247)
(-0.00122891 0.00235801 0.0153119)
(0.000408367 -5.06492e-05 0.00631566)
(0.000749852 -0.000222146 0.00641021)
(0.000716489 -0.000194087 0.0072548)
(0.000277685 -0.000187361 0.00774289)
(0.000591715 -0.000388887 0.00748474)
(0.000819554 -0.000646689 0.00767437)
(0.000870347 -0.000746525 0.00803766)
(0.000717275 -0.000709651 0.00831093)
(0.000488469 -0.000369497 0.00806069)
(0.00060792 -0.000525547 0.00819326)
(0.000658233 -0.000596393 0.00839379)
(0.000634054 -0.000595605 0.00856331)
(0.000351067 -0.000294565 0.00838368)
(0.000413678 -0.000377078 0.00847076)
(0.000449869 -0.000416971 0.00858921)
(0.00045879 -0.000420409 0.00870204)
(0.000243862 -0.000226008 0.00856803)
(0.000278643 -0.000268721 0.00862812)
(0.000302406 -0.000289188 0.00870355)
(0.000314546 -0.000288313 0.00877826)
(0.000169991 -0.000171007 0.00866898)
(0.000190183 -0.000192816 0.00871187)
(0.000205111 -0.000202011 0.00876213)
(0.000214142 -0.000197742 0.00881067)
(0.000120186 -0.000128333 0.0087235)
(0.000132171 -0.000139207 0.0087545)
(0.000141255 -0.000142296 0.00878844)
(0.000146909 -0.000136602 0.00881906)
(8.6088e-05 -9.57454e-05 0.0087531)
(9.32646e-05 -0.000100935 0.00877556)
(9.86514e-05 -0.000101006 0.00879852)
(0.000101865 -9.52369e-05 0.00881701)
(6.22406e-05 -7.11376e-05 0.00876922)
(6.65475e-05 -7.34136e-05 0.00878546)
(6.96667e-05 -7.21891e-05 0.00880087)
(7.13436e-05 -6.70208e-05 0.00881117)
(4.52734e-05 -5.27033e-05 0.008778)
(4.78553e-05 -5.35262e-05 0.00878968)
(4.96163e-05 -5.18979e-05 0.00879984)
(5.03958e-05 -4.75706e-05 0.0088046)
(3.30562e-05 -3.89674e-05 0.00878278)
(3.45992e-05 -3.91006e-05 0.00879112)
(3.5563e-05 -3.74927e-05 0.00879759)
(3.58498e-05 -3.40146e-05 0.00879856)
(2.41885e-05 -2.87672e-05 0.00878537)
(2.51067e-05 -2.86024e-05 0.00879127)
(2.56116e-05 -2.719e-05 0.00879512)
(2.56458e-05 -2.44674e-05 0.00879348)
(1.77168e-05 -2.12072e-05 0.00878677)
(1.82602e-05 -2.09392e-05 0.00879087)
(1.85072e-05 -1.97725e-05 0.00879286)
(1.8425e-05 -1.76797e-05 0.00878939)
(1.2975e-05 -1.56077e-05 0.00878752)
(1.32943e-05 -1.53289e-05 0.0087903)
(1.34007e-05 -1.44004e-05 0.00879096)
(1.32757e-05 -1.28129e-05 0.00878621)
(9.48868e-06 -1.14576e-05 0.00878792)
(9.67451e-06 -1.12079e-05 0.00878974)
(9.70729e-06 -1.04875e-05 0.00878943)
(9.57715e-06 -9.29598e-06 0.00878377)
(6.91468e-06 -8.37504e-06 0.00878812)
(7.02152e-06 -8.16796e-06 0.00878924)
(7.01861e-06 -7.61992e-06 0.00878824)
(6.90089e-06 -6.73462e-06 0.00878193)
(5.00269e-06 -6.07484e-06 0.00878823)
(5.06326e-06 -5.91115e-06 0.00878884)
(5.04552e-06 -5.50202e-06 0.00878734)
(4.94709e-06 -4.85215e-06 0.00878057)
(3.56895e-06 -4.3433e-06 0.00878828)
(3.60266e-06 -4.21909e-06 0.00878852)
(3.58118e-06 -3.92046e-06 0.00878666)
(3.50352e-06 -3.45184e-06 0.00877957)
(2.47866e-06 -3.02141e-06 0.0087883)
(2.49686e-06 -2.93159e-06 0.00878828)
(2.47717e-06 -2.72076e-06 0.00878618)
(2.41925e-06 -2.39284e-06 0.00877886)
(1.63793e-06 -1.99941e-06 0.00878831)
(1.64715e-06 -1.93854e-06 0.00878812)
(1.63165e-06 -1.79749e-06 0.00878585)
(1.59131e-06 -1.57966e-06 0.00877837)
(9.99274e-07 -1.23535e-06 0.00878831)
(1.00331e-06 -1.19655e-06 0.00878801)
(9.92443e-07 -1.1083e-06 0.00878563)
(9.66685e-07 -9.73223e-07 0.00877806)
(5.86433e-07 -8.01927e-07 0.00878831)
(5.87942e-07 -7.74266e-07 0.00878793)
(5.808e-07 -7.15308e-07 0.00878548)
(5.65344e-07 -6.27485e-07 0.00877784)
(-0.00446923 0.00655953 0.00640502)
(-0.00813239 0.00502845 0.0082664)
(-0.000527494 -0.000354995 0.00390959)
(0.00666641 -0.000757722 0.000476136)
(-0.00252559 0.0019427 0.0129278)
(-0.00360592 0.00287959 0.0131364)
(-0.000617712 0.00264526 0.0111326)
(0.00196416 0.000972405 0.00709283)
(-0.000348483 -0.000133569 0.0080085)
(-0.000718301 0.000380033 0.00854279)
(1.4958e-05 0.000685178 0.00802322)
(0.000752676 0.000266932 0.00707347)
(0.000504433 -0.000649182 0.00849324)
(0.00039803 -0.00042669 0.00876028)
(0.000597676 -0.000120072 0.00877261)
(0.000830754 -3.83884e-05 0.00864993)
(0.00058169 -0.000562321 0.00869516)
(0.000557821 -0.000455319 0.00884646)
(0.000609827 -0.000270125 0.00890158)
(0.000674049 -0.000111326 0.00884551)
(0.000452837 -0.000395294 0.00879649)
(0.00045007 -0.000330957 0.00887471)
(0.000460514 -0.000219882 0.00889362)
(0.000474325 -9.54242e-05 0.00883444)
(0.000317725 -0.00026621 0.00883872)
(0.000317897 -0.000220893 0.00887151)
(0.000317769 -0.000150874 0.00885546)
(0.000319764 -6.74153e-05 0.0087785)
(0.000217568 -0.000179015 0.00884516)
(0.000217692 -0.000146213 0.0088505)
(0.000215437 -0.000100224 0.00881165)
(0.000214495 -4.56042e-05 0.00871897)
(0.000149013 -0.000121483 0.00883559)
(0.000148658 -9.77157e-05 0.00882417)
(0.000146235 -6.67337e-05 0.00877144)
(0.000144702 -3.07097e-05 0.00866848)
(0.000102814 -8.34269e-05 0.00882158)
(0.000102122 -6.62385e-05 0.00879977)
(9.99856e-05 -4.49716e-05 0.00873871)
(9.85023e-05 -2.08264e-05 0.00862949)
(7.1565e-05 -5.79815e-05 0.00880787)
(7.07352e-05 -4.55515e-05 0.00877955)
(6.89695e-05 -3.07406e-05 0.00871342)
(6.77064e-05 -1.42788e-05 0.00860043)
(5.02334e-05 -4.07389e-05 0.00879611)
(4.94093e-05 -3.1736e-05 0.00876363)
(4.79982e-05 -2.1301e-05 0.00869437)
(4.69816e-05 -9.90304e-06 0.00857907)
(3.55224e-05 -2.88935e-05 0.00878661)
(3.47812e-05 -2.23584e-05 0.00875143)
(3.36787e-05 -1.49372e-05 0.0086802)
(3.28869e-05 -6.94154e-06 0.00856347)
(2.52766e-05 -2.065e-05 0.00877919)
(2.46492e-05 -1.58958e-05 0.00874224)
(2.38018e-05 -1.05786e-05 0.00866972)
(2.31983e-05 -4.91016e-06 0.00855208)
(1.80757e-05 -1.48458e-05 0.00877351)
(1.75653e-05 -1.13812e-05 0.00873537)
(1.69223e-05 -7.55014e-06 0.00866201)
(1.64691e-05 -3.4988e-06 0.00854377)
(1.29725e-05 -1.07165e-05 0.00876922)
(1.25688e-05 -8.18948e-06 0.00873026)
(1.20859e-05 -5.41873e-06 0.00865634)
(1.17493e-05 -2.50659e-06 0.00853769)
(9.32743e-06 -7.75114e-06 0.00876602)
(9.01471e-06 -5.90879e-06 0.00872649)
(8.65527e-06 -3.90145e-06 0.00865218)
(8.40746e-06 -1.80146e-06 0.00853326)
(6.70248e-06 -5.60213e-06 0.00876364)
(6.46457e-06 -4.26247e-06 0.00872372)
(6.1994e-06 -2.80965e-06 0.00864913)
(6.01851e-06 -1.29509e-06 0.00853002)
(4.79409e-06 -4.02893e-06 0.00876189)
(4.61632e-06 -3.06107e-06 0.00872169)
(4.42288e-06 -2.01503e-06 0.00864692)
(4.2922e-06 -9.27336e-07 0.00852767)
(3.3891e-06 -2.86237e-06 0.00876062)
(3.2592e-06 -2.17249e-06 0.00872023)
(3.12046e-06 -1.42868e-06 0.00864532)
(3.02754e-06 -6.5657e-07 0.00852598)
(2.33699e-06 -1.98238e-06 0.00875972)
(2.24515e-06 -1.50368e-06 0.00871919)
(2.14848e-06 -9.88354e-07 0.0086442)
(2.08421e-06 -4.53672e-07 0.00852479)
(1.5355e-06 -1.30788e-06 0.0087591)
(1.47393e-06 -9.92029e-07 0.00871849)
(1.40988e-06 -6.52407e-07 0.00864343)
(1.36758e-06 -2.99171e-07 0.00852398)
(9.31745e-07 -8.04932e-07 0.00875871)
(8.93645e-07 -6.10982e-07 0.00871804)
(8.54601e-07 -4.03036e-07 0.00864295)
(8.29156e-07 -1.8435e-07 0.00852347)
(5.45008e-07 -5.18142e-07 0.00875844)
(5.23405e-07 -3.9203e-07 0.00871773)
(5.01935e-07 -2.52783e-07 0.00864261)
(4.87335e-07 -1.11568e-07 0.0085231)
)
;
    }
}


// ************************************************************************* //
