/*--------------------------------*- C++ -*----------------------------------*\
  =========                 |
  \\      /  F ield         | OpenFOAM: The Open Source CFD Toolbox
   \\    /   O peration     | Website:  https://openfoam.org
    \\  /    A nd           | Version:  6
     \\/     M anipulation  |
\*---------------------------------------------------------------------------*/
FoamFile
{
    version     2.0;
    format      ascii;
    class       volVectorField;
    location    "0.04";
    object      U;
}
// * * * * * * * * * * * * * * * * * * * * * * * * * * * * * * * * * * * * * //

dimensions      [0 1 -1 0 0 0 0];

internalField   nonuniform List<vector> 
1152
(
(0.000644966 -0.0010585 0.00237148)
(0.00341707 -0.000812165 0.00398383)
(0.00772058 -0.00209085 0.00129704)
(-0.00126054 -0.000122512 0.000132484)
(0.00180244 -0.000507801 0.0029498)
(0.00242961 -0.00038051 0.00145382)
(0.00109458 0.00123617 0.00126939)
(0.000936596 0.00265649 0.00271608)
(0.00180455 -0.00254466 0.0019237)
(0.00188959 -0.00357908 0.00045029)
(0.00134544 0.000737333 0.00141852)
(-0.00247151 0.0053401 0.00318604)
(0.000472989 -0.00102117 -9.91529e-05)
(0.000526423 -0.00113462 0.00103531)
(0.000532166 0.000822326 0.000307786)
(-0.0027071 0.00499023 0.0024063)
(-0.000686014 -0.00137667 0.0134096)
(-0.00060231 -0.000347269 0.0145476)
(-0.000183922 0.000149764 0.0169587)
(-0.00110134 0.000358947 0.0154613)
(0.00018848 -0.000562912 0.0196097)
(0.000367483 -8.48541e-05 0.0178534)
(-0.000288939 0.000464621 0.0177706)
(-0.000706527 0.00115927 0.0153619)
(2.32323e-05 -0.000127703 0.0191314)
(8.20224e-05 -0.000267352 0.0204732)
(-0.00065767 0.000698724 0.0206169)
(-0.0015221 0.00202581 0.0169351)
(0.000474561 -0.000970382 0.0155446)
(-0.000216149 -0.000300562 0.0157935)
(-0.00122755 0.000868201 0.0160507)
(-0.00237701 0.00172955 0.0142769)
(-0.000469022 -0.00153661 0.00841196)
(-0.000271775 -0.00127328 0.00860275)
(0.00023765 -0.000974639 0.00843747)
(0.000469939 -0.000638219 0.00726348)
(-0.00021798 -0.00138515 0.0097472)
(0.000150445 -0.00113839 0.00936513)
(0.000533403 -0.000866969 0.00899002)
(0.000807996 -0.000594766 0.00785728)
(7.49744e-06 -0.00118178 0.00978081)
(0.000317053 -0.00081519 0.00972031)
(0.000521035 -0.000436897 0.00958105)
(0.000657379 -0.000242593 0.00845976)
(0.000634246 -0.00144815 0.00924349)
(0.000626718 -0.000654904 0.00895296)
(0.000390608 -7.10573e-05 0.0087291)
(0.000165077 2.51285e-05 0.00811412)
(0.000140552 -0.00109561 0.00921304)
(0.000347936 -0.00102692 0.00910416)
(0.000649496 -0.000890524 0.0087572)
(0.000775021 -0.000678215 0.00807464)
(0.000178423 -0.00108327 0.00977743)
(0.000496613 -0.00100955 0.00957452)
(0.000817239 -0.000904412 0.00918133)
(0.000980513 -0.000780495 0.00845597)
(0.000236945 -0.000984145 0.0100672)
(0.000584742 -0.000831554 0.00985434)
(0.000864667 -0.000711483 0.00948806)
(0.000992285 -0.00067779 0.00878854)
(0.000453157 -0.00103688 0.010238)
(0.000725388 -0.000733308 0.00986066)
(0.000848421 -0.000537363 0.00939998)
(0.000841819 -0.000534482 0.00879907)
(0.000334381 -0.000719833 0.009171)
(0.000483242 -0.00068738 0.00903598)
(0.000619102 -0.000616731 0.00878841)
(0.000634625 -0.00050412 0.00842543)
(0.000337336 -0.000740715 0.00945245)
(0.000541009 -0.000714492 0.00930315)
(0.000703015 -0.000664651 0.00903268)
(0.000743364 -0.00059343 0.00863062)
(0.000344925 -0.000717583 0.00965757)
(0.00058057 -0.000664679 0.00950666)
(0.000744135 -0.000616174 0.009234)
(0.0007841 -0.00058457 0.00882643)
(0.000399884 -0.000730703 0.00981574)
(0.000631047 -0.000628827 0.00961559)
(0.000762317 -0.000562124 0.00931114)
(0.000766542 -0.000540862 0.00891927)
(0.000298234 -0.000476426 0.00906884)
(0.000390184 -0.000458147 0.00896565)
(0.000451062 -0.000418843 0.00880812)
(0.000440689 -0.000358754 0.00861285)
(0.00029655 -0.000493304 0.00922702)
(0.000415934 -0.000482864 0.00911928)
(0.000494595 -0.000456009 0.00894859)
(0.000498305 -0.000414634 0.00873082)
(0.000291022 -0.000483896 0.00936387)
(0.000432067 -0.000469589 0.00925624)
(0.000520557 -0.000448851 0.00908057)
(0.000530137 -0.000424159 0.00885341)
(0.000293527 -0.000472581 0.00948122)
(0.00044527 -0.000446866 0.00936281)
(0.000535362 -0.000427124 0.00917793)
(0.000540971 -0.000408941 0.00894755)
(0.000219712 -0.000322218 0.00900373)
(0.000273977 -0.000312623 0.00893518)
(0.000303914 -0.000290964 0.00883797)
(0.000294079 -0.000258286 0.00872776)
(0.000217536 -0.00033095 0.00909953)
(0.000286587 -0.00032755 0.00902964)
(0.000327469 -0.000313286 0.00892515)
(0.00032565 -0.000289542 0.00880229)
(0.000210428 -0.00032229 0.00918734)
(0.000292672 -0.000320877 0.00911977)
(0.000342051 -0.000312385 0.00901249)
(0.00034597 -0.000297164 0.00888269)
(0.000203018 -0.000303627 0.00926031)
(0.000293796 -0.00030105 0.00919597)
(0.0003493 -0.000296732 0.00908797)
(0.00035643 -0.000286619 0.0089544)
(0.000153991 -0.000221941 0.00896031)
(0.000186421 -0.000217526 0.00891742)
(0.000202864 -0.000205889 0.0088576)
(0.000197136 -0.000187875 0.00879208)
(0.000151619 -0.000224771 0.00902105)
(0.000192555 -0.000224578 0.00897833)
(0.000215671 -0.000217429 0.00891475)
(0.000214861 -0.000204157 0.00884228)
(0.000145393 -0.000215637 0.0090756)
(0.00019423 -0.000218234 0.00903668)
(0.000223285 -0.000215374 0.00897254)
(0.000226884 -0.000207081 0.0088961)
(0.000137673 -0.00019704 0.00911558)
(0.000191787 -0.000200962 0.00908438)
(0.000225894 -0.0002017 0.00902296)
(0.00023332 -0.000197245 0.0089449)
(0.000107081 -0.000154931 0.00892943)
(0.000127209 -0.000153347 0.00890368)
(0.000137254 -0.000147286 0.00886653)
(0.000134645 -0.000137275 0.0088259)
(0.000104634 -0.000154442 0.00896862)
(0.000129909 -0.000155633 0.00894394)
(0.000144115 -0.000152383 0.00890513)
(0.000144702 -0.000145156 0.00886079)
(9.95579e-05 -0.000145715 0.00900122)
(0.000129631 -0.000149209 0.00898107)
(0.000147765 -0.000148895 0.00894316)
(0.000151496 -0.000144785 0.00889692)
(9.32944e-05 -0.000129831 0.00901907)
(0.000126454 -0.000134896 0.00900809)
(0.000148059 -0.000137119 0.00897428)
(0.000154811 -0.000135715 0.0089281)
(7.47701e-05 -0.000109187 0.00890707)
(8.78065e-05 -0.000109027 0.00889252)
(9.44942e-05 -0.000106015 0.00886925)
(9.37198e-05 -0.000100448 0.0088432)
(7.24287e-05 -0.000107187 0.00893238)
(8.87018e-05 -0.000108855 0.00891941)
(9.80557e-05 -0.000107661 0.00889572)
(9.94262e-05 -0.000103851 0.00886776)
(6.83731e-05 -9.95341e-05 0.00895057)
(8.76263e-05 -0.000102867 0.00894246)
(9.95528e-05 -0.000103629 0.0089205)
(0.000103103 -0.000101843 0.00889193)
(6.35808e-05 -8.68774e-05 0.00895409)
(8.46242e-05 -9.14765e-05 0.00895554)
(9.88265e-05 -9.39225e-05 0.00893822)
(0.000104517 -9.39763e-05 0.00891071)
(5.25769e-05 -7.74967e-05 0.00889055)
(6.13454e-05 -7.79781e-05 0.00888333)
(6.60633e-05 -7.66051e-05 0.00886876)
(6.62255e-05 -7.35332e-05 0.00885163)
(5.04838e-05 -7.5047e-05 0.00890665)
(6.13462e-05 -7.67442e-05 0.00890131)
(6.78105e-05 -7.65749e-05 0.00888701)
(6.94366e-05 -7.46661e-05 0.008869)
(4.72905e-05 -6.8719e-05 0.00891535)
(6.00408e-05 -7.15621e-05 0.00891499)
(6.81966e-05 -7.26891e-05 0.00890287)
(7.13176e-05 -7.21215e-05 0.00888501)
(4.36916e-05 -5.89995e-05 0.00890961)
(5.7482e-05 -6.27515e-05 0.00891885)
(6.71135e-05 -6.4973e-05 0.0089116)
(7.1697e-05 -6.56322e-05 0.00889532)
(3.72385e-05 -5.53114e-05 0.00887821)
(4.33134e-05 -5.60235e-05 0.00887583)
(4.67542e-05 -5.55091e-05 0.00886685)
(4.73199e-05 -5.38446e-05 0.00885542)
(3.54595e-05 -5.29477e-05 0.0088881)
(4.29171e-05 -5.44767e-05 0.00888775)
(4.75219e-05 -5.47738e-05 0.00887943)
(4.90968e-05 -5.39014e-05 0.00886768)
(3.29756e-05 -4.7915e-05 0.0088905)
(4.16498e-05 -5.02191e-05 0.00889515)
(4.73761e-05 -5.13778e-05 0.00888925)
(4.99746e-05 -5.14063e-05 0.00887807)
(3.02892e-05 -4.06055e-05 0.00887876)
(3.95702e-05 -4.35314e-05 0.00889295)
(4.62563e-05 -4.53977e-05 0.00889198)
(4.9843e-05 -4.62381e-05 0.00888266)
(2.65482e-05 -3.96567e-05 0.00886896)
(3.08471e-05 -4.03953e-05 0.00886982)
(3.33983e-05 -4.03112e-05 0.00886453)
(3.40794e-05 -3.94383e-05 0.00885683)
(2.50895e-05 -3.76034e-05 0.0088746)
(3.03158e-05 -3.88961e-05 0.00887756)
(3.36537e-05 -3.93667e-05 0.00887313)
(3.5036e-05 -3.90429e-05 0.00886545)
(2.31766e-05 -3.3703e-05 0.00887279)
(2.91987e-05 -3.55181e-05 0.00888073)
(3.32877e-05 -3.65654e-05 0.00887882)
(3.5373e-05 -3.68533e-05 0.00887195)
(2.11756e-05 -2.82732e-05 0.00885713)
(2.75533e-05 -3.05051e-05 0.0088745)
(3.22714e-05 -3.20105e-05 0.00887753)
(3.5025e-05 -3.28348e-05 0.00887265)
(1.90327e-05 -2.8538e-05 0.00886202)
(2.21184e-05 -2.92105e-05 0.00886509)
(2.40223e-05 -2.93248e-05 0.00886228)
(2.46776e-05 -2.88922e-05 0.0088571)
(1.7867e-05 -2.68543e-05 0.00886474)
(2.15825e-05 -2.79064e-05 0.00886992)
(2.40243e-05 -2.84038e-05 0.00886808)
(2.51702e-05 -2.83566e-05 0.0088631)
(1.6406e-05 -2.38842e-05 0.00886007)
(2.0649e-05 -2.52892e-05 0.0088702)
(2.35989e-05 -2.61759e-05 0.00887092)
(2.52304e-05 -2.65478e-05 0.00886688)
(1.49171e-05 -1.98807e-05 0.00884181)
(1.93692e-05 -2.15631e-05 0.00886128)
(2.27358e-05 -2.27477e-05 0.00886692)
(2.4822e-05 -2.34749e-05 0.00886493)
(1.37054e-05 -2.05956e-05 0.00885684)
(1.59398e-05 -2.1168e-05 0.00886142)
(1.73621e-05 -2.13578e-05 0.00886031)
(1.79325e-05 -2.11654e-05 0.00885687)
(1.27911e-05 -1.92631e-05 0.00885752)
(1.54579e-05 -2.00978e-05 0.00886422)
(1.72516e-05 -2.05547e-05 0.00886412)
(1.81673e-05 -2.0635e-05 0.00886099)
(1.16831e-05 -1.70292e-05 0.00885091)
(1.47037e-05 -1.81035e-05 0.0088625)
(1.68443e-05 -1.88255e-05 0.00886498)
(1.80979e-05 -1.91951e-05 0.00886285)
(1.05764e-05 -1.40911e-05 0.0088309)
(1.37204e-05 -1.53502e-05 0.00885177)
(1.61401e-05 -1.6267e-05 0.00885912)
(1.77055e-05 -1.68732e-05 0.00885906)
(9.89948e-06 -1.48913e-05 0.00885298)
(1.15254e-05 -1.53589e-05 0.00885862)
(1.25857e-05 -1.5562e-05 0.00885868)
(1.30549e-05 -1.54962e-05 0.00885646)
(9.19302e-06 -1.38617e-05 0.00885224)
(1.11182e-05 -1.45119e-05 0.00885997)
(1.24369e-05 -1.49024e-05 0.00886107)
(1.31505e-05 -1.50306e-05 0.00885922)
(8.35802e-06 -1.21965e-05 0.00884428)
(1.05229e-05 -1.30106e-05 0.00885687)
(1.20807e-05 -1.35831e-05 0.00886055)
(1.30308e-05 -1.39124e-05 0.00885972)
(7.53671e-06 -1.00475e-05 0.00882308)
(9.7748e-06 -1.09851e-05 0.00884489)
(1.15214e-05 -1.1686e-05 0.00885341)
(1.26872e-05 -1.21737e-05 0.00885465)
(7.16003e-06 -1.07721e-05 0.00885012)
(8.34495e-06 -1.11432e-05 0.0088565)
(9.13212e-06 -1.13304e-05 0.00885738)
(9.50432e-06 -1.13276e-05 0.00885603)
(6.6209e-06 -9.99018e-06 0.00884837)
(8.01434e-06 -1.04892e-05 0.00885682)
(8.9824e-06 -1.08086e-05 0.00885876)
(9.52814e-06 -1.09442e-05 0.0088578)
(5.99565e-06 -8.75827e-06 0.00883947)
(7.55298e-06 -9.37017e-06 0.00885275)
(8.68689e-06 -9.81527e-06 0.00885726)
(9.39911e-06 -1.00913e-05 0.00885733)
(5.38789e-06 -7.19137e-06 0.00881747)
(6.98869e-06 -7.88617e-06 0.00883992)
(8.25159e-06 -8.41647e-06 0.00884923)
(9.11405e-06 -8.79922e-06 0.00885137)
(5.17266e-06 -7.7789e-06 0.00884801)
(6.03466e-06 -8.06689e-06 0.0088549)
(6.61536e-06 -8.2265e-06 0.00885637)
(6.90278e-06 -8.25146e-06 0.00885563)
(4.76616e-06 -7.19372e-06 0.00884555)
(5.774e-06 -7.57153e-06 0.00885451)
(6.48176e-06 -7.82461e-06 0.00885703)
(6.89257e-06 -7.9484e-06 0.00885669)
(4.3015e-06 -6.28927e-06 0.008836)
(5.42209e-06 -6.74523e-06 0.00884975)
(6.24545e-06 -7.08549e-06 0.00885483)
(6.77377e-06 -7.3077e-06 0.00885554)
(3.85395e-06 -5.15166e-06 0.00881343)
(5.00041e-06 -5.66357e-06 0.00883632)
(5.91248e-06 -6.06068e-06 0.00884618)
(6.54598e-06 -6.35509e-06 0.00884894)
(3.71747e-06 -5.58661e-06 0.00884646)
(4.34065e-06 -5.80534e-06 0.00885373)
(4.76486e-06 -5.93445e-06 0.00885561)
(4.98165e-06 -5.96839e-06 0.00885531)
(3.41523e-06 -5.15513e-06 0.0088435)
(4.14039e-06 -5.43693e-06 0.00885281)
(4.65379e-06 -5.63201e-06 0.00885575)
(4.95808e-06 -5.73626e-06 0.00885585)
(3.07357e-06 -4.49765e-06 0.00883349)
(3.87646e-06 -4.8336e-06 0.00884758)
(4.47048e-06 -5.08921e-06 0.00885305)
(4.85761e-06 -5.26233e-06 0.0088542)
(2.7468e-06 -3.67776e-06 0.00881053)
(3.5651e-06 -4.05153e-06 0.00883373)
(4.2203e-06 -4.34519e-06 0.00884397)
(4.6811e-06 -4.56727e-06 0.00884716)
(2.63882e-06 -3.96249e-06 0.00884534)
(3.08325e-06 -4.12446e-06 0.00885287)
(3.38813e-06 -4.22437e-06 0.00885504)
(3.54753e-06 -4.25763e-06 0.00885505)
(2.41849e-06 -3.65052e-06 0.00884202)
(2.93371e-06 -3.85643e-06 0.00885159)
(3.30069e-06 -4.00245e-06 0.00885481)
(3.52147e-06 -4.08518e-06 0.00885523)
(2.1715e-06 -3.18009e-06 0.0088317)
(2.74005e-06 -3.4233e-06 0.00884602)
(3.16288e-06 -3.6111e-06 0.00885177)
(3.44155e-06 -3.74165e-06 0.00885323)
(1.93657e-06 -2.59726e-06 0.00880846)
(2.51428e-06 -2.86596e-06 0.00883187)
(2.97909e-06 -3.07915e-06 0.00884238)
(3.309e-06 -3.24276e-06 0.00884587)
(1.82619e-06 -2.73968e-06 0.00884455)
(2.13473e-06 -2.85539e-06 0.00885226)
(2.34752e-06 -2.92901e-06 0.00885463)
(2.46079e-06 -2.95709e-06 0.00885486)
(1.6706e-06 -2.52103e-06 0.00884099)
(2.02727e-06 -2.66667e-06 0.00885072)
(2.28241e-06 -2.77179e-06 0.00885414)
(2.43758e-06 -2.83371e-06 0.00885478)
(1.49729e-06 -2.19383e-06 0.00883044)
(1.88985e-06 -2.36469e-06 0.00884492)
(2.18292e-06 -2.49808e-06 0.00885086)
(2.37761e-06 -2.59253e-06 0.00885254)
(1.33315e-06 -1.79041e-06 0.00880702)
(1.73109e-06 -1.97814e-06 0.00883057)
(2.05242e-06 -2.12822e-06 0.00884126)
(2.282e-06 -2.24466e-06 0.00884496)
(1.2047e-06 -1.80547e-06 0.00884401)
(1.40841e-06 -1.88366e-06 0.00885184)
(1.54932e-06 -1.93457e-06 0.00885435)
(1.62541e-06 -1.95587e-06 0.00885472)
(1.10056e-06 -1.65998e-06 0.00884028)
(1.3355e-06 -1.75766e-06 0.00885013)
(1.50404e-06 -1.82908e-06 0.00885369)
(1.60731e-06 -1.87229e-06 0.00885447)
(9.85093e-07 -1.4435e-06 0.00882959)
(1.24312e-06 -1.5575e-06 0.00884417)
(1.4363e-06 -1.64725e-06 0.00885025)
(1.56531e-06 -1.71164e-06 0.00885206)
(8.75992e-07 -1.1775e-06 0.00880604)
(1.13712e-06 -1.30226e-06 0.00882969)
(1.34858e-06 -1.40255e-06 0.0088405)
(1.50028e-06 -1.48102e-06 0.00884434)
(7.37018e-07 -1.11481e-06 0.00884367)
(8.61036e-07 -1.16415e-06 0.00885157)
(9.46779e-07 -1.19696e-06 0.00885417)
(9.93256e-07 -1.21185e-06 0.00885463)
(6.72407e-07 -1.02492e-06 0.00883984)
(8.14977e-07 -1.08577e-06 0.00884976)
(9.17496e-07 -1.13084e-06 0.0088534)
(9.80455e-07 -1.15876e-06 0.00885427)
(6.01479e-07 -8.91854e-07 0.00882905)
(7.57464e-07 -9.62013e-07 0.0088437)
(8.74784e-07 -1.01786e-06 0.00884986)
(9.53337e-07 -1.05846e-06 0.00885176)
(5.35063e-07 -7.28589e-07 0.00880544)
(6.92327e-07 -8.04442e-07 0.00882914)
(8.20355e-07 -8.66218e-07 0.00884002)
(9.12531e-07 -9.15202e-07 0.00884395)
(4.38268e-07 -7.27579e-07 0.00884344)
(5.10469e-07 -7.61546e-07 0.00885139)
(5.60606e-07 -7.84683e-07 0.00885405)
(5.87313e-07 -7.96108e-07 0.00885457)
(3.9533e-07 -6.68305e-07 0.00883953)
(4.78726e-07 -7.09931e-07 0.0088495)
(5.39962e-07 -7.40695e-07 0.0088532)
(5.77694e-07 -7.59995e-07 0.00885413)
(3.46951e-07 -5.79832e-07 0.00882868)
(4.39513e-07 -6.28234e-07 0.00884338)
(5.11171e-07 -6.66124e-07 0.00884958)
(5.59588e-07 -6.93201e-07 0.00885155)
(2.98646e-07 -4.70062e-07 0.008805)
(3.94584e-07 -5.23364e-07 0.00882875)
(4.74947e-07 -5.66236e-07 0.00883969)
(5.33466e-07 -5.99143e-07 0.00884367)
(-0.000107425 0.00302236 9.90128e-05)
(5.19652e-05 -0.00104106 0.000201394)
(-0.000137054 0.00989715 0.00266826)
(-0.00771206 0.0060803 0.00653853)
(-0.000271953 -0.00157414 0.00646575)
(0.000384839 -0.000929322 0.000712795)
(0.00104934 0.0127668 0.00402012)
(-0.013789 0.00545634 0.00715232)
(-0.00232107 -0.00327008 0.0119782)
(-0.0109407 -0.00533431 0.0112367)
(-0.00232599 0.00522393 0.00730027)
(-0.00377122 0.0160596 0.00185481)
(-0.00699507 -0.00625415 0.0149633)
(-0.0300267 -0.018231 0.026549)
(-0.00619847 0.00151271 0.013451)
(0.0013209 0.00236964 0.0085532)
(0.00103139 -0.00267594 0.0158499)
(-0.000152009 -0.0011036 0.0138871)
(-0.00210414 0.00098183 0.009163)
(-0.00397795 0.00141045 0.0110347)
(0.001251 -0.00394695 0.0178983)
(3.0875e-06 -0.00249511 0.0138739)
(-0.00206273 0.000266748 0.00536183)
(-0.00497284 0.00194489 0.0106537)
(0.000192295 -0.00362676 0.0187494)
(-0.00262161 -0.00308798 0.015712)
(-0.00190905 -0.000438024 0.0170169)
(-0.00196725 0.00233925 0.0122859)
(-0.00135923 -0.00235432 0.0198057)
(-0.0063478 -0.00360107 0.0164921)
(-0.00276355 -0.000630502 0.0169116)
(0.0006075 0.000311251 0.0139188)
(0.000960301 -0.0016444 0.0100272)
(0.000900302 -0.000760522 0.00906355)
(0.000217961 -0.000162182 0.00804638)
(-0.000387573 1.72801e-05 0.00792159)
(0.000886499 -0.00188004 0.0113017)
(0.000939919 -0.00115454 0.0101392)
(0.000287902 -0.000594344 0.00875717)
(-0.000464956 3.83553e-05 0.00845981)
(0.000459278 -0.00166355 0.0124132)
(0.000360956 -0.00110945 0.0116121)
(0.00034365 -0.000668402 0.0117404)
(0.000434209 5.16543e-05 0.00947315)
(-0.000207875 -0.000943242 0.0129984)
(-0.000426186 -0.000660144 0.0117377)
(0.000105944 -0.000271285 0.0125874)
(0.00124434 3.71122e-06 0.0103783)
(0.000556417 -0.00105243 0.0106657)
(0.000820841 -0.000752243 0.0101068)
(0.000843665 -0.000587271 0.00944621)
(0.000715103 -0.000528288 0.00883892)
(0.000431188 -0.00107385 0.0111143)
(0.000768739 -0.000789473 0.0106394)
(0.000884851 -0.000722399 0.0100053)
(0.000773982 -0.000520761 0.00917088)
(0.000185893 -0.000863085 0.0114781)
(0.000496817 -0.000550137 0.011179)
(0.000847679 -0.000541444 0.0109443)
(0.00108393 -0.000340482 0.00968042)
(-0.000147676 -0.000489674 0.0116758)
(0.000167539 -0.000178048 0.0113237)
(0.000672987 -8.51342e-05 0.0114062)
(0.00132536 -3.73702e-05 0.0100626)
(0.000398028 -0.000669627 0.0100092)
(0.000644973 -0.000582654 0.00979138)
(0.000778196 -0.000553348 0.00944553)
(0.000758112 -0.000521786 0.00901717)
(0.000282245 -0.000621318 0.0101738)
(0.000566276 -0.000517539 0.0100463)
(0.000777994 -0.000534845 0.00975509)
(0.000804099 -0.000474647 0.00922053)
(0.000127306 -0.000477652 0.010278)
(0.000400799 -0.00032355 0.0102341)
(0.000719854 -0.000346512 0.0101219)
(0.000901199 -0.000304328 0.00945366)
(-6.92491e-05 -0.000267843 0.0102912)
(0.000206616 -7.32231e-05 0.0102478)
(0.000597541 -2.27336e-05 0.010282)
(0.000955879 -4.00796e-05 0.00955896)
(0.000268136 -0.000403119 0.00958571)
(0.000432353 -0.00038818 0.00948067)
(0.000541371 -0.00039416 0.00929415)
(0.000551892 -0.000381876 0.00904043)
(0.000183981 -0.000351547 0.00965036)
(0.000367702 -0.00031527 0.00959995)
(0.00052529 -0.000336345 0.00945022)
(0.000571646 -0.000324556 0.00915084)
(8.57657e-05 -0.000257937 0.00966524)
(0.00026781 -0.00018598 0.00965837)
(0.000477804 -0.00020061 0.00958407)
(0.000592641 -0.000201741 0.00923329)
(-2.97278e-05 -0.00014061 0.00962407)
(0.000152022 -3.24697e-05 0.00962169)
(0.000400986 -2.77219e-06 0.00960765)
(0.000595903 -2.86435e-05 0.00922853)
(0.00017984 -0.000246707 0.00930775)
(0.000278483 -0.000250589 0.0092629)
(0.000348264 -0.000261229 0.00916328)
(0.000363606 -0.000258632 0.00901924)
(0.00012456 -0.000205644 0.00931955)
(0.000235018 -0.000192694 0.00930873)
(0.000331736 -0.000207284 0.00923267)
(0.000368785 -0.000208917 0.00906985)
(6.328e-05 -0.00014424 0.00929005)
(0.000175576 -0.000108341 0.0093027)
(0.000299141 -0.000116372 0.00925984)
(0.000368777 -0.000126292 0.00907799)
(-6.3419e-06 -7.36352e-05 0.00921918)
(0.000107297 -1.27419e-05 0.00923388)
(0.000252995 2.98857e-06 0.00921502)
(0.000360994 -1.85839e-05 0.00901986)
(0.000120506 -0.00015459 0.00912923)
(0.000179345 -0.000162358 0.00911615)
(0.000222356 -0.000171571 0.00906454)
(0.000236313 -0.00017314 0.00898328)
(8.47065e-05 -0.000124517 0.00911383)
(0.000151167 -0.000120281 0.00912227)
(0.000208959 -0.000129846 0.00908615)
(0.00023565 -0.00013494 0.0089984)
(4.59065e-05 -8.37276e-05 0.0090629)
(0.000115058 -6.4919e-05 0.00908403)
(0.000187265 -6.96489e-05 0.00906393)
(0.000230502 -7.97191e-05 0.00896949)
(2.80854e-06 -3.94763e-05 0.00897813)
(7.39738e-05 -4.19931e-06 0.00899709)
(0.000159129 3.85837e-06 0.00898511)
(0.000221979 -1.20581e-05 0.0088841)
(8.12476e-05 -9.92804e-05 0.00901258)
(0.000117174 -0.000106616 0.00901745)
(0.00014413 -0.000113691 0.00899299)
(0.000155386 -0.000116562 0.00894717)
(5.78264e-05 -7.79569e-05 0.00898194)
(9.87417e-05 -7.69101e-05 0.00900126)
(0.000134015 -8.33006e-05 0.00898803)
(0.000152862 -8.85855e-05 0.00894116)
(3.27659e-05 -5.06235e-05 0.00891943)
(7.60996e-05 -4.01694e-05 0.00894576)
(0.000119454 -4.32007e-05 0.00894145)
(0.000147308 -5.14499e-05 0.0088929)
(5.34605e-06 -2.20276e-05 0.0088271)
(5.06146e-05 -8.17278e-07 0.00884836)
(0.000101739 3.31386e-06 0.00884542)
(0.000140301 -7.95829e-06 0.00879327)
(5.52179e-05 -6.51831e-05 0.00893543)
(7.78431e-05 -7.11099e-05 0.00895086)
(9.52764e-05 -7.63853e-05 0.00894224)
(0.000103959 -7.9338e-05 0.00891673)
(3.962e-05 -5.0235e-05 0.00889593)
(6.55235e-05 -5.03064e-05 0.00892171)
(8.78092e-05 -5.47071e-05 0.00892206)
(0.000101154 -5.92172e-05 0.00889793)
(2.30809e-05 -3.17549e-05 0.00882683)
(5.08485e-05 -2.56228e-05 0.00885648)
(7.78595e-05 -2.76883e-05 0.00886265)
(9.64324e-05 -3.39607e-05 0.00883897)
(5.20148e-06 -1.28786e-05 0.00873022)
(3.45333e-05 3.31608e-07 0.008753)
(6.63337e-05 2.51365e-06 0.00875764)
(9.11205e-05 -5.34207e-06 0.00873162)
(3.78659e-05 -4.36404e-05 0.00888349)
(5.25427e-05 -4.81568e-05 0.00890535)
(6.41577e-05 -5.2063e-05 0.00890626)
(7.07137e-05 -5.46573e-05 0.00889275)
(2.729e-05 -3.31784e-05 0.00883865)
(4.41319e-05 -3.35759e-05 0.00886844)
(5.86816e-05 -3.6681e-05 0.00887709)
(6.81905e-05 -4.02558e-05 0.00886606)
(1.61573e-05 -2.05693e-05 0.00876567)
(3.43459e-05 -1.67913e-05 0.00879755)
(5.17707e-05 -1.82496e-05 0.00881058)
(6.4479e-05 -2.2869e-05 0.00880091)
(4.24335e-06 -7.8972e-06 0.0086665)
(2.36043e-05 5.98001e-07 0.00869045)
(4.40613e-05 1.80478e-06 0.00870067)
(6.05687e-05 -3.64517e-06 0.00868918)
(2.61989e-05 -2.97133e-05 0.00884799)
(3.59655e-05 -3.30712e-05 0.00887386)
(4.38927e-05 -3.59608e-05 0.00888064)
(4.8787e-05 -3.80896e-05 0.00887445)
(1.89127e-05 -2.237e-05 0.00879985)
(3.01208e-05 -2.28061e-05 0.00883219)
(3.98821e-05 -2.50332e-05 0.008846)
(4.6697e-05 -2.77722e-05 0.0088428)
(1.12896e-05 -1.36872e-05 0.0087245)
(2.34445e-05 -1.12616e-05 0.0087579)
(3.50182e-05 -1.23097e-05 0.00877538)
(4.38745e-05 -1.56651e-05 0.00877394)
(3.20218e-06 -5.0618e-06 0.00862376)
(1.62048e-05 5.5408e-07 0.00864863)
(2.97477e-05 1.26017e-06 0.00866271)
(4.10272e-05 -2.52524e-06 0.00865964)
(1.82792e-05 -2.05215e-05 0.00882339)
(2.49153e-05 -2.29918e-05 0.00885183)
(3.04248e-05 -2.51303e-05 0.00886232)
(3.40541e-05 -2.68163e-05 0.00886071)
(1.3192e-05 -1.53429e-05 0.00877318)
(2.07976e-05 -1.57247e-05 0.00880717)
(2.74865e-05 -1.73387e-05 0.00882426)
(3.23925e-05 -1.94023e-05 0.00882588)
(7.89679e-06 -9.3108e-06 0.00869636)
(1.61619e-05 -7.70116e-06 0.00873079)
(2.40285e-05 -8.46065e-06 0.00875117)
(3.02797e-05 -1.08856e-05 0.00875473)
(2.32086e-06 -3.37027e-06 0.00859463)
(1.1189e-05 4.28468e-07 0.00862017)
(2.0364e-05 8.66758e-07 0.00863688)
(2.82136e-05 -1.77317e-06 0.00863887)
(1.28504e-05 -1.43416e-05 0.00880616)
(1.74343e-05 -1.61516e-05 0.00883626)
(2.13145e-05 -1.7735e-05 0.00884915)
(2.39938e-05 -1.90426e-05 0.0088505)
(9.26008e-06 -1.06708e-05 0.00875462)
(1.45033e-05 -1.09785e-05 0.0087897)
(1.91602e-05 -1.21557e-05 0.00880891)
(2.2704e-05 -1.36966e-05 0.0088136)
(5.5388e-06 -6.44615e-06 0.00867686)
(1.12411e-05 -5.35075e-06 0.008712)
(1.66828e-05 -5.90303e-06 0.00873429)
(2.11353e-05 -7.65401e-06 0.00874099)
(1.64509e-06 -2.31343e-06 0.0085745)
(7.77404e-06 3.04035e-07 0.00860054)
(1.41022e-05 5.91276e-07 0.00861899)
(1.96367e-05 -1.25946e-06 0.00862415)
(9.09271e-06 -1.01183e-05 0.00879399)
(1.22993e-05 -1.14426e-05 0.00882519)
(1.50577e-05 -1.26148e-05 0.00883965)
(1.70294e-05 -1.36154e-05 0.00884294)
(6.5377e-06 -7.5037e-06 0.00874158)
(1.01975e-05 -7.74249e-06 0.00877738)
(1.34775e-05 -8.60414e-06 0.00879798)
(1.60433e-05 -9.7488e-06 0.00880467)
(3.89858e-06 -4.52403e-06 0.00866321)
(7.87918e-06 -3.76463e-06 0.00869884)
(1.16927e-05 -4.16682e-06 0.00872238)
(1.48841e-05 -5.43216e-06 0.00873111)
(1.15188e-06 -1.62463e-06 0.00856043)
(5.43408e-06 2.049e-07 0.00858683)
(9.85808e-06 4.01612e-07 0.00860646)
(1.37964e-05 -9.02768e-07 0.00861364)
(6.46695e-06 -7.19004e-06 0.00878533)
(8.73095e-06 -8.15843e-06 0.00881727)
(1.07041e-05 -9.02535e-06 0.00883278)
(1.21509e-05 -9.78331e-06 0.00883738)
(4.63784e-06 -5.32045e-06 0.00873235)
(7.2163e-06 -5.50212e-06 0.00876863)
(9.54522e-06 -6.13387e-06 0.00879016)
(1.14053e-05 -6.981e-06 0.00879818)
(2.75365e-06 -3.20695e-06 0.00865357)
(5.55737e-06 -2.67356e-06 0.00868954)
(8.2548e-06 -2.96653e-06 0.00871392)
(1.05517e-05 -3.88188e-06 0.00872399)
(8.01322e-07 -1.15913e-06 0.00855051)
(3.81862e-06 1.33195e-07 0.00857717)
(6.94182e-06 2.72235e-07 0.00859759)
(9.76189e-06 -6.5136e-07 0.0086061)
(4.61486e-06 -5.13307e-06 0.00877914)
(6.22293e-06 -5.84047e-06 0.00881158)
(7.63913e-06 -6.48018e-06 0.0088278)
(8.69764e-06 -7.04947e-06 0.0088333)
(3.30082e-06 -3.79304e-06 0.00872577)
(5.12875e-06 -3.92959e-06 0.00876239)
(6.79054e-06 -4.39263e-06 0.00878454)
(8.13891e-06 -5.01724e-06 0.00879346)
(1.95009e-06 -2.28816e-06 0.00864673)
(3.93693e-06 -1.91036e-06 0.00868292)
(5.85612e-06 -2.12359e-06 0.00870787)
(7.51243e-06 -2.7859e-06 0.00871884)
(5.55562e-07 -8.3508e-07 0.00854347)
(2.69399e-06 8.41258e-08 0.00857031)
(4.91288e-06 1.84372e-07 0.00859127)
(6.93926e-06 -4.71741e-07 0.00860068)
(3.29568e-06 -3.67029e-06 0.00877471)
(4.44065e-06 -4.18558e-06 0.00880749)
(5.45738e-06 -4.65559e-06 0.0088242)
(6.22831e-06 -5.07938e-06 0.00883031)
(2.35123e-06 -2.70984e-06 0.00872108)
(3.6506e-06 -2.81151e-06 0.00875792)
(4.83818e-06 -3.14993e-06 0.0087805)
(5.81346e-06 -3.60813e-06 0.00879003)
(1.38197e-06 -1.63704e-06 0.00864185)
(2.79375e-06 -1.3684e-06 0.00867821)
(4.16235e-06 -1.52316e-06 0.00870354)
(5.35588e-06 -2.00154e-06 0.00871512)
(3.84212e-07 -6.04049e-07 0.00853846)
(1.90367e-06 5.17535e-08 0.00856543)
(3.4843e-06 1.24731e-07 0.00858675)
(4.94092e-06 -3.41801e-07 0.00859676)
(2.34562e-06 -2.6167e-06 0.00877155)
(3.15892e-06 -2.98961e-06 0.00880456)
(3.88586e-06 -3.33218e-06 0.00882161)
(4.44305e-06 -3.64407e-06 0.00882814)
(1.66948e-06 -1.93107e-06 0.00871773)
(2.59124e-06 -2.00596e-06 0.00875472)
(3.4373e-06 -2.25159e-06 0.0087776)
(4.13854e-06 -2.58492e-06 0.00878756)
(9.7641e-07 -1.16857e-06 0.00863837)
(1.97758e-06 -9.77845e-07 0.00867484)
(2.95109e-06 -1.08945e-06 0.00870044)
(3.80699e-06 -1.43309e-06 0.00871244)
(2.64618e-07 -4.35986e-07 0.0085349)
(1.34206e-06 3.09489e-08 0.00856195)
(2.46556e-06 8.40958e-08 0.00858353)
(3.50841e-06 -2.46622e-07 0.00859395)
(1.65184e-06 -1.84627e-06 0.0087693)
(2.22376e-06 -2.11258e-06 0.00880247)
(2.73757e-06 -2.35855e-06 0.00881975)
(3.13459e-06 -2.58408e-06 0.00882657)
(1.17326e-06 -1.36228e-06 0.00871535)
(1.8208e-06 -1.41656e-06 0.00875245)
(2.41718e-06 -1.59238e-06 0.00877553)
(2.91493e-06 -1.83127e-06 0.00878578)
(6.83094e-07 -8.25855e-07 0.00863591)
(1.38626e-06 -6.91783e-07 0.00867245)
(2.07173e-06 -7.71235e-07 0.00869823)
(2.67817e-06 -1.01504e-06 0.00871052)
(1.8057e-07 -3.11318e-07 0.00853237)
(9.37232e-07 1.78421e-08 0.00855948)
(1.72794e-06 5.61438e-08 0.00858123)
(2.46608e-06 -1.75921e-07 0.00859194)
(1.13622e-06 -1.27217e-06 0.00876772)
(1.52896e-06 -1.45735e-06 0.00880101)
(1.88314e-06 -1.62909e-06 0.00881845)
(2.15843e-06 -1.78734e-06 0.00882547)
(8.05797e-07 -9.38722e-07 0.00871369)
(1.25016e-06 -9.76969e-07 0.00875087)
(1.66043e-06 -1.09949e-06 0.00877408)
(2.00461e-06 -1.26603e-06 0.00878453)
(4.67509e-07 -5.70104e-07 0.0086342)
(9.49985e-07 -4.78136e-07 0.00867079)
(1.42122e-06 -5.33327e-07 0.00869669)
(1.84008e-06 -7.01978e-07 0.00870918)
(1.21029e-07 -2.16722e-07 0.00853061)
(6.40178e-07 9.78582e-09 0.00855776)
(1.18364e-06 3.65939e-08 0.00857963)
(1.69323e-06 -1.22526e-07 0.00859053)
(7.46089e-07 -8.37019e-07 0.00876666)
(1.00335e-06 -9.5969e-07 0.00880002)
(1.23594e-06 -1.07362e-06 0.00881756)
(1.41737e-06 -1.17894e-06 0.00882472)
(5.28683e-07 -6.17585e-07 0.00871258)
(8.19612e-07 -6.43514e-07 0.0087498)
(1.08866e-06 -7.24831e-07 0.00877311)
(1.31505e-06 -8.35254e-07 0.00878368)
(3.06081e-07 -3.75554e-07 0.00863304)
(6.21952e-07 -3.15984e-07 0.00866967)
(9.30912e-07 -3.52774e-07 0.00869565)
(1.20629e-06 -4.64027e-07 0.00870827)
(7.82743e-08 -1.4331e-07 0.00852943)
(4.17898e-07 4.78961e-09 0.00855661)
(7.74234e-07 2.24151e-08 0.00857855)
(1.10937e-06 -8.1827e-08 0.00858957)
(4.54423e-07 -5.20721e-07 0.008766)
(6.10949e-07 -5.94608e-07 0.0087994)
(7.51316e-07 -6.64213e-07 0.00881701)
(8.61155e-07 -7.28778e-07 0.00882425)
(3.2231e-07 -3.84346e-07 0.00871188)
(4.99021e-07 -3.9967e-07 0.00874914)
(6.6122e-07 -4.49614e-07 0.00877249)
(7.98196e-07 -5.17265e-07 0.00878315)
(1.8748e-07 -2.35713e-07 0.00863232)
(3.79019e-07 -1.99422e-07 0.00866897)
(5.65276e-07 -2.221e-07 0.008695)
(7.31923e-07 -2.89778e-07 0.00870769)
(4.84055e-08 -9.00611e-08 0.00852869)
(2.54405e-07 -1.4024e-11 0.00855589)
(4.69762e-07 1.04261e-08 0.00857787)
(6.73028e-07 -5.28447e-08 0.00858897)
(2.4522e-07 -3.48027e-07 0.00876553)
(3.40228e-07 -3.97235e-07 0.00879897)
(4.29321e-07 -4.40803e-07 0.00881662)
(5.00811e-07 -4.79866e-07 0.00882392)
(1.66071e-07 -2.59733e-07 0.00871139)
(2.70383e-07 -2.72888e-07 0.00874866)
(3.73162e-07 -3.02014e-07 0.00877206)
(4.62495e-07 -3.41535e-07 0.00878277)
(8.48454e-08 -1.61897e-07 0.00863181)
(1.96323e-07 -1.40632e-07 0.00866847)
(3.14205e-07 -1.50284e-07 0.00869454)
(4.22874e-07 -1.88518e-07 0.00870729)
(6.03937e-09 -6.86249e-08 0.00852816)
(1.23761e-07 -1.28989e-08 0.00855536)
(2.57719e-07 -7.70286e-10 0.00857738)
(3.87876e-07 -3.50343e-08 0.00858854)
(-0.00124543 0.00143992 0.00775602)
(0.00456533 0.00785172 -0.00247623)
(0.000496705 0.00400417 0.00317749)
(0.000723309 0.00049835 0.0011701)
(-0.0013684 0.00786547 0.00693985)
(0.00579435 -0.00234881 0.00071523)
(-8.77474e-05 0.00273116 0.00354843)
(0.010876 0.00247356 0.00252926)
(-0.00558417 -0.0111903 4.85925e-05)
(0.00140195 -0.00506432 0.000655899)
(0.00216672 -0.00139186 0.00134716)
(0.00803796 0.00206594 0.00128726)
(-0.00313403 -0.0025685 0.0111218)
(-0.00505767 -0.0013218 0.00978352)
(-0.00857259 0.00205783 0.00660306)
(0.000970366 0.00205154 -0.000597464)
(-0.000181238 -0.00212232 0.0134152)
(2.29785e-05 -0.000986459 0.013588)
(0.000241608 -0.000977714 0.0143822)
(0.000198547 -0.00127128 0.0142268)
(0.000144842 0.000464549 0.0140011)
(0.000683592 -0.000794968 0.0132375)
(0.000341488 -0.00011646 0.0130112)
(0.00115768 9.95731e-05 0.0183947)
(-0.00129135 -0.00303709 0.0154143)
(-0.00014443 -0.00272813 0.0135658)
(0.000590781 -0.00155252 0.0134313)
(0.00104277 -0.000195289 0.0143189)
(-0.00201899 -0.00322441 0.0159015)
(-0.000857407 -0.00348081 0.0162455)
(0.00028956 -0.00278709 0.0176018)
(0.00123243 -0.00163078 0.0201992)
(-5.38138e-05 -0.00181086 0.00943249)
(-2.9075e-05 -0.00144439 0.00919955)
(-5.75442e-05 -0.00130345 0.00905805)
(-0.000228218 -0.00141449 0.00830807)
(-0.000143925 -0.000929951 0.00865609)
(-0.000115575 -0.0011488 0.00845739)
(-0.000294054 -0.00114421 0.00875158)
(-0.00025472 -0.00127538 0.00916455)
(-0.00063883 -0.00176652 0.00867917)
(-0.000345472 -0.00193261 0.00856784)
(-0.000304628 -0.00173936 0.00868711)
(-0.000139336 -0.00144353 0.00890103)
(-0.0010921 -0.00182776 0.0106851)
(-0.000518737 -0.00208907 0.0106016)
(-4.59729e-06 -0.00205561 0.0102752)
(0.000410351 -0.00178726 0.00983114)
(-3.91073e-05 -0.00104187 0.00948456)
(2.42378e-05 -0.000960876 0.00944988)
(9.58596e-05 -0.000938208 0.00942164)
(0.000105083 -0.0010162 0.00922155)
(-0.000156819 -0.000634021 0.00926336)
(-0.000129466 -0.000745078 0.00932861)
(-8.7402e-05 -0.000853721 0.00952523)
(4.97401e-06 -0.000991223 0.00965329)
(-0.000397525 -0.000931924 0.00956265)
(-0.000250629 -0.00103256 0.00963114)
(-0.000127404 -0.00106008 0.00978486)
(2.59607e-05 -0.00103444 0.00992154)
(-0.000583665 -0.00094389 0.0105477)
(-0.000281571 -0.00108633 0.0105804)
(3.69445e-06 -0.00116153 0.0105246)
(0.000226662 -0.00113356 0.0103746)
(-1.76465e-05 -0.000634883 0.00917723)
(5.31481e-05 -0.000634115 0.00926611)
(0.000142796 -0.000653426 0.00929638)
(0.000227554 -0.000693824 0.0092306)
(-0.000105068 -0.000454102 0.00914656)
(-4.62732e-05 -0.000524029 0.00929685)
(4.47273e-05 -0.000609793 0.00941781)
(0.000170413 -0.000694191 0.00945921)
(-0.00022824 -0.000554431 0.00932682)
(-0.000112902 -0.000620395 0.00946878)
(8.26145e-06 -0.000674873 0.00957951)
(0.000158214 -0.000710253 0.00963283)
(-0.000295059 -0.000514003 0.00975396)
(-0.000109489 -0.000608983 0.00984361)
(6.07161e-05 -0.000681609 0.00987041)
(0.00021593 -0.000720345 0.00983675)
(-9.29538e-06 -0.000411966 0.0089872)
(4.94405e-05 -0.000426404 0.00909394)
(0.000123757 -0.000448389 0.00914153)
(0.000206424 -0.000469304 0.00912141)
(-6.80018e-05 -0.000323361 0.00903551)
(-7.4517e-06 -0.000368208 0.00916807)
(7.53221e-05 -0.000422596 0.00924893)
(0.000179388 -0.00046969 0.00926188)
(-0.000128573 -0.000330878 0.00916464)
(-4.27461e-05 -0.000377929 0.00928694)
(5.13699e-05 -0.000426387 0.00936301)
(0.000164858 -0.000464596 0.00938141)
(-0.000148314 -0.000274227 0.00937534)
(-3.64435e-05 -0.00033683 0.00946268)
(6.89586e-05 -0.000396023 0.00950429)
(0.000171909 -0.000442279 0.00949745)
(-4.93084e-06 -0.000276631 0.00886915)
(4.08261e-05 -0.000289633 0.00897997)
(9.58871e-05 -0.000306427 0.00903596)
(0.000157072 -0.000319019 0.00903803)
(-4.38883e-05 -0.000228511 0.00892807)
(7.74916e-06 -0.00025663 0.00904823)
(7.03474e-05 -0.000290168 0.00911587)
(0.000143359 -0.00031745 0.00912766)
(-7.42753e-05 -0.000205817 0.00900708)
(-1.10864e-05 -0.000239141 0.00912012)
(5.5538e-05 -0.000275531 0.00918694)
(0.000132292 -0.000305582 0.00920377)
(-7.51415e-05 -0.0001524 0.00910319)
(-4.22377e-06 -0.00019493 0.00919526)
(6.19652e-05 -0.000238576 0.0092495)
(0.000128251 -0.000276656 0.00926309)
(-2.23889e-06 -0.000188904 0.00879142)
(3.24533e-05 -0.000198338 0.00890397)
(7.17057e-05 -0.00021041 0.00896468)
(0.000113698 -0.000219147 0.00897883)
(-2.81917e-05 -0.000158946 0.00883876)
(1.20212e-05 -0.000177097 0.00895369)
(5.65681e-05 -0.000198586 0.00901875)
(0.000105569 -0.000215825 0.00903635)
(-4.42047e-05 -0.000131213 0.00888286)
(1.08487e-06 -0.000154711 0.00899215)
(4.67909e-05 -0.000180843 0.00905839)
(9.74664e-05 -0.000202911 0.00908142)
(-3.93791e-05 -8.81287e-05 0.00892298)
(6.54734e-06 -0.000117188 0.00901773)
(4.89478e-05 -0.000148316 0.00907977)
(9.17794e-05 -0.000176735 0.00910655)
(-7.58179e-07 -0.000130513 0.00873634)
(2.50405e-05 -0.00013704 0.00885009)
(5.27023e-05 -0.000145681 0.0089143)
(8.11568e-05 -0.000152171 0.00893628)
(-1.82442e-05 -0.000109825 0.00876852)
(1.16801e-05 -0.000121889 0.00888201)
(4.28003e-05 -0.000136239 0.00894848)
(7.56296e-05 -0.000147926 0.00897274)
(-2.71997e-05 -8.54925e-05 0.00878922)
(4.79073e-06 -0.000101921 0.00889793)
(3.59512e-05 -0.000120369 0.00896665)
(6.96051e-05 -0.000136265 0.00899682)
(-2.15811e-05 -5.31599e-05 0.00880008)
(8.73052e-06 -7.30378e-05 0.00889725)
(3.64125e-05 -9.48421e-05 0.00896489)
(6.45075e-05 -0.000115259 0.00900073)
(-6.29646e-08 -9.10003e-05 0.0086963)
(1.8862e-05 -9.54823e-05 0.00881111)
(3.83495e-05 -0.000101696 0.00887818)
(5.77673e-05 -0.000106622 0.00890571)
(-1.19902e-05 -7.5908e-05 0.00871571)
(9.76926e-06 -8.40964e-05 0.00882937)
(3.14628e-05 -9.39694e-05 0.00889824)
(5.37047e-05 -0.000102236 0.00892816)
(-1.72816e-05 -5.67398e-05 0.00872136)
(5.17077e-06 -6.81709e-05 0.00883067)
(2.65038e-05 -8.11379e-05 0.00890228)
(4.91662e-05 -9.25402e-05 0.00893834)
(-1.24445e-05 -3.33021e-05 0.0087165)
(7.86512e-06 -4.69149e-05 0.00881554)
(2.62743e-05 -6.2092e-05 0.00888706)
(4.50354e-05 -7.65567e-05 0.00892901)
(2.09729e-07 -6.3934e-05 0.00866686)
(1.39749e-05 -6.70235e-05 0.00878264)
(2.77478e-05 -7.15114e-05 0.00885198)
(4.11612e-05 -7.52595e-05 0.0088835)
(-8.0253e-06 -5.27171e-05 0.00867685)
(7.6255e-06 -5.83511e-05 0.00879117)
(2.28015e-05 -6.52716e-05 0.00886232)
(3.80814e-05 -7.12442e-05 0.00889655)
(-1.13079e-05 -3.83023e-05 0.00867288)
(4.44273e-06 -4.62511e-05 0.00878306)
(1.91612e-05 -5.53703e-05 0.00885712)
(3.46531e-05 -6.3549e-05 0.00889756)
(-7.55544e-06 -2.1571e-05 0.00865924)
(6.24162e-06 -3.0927e-05 0.00875967)
(1.86902e-05 -4.14888e-05 0.00883385)
(3.14353e-05 -5.16995e-05 0.00887987)
(2.80825e-07 -4.52096e-05 0.0086452)
(1.02468e-05 -4.73534e-05 0.00876177)
(2.00248e-05 -5.06063e-05 0.00883285)
(2.94055e-05 -5.34477e-05 0.00886723)
(-5.46805e-06 -3.68562e-05 0.00864858)
(5.74222e-06 -4.07701e-05 0.0087636)
(1.6418e-05 -4.5676e-05 0.00883657)
(2.70535e-05 -5.0033e-05 0.00887392)
(-7.58964e-06 -2.62493e-05 0.00863847)
(3.49008e-06 -3.17894e-05 0.00874943)
(1.37338e-05 -3.82211e-05 0.00882534)
(2.44701e-05 -4.40968e-05 0.00886888)
(-4.81143e-06 -1.4371e-05 0.00861975)
(4.67814e-06 -2.08356e-05 0.00872118)
(1.32206e-05 -2.82092e-05 0.00879713)
(2.20104e-05 -3.54255e-05 0.00884585)
(2.672e-07 -3.21471e-05 0.00862929)
(7.46966e-06 -3.36454e-05 0.00874649)
(1.44447e-05 -3.60087e-05 0.00881885)
(2.10764e-05 -3.81524e-05 0.00885527)
(-3.78416e-06 -2.59493e-05 0.00862812)
(4.24181e-06 -2.86883e-05 0.00874375)
(1.17973e-05 -3.21907e-05 0.00881807)
(1.92833e-05 -3.53818e-05 0.00885764)
(-5.20171e-06 -1.82249e-05 0.00861405)
(2.62643e-06 -2.21016e-05 0.00872564)
(9.81629e-06 -2.66554e-05 0.00880288)
(1.73439e-05 -3.08856e-05 0.00884856)
(-3.19099e-06 -9.79638e-06 0.0085923)
(3.40823e-06 -1.42913e-05 0.00869442)
(9.34437e-06 -1.94638e-05 0.00877157)
(1.54833e-05 -2.45806e-05 0.00882208)
(2.25162e-07 -2.29666e-05 0.00861765)
(5.42995e-06 -2.40206e-05 0.00873531)
(1.04283e-05 -2.57408e-05 0.00880861)
(1.51576e-05 -2.73505e-05 0.00884646)
(-2.65222e-06 -1.839e-05 0.00861336)
(3.10231e-06 -2.03185e-05 0.00872944)
(8.48022e-06 -2.28312e-05 0.00880474)
(1.37971e-05 -2.51717e-05 0.00884586)
(-3.62436e-06 -1.27916e-05 0.0085967)
(1.93357e-06 -1.55171e-05 0.00870875)
(7.01843e-06 -1.87546e-05 0.00878692)
(1.23464e-05 -2.1807e-05 0.00883407)
(-2.18518e-06 -6.79984e-06 0.00857308)
(2.44797e-06 -9.94551e-06 0.00867568)
(6.61642e-06 -1.35932e-05 0.00875363)
(1.09481e-05 -1.72359e-05 0.00880533)
(1.79106e-07 -1.64705e-05 0.00860913)
(3.94313e-06 -1.72163e-05 0.00872713)
(7.53898e-06 -1.84698e-05 0.0088011)
(1.09339e-05 -1.96733e-05 0.00883997)
(-1.87709e-06 -1.31057e-05 0.00860271)
(2.25774e-06 -1.44705e-05 0.00871912)
(6.10461e-06 -1.62792e-05 0.00879512)
(9.90704e-06 -1.79963e-05 0.00883731)
(-2.55695e-06 -9.05617e-06 0.00858433)
(1.40756e-06 -1.09815e-05 0.00869671)
(5.02666e-06 -1.32922e-05 0.00877553)
(8.82543e-06 -1.5499e-05 0.00882369)
(-1.53207e-06 -4.7852e-06 0.00855953)
(1.74655e-06 -7.00009e-06 0.00866246)
(4.69847e-06 -9.58555e-06 0.00874094)
(7.77947e-06 -1.21889e-05 0.00879344)
(1.38109e-07 -1.18443e-05 0.00860292)
(2.86234e-06 -1.23744e-05 0.00872117)
(5.45654e-06 -1.32881e-05 0.00879561)
(7.90443e-06 -1.41841e-05 0.0088352)
(-1.33777e-06 -9.37948e-06 0.00859502)
(1.63912e-06 -1.03494e-05 0.00871168)
(4.40115e-06 -1.16542e-05 0.00878816)
(7.13365e-06 -1.29131e-05 0.00883111)
(-1.81992e-06 -6.45311e-06 0.00857549)
(1.01878e-06 -7.81895e-06 0.0086881)
(3.6072e-06 -9.47316e-06 0.00876737)
(6.32994e-06 -1.10709e-05 0.00881622)
(-1.0916e-06 -3.40088e-06 0.00854992)
(1.24271e-06 -4.96849e-06 0.00865308)
(3.3464e-06 -6.80887e-06 0.00873192)
(5.55057e-06 -8.67534e-06 0.00878496)
(1.04523e-07 -8.52839e-06 0.0085984)
(2.07617e-06 -8.90624e-06 0.00871681)
(3.95018e-06 -9.57164e-06 0.0087916)
(5.71912e-06 -1.02357e-05 0.00883169)
(-9.57419e-07 -6.72945e-06 0.00858947)
(1.18791e-06 -7.42049e-06 0.0087063)
(3.17517e-06 -8.36258e-06 0.00878312)
(5.1439e-06 -9.28379e-06 0.0088266)
(-1.30243e-06 -4.61693e-06 0.00856915)
(7.34904e-07 -5.58867e-06 0.00868193)
(2.59164e-06 -6.77509e-06 0.0087615)
(4.54899e-06 -7.93199e-06 0.00881084)
(-7.85361e-07 -2.43218e-06 0.00854307)
(8.83203e-07 -3.54573e-06 0.00864639)
(2.3884e-06 -4.85945e-06 0.00872548)
(3.97072e-06 -6.20002e-06 0.00877889)
(7.80404e-08 -6.13468e-06 0.00859511)
(1.50233e-06 -6.40415e-06 0.00871365)
(2.85461e-06 -6.88733e-06 0.00878867)
(4.13206e-06 -7.37653e-06 0.00882912)
(-6.85898e-07 -4.82795e-06 0.00858547)
(8.58503e-07 -5.32051e-06 0.00870242)
(2.28775e-06 -5.99968e-06 0.00877948)
(3.70583e-06 -6.67134e-06 0.00882333)
(-9.33783e-07 -3.30669e-06 0.00856461)
(5.28323e-07 -3.9985e-06 0.00867751)
(1.86058e-06 -4.84907e-06 0.00875729)
(3.26788e-06 -5.68519e-06 0.00880696)
(-5.67285e-07 -1.74352e-06 0.00853818)
(6.26695e-07 -2.5355e-06 0.00864162)
(1.70477e-06 -3.47375e-06 0.00872087)
(2.84126e-06 -4.43616e-06 0.00877453)
(5.75077e-08 -4.39153e-06 0.00859273)
(1.08074e-06 -4.58304e-06 0.00871136)
(2.0516e-06 -4.93161e-06 0.00878655)
(2.96955e-06 -5.28868e-06 0.00882725)
(-4.89673e-07 -3.44958e-06 0.00858259)
(6.16764e-07 -3.79944e-06 0.00869962)
(1.6401e-06 -4.28648e-06 0.00877685)
(2.65692e-06 -4.77266e-06 0.00882096)
(-6.67476e-07 -2.36037e-06 0.00856136)
(3.77544e-07 -2.85132e-06 0.00867434)
(1.32971e-06 -3.4585e-06 0.00875427)
(2.33734e-06 -4.05939e-06 0.00880417)
(-4.08845e-07 -1.24658e-06 0.0085347)
(4.42748e-07 -1.80828e-06 0.00863821)
(1.21228e-06 -2.47603e-06 0.00871758)
(2.0254e-06 -3.16395e-06 0.00877142)
(4.16771e-08 -3.10667e-06 0.00859103)
(7.67778e-07 -3.24135e-06 0.00870971)
(1.45632e-06 -3.48948e-06 0.00878503)
(2.10786e-06 -3.74603e-06 0.00882591)
(-3.45736e-07 -2.43707e-06 0.00858054)
(4.37659e-07 -2.68302e-06 0.00869763)
(1.16185e-06 -3.02804e-06 0.00877498)
(1.88236e-06 -3.37505e-06 0.00881927)
(-4.71992e-07 -1.66681e-06 0.00855905)
(2.66598e-07 -2.0117e-06 0.00867208)
(9.39519e-07 -2.44027e-06 0.00875212)
(1.65271e-06 -2.86669e-06 0.00880218)
(-2.91432e-07 -8.81984e-07 0.00853222)
(3.09535e-07 -1.27647e-06 0.00863579)
(8.52906e-07 -1.74671e-06 0.00871524)
(1.42814e-06 -2.23282e-06 0.0087692)
(2.95273e-08 -2.14334e-06 0.00858983)
(5.32051e-07 -2.236e-06 0.00870856)
(1.00811e-06 -2.40807e-06 0.00878395)
(1.45885e-06 -2.58724e-06 0.00882496)
(-2.37966e-07 -1.67979e-06 0.0085791)
(3.03211e-07 -1.84888e-06 0.00869623)
(8.03086e-07 -2.08725e-06 0.00877366)
(1.30091e-06 -2.32833e-06 0.00881808)
(-3.2543e-07 -1.1487e-06 0.00855744)
(1.84081e-07 -1.38564e-06 0.00867051)
(6.48105e-07 -1.6809e-06 0.00875062)
(1.14047e-06 -1.97582e-06 0.00880079)
(-2.02227e-07 -6.08963e-07 0.0085305)
(2.11902e-07 -8.79913e-07 0.0086341)
(5.86368e-07 -1.20333e-06 0.00871361)
(9.83356e-07 -1.53848e-06 0.00876765)
(2.03921e-08 -1.40888e-06 0.00858902)
(3.52187e-07 -1.47051e-06 0.00870777)
(6.65712e-07 -1.58446e-06 0.00878322)
(9.6265e-07 -1.70358e-06 0.00882431)
(-1.55385e-07 -1.10305e-06 0.00857813)
(2.01134e-07 -1.21498e-06 0.00869529)
(5.29874e-07 -1.37231e-06 0.00877277)
(8.57468e-07 -1.53189e-06 0.00881727)
(-2.12879e-07 -7.53771e-07 0.00855635)
(1.22128e-07 -9.10201e-07 0.00866945)
(4.27049e-07 -1.10466e-06 0.0087496)
(7.50805e-07 -1.29917e-06 0.00879985)
(-1.32621e-07 -3.99818e-07 0.00852934)
(1.39275e-07 -5.78307e-07 0.00863297)
(3.85285e-07 -7.9104e-07 0.00871251)
(6.46177e-07 -1.01156e-06 0.00876661)
(1.36181e-08 -8.64503e-07 0.0085885)
(2.17296e-07 -9.05242e-07 0.00870728)
(4.08131e-07 -9.76681e-07 0.00878276)
(5.89033e-07 -1.05114e-06 0.00882391)
(-9.38884e-08 -6.77371e-07 0.00857752)
(1.24129e-07 -7.49128e-07 0.0086947)
(3.23787e-07 -8.469e-07 0.00877221)
(5.23041e-07 -9.4576e-07 0.00881676)
(-1.29391e-07 -4.64253e-07 0.00855567)
(7.49453e-08 -5.63452e-07 0.00866878)
(2.59734e-07 -6.83633e-07 0.00874897)
(4.56405e-07 -8.0338e-07 0.00879926)
(-8.03818e-08 -2.47287e-07 0.00852862)
(8.54895e-08 -3.60064e-07 0.00863226)
(2.34444e-07 -4.91092e-07 0.00871183)
(3.92594e-07 -6.26533e-07 0.00876596)
(3.13034e-09 -5.50719e-07 0.00858814)
(1.23956e-07 -5.85012e-07 0.00870694)
(2.42317e-07 -6.34399e-07 0.00878245)
(3.50464e-07 -6.84199e-07 0.00882363)
(-6.5179e-08 -4.30127e-07 0.00857709)
(6.23335e-08 -4.82537e-07 0.00869428)
(1.86587e-07 -5.48754e-07 0.00877183)
(3.04532e-07 -6.14131e-07 0.00881641)
(-8.75206e-08 -2.9283e-07 0.00855518)
(2.98813e-08 -3.60311e-07 0.00866831)
(1.43765e-07 -4.40658e-07 0.00874852)
(2.57451e-07 -5.19051e-07 0.00879885)
(-6.12654e-08 -1.59656e-07 0.0085281)
(3.21903e-08 -2.33418e-07 0.00863176)
(1.22189e-07 -3.19378e-07 0.00871134)
(2.11024e-07 -4.05422e-07 0.0087655)
)
;

boundaryField
{
    inlet
    {
        type            uniformFixedValue;
        uniformValue    table
        
2
(
(0 (0 0 0.002))
(0.1 (0 0 0.02))
)
;
        value           uniform (0 0 0.0092);
    }
    outlet
    {
        type            zeroGradient;
    }
    wall
    {
        type            slip;
    }
    procBoundary2to0
    {
        type            processor;
        value           nonuniform List<vector> 
192
(
(-0.00278357 -0.00326936 0.000598004)
(-0.0010074 0.000856696 0.00202486)
(-0.00241129 0.00164403 0.00115069)
(0.00229216 -0.00147465 0.000902092)
(-0.00162909 -0.00103053 0.0119476)
(-0.00164418 -0.000216883 0.0143996)
(-0.00122887 0.00047413 0.016439)
(-0.00112328 4.05897e-05 0.0129478)
(-0.000696516 -0.00111518 0.00762905)
(-0.000606441 -0.00108956 0.00810358)
(-0.000205544 -0.000801877 0.00795592)
(-1.28227e-05 -0.000444676 0.00678555)
(5.67828e-05 -0.000844173 0.00874818)
(0.000198406 -0.000854386 0.0087092)
(0.000419377 -0.000710278 0.00841928)
(0.00047046 -0.000439807 0.00786565)
(0.000293267 -0.000586987 0.0089118)
(0.000407727 -0.000568589 0.00880996)
(0.000503719 -0.000486586 0.00860331)
(0.000483116 -0.000346495 0.00831234)
(0.000278158 -0.000410502 0.00891965)
(0.000350771 -0.000389545 0.00883394)
(0.000391423 -0.000342272 0.00870009)
(0.00036481 -0.000271093 0.00854055)
(0.00021069 -0.000289565 0.00891172)
(0.000253304 -0.00027569 0.008852)
(0.000272157 -0.000249142 0.00876776)
(0.000254063 -0.00021134 0.00867576)
(0.00015059 -0.000205892 0.00890022)
(0.000175683 -0.000198207 0.00886178)
(0.000185613 -0.000183493 0.00880894)
(0.000175091 -0.00016263 0.00875299)
(0.000106392 -0.000147294 0.00888871)
(0.000121773 -0.000143451 0.00886521)
(0.000127781 -0.000135359 0.00883183)
(0.000122132 -0.000123549 0.00879638)
(7.52873e-05 -0.000105823 0.00887885)
(8.51948e-05 -0.000104119 0.00886541)
(8.92838e-05 -9.97181e-05 0.00884419)
(8.64846e-05 -9.29292e-05 0.00882101)
(5.35455e-05 -7.62619e-05 0.00887073)
(6.02221e-05 -7.56825e-05 0.00886402)
(6.32225e-05 -7.33404e-05 0.00885056)
(6.19986e-05 -6.94068e-05 0.00883506)
(3.8295e-05 -5.50927e-05 0.00886416)
(4.29543e-05 -5.50701e-05 0.008862)
(4.52384e-05 -5.38713e-05 0.00885362)
(4.48392e-05 -5.15871e-05 0.0088431)
(2.75294e-05 -3.9881e-05 0.00885894)
(3.08602e-05 -4.01069e-05 0.00885987)
(3.26209e-05 -3.95359e-05 0.00885488)
(3.26234e-05 -3.82127e-05 0.00884771)
(1.98766e-05 -2.89184e-05 0.00885485)
(2.22938e-05 -2.92308e-05 0.0088579)
(2.36514e-05 -2.89966e-05 0.00885524)
(2.38264e-05 -2.82354e-05 0.00885037)
(1.43992e-05 -2.09955e-05 0.00885168)
(1.61686e-05 -2.13135e-05 0.00885622)
(1.72097e-05 -2.12531e-05 0.00885517)
(1.74385e-05 -2.08202e-05 0.0088519)
(1.04534e-05 -1.5252e-05 0.00884925)
(1.17535e-05 -1.5539e-05 0.00885483)
(1.2546e-05 -1.55619e-05 0.00885491)
(1.27715e-05 -1.53201e-05 0.00885279)
(7.59277e-06 -1.10736e-05 0.00884741)
(8.5484e-06 -1.13161e-05 0.00885373)
(9.14648e-06 -1.13733e-05 0.00885462)
(9.34428e-06 -1.12419e-05 0.00885331)
(5.50458e-06 -8.01949e-06 0.00884603)
(6.20486e-06 -8.21575e-06 0.00885288)
(6.65178e-06 -8.2817e-06 0.00885434)
(6.81436e-06 -8.21297e-06 0.00885362)
(3.96742e-06 -5.77204e-06 0.008845)
(4.47671e-06 -5.92554e-06 0.00885223)
(4.80647e-06 -5.9875e-06 0.00885409)
(4.93427e-06 -5.95369e-06 0.0088538)
(2.8228e-06 -4.10081e-06 0.00884425)
(3.18773e-06 -4.21688e-06 0.00885174)
(3.42653e-06 -4.26921e-06 0.0088539)
(3.52313e-06 -4.25417e-06 0.00885391)
(1.95707e-06 -2.83881e-06 0.00884371)
(2.21137e-06 -2.92296e-06 0.00885139)
(2.37908e-06 -2.96372e-06 0.00885376)
(2.4487e-06 -2.95827e-06 0.00885398)
(1.29284e-06 -1.87251e-06 0.00884335)
(1.46127e-06 -1.93002e-06 0.00885115)
(1.57294e-06 -1.95929e-06 0.00885365)
(1.61971e-06 -1.95839e-06 0.00885402)
(7.92225e-07 -1.15676e-06 0.00884311)
(8.95117e-07 -1.19364e-06 0.00885099)
(9.63182e-07 -1.21331e-06 0.00885358)
(9.91276e-07 -1.21461e-06 0.00885404)
(4.74634e-07 -7.55012e-07 0.00884296)
(5.34569e-07 -7.81118e-07 0.00885089)
(5.73307e-07 -7.96248e-07 0.00885354)
(5.88316e-07 -7.99506e-07 0.00885405)
(0.000178606 0.00219499 0.000478429)
(0.00150163 0.0151565 0.00353139)
(0.00218892 0.010374 0.00127793)
(-0.00170225 -0.000519778 0.000331873)
(-0.000387204 -0.000460017 0.00377662)
(-0.000689397 0.00140464 0.00760751)
(-0.000310961 0.000502605 0.0108018)
(-0.000827539 -0.000977218 0.0116337)
(-0.000285387 -0.000541753 0.00571128)
(-0.000557656 -0.000285309 0.00683061)
(-0.00044633 -0.000434793 0.00747152)
(-0.000507801 -0.000816639 0.00731068)
(-0.000104386 -0.000688741 0.00795397)
(-0.000216472 -0.000628316 0.00838464)
(-7.63447e-05 -0.000623021 0.00867943)
(1.40051e-05 -0.0007156 0.00869285)
(1.05604e-06 -0.000569254 0.00848243)
(-1.29671e-05 -0.000555752 0.00873954)
(8.91869e-05 -0.000546854 0.00890722)
(0.000193994 -0.000561669 0.00893275)
(2.9768e-05 -0.000410877 0.00866252)
(4.75947e-05 -0.0004101 0.00882691)
(0.000116154 -0.000410274 0.00892857)
(0.000195857 -0.000412066 0.00894998)
(3.17259e-05 -0.000284881 0.00870509)
(5.60789e-05 -0.00028715 0.00883539)
(0.000102252 -0.000291056 0.0089125)
(0.00015562 -0.000292917 0.00893406)
(2.67626e-05 -0.000197489 0.00869967)
(4.91972e-05 -0.000199917 0.00881882)
(8.08234e-05 -0.000204484 0.00888829)
(0.000115568 -0.00020722 0.00891225)
(2.08325e-05 -0.000138212 0.00868038)
(3.90606e-05 -0.000140148 0.0087964)
(6.10623e-05 -0.000144227 0.00886458)
(8.39348e-05 -0.000147134 0.00889192)
(1.56358e-05 -9.76281e-05 0.00866001)
(2.96307e-05 -9.90385e-05 0.00877565)
(4.51269e-05 -0.000102338 0.0088447)
(6.05082e-05 -0.000104966 0.00887537)
(1.15301e-05 -6.94444e-05 0.0086424)
(2.19776e-05 -7.04383e-05 0.00875851)
(3.2985e-05 -7.29903e-05 0.00882894)
(4.35441e-05 -7.51877e-05 0.0088624)
(8.42981e-06 -4.96521e-05 0.00862833)
(1.61195e-05 -5.03447e-05 0.00874506)
(2.39875e-05 -5.22764e-05 0.00881678)
(3.1362e-05 -5.40388e-05 0.0088524)
(6.13884e-06 -3.56408e-05 0.00861749)
(1.17602e-05 -3.61229e-05 0.00873478)
(1.74133e-05 -3.75688e-05 0.00880754)
(2.26333e-05 -3.89485e-05 0.00884477)
(4.46363e-06 -2.56622e-05 0.00860932)
(8.5612e-06 -2.59991e-05 0.00872703)
(1.26402e-05 -2.70747e-05 0.00880059)
(1.63725e-05 -2.81382e-05 0.00883898)
(3.24421e-06 -1.85204e-05 0.00860321)
(6.2282e-06 -1.87572e-05 0.00872125)
(9.18121e-06 -1.95543e-05 0.00879538)
(1.18691e-05 -2.0365e-05 0.00883461)
(2.35738e-06 -1.33858e-05 0.00859868)
(4.52961e-06 -1.35531e-05 0.00871695)
(6.6721e-06 -1.41419e-05 0.00879151)
(8.61674e-06 -1.47547e-05 0.00883134)
(1.71145e-06 -9.67661e-06 0.00859535)
(3.29132e-06 -9.79532e-06 0.00871378)
(4.84675e-06 -1.02288e-05 0.00878864)
(6.25661e-06 -1.06884e-05 0.0088289)
(1.23925e-06 -6.98218e-06 0.0085929)
(2.38529e-06 -7.06654e-06 0.00871144)
(3.51253e-06 -7.38414e-06 0.00878652)
(4.53372e-06 -7.72588e-06 0.00882709)
(8.91858e-07 -5.01012e-06 0.00859111)
(1.71808e-06 -5.0699e-06 0.00870974)
(2.53034e-06 -5.30068e-06 0.00878497)
(3.26605e-06 -5.552e-06 0.00882576)
(6.33671e-07 -3.55065e-06 0.00858982)
(1.22168e-06 -3.5926e-06 0.00870851)
(1.79946e-06 -3.75782e-06 0.00878385)
(2.32277e-06 -3.93947e-06 0.00882479)
(4.3888e-07 -2.45296e-06 0.00858891)
(8.46839e-07 -2.48182e-06 0.00870764)
(1.24729e-06 -2.59694e-06 0.00878305)
(1.60992e-06 -2.7244e-06 0.00882411)
(2.89828e-07 -1.61425e-06 0.00858829)
(5.59957e-07 -1.63389e-06 0.00870705)
(8.24241e-07 -1.71048e-06 0.00878251)
(1.06351e-06 -1.79559e-06 0.00882364)
(1.78497e-07 -9.90536e-07 0.0085879)
(3.4521e-07 -1.00551e-06 0.00870667)
(5.06405e-07 -1.05428e-06 0.00878217)
(6.52518e-07 -1.10807e-06 0.00882334)
(1.07771e-07 -6.30322e-07 0.00858763)
(2.07764e-07 -6.49324e-07 0.00870642)
(3.06665e-07 -6.84473e-07 0.00878194)
(3.94193e-07 -7.21355e-07 0.00882314)
)
;
    }
    procBoundary2to3
    {
        type            processor;
        value           nonuniform List<vector> 
192
(
(0.00165317 0.00286969 0.00714379)
(-0.00166568 0.0057109 0.00662461)
(-0.00872825 0.0141421 0.00399313)
(0.00169481 0.00260292 -0.000490821)
(-0.000560801 0.00158344 0.0101757)
(-0.000593928 0.00277287 0.0102928)
(-0.00120278 0.00407364 0.0152767)
(-0.00122553 0.00240931 0.0150685)
(0.000428292 -1.55786e-05 0.00646074)
(0.000745939 -0.00013553 0.00653705)
(0.00069657 -7.37259e-05 0.00730626)
(0.000257287 -7.7779e-05 0.00773434)
(0.000600189 -0.000367276 0.00758107)
(0.00081989 -0.0006074 0.00775866)
(0.000863659 -0.000692757 0.00810111)
(0.000706429 -0.000651759 0.00835279)
(0.000492542 -0.000355889 0.00813772)
(0.000609194 -0.000505405 0.00826449)
(0.000656559 -0.000570622 0.00845632)
(0.000630076 -0.000567008 0.00861471)
(0.000352998 -0.000285179 0.00845339)
(0.000414537 -0.000364905 0.00853721)
(0.000449408 -0.000402367 0.00865096)
(0.000457203 -0.00040454 0.00875762)
(0.000244609 -0.000219234 0.00863524)
(0.000278929 -0.000260651 0.00869328)
(0.000302061 -0.000280008 0.00876586)
(0.00031363 -0.000278652 0.00883696)
(0.000170149 -0.000166053 0.00873527)
(0.000190134 -0.00018724 0.00877677)
(0.000204758 -0.000195948 0.00882519)
(0.000213504 -0.000191574 0.00887148)
(0.000120101 -0.000124699 0.00878942)
(0.000131993 -0.000135277 0.00881944)
(0.000140931 -0.000138178 0.00885215)
(0.000146445 -0.000132543 0.00888128)
(8.59315e-05 -9.30779e-05 0.00881889)
(9.30657e-05 -9.81307e-05 0.00884064)
(9.83827e-05 -9.8154e-05 0.00886274)
(0.000101529 -9.25016e-05 0.00888019)
(6.20836e-05 -6.91786e-05 0.00883497)
(6.6371e-05 -7.13969e-05 0.00885069)
(6.94567e-05 -7.01847e-05 0.00886547)
(7.11011e-05 -6.51424e-05 0.00887501)
(4.51403e-05 -5.12638e-05 0.00884374)
(4.77127e-05 -5.20677e-05 0.00885504)
(4.94574e-05 -5.04742e-05 0.00886472)
(5.02216e-05 -4.62607e-05 0.0088689)
(3.2951e-05 -3.79095e-05 0.00884853)
(3.44892e-05 -3.80414e-05 0.00885658)
(3.54448e-05 -3.64731e-05 0.00886268)
(3.57243e-05 -3.30901e-05 0.00886319)
(2.41082e-05 -2.79898e-05 0.00885114)
(2.50237e-05 -2.78309e-05 0.00885681)
(2.55244e-05 -2.64552e-05 0.00886037)
(2.55552e-05 -2.38088e-05 0.00885833)
(1.76569e-05 -2.06359e-05 0.00885255)
(1.81986e-05 -2.03763e-05 0.00885648)
(1.84432e-05 -1.92408e-05 0.00885822)
(1.83593e-05 -1.72072e-05 0.00885442)
(1.29309e-05 -1.51882e-05 0.00885331)
(1.3249e-05 -1.49178e-05 0.00885596)
(1.33538e-05 -1.40146e-05 0.00885641)
(1.3228e-05 -1.24723e-05 0.00885135)
(9.45622e-06 -1.11505e-05 0.00885372)
(9.64125e-06 -1.0908e-05 0.00885543)
(9.67309e-06 -1.02074e-05 0.00885494)
(9.54245e-06 -9.04999e-06 0.008849)
(6.89087e-06 -8.15116e-06 0.00885393)
(6.99722e-06 -7.94964e-06 0.00885496)
(6.99369e-06 -7.41687e-06 0.0088538)
(6.87568e-06 -6.55701e-06 0.00884723)
(4.98547e-06 -5.91275e-06 0.00885404)
(5.04567e-06 -5.75335e-06 0.00885457)
(5.0275e-06 -5.35569e-06 0.00885293)
(4.92888e-06 -4.72454e-06 0.00884591)
(3.55677e-06 -4.22754e-06 0.00885409)
(3.59018e-06 -4.10661e-06 0.00885427)
(3.56837e-06 -3.81639e-06 0.00885228)
(3.49057e-06 -3.36128e-06 0.00884494)
(2.47044e-06 -2.94118e-06 0.00885412)
(2.48839e-06 -2.85376e-06 0.00885404)
(2.46845e-06 -2.64887e-06 0.00885181)
(2.41042e-06 -2.3304e-06 0.00884425)
(1.6331e-06 -1.94767e-06 0.00885413)
(1.64213e-06 -1.88842e-06 0.00885388)
(1.62644e-06 -1.75126e-06 0.00885149)
(1.58602e-06 -1.53956e-06 0.00884378)
(9.97894e-07 -1.20821e-06 0.00885414)
(1.00182e-06 -1.17031e-06 0.00885378)
(9.90824e-07 -1.08411e-06 0.00885128)
(9.64985e-07 -9.52287e-07 0.00884348)
(5.89447e-07 -7.95563e-07 0.00885414)
(5.90923e-07 -7.68182e-07 0.0088537)
(5.83694e-07 -7.09757e-07 0.00885113)
(5.68125e-07 -6.22766e-07 0.00884326)
(-0.00444274 0.00623596 0.00618994)
(-0.00755365 0.00487375 0.00821876)
(-0.000178959 -0.000450927 0.00399851)
(0.00724324 -0.000876854 0.000495114)
(-0.00248542 0.00200366 0.012882)
(-0.00345084 0.00288753 0.012961)
(-0.000485366 0.00261049 0.010987)
(0.00212422 0.000941159 0.00693677)
(-0.000363358 -3.23842e-05 0.00800079)
(-0.000713709 0.000449933 0.00851273)
(3.22743e-05 0.000719363 0.00798447)
(0.000781838 0.000276606 0.00700883)
(0.000493666 -0.000594339 0.00852183)
(0.000392306 -0.000381562 0.00877375)
(0.000597388 -8.89827e-05 0.00877317)
(0.000836923 -2.78734e-05 0.00863688)
(0.000577142 -0.000534093 0.00873637)
(0.000554354 -0.000430861 0.00887818)
(0.000608672 -0.000252445 0.00892538)
(0.000675715 -0.000105196 0.00886399)
(0.000450751 -0.000379525 0.00884568)
(0.000448102 -0.000317308 0.00891818)
(0.000459482 -0.000210025 0.00893258)
(0.000474537 -9.19747e-05 0.0088717)
(0.000316477 -0.00025673 0.0088935)
(0.000316559 -0.000212826 0.00892273)
(0.000316784 -0.00014516 0.00890395)
(0.000319387 -6.54065e-05 0.00882663)
(0.000216735 -0.000173091 0.00890348)
(0.000216763 -0.000141273 0.00890651)
(0.000214646 -9.67933e-05 0.00886593)
(0.000214026 -4.44026e-05 0.0087735)
(0.000148442 -0.000117673 0.00889615)
(0.000148022 -9.4605e-05 0.00888315)
(0.000145659 -6.46157e-05 0.00882926)
(0.000144316 -2.99753e-05 0.00872682)
(0.000102421 -8.09167e-05 0.00888358)
(0.00010169 -6.42291e-05 0.00886063)
(9.95869e-05 -4.36281e-05 0.00879872)
(9.82263e-05 -2.03669e-05 0.00869016)
(7.12924e-05 -5.62918e-05 0.00887082)
(7.0443e-05 -4.42227e-05 0.00884161)
(6.86988e-05 -2.98662e-05 0.00877482)
(6.75191e-05 -1.39841e-05 0.00866255)
(5.00435e-05 -3.95806e-05 0.0088597)
(4.921e-05 -3.08386e-05 0.00882649)
(4.78144e-05 -2.07184e-05 0.00875668)
(4.68561e-05 -9.70929e-06 0.00864213)
(3.53889e-05 -2.80873e-05 0.00885064)
(3.46438e-05 -2.17414e-05 0.00881483)
(3.35526e-05 -1.4541e-05 0.00874311)
(3.28021e-05 -6.81129e-06 0.00862714)
(2.51818e-05 -2.00819e-05 0.00884353)
(2.45532e-05 -1.54653e-05 0.00880601)
(2.37143e-05 -1.03047e-05 0.00873305)
(2.31401e-05 -4.82091e-06 0.00861617)
(1.80078e-05 -1.44418e-05 0.00883807)
(1.74974e-05 -1.10774e-05 0.00879939)
(1.68607e-05 -7.35813e-06 0.00872562)
(1.64284e-05 -3.43669e-06 0.00860814)
(1.29236e-05 -1.04273e-05 0.00883394)
(1.25203e-05 -7.97324e-06 0.00879447)
(1.20421e-05 -5.28281e-06 0.00872014)
(1.17204e-05 -2.46285e-06 0.00860226)
(9.29205e-06 -7.5433e-06 0.00883084)
(8.9799e-06 -5.75408e-06 0.00879083)
(8.62382e-06 -3.8046e-06 0.00871612)
(8.38673e-06 -1.77041e-06 0.00859796)
(6.67686e-06 -5.45266e-06 0.00882854)
(6.4395e-06 -4.15159e-06 0.00878814)
(6.17676e-06 -2.74045e-06 0.00871317)
(6.00354e-06 -1.27295e-06 0.00859483)
(4.77563e-06 -3.92187e-06 0.00882685)
(4.59832e-06 -2.98185e-06 0.00878618)
(4.40663e-06 -1.9657e-06 0.00871103)
(4.28141e-06 -9.11586e-07 0.00859255)
(3.37599e-06 -2.78658e-06 0.00882562)
(3.24644e-06 -2.11653e-06 0.00878477)
(3.10895e-06 -1.39391e-06 0.00870948)
(3.01988e-06 -6.45479e-07 0.00859091)
(2.32805e-06 -1.93023e-06 0.00882474)
(2.23647e-06 -1.46524e-06 0.00878376)
(2.14065e-06 -9.64508e-07 0.00870839)
(2.07902e-06 -4.46082e-07 0.00858975)
(1.53011e-06 -1.27442e-06 0.00882415)
(1.46871e-06 -9.67414e-07 0.00878308)
(1.40522e-06 -6.3717e-07 0.00870765)
(1.36462e-06 -2.94356e-07 0.00858896)
(9.2996e-07 -7.87469e-07 0.00882377)
(8.91925e-07 -5.98179e-07 0.00878265)
(8.53178e-07 -3.95158e-07 0.00870718)
(8.287e-07 -1.8195e-07 0.00858846)
(5.47661e-07 -5.14226e-07 0.0088235)
(5.26004e-07 -3.89234e-07 0.00878234)
(5.04573e-07 -2.51104e-07 0.00870684)
(4.90274e-07 -1.11271e-07 0.0085881)
)
;
    }
}


// ************************************************************************* //
