/*--------------------------------*- C++ -*----------------------------------*\
  =========                 |
  \\      /  F ield         | OpenFOAM: The Open Source CFD Toolbox
   \\    /   O peration     | Website:  https://openfoam.org
    \\  /    A nd           | Version:  6
     \\/     M anipulation  |
\*---------------------------------------------------------------------------*/
FoamFile
{
    version     2.0;
    format      ascii;
    class       volScalarField;
    location    "0.02";
    object      p;
}
// * * * * * * * * * * * * * * * * * * * * * * * * * * * * * * * * * * * * * //

dimensions      [0 2 -2 0 0 0 0];

internalField   nonuniform List<scalar> 
1152
(
1.00229
1.00435
1.00499
0.99592
1.00451
1.00567
1.00725
1.00499
1.01052
0.992332
1.00649
1.00483
1.00618
1.00244
1.01974
0.999239
1.00024
1.0008
1.00058
0.999433
1.0007
1.00081
1.00085
1.0004
1.0012
1.00062
1.00097
1.00068
1.00128
1.00104
1.00127
1.00049
1.00099
1.00104
1.00089
1.00052
1.00122
1.00119
1.00111
1.00079
1.0015
1.00146
1.0013
1.00098
1.0019
1.0017
1.00144
1.0011
1.00095
1.00094
1.00086
1.00072
1.00109
1.00106
1.00099
1.00083
1.00127
1.00119
1.00111
1.00093
1.00147
1.00136
1.00125
1.00101
1.0009
1.00088
1.00083
1.00076
1.00099
1.00095
1.0009
1.00081
1.00109
1.00104
1.00097
1.00087
1.00121
1.00114
1.00106
1.00093
1.00085
1.00083
1.00079
1.00075
1.0009
1.00088
1.00084
1.00078
1.00097
1.00093
1.00088
1.00082
1.00104
1.001
1.00094
1.00086
1.0008
1.00078
1.00075
1.00072
1.00083
1.00081
1.00078
1.00074
1.00087
1.00085
1.00081
1.00077
1.00091
1.00088
1.00084
1.00079
1.00074
1.00073
1.00071
1.00069
1.00076
1.00075
1.00073
1.0007
1.00079
1.00077
1.00075
1.00072
1.00081
1.00079
1.00077
1.00074
1.00069
1.00068
1.00066
1.00065
1.0007
1.00069
1.00067
1.00066
1.00072
1.0007
1.00069
1.00067
1.00073
1.00072
1.0007
1.00068
1.00063
1.00063
1.00062
1.00061
1.00064
1.00064
1.00063
1.00061
1.00065
1.00065
1.00063
1.00062
1.00066
1.00065
1.00064
1.00063
1.00058
1.00058
1.00057
1.00057
1.00059
1.00059
1.00058
1.00057
1.0006
1.00059
1.00058
1.00057
1.0006
1.0006
1.00059
1.00058
1.00054
1.00053
1.00053
1.00052
1.00054
1.00054
1.00053
1.00053
1.00055
1.00054
1.00054
1.00053
1.00055
1.00055
1.00054
1.00053
1.00049
1.00049
1.00048
1.00048
1.00049
1.00049
1.00049
1.00048
1.0005
1.00049
1.00049
1.00049
1.0005
1.0005
1.00049
1.00049
1.00045
1.00044
1.00044
1.00044
1.00045
1.00045
1.00044
1.00044
1.00045
1.00045
1.00045
1.00044
1.00045
1.00045
1.00045
1.00044
1.0004
1.0004
1.0004
1.0004
1.0004
1.0004
1.0004
1.0004
1.0004
1.0004
1.0004
1.0004
1.00041
1.0004
1.0004
1.0004
1.00036
1.00036
1.00036
1.00035
1.00036
1.00036
1.00036
1.00036
1.00036
1.00036
1.00036
1.00036
1.00036
1.00036
1.00036
1.00036
1.00032
1.00031
1.00031
1.00031
1.00032
1.00032
1.00031
1.00031
1.00032
1.00032
1.00032
1.00031
1.00032
1.00032
1.00032
1.00031
1.00027
1.00027
1.00027
1.00027
1.00027
1.00027
1.00027
1.00027
1.00027
1.00027
1.00027
1.00027
1.00027
1.00027
1.00027
1.00027
1.00023
1.00023
1.00023
1.00023
1.00023
1.00023
1.00023
1.00023
1.00023
1.00023
1.00023
1.00023
1.00023
1.00023
1.00023
1.00023
1.00019
1.00019
1.00019
1.00019
1.00019
1.00019
1.00019
1.00019
1.00019
1.00019
1.00019
1.00019
1.00019
1.00019
1.00019
1.00019
1.00015
1.00015
1.00015
1.00015
1.00015
1.00015
1.00015
1.00015
1.00015
1.00015
1.00015
1.00015
1.00015
1.00015
1.00015
1.00015
1.0001
1.0001
1.0001
1.0001
1.0001
1.0001
1.0001
1.0001
1.0001
1.0001
1.0001
1.0001
1.0001
1.0001
1.0001
1.0001
1.00006
1.00006
1.00006
1.00006
1.00006
1.00006
1.00006
1.00006
1.00006
1.00006
1.00006
1.00006
1.00006
1.00006
1.00006
1.00006
1.00002
1.00002
1.00002
1.00002
1.00002
1.00002
1.00002
1.00002
1.00002
1.00002
1.00002
1.00002
1.00002
1.00002
1.00002
1.00002
1.00075
1.00539
0.998302
0.997748
1.00745
1.01076
1.00894
0.989095
1.00707
1.01007
1.02083
1.00422
1.00695
1.00737
1.01183
1.00574
1.00142
1.00124
1.0007
1.00014
1.00215
1.00204
1.00164
0.999548
1.00292
1.00311
1.00448
1.00146
1.00305
1.00216
1.00438
1.00233
1.00222
1.00195
1.00165
1.00107
1.0024
1.00228
1.00201
1.0012
1.00256
1.00257
1.00262
1.0016
1.00266
1.00256
1.00288
1.00189
1.00163
1.00154
1.00138
1.00107
1.00174
1.00172
1.00161
1.00119
1.00182
1.00185
1.00184
1.00137
1.00185
1.00186
1.00194
1.00147
1.00131
1.00125
1.00115
1.00099
1.00138
1.00135
1.00127
1.00107
1.00142
1.00142
1.00138
1.00115
1.00145
1.00145
1.00144
1.0012
1.0011
1.00106
1.001
1.0009
1.00113
1.00111
1.00106
1.00095
1.00116
1.00115
1.00111
1.00099
1.00118
1.00117
1.00114
1.00102
1.00095
1.00092
1.00088
1.00082
1.00097
1.00095
1.00092
1.00085
1.00098
1.00098
1.00095
1.00088
1.00099
1.00099
1.00096
1.00089
1.00083
1.00081
1.00079
1.00075
1.00085
1.00083
1.00081
1.00077
1.00085
1.00085
1.00083
1.00079
1.00086
1.00086
1.00084
1.00079
1.00074
1.00073
1.00071
1.00069
1.00075
1.00074
1.00073
1.0007
1.00076
1.00075
1.00074
1.00071
1.00076
1.00076
1.00074
1.00072
1.00067
1.00066
1.00065
1.00064
1.00068
1.00067
1.00066
1.00064
1.00068
1.00068
1.00067
1.00065
1.00068
1.00068
1.00067
1.00065
1.00061
1.0006
1.00059
1.00058
1.00061
1.00061
1.0006
1.00059
1.00061
1.00061
1.0006
1.00059
1.00062
1.00061
1.00061
1.00059
1.00055
1.00055
1.00054
1.00054
1.00056
1.00055
1.00055
1.00054
1.00056
1.00055
1.00055
1.00054
1.00056
1.00055
1.00055
1.00054
1.0005
1.0005
1.00049
1.00049
1.0005
1.0005
1.0005
1.00049
1.0005
1.0005
1.0005
1.00049
1.0005
1.0005
1.0005
1.00049
1.00045
1.00045
1.00045
1.00045
1.00045
1.00045
1.00045
1.00045
1.00045
1.00045
1.00045
1.00045
1.00046
1.00045
1.00045
1.00045
1.00041
1.00041
1.0004
1.0004
1.00041
1.00041
1.0004
1.0004
1.00041
1.00041
1.00041
1.0004
1.00041
1.00041
1.00041
1.0004
1.00036
1.00036
1.00036
1.00036
1.00036
1.00036
1.00036
1.00036
1.00036
1.00036
1.00036
1.00036
1.00036
1.00036
1.00036
1.00036
1.00032
1.00032
1.00032
1.00032
1.00032
1.00032
1.00032
1.00032
1.00032
1.00032
1.00032
1.00032
1.00032
1.00032
1.00032
1.00032
1.00027
1.00027
1.00027
1.00027
1.00027
1.00027
1.00027
1.00027
1.00027
1.00027
1.00027
1.00027
1.00028
1.00027
1.00027
1.00027
1.00023
1.00023
1.00023
1.00023
1.00023
1.00023
1.00023
1.00023
1.00023
1.00023
1.00023
1.00023
1.00023
1.00023
1.00023
1.00023
1.00019
1.00019
1.00019
1.00019
1.00019
1.00019
1.00019
1.00019
1.00019
1.00019
1.00019
1.00019
1.00019
1.00019
1.00019
1.00019
1.00015
1.00015
1.00015
1.00015
1.00015
1.00015
1.00015
1.00015
1.00015
1.00015
1.00015
1.00015
1.00015
1.00015
1.00015
1.00015
1.0001
1.0001
1.0001
1.0001
1.0001
1.0001
1.0001
1.0001
1.0001
1.0001
1.0001
1.0001
1.00011
1.0001
1.0001
1.0001
1.00006
1.00006
1.00006
1.00006
1.00006
1.00006
1.00006
1.00006
1.00006
1.00006
1.00006
1.00006
1.00006
1.00006
1.00006
1.00006
1.00002
1.00002
1.00002
1.00002
1.00002
1.00002
1.00002
1.00002
1.00002
1.00002
1.00002
1.00002
1.00002
1.00002
1.00002
1.00002
1.00395
1.00162
0.998202
0.992468
1.00168
1.00175
1.00061
0.997905
1.00501
1.00595
0.999152
1.00139
1.00587
1.00513
1.00526
1.0256
1.00077
1.00026
0.999591
0.999258
1.00082
1.00069
1.00033
1.00001
1.00167
1.00115
1.00082
1.0007
1.00275
1.0025
1.00201
1.00165
1.00119
1.00102
1.00089
1.00084
1.00131
1.00125
1.00117
1.00111
1.00181
1.00167
1.00167
1.00156
1.00239
1.00233
1.00223
1.00202
1.00104
1.00102
1.00098
1.00093
1.00115
1.00115
1.00112
1.00108
1.00141
1.00141
1.00136
1.0013
1.0017
1.00168
1.00162
1.00153
1.00096
1.00095
1.00094
1.00091
1.00105
1.00105
1.00103
1.001
1.0012
1.0012
1.00117
1.00113
1.00136
1.00134
1.00131
1.00125
1.00089
1.00089
1.00088
1.00087
1.00096
1.00096
1.00094
1.00092
1.00104
1.00104
1.00102
1.001
1.00113
1.00112
1.0011
1.00107
1.00083
1.00083
1.00082
1.00081
1.00087
1.00087
1.00086
1.00085
1.00092
1.00092
1.00091
1.00089
1.00097
1.00096
1.00095
1.00093
1.00077
1.00076
1.00076
1.00075
1.00079
1.00079
1.00079
1.00078
1.00082
1.00082
1.00081
1.0008
1.00085
1.00084
1.00084
1.00082
1.00071
1.0007
1.0007
1.00069
1.00072
1.00072
1.00072
1.00071
1.00074
1.00074
1.00073
1.00073
1.00075
1.00075
1.00075
1.00074
1.00065
1.00065
1.00065
1.00064
1.00066
1.00066
1.00066
1.00065
1.00067
1.00067
1.00067
1.00066
1.00068
1.00068
1.00067
1.00067
1.0006
1.0006
1.00059
1.00059
1.0006
1.0006
1.0006
1.0006
1.00061
1.00061
1.00061
1.0006
1.00061
1.00061
1.00061
1.00061
1.00055
1.00055
1.00054
1.00054
1.00055
1.00055
1.00055
1.00055
1.00055
1.00055
1.00055
1.00055
1.00056
1.00056
1.00056
1.00055
1.0005
1.0005
1.0005
1.00049
1.0005
1.0005
1.0005
1.0005
1.0005
1.0005
1.0005
1.0005
1.0005
1.0005
1.0005
1.0005
1.00045
1.00045
1.00045
1.00045
1.00045
1.00045
1.00045
1.00045
1.00045
1.00045
1.00045
1.00045
1.00046
1.00046
1.00045
1.00045
1.00041
1.00041
1.0004
1.0004
1.00041
1.00041
1.00041
1.0004
1.00041
1.00041
1.00041
1.00041
1.00041
1.00041
1.00041
1.00041
1.00036
1.00036
1.00036
1.00036
1.00036
1.00036
1.00036
1.00036
1.00036
1.00036
1.00036
1.00036
1.00036
1.00036
1.00036
1.00036
1.00032
1.00032
1.00032
1.00032
1.00032
1.00032
1.00032
1.00032
1.00032
1.00032
1.00032
1.00032
1.00032
1.00032
1.00032
1.00032
1.00027
1.00027
1.00027
1.00027
1.00027
1.00027
1.00027
1.00027
1.00028
1.00028
1.00027
1.00027
1.00028
1.00028
1.00028
1.00027
1.00023
1.00023
1.00023
1.00023
1.00023
1.00023
1.00023
1.00023
1.00023
1.00023
1.00023
1.00023
1.00023
1.00023
1.00023
1.00023
1.00019
1.00019
1.00019
1.00019
1.00019
1.00019
1.00019
1.00019
1.00019
1.00019
1.00019
1.00019
1.00019
1.00019
1.00019
1.00019
1.00015
1.00015
1.00015
1.00015
1.00015
1.00015
1.00015
1.00015
1.00015
1.00015
1.00015
1.00015
1.00015
1.00015
1.00015
1.00015
1.0001
1.0001
1.0001
1.0001
1.00011
1.0001
1.0001
1.0001
1.00011
1.00011
1.0001
1.0001
1.00011
1.00011
1.00011
1.0001
1.00006
1.00006
1.00006
1.00006
1.00006
1.00006
1.00006
1.00006
1.00006
1.00006
1.00006
1.00006
1.00006
1.00006
1.00006
1.00006
1.00002
1.00002
1.00002
1.00002
1.00002
1.00002
1.00002
1.00002
1.00002
1.00002
1.00002
1.00002
1.00002
1.00002
1.00002
1.00002
)
;

boundaryField
{
    inlet
    {
        type            zeroGradient;
    }
    outlet
    {
        type            fixedValue;
        value           uniform 1;
    }
    wall
    {
        type            zeroGradient;
    }
    procBoundary2to0
    {
        type            processor;
        value           nonuniform List<scalar> 
192
(
1.00077
1.00489
1.00901
0.967568
0.999966
1.00065
1.00061
0.99812
1.00087
1.00094
1.00079
1.00038
1.00088
1.00087
1.0008
1.00066
1.00085
1.00083
1.00079
1.00073
1.00081
1.00079
1.00076
1.00073
1.00077
1.00075
1.00073
1.00071
1.00072
1.00071
1.00069
1.00068
1.00067
1.00066
1.00065
1.00064
1.00063
1.00062
1.00061
1.0006
1.00058
1.00057
1.00057
1.00056
1.00053
1.00053
1.00052
1.00052
1.00049
1.00049
1.00048
1.00048
1.00044
1.00044
1.00044
1.00044
1.0004
1.0004
1.0004
1.0004
1.00036
1.00036
1.00036
1.00035
1.00032
1.00031
1.00031
1.00031
1.00027
1.00027
1.00027
1.00027
1.00023
1.00023
1.00023
1.00023
1.00019
1.00019
1.00019
1.00019
1.00015
1.00015
1.00015
1.00015
1.0001
1.0001
1.0001
1.0001
1.00006
1.00006
1.00006
1.00006
1.00002
1.00002
1.00002
1.00002
1.00258
1.00549
0.998642
0.99662
0.999544
0.999932
0.999433
0.999209
1.001
1.00092
1.00074
1.00076
1.00095
1.00095
1.00092
1.00087
1.00089
1.00089
1.00088
1.00086
1.00085
1.00084
1.00084
1.00082
1.00079
1.00079
1.00079
1.00078
1.00074
1.00074
1.00074
1.00073
1.00069
1.00069
1.00068
1.00068
1.00064
1.00064
1.00063
1.00063
1.00059
1.00059
1.00059
1.00058
1.00054
1.00054
1.00054
1.00054
1.00049
1.00049
1.00049
1.00049
1.00045
1.00045
1.00045
1.00045
1.0004
1.0004
1.0004
1.0004
1.00036
1.00036
1.00036
1.00036
1.00032
1.00032
1.00032
1.00032
1.00027
1.00027
1.00027
1.00027
1.00023
1.00023
1.00023
1.00023
1.00019
1.00019
1.00019
1.00019
1.00015
1.00015
1.00015
1.00015
1.0001
1.0001
1.0001
1.0001
1.00006
1.00006
1.00006
1.00006
1.00002
1.00002
1.00002
1.00002
)
;
    }
    procBoundary2to3
    {
        type            processor;
        value           nonuniform List<scalar> 
192
(
1.00001
0.998295
1.00187
1.00213
0.999932
0.999876
1.00015
1.00048
1.00047
1.00056
1.00067
1.00081
1.00065
1.00069
1.00075
1.00082
1.00071
1.00073
1.00076
1.00081
1.00071
1.00073
1.00075
1.00078
1.0007
1.00071
1.00072
1.00074
1.00067
1.00068
1.00069
1.0007
1.00063
1.00064
1.00065
1.00066
1.0006
1.0006
1.00061
1.00061
1.00056
1.00056
1.00057
1.00057
1.00052
1.00052
1.00052
1.00053
1.00048
1.00048
1.00048
1.00048
1.00044
1.00044
1.00044
1.00044
1.00039
1.0004
1.0004
1.0004
1.00035
1.00035
1.00035
1.00036
1.00031
1.00031
1.00031
1.00031
1.00027
1.00027
1.00027
1.00027
1.00023
1.00023
1.00023
1.00023
1.00019
1.00019
1.00019
1.00019
1.00015
1.00015
1.00015
1.00015
1.0001
1.0001
1.0001
1.0001
1.00006
1.00006
1.00006
1.00006
1.00002
1.00002
1.00002
1.00002
1.00285
0.999746
1.00172
1.00525
1.00069
1.00041
1.00075
1.00106
1.00086
1.00092
1.00111
1.00129
1.00087
1.00093
1.00103
1.00111
1.00085
1.00089
1.00094
1.00098
1.00081
1.00084
1.00087
1.00089
1.00076
1.00078
1.0008
1.00081
1.00071
1.00073
1.00074
1.00074
1.00067
1.00067
1.00068
1.00068
1.00062
1.00062
1.00063
1.00063
1.00057
1.00058
1.00058
1.00058
1.00053
1.00053
1.00053
1.00053
1.00048
1.00049
1.00049
1.00049
1.00044
1.00044
1.00044
1.00044
1.0004
1.0004
1.0004
1.0004
1.00036
1.00036
1.00036
1.00036
1.00031
1.00031
1.00031
1.00031
1.00027
1.00027
1.00027
1.00027
1.00023
1.00023
1.00023
1.00023
1.00019
1.00019
1.00019
1.00019
1.00015
1.00015
1.00015
1.00015
1.0001
1.0001
1.0001
1.0001
1.00006
1.00006
1.00006
1.00006
1.00002
1.00002
1.00002
1.00002
)
;
    }
}


// ************************************************************************* //
