/*--------------------------------*- C++ -*----------------------------------*\
  =========                 |
  \\      /  F ield         | OpenFOAM: The Open Source CFD Toolbox
   \\    /   O peration     | Website:  https://openfoam.org
    \\  /    A nd           | Version:  6
     \\/     M anipulation  |
\*---------------------------------------------------------------------------*/
FoamFile
{
    version     2.0;
    format      ascii;
    class       surfaceScalarField;
    location    "0.02";
    object      phi;
}
// * * * * * * * * * * * * * * * * * * * * * * * * * * * * * * * * * * * * * //

dimensions      [0 3 -1 0 0 0 0];

internalField   nonuniform List<scalar> 
3120
(
-1.82951e-08
-3.52531e-09
1.78594e-08
1.62064e-08
-1.66695e-08
8.10225e-09
2.29421e-08
-9.08664e-09
1.17902e-08
1.24409e-08
8.79669e-10
-5.84216e-10
-1.22538e-08
-1.20285e-08
2.28514e-08
1.45973e-08
-9.10882e-09
2.82756e-09
1.92075e-08
-4.28124e-09
4.25533e-09
1.95472e-08
2.13988e-09
1.66448e-08
-4.9538e-08
6.62106e-10
3.49851e-08
1.86061e-08
-1.60535e-08
-1.28442e-08
-1.287e-09
-1.1707e-08
-3.08817e-10
1.72429e-08
6.09441e-09
1.80438e-08
1.67603e-09
1.83822e-08
4.38225e-09
-8.67787e-09
-3.44872e-09
1.16108e-08
-3.39621e-09
-2.30212e-08
2.50932e-08
1.02951e-08
3.32415e-09
1.39271e-08
-6.66501e-09
-3.67659e-09
1.91241e-08
7.30893e-09
-1.88922e-09
-3.46895e-10
1.72608e-08
5.44898e-10
-2.65117e-09
1.07818e-08
-5.24307e-09
4.67779e-09
-4.33236e-09
-6.56944e-09
2.15749e-08
8.50174e-09
-3.76066e-09
7.84654e-10
1.75043e-08
-8.10558e-10
-2.03186e-09
1.59778e-08
-2.79115e-09
1.17823e-08
5.32661e-09
-3.99454e-09
2.20968e-08
4.98685e-09
-4.7553e-09
-7.89463e-09
1.74742e-08
-8.56299e-10
-4.76918e-09
1.60812e-08
2.14542e-10
1.36497e-08
4.02806e-09
2.20271e-08
-7.7608e-09
-3.90675e-09
-1.91832e-09
1.90488e-08
-9.38618e-09
3.63079e-09
1.51288e-08
-3.53907e-10
8.30797e-09
1.75104e-09
4.80294e-09
-3.52089e-09
1.86862e-08
-3.43373e-09
6.35894e-09
-3.1842e-09
1.6609e-08
6.21239e-09
-4.38416e-09
1.30321e-08
-4.61081e-09
1.02467e-08
4.52707e-09
-4.18484e-09
1.97097e-08
-1.99798e-09
5.55204e-09
-4.27684e-09
1.7572e-08
6.11975e-09
-4.25854e-09
1.52845e-08
-3.7967e-09
1.28829e-08
4.8832e-09
-5.19931e-09
2.04459e-08
-2.2179e-09
6.07808e-09
-5.56983e-09
1.75723e-08
6.02231e-09
-4.26929e-09
1.61477e-08
-2.30028e-09
1.3698e-08
5.04008e-09
2.0648e-08
-6.68004e-09
-2.18025e-09
7.01187e-09
1.91822e-08
-7.675e-09
7.55783e-09
1.64014e-08
-6.08781e-09
1.15519e-08
-2.556e-09
4.81872e-09
-2.56411e-09
1.79384e-08
-3.85469e-09
5.52821e-09
-2.7519e-09
1.66188e-08
4.95856e-09
-3.07826e-09
1.47747e-08
-2.9996e-09
1.33422e-08
4.49326e-09
-2.76079e-09
1.84056e-08
-2.99244e-09
5.20589e-09
-3.06796e-09
1.71754e-08
4.99316e-09
-3.23409e-09
1.56531e-08
-2.86642e-09
1.42667e-08
4.23669e-09
-3.11719e-09
1.8815e-08
-2.24941e-09
5.0181e-09
-3.8196e-09
1.75425e-08
5.14469e-09
-3.46664e-09
1.62537e-08
-2.38299e-09
1.47395e-08
3.6216e-09
1.91259e-08
-3.71895e-09
-1.49772e-09
5.30674e-09
1.83597e-08
-4.68233e-09
5.98412e-09
1.665e-08
-4.39264e-09
1.43482e-08
-3.02951e-09
3.19467e-09
-1.88737e-09
1.7379e-08
-2.5968e-09
3.52259e-09
-2.02455e-09
1.66015e-08
3.14332e-09
-2.10918e-09
1.56371e-08
-2.03093e-09
1.48405e-08
3.01429e-09
-1.93885e-09
1.76578e-08
-2.21503e-09
3.41557e-09
-2.18606e-09
1.69356e-08
3.1878e-09
-2.27188e-09
1.60435e-08
-2.09645e-09
1.52379e-08
2.76658e-09
-2.06585e-09
1.79218e-08
-1.74631e-09
3.29807e-09
-2.4552e-09
1.72802e-08
3.27148e-09
-2.42106e-09
1.64294e-08
-2.02658e-09
1.55608e-08
2.38614e-09
1.81993e-08
-2.27697e-09
-1.24843e-09
3.32097e-09
1.77291e-08
-2.75941e-09
3.56666e-09
1.67912e-08
-2.80792e-09
1.56862e-08
-2.32887e-09
2.00663e-09
-1.4079e-09
1.70131e-08
-1.65309e-09
2.15845e-09
-1.49812e-09
1.65562e-08
1.94572e-09
-1.53025e-09
1.60252e-08
-1.48952e-09
1.55676e-08
1.90738e-09
-1.39513e-09
1.7212e-08
-1.47437e-09
2.11708e-09
-1.55543e-09
1.67833e-08
1.97063e-09
-1.60862e-09
1.62683e-08
-1.54364e-09
1.57999e-08
1.74669e-09
-1.40316e-09
1.74049e-08
-1.22179e-09
2.05133e-09
-1.61005e-09
1.70302e-08
2.00028e-09
-1.65736e-09
1.65292e-08
-1.53795e-09
1.60339e-08
1.534e-09
1.7601e-08
-1.4048e-09
-9.34004e-10
1.99958e-09
1.73084e-08
-1.65486e-09
2.08147e-09
1.68012e-08
-1.74929e-09
1.62329e-08
-1.60632e-09
1.27342e-09
-1.05364e-09
1.67787e-08
-1.06792e-09
1.34819e-09
-1.11542e-09
1.65051e-08
1.22888e-09
-1.13847e-09
1.61989e-08
-1.12343e-09
1.59285e-08
1.2126e-09
-1.01331e-09
1.69278e-08
-9.68664e-10
1.32275e-09
-1.11186e-09
1.66695e-08
1.23746e-09
-1.15306e-09
1.63682e-08
-1.1356e-09
1.60917e-08
1.11493e-09
-9.66605e-10
1.70693e-08
-8.25981e-10
1.27726e-09
-1.08636e-09
1.68423e-08
1.24189e-09
-1.13861e-09
1.65501e-08
-1.11126e-09
1.62636e-08
9.88317e-10
1.71984e-08
-8.91328e-10
-6.61028e-10
1.22198e-09
1.70207e-08
-1.03237e-09
1.25421e-09
1.67386e-08
-1.10821e-09
1.64309e-08
-1.07997e-09
8.23781e-10
-7.85565e-10
1.66247e-08
-7.01699e-10
8.64272e-10
-8.29527e-10
1.64574e-08
7.97347e-10
-8.49567e-10
1.62738e-08
-8.47219e-10
1.6109e-08
7.82598e-10
-7.38033e-10
1.67368e-08
-6.3915e-10
8.44205e-10
-8.00783e-10
1.65792e-08
7.97219e-10
-8.32905e-10
1.63985e-08
-8.33454e-10
1.62312e-08
7.20955e-10
-6.75598e-10
1.68389e-08
-5.53068e-10
8.10782e-10
-7.4937e-10
1.67011e-08
7.91709e-10
-7.91215e-10
1.65275e-08
-7.93039e-10
1.63574e-08
6.42196e-10
1.69202e-08
-5.84542e-10
-4.55029e-10
7.66866e-10
1.68165e-08
-6.69815e-10
7.83617e-10
1.66548e-08
-7.24171e-10
1.64802e-08
-7.30549e-10
5.43028e-10
-5.83277e-10
1.65201e-08
-4.67549e-10
5.67747e-10
-6.15322e-10
1.64159e-08
5.30954e-10
-6.32337e-10
1.63022e-08
-6.35199e-10
1.61987e-08
5.13521e-10
-5.38614e-10
1.66037e-08
-4.25065e-10
5.51322e-10
-5.80443e-10
1.65065e-08
5.27175e-10
-6.04986e-10
1.63953e-08
-6.11344e-10
1.62911e-08
4.72639e-10
-4.78587e-10
1.66762e-08
-3.69932e-10
5.26482e-10
-5.26243e-10
1.65931e-08
5.18803e-10
-5.57405e-10
1.64876e-08
-5.67105e-10
1.63834e-08
4.21739e-10
1.67243e-08
-3.95428e-10
-3.09002e-10
4.93959e-10
1.66678e-08
-4.49802e-10
5.06236e-10
1.65732e-08
-4.88082e-10
1.64699e-08
-5.02584e-10
3.63944e-10
-4.31763e-10
1.6447e-08
-3.15224e-10
3.80873e-10
-4.55393e-10
1.63813e-08
3.61471e-10
-4.69228e-10
1.63089e-08
-4.73688e-10
1.62419e-08
3.42279e-10
-3.93898e-10
1.65087e-08
-2.85172e-10
3.67676e-10
-4.22792e-10
1.64485e-08
3.56684e-10
-4.41318e-10
1.63784e-08
-4.48743e-10
1.63116e-08
3.14106e-10
-3.42919e-10
1.65593e-08
-2.48187e-10
3.49165e-10
-3.74899e-10
1.65101e-08
3.48365e-10
-3.97682e-10
1.64448e-08
-4.08207e-10
1.63789e-08
2.80047e-10
1.65846e-08
-2.74612e-10
-2.08718e-10
3.25478e-10
1.65582e-08
-3.10731e-10
3.36371e-10
1.65024e-08
-3.37787e-10
1.64391e-08
-3.52167e-10
2.47429e-10
-3.19003e-10
1.63949e-08
-2.14721e-10
2.60012e-10
-3.36492e-10
1.63532e-08
2.50522e-10
-3.47387e-10
1.63061e-08
-3.51877e-10
1.62617e-08
2.31392e-10
-2.88693e-10
1.644e-08
-1.93033e-10
2.49654e-10
-3.09126e-10
1.64029e-08
2.45924e-10
-3.23013e-10
1.63578e-08
-3.29805e-10
1.63138e-08
2.11479e-10
-2.48017e-10
1.64746e-08
-1.67424e-10
2.35858e-10
-2.70089e-10
1.64467e-08
2.38691e-10
-2.86698e-10
1.64056e-08
-2.95919e-10
1.63629e-08
1.8805e-10
1.64843e-08
-1.94725e-10
-1.40976e-10
2.1863e-10
1.6477e-08
-2.1944e-10
2.28624e-10
1.64444e-08
-2.38707e-10
1.64046e-08
-2.50772e-10
1.70294e-10
-2.35438e-10
1.63573e-08
-1.47624e-10
1.80062e-10
-2.48386e-10
1.63309e-08
1.76073e-10
-2.56783e-10
1.62997e-08
-2.60714e-10
1.62696e-08
1.58403e-10
-2.12013e-10
1.639e-08
-1.31823e-10
1.72082e-10
-2.26676e-10
1.63675e-08
1.72114e-10
-2.37039e-10
1.6338e-08
-2.42706e-10
1.63084e-08
1.44106e-10
-1.8068e-10
1.64129e-08
-1.13721e-10
1.61811e-10
-1.96219e-10
1.63985e-08
1.662e-10
-2.08346e-10
1.63725e-08
-2.15821e-10
1.63442e-08
1.27655e-10
1.64117e-08
-1.40234e-10
-9.55317e-11
1.49245e-10
1.64167e-08
-1.57505e-10
1.58188e-10
1.63985e-08
-1.71326e-10
1.63729e-08
-1.80835e-10
1.18444e-10
-1.73655e-10
1.633e-08
-1.02358e-10
1.2615e-10
-1.83232e-10
1.63136e-08
1.25081e-10
-1.89613e-10
1.62926e-08
-1.92836e-10
1.62718e-08
1.09634e-10
-1.55951e-10
1.63535e-08
-9.07934e-11
1.20082e-10
-1.66569e-10
1.63404e-08
1.21856e-10
-1.74278e-10
1.63209e-08
-1.78798e-10
1.63006e-08
9.92708e-11
-1.32319e-10
1.63678e-08
-7.78273e-11
1.12447e-10
-1.43409e-10
1.63622e-08
1.17184e-10
-1.52282e-10
1.63458e-08
-1.58124e-10
1.63267e-08
8.75513e-11
1.6359e-08
-1.02094e-10
-6.50766e-11
1.03253e-10
1.63719e-08
-1.14341e-10
1.10977e-10
1.63628e-08
-1.24315e-10
1.63463e-08
-1.31597e-10
8.31154e-11
-1.28022e-10
1.63101e-08
-7.15188e-11
8.92003e-11
-1.35097e-10
1.63002e-08
8.95705e-11
-1.399e-10
1.6286e-08
-1.42449e-10
1.62715e-08
7.65974e-11
-1.14837e-10
1.63267e-08
-6.3037e-11
8.46296e-11
-1.22568e-10
1.63198e-08
8.70282e-11
-1.28289e-10
1.63069e-08
-1.31801e-10
1.62928e-08
6.90441e-11
-9.72443e-11
1.63348e-08
-5.36702e-11
7.89642e-11
-1.0523e-10
1.63349e-08
8.34138e-11
-1.11733e-10
1.63248e-08
-1.16208e-10
1.63118e-08
6.06121e-11
1.63206e-08
-7.48575e-11
-4.46097e-11
7.22226e-11
1.63387e-08
-8.36315e-11
7.86812e-11
1.63354e-08
-9.08605e-11
1.63249e-08
-9.63518e-11
5.87521e-11
-9.43206e-11
1.62956e-08
-5.03085e-11
6.35259e-11
-9.95404e-11
1.62901e-08
6.45097e-11
-1.03131e-10
1.62804e-08
-1.05101e-10
1.62701e-08
5.39375e-11
-8.45974e-11
1.63072e-08
-4.40827e-11
6.01065e-11
-9.02426e-11
1.63044e-08
6.2547e-11
-9.44779e-11
1.62958e-08
-9.7163e-11
1.62859e-08
4.84154e-11
-7.16083e-11
1.63107e-08
-3.72803e-11
5.59108e-11
-7.73928e-11
1.63146e-08
5.97908e-11
-8.21627e-11
1.63086e-08
-8.55464e-11
1.62997e-08
4.23096e-11
1.62926e-08
-5.51154e-11
-3.07816e-11
5.09622e-11
1.63141e-08
-6.14438e-11
5.62201e-11
1.63147e-08
-6.6699e-11
1.63081e-08
-7.08027e-11
4.17649e-11
-6.94127e-11
1.62849e-08
-3.55843e-11
4.54749e-11
-7.3257e-11
1.62825e-08
4.6632e-11
-7.59268e-11
1.62759e-08
-7.74267e-11
1.62686e-08
3.82156e-11
-6.22914e-11
1.62928e-08
-3.10157e-11
4.2931e-11
-6.64191e-11
1.62928e-08
4.51388e-11
-6.95468e-11
1.62872e-08
-7.15749e-11
1.62802e-08
3.41737e-11
-5.27558e-11
1.6293e-08
-2.60615e-11
3.98312e-11
-5.69595e-11
1.62995e-08
4.30595e-11
-6.04573e-11
1.62963e-08
-6.2993e-11
1.62902e-08
2.97362e-11
1.62721e-08
-4.06491e-11
-2.13724e-11
3.61989e-11
1.62959e-08
-4.52324e-11
4.03867e-11
1.62991e-08
-4.90587e-11
1.62952e-08
-5.21062e-11
2.9798e-11
-5.09737e-11
1.62772e-08
-2.52668e-11
3.26503e-11
-5.37978e-11
1.62768e-08
3.37613e-11
-5.57726e-11
1.62723e-08
-5.6901e-11
1.62671e-08
2.71888e-11
-4.57867e-11
1.62824e-08
-2.19193e-11
3.07677e-11
-4.88031e-11
1.62842e-08
3.26382e-11
-5.11054e-11
1.62807e-08
-5.26229e-11
1.62757e-08
2.42323e-11
-3.88186e-11
1.62802e-08
-1.83088e-11
2.84849e-11
-4.18766e-11
1.62883e-08
3.10836e-11
-4.44378e-11
1.6287e-08
-4.63237e-11
1.62829e-08
2.10034e-11
1.62572e-08
-2.99609e-11
-1.49155e-11
2.58229e-11
1.62825e-08
-3.32861e-11
2.90969e-11
1.62875e-08
-3.6072e-11
1.62855e-08
-3.83227e-11
2.12802e-11
-3.72824e-11
1.62716e-08
-1.7965e-11
2.34469e-11
-3.93481e-11
1.62726e-08
2.4415e-11
-4.08e-11
1.62696e-08
-4.16398e-11
1.62658e-08
1.93706e-11
-3.35256e-11
1.62748e-08
-1.55209e-11
2.20623e-11
-3.57236e-11
1.62779e-08
2.35792e-11
-3.74103e-11
1.62758e-08
-3.85352e-11
1.62722e-08
1.72147e-11
-2.84601e-11
1.62708e-08
-1.28952e-11
2.03894e-11
-3.06809e-11
1.62801e-08
2.24272e-11
-3.25497e-11
1.62801e-08
-3.39413e-11
1.62773e-08
1.48694e-11
1.62463e-08
-2.20078e-11
-1.04405e-11
1.84456e-11
1.62727e-08
-2.44177e-11
2.09616e-11
1.62789e-08
-2.64413e-11
1.62781e-08
-2.80933e-11
1.51473e-11
-2.70617e-11
1.62676e-08
-1.27379e-11
1.67688e-11
-2.8561e-11
1.62695e-08
1.75624e-11
-2.96188e-11
1.62676e-08
-3.02363e-11
1.62648e-08
1.37607e-11
-2.43626e-11
1.62693e-08
-1.09664e-11
1.57598e-11
-2.59536e-11
1.62733e-08
1.69479e-11
-2.71793e-11
1.62721e-08
-2.80036e-11
1.62696e-08
1.21994e-11
-2.07091e-11
1.6264e-08
-9.06847e-12
1.45439e-11
-2.23125e-11
1.62741e-08
1.61039e-11
-2.36663e-11
1.62751e-08
-2.46827e-11
1.62732e-08
1.05061e-11
1.62384e-08
-1.6044e-11
-7.30145e-12
1.31352e-11
1.62655e-08
-1.77813e-11
1.50337e-11
1.62725e-08
-1.92422e-11
1.62727e-08
-2.04438e-11
1.06665e-11
-1.93594e-11
1.62647e-08
-8.94033e-12
1.18547e-11
-2.04319e-11
1.62673e-08
1.24736e-11
-2.11906e-11
1.62661e-08
-2.16363e-11
1.6264e-08
9.67437e-12
-1.74473e-11
1.62654e-08
-7.67441e-12
1.11308e-11
-1.85832e-11
1.627e-08
1.20301e-11
-1.94606e-11
1.62695e-08
-2.00543e-11
1.62677e-08
8.55934e-12
-1.48494e-11
1.62591e-08
-6.32089e-12
1.02603e-11
-1.59921e-11
1.62698e-08
1.14223e-11
-1.6959e-11
1.62714e-08
-1.76891e-11
1.62702e-08
7.35294e-12
1.62328e-08
-1.15238e-11
-5.06463e-12
9.25401e-12
1.62604e-08
-1.27605e-11
1.06537e-11
1.6268e-08
-1.38012e-11
1.62688e-08
-1.46618e-11
7.32472e-12
-1.34586e-11
1.62627e-08
-6.12323e-12
8.16593e-12
-1.42041e-11
1.62657e-08
8.62343e-12
-1.47324e-11
1.6265e-08
-1.50442e-11
1.62635e-08
6.63497e-12
-1.21408e-11
1.62627e-08
-5.24392e-12
7.66175e-12
-1.29293e-11
1.62677e-08
8.31315e-12
-1.35395e-11
1.62677e-08
-1.39542e-11
1.62663e-08
5.86082e-12
-1.03443e-11
1.62558e-08
-4.30505e-12
7.05631e-12
-1.11366e-11
1.62668e-08
7.88877e-12
-1.1808e-11
1.62688e-08
-1.2317e-11
1.62681e-08
5.02477e-12
1.62289e-08
-8.03943e-12
-3.43568e-12
6.35763e-12
1.62568e-08
-8.89621e-12
7.35308e-12
1.62648e-08
-9.61751e-12
1.6266e-08
-1.02161e-11
4.7627e-12
-8.81467e-12
1.62614e-08
-3.97398e-12
5.32173e-12
-9.30302e-12
1.62647e-08
5.63474e-12
-9.64956e-12
1.62643e-08
-9.85469e-12
1.62631e-08
4.31085e-12
-7.95737e-12
1.62609e-08
-3.39848e-12
4.991e-12
-8.4735e-12
1.62662e-08
5.43055e-12
-8.87353e-12
1.62664e-08
-9.14622e-12
1.62654e-08
3.8041e-12
-6.78577e-12
1.62536e-08
-2.78442e-12
4.59411e-12
-7.30384e-12
1.62648e-08
5.15152e-12
-7.74351e-12
1.62671e-08
-8.07788e-12
1.62667e-08
3.25759e-12
1.62264e-08
-5.27962e-12
-2.21656e-12
4.13667e-12
1.62545e-08
-5.83971e-12
4.79975e-12
1.62627e-08
-6.31151e-12
1.62642e-08
-6.7041e-12
2.77044e-12
-5.05219e-12
1.62607e-08
-2.31003e-12
3.09943e-12
-5.33305e-12
1.62641e-08
3.28673e-12
-5.53273e-12
1.62639e-08
-5.65156e-12
1.62629e-08
2.51069e-12
-4.56099e-12
1.62599e-08
-1.98003e-12
2.90882e-12
-4.8577e-12
1.62653e-08
3.16841e-12
-5.08856e-12
1.62657e-08
-5.24691e-12
1.62649e-08
2.21936e-12
-3.89013e-12
1.62523e-08
-1.62821e-12
2.67972e-12
-4.18725e-12
1.62637e-08
3.00634e-12
-4.44101e-12
1.62662e-08
-4.63537e-12
1.62659e-08
1.90579e-12
1.62249e-08
-3.02776e-12
-1.30374e-12
2.41574e-12
1.62531e-08
-3.34788e-12
2.80191e-12
1.62615e-08
-3.6201e-12
1.62632e-08
-3.84819e-12
1.43306e-12
-2.27779e-12
-1.19944e-12
1.60073e-12
-2.41031e-12
1.6964e-12
-2.50538e-12
-2.56373e-12
1.31082e-12
-2.04107e-12
-1.04421e-12
1.50986e-12
-2.18506e-12
1.63816e-12
-2.29764e-12
-2.37687e-12
1.16998e-12
-1.72304e-12
-8.73284e-13
1.39791e-12
-1.8715e-12
1.55687e-12
-1.99827e-12
-2.09692e-12
1.01359e-12
-1.32119e-12
-7.09319e-13
1.26563e-12
-1.48201e-12
1.45302e-12
-1.62215e-12
-1.73931e-12
4.64971e-09
9.13531e-09
7.88474e-09
-7.88602e-09
-1.36407e-09
4.24695e-10
1.52604e-08
-1.74776e-08
3.19869e-08
9.56675e-09
6.51817e-08
-7.12477e-09
1.41223e-09
7.51971e-09
1.47279e-08
-3.04611e-09
-1.57305e-08
8.50925e-09
2.41228e-08
-1.7872e-07
1.85622e-07
2.61834e-08
7.96551e-09
-2.53453e-08
-1.51322e-08
3.37191e-09
2.71395e-08
6.32285e-09
-5.59171e-08
1.54288e-08
5.18776e-08
-3.09193e-08
8.39077e-08
9.74246e-08
1.28811e-08
2.32443e-08
-1.33121e-08
2.84859e-08
4.46348e-09
-2.07806e-08
1.8565e-08
5.26609e-09
8.0887e-08
5.28981e-08
-1.9784e-09
-1.3861e-08
1.46985e-08
1.2648e-09
-1.34391e-09
-1.43711e-08
1.96108e-08
-2.93546e-10
-9.32771e-09
1.74902e-08
1.30094e-09
1.26206e-09
-3.79659e-09
-1.49124e-08
1.67839e-08
2.79191e-09
-6.63211e-09
-1.637e-08
2.89572e-08
2.09897e-09
-2.1982e-08
3.01066e-08
-1.84416e-08
7.03388e-09
-5.66516e-09
-5.77697e-09
2.03125e-08
3.35675e-09
-1.30661e-08
6.74705e-09
3.61615e-08
7.35711e-09
1.07447e-09
5.39449e-08
-1.13768e-08
2.54212e-08
-3.45519e-09
2.28733e-08
3.29087e-09
-1.24682e-08
3.4325e-08
8.43997e-09
6.10533e-08
4.2459e-08
1.31953e-10
-6.73355e-09
1.273e-08
1.89008e-09
4.01117e-09
-9.96558e-09
1.80221e-08
8.60073e-09
-1.05801e-08
1.73929e-08
-7.59063e-09
1.06563e-08
-1.9563e-09
-5.9149e-09
1.55618e-08
2.35985e-09
2.01242e-09
-8.82868e-09
2.38516e-08
9.07479e-09
-1.43205e-08
2.67847e-08
-1.25612e-08
1.58954e-08
-3.17585e-09
-3.18362e-09
1.81544e-08
2.60265e-09
-9.02177e-10
-3.06277e-09
2.81219e-08
9.60795e-09
-7.92305e-09
3.70373e-08
-9.88496e-09
2.58587e-08
-3.12506e-09
2.02091e-08
2.60563e-09
-1.78104e-09
2.99182e-08
8.68589e-09
4.26633e-08
3.37948e-08
1.53097e-10
-3.90585e-09
1.18454e-08
9.18417e-10
3.18828e-09
-5.90111e-09
1.62057e-08
6.14285e-09
-7.26576e-09
1.73114e-08
-5.68455e-09
1.51676e-08
-9.28662e-10
-3.10554e-09
1.44347e-08
1.25544e-09
1.9305e-09
-4.99462e-09
2.00859e-08
6.51885e-09
-7.84978e-09
2.27804e-08
-7.33375e-09
1.91985e-08
-1.56097e-09
-1.6013e-09
1.67979e-08
1.4132e-09
5.36905e-10
-2.39477e-09
2.34242e-08
6.18103e-09
-4.81317e-09
2.83566e-08
-5.10126e-09
2.4642e-08
-1.70095e-09
1.89229e-08
1.38588e-09
-8.65126e-11
2.5909e-08
5.35884e-09
3.24048e-08
2.90714e-08
3.25571e-10
-2.3452e-09
1.11636e-08
4.24443e-10
1.94735e-09
-3.29954e-09
1.51241e-08
3.4123e-09
-3.99836e-09
1.70369e-08
-3.38458e-09
1.68398e-08
-1.69297e-10
-1.8895e-09
1.35609e-08
5.87362e-10
1.37117e-09
-2.88677e-09
1.81327e-08
3.52277e-09
-4.06227e-09
2.06927e-08
-3.77319e-09
2.00769e-08
-4.87779e-10
-1.05952e-09
1.57962e-08
6.5949e-10
7.75038e-10
-1.62594e-09
2.09005e-08
3.32106e-09
-2.59206e-09
2.43403e-08
-2.51145e-09
2.36164e-08
-5.93617e-10
1.78243e-08
6.32662e-10
4.72918e-10
2.32166e-08
2.95814e-09
2.73275e-08
2.6601e-08
2.97653e-10
-1.43474e-09
1.07011e-08
1.94783e-10
1.14567e-09
-1.88216e-09
1.45034e-08
1.87224e-09
-2.18435e-09
1.67454e-08
-1.96879e-09
1.73578e-08
7.58681e-11
-1.17109e-09
1.29557e-08
2.65692e-10
9.01213e-10
-1.66088e-09
1.70861e-08
1.88262e-09
-2.11885e-09
1.96458e-08
-1.95951e-09
2.01519e-08
-7.60221e-11
-6.68228e-10
1.50763e-08
2.93073e-10
6.50895e-10
-9.84885e-10
1.94976e-08
1.79e-09
-1.3656e-09
2.2448e-08
-1.26677e-09
2.29225e-08
-1.31148e-10
1.7017e-08
2.70185e-10
5.08391e-10
2.15921e-08
1.63919e-09
2.48311e-08
2.52751e-08
2.21778e-10
-9.04123e-10
1.03962e-08
9.58964e-11
6.8888e-10
-1.12145e-09
1.41254e-08
1.07549e-09
-1.25869e-09
1.65093e-08
-1.18394e-09
1.74688e-08
1.20636e-10
-7.42403e-10
1.25488e-08
1.24577e-10
5.80432e-10
-9.77817e-10
1.64826e-08
1.06334e-09
-1.16016e-09
1.90643e-08
-1.08328e-09
2.00238e-08
5.08677e-11
-4.2872e-10
1.45802e-08
1.31608e-10
4.70699e-10
-5.87051e-10
1.8687e-08
1.01345e-09
-7.35402e-10
2.14805e-08
-6.75424e-10
2.24565e-08
2.69475e-11
1.64479e-08
1.13444e-10
4.03637e-10
2.06284e-08
9.41732e-10
2.35576e-08
2.45256e-08
1.52221e-10
-5.86502e-10
1.01916e-08
5.43295e-11
4.25256e-10
-6.98491e-10
1.3881e-08
6.4873e-10
-7.67613e-10
1.63293e-08
-7.43757e-10
1.74456e-08
1.04499e-10
-4.81219e-10
1.22746e-08
6.43769e-11
3.73441e-10
-5.97521e-10
1.61127e-08
6.33792e-10
-6.75272e-10
1.87116e-08
-6.40323e-10
1.98681e-08
7.23323e-11
-2.78963e-10
1.42423e-08
6.32526e-11
3.21611e-10
-3.57436e-10
1.81977e-08
6.02662e-10
-4.16703e-10
2.09408e-08
-3.85455e-10
2.21381e-08
6.27086e-11
1.60565e-08
4.97033e-11
2.88376e-10
2.00453e-08
5.63264e-10
2.2866e-08
2.40741e-08
9.97631e-11
-3.91486e-10
1.00515e-08
3.64136e-11
2.68451e-10
-4.53251e-10
1.37158e-08
4.07997e-10
-4.92008e-10
1.61937e-08
-4.86955e-10
1.73848e-08
7.62814e-11
-3.19624e-10
1.20878e-08
3.86435e-11
2.41609e-10
-3.80124e-10
1.58743e-08
3.94766e-10
-4.16727e-10
1.84832e-08
-4.01589e-10
1.97309e-08
6.11973e-11
-1.85216e-10
1.40119e-08
3.48536e-11
2.14946e-10
-2.25315e-10
1.78891e-08
3.73687e-10
-2.50508e-10
2.06159e-08
-2.35031e-10
2.19163e-08
5.76333e-11
1.57887e-08
2.50384e-11
1.9715e-10
1.96805e-08
3.4965e-10
2.2463e-08
2.37854e-08
6.33043e-11
-2.68167e-10
9.95396e-09
2.77741e-11
1.72515e-10
-3.04721e-10
1.36005e-08
2.65274e-10
-3.28628e-10
1.60917e-08
-3.30259e-10
1.73206e-08
5.11838e-11
-2.17431e-10
1.19589e-08
2.7e-11
1.57403e-10
-2.51059e-10
1.57144e-08
2.54565e-10
-2.70476e-10
1.83279e-08
-2.64517e-10
1.96204e-08
4.39774e-11
-1.25638e-10
1.38533e-08
2.2814e-11
1.42496e-10
-1.47261e-10
1.76868e-08
2.39703e-10
-1.59105e-10
2.04073e-08
-1.51669e-10
2.17585e-08
4.28966e-11
1.56043e-08
1.578e-11
1.32226e-10
1.94439e-08
2.24032e-10
2.22121e-08
2.35912e-08
3.91691e-11
-1.87725e-10
9.88517e-09
2.26155e-11
1.12525e-10
-2.10793e-10
1.35185e-08
1.77009e-10
-2.26654e-10
1.60152e-08
-2.30294e-10
1.72639e-08
3.25824e-11
-1.51087e-10
1.18688e-08
2.09083e-11
1.03344e-10
-1.71169e-10
1.5604e-08
1.68651e-10
-1.82771e-10
1.82187e-08
-1.80979e-10
1.95344e-08
2.90816e-11
-8.69692e-11
1.37429e-08
1.71592e-11
9.43894e-11
-9.94534e-11
1.75498e-08
1.57971e-10
-1.0579e-10
2.02667e-08
-1.02346e-10
2.1644e-08
2.89744e-11
1.54763e-08
1.21239e-11
8.80906e-11
1.92853e-08
1.47353e-10
2.20471e-08
2.34555e-08
2.36996e-11
-1.33667e-10
9.83614e-09
1.87673e-11
7.43546e-11
-1.49007e-10
1.34594e-08
1.20522e-10
-1.60055e-10
1.59578e-08
-1.63916e-10
1.72174e-08
1.99278e-11
-1.06828e-10
1.1805e-08
1.69687e-11
6.84226e-11
-1.19652e-10
1.55262e-08
1.14112e-10
-1.27285e-10
1.81402e-08
-1.27304e-10
1.94684e-08
1.82072e-11
-6.1248e-11
1.36652e-08
1.38815e-11
6.27305e-11
-6.89902e-11
1.74546e-08
1.06367e-10
-7.28579e-11
2.01687e-08
-7.1369e-11
2.156e-08
1.84479e-11
1.53863e-08
1.0264e-11
5.86881e-11
1.91761e-08
9.90112e-11
2.19339e-08
2.3358e-08
1.40206e-11
-9.63795e-11
9.8009e-09
1.55101e-11
4.97092e-11
-1.06984e-10
1.34163e-08
8.33645e-11
-1.14913e-10
1.59147e-08
-1.18357e-10
1.71805e-08
1.17504e-11
-7.6552e-11
1.17595e-08
1.39242e-11
4.56979e-11
-8.51988e-11
1.54704e-08
7.84989e-11
-9.05574e-11
1.80831e-08
-9.12816e-11
1.94181e-08
1.09023e-11
-4.37268e-11
1.361e-08
1.14859e-11
4.19259e-11
-4.88403e-11
1.73872e-08
7.28546e-11
-5.14589e-11
2.00986e-08
-5.09144e-11
2.14977e-08
1.12365e-11
1.53225e-08
8.87345e-12
3.92466e-11
1.90992e-08
6.76866e-11
2.1854e-08
2.32868e-08
8.08631e-12
-7.01064e-11
9.7754e-09
1.26536e-11
3.35868e-11
-7.76347e-11
1.33848e-08
5.83736e-11
-8.3422e-11
1.58825e-08
-8.62762e-11
1.71518e-08
6.65776e-12
-5.53919e-11
1.17268e-08
1.13575e-11
3.07881e-11
-6.14553e-11
1.54301e-08
5.47055e-11
-6.53611e-11
1.80411e-08
-6.62817e-11
1.93801e-08
6.24414e-12
-3.15371e-11
1.35705e-08
9.47605e-12
2.8214e-11
-3.50803e-11
1.73388e-08
5.05814e-11
-3.69719e-11
2.00479e-08
-3.68689e-11
2.14513e-08
6.57232e-12
1.52768e-08
7.57965e-12
2.63977e-11
1.90443e-08
4.69162e-11
2.17965e-08
2.32342e-08
4.51719e-12
-5.12837e-11
9.75689e-09
1.01672e-11
2.29109e-11
-5.67189e-11
1.33617e-08
4.12593e-11
-6.098e-11
1.58584e-08
-6.32543e-11
1.71299e-08
3.58433e-12
-4.03439e-11
1.17031e-08
9.1492e-12
2.09184e-11
-4.47056e-11
1.54008e-08
3.85091e-11
-4.76068e-11
1.80101e-08
-4.84998e-11
1.93515e-08
3.38911e-12
-2.29065e-11
1.35419e-08
7.71788e-12
1.9126e-11
-2.5442e-11
1.73038e-08
3.54915e-11
-2.68547e-11
2.00108e-08
-2.69432e-11
2.14166e-08
3.67625e-12
1.52439e-08
6.33548e-12
1.78752e-11
1.90047e-08
3.28752e-11
2.17546e-08
2.31951e-08
2.4144e-12
-3.7626e-11
9.7434e-09
8.04688e-12
1.57589e-11
-4.15883e-11
1.33447e-08
2.93623e-11
-4.4737e-11
1.58405e-08
-4.65055e-11
1.71133e-08
1.78726e-12
-2.94951e-11
1.16859e-08
7.2657e-12
1.4323e-11
-3.26794e-11
1.53793e-08
2.73105e-11
-3.48507e-11
1.79872e-08
-3.56291e-11
1.933e-08
1.70176e-12
-1.67087e-11
1.35212e-08
6.1874e-12
1.3058e-11
-1.85582e-11
1.72784e-08
2.51022e-11
-1.96274e-11
1.99835e-08
-1.97847e-11
2.13908e-08
1.93942e-12
1.522e-08
5.17698e-12
1.21873e-11
1.89759e-08
2.32262e-11
2.1724e-08
2.31661e-08
1.20592e-12
-2.7617e-11
9.73358e-09
6.27618e-12
1.09121e-11
-3.05181e-11
1.33323e-08
2.0985e-11
-3.28446e-11
1.58272e-08
-3.41963e-11
1.71008e-08
7.75312e-13
-2.15874e-11
1.16735e-08
5.68612e-12
9.87107e-12
-2.39283e-11
1.53636e-08
1.94622e-11
-2.55544e-11
1.79704e-08
-2.61949e-11
1.93139e-08
7.44055e-13
-1.22065e-11
1.35062e-08
4.8802e-12
8.97106e-12
-1.35681e-11
1.72598e-08
1.7848e-11
-1.4379e-11
1.99635e-08
-1.45468e-11
2.13716e-08
9.34338e-13
1.52028e-08
4.1412e-12
8.36049e-12
1.89549e-08
1.64998e-11
2.17015e-08
2.31445e-08
5.34155e-13
-2.02187e-11
9.72643e-09
4.8227e-12
7.58801e-12
-2.23421e-11
1.33231e-08
1.50155e-11
-2.40553e-11
1.58174e-08
-2.50734e-11
1.70915e-08
2.34552e-13
-1.57684e-11
1.16644e-08
4.38266e-12
6.83258e-12
-1.74905e-11
1.53522e-08
1.38927e-11
-1.8703e-11
1.7958e-08
-1.92107e-11
1.9302e-08
2.28985e-13
-8.90297e-12
1.34954e-08
3.78526e-12
6.19005e-12
-9.90712e-12
1.72462e-08
1.27168e-11
-1.0519e-11
1.99487e-08
-1.06714e-11
2.13574e-08
3.77645e-13
1.51902e-08
3.24594e-12
5.76037e-12
1.89396e-08
1.17482e-11
2.1685e-08
2.31286e-08
1.78916e-13
-1.47009e-11
9.72127e-09
3.64342e-12
5.27724e-12
-1.62463e-11
1.33165e-08
1.07086e-11
-1.74981e-11
1.58102e-08
-1.82536e-11
1.70846e-08
-3.05186e-14
-1.14445e-11
1.16578e-08
3.31962e-12
4.73172e-12
-1.27042e-11
1.53439e-08
9.8888e-12
-1.36e-11
1.79489e-08
-1.39907e-11
1.92932e-08
-2.50926e-14
-6.45406e-12
1.34875e-08
2.88157e-12
4.27394e-12
-7.19062e-12
1.72364e-08
9.03819e-12
-7.64737e-12
1.9938e-08
-7.77479e-12
2.1347e-08
8.84341e-14
1.51812e-08
2.49051e-12
3.97183e-12
1.89285e-08
8.34527e-12
2.16729e-08
2.31169e-08
6.67664e-15
-1.05375e-11
9.71759e-09
2.69092e-12
3.64355e-12
-1.16469e-11
1.33118e-08
7.5538e-12
-1.25479e-11
1.5805e-08
-1.30974e-11
1.70796e-08
-1.38882e-13
-8.19187e-12
1.16532e-08
2.45702e-12
3.25471e-12
-9.10037e-12
1.53379e-08
6.96498e-12
-9.75114e-12
1.79424e-08
-1.0043e-11
1.92869e-08
-1.29899e-13
-4.61554e-12
1.34819e-08
2.14125e-12
2.93191e-12
-5.14818e-12
1.72294e-08
6.35828e-12
-5.48287e-12
1.99303e-08
-5.58334e-12
2.13395e-08
-4.54632e-14
1.51748e-08
1.86157e-12
2.72129e-12
1.89206e-08
5.86839e-12
2.16643e-08
2.31085e-08
-6.15638e-14
-7.34005e-12
9.71503e-09
1.91742e-12
2.46209e-12
-8.11424e-12
1.33085e-08
5.19471e-12
-8.74398e-12
1.58014e-08
-9.13056e-12
1.70762e-08
-1.60516e-13
-5.70045e-12
1.16499e-08
1.75367e-12
2.19252e-12
-6.33692e-12
1.53338e-08
4.78429e-12
-6.79516e-12
1.79379e-08
-7.00449e-12
1.92825e-08
-1.51659e-13
-3.20986e-12
1.34781e-08
1.53293e-12
1.97053e-12
-3.58393e-12
1.72245e-08
4.36356e-12
-3.82125e-12
1.9925e-08
-3.89597e-12
2.13343e-08
-9.12998e-14
1.51703e-08
1.3385e-12
1.82692e-12
1.89151e-08
4.02603e-12
2.16583e-08
2.31026e-08
-6.72551e-14
-4.81636e-12
9.71336e-09
1.27551e-12
1.58559e-12
-5.32515e-12
1.33063e-08
3.38365e-12
-5.73947e-12
1.57991e-08
-5.99491e-12
1.70739e-08
-1.3132e-13
-3.73905e-12
1.16478e-08
1.1679e-12
1.40889e-12
-4.1588e-12
1.53311e-08
3.11384e-12
-4.46194e-12
1.79349e-08
-4.60193e-12
1.92796e-08
-1.24923e-13
-2.10529e-12
1.34755e-08
1.02302e-12
1.26389e-12
-2.35322e-12
1.72213e-08
2.83806e-12
-2.51133e-12
1.99214e-08
-2.56241e-12
2.13308e-08
-8.54078e-14
1.51674e-08
8.95855e-13
1.17015e-12
1.89115e-08
2.61748e-12
2.16543e-08
2.30987e-08
-1.32161e-14
-2.76495e-12
9.71239e-09
7.17917e-13
9.4442e-13
-3.05654e-12
1.3305e-08
1.98448e-12
-3.29574e-12
1.57977e-08
-3.444e-12
1.70726e-08
-5.13908e-14
-2.15161e-12
1.16466e-08
6.57112e-13
8.40041e-13
-2.39243e-12
1.53296e-08
1.82575e-12
-2.56708e-12
1.79332e-08
-2.6479e-12
1.92779e-08
-5.04408e-14
-1.22074e-12
1.34741e-08
5.75155e-13
7.53119e-13
-1.36314e-12
1.72195e-08
1.66317e-12
-1.45331e-12
1.99194e-08
-1.48166e-12
2.13288e-08
-3.0424e-14
1.51657e-08
5.02879e-13
6.95822e-13
1.89094e-08
1.53243e-12
2.1652e-08
2.30964e-08
9.31549e-14
-1.23349e-12
2.54926e-13
5.64337e-13
-1.37613e-12
1.0634e-12
-1.49061e-12
-1.56231e-12
6.72544e-14
-9.69522e-13
2.30768e-13
5.05206e-13
-1.08433e-12
9.78614e-13
-1.16554e-12
-1.20276e-12
5.97592e-14
-5.36223e-13
1.96959e-13
4.5405e-13
-6.03708e-13
8.90458e-13
-6.47572e-13
-6.62897e-13
6.58406e-14
1.62585e-13
4.17868e-13
8.15778e-13
-2.298e-08
-1.18789e-08
3.73165e-08
-5.24822e-09
-4.48146e-08
3.50771e-08
-6.94449e-09
-9.57074e-10
3.04668e-08
1.93331e-08
7.6791e-09
-1.55407e-08
2.10009e-09
1.88728e-08
-4.35761e-08
-8.60802e-09
1.32966e-08
-1.57517e-08
-2.42272e-08
1.32729e-08
1.86982e-08
5.59851e-09
3.40138e-08
4.22627e-10
1.30333e-08
1.43081e-08
8.31857e-09
2.40437e-08
-2.95487e-09
-2.5794e-09
1.05823e-08
2.9813e-08
1.3357e-08
-2.085e-09
2.32365e-08
4.08874e-09
2.265e-08
-6.85032e-09
1.73791e-08
1.52829e-08
-4.6572e-10
-9.67124e-10
3.26971e-08
1.32256e-09
1.82151e-09
3.19259e-08
2.72547e-09
5.57123e-09
3.31114e-08
6.60707e-10
2.08519e-08
-1.11252e-09
-1.60778e-09
2.06259e-08
-2.06948e-09
-5.29922e-09
2.13743e-08
-8.88935e-10
-4.20794e-09
2.18716e-08
-5.04385e-09
1.89159e-08
-6.50109e-10
-4.1631e-09
1.62387e-08
6.15194e-09
-5.45875e-09
1.74012e-08
-1.5279e-10
-6.42653e-09
1.91056e-08
-5.02466e-09
1.81718e-08
4.15685e-09
1.82074e-08
7.76228e-09
1.69425e-08
5.71753e-09
1.57892e-08
1.33338e-08
3.86229e-10
8.86651e-10
2.91884e-08
1.20575e-09
9.74671e-10
2.9002e-08
3.95832e-09
1.35458e-09
2.79795e-08
-1.45572e-09
2.15209e-08
-1.01752e-09
-7.83779e-10
2.33139e-08
-8.75178e-10
-1.34836e-09
2.3555e-08
1.40319e-09
-1.77667e-09
2.27244e-08
-2.73828e-09
1.96036e-08
-8.73714e-10
-2.65548e-09
1.89841e-08
-1.17107e-09
-3.20324e-09
1.95534e-08
6.9775e-10
-3.04144e-09
1.85016e-08
-2.80159e-09
1.6715e-08
6.67457e-10
1.74901e-08
1.00686e-09
1.60025e-08
1.92802e-09
1.41865e-08
1.21701e-08
-8.92245e-11
3.76936e-11
2.73491e-08
1.1e-09
-1.01909e-10
2.60217e-08
3.40841e-09
-3.22626e-10
2.4017e-08
-1.32024e-09
2.004e-08
-5.91122e-10
-3.17839e-10
2.42605e-08
3.20989e-10
-5.7292e-10
2.31139e-08
2.06288e-09
-7.07303e-10
2.13672e-08
-1.18425e-09
1.85381e-08
-7.61799e-10
-1.22362e-09
2.06517e-08
-1.32586e-11
-1.32339e-09
1.95553e-08
1.17018e-09
-1.23324e-09
1.78441e-08
-1.19343e-09
1.5645e-08
1.67897e-10
1.74845e-08
5.83996e-10
1.56763e-08
1.10231e-09
1.36904e-08
1.14997e-08
2.81425e-10
-5.17942e-10
2.60539e-08
1.05702e-09
-6.63803e-10
2.42483e-08
2.1872e-09
-8.51608e-10
2.19628e-08
-1.21689e-09
1.89264e-08
9.47686e-11
-4.15204e-10
2.4063e-08
7.40923e-10
-5.63768e-10
2.23677e-08
1.65853e-09
-6.65111e-10
2.02631e-08
-8.67438e-10
1.76321e-08
1.64465e-11
-6.54025e-10
2.08741e-08
5.25547e-10
-7.36516e-10
1.9219e-08
1.18606e-09
-7.18734e-10
1.72372e-08
-7.08881e-10
1.49262e-08
3.38712e-10
1.71244e-08
6.7704e-10
1.52609e-08
1.02484e-09
1.32112e-08
1.09916e-08
3.73314e-10
-6.16733e-10
2.51484e-08
8.6409e-10
-7.3298e-10
2.32321e-08
1.39734e-09
-8.61551e-10
2.09272e-08
-1.01432e-09
1.8257e-08
2.9101e-10
-4.08855e-10
2.35642e-08
7.2418e-10
-5.14208e-10
2.17157e-08
1.19462e-09
-5.96027e-10
1.95272e-08
-6.94069e-10
1.70321e-08
2.45095e-10
-3.69495e-10
2.05896e-08
5.98079e-10
-4.39257e-10
1.8791e-08
9.63965e-10
-4.53528e-10
1.67288e-08
-4.6499e-10
1.44393e-08
3.3081e-10
1.66943e-08
6.13493e-10
1.4832e-08
8.38015e-10
1.27988e-08
1.06254e-08
3.21171e-10
-5.45542e-10
2.45259e-08
6.45016e-10
-6.30756e-10
2.26098e-08
9.27859e-10
-7.17749e-10
2.03518e-08
-7.98958e-10
1.7855e-08
2.86028e-10
-3.47879e-10
2.30805e-08
5.81769e-10
-4.23338e-10
2.12126e-08
8.37103e-10
-4.84607e-10
1.90387e-08
-5.43629e-10
1.66452e-08
2.58034e-10
-2.28323e-10
2.0212e-08
5.08938e-10
-2.79525e-10
1.83963e-08
7.14475e-10
-3.02678e-10
1.63413e-08
-3.22582e-10
1.41067e-08
2.74391e-10
1.6305e-08
4.86127e-10
1.44724e-08
6.26426e-10
1.24804e-08
1.03642e-08
2.45599e-10
-4.37578e-10
2.40943e-08
4.62727e-10
-4.99847e-10
2.22071e-08
6.26907e-10
-5.60776e-10
2.00019e-08
-6.12812e-10
1.76038e-08
2.3027e-10
-2.76884e-10
2.26895e-08
4.32026e-10
-3.30991e-10
2.0842e-08
5.78816e-10
-3.76556e-10
1.87077e-08
-4.17281e-10
1.63894e-08
2.11738e-10
-1.52279e-10
1.98757e-08
3.87171e-10
-1.8882e-10
1.80787e-08
5.07113e-10
-2.11423e-10
1.60563e-08
-2.31967e-10
1.38754e-08
2.0736e-10
1.59951e-08
3.58423e-10
1.41958e-08
4.46571e-10
1.22452e-08
1.01781e-08
1.78721e-10
-3.37019e-10
2.37934e-08
3.25604e-10
-3.8273e-10
2.19372e-08
4.26638e-10
-4.26756e-10
1.97758e-08
-4.63377e-10
1.744e-08
1.71576e-10
-2.13938e-10
2.23948e-08
3.08989e-10
-2.52839e-10
2.05747e-08
3.97651e-10
-2.86785e-10
1.8479e-08
-3.16545e-10
1.62151e-08
1.58876e-10
-1.07876e-10
1.96107e-08
2.79834e-10
-1.33833e-10
1.78387e-08
3.52533e-10
-1.52928e-10
1.58497e-08
-1.70887e-10
1.37124e-08
1.49791e-10
1.57624e-08
2.54894e-10
1.39917e-08
3.10874e-10
1.2075e-08
1.00455e-08
1.26878e-10
-2.54776e-10
2.35832e-08
2.27004e-10
-2.88362e-10
2.17523e-08
2.91824e-10
-3.2068e-10
1.96238e-08
-3.47444e-10
1.73294e-08
1.23286e-10
-1.63066e-10
2.21798e-08
2.17082e-10
-1.91113e-10
2.03836e-08
2.72802e-10
-2.16393e-10
1.8319e-08
-2.38539e-10
1.60939e-08
1.14525e-10
-7.96281e-11
1.94128e-08
1.97506e-10
-9.80986e-11
1.76628e-08
2.42963e-10
-1.13267e-10
1.57011e-08
-1.27811e-10
1.35964e-08
1.05881e-10
1.55927e-08
1.78248e-10
1.3844e-08
2.1415e-10
1.19528e-08
9.95085e-09
8.90665e-11
-1.90882e-10
2.34361e-08
1.57765e-10
-2.15549e-10
2.16241e-08
2.00607e-10
-2.39416e-10
1.95193e-08
-2.59216e-10
1.72529e-08
8.7132e-11
-1.23498e-10
2.20253e-08
1.51416e-10
-1.43784e-10
2.02476e-08
1.8751e-10
-1.62584e-10
1.82061e-08
-1.79107e-10
1.60082e-08
8.10872e-11
-6.02326e-11
1.92684e-08
1.38024e-10
-7.3438e-11
1.75355e-08
1.67153e-10
-8.51282e-11
1.55945e-08
-9.64391e-11
1.35135e-08
7.41823e-11
1.54704e-08
1.23881e-10
1.3738e-08
1.47111e-10
1.18653e-08
9.88317e-09
6.22884e-11
-1.42359e-10
2.33329e-08
1.09714e-10
-1.60465e-10
2.15345e-08
1.38645e-10
-1.78119e-10
1.94464e-08
-1.92799e-10
1.71993e-08
6.11898e-11
-9.32124e-11
2.1915e-08
1.05477e-10
-1.0793e-10
2.01507e-08
1.29405e-10
-1.21888e-10
1.8126e-08
-1.34186e-10
1.59472e-08
5.70208e-11
-4.61172e-11
1.91643e-08
9.62137e-11
-5.56098e-11
1.7444e-08
1.1525e-10
-6.44735e-11
1.55181e-08
-7.30703e-11
1.34539e-08
5.1879e-11
1.53827e-08
8.60775e-11
1.36621e-08
1.01234e-10
1.18027e-08
9.83457e-09
4.35754e-11
-1.05895e-10
2.32603e-08
7.65164e-11
-1.19181e-10
2.14715e-08
9.63751e-11
-1.32234e-10
1.93951e-08
-1.43106e-10
1.71612e-08
4.29313e-11
-7.01866e-11
2.18364e-08
7.36214e-11
-8.0894e-11
2.00818e-08
8.97744e-11
-9.12395e-11
1.80688e-08
-1.00361e-10
1.59034e-08
4.0057e-11
-3.5455e-11
1.90895e-08
6.71712e-11
-4.23134e-11
1.73783e-08
7.98137e-11
-4.89708e-11
1.54632e-08
-5.54169e-11
1.34109e-08
3.63559e-11
1.53198e-08
5.99936e-11
1.36077e-08
6.99623e-11
1.17577e-08
9.79955e-09
3.05613e-11
-7.86289e-11
2.3209e-08
5.35801e-11
-8.83748e-11
2.1427e-08
6.73858e-11
-9.80174e-11
1.93587e-08
-1.06053e-10
1.71341e-08
3.01786e-11
-5.27322e-11
2.17803e-08
5.15766e-11
-6.05391e-11
2.00325e-08
6.26402e-11
-6.81945e-11
1.80279e-08
-7.494e-11
1.58719e-08
2.81967e-11
-2.72393e-11
1.90358e-08
4.70638e-11
-3.22156e-11
1.73311e-08
5.55749e-11
-3.71865e-11
1.54237e-08
-4.19806e-11
1.33799e-08
2.55788e-11
1.52745e-08
4.20094e-11
1.35685e-08
4.86183e-11
1.17252e-08
9.77423e-09
2.15091e-11
-5.82863e-11
2.31727e-08
3.7686e-11
-6.54334e-11
2.13954e-08
4.73796e-11
-7.25472e-11
1.93329e-08
-7.8475e-11
1.71146e-08
2.12821e-11
-3.95215e-11
2.17402e-08
3.62893e-11
-4.52222e-11
1.99973e-08
4.39555e-11
-5.08781e-11
1.79986e-08
-5.58532e-11
1.58492e-08
1.99144e-11
-2.08557e-11
1.89973e-08
3.31201e-11
-2.44779e-11
1.72971e-08
3.89162e-11
-2.81746e-11
1.53952e-08
-3.17214e-11
1.33574e-08
1.80791e-11
1.52419e-08
2.95675e-11
1.35402e-08
3.39834e-11
1.17018e-08
9.75588e-09
1.51922e-11
-4.31206e-11
2.3147e-08
2.66166e-11
-4.8358e-11
2.13729e-08
3.34745e-11
-5.35972e-11
1.93144e-08
-5.79604e-11
1.71006e-08
1.50591e-11
-2.95314e-11
2.17116e-08
2.56385e-11
-3.36968e-11
1.99721e-08
3.0999e-11
-3.78675e-11
1.79775e-08
-4.15277e-11
1.58327e-08
1.41141e-11
-1.58869e-11
1.89695e-08
2.34062e-11
-1.85284e-11
1.72727e-08
2.73912e-11
-2.1268e-11
1.53746e-08
-2.38819e-11
1.33411e-08
1.28328e-11
1.52184e-08
2.09091e-11
1.35198e-08
2.38819e-11
1.16848e-08
9.74255e-09
1.07601e-11
-3.18085e-11
2.31287e-08
1.8857e-11
-3.56401e-11
2.13569e-08
2.37332e-11
-3.94888e-11
1.93012e-08
-4.26912e-11
1.70905e-08
1.06836e-11
-2.19782e-11
2.16911e-08
1.81701e-11
-2.50195e-11
1.9954e-08
2.19429e-11
-2.80866e-11
1.79623e-08
-3.07714e-11
1.58208e-08
1.00298e-11
-1.20235e-11
1.89495e-08
1.65944e-11
-1.39501e-11
1.7255e-08
1.93549e-11
-1.59727e-11
1.53597e-08
-1.7892e-11
1.33292e-08
9.13689e-12
1.52014e-08
1.48383e-11
1.35051e-08
1.68529e-11
1.16725e-08
9.73287e-09
7.62737e-12
-2.33534e-11
2.31156e-08
1.33735e-11
-2.61467e-11
2.13455e-08
1.68472e-11
-2.89616e-11
1.92918e-08
-3.13015e-11
1.70833e-08
7.58485e-12
-1.62613e-11
2.16764e-08
1.28907e-11
-1.84754e-11
1.9941e-08
1.55549e-11
-2.07207e-11
1.79514e-08
-2.26812e-11
1.58122e-08
7.13222e-12
-9.0237e-12
1.89351e-08
1.1778e-11
-1.04256e-11
1.72423e-08
1.36992e-11
-1.19108e-11
1.5349e-08
-1.33133e-11
1.33207e-08
6.51083e-12
1.51891e-08
1.05433e-11
1.34944e-08
1.19155e-11
1.16636e-08
9.72586e-09
5.39143e-12
-1.70051e-11
2.31064e-08
9.45841e-12
-1.9027e-11
2.13374e-08
1.19267e-11
-2.10698e-11
1.92851e-08
-2.27661e-11
1.70781e-08
5.36877e-12
-1.19192e-11
2.16659e-08
9.11997e-12
-1.35205e-11
1.99317e-08
1.09989e-11
-1.51511e-11
1.79436e-08
-1.65714e-11
1.58061e-08
5.05601e-12
-6.69322e-12
1.89249e-08
8.33649e-12
-7.70687e-12
1.72332e-08
9.67405e-12
-8.78809e-12
1.53413e-08
-9.80453e-12
1.33145e-08
4.62492e-12
1.51802e-08
7.47084e-12
1.34867e-08
8.40692e-12
1.16572e-08
9.7208e-09
3.77362e-12
-1.21967e-11
2.31e-08
6.62365e-12
-1.36398e-11
2.13318e-08
8.35941e-12
-1.51007e-11
1.92803e-08
-1.63127e-11
1.70744e-08
3.7622e-12
-8.59594e-12
2.16586e-08
6.38851e-12
-9.73824e-12
1.99252e-08
7.70163e-12
-1.0905e-11
1.79381e-08
-1.19191e-11
1.58017e-08
3.54774e-12
-4.87397e-12
1.89176e-08
5.84206e-12
-5.59703e-12
1.72268e-08
6.76649e-12
-6.37209e-12
1.53358e-08
-7.09801e-12
1.33101e-08
3.25117e-12
1.5174e-08
5.24078e-12
1.34813e-08
5.87595e-12
1.16527e-08
9.7172e-09
2.57943e-12
-8.49633e-12
2.30955e-08
4.52876e-12
-9.49801e-12
2.13279e-08
5.71917e-12
-1.05132e-11
1.92771e-08
-1.13548e-11
1.70719e-08
2.57409e-12
-6.01434e-12
2.16535e-08
4.36909e-12
-6.80691e-12
1.99207e-08
5.26512e-12
-7.61801e-12
1.79343e-08
-8.3218e-12
1.57987e-08
2.42997e-12
-3.43619e-12
1.89126e-08
3.99676e-12
-3.9379e-12
1.72224e-08
4.62177e-12
-4.47745e-12
1.53321e-08
-4.98124e-12
1.33071e-08
2.23016e-12
1.51696e-08
3.58845e-12
1.34775e-08
4.01124e-12
1.16495e-08
9.71471e-09
1.67407e-12
-5.57168e-12
2.30927e-08
2.93663e-12
-6.22745e-12
2.13254e-08
3.70901e-12
-6.89222e-12
1.9275e-08
-7.44266e-12
1.70703e-08
1.67174e-12
-3.95552e-12
2.16502e-08
2.83386e-12
-4.47441e-12
1.99178e-08
3.41318e-12
-5.00567e-12
1.79319e-08
-5.46578e-12
1.57967e-08
1.57903e-12
-2.27107e-12
1.89093e-08
2.59319e-12
-2.59953e-12
1.72195e-08
2.99478e-12
-2.95322e-12
1.53296e-08
-3.2825e-12
1.33051e-08
1.44996e-12
1.51668e-08
2.32969e-12
1.3475e-08
2.59857e-12
1.16475e-08
9.71309e-09
9.79564e-13
-3.18736e-12
2.3091e-08
1.70696e-12
-3.56541e-12
2.13239e-08
2.15407e-12
-3.94679e-12
1.92738e-08
-4.26173e-12
1.70693e-08
9.79483e-13
-2.25912e-12
2.16483e-08
1.6481e-12
-2.55819e-12
1.99161e-08
1.98418e-12
-2.86281e-12
1.79304e-08
-3.12552e-12
1.57956e-08
9.26729e-13
-1.29294e-12
1.89074e-08
1.50954e-12
-1.48224e-12
1.72178e-08
1.74359e-12
-1.68482e-12
1.53282e-08
-1.87208e-12
1.3304e-08
8.51883e-13
1.51652e-08
1.35796e-12
1.34736e-08
1.51635e-12
1.16463e-08
9.71215e-09
4.89465e-13
-1.39143e-12
8.80688e-13
-1.57578e-12
1.11603e-12
-1.7507e-12
-1.89432e-12
4.84345e-13
-9.45484e-13
8.48825e-13
-1.09077e-12
1.03335e-12
-1.22915e-12
-1.34882e-12
4.5308e-13
-5.00628e-13
7.76331e-13
-5.91113e-13
9.13823e-13
-6.81582e-13
-7.65663e-13
4.10758e-13
6.92709e-13
7.9274e-13
)
;

boundaryField
{
    inlet
    {
        type            calculated;
        value           nonuniform List<scalar> 
48
(
-1.67861e-08
-1.66917e-08
-1.67438e-08
-1.51005e-08
-1.66949e-08
-1.70779e-08
-1.65258e-08
-1.5934e-08
-1.67093e-08
-1.684e-08
-1.70252e-08
-1.61247e-08
-1.27956e-08
-1.64687e-08
-1.69178e-08
-1.67387e-08
-9.40149e-09
-1.14784e-08
-1.41823e-08
-1.62654e-08
-1.30675e-08
-1.50646e-08
-1.80123e-08
5.242e-09
-1.5145e-08
-1.68289e-08
-2.07083e-08
-2.30259e-08
-1.75045e-08
-1.978e-08
-2.1596e-08
-2.4519e-08
-2.56106e-08
-2.46622e-08
-2.74167e-08
-1.62654e-08
-2.077e-08
-2.14678e-08
-2.12645e-08
-1.41823e-08
-1.9617e-08
-1.78272e-08
-1.49672e-08
-1.20655e-08
-1.69176e-08
-6.11794e-09
-8.82061e-09
-8.88408e-09
)
;
    }
    outlet
    {
        type            calculated;
        value           nonuniform List<scalar> 
48
(
1.62603e-08
1.62594e-08
1.62517e-08
1.62242e-08
1.62638e-08
1.62649e-08
1.62632e-08
1.62525e-08
1.62637e-08
1.62654e-08
1.62657e-08
1.62609e-08
1.62627e-08
1.62646e-08
1.62655e-08
1.62627e-08
9.71196e-09
1.16461e-08
1.34734e-08
1.51649e-08
1.33045e-08
1.53288e-08
1.72186e-08
1.89084e-08
1.57971e-08
1.79324e-08
1.99185e-08
2.1651e-08
1.7072e-08
1.92771e-08
2.13279e-08
2.30954e-08
2.30902e-08
2.16474e-08
1.89065e-08
1.51644e-08
2.13232e-08
1.99153e-08
1.7217e-08
1.3473e-08
1.92732e-08
1.79297e-08
1.53275e-08
1.16457e-08
1.70689e-08
1.5795e-08
1.33035e-08
9.71172e-09
)
;
    }
    wall
    {
        type            calculated;
        value           nonuniform List<scalar> 
192
(
1.70638e-24
3.57759e-25
-7.19295e-26
-2.34999e-25
5.89258e-25
-7.83512e-27
-5.32887e-26
-1.44069e-26
-9.30842e-27
-5.62478e-27
-2.55698e-27
-5.43807e-27
-2.59611e-27
1.90239e-28
-2.98747e-27
-9.77163e-28
-3.50225e-28
-2.829e-29
2.50333e-29
1.55534e-28
-3.30564e-28
-1.87412e-28
-1.50326e-28
-5.19138e-29
-9.09661e-10
1.4658e-24
-8.14883e-25
-3.28192e-25
-1.56531e-25
7.73842e-26
2.15043e-26
-4.19345e-27
4.8194e-26
8.41503e-27
-1.07867e-26
7.05219e-27
1.32482e-27
4.27102e-27
-1.36894e-27
1.98786e-27
-3.6993e-28
7.64145e-28
-1.61859e-28
4.24583e-28
4.24626e-29
-2.18972e-28
2.46768e-28
-8.48447e-30
3.13922e-24
3.21374e-25
-6.18532e-25
-9.3391e-25
6.33291e-25
-3.02203e-25
-1.98949e-25
-8.93907e-26
-3.65775e-26
6.88736e-27
-8.77359e-27
-3.87204e-27
7.73655e-27
-7.70046e-27
6.42323e-28
-3.86015e-27
2.47166e-27
1.60123e-27
-1.8844e-28
-6.86636e-28
1.29083e-27
-2.2667e-28
3.99571e-28
6.39576e-29
1.85154e-24
2.37226e-25
1.95601e-26
-2.21917e-25
-4.01811e-25
-5.9087e-26
1.38085e-26
-5.6432e-26
9.67581e-27
8.94412e-27
-5.18331e-27
5.47297e-27
2.24027e-27
-4.49735e-27
-1.38857e-27
-1.57308e-27
-2.26206e-27
-1.04292e-27
-1.6538e-28
5.33406e-29
-4.07864e-28
-1.04287e-28
1.68776e-28
-9.62429e-29
5.37851e-09
7.35123e-09
-1.79529e-08
-1.86515e-24
2.83641e-26
-1.17142e-24
2.48901e-25
-7.83591e-25
-8.87474e-27
-1.63759e-25
1.44454e-25
4.14823e-25
3.0829e-26
-2.30411e-26
-7.94474e-26
-6.01535e-25
-9.63714e-26
6.75809e-26
-4.27057e-26
2.5772e-26
6.83447e-26
1.81125e-26
-9.07355e-26
-9.9701e-26
-2.04377e-26
-1.45008e-26
-8.90964e-26
-7.4588e-26
-3.00775e-26
1.9005e-26
-3.18416e-26
3.71792e-26
1.42058e-26
-9.02534e-28
3.00051e-26
-5.32738e-27
3.69981e-28
9.21908e-27
-2.53549e-26
-7.49535e-27
-1.77976e-26
-1.06254e-26
-2.6264e-26
1.38194e-26
2.61668e-26
-3.01923e-28
-1.62629e-27
-8.71102e-27
6.88458e-27
1.9176e-26
1.2837e-26
-8.47027e-27
4.67594e-27
-1.81016e-27
1.20686e-26
-7.40615e-27
5.96312e-27
-4.00837e-27
-2.11394e-27
-1.06345e-26
6.20463e-27
2.06814e-27
-1.13643e-27
2.7075e-28
5.76076e-29
5.10688e-27
-2.3849e-27
2.87279e-27
7.49168e-28
-8.18559e-28
-5.6961e-27
1.92153e-27
2.1318e-28
1.06522e-27
-1.72418e-27
1.10516e-28
-1.45505e-27
-1.95491e-27
2.24608e-27
7.97716e-28
-4.9264e-28
-1.23644e-27
-5.68825e-28
9.62353e-28
4.15395e-28
-5.01638e-28
3.2159e-28
-1.94405e-28
2.80428e-29
-6.20053e-30
5.85743e-29
-5.26749e-28
-5.22584e-29
1.1437e-28
-5.88424e-29
2.07348e-30
)
;
    }
    procBoundary2to0
    {
        type            processor;
        value           nonuniform List<scalar> 
192
(
4.54075e-09
-1.5975e-08
-1.51046e-08
1.49446e-08
1.768e-09
1.25235e-09
1.87619e-09
4.19066e-09
2.58951e-09
2.28002e-09
2.28034e-09
2.34384e-09
2.34793e-09
2.03262e-09
1.90537e-09
1.8665e-09
1.84888e-09
1.71394e-09
1.62607e-09
1.56507e-09
1.42022e-09
1.39161e-09
1.35486e-09
1.31268e-09
1.0826e-09
1.09169e-09
1.08409e-09
1.06394e-09
8.17494e-10
8.36766e-10
8.41551e-10
8.34421e-10
6.12416e-10
6.32087e-10
6.4073e-10
6.39759e-10
4.56141e-10
4.73082e-10
4.8192e-10
4.83426e-10
3.38387e-10
3.5199e-10
3.59695e-10
3.61931e-10
2.50349e-10
2.60897e-10
2.67157e-10
2.69374e-10
1.8487e-10
1.92893e-10
1.97793e-10
1.99717e-10
1.36328e-10
1.4236e-10
1.46115e-10
1.47682e-10
1.00404e-10
1.04907e-10
1.07745e-10
1.08979e-10
7.38339e-11
7.71765e-11
7.93031e-11
8.0253e-11
5.41669e-11
5.66362e-11
5.82176e-11
5.89382e-11
3.9575e-11
4.13885e-11
4.25554e-11
4.3095e-11
2.8695e-11
3.0015e-11
3.08674e-11
3.12658e-11
2.05074e-11
2.14535e-11
2.20661e-11
2.23547e-11
1.42443e-11
1.49028e-11
1.53299e-11
1.55325e-11
9.32291e-12
9.7546e-12
1.00349e-11
1.01685e-11
5.34333e-12
5.59138e-12
5.75237e-12
5.82944e-12
2.42334e-12
2.53709e-12
2.61131e-12
2.64769e-12
1.77744e-08
1.27757e-08
-8.19649e-09
-8.32673e-10
6.05229e-09
-4.5861e-10
-9.61875e-09
-3.79913e-09
2.23579e-09
1.12976e-09
1.02477e-09
1.31136e-09
1.8909e-09
1.89295e-09
1.97667e-09
2.35487e-09
1.53167e-09
1.66161e-09
1.77565e-09
1.92085e-09
1.14887e-09
1.25838e-09
1.36395e-09
1.42802e-09
8.46919e-10
9.29186e-10
1.01025e-09
1.06082e-09
6.23616e-10
6.85463e-10
7.4649e-10
7.89223e-10
4.59164e-10
5.05783e-10
5.51903e-10
5.86332e-10
3.38079e-10
3.73065e-10
4.07827e-10
4.34638e-10
2.48934e-10
2.75033e-10
3.01088e-10
3.21532e-10
1.83292e-10
2.02663e-10
2.22088e-10
2.37474e-10
1.34943e-10
1.49267e-10
1.63689e-10
1.75175e-10
9.93184e-11
1.09882e-10
1.20558e-10
1.29087e-10
7.30567e-11
8.08323e-11
8.87151e-11
9.50265e-11
5.36795e-11
5.9392e-11
6.51996e-11
6.98559e-11
3.93591e-11
4.35456e-11
4.7812e-11
5.12361e-11
2.87449e-11
3.18006e-11
3.4921e-11
3.74271e-11
2.08363e-11
2.30501e-11
2.53145e-11
2.71341e-11
1.48879e-11
1.6469e-11
1.80884e-11
1.939e-11
1.03394e-11
1.14372e-11
1.25626e-11
1.34673e-11
6.76619e-12
7.48498e-12
8.22192e-12
8.81411e-12
3.87444e-12
4.28933e-12
4.71247e-12
5.05174e-12
1.73609e-12
1.9397e-12
2.13529e-12
2.28999e-12
)
;
    }
    procBoundary2to3
    {
        type            processor;
        value           nonuniform List<scalar> 
192
(
-1.15311e-08
-5.71756e-09
-1.67875e-08
-1.74393e-08
-3.66469e-09
1.60008e-09
5.32081e-10
-2.88952e-09
2.91042e-09
4.20502e-09
4.47762e-09
4.56962e-09
2.99625e-09
3.47621e-09
3.61977e-09
3.83436e-09
2.11085e-09
2.2821e-09
2.3803e-09
2.53097e-09
1.39545e-09
1.46279e-09
1.52146e-09
1.60309e-09
9.27489e-10
9.57846e-10
9.87837e-10
1.02497e-09
6.29578e-10
6.43945e-10
6.57578e-10
6.71797e-10
4.36764e-10
4.4339e-10
4.48545e-10
4.52041e-10
3.08454e-10
3.11227e-10
3.12251e-10
3.1111e-10
2.20759e-10
2.21642e-10
2.20829e-10
2.17983e-10
1.59495e-10
1.59498e-10
1.58014e-10
1.54822e-10
1.15973e-10
1.15612e-10
1.14018e-10
1.11066e-10
8.46742e-11
8.42032e-11
8.27488e-11
8.0243e-11
6.19676e-11
6.15048e-11
6.02764e-11
5.82494e-11
4.53866e-11
4.49805e-11
4.3989e-11
4.23981e-11
3.32132e-11
3.28781e-11
3.21016e-11
3.08793e-11
2.42271e-11
2.39616e-11
2.33671e-11
2.24441e-11
1.75479e-11
1.7344e-11
1.68983e-11
1.62131e-11
1.25313e-11
1.23795e-11
1.20532e-11
1.15553e-11
8.69963e-12
8.59097e-12
8.3605e-12
8.01055e-12
5.70175e-12
5.62903e-12
5.47617e-12
5.24489e-12
3.33172e-12
3.28852e-12
3.19839e-12
3.06234e-12
1.71909e-12
1.69502e-12
1.64671e-12
1.57489e-12
-4.4103e-08
-7.63785e-08
-3.74831e-08
-1.02319e-08
-8.23026e-09
-1.05376e-08
-1.88456e-09
7.50227e-09
4.24108e-09
5.18389e-09
6.49415e-09
7.46512e-09
4.28666e-09
4.86488e-09
5.1652e-09
4.98096e-09
2.79578e-09
3.03306e-09
3.08499e-09
2.91703e-09
1.71672e-09
1.79833e-09
1.79108e-09
1.69832e-09
1.0684e-09
1.09079e-09
1.07167e-09
1.01588e-09
6.85207e-10
6.86025e-10
6.66134e-10
6.29261e-10
4.5312e-10
4.46584e-10
4.28923e-10
4.03325e-10
3.07592e-10
2.99324e-10
2.84713e-10
2.66544e-10
2.13203e-10
2.05375e-10
1.93767e-10
1.80741e-10
1.5016e-10
1.43498e-10
1.34503e-10
1.25119e-10
1.07026e-10
1.01648e-10
9.47919e-11
8.80089e-11
7.69432e-11
7.27335e-11
6.75632e-11
6.26489e-11
5.56455e-11
5.24142e-11
4.85454e-11
4.49786e-11
4.03891e-11
3.79425e-11
3.50651e-11
3.24737e-11
2.93544e-11
2.75217e-11
2.53935e-11
2.35112e-11
2.13026e-11
1.99436e-11
1.83796e-11
1.70155e-11
1.5371e-11
1.43752e-11
1.32365e-11
1.2254e-11
1.09462e-11
1.02293e-11
9.41337e-12
8.71491e-12
7.58405e-12
7.08373e-12
6.51597e-12
6.03278e-12
4.96382e-12
4.6348e-12
4.26208e-12
3.94585e-12
2.89744e-12
2.70456e-12
2.48602e-12
2.2998e-12
1.48815e-12
1.38771e-12
1.2729e-12
1.16986e-12
)
;
    }
}


// ************************************************************************* //
