/*--------------------------------*- C++ -*----------------------------------*\
  =========                 |
  \\      /  F ield         | OpenFOAM: The Open Source CFD Toolbox
   \\    /   O peration     | Website:  https://openfoam.org
    \\  /    A nd           | Version:  6
     \\/     M anipulation  |
\*---------------------------------------------------------------------------*/
FoamFile
{
    version     2.0;
    format      ascii;
    class       volVectorField;
    location    "0.02";
    object      stored_U;
}
// * * * * * * * * * * * * * * * * * * * * * * * * * * * * * * * * * * * * * //

dimensions      [0 1 -1 0 0 0 0];

internalField   nonuniform List<vector> 
1152
(
(-0.00590702 -0.000884838 0.00116776)
(-0.00552969 0.003007 0.00301623)
(-0.00435706 0.00717373 0.000833258)
(-0.0032136 -0.00107499 -0.00147984)
(-0.00682348 -0.0024958 0.0012929)
(-0.00389214 0.00295128 0.00180511)
(-0.00290521 0.00155701 0.00160812)
(-0.000655874 0.00205307 0.00152624)
(-0.0035176 -0.000332712 0.00274048)
(-0.00379749 -0.00158016 -0.000139086)
(-0.00242545 -0.000468933 0.000918365)
(-0.00434236 -0.000497931 0.00186312)
(0.0016059 -0.0017747 -0.000279108)
(-0.000922879 -0.00355219 -6.10988e-05)
(-0.000130213 0.000734394 -1.04002e-05)
(0.000441373 0.000769474 0.000426195)
(-0.00173528 -0.000584946 0.0100771)
(-0.000994732 -0.000159891 0.00934974)
(-0.000264506 -0.000406592 0.00549203)
(-0.000322358 -0.00101846 0.00104358)
(-0.00167583 -0.00121901 0.0123053)
(-0.00106935 0.00013129 0.0104341)
(-0.000567682 -0.000649858 0.0102774)
(0.000123098 -0.000840268 0.00768982)
(7.04063e-05 -0.00110433 0.0161164)
(9.65257e-05 -0.000830105 0.00159639)
(-0.000579574 -0.000823948 0.0106252)
(-6.74359e-05 -0.000420748 0.00840416)
(0.00107501 -0.00153183 0.0126934)
(0.000309756 -0.00214917 0.0087668)
(0.000225622 -0.000697142 0.0159703)
(9.61085e-05 0.00015152 0.00259224)
(0.0010707 -0.00076473 0.00582903)
(0.00152657 -0.000738914 0.00521411)
(0.00168814 -0.000926498 0.00364184)
(0.0011536 -0.000976266 0.00257024)
(0.000895589 -0.00090575 0.00630655)
(0.00137218 -0.000865676 0.00550793)
(0.00154524 -0.00111923 0.00473361)
(0.00131526 -0.00112562 0.00393916)
(0.00104264 -0.00103055 0.00673291)
(0.00148478 -0.00110487 0.00482056)
(0.0015654 -0.000979113 0.00496482)
(0.00135776 -0.00066018 0.00420931)
(0.000953937 -0.00139811 0.00631501)
(0.00154259 -0.00164674 0.00569128)
(0.00200046 -0.00113961 0.0050259)
(0.00160183 -0.000418599 0.0027611)
(0.00112111 -0.000614968 0.00609817)
(0.00136592 -0.000611315 0.00555638)
(0.00138226 -0.000656426 0.00474866)
(0.00100468 -0.000651894 0.00414391)
(0.000987906 -0.000614572 0.00628851)
(0.00127842 -0.000703937 0.00577288)
(0.00133839 -0.000799265 0.0051434)
(0.00106982 -0.000768263 0.00457087)
(0.000859265 -0.00064252 0.00644496)
(0.00121201 -0.000791077 0.00591394)
(0.00134145 -0.000770776 0.00536574)
(0.00111539 -0.000596241 0.00475535)
(0.000633754 -0.000817898 0.00656519)
(0.00115142 -0.00103094 0.00623313)
(0.00152304 -0.000912338 0.0054595)
(0.00127432 -0.000575123 0.00447781)
(0.000743651 -0.000460152 0.00591168)
(0.000872318 -0.000464935 0.00558135)
(0.000867301 -0.000472369 0.0051598)
(0.000665691 -0.00046191 0.00481784)
(0.000679297 -0.000448083 0.00601529)
(0.000833218 -0.000509764 0.00571121)
(0.000856106 -0.000544216 0.00533426)
(0.000690842 -0.000524232 0.00499372)
(0.000587089 -0.000453623 0.00610859)
(0.000781477 -0.000544376 0.00583839)
(0.000855181 -0.000553978 0.00548372)
(0.00071609 -0.000487796 0.00511711)
(0.000456026 -0.000525468 0.00620368)
(0.000728987 -0.000633369 0.00601694)
(0.000907509 -0.000625033 0.00561149)
(0.000781966 -0.000504998 0.005121)
(0.000467591 -0.000346193 0.0057521)
(0.000535527 -0.000355836 0.00556131)
(0.000528269 -0.000358627 0.00533444)
(0.000422951 -0.000352093 0.00514221)
(0.000435978 -0.000333624 0.00582401)
(0.000515893 -0.000370467 0.00564632)
(0.000524147 -0.000386676 0.00543062)
(0.000432546 -0.00037896 0.00523533)
(0.00038441 -0.000326666 0.0058936)
(0.000484411 -0.000377708 0.00573795)
(0.00051959 -0.000392956 0.00553065)
(0.000443375 -0.000373093 0.00532363)
(0.00031384 -0.000342617 0.00596585)
(0.000447876 -0.000398988 0.00584796)
(0.000526126 -0.000414446 0.00563288)
(0.000466102 -0.000378921 0.00538683)
(0.000298032 -0.000261615 0.00565602)
(0.000334464 -0.000271464 0.0055431)
(0.000328638 -0.000275076 0.00541514)
(0.000271783 -0.00027286 0.0053035)
(0.000279971 -0.000249086 0.00571008)
(0.000322411 -0.000271487 0.00560397)
(0.00032513 -0.000282022 0.00547912)
(0.000275119 -0.000280709 0.00536534)
(0.000250741 -0.0002359 0.00576205)
(0.000302857 -0.000265615 0.00566905)
(0.000319169 -0.000279005 0.00554842)
(0.000278541 -0.000275302 0.00543027)
(0.000211223 -0.000228095 0.00581179)
(0.000278514 -0.000260239 0.00573913)
(0.000313877 -0.000276127 0.00562116)
(0.000284776 -0.000268599 0.00549173)
(0.000193524 -0.000196869 0.00559536)
(0.00021396 -0.000205364 0.00552683)
(0.000210204 -0.00020942 0.00545136)
(0.000178778 -0.000209525 0.0053843)
(0.000181909 -0.000185288 0.00563657)
(0.000205532 -0.000199726 0.00557209)
(0.000206721 -0.000207489 0.00549807)
(0.000179489 -0.000208724 0.00543009)
(0.000164274 -0.000170754 0.00567476)
(0.000192776 -0.000188981 0.0056183)
(0.000201078 -0.000199195 0.0055472)
(0.000179691 -0.000200575 0.00547796)
(0.000140929 -0.000155476 0.005707)
(0.000176673 -0.000174991 0.00566374)
(0.000194139 -0.000187249 0.00559689)
(0.000180029 -0.000188162 0.00552498)
(0.000127791 -0.000147316 0.00555462)
(0.000140002 -0.000154161 0.00551224)
(0.000138042 -0.000157946 0.00546616)
(0.000120524 -0.000158956 0.00542463)
(0.000119768 -0.000137353 0.00558574)
(0.000133795 -0.000147147 0.00554612)
(0.000134878 -0.000153006 0.00550111)
(0.000120178 -0.000154966 0.00545937)
(0.00010844 -0.00012403 0.00561329)
(0.000125117 -0.000135779 0.00557907)
(0.000130167 -0.000143267 0.00553631)
(0.000119187 -0.000145882 0.00549452)
(9.39184e-05 -0.00010829 0.00563313)
(0.000114311 -0.000120718 0.00560871)
(0.000124135 -0.000129587 0.00556988)
(0.00011765 -0.00013257 0.00552808)
(8.56189e-05 -0.000109721 0.00552648)
(9.34224e-05 -0.000115043 0.00549989)
(9.27354e-05 -0.000118237 0.00547091)
(8.30088e-05 -0.000119449 0.00544442)
(7.9868e-05 -0.000101594 0.0055497)
(8.87863e-05 -0.000108465 0.00552518)
(9.00733e-05 -0.000112882 0.00549712)
(8.23112e-05 -0.000114826 0.00547073)
(7.22285e-05 -9.04415e-05 0.00556923)
(8.27047e-05 -9.83283e-05 0.00554875)
(8.63531e-05 -0.000103771 0.00552248)
(8.10126e-05 -0.000106353 0.00549645)
(6.27791e-05 -7.67881e-05 0.0055805)
(7.52971e-05 -8.50131e-05 0.00556805)
(8.16236e-05 -9.13493e-05 0.00554516)
(7.90872e-05 -9.44171e-05 0.00551992)
(5.80896e-05 -8.14436e-05 0.00550661)
(6.33823e-05 -8.54954e-05 0.00548977)
(6.34783e-05 -8.80449e-05 0.0054711)
(5.81594e-05 -8.91687e-05 0.00545372)
(5.38973e-05 -7.50607e-05 0.00552375)
(5.99178e-05 -7.99759e-05 0.00550856)
(6.13451e-05 -8.32877e-05 0.00549066)
(5.74173e-05 -8.49623e-05 0.0054735)
(4.8575e-05 -6.62007e-05 0.00553733)
(5.55749e-05 -7.16515e-05 0.00552542)
(5.84874e-05 -7.56113e-05 0.00550899)
(5.61695e-05 -7.78006e-05 0.0054923)
(4.22058e-05 -5.5225e-05 0.00554267)
(5.03982e-05 -6.08296e-05 0.00553783)
(5.49093e-05 -6.53628e-05 0.00552436)
(5.43763e-05 -6.79727e-05 0.00550863)
(3.98494e-05 -6.03124e-05 0.00549236)
(4.36043e-05 -6.33575e-05 0.00548167)
(4.41139e-05 -6.53298e-05 0.00546939)
(4.12865e-05 -6.62702e-05 0.00545772)
(3.67724e-05 -5.54322e-05 0.00550489)
(4.10238e-05 -5.89869e-05 0.00549556)
(4.24553e-05 -6.14568e-05 0.00548394)
(4.06209e-05 -6.28106e-05 0.0054725)
(3.29882e-05 -4.86156e-05 0.00551409)
(3.78868e-05 -5.24588e-05 0.00550759)
(4.02926e-05 -5.53475e-05 0.00549721)
(3.95489e-05 -5.70941e-05 0.00548623)
(2.85821e-05 -4.01364e-05 0.00551531)
(3.4214e-05 -4.40375e-05 0.00551532)
(3.76229e-05 -4.72973e-05 0.00550758)
(3.80412e-05 -4.93709e-05 0.00549757)
(2.76048e-05 -4.45908e-05 0.00548204)
(3.03479e-05 -4.68611e-05 0.00547531)
(3.10264e-05 -4.83584e-05 0.00546711)
(2.95937e-05 -4.91063e-05 0.00545912)
(2.53409e-05 -4.09291e-05 0.00549111)
(2.84327e-05 -4.35156e-05 0.00548554)
(2.97611e-05 -4.53503e-05 0.00547788)
(2.90409e-05 -4.64083e-05 0.00547011)
(2.26164e-05 -3.57903e-05 0.0054971)
(2.61515e-05 -3.85366e-05 0.00549407)
(2.81387e-05 -4.06493e-05 0.00548749)
(2.81696e-05 -4.20014e-05 0.00548014)
(1.95117e-05 -2.93855e-05 0.00549543)
(2.3517e-05 -3.21424e-05 0.00549857)
(2.61586e-05 -3.44984e-05 0.00549441)
(2.69626e-05 -3.60952e-05 0.00548796)
(1.9287e-05 -3.29258e-05 0.00547453)
(2.13246e-05 -3.46096e-05 0.00547039)
(2.2026e-05 -3.57333e-05 0.00546485)
(2.13591e-05 -3.63112e-05 0.00545929)
(1.76203e-05 -3.02143e-05 0.00548103)
(1.99073e-05 -3.21027e-05 0.0054779)
(2.10722e-05 -3.34613e-05 0.00547281)
(2.0919e-05 -3.42718e-05 0.00546744)
(1.5644e-05 -2.63911e-05 0.00548467)
(1.82419e-05 -2.83706e-05 0.00548388)
(1.98623e-05 -2.99183e-05 0.00547976)
(2.02334e-05 -3.09474e-05 0.00547476)
(1.34283e-05 -2.16167e-05 0.00548094)
(1.63379e-05 -2.35858e-05 0.0054861)
(1.83979e-05 -2.52955e-05 0.00548425)
(1.92937e-05 -2.65049e-05 0.00548009)
(1.35741e-05 -2.42828e-05 0.00546905)
(1.50993e-05 -2.55273e-05 0.00546663)
(1.57463e-05 -2.63643e-05 0.00546287)
(1.54875e-05 -2.6803e-05 0.00545896)
(1.23475e-05 -2.22933e-05 0.00547364)
(1.40532e-05 -2.36745e-05 0.00547212)
(1.50332e-05 -2.4678e-05 0.00546874)
(1.51462e-05 -2.52908e-05 0.00546499)
(1.09077e-05 -1.94736e-05 0.00547556)
(1.28349e-05 -2.09082e-05 0.00547625)
(1.41348e-05 -2.2043e-05 0.00547374)
(1.46177e-05 -2.28176e-05 0.00547031)
(9.31303e-06 -1.59434e-05 0.00547035)
(1.14522e-05 -1.736e-05 0.00547685)
(1.30541e-05 -1.86041e-05 0.00547649)
(1.38989e-05 -1.95109e-05 0.00547385)
(9.60938e-06 -1.78809e-05 0.00546505)
(1.07532e-05 -1.8798e-05 0.00546379)
(1.13116e-05 -1.94181e-05 0.00546123)
(1.12602e-05 -1.97474e-05 0.00545845)
(8.70765e-06 -1.64308e-05 0.00546824)
(9.9829e-06 -1.74414e-05 0.00546779)
(1.07819e-05 -1.81809e-05 0.00546556)
(1.09998e-05 -1.86398e-05 0.00546291)
(7.65649e-06 -1.43638e-05 0.00546889)
(9.09117e-06 -1.54068e-05 0.00547057)
(1.01173e-05 -1.62385e-05 0.00546913)
(1.05984e-05 -1.6817e-05 0.00546678)
(6.50289e-06 -1.17678e-05 0.00546261)
(8.08443e-06 -1.27914e-05 0.00546999)
(9.32143e-06 -1.3698e-05 0.00547064)
(1.00554e-05 -1.43732e-05 0.00546902)
(6.82998e-06 -1.31348e-05 0.00546214)
(7.68598e-06 -1.38086e-05 0.00546167)
(8.14707e-06 -1.42657e-05 0.00545993)
(8.19184e-06 -1.45108e-05 0.00545793)
(6.16851e-06 -1.20836e-05 0.00546428)
(7.12041e-06 -1.28223e-05 0.00546456)
(7.75573e-06 -1.33655e-05 0.00546311)
(7.99585e-06 -1.37066e-05 0.00546123)
(5.40113e-06 -1.05759e-05 0.00546401)
(6.4684e-06 -1.13347e-05 0.00546635)
(7.26611e-06 -1.19434e-05 0.00546565)
(7.69447e-06 -1.23725e-05 0.00546403)
(4.56467e-06 -8.67531e-06 0.00545695)
(5.73509e-06 -9.41653e-06 0.00546492)
(6.68165e-06 -1.0077e-05 0.00546624)
(7.28834e-06 -1.05766e-05 0.00546533)
(4.86122e-06 -9.60783e-06 0.00546002)
(5.49824e-06 -1.01005e-05 0.00546009)
(5.86656e-06 -1.04355e-05 0.00545892)
(5.94772e-06 -1.06163e-05 0.00545748)
(4.37792e-06 -8.85e-06 0.0054614)
(5.08484e-06 -9.38823e-06 0.00546218)
(5.57926e-06 -9.78546e-06 0.00546127)
(5.80197e-06 -1.00369e-05 0.00545993)
(3.81917e-06 -7.7561e-06 0.00546045)
(4.60967e-06 -8.3071e-06 0.00546323)
(5.22048e-06 -8.75099e-06 0.00546304)
(5.57814e-06 -9.0669e-06 0.00546194)
(3.21326e-06 -6.3717e-06 0.00545281)
(4.07675e-06 -6.90795e-06 0.00546118)
(4.79323e-06 -7.38793e-06 0.00546297)
(5.27731e-06 -7.75519e-06 0.00546254)
(3.45021e-06 -6.97378e-06 0.00545849)
(3.91958e-06 -7.33116e-06 0.00545893)
(4.20543e-06 -7.57461e-06 0.00545815)
(4.29225e-06 -7.70645e-06 0.00545711)
(3.09975e-06 -6.43167e-06 0.00545931)
(3.61979e-06 -6.82116e-06 0.00546043)
(3.9964e-06 -7.10931e-06 0.00545989)
(4.1853e-06 -7.29282e-06 0.00545893)
(2.69559e-06 -5.64428e-06 0.00545786)
(3.27592e-06 -6.04203e-06 0.00546095)
(3.73576e-06 -6.3634e-06 0.00546111)
(4.0211e-06 -6.59368e-06 0.00546037)
(2.25906e-06 -4.64379e-06 0.00544981)
(2.8911e-06 -5.02978e-06 0.00545845)
(3.42592e-06 -5.37637e-06 0.00546056)
(3.80089e-06 -5.6438e-06 0.00546047)
(2.42373e-06 -4.98848e-06 0.00545739)
(2.76366e-06 -5.24397e-06 0.00545809)
(2.97872e-06 -5.41822e-06 0.00545759)
(3.05659e-06 -5.51284e-06 0.00545682)
(2.17324e-06 -4.60594e-06 0.0054578)
(2.54943e-06 -4.8839e-06 0.00545916)
(2.829e-06 -5.08985e-06 0.00545889)
(2.97947e-06 -5.22158e-06 0.00545819)
(1.8849e-06 -4.04713e-06 0.005456)
(2.30407e-06 -4.33049e-06 0.0054593)
(2.64254e-06 -4.55988e-06 0.0054597)
(2.86117e-06 -4.72503e-06 0.00545922)
(1.57444e-06 -3.33437e-06 0.00544765)
(2.02995e-06 -3.60876e-06 0.00545647)
(2.42116e-06 -3.85569e-06 0.0054588)
(2.70275e-06 -4.04735e-06 0.00545896)
(1.66122e-06 -3.46757e-06 0.00545661)
(1.89981e-06 -3.64506e-06 0.00545749)
(2.05497e-06 -3.7662e-06 0.00545718)
(2.11747e-06 -3.83213e-06 0.0054566)
(1.4872e-06 -3.20483e-06 0.00545675)
(1.75103e-06 -3.3977e-06 0.00545826)
(1.95083e-06 -3.54075e-06 0.00545817)
(2.06358e-06 -3.63251e-06 0.00545766)
(1.28715e-06 -2.81908e-06 0.00545469)
(1.58081e-06 -3.01546e-06 0.00545813)
(1.82125e-06 -3.17465e-06 0.00545869)
(1.98095e-06 -3.2896e-06 0.00545839)
(1.07231e-06 -2.32537e-06 0.00544612)
(1.39089e-06 -2.51525e-06 0.00545507)
(1.66756e-06 -2.68638e-06 0.00545755)
(1.87044e-06 -2.81976e-06 0.00545787)
(1.07859e-06 -2.27065e-06 0.00545609)
(1.23621e-06 -2.38685e-06 0.00545708)
(1.3407e-06 -2.46617e-06 0.0054569)
(1.38552e-06 -2.50938e-06 0.00545645)
(9.64639e-07 -2.1002e-06 0.00545603)
(1.13879e-06 -2.22641e-06 0.00545765)
(1.27244e-06 -2.3201e-06 0.00545767)
(1.35014e-06 -2.38031e-06 0.00545729)
(8.3379e-07 -1.84896e-06 0.0054538)
(1.02742e-06 -1.97734e-06 0.00545734)
(1.18753e-06 -2.08153e-06 0.00545801)
(1.29583e-06 -2.15696e-06 0.00545782)
(6.93524e-07 -1.52657e-06 0.00544509)
(9.03301e-07 -1.65054e-06 0.00545412)
(1.0869e-06 -1.76244e-06 0.0054567)
(1.22321e-06 -1.84996e-06 0.00545713)
(6.26741e-07 -1.30021e-06 0.00545577)
(7.19233e-07 -1.36692e-06 0.00545683)
(7.81274e-07 -1.41245e-06 0.00545672)
(8.08692e-07 -1.43728e-06 0.00545635)
(5.61303e-07 -1.20261e-06 0.00545559)
(6.63215e-07 -1.27514e-06 0.00545727)
(7.41926e-07 -1.32911e-06 0.00545737)
(7.88193e-07 -1.36397e-06 0.00545706)
(4.86258e-07 -1.0588e-06 0.00545325)
(5.99121e-07 -1.13248e-06 0.00545684)
(6.92845e-07 -1.19257e-06 0.00545758)
(7.56582e-07 -1.23635e-06 0.00545746)
(4.06063e-07 -8.74409e-07 0.00544445)
(5.27765e-07 -9.45275e-07 0.00545353)
(6.34627e-07 -1.00979e-06 0.00545617)
(7.14247e-07 -1.06066e-06 0.00545667)
(3.25981e-07 -5.82642e-07 0.00545558)
(3.73584e-07 -6.13387e-07 0.00545668)
(4.05529e-07 -6.34511e-07 0.00545662)
(4.19663e-07 -6.4635e-07 0.0054563)
(2.95117e-07 -5.35105e-07 0.00545534)
(3.47234e-07 -5.69563e-07 0.00545706)
(3.86754e-07 -5.95381e-07 0.00545719)
(4.09331e-07 -6.1254e-07 0.00545693)
(2.5872e-07 -4.66625e-07 0.00545294)
(3.16174e-07 -5.02798e-07 0.00545657)
(3.62678e-07 -5.32399e-07 0.00545734)
(3.93187e-07 -5.54413e-07 0.00545727)
(2.18625e-07 -3.80381e-07 0.00544409)
(2.80584e-07 -4.16315e-07 0.0054532)
(3.33444e-07 -4.48982e-07 0.00545588)
(3.71411e-07 -4.75032e-07 0.00545641)
(0.00327556 0.00324547 -0.000330597)
(0.00133601 3.25209e-06 -1.98637e-05)
(-0.00464531 0.00348574 -0.000281824)
(-0.00627955 0.00903761 -0.000346368)
(-0.00227053 0.00255469 0.000377021)
(0.00288409 0.00125905 8.53225e-05)
(-0.021674 0.0136565 -0.000172713)
(-0.0110327 0.00521443 -0.00322537)
(-0.00320152 -0.000875404 0.00593424)
(-0.0105959 0.000868191 0.00699207)
(-0.00945047 0.00682371 0.011563)
(-0.0213334 0.0086602 0.000744569)
(-0.00233314 -0.00131542 0.0063525)
(-0.015857 -0.00780633 -0.00996664)
(-0.00344527 0.00574777 0.0118824)
(-0.00152375 0.000851151 0.00690553)
(0.000915547 -0.0025924 0.010944)
(0.000650766 -0.00285838 0.013643)
(-8.18028e-05 -0.00128423 0.00833534)
(-0.00107404 0.000638092 -0.00177135)
(0.000432629 -0.00315165 0.0115335)
(0.000146632 -0.00342171 0.01798)
(-0.000678532 -0.0030526 0.0180828)
(-0.000824468 -0.00172368 -0.00243041)
(-0.000350458 -0.00251564 0.0109125)
(-0.00263265 -0.0015572 0.0169118)
(-0.000419515 -0.00208911 0.0242776)
(0.000446275 -0.00254418 0.00931449)
(-0.000493372 -0.00102539 0.0100522)
(-0.00285468 -0.000655125 0.0140157)
(-0.000613412 -0.000128098 0.0199245)
(0.00281822 -0.000893818 0.012711)
(0.000413005 -0.00161228 0.00645893)
(0.00140469 -0.0019992 0.00703151)
(0.00239933 -0.00181959 0.00517535)
(0.0019119 -0.00101305 0.00180142)
(-0.000173003 -0.0015181 0.00664815)
(0.000578632 -0.00199545 0.00848644)
(0.00226019 -0.00251243 0.0084737)
(0.00235877 -0.00213285 0.00297716)
(-0.000603955 -0.00128714 0.00679329)
(-0.000511245 -0.00131542 0.00900357)
(0.00169122 -0.00183884 0.0116755)
(0.00265594 -0.00209985 0.00643958)
(-0.000802952 -0.000896759 0.00660695)
(-0.00097659 -0.000676582 0.00803248)
(0.00105508 -0.000427795 0.0117244)
(0.00275517 -0.000615782 0.00822988)
(0.000273968 -0.000916982 0.00682112)
(0.000980931 -0.00119213 0.00684664)
(0.00172235 -0.00127927 0.00594413)
(0.0015304 -0.000949675 0.00439353)
(-9.35766e-05 -0.000820192 0.00687939)
(0.000470401 -0.00110415 0.00745162)
(0.00160789 -0.00146073 0.00717654)
(0.0017611 -0.00134278 0.00512399)
(-0.000341521 -0.000676021 0.00683336)
(-7.08551e-05 -0.000757501 0.00771659)
(0.00122528 -0.00101748 0.0083022)
(0.0017907 -0.0011255 0.00627998)
(-0.000467133 -0.000494895 0.00669185)
(-0.000395061 -0.00039279 0.00758066)
(0.000817976 -0.000229152 0.00863773)
(0.00166857 -0.000296618 0.00695107)
(0.000261157 -0.000542088 0.00634939)
(0.000627157 -0.000671453 0.0063205)
(0.000965969 -0.000747203 0.00591365)
(0.000891604 -0.000637837 0.0052233)
(6.32927e-05 -0.000458661 0.00638783)
(0.000380455 -0.000592281 0.00660885)
(0.000893557 -0.000757523 0.00644714)
(0.000974742 -0.000725665 0.00559676)
(-8.2132e-05 -0.000358047 0.00634286)
(0.000123577 -0.000407803 0.00673071)
(0.000713166 -0.000514195 0.00688314)
(0.000964724 -0.000552352 0.00603432)
(-0.000176429 -0.000233853 0.00622352)
(-6.29346e-05 -0.000177516 0.00665829)
(0.000518115 -0.000100461 0.00700561)
(0.000894175 -0.000137071 0.0062344)
(0.000208782 -0.000325901 0.00605068)
(0.000389131 -0.000387372 0.00600637)
(0.000532889 -0.00043156 0.0058059)
(0.000503831 -0.000402858 0.00549328)
(0.000102063 -0.000262844 0.00607205)
(0.000271791 -0.000323852 0.00614251)
(0.000489535 -0.000395126 0.00604132)
(0.000527046 -0.000391971 0.00567578)
(1.5166e-05 -0.000189884 0.0060309)
(0.000147078 -0.000213642 0.00618629)
(0.000406434 -0.000258337 0.00620529)
(0.000514957 -0.000276582 0.00583653)
(-4.9112e-05 -0.000103394 0.00592852)
(4.44594e-05 -6.97723e-05 0.00611414)
(0.000314237 -3.97993e-05 0.00620744)
(0.000480507 -6.5061e-05 0.00585377)
(0.000151566 -0.000203139 0.00585543)
(0.000243511 -0.000234459 0.00582297)
(0.000307147 -0.000259709 0.00571878)
(0.000295401 -0.000256235 0.00556829)
(9.15231e-05 -0.000157711 0.00585736)
(0.000183703 -0.000185407 0.00588246)
(0.000280425 -0.000218088 0.00582205)
(0.000298836 -0.000223341 0.00565535)
(3.95074e-05 -0.000105653 0.00580901)
(0.0001195 -0.00011457 0.00587856)
(0.000238186 -0.000134838 0.00586849)
(0.000288286 -0.000147537 0.00570048)
(-2.41553e-06 -4.5631e-05 0.00570823)
(6.28372e-05 -2.43793e-05 0.0057914)
(0.000191596 -1.42211e-05 0.00580993)
(0.000269234 -3.28987e-05 0.00564344)
(0.000105174 -0.000131503 0.00572549)
(0.000154844 -0.000148788 0.00570806)
(0.000185615 -0.000163999 0.00565202)
(0.000181324 -0.000167326 0.0055743)
(6.96209e-05 -9.91402e-05 0.00571306)
(0.00012169 -0.000112027 0.00572829)
(0.00016833 -0.000128624 0.00569511)
(0.000178922 -0.000135235 0.00561367)
(3.77111e-05 -6.24028e-05 0.00565761)
(8.61725e-05 -6.48526e-05 0.00569739)
(0.000144418 -7.50281e-05 0.0056887)
(0.000170357 -8.46632e-05 0.00560856)
(1.05066e-05 -2.11144e-05 0.00555589)
(5.36411e-05 -7.40436e-06 0.00559893)
(0.000118791 -4.64297e-06 0.00560082)
(0.000158461 -1.80649e-05 0.00552035)
(7.14763e-05 -8.81988e-05 0.00563666)
(0.000100098 -9.84548e-05 0.00563116)
(0.000116755 -0.000108104 0.00560096)
(0.000116018 -0.000112562 0.00555852)
(4.93836e-05 -6.51925e-05 0.00561473)
(8.02833e-05 -7.13903e-05 0.00563047)
(0.000105102 -8.06407e-05 0.00561484)
(0.000112321 -8.64697e-05 0.00557315)
(2.91994e-05 -3.93491e-05 0.00555406)
(5.9257e-05 -3.9274e-05 0.00558485)
(9.03798e-05 -4.48539e-05 0.00558373)
(0.00010562 -5.20326e-05 0.00554485)
(1.13319e-05 -1.09559e-05 0.00545113)
(3.96302e-05 -1.81787e-06 0.00547996)
(7.51403e-05 -1.46222e-06 0.00548234)
(9.76578e-05 -1.08083e-05 0.00544324)
(4.81569e-05 -6.09691e-05 0.00557503)
(6.57057e-05 -6.74411e-05 0.00557792)
(7.58291e-05 -7.3815e-05 0.0055623)
(7.67948e-05 -7.78003e-05 0.00553819)
(3.38504e-05 -4.45889e-05 0.00554704)
(5.31192e-05 -4.76841e-05 0.00556567)
(6.7727e-05 -5.32269e-05 0.00556107)
(7.3258e-05 -5.78267e-05 0.0055394)
(2.06941e-05 -2.63599e-05 0.00548293)
(3.99363e-05 -2.54279e-05 0.00551202)
(5.81073e-05 -2.86722e-05 0.00551787)
(6.81321e-05 -3.38871e-05 0.00549973)
(8.75137e-06 -6.71654e-06 0.00537908)
(2.75231e-05 -3.84346e-07 0.00540379)
(4.84596e-05 -5.91587e-07 0.00541037)
(6.26072e-05 -6.97727e-06 0.00539221)
(3.23957e-05 -4.31626e-05 0.00553167)
(4.37493e-05 -4.74457e-05 0.00554018)
(5.05123e-05 -5.17834e-05 0.00553312)
(5.21961e-05 -5.49699e-05 0.00551914)
(2.28181e-05 -3.14568e-05 0.00549984)
(3.53786e-05 -3.30632e-05 0.00552129)
(4.47575e-05 -3.65625e-05 0.00552361)
(4.92234e-05 -4.00287e-05 0.00551273)
(1.4012e-05 -1.85277e-05 0.00543353)
(2.67322e-05 -1.74104e-05 0.00546319)
(3.82134e-05 -1.93582e-05 0.0054742)
(4.53557e-05 -2.30842e-05 0.00546716)
(5.88137e-06 -4.81348e-06 0.0053291)
(1.85618e-05 -2.67522e-07 0.00535328)
(3.18154e-05 -4.52456e-07 0.00536391)
(4.14477e-05 -4.77772e-06 0.00535695)
(2.1851e-05 -3.10957e-05 0.0055008)
(2.95156e-05 -3.40298e-05 0.005513)
(3.43308e-05 -3.7045e-05 0.00551113)
(3.61999e-05 -3.94837e-05 0.00550305)
(1.52726e-05 -2.2692e-05 0.00546652)
(2.37629e-05 -2.35572e-05 0.00549015)
(3.01838e-05 -2.58482e-05 0.00549683)
(3.38339e-05 -2.84069e-05 0.00549211)
(9.24643e-06 -1.34627e-05 0.00539884)
(1.78977e-05 -1.24146e-05 0.00542951)
(2.5611e-05 -1.36013e-05 0.00544405)
(3.09396e-05 -1.62419e-05 0.00544328)
(3.61791e-06 -3.79352e-06 0.00529406)
(1.23483e-05 -4.43386e-07 0.00531876)
(2.12258e-05 -4.83321e-07 0.00533245)
(2.81436e-05 -3.40762e-06 0.0053318)
(1.4814e-05 -2.26735e-05 0.00547863)
(2.01525e-05 -2.4732e-05 0.00549323)
(2.37079e-05 -2.68593e-05 0.00549458)
(2.54883e-05 -2.86891e-05 0.0054901)
(1.02084e-05 -1.66126e-05 0.00544277)
(1.61081e-05 -1.70946e-05 0.00546793)
(2.06914e-05 -1.86331e-05 0.00547736)
(2.36568e-05 -2.05046e-05 0.00547633)
(6.01114e-06 -9.98301e-06 0.00537422)
(1.20315e-05 -9.08626e-06 0.00540578)
(1.74386e-05 -9.81274e-06 0.00542265)
(2.15017e-05 -1.16795e-05 0.0054256)
(2.0596e-06 -3.10315e-06 0.00526925)
(8.17271e-06 -5.93549e-07 0.00529461)
(1.43634e-05 -5.11101e-07 0.00531042)
(1.9486e-05 -2.4931e-06 0.00531349)
(1.01079e-05 -1.66599e-05 0.0054626)
(1.39071e-05 -1.81274e-05 0.00547876)
(1.65791e-05 -1.9644e-05 0.00548216)
(1.81468e-05 -2.10035e-05 0.00547995)
(6.83816e-06 -1.22708e-05 0.0054257)
(1.10198e-05 -1.25475e-05 0.00545187)
(1.4372e-05 -1.35996e-05 0.00546306)
(1.67517e-05 -1.49632e-05 0.00546434)
(3.87484e-06 -7.48304e-06 0.0053566)
(8.1374e-06 -6.75017e-06 0.0053888)
(1.2031e-05 -7.1947e-06 0.00540718)
(1.51522e-05 -8.51548e-06 0.00541243)
(1.06943e-06 -2.54958e-06 0.00525151)
(5.40842e-06 -6.53813e-07 0.00527741)
(9.84053e-06 -5.00377e-07 0.00529464)
(1.36913e-05 -1.85036e-06 0.00529998)
(6.94427e-06 -1.22945e-05 0.00545096)
(9.68595e-06 -1.33514e-05 0.00546813)
(1.17071e-05 -1.44403e-05 0.00547285)
(1.30225e-05 -1.54448e-05 0.00547213)
(4.60022e-06 -9.10591e-06 0.00541336)
(7.60411e-06 -9.26889e-06 0.00544019)
(1.0087e-05 -9.99795e-06 0.00545251)
(1.19708e-05 -1.09899e-05 0.00545527)
(2.48693e-06 -5.63372e-06 0.0053439)
(5.54205e-06 -5.05084e-06 0.00537653)
(8.38966e-06 -5.32194e-06 0.00539588)
(1.07865e-05 -6.25859e-06 0.00540259)
(4.7834e-07 -2.07442e-06 0.00523874)
(3.58936e-06 -6.38459e-07 0.00526501)
(6.81321e-06 -4.57674e-07 0.00528317)
(9.72405e-06 -1.38278e-06 0.00528996)
(4.80226e-06 -9.08803e-06 0.00544247)
(6.7971e-06 -9.85371e-06 0.00546031)
(8.32606e-06 -1.06392e-05 0.0054659)
(9.39381e-06 -1.13786e-05 0.00546617)
(3.11116e-06 -6.76686e-06 0.00540439)
(5.28702e-06 -6.86496e-06 0.00543165)
(7.13547e-06 -7.3751e-06 0.00544471)
(8.60708e-06 -8.09625e-06 0.00544844)
(1.59361e-06 -4.24193e-06 0.00533469)
(3.80076e-06 -3.78685e-06 0.00536759)
(5.89958e-06 -3.95137e-06 0.00538758)
(7.7324e-06 -4.61739e-06 0.00539524)
(1.4711e-07 -1.66331e-06 0.00522949)
(2.39294e-06 -5.7685e-07 0.00525601)
(4.75788e-06 -3.97416e-07 0.00527476)
(6.95808e-06 -1.03532e-06 0.00528249)
(3.3394e-06 -6.71237e-06 0.00543628)
(4.79616e-06 -7.2686e-06 0.00545456)
(5.94839e-06 -7.83634e-06 0.00546073)
(6.79373e-06 -8.3787e-06 0.00546167)
(2.11539e-06 -5.02202e-06 0.00539787)
(3.69798e-06 -5.08215e-06 0.0054254)
(5.07421e-06 -5.4415e-06 0.00543894)
(6.20916e-06 -5.96514e-06 0.00544332)
(1.02135e-06 -3.18432e-06 0.00532801)
(2.62253e-06 -2.83415e-06 0.00536106)
(4.17303e-06 -2.93342e-06 0.00538147)
(5.56514e-06 -3.40794e-06 0.00538976)
(-2.36615e-08 -1.31255e-06 0.00522278)
(1.60352e-06 -4.93786e-07 0.00524944)
(3.34375e-06 -3.31572e-07 0.00526859)
(5.00072e-06 -7.73845e-07 0.00527694)
(2.33019e-06 -4.93965e-06 0.00543177)
(3.39342e-06 -5.34341e-06 0.00545033)
(4.25569e-06 -5.7535e-06 0.0054569)
(4.91099e-06 -6.14944e-06 0.0054583)
(1.44438e-06 -3.71115e-06 0.00539313)
(2.59549e-06 -3.74857e-06 0.00542082)
(3.61602e-06 -4.00256e-06 0.00543468)
(4.47981e-06 -4.38175e-06 0.00543951)
(6.55206e-07 -2.37596e-06 0.00532315)
(1.81711e-06 -2.11011e-06 0.0053563)
(2.95998e-06 -2.16961e-06 0.00537697)
(4.00787e-06 -2.50775e-06 0.00538569)
(-9.97732e-08 -1.01857e-06 0.00521791)
(1.07932e-06 -4.05712e-07 0.00524464)
(2.35795e-06 -2.67753e-07 0.00526405)
(3.59739e-06 -5.75486e-07 0.00527281)
(1.62535e-06 -3.60672e-06 0.00542849)
(2.39697e-06 -3.89829e-06 0.00544724)
(3.03514e-06 -4.19304e-06 0.00545408)
(3.53267e-06 -4.47982e-06 0.0054558)
(9.87327e-07 -2.71926e-06 0.00538969)
(1.82039e-06 -2.74281e-06 0.00541748)
(2.57053e-06 -2.92213e-06 0.00543156)
(3.21783e-06 -3.19502e-06 0.0054367)
(4.20382e-07 -1.75485e-06 0.00531963)
(1.25958e-06 -1.55603e-06 0.00535283)
(2.09581e-06 -1.59144e-06 0.00537368)
(2.87483e-06 -1.83154e-06 0.00538269)
(-1.22615e-07 -7.75699e-07 0.00521437)
(7.27822e-07 -3.21868e-07 0.00524115)
(1.66102e-06 -2.09883e-07 0.00526072)
(2.57815e-06 -4.23966e-07 0.00526978)
(1.12508e-06 -2.59394e-06 0.00542613)
(1.67751e-06 -2.80183e-06 0.00544501)
(2.14137e-06 -3.01109e-06 0.00545203)
(2.50977e-06 -3.2158e-06 0.00545398)
(6.71223e-07 -1.96131e-06 0.00538721)
(1.26633e-06 -1.97622e-06 0.00541507)
(1.8088e-06 -2.10171e-06 0.00542929)
(2.28363e-06 -2.29555e-06 0.00543464)
(2.68708e-07 -1.27387e-06 0.0053171)
(8.67233e-07 -1.12825e-06 0.00535032)
(1.46989e-06 -1.14912e-06 0.00537129)
(2.03805e-06 -1.31781e-06 0.0053805)
(-1.17126e-07 -5.76558e-07 0.00521184)
(4.88657e-07 -2.46428e-07 0.00523864)
(1.15987e-06 -1.59347e-07 0.00525831)
(1.8265e-06 -3.07186e-07 0.00526756)
(7.6203e-07 -1.81149e-06 0.00542447)
(1.14648e-06 -1.95574e-06 0.00544343)
(1.47298e-06 -2.1004e-06 0.00545058)
(1.73579e-06 -2.24242e-06 0.00545268)
(4.47781e-07 -1.37281e-06 0.00538547)
(8.6125e-07 -1.38222e-06 0.00541336)
(1.24169e-06 -1.46803e-06 0.00542768)
(1.57818e-06 -1.60201e-06 0.00543318)
(1.69451e-07 -8.96143e-07 0.00531532)
(5.84795e-07 -7.93099e-07 0.00534855)
(1.00639e-06 -8.05218e-07 0.00536959)
(1.40737e-06 -9.20828e-07 0.00537895)
(-9.75415e-08 -4.12882e-07 0.00521005)
(3.22392e-07 -1.80303e-07 0.00523686)
(7.91264e-07 -1.15934e-07 0.0052566)
(1.26062e-06 -2.15848e-07 0.00526598)
(4.9126e-07 -1.19041e-06 0.00542334)
(7.43451e-07 -1.28489e-06 0.00544236)
(9.59373e-07 -1.37935e-06 0.00544958)
(1.13473e-06 -1.47231e-06 0.00545179)
(2.85812e-07 -9.03537e-07 0.00538429)
(5.56765e-07 -9.09403e-07 0.00541221)
(8.07705e-07 -9.65096e-07 0.00542659)
(1.03121e-06 -1.05264e-06 0.00543218)
(1.03922e-07 -5.91862e-07 0.00531412)
(3.75921e-07 -5.23725e-07 0.00534735)
(6.53546e-07 -5.3074e-07 0.00536844)
(9.19151e-07 -6.05863e-07 0.00537788)
(-7.07742e-08 -2.75833e-07 0.00520884)
(2.03979e-07 -1.22174e-07 0.00523565)
(5.12475e-07 -7.83352e-08 0.00525544)
(8.22934e-07 -1.42622e-07 0.00526491)
(2.89843e-07 -6.81265e-07 0.00542265)
(4.35787e-07 -7.3561e-07 0.0054417)
(5.60861e-07 -7.90429e-07 0.00544897)
(6.62722e-07 -8.44529e-07 0.00545123)
(1.71167e-07 -5.16499e-07 0.00538356)
(3.27877e-07 -5.20127e-07 0.00541149)
(4.72934e-07 -5.5293e-07 0.0054259)
(6.02395e-07 -6.0418e-07 0.00543155)
(6.60257e-08 -3.38076e-07 0.00531337)
(2.23276e-07 -2.99402e-07 0.00534661)
(3.8353e-07 -3.04289e-07 0.00536772)
(5.37045e-07 -3.4845e-07 0.00537722)
(-3.56666e-08 -1.55914e-07 0.0052081)
(1.23189e-07 -6.82304e-08 0.0052349)
(3.01263e-07 -4.39053e-08 0.00525472)
(4.8061e-07 -8.1893e-08 0.00526423)
(1.64021e-07 -2.93538e-07 0.00542225)
(2.34955e-07 -3.22009e-07 0.00544133)
(2.96284e-07 -3.50237e-07 0.00544863)
(3.44915e-07 -3.78028e-07 0.00545094)
(1.06553e-07 -2.18631e-07 0.00538315)
(1.82058e-07 -2.24229e-07 0.00541109)
(2.52854e-07 -2.42449e-07 0.00542553)
(3.1432e-07 -2.69651e-07 0.00543122)
(5.42715e-08 -1.35965e-07 0.00531295)
(1.30106e-07 -1.22211e-07 0.0053462)
(2.08158e-07 -1.28179e-07 0.00536733)
(2.80753e-07 -1.53211e-07 0.00537686)
(6.17465e-09 -5.18246e-08 0.00520767)
(8.17486e-08 -1.6596e-08 0.00523448)
(1.66967e-07 -1.00295e-08 0.00525431)
(2.50612e-07 -3.28398e-08 0.00526387)
(-0.00223055 -0.00187892 0.00454384)
(-0.00817692 -0.0053871 -0.00074146)
(0.000858073 0.00764044 0.00197226)
(-0.002094 0.000581275 -0.000282275)
(-0.00242296 -0.00561493 0.00466864)
(-0.00574671 -0.0043458 0.000123154)
(-0.00464081 -0.00204334 -0.00237161)
(0.000951559 0.0102496 -0.00772118)
(0.00774214 0.0105055 0.00613574)
(0.00368373 0.000322765 0.00148753)
(0.00124481 -0.00185337 -0.00057884)
(-0.00264816 0.00321204 -0.00366796)
(-0.00144223 -0.00207855 0.00556481)
(0.000751291 0.00211555 0.0053125)
(-0.00765062 0.000182955 0.00345227)
(0.00182017 0.00203806 -0.000350288)
(-0.000126172 -0.000515437 0.0105978)
(-0.000330881 0.000347795 0.0132668)
(0.000659365 0.00282139 0.0148281)
(-0.000258253 0.000714603 0.00889429)
(-0.000443326 -0.00094643 0.00621275)
(-0.000777251 -0.000533899 0.00808193)
(-0.000510082 -1.46576e-05 0.00897165)
(-0.000933639 -0.000251034 0.0083904)
(2.38303e-05 0.000196562 0.00441007)
(-9.00908e-05 -0.00124413 0.012874)
(9.64813e-05 -0.00180057 0.00918448)
(-0.000800327 -0.0014548 0.0125458)
(-0.000668151 -0.00166848 0.00774702)
(0.000413159 -0.00195444 0.00901382)
(0.000802244 -0.00224449 0.0103207)
(0.001025 -0.00180801 0.0157069)
(-1.76926e-05 0.000117963 0.0064073)
(-5.9332e-05 0.000209103 0.00729482)
(0.000567865 0.000363158 0.0080909)
(0.00102434 -0.0003567 0.00636063)
(-0.000121285 0.000185181 0.0049081)
(-0.000345222 0.000207211 0.00568858)
(4.7858e-06 9.79779e-05 0.00632847)
(0.000423322 -0.000524415 0.0061056)
(-0.000295488 -0.000221048 0.0041835)
(-0.000500116 -0.000362931 0.00552529)
(-0.000244824 -0.000557182 0.0057774)
(0.00016248 -0.000849896 0.00632731)
(-0.00053827 -0.000835029 0.00546791)
(-0.00036208 -0.000953375 0.00573731)
(-7.80921e-05 -0.00102718 0.0058987)
(0.000264559 -0.00112275 0.00627073)
(-4.14629e-05 -8.75798e-05 0.00642588)
(-1.65601e-05 -0.00014182 0.00677275)
(0.000446867 -0.000226317 0.00705093)
(0.000906021 -0.00049826 0.00654852)
(-5.46675e-05 0.000108903 0.0058758)
(-0.000108675 8.24328e-05 0.00625351)
(0.000202212 -4.11553e-05 0.00658836)
(0.000600368 -0.000375761 0.00651847)
(-0.000143488 -9.06667e-05 0.00562051)
(-0.000200877 -0.000108893 0.00604389)
(1.78909e-05 -0.00021033 0.00637753)
(0.000344603 -0.000418608 0.00653749)
(-0.000268155 -0.00038465 0.00604335)
(-0.000196327 -0.00044177 0.00625218)
(-2.63829e-05 -0.000496979 0.00643646)
(0.000195428 -0.000589303 0.00655876)
(-4.09704e-06 -0.000199142 0.00606514)
(6.8729e-05 -0.00025212 0.00628148)
(0.000314922 -0.00031794 0.006391)
(0.000574604 -0.000420394 0.00618448)
(-1.76122e-05 -5.28846e-05 0.00588096)
(1.98591e-05 -9.63157e-05 0.00611019)
(0.000208421 -0.000181583 0.0062575)
(0.000445383 -0.000332299 0.00620226)
(-5.3629e-05 -9.7399e-05 0.00577041)
(-3.0293e-05 -0.000137033 0.00600315)
(0.000109747 -0.00020941 0.00616433)
(0.000306219 -0.000324921 0.00620675)
(-0.000110667 -0.000197449 0.00590508)
(-4.81498e-05 -0.00025897 0.00606113)
(6.46827e-05 -0.000314548 0.00617155)
(0.000203225 -0.000386503 0.00622074)
(1.08371e-05 -0.000200493 0.00580955)
(8.60948e-05 -0.000238469 0.00595018)
(0.00021878 -0.000281009 0.00599886)
(0.000358507 -0.000324703 0.00590528)
(-6.06981e-06 -0.000104998 0.00576815)
(5.19115e-05 -0.000146763 0.00591543)
(0.000166404 -0.000203467 0.00598487)
(0.000300172 -0.000275667 0.00594454)
(-2.15249e-05 -8.93775e-05 0.00573217)
(2.24884e-05 -0.000134044 0.00588051)
(0.000114287 -0.000188669 0.00596461)
(0.000229097 -0.000255818 0.00596923)
(-4.12747e-05 -0.00010382 0.00577985)
(1.00195e-05 -0.000157459 0.0059009)
(8.62337e-05 -0.000206626 0.00597406)
(0.000170055 -0.000260825 0.00599384)
(1.17483e-05 -0.00016724 0.00564185)
(7.27368e-05 -0.00019389 0.00575521)
(0.000151971 -0.000221919 0.00578948)
(0.000231699 -0.000246193 0.00574457)
(-3.77596e-06 -0.000105079 0.00564452)
(4.87192e-05 -0.000138425 0.00576287)
(0.00012201 -0.000176381 0.00580969)
(0.00020024 -0.000216349 0.00578501)
(-1.11527e-05 -7.47618e-05 0.00563247)
(3.09874e-05 -0.00011244 0.00575269)
(9.2409e-05 -0.000152354 0.005813)
(0.000161094 -0.000194636 0.00581282)
(-1.36362e-05 -5.88713e-05 0.00564201)
(2.56392e-05 -0.000100522 0.00575127)
(7.61906e-05 -0.000139076 0.00581452)
(0.000127446 -0.000178668 0.0058313)
(9.2404e-06 -0.000130621 0.00552721)
(5.45029e-05 -0.000149714 0.00563431)
(0.000104985 -0.000169096 0.00566951)
(0.000153147 -0.000185142 0.00564825)
(-3.57072e-06 -8.89553e-05 0.00554029)
(3.74113e-05 -0.000113984 0.00565059)
(8.57618e-05 -0.000140039 0.00569403)
(0.000133619 -0.000164887 0.00568243)
(-7.698e-06 -5.93925e-05 0.00553445)
(2.6085e-05 -8.82011e-05 0.00564617)
(6.75264e-05 -0.000116948 0.00570111)
(0.000110197 -0.000145128 0.00570573)
(-4.11845e-06 -3.64265e-05 0.00552739)
(2.45262e-05 -6.70239e-05 0.00563261)
(5.80874e-05 -9.57193e-05 0.00569469)
(9.03523e-05 -0.000124341 0.00571541)
(6.49557e-06 -9.91977e-05 0.00544748)
(3.88413e-05 -0.000113104 0.00555438)
(7.21187e-05 -0.000126997 0.00559383)
(0.00010253 -0.000138399 0.00558639)
(-3.63238e-06 -7.0558e-05 0.00545995)
(2.64468e-05 -8.88876e-05 0.0055689)
(5.89031e-05 -0.000107177 0.00561449)
(8.93862e-05 -0.000123776 0.00561308)
(-6.34507e-06 -4.60708e-05 0.00545397)
(1.88224e-05 -6.72191e-05 0.00556365)
(4.69519e-05 -8.78242e-05 0.00561924)
(7.44332e-05 -0.000107269 0.0056302)
(-1.54707e-06 -2.45272e-05 0.00543911)
(1.88293e-05 -4.64606e-05 0.00554333)
(4.1284e-05 -6.73263e-05 0.00560683)
(6.22246e-05 -8.79441e-05 0.00563233)
(4.30201e-06 -7.43619e-05 0.00539195)
(2.70231e-05 -8.45502e-05 0.00550011)
(4.94097e-05 -9.46841e-05 0.0055437)
(6.92753e-05 -0.000102999 0.00554519)
(-3.53737e-06 -5.43301e-05 0.00540079)
(1.79276e-05 -6.7611e-05 0.00551031)
(3.99903e-05 -8.06366e-05 0.00555903)
(6.00478e-05 -9.21825e-05 0.00556515)
(-5.54828e-06 -3.53433e-05 0.00539276)
(1.25925e-05 -5.06003e-05 0.00550243)
(3.1823e-05 -6.53667e-05 0.00556009)
(5.00527e-05 -7.90616e-05 0.00557657)
(-1.26735e-06 -1.76441e-05 0.00537392)
(1.30846e-05 -3.3222e-05 0.00547815)
(2.82735e-05 -4.82584e-05 0.00554344)
(4.22325e-05 -6.31054e-05 0.00557294)
(2.74661e-06 -5.53966e-05 0.00535321)
(1.85982e-05 -6.28684e-05 0.00546271)
(3.3863e-05 -7.03065e-05 0.00550956)
(4.7176e-05 -7.64177e-05 0.00551702)
(-3.25294e-06 -4.12329e-05 0.00535811)
(1.18817e-05 -5.08189e-05 0.00546854)
(2.70309e-05 -6.01779e-05 0.00552001)
(4.05618e-05 -6.83846e-05 0.00553148)
(-4.84778e-06 -2.6971e-05 0.00534775)
(8.04433e-06 -3.7911e-05 0.00545789)
(2.12953e-05 -4.85149e-05 0.00551758)
(3.3674e-05 -5.82786e-05 0.00553824)
(-1.5145e-06 -1.32464e-05 0.00532665)
(8.57851e-06 -2.4297e-05 0.00543115)
(1.89759e-05 -3.51127e-05 0.00549793)
(2.84912e-05 -4.58211e-05 0.0055304)
(1.70932e-06 -4.1136e-05 0.00532611)
(1.27551e-05 -4.66125e-05 0.00543669)
(2.32701e-05 -5.20807e-05 0.00548591)
(3.23666e-05 -5.65781e-05 0.00549738)
(-2.85144e-06 -3.10567e-05 0.00532759)
(7.78004e-06 -3.79729e-05 0.00543883)
(1.82738e-05 -4.47347e-05 0.00549238)
(2.75772e-05 -5.06352e-05 0.00550757)
(-4.15061e-06 -2.05182e-05 0.00531515)
(4.96917e-06 -2.83576e-05 0.00542578)
(1.41748e-05 -3.5995e-05 0.00548706)
(2.27355e-05 -4.30096e-05 0.00551071)
(-1.71516e-06 -1.01716e-05 0.00529265)
(5.40227e-06 -1.80323e-05 0.0053974)
(1.26028e-05 -2.58241e-05 0.00546528)
(1.92066e-05 -3.35673e-05 0.00549984)
(1.04224e-06 -3.04893e-05 0.0053071)
(8.75414e-06 -3.45004e-05 0.00541846)
(1.60592e-05 -3.85204e-05 0.00546934)
(2.23682e-05 -4.18281e-05 0.00548352)
(-2.40873e-06 -2.3289e-05 0.00530584)
(5.06453e-06 -2.82848e-05 0.00541767)
(1.23914e-05 -3.3188e-05 0.00547272)
(1.8882e-05 -3.74574e-05 0.00549046)
(-3.47059e-06 -1.5569e-05 0.0052917)
(2.98261e-06 -2.11969e-05 0.0054027)
(9.42923e-06 -2.67148e-05 0.00546514)
(1.54338e-05 -3.17805e-05 0.00549088)
(-1.74904e-06 -7.88015e-06 0.00526822)
(3.2937e-06 -1.34963e-05 0.00537316)
(8.33332e-06 -1.91259e-05 0.00544181)
(1.29812e-05 -2.47404e-05 0.00547781)
(6.23778e-07 -2.25671e-05 0.00529372)
(6.02718e-06 -2.55035e-05 0.00540562)
(1.11401e-05 -2.84573e-05 0.00545765)
(1.5567e-05 -3.08878e-05 0.00547367)
(-1.97768e-06 -1.74112e-05 0.00529035)
(3.29068e-06 -2.10261e-05 0.00540259)
(8.44311e-06 -2.45905e-05 0.00545867)
(1.30222e-05 -2.76911e-05 0.00547815)
(-2.83902e-06 -1.17815e-05 0.00527486)
(1.73954e-06 -1.58329e-05 0.00538611)
(6.28744e-06 -1.98309e-05 0.00544936)
(1.05447e-05 -2.35023e-05 0.00547654)
(-1.64312e-06 -6.10966e-06 0.00525066)
(1.94844e-06 -1.0141e-05 0.00535573)
(5.50802e-06 -1.42211e-05 0.00542489)
(8.81443e-06 -1.83025e-05 0.00546188)
(3.66269e-07 -1.66809e-05 0.00528427)
(4.16807e-06 -1.88295e-05 0.00539654)
(7.76995e-06 -2.09983e-05 0.00544935)
(1.09039e-05 -2.27826e-05 0.00546661)
(-1.58794e-06 -1.2983e-05 0.0052793)
(2.1399e-06 -1.56031e-05 0.00539181)
(5.78586e-06 -1.81987e-05 0.0054486)
(9.04362e-06 -2.04551e-05 0.00546928)
(-2.27838e-06 -8.88756e-06 0.00526275)
(9.81543e-07 -1.18121e-05 0.00537418)
(4.2105e-06 -1.47154e-05 0.00543798)
(7.25314e-06 -1.73828e-05 0.00546616)
(-1.45472e-06 -4.71987e-06 0.005238)
(1.11572e-06 -7.62565e-06 0.00534316)
(3.64881e-06 -1.05905e-05 0.00541267)
(6.0193e-06 -1.35633e-05 0.00545033)
(2.10461e-07 -1.23086e-05 0.00527758)
(2.89613e-06 -1.38797e-05 0.00539009)
(5.44698e-06 -1.54704e-05 0.00544344)
(7.68009e-06 -1.67787e-05 0.00546155)
(-1.25207e-06 -9.65417e-06 0.0052714)
(1.39521e-06 -1.15554e-05 0.00538409)
(3.98814e-06 -1.34468e-05 0.00544136)
(6.31963e-06 -1.50904e-05 0.00546286)
(-1.79832e-06 -6.67929e-06 0.00525405)
(5.30423e-07 -8.79474e-06 0.00536559)
(2.83453e-06 -1.0906e-05 0.00542976)
(5.02111e-06 -1.28465e-05 0.00545862)
(-1.233e-06 -3.6244e-06 0.00522886)
(6.13746e-07 -5.72539e-06 0.00533406)
(2.42656e-06 -7.88352e-06 0.00540381)
(4.13496e-06 -1.00511e-05 0.00544194)
(1.17751e-07 -9.05834e-06 0.00527283)
(2.02075e-06 -1.02054e-05 0.00538551)
(3.83388e-06 -1.13698e-05 0.00543922)
(5.4315e-06 -1.23271e-05 0.00545791)
(-9.71898e-07 -7.15306e-06 0.00526574)
(9.12955e-07 -8.53258e-06 0.00537855)
(2.76313e-06 -9.91011e-06 0.00543616)
(4.43751e-06 -1.11067e-05 0.00545822)
(-1.3983e-06 -4.99582e-06 0.00524777)
(2.68937e-07 -6.52722e-06 0.00535939)
(1.91844e-06 -8.06249e-06 0.00542382)
(3.49456e-06 -9.47392e-06 0.00545315)
(-1.01057e-06 -2.76205e-06 0.00522224)
(3.19213e-07 -4.28331e-06 0.00532748)
(1.62105e-06 -5.85449e-06 0.00539738)
(2.85562e-06 -7.43452e-06 0.00543584)
(6.35982e-08 -6.63666e-06 0.00526945)
(1.41338e-06 -7.47137e-06 0.00538224)
(2.70368e-06 -8.32053e-06 0.0054362)
(3.8478e-06 -9.01836e-06 0.00545529)
(-7.43231e-07 -5.27162e-06 0.00526169)
(5.99489e-07 -6.27052e-06 0.00537458)
(1.92075e-06 -7.2711e-06 0.00543242)
(3.12378e-06 -8.13992e-06 0.00545487)
(-1.07138e-06 -3.71214e-06 0.00524326)
(1.22306e-07 -4.81909e-06 0.00535491)
(1.30391e-06 -5.933e-06 0.00541952)
(2.44002e-06 -6.95718e-06 0.00544918)
(-8.05468e-07 -2.08496e-06 0.00521745)
(1.51821e-07 -3.18523e-06 0.00532271)
(1.08726e-06 -4.32662e-06 0.00539272)
(1.97916e-06 -5.47541e-06 0.0054314)
(3.26895e-08 -4.82379e-06 0.00526705)
(9.87414e-07 -5.42705e-06 0.00537992)
(1.90299e-06 -6.04181e-06 0.00543405)
(2.7195e-06 -6.54681e-06 0.00545342)
(-5.59025e-07 -3.85092e-06 0.0052588)
(3.94334e-07 -4.57001e-06 0.00537174)
(1.33476e-06 -5.29212e-06 0.00542973)
(2.19571e-06 -5.9189e-06 0.00545245)
(-8.07396e-07 -2.73073e-06 0.00524001)
(4.39293e-08 -3.52658e-06 0.0053517)
(8.87334e-07 -4.32984e-06 0.00541643)
(1.70268e-06 -5.06842e-06 0.00544632)
(-6.25364e-07 -1.55382e-06 0.005214)
(6.07542e-08 -2.34547e-06 0.00531927)
(7.30371e-07 -3.16956e-06 0.00538935)
(1.3717e-06 -3.99949e-06 0.00542819)
(1.56218e-08 -3.45447e-06 0.00526536)
(6.84259e-07 -3.8845e-06 0.00537827)
(1.32729e-06 -4.32331e-06 0.00543253)
(1.90357e-06 -4.68362e-06 0.00545208)
(-4.11285e-07 -2.76937e-06 0.00525674)
(2.58562e-07 -3.2804e-06 0.00536972)
(9.20778e-07 -3.79456e-06 0.00542782)
(1.52986e-06 -4.24066e-06 0.00545073)
(-5.95076e-07 -1.97521e-06 0.0052377)
(5.35574e-09 -2.54025e-06 0.00534941)
(6.00731e-07 -3.11187e-06 0.00541422)
(1.17891e-06 -3.63744e-06 0.00544426)
(-4.71398e-07 -1.13577e-06 0.00521153)
(1.45962e-08 -1.69826e-06 0.00531681)
(4.88494e-07 -2.28537e-06 0.00538694)
(9.44046e-07 -2.87688e-06 0.00542589)
(6.74017e-09 -2.40343e-06 0.00526419)
(4.63936e-07 -2.70159e-06 0.00537713)
(9.0453e-07 -3.00608e-06 0.00543146)
(1.30096e-06 -3.25599e-06 0.00545115)
(-2.92042e-07 -1.93328e-06 0.00525531)
(1.67183e-07 -2.28678e-06 0.00536831)
(6.21904e-07 -2.64289e-06 0.00542648)
(1.04169e-06 -2.95173e-06 0.00544952)
(-4.2324e-07 -1.38527e-06 0.00523608)
(-1.03383e-08 -1.77588e-06 0.0053478)
(3.99338e-07 -2.17163e-06 0.00541267)
(7.98613e-07 -2.53548e-06 0.00544282)
(-3.40915e-07 -8.03099e-07 0.0052098)
(-5.53199e-09 -1.19219e-06 0.00531508)
(3.21253e-07 -1.59909e-06 0.00538525)
(6.36307e-07 -2.00915e-06 0.00542427)
(2.93678e-09 -1.57475e-06 0.0052634)
(2.99419e-07 -1.76979e-06 0.00537637)
(5.85143e-07 -1.96895e-06 0.00543075)
(8.43035e-07 -2.1323e-06 0.00545052)
(-1.93607e-07 -1.26964e-06 0.00525435)
(1.0472e-07 -1.50059e-06 0.00536736)
(4.00068e-07 -1.73322e-06 0.00542558)
(6.73531e-07 -1.93486e-06 0.0054487)
(-2.81063e-07 -9.12573e-07 0.005235)
(-1.22776e-08 -1.1677e-06 0.00534672)
(2.54252e-07 -1.4262e-06 0.00541162)
(5.14756e-07 -1.6638e-06 0.00544185)
(-2.28834e-07 -5.3193e-07 0.00520863)
(-9.97301e-09 -7.86139e-07 0.00531391)
(2.03025e-07 -1.05219e-06 0.0053841)
(4.08838e-07 -1.32031e-06 0.00542317)
(3.38517e-09 -9.00795e-07 0.00526292)
(1.75653e-07 -1.01329e-06 0.0053759)
(3.40569e-07 -1.1275e-06 0.00543031)
(4.89941e-07 -1.22101e-06 0.00545013)
(-1.0869e-07 -7.25606e-07 0.00525376)
(6.4486e-08 -8.58915e-07 0.00536678)
(2.34747e-07 -9.92365e-07 0.00542503)
(3.93018e-07 -1.10795e-06 0.0054482)
(-1.58167e-07 -5.20891e-07 0.00523433)
(-2.18446e-09 -6.68273e-07 0.00534605)
(1.51356e-07 -8.16602e-07 0.00541098)
(3.02159e-07 -9.52892e-07 0.00544125)
(-1.27339e-07 -3.02563e-07 0.00520791)
(-2.61826e-10 -4.49445e-07 0.00531319)
(1.22451e-07 -6.02169e-07 0.00538339)
(2.41658e-07 -7.5614e-07 0.0054225)
(6.56548e-09 -3.95687e-07 0.00526263)
(9.46954e-08 -4.50551e-07 0.00537563)
(1.80892e-07 -5.03339e-07 0.00543006)
(2.57439e-07 -5.46156e-07 0.00544991)
(-4.01333e-08 -3.08778e-07 0.00525342)
(4.6368e-08 -3.73683e-07 0.00536645)
(1.3393e-07 -4.36338e-07 0.00542471)
(2.13518e-07 -4.90314e-07 0.00544791)
(-5.64027e-08 -2.10928e-07 0.00523394)
(1.95864e-08 -2.81926e-07 0.00534567)
(9.73962e-08 -3.52017e-07 0.00541061)
(1.71575e-07 -4.15946e-07 0.00544091)
(-3.73833e-08 -1.12729e-07 0.00520749)
(2.25538e-08 -1.82388e-07 0.00531278)
(8.34674e-08 -2.54367e-07 0.00538299)
(1.40744e-07 -3.25622e-07 0.00542212)
)
;

boundaryField
{
    inlet
    {
        type            calculated;
        value           uniform (0 0 0.00551);
    }
    outlet
    {
        type            calculated;
        value           nonuniform List<vector> 
48
(
(3.25981e-07 -5.82642e-07 0.00545558)
(2.95117e-07 -5.35105e-07 0.00545534)
(2.5872e-07 -4.66625e-07 0.00545294)
(2.18625e-07 -3.80381e-07 0.00544409)
(3.73584e-07 -6.13387e-07 0.00545668)
(3.47234e-07 -5.69563e-07 0.00545706)
(3.16174e-07 -5.02798e-07 0.00545657)
(2.80584e-07 -4.16315e-07 0.0054532)
(4.05529e-07 -6.34511e-07 0.00545662)
(3.86754e-07 -5.95381e-07 0.00545719)
(3.62678e-07 -5.32399e-07 0.00545734)
(3.33444e-07 -4.48982e-07 0.00545588)
(4.19663e-07 -6.4635e-07 0.0054563)
(4.09331e-07 -6.1254e-07 0.00545693)
(3.93187e-07 -5.54413e-07 0.00545727)
(3.71411e-07 -4.75032e-07 0.00545641)
(1.64021e-07 -2.93538e-07 0.00542225)
(1.06553e-07 -2.18631e-07 0.00538315)
(5.42715e-08 -1.35965e-07 0.00531295)
(6.17465e-09 -5.18246e-08 0.00520767)
(2.34955e-07 -3.22009e-07 0.00544133)
(1.82058e-07 -2.24229e-07 0.00541109)
(1.30106e-07 -1.22211e-07 0.0053462)
(8.17486e-08 -1.6596e-08 0.00523448)
(2.96284e-07 -3.50237e-07 0.00544863)
(2.52854e-07 -2.42449e-07 0.00542553)
(2.08158e-07 -1.28179e-07 0.00536733)
(1.66967e-07 -1.00295e-08 0.00525431)
(3.44915e-07 -3.78028e-07 0.00545094)
(3.1432e-07 -2.69651e-07 0.00543122)
(2.80753e-07 -1.53211e-07 0.00537686)
(2.50612e-07 -3.28398e-08 0.00526387)
(6.56548e-09 -3.95687e-07 0.00526263)
(-4.01333e-08 -3.08778e-07 0.00525342)
(-5.64027e-08 -2.10928e-07 0.00523394)
(-3.73833e-08 -1.12729e-07 0.00520749)
(9.46954e-08 -4.50551e-07 0.00537563)
(4.6368e-08 -3.73683e-07 0.00536645)
(1.95864e-08 -2.81926e-07 0.00534567)
(2.25538e-08 -1.82388e-07 0.00531278)
(1.80892e-07 -5.03339e-07 0.00543006)
(1.3393e-07 -4.36338e-07 0.00542471)
(9.73962e-08 -3.52017e-07 0.00541061)
(8.34674e-08 -2.54367e-07 0.00538299)
(2.57439e-07 -5.46156e-07 0.00544991)
(2.13518e-07 -4.90314e-07 0.00544791)
(1.71575e-07 -4.15946e-07 0.00544091)
(1.40744e-07 -3.25622e-07 0.00542212)
)
;
    }
    wall
    {
        type            calculated;
        value           nonuniform List<vector> 
192
(
(-0.00203923 -0.00167355 0.0063525)
(-0.000797657 -0.00065462 0.0100522)
(-0.000919564 -0.000754667 0.00660695)
(-0.000521826 -0.000428251 0.00669185)
(-0.000220104 -0.000180635 0.00622352)
(-8.00502e-05 -6.56955e-05 0.00592852)
(-2.38205e-05 -1.9549e-05 0.00570823)
(-4.07619e-06 -3.34524e-06 0.00555589)
(1.39867e-06 1.14786e-06 0.00545113)
(1.93559e-06 1.5885e-06 0.00537908)
(1.15389e-06 9.46975e-07 0.0053291)
(3.0155e-07 2.47475e-07 0.00529406)
(-2.91057e-07 -2.38864e-07 0.00526925)
(-6.11263e-07 -5.0165e-07 0.00525151)
(-7.31453e-07 -6.00288e-07 0.00523874)
(-7.2777e-07 -5.97266e-07 0.00522949)
(-6.57804e-07 -5.39846e-07 0.00522278)
(-5.59118e-07 -4.58856e-07 0.00521791)
(-4.53665e-07 -3.72313e-07 0.00521437)
(-3.52728e-07 -2.89476e-07 0.00521184)
(-2.6076e-07 -2.14e-07 0.00521005)
(-1.77557e-07 -1.45718e-07 0.00520884)
(-9.77717e-08 -8.02392e-08 0.0052081)
(-2.17248e-08 -1.78291e-08 0.00520767)
(-0.0155787 -0.00832697 -0.00996664)
(-0.00249269 -0.00133237 0.0140157)
(-0.00104086 -0.000556349 0.00803248)
(-0.000470569 -0.000251525 0.00758066)
(-0.000122749 -6.56107e-05 0.00665829)
(5.57307e-06 2.97887e-06 0.00611414)
(3.87385e-05 2.07062e-05 0.0057914)
(3.8643e-05 2.06551e-05 0.00559893)
(3.0068e-05 1.60717e-05 0.00547996)
(2.12473e-05 1.13569e-05 0.00540379)
(1.43259e-05 7.65734e-06 0.00535328)
(9.41996e-06 5.03507e-06 0.00531876)
(6.10985e-06 3.26579e-06 0.00529461)
(3.93478e-06 2.10318e-06 0.00527741)
(2.52632e-06 1.35035e-06 0.00526501)
(1.62138e-06 8.66645e-07 0.00525601)
(1.04191e-06 5.56911e-07 0.00524944)
(6.70811e-07 3.58556e-07 0.00524464)
(4.32277e-07 2.31057e-07 0.00524115)
(2.77622e-07 1.48392e-07 0.00523864)
(1.75793e-07 9.39635e-08 0.00523686)
(1.07859e-07 5.76521e-08 0.00523565)
(6.74485e-08 3.6052e-08 0.0052349)
(5.66833e-08 3.02979e-08 0.00523448)
(-0.0015583 -0.000472706 0.0118824)
(-0.000597306 -0.000181191 0.0199245)
(0.00084734 0.000257038 0.0117244)
(0.000685395 0.000207912 0.00863773)
(0.000446549 0.000135459 0.00700561)
(0.000276702 8.39366e-05 0.00620744)
(0.000171501 5.20241e-05 0.00580993)
(0.000107491 3.2607e-05 0.00560082)
(6.84024e-05 2.07496e-05 0.00548234)
(4.42118e-05 1.34115e-05 0.00541037)
(2.90088e-05 8.79972e-06 0.00536391)
(1.93029e-05 5.85547e-06 0.00533245)
(1.30111e-05 3.94686e-06 0.00531042)
(8.87232e-06 2.69139e-06 0.00529464)
(6.11195e-06 1.85404e-06 0.00528317)
(4.24656e-06 1.28818e-06 0.00527476)
(2.96988e-06 9.00904e-07 0.00526859)
(2.08488e-06 6.32441e-07 0.00526405)
(1.46275e-06 4.43719e-07 0.00526072)
(1.01787e-06 3.08766e-07 0.00525831)
(6.92383e-07 2.10032e-07 0.0052566)
(4.47531e-07 1.35757e-07 0.00525544)
(2.63681e-07 7.99867e-08 0.00525472)
(1.50112e-07 4.55359e-08 0.00525431)
(-0.00142609 -0.000140457 0.00690553)
(0.00270396 0.000266317 0.012711)
(0.00266863 0.000262837 0.00822988)
(0.00162361 0.000159911 0.00695107)
(0.000872214 8.59056e-05 0.0062344)
(0.000469544 4.62461e-05 0.00585377)
(0.000263439 2.59465e-05 0.00564344)
(0.000155176 1.52835e-05 0.00552035)
(9.56652e-05 9.4222e-06 0.00544324)
(6.13251e-05 6.04e-06 0.00539221)
(4.05835e-05 3.99712e-06 0.00535695)
(2.75409e-05 2.71254e-06 0.0053318)
(1.90556e-05 1.87682e-06 0.00531349)
(1.33793e-05 1.31775e-06 0.00529998)
(9.49574e-06 9.35249e-07 0.00528996)
(6.79024e-06 6.68781e-07 0.00528249)
(4.8772e-06 4.80362e-07 0.00527694)
(3.5067e-06 3.45379e-07 0.00527281)
(2.51203e-06 2.47413e-07 0.00526978)
(1.77899e-06 1.75215e-07 0.00526756)
(1.22745e-06 1.20894e-07 0.00526598)
(8.01116e-07 7.8903e-08 0.00526491)
(4.68004e-07 4.60944e-08 0.00526423)
(2.45001e-07 2.41305e-08 0.00526387)
(-0.00020471 -0.00207845 0.00454384)
(-0.00176392 -0.00581485 0.00466864)
(0.0060879 0.0113897 0.00613574)
(-0.00159974 -0.00194929 0.00556481)
(-5.14906e-05 -0.000522793 0.0105978)
(-0.000300261 -0.000989828 0.00621275)
(8.70131e-05 0.00016279 0.00441007)
(-0.00108711 -0.00132465 0.00774702)
(1.13367e-05 0.000115104 0.0064073)
(4.12205e-05 0.000135886 0.0049081)
(-0.000157559 -0.000294773 0.0041835)
(-0.000626121 -0.000762931 0.00546791)
(-8.94133e-06 -9.07829e-05 0.00642588)
(2.56451e-05 8.45407e-05 0.0058758)
(-6.95785e-05 -0.000130172 0.00562051)
(-0.00029655 -0.000361347 0.00604335)
(-1.94647e-05 -0.000197628 0.00606514)
(-1.61746e-05 -5.33207e-05 0.00588096)
(-5.24093e-05 -9.80509e-05 0.00577041)
(-0.000141366 -0.000172255 0.00590508)
(-1.9453e-05 -0.00019751 0.00580955)
(-2.96784e-05 -9.78364e-05 0.00576815)
(-4.19405e-05 -7.84651e-05 0.00573217)
(-6.75235e-05 -8.22777e-05 0.00577985)
(-1.62006e-05 -0.000164487 0.00564185)
(-2.95076e-05 -9.72737e-05 0.00564452)
(-3.35594e-05 -6.27851e-05 0.00563247)
(-3.4358e-05 -4.18654e-05 0.00564201)
(-1.26526e-05 -0.000128464 0.00552721)
(-2.50113e-05 -8.24514e-05 0.00554029)
(-2.64021e-05 -4.93949e-05 0.00553445)
(-1.95208e-05 -2.37861e-05 0.00552739)
(-9.61385e-06 -9.76111e-05 0.00544748)
(-1.9906e-05 -6.56214e-05 0.00545995)
(-2.05632e-05 -3.84711e-05 0.00545397)
(-1.26506e-05 -1.54148e-05 0.00543911)
(-7.21231e-06 -7.32278e-05 0.00539195)
(-1.53902e-05 -5.07346e-05 0.00540079)
(-1.59263e-05 -2.97961e-05 0.00539276)
(-9.16258e-06 -1.11646e-05 0.00537392)
(-5.37728e-06 -5.45965e-05 0.00535321)
(-1.1728e-05 -3.8662e-05 0.00535811)
(-1.229e-05 -2.29931e-05 0.00534775)
(-7.10544e-06 -8.658e-06 0.00532665)
(-3.9962e-06 -4.05741e-05 0.00532611)
(-8.86736e-06 -2.92318e-05 0.00532759)
(-9.45246e-06 -1.76843e-05 0.00531515)
(-5.67837e-06 -6.91911e-06 0.00529265)
(-2.96407e-06 -3.00947e-05 0.0053071)
(-6.67231e-06 -2.19956e-05 0.00530584)
(-7.2438e-06 -1.35522e-05 0.0052917)
(-4.56828e-06 -5.56646e-06 0.00526822)
(-2.19532e-06 -2.22895e-05 0.00529372)
(-5.00321e-06 -1.64934e-05 0.00529035)
(-5.52887e-06 -1.03438e-05 0.00527486)
(-3.65741e-06 -4.45657e-06 0.00525066)
(-1.62362e-06 -1.64849e-05 0.00528427)
(-3.7403e-06 -1.23301e-05 0.0052793)
(-4.20116e-06 -7.85981e-06 0.00526275)
(-2.90005e-06 -3.53372e-06 0.005238)
(-1.19862e-06 -1.21698e-05 0.00527758)
(-2.78729e-06 -9.18847e-06 0.0052714)
(-3.17643e-06 -5.94268e-06 0.00525405)
(-2.27361e-06 -2.7704e-06 0.00522886)
(-8.82466e-07 -8.95983e-06 0.00527283)
(-2.06891e-06 -6.82029e-06 0.00526574)
(-2.38766e-06 -4.467e-06 0.00524777)
(-1.7612e-06 -2.14603e-06 0.00522224)
(-6.46763e-07 -6.5667e-06 0.00526945)
(-1.52701e-06 -5.03386e-06 0.00526169)
(-1.78134e-06 -3.33266e-06 0.00524326)
(-1.34661e-06 -1.64085e-06 0.00521745)
(-4.70223e-07 -4.77426e-06 0.00526705)
(-1.11683e-06 -3.68171e-06 0.0052588)
(-1.31467e-06 -2.45958e-06 0.00524001)
(-1.01366e-06 -1.23515e-06 0.005214)
(-3.36817e-07 -3.41976e-06 0.00526536)
(-8.03947e-07 -2.65026e-06 0.00525674)
(-9.53397e-07 -1.78368e-06 0.0052377)
(-7.46691e-07 -9.09846e-07 0.00521153)
(-2.34378e-07 -2.37968e-06 0.00526419)
(-5.61647e-07 -1.8515e-06 0.00525531)
(-6.69956e-07 -1.2534e-06 0.00523608)
(-5.31037e-07 -6.4707e-07 0.0052098)
(-1.53581e-07 -1.55933e-06 0.0052634)
(-3.69001e-07 -1.21643e-06 0.00525435)
(-4.41845e-07 -8.26633e-07 0.005235)
(-3.5295e-07 -4.30071e-07 0.00520863)
(-8.78356e-08 -8.9181e-07 0.00526292)
(-2.10721e-07 -6.94655e-07 0.00525376)
(-2.517e-07 -4.70897e-07 0.00523433)
(-1.99623e-07 -2.43241e-07 0.00520791)
(-3.85343e-08 -3.91245e-07 0.00526263)
(-8.91557e-08 -2.93907e-07 0.00525342)
(-1.00224e-07 -1.87505e-07 0.00523394)
(-7.03266e-08 -8.56932e-08 0.00520749)
)
;
    }
    procBoundary2to0
    {
        type            processor;
        value           nonuniform List<vector> 
192
(
(-0.00381447 -0.00199776 0.000484758)
(-0.0042657 0.00363612 0.000155081)
(-0.0104219 0.00110394 0.00178141)
(-0.000628143 -0.00493612 -5.5775e-05)
(-0.00162639 7.09912e-05 0.00939266)
(-0.00157261 0.00020993 0.00897963)
(-0.00163919 -0.000231287 0.00453975)
(-0.000859983 -0.000402694 -0.00275975)
(0.000927687 -0.000521609 0.00530111)
(0.00125805 -0.000282914 0.00510983)
(0.00142149 -0.000167443 0.00354906)
(0.00093338 -0.000129386 0.0020142)
(0.00102805 -0.000552162 0.00586977)
(0.0012576 -0.000370506 0.00548802)
(0.00132067 -0.00025929 0.00469795)
(0.000938193 -0.00024715 0.00403813)
(0.000708198 -0.000448838 0.00579204)
(0.000834455 -0.000372304 0.00551707)
(0.000845011 -0.000321316 0.00511188)
(0.000641166 -0.000310605 0.00476448)
(0.000459064 -0.000349517 0.00567429)
(0.00052487 -0.000325841 0.00550214)
(0.0005191 -0.0003077 0.00528442)
(0.000412404 -0.000299813 0.00509477)
(0.000299449 -0.000268347 0.00559895)
(0.000333848 -0.000264107 0.00549168)
(0.000326078 -0.000259306 0.0053678)
(0.0002674 -0.000255546 0.0052589)
(0.000197793 -0.000203603 0.0055518)
(0.000216625 -0.0002057 0.00548454)
(0.000210594 -0.000205828 0.00541053)
(0.000177209 -0.000204675 0.00534491)
(0.000132317 -0.000153093 0.00552131)
(0.000143345 -0.000156761 0.00547877)
(0.00013946 -0.000158448 0.00543296)
(0.000120174 -0.000158499 0.005392)
(8.95573e-05 -0.000114364 0.00550122)
(9.65015e-05 -0.000117952 0.00547405)
(9.432e-05 -0.000119897 0.00544489)
(8.31375e-05 -0.000120383 0.00541854)
(6.12591e-05 -8.50344e-05 0.0054876)
(6.59272e-05 -8.80573e-05 0.00547014)
(6.48989e-05 -8.98029e-05 0.00545115)
(5.8439e-05 -9.03742e-05 0.00543374)
(4.2305e-05 -6.30175e-05 0.00547815)
(4.56038e-05 -6.54111e-05 0.00546691)
(4.52787e-05 -6.68379e-05 0.00545432)
(4.15802e-05 -6.73574e-05 0.00544256)
(2.94686e-05 -4.65904e-05 0.00547146)
(3.18774e-05 -4.84283e-05 0.00546429)
(3.19397e-05 -4.95433e-05 0.00545582)
(2.98517e-05 -4.99711e-05 0.00544773)
(2.06848e-05 -3.43833e-05 0.00546668)
(2.24766e-05 -3.57711e-05 0.00546219)
(2.27242e-05 -3.66215e-05 0.00545644)
(2.15694e-05 -3.69569e-05 0.0054508)
(1.46148e-05 -2.53344e-05 0.00546323)
(1.5959e-05 -2.63719e-05 0.00546055)
(1.62722e-05 -2.70114e-05 0.00545662)
(1.56522e-05 -2.72674e-05 0.00545264)
(1.03802e-05 -1.86339e-05 0.00546074)
(1.13908e-05 -1.94043e-05 0.00545928)
(1.17041e-05 -1.98809e-05 0.0054566)
(1.13858e-05 -2.00733e-05 0.00545376)
(7.39822e-06 -1.36708e-05 0.00545894)
(8.15624e-06 -1.42398e-05 0.00545832)
(8.43786e-06 -1.45925e-05 0.00545649)
(8.28616e-06 -1.47357e-05 0.00545445)
(5.27775e-06 -9.98722e-06 0.00545764)
(5.84299e-06 -1.04048e-05 0.0054576)
(6.08033e-06 -1.0664e-05 0.00545635)
(6.0179e-06 -1.07695e-05 0.00545488)
(3.75293e-06 -7.24041e-06 0.0054567)
(4.17012e-06 -7.54413e-06 0.00545706)
(4.36096e-06 -7.73279e-06 0.00545623)
(4.34384e-06 -7.80963e-06 0.00545516)
(2.64044e-06 -5.17358e-06 0.00545603)
(2.94303e-06 -5.39109e-06 0.00545667)
(3.09017e-06 -5.52628e-06 0.00545613)
(3.09364e-06 -5.58136e-06 0.00545534)
(1.81192e-06 -3.59288e-06 0.00545557)
(2.02454e-06 -3.74416e-06 0.00545639)
(2.13255e-06 -3.8382e-06 0.00545605)
(2.14324e-06 -3.87655e-06 0.00545546)
(1.17729e-06 -2.35104e-06 0.00545525)
(1.31785e-06 -2.45011e-06 0.0054562)
(1.39146e-06 -2.51166e-06 0.00545599)
(1.40254e-06 -2.53673e-06 0.00545553)
(6.83361e-07 -1.34624e-06 0.00545506)
(7.66005e-07 -1.40299e-06 0.00545608)
(8.10262e-07 -1.43813e-06 0.00545595)
(8.18609e-07 -1.45235e-06 0.00545557)
(3.5185e-07 -6.0675e-07 0.00545494)
(3.94842e-07 -6.32068e-07 0.00545601)
(4.18792e-07 -6.47694e-07 0.00545593)
(4.24405e-07 -6.53976e-07 0.00545559)
(0.000179295 0.000757611 0.000274155)
(0.00503651 0.0113037 -0.00226619)
(0.000898754 0.00950673 -0.00133563)
(-0.00488081 -0.000679795 0.000441161)
(-2.56179e-05 -0.000696037 0.0147959)
(0.000477185 0.00134791 0.0156594)
(1.28678e-06 0.00244252 0.0241171)
(-0.00079796 0.00126082 0.0106769)
(0.000222667 -0.00123548 0.00626502)
(0.000343913 -0.00093773 0.00700947)
(0.000711357 -0.000673631 0.00874783)
(0.00102425 -0.000603626 0.00577638)
(0.000121337 -0.000946036 0.00639918)
(0.000185509 -0.00096011 0.00660233)
(0.000587617 -0.000915419 0.00687672)
(0.000947228 -0.000756245 0.00623575)
(9.26508e-05 -0.000597728 0.00602045)
(0.000169371 -0.000622559 0.00617509)
(0.000384066 -0.000616908 0.00626106)
(0.000597323 -0.000544527 0.00602801)
(7.02942e-05 -0.000380375 0.00574644)
(0.000142464 -0.000396459 0.00586412)
(0.000255593 -0.000401607 0.0059061)
(0.000373943 -0.0003801 0.00581069)
(5.07832e-05 -0.00025397 0.00558258)
(0.000107834 -0.000266595 0.00568768)
(0.000176091 -0.000275784 0.00572064)
(0.000245684 -0.000274078 0.00567998)
(3.62214e-05 -0.000176557 0.00547943)
(7.82089e-05 -0.000187097 0.00558331)
(0.000122507 -0.000196797 0.00561879)
(0.000165329 -0.000201256 0.00560128)
(2.57939e-05 -0.000125955 0.00541092)
(5.57306e-05 -0.000134559 0.00551633)
(8.52574e-05 -0.000143162 0.00555634)
(0.000112472 -0.000148767 0.00555148)
(1.83577e-05 -9.11847e-05 0.00536458)
(3.93671e-05 -9.79978e-05 0.00547185)
(5.93052e-05 -0.000105034 0.0055159)
(7.70581e-05 -0.000110127 0.00551912)
(1.30686e-05 -6.65255e-05 0.00533289)
(2.77041e-05 -7.1796e-05 0.00544178)
(4.12858e-05 -7.73126e-05 0.00548894)
(5.31188e-05 -8.14761e-05 0.00549756)
(9.31413e-06 -4.87227e-05 0.00531108)
(1.94869e-05 -5.27351e-05 0.0054212)
(2.88081e-05 -5.6959e-05 0.00547062)
(3.68371e-05 -6.0208e-05 0.00548291)
(6.65054e-06 -3.5748e-05 0.00529599)
(1.37287e-05 -3.87703e-05 0.005407)
(2.01721e-05 -4.19603e-05 0.00545802)
(2.57009e-05 -4.44371e-05 0.00547278)
(4.75928e-06 -2.62457e-05 0.00528551)
(9.699e-06 -2.85062e-05 0.00539715)
(1.41845e-05 -3.08951e-05 0.00544927)
(1.80378e-05 -3.27589e-05 0.0054657)
(3.4136e-06 -1.92676e-05 0.00527821)
(6.87461e-06 -2.09499e-05 0.00539028)
(1.00176e-05 -2.27288e-05 0.00544315)
(1.27291e-05 -2.41204e-05 0.00546072)
(2.45297e-06 -1.41333e-05 0.00527309)
(4.88777e-06 -1.538e-05 0.00538546)
(7.10247e-06 -1.66989e-05 0.00543885)
(9.02452e-06 -1.77323e-05 0.00545719)
(1.76415e-06 -1.03474e-05 0.0052695)
(3.48265e-06 -1.12675e-05 0.00538207)
(5.04969e-06 -1.22412e-05 0.00543582)
(6.4187e-06 -1.30048e-05 0.00545468)
(1.26731e-06 -7.54695e-06 0.00526698)
(2.4819e-06 -8.22235e-06 0.00537968)
(3.59261e-06 -8.93715e-06 0.00543367)
(4.56939e-06 -9.49817e-06 0.00545289)
(9.06007e-07 -5.46419e-06 0.0052652)
(1.76245e-06 -5.95571e-06 0.005378)
(2.54788e-06 -6.47599e-06 0.00543215)
(3.24284e-06 -6.88452e-06 0.00545161)
(6.40082e-07 -3.90036e-06 0.00526396)
(1.23832e-06 -4.25268e-06 0.00537682)
(1.78835e-06 -4.62564e-06 0.00543109)
(2.27763e-06 -4.91857e-06 0.00545071)
(4.40672e-07 -2.70652e-06 0.0052631)
(8.48872e-07 -2.95183e-06 0.00537601)
(1.22486e-06 -3.2115e-06 0.00543035)
(1.56075e-06 -3.41546e-06 0.00545009)
(2.86986e-07 -1.77007e-06 0.00526253)
(5.51342e-07 -1.93096e-06 0.00537547)
(7.94775e-07 -2.1012e-06 0.00542986)
(1.01297e-06 -2.23484e-06 0.00544967)
(1.65784e-07 -1.01304e-06 0.00526218)
(3.1972e-07 -1.10583e-06 0.00537513)
(4.60465e-07 -1.20344e-06 0.00542956)
(5.87041e-07 -1.27982e-06 0.00544941)
(7.85502e-08 -4.54136e-07 0.00526197)
(1.59468e-07 -4.99415e-07 0.00537494)
(2.34681e-07 -5.4351e-07 0.00542938)
(3.0088e-07 -5.77312e-07 0.00544926)
)
;
    }
    procBoundary2to3
    {
        type            processor;
        value           nonuniform List<vector> 
192
(
(-0.00380304 0.00579103 0.00188758)
(-0.0063672 0.013373 -0.00294834)
(-0.00576538 0.0130225 -0.00286739)
(-0.0059369 0.0133933 -0.00644854)
(-0.00105117 0.000718035 0.00139829)
(-0.000351168 0.000562849 0.00196212)
(-0.000254824 3.04189e-05 0.00539228)
(-0.00109445 -0.000228647 0.00339442)
(0.000360807 -0.000528849 0.00256454)
(0.000648574 -0.000859969 0.00295631)
(0.00066807 -0.000654544 0.00357244)
(0.000505641 -0.000487848 0.00268286)
(0.000482423 -0.000524623 0.00392483)
(0.000578953 -0.000686869 0.00417683)
(0.00060115 -0.000558466 0.00438434)
(0.000591098 -0.000489619 0.00413189)
(0.000367155 -0.000422665 0.0046455)
(0.000400481 -0.000492517 0.004777)
(0.0004176 -0.00045679 0.00489476)
(0.000433194 -0.000445279 0.00488024)
(0.0002561 -0.000338336 0.00502862)
(0.000269421 -0.000365117 0.00510856)
(0.000280981 -0.000355723 0.00519079)
(0.000295226 -0.000350265 0.00524125)
(0.000178156 -0.000267258 0.00523108)
(0.000184514 -0.000274559 0.00528843)
(0.000191472 -0.000267247 0.00534947)
(0.000200242 -0.000256538 0.00540415)
(0.000125927 -0.000207087 0.00533803)
(0.000129285 -0.000206156 0.00538199)
(0.000133124 -0.000197418 0.00542781)
(0.000137663 -0.000183742 0.00547162)
(9.05126e-05 -0.000157914 0.00539449)
(9.23516e-05 -0.000154084 0.00542842)
(9.42922e-05 -0.000145031 0.00546259)
(9.6284e-05 -0.000131479 0.00549476)
(6.5881e-05 -0.000119049 0.00542427)
(6.68924e-05 -0.000114712 0.00545022)
(6.77591e-05 -0.000106504 0.00547552)
(6.83884e-05 -9.46866e-05 0.00549846)
(4.83479e-05 -8.90593e-05 0.00543991)
(4.8898e-05 -8.51675e-05 0.00545954)
(4.91958e-05 -7.83248e-05 0.0054782)
(4.91664e-05 -6.87197e-05 0.00549439)
(3.56531e-05 -6.62851e-05 0.00544806)
(3.5946e-05 -6.31193e-05 0.00546279)
(3.5965e-05 -5.77031e-05 0.0054765)
(3.56611e-05 -5.02084e-05 0.00548786)
(2.63566e-05 -4.9167e-05 0.00545224)
(2.65076e-05 -4.6722e-05 0.00546323)
(2.64061e-05 -4.25709e-05 0.00547329)
(2.60232e-05 -3.68651e-05 0.0054812)
(1.95007e-05 -3.63824e-05 0.00545434)
(1.9575e-05 -3.45499e-05 0.00546251)
(1.94346e-05 -3.14325e-05 0.00546988)
(1.9064e-05 -2.71541e-05 0.00547531)
(1.44236e-05 -2.68695e-05 0.00545536)
(1.44575e-05 -2.55213e-05 0.00546141)
(1.43173e-05 -2.32105e-05 0.00546679)
(1.39955e-05 -2.00332e-05 0.00547042)
(1.06542e-05 -1.98036e-05 0.00545582)
(1.06673e-05 -1.88235e-05 0.0054603)
(1.05438e-05 -1.71252e-05 0.00546422)
(1.02803e-05 -1.47812e-05 0.00546654)
(7.84955e-06 -1.45558e-05 0.005456)
(7.85262e-06 -1.3849e-05 0.00545932)
(7.75068e-06 -1.26091e-05 0.00546216)
(7.54278e-06 -1.0889e-05 0.00546352)
(5.7566e-06 -1.06513e-05 0.00545605)
(5.75534e-06 -1.0145e-05 0.00545851)
(5.67478e-06 -9.24535e-06 0.00546056)
(5.51501e-06 -7.99035e-06 0.00546121)
(4.18724e-06 -7.73305e-06 0.00545604)
(4.1845e-06 -7.37323e-06 0.00545788)
(4.12288e-06 -6.72597e-06 0.00545934)
(4.00289e-06 -5.81797e-06 0.00545948)
(3.00011e-06 -5.53232e-06 0.00545601)
(2.99721e-06 -5.28014e-06 0.00545739)
(2.95152e-06 -4.82107e-06 0.00545844)
(2.86365e-06 -4.17372e-06 0.00545821)
(2.08799e-06 -3.84581e-06 0.00545597)
(2.08553e-06 -3.67372e-06 0.00545704)
(2.05299e-06 -3.35705e-06 0.00545779)
(1.99095e-06 -2.90847e-06 0.00545729)
(1.37076e-06 -2.51854e-06 0.00545595)
(1.36898e-06 -2.40747e-06 0.00545679)
(1.34731e-06 -2.20146e-06 0.00545734)
(1.30616e-06 -1.90854e-06 0.00545667)
(8.01633e-07 -1.44284e-06 0.00545593)
(8.00345e-07 -1.37985e-06 0.00545664)
(7.87383e-07 -1.26246e-06 0.00545706)
(7.62976e-07 -1.09511e-06 0.00545627)
(4.16011e-07 -6.49547e-07 0.00545592)
(4.14323e-07 -6.21124e-07 0.00545655)
(4.06638e-07 -5.68303e-07 0.00545691)
(3.93134e-07 -4.93363e-07 0.00545607)
(-0.00617201 0.00473625 0.000972183)
(-0.0124591 0.00219566 0.00134177)
(-0.00768015 0.00305882 0.00252007)
(-0.00650845 0.00458671 0.000470405)
(-0.00159757 -0.000732261 0.000238576)
(-0.00218001 -0.00187449 -0.000535851)
(-0.000563538 -0.00202902 0.00445433)
(0.00090672 -0.00046445 0.00990819)
(0.000380406 -0.0010598 0.00168518)
(0.000405197 -0.00201706 0.00214856)
(0.000642252 -0.00208048 0.00417118)
(0.000842736 -0.00078375 0.00591607)
(0.000608542 -0.000817047 0.00391946)
(0.0006542 -0.00121949 0.00433196)
(0.000688362 -0.00114185 0.0051929)
(0.00069517 -0.00044266 0.00585565)
(0.000459103 -0.000562953 0.00490426)
(0.000483605 -0.000668021 0.0051427)
(0.000489934 -0.000568753 0.00548361)
(0.000480188 -0.000223543 0.00567359)
(0.000311382 -0.000373492 0.00531025)
(0.000322634 -0.000373358 0.00543511)
(0.00032362 -0.000291333 0.00555546)
(0.000316827 -0.000115989 0.00556426)
(0.000208516 -0.000246833 0.00546352)
(0.000213008 -0.000220181 0.00552517)
(0.000211933 -0.000160268 0.00555217)
(0.000206918 -6.45474e-05 0.00548947)
(0.000141281 -0.000165654 0.00551283)
(0.00014248 -0.000137331 0.00554021)
(0.000140502 -9.503e-05 0.00552647)
(0.000136522 -3.86329e-05 0.00543526)
(9.74481e-05 -0.000113674 0.00552123)
(9.71097e-05 -8.99985e-05 0.00552981)
(9.48646e-05 -6.0187e-05 0.00549723)
(9.16895e-05 -2.46317e-05 0.00539419)
(6.83829e-05 -7.97139e-05 0.00551471)
(6.74356e-05 -6.13702e-05 0.00551272)
(6.52998e-05 -4.01643e-05 0.00547086)
(6.28197e-05 -1.6507e-05 0.00536274)
(4.86782e-05 -5.69115e-05 0.00550383)
(4.75909e-05 -4.31045e-05 0.00549566)
(4.57411e-05 -2.78485e-05 0.00544893)
(4.38465e-05 -1.14734e-05 0.00533851)
(3.50337e-05 -4.11805e-05 0.00549277)
(3.40198e-05 -3.09076e-05 0.00548081)
(3.25053e-05 -1.98233e-05 0.00543137)
(3.10826e-05 -8.17765e-06 0.00531984)
(2.54146e-05 -3.00752e-05 0.00548303)
(2.45531e-05 -2.24671e-05 0.00546865)
(2.33564e-05 -1.43542e-05 0.00541758)
(2.23006e-05 -5.92507e-06 0.00530549)
(1.85363e-05 -2.20946e-05 0.00547499)
(1.78411e-05 -1.64709e-05 0.005459)
(1.69172e-05 -1.05038e-05 0.0054069)
(1.61396e-05 -4.33665e-06 0.0052945)
(1.35643e-05 -1.62845e-05 0.0054686)
(1.30207e-05 -1.21322e-05 0.00545149)
(1.23186e-05 -7.73161e-06 0.00539871)
(1.17488e-05 -3.19209e-06 0.00528612)
(9.94041e-06 -1.2015e-05 0.00546363)
(9.52428e-06 -8.95299e-06 0.00544574)
(8.9968e-06 -5.70527e-06 0.00539247)
(8.58061e-06 -2.35521e-06 0.00527977)
(7.2813e-06 -8.85548e-06 0.00545982)
(6.96759e-06 -6.60258e-06 0.00544137)
(6.57492e-06 -4.20859e-06 0.00538777)
(6.27188e-06 -1.73706e-06 0.00527497)
(5.31762e-06 -6.50293e-06 0.00545695)
(5.0842e-06 -4.85217e-06 0.00543808)
(4.79448e-06 -3.09412e-06 0.00538424)
(4.57472e-06 -1.27682e-06 0.00527138)
(3.85651e-06 -4.73876e-06 0.0054548)
(3.68522e-06 -3.53856e-06 0.00543564)
(3.47379e-06 -2.25746e-06 0.00538162)
(3.31556e-06 -9.31388e-07 0.00526872)
(2.75744e-06 -3.40215e-06 0.00545322)
(2.63409e-06 -2.54231e-06 0.00543385)
(2.48239e-06 -1.6226e-06 0.0053797)
(2.37002e-06 -6.6933e-07 0.00526677)
(1.91643e-06 -2.37245e-06 0.00545209)
(1.83037e-06 -1.77401e-06 0.00543257)
(1.72475e-06 -1.13273e-06 0.00537833)
(1.6471e-06 -4.67191e-07 0.00526538)
(1.25698e-06 -1.55776e-06 0.00545132)
(1.20038e-06 -1.16563e-06 0.00543169)
(1.13099e-06 -7.44833e-07 0.00537739)
(1.08017e-06 -3.07288e-07 0.00526442)
(7.33899e-07 -8.94434e-07 0.00545084)
(7.00465e-07 -6.70205e-07 0.00543114)
(6.59464e-07 -4.29513e-07 0.0053768)
(6.29037e-07 -1.77856e-07 0.00526382)
(3.7707e-07 -4.03826e-07 0.00545058)
(3.58617e-07 -3.0379e-07 0.00543085)
(3.35961e-07 -1.95301e-07 0.00537649)
(3.16807e-07 -8.20072e-08 0.0052635)
)
;
    }
}


// ************************************************************************* //
