/*--------------------------------*- C++ -*----------------------------------*\
  =========                 |
  \\      /  F ield         | OpenFOAM: The Open Source CFD Toolbox
   \\    /   O peration     | Website:  https://openfoam.org
    \\  /    A nd           | Version:  6
     \\/     M anipulation  |
\*---------------------------------------------------------------------------*/
FoamFile
{
    version     2.0;
    format      ascii;
    class       volScalarField;
    location    "0.03";
    object      p;
}
// * * * * * * * * * * * * * * * * * * * * * * * * * * * * * * * * * * * * * //

dimensions      [0 2 -2 0 0 0 0];

internalField   nonuniform List<scalar> 
1152
(
1.0137
1.01343
1.01035
1.0068
1.01172
1.01105
1.00936
1.00884
1.0105
1.01036
1.01047
1.01174
1.01043
1.01167
1.01104
1.01582
1.00946
1.00946
1.00805
1.00698
1.00902
1.00907
1.00833
1.00767
1.00887
1.00885
1.00844
1.00793
1.00874
1.00867
1.00858
1.00804
1.00896
1.00889
1.00867
1.00853
1.00886
1.00879
1.00859
1.00851
1.00881
1.00873
1.00858
1.00844
1.00878
1.00868
1.00855
1.00829
1.0085
1.00844
1.00835
1.00833
1.00847
1.00841
1.00832
1.00827
1.00845
1.00839
1.00831
1.00823
1.00846
1.00839
1.00829
1.00817
1.00809
1.00806
1.00801
1.00798
1.00808
1.00804
1.00798
1.00794
1.00808
1.00803
1.00797
1.00791
1.0081
1.00805
1.00798
1.0079
1.00769
1.00767
1.00764
1.00761
1.00769
1.00766
1.00762
1.00759
1.0077
1.00766
1.00762
1.00757
1.00772
1.00768
1.00763
1.00758
1.00729
1.00727
1.00725
1.00723
1.00729
1.00727
1.00724
1.00722
1.0073
1.00728
1.00725
1.00721
1.00732
1.00729
1.00726
1.00722
1.00689
1.00687
1.00686
1.00684
1.00689
1.00687
1.00685
1.00683
1.0069
1.00688
1.00686
1.00683
1.00691
1.00689
1.00687
1.00684
1.00648
1.00647
1.00646
1.00644
1.00648
1.00647
1.00646
1.00644
1.00649
1.00648
1.00646
1.00644
1.0065
1.00648
1.00647
1.00645
1.00607
1.00606
1.00605
1.00604
1.00607
1.00606
1.00605
1.00604
1.00608
1.00607
1.00606
1.00604
1.00609
1.00607
1.00606
1.00605
1.00565
1.00565
1.00564
1.00563
1.00566
1.00565
1.00564
1.00564
1.00566
1.00565
1.00565
1.00564
1.00567
1.00566
1.00565
1.00564
1.00524
1.00523
1.00523
1.00523
1.00524
1.00524
1.00523
1.00523
1.00525
1.00524
1.00523
1.00523
1.00525
1.00524
1.00524
1.00523
1.00482
1.00482
1.00482
1.00481
1.00483
1.00482
1.00482
1.00481
1.00483
1.00482
1.00482
1.00482
1.00483
1.00483
1.00482
1.00482
1.00441
1.0044
1.0044
1.0044
1.00441
1.0044
1.0044
1.0044
1.00441
1.00441
1.0044
1.0044
1.00441
1.00441
1.00441
1.0044
1.00399
1.00399
1.00398
1.00398
1.00399
1.00399
1.00399
1.00398
1.00399
1.00399
1.00399
1.00398
1.00399
1.00399
1.00399
1.00399
1.00357
1.00357
1.00357
1.00357
1.00357
1.00357
1.00357
1.00357
1.00357
1.00357
1.00357
1.00357
1.00357
1.00357
1.00357
1.00357
1.00315
1.00315
1.00315
1.00315
1.00315
1.00315
1.00315
1.00315
1.00315
1.00315
1.00315
1.00315
1.00315
1.00315
1.00315
1.00315
1.00273
1.00273
1.00273
1.00273
1.00273
1.00273
1.00273
1.00273
1.00273
1.00273
1.00273
1.00273
1.00273
1.00273
1.00273
1.00273
1.00231
1.00231
1.00231
1.00231
1.00231
1.00231
1.00231
1.00231
1.00231
1.00231
1.00231
1.00231
1.00231
1.00231
1.00231
1.00231
1.00189
1.00189
1.00189
1.00189
1.00189
1.00189
1.00189
1.00189
1.00189
1.00189
1.00189
1.00189
1.00189
1.00189
1.00189
1.00189
1.00147
1.00147
1.00147
1.00147
1.00147
1.00147
1.00147
1.00147
1.00147
1.00147
1.00147
1.00147
1.00147
1.00147
1.00147
1.00147
1.00105
1.00105
1.00105
1.00105
1.00105
1.00105
1.00105
1.00105
1.00105
1.00105
1.00105
1.00105
1.00105
1.00105
1.00105
1.00105
1.00063
1.00063
1.00063
1.00063
1.00063
1.00063
1.00063
1.00063
1.00063
1.00063
1.00063
1.00063
1.00063
1.00063
1.00063
1.00063
1.00021
1.00021
1.00021
1.00021
1.00021
1.00021
1.00021
1.00021
1.00021
1.00021
1.00021
1.00021
1.00021
1.00021
1.00021
1.00021
1.00979
1.01968
1.0135
1.01734
1.01028
1.01175
1.01204
1.01421
1.01111
1.01103
1.01086
1.01314
1.01317
1.01198
1.00684
1.01077
1.00986
1.00947
1.00935
1.00861
1.00965
1.00945
1.00902
1.00848
1.00949
1.00941
1.00872
1.00809
1.0094
1.00936
1.00798
1.00715
1.0093
1.00951
1.00926
1.00918
1.00917
1.00928
1.00907
1.00905
1.00908
1.0091
1.00891
1.00894
1.009
1.00897
1.00875
1.00874
1.00868
1.00879
1.0086
1.00847
1.00864
1.00869
1.00855
1.00845
1.00859
1.00859
1.00848
1.00842
1.00854
1.0085
1.00841
1.00839
1.00819
1.00822
1.00812
1.00804
1.00817
1.00818
1.0081
1.00803
1.00815
1.00813
1.00807
1.00802
1.00812
1.00809
1.00804
1.00801
1.00774
1.00774
1.00769
1.00763
1.00774
1.00772
1.00768
1.00763
1.00772
1.0077
1.00767
1.00763
1.00771
1.00769
1.00765
1.00762
1.00732
1.0073
1.00727
1.00723
1.00731
1.0073
1.00727
1.00723
1.0073
1.00729
1.00726
1.00723
1.0073
1.00728
1.00726
1.00723
1.0069
1.00688
1.00686
1.00684
1.00689
1.00688
1.00686
1.00684
1.00689
1.00688
1.00686
1.00684
1.00689
1.00687
1.00686
1.00684
1.00648
1.00647
1.00646
1.00644
1.00648
1.00647
1.00645
1.00644
1.00648
1.00647
1.00645
1.00644
1.00648
1.00647
1.00645
1.00644
1.00606
1.00606
1.00605
1.00604
1.00606
1.00606
1.00605
1.00604
1.00606
1.00606
1.00605
1.00604
1.00607
1.00606
1.00605
1.00604
1.00565
1.00564
1.00564
1.00563
1.00565
1.00564
1.00564
1.00563
1.00565
1.00564
1.00564
1.00563
1.00565
1.00565
1.00564
1.00563
1.00524
1.00523
1.00523
1.00522
1.00524
1.00523
1.00523
1.00522
1.00524
1.00523
1.00523
1.00522
1.00524
1.00523
1.00523
1.00522
1.00482
1.00482
1.00481
1.00481
1.00482
1.00482
1.00481
1.00481
1.00482
1.00482
1.00481
1.00481
1.00482
1.00482
1.00481
1.00481
1.0044
1.0044
1.0044
1.0044
1.0044
1.0044
1.0044
1.0044
1.0044
1.0044
1.0044
1.0044
1.0044
1.0044
1.0044
1.0044
1.00399
1.00398
1.00398
1.00398
1.00399
1.00398
1.00398
1.00398
1.00399
1.00398
1.00398
1.00398
1.00399
1.00398
1.00398
1.00398
1.00357
1.00357
1.00356
1.00356
1.00357
1.00357
1.00356
1.00356
1.00357
1.00357
1.00357
1.00356
1.00357
1.00357
1.00357
1.00356
1.00315
1.00315
1.00315
1.00315
1.00315
1.00315
1.00315
1.00315
1.00315
1.00315
1.00315
1.00315
1.00315
1.00315
1.00315
1.00315
1.00273
1.00273
1.00273
1.00273
1.00273
1.00273
1.00273
1.00273
1.00273
1.00273
1.00273
1.00273
1.00273
1.00273
1.00273
1.00273
1.00231
1.00231
1.00231
1.00231
1.00231
1.00231
1.00231
1.00231
1.00231
1.00231
1.00231
1.00231
1.00231
1.00231
1.00231
1.00231
1.00189
1.00189
1.00189
1.00189
1.00189
1.00189
1.00189
1.00189
1.00189
1.00189
1.00189
1.00189
1.00189
1.00189
1.00189
1.00189
1.00147
1.00147
1.00147
1.00147
1.00147
1.00147
1.00147
1.00147
1.00147
1.00147
1.00147
1.00147
1.00147
1.00147
1.00147
1.00147
1.00105
1.00105
1.00105
1.00105
1.00105
1.00105
1.00105
1.00105
1.00105
1.00105
1.00105
1.00105
1.00105
1.00105
1.00105
1.00105
1.00063
1.00063
1.00063
1.00063
1.00063
1.00063
1.00063
1.00063
1.00063
1.00063
1.00063
1.00063
1.00063
1.00063
1.00063
1.00063
1.00021
1.00021
1.00021
1.00021
1.00021
1.00021
1.00021
1.00021
1.00021
1.00021
1.00021
1.00021
1.00021
1.00021
1.00021
1.00021
1.01883
1.01582
1.01409
1.01241
1.01154
1.01569
1.00908
1.00876
1.01209
1.01134
1.01131
1.00946
0.98967
1.01043
1.00713
1.00624
1.0077
1.00857
1.0085
1.00823
1.00797
1.00788
1.00799
1.00805
1.00804
1.00767
1.00757
1.00748
1.00716
1.00752
1.00707
1.00691
1.00874
1.00889
1.00889
1.00891
1.00855
1.00851
1.00848
1.00844
1.00838
1.00831
1.0082
1.00816
1.00826
1.00808
1.00788
1.00778
1.00832
1.00833
1.00832
1.00831
1.00823
1.0082
1.00815
1.00809
1.00815
1.0081
1.00802
1.00796
1.00806
1.00798
1.00787
1.00778
1.00795
1.00795
1.00795
1.00794
1.00789
1.00787
1.00784
1.00781
1.00785
1.00781
1.00776
1.00773
1.00782
1.00776
1.00769
1.00765
1.00758
1.00758
1.00757
1.00757
1.00755
1.00753
1.00751
1.0075
1.00753
1.0075
1.00747
1.00745
1.00752
1.00748
1.00744
1.00741
1.00721
1.0072
1.0072
1.0072
1.00719
1.00718
1.00716
1.00716
1.00718
1.00716
1.00714
1.00713
1.00718
1.00715
1.00713
1.00711
1.00683
1.00682
1.00682
1.00682
1.00682
1.00681
1.0068
1.00679
1.00681
1.0068
1.00678
1.00678
1.00682
1.0068
1.00678
1.00677
1.00643
1.00643
1.00643
1.00643
1.00643
1.00642
1.00642
1.00641
1.00643
1.00642
1.00641
1.0064
1.00643
1.00642
1.00641
1.0064
1.00603
1.00603
1.00603
1.00603
1.00603
1.00603
1.00602
1.00602
1.00603
1.00603
1.00602
1.00602
1.00604
1.00603
1.00602
1.00602
1.00563
1.00563
1.00563
1.00563
1.00563
1.00563
1.00562
1.00562
1.00563
1.00563
1.00562
1.00562
1.00564
1.00563
1.00562
1.00562
1.00522
1.00522
1.00522
1.00522
1.00522
1.00522
1.00522
1.00522
1.00522
1.00522
1.00522
1.00522
1.00523
1.00522
1.00522
1.00522
1.00481
1.00481
1.00481
1.00481
1.00481
1.00481
1.00481
1.00481
1.00481
1.00481
1.00481
1.00481
1.00482
1.00481
1.00481
1.00481
1.0044
1.0044
1.0044
1.00439
1.0044
1.0044
1.00439
1.00439
1.0044
1.0044
1.0044
1.00439
1.0044
1.0044
1.0044
1.0044
1.00398
1.00398
1.00398
1.00398
1.00398
1.00398
1.00398
1.00398
1.00398
1.00398
1.00398
1.00398
1.00398
1.00398
1.00398
1.00398
1.00356
1.00356
1.00356
1.00356
1.00356
1.00356
1.00356
1.00356
1.00357
1.00356
1.00356
1.00356
1.00357
1.00357
1.00356
1.00356
1.00315
1.00315
1.00315
1.00315
1.00315
1.00315
1.00315
1.00315
1.00315
1.00315
1.00315
1.00315
1.00315
1.00315
1.00315
1.00315
1.00273
1.00273
1.00273
1.00273
1.00273
1.00273
1.00273
1.00273
1.00273
1.00273
1.00273
1.00273
1.00273
1.00273
1.00273
1.00273
1.00231
1.00231
1.00231
1.00231
1.00231
1.00231
1.00231
1.00231
1.00231
1.00231
1.00231
1.00231
1.00231
1.00231
1.00231
1.00231
1.00189
1.00189
1.00189
1.00189
1.00189
1.00189
1.00189
1.00189
1.00189
1.00189
1.00189
1.00189
1.00189
1.00189
1.00189
1.00189
1.00147
1.00147
1.00147
1.00147
1.00147
1.00147
1.00147
1.00147
1.00147
1.00147
1.00147
1.00147
1.00147
1.00147
1.00147
1.00147
1.00105
1.00105
1.00105
1.00105
1.00105
1.00105
1.00105
1.00105
1.00105
1.00105
1.00105
1.00105
1.00105
1.00105
1.00105
1.00105
1.00063
1.00063
1.00063
1.00063
1.00063
1.00063
1.00063
1.00063
1.00063
1.00063
1.00063
1.00063
1.00063
1.00063
1.00063
1.00063
1.00021
1.00021
1.00021
1.00021
1.00021
1.00021
1.00021
1.00021
1.00021
1.00021
1.00021
1.00021
1.00021
1.00021
1.00021
1.00021
)
;

boundaryField
{
    inlet
    {
        type            zeroGradient;
    }
    outlet
    {
        type            fixedValue;
        value           uniform 1;
    }
    wall
    {
        type            zeroGradient;
    }
    procBoundary1to0
    {
        type            processor;
        value           nonuniform List<scalar> 
192
(
1.01212
1.01222
1.01383
1.0085
1.00932
1.00885
1.0086
1.00856
1.00897
1.00886
1.00881
1.0089
1.00852
1.00849
1.00849
1.00851
1.00812
1.0081
1.00811
1.00814
1.00771
1.00771
1.00772
1.00775
1.00731
1.00731
1.00732
1.00734
1.0069
1.00691
1.00692
1.00693
1.00649
1.00649
1.0065
1.00651
1.00608
1.00608
1.00609
1.0061
1.00566
1.00566
1.00567
1.00568
1.00524
1.00525
1.00525
1.00526
1.00483
1.00483
1.00483
1.00484
1.00441
1.00441
1.00441
1.00442
1.00399
1.00399
1.00399
1.004
1.00357
1.00357
1.00357
1.00357
1.00315
1.00315
1.00315
1.00315
1.00273
1.00273
1.00273
1.00273
1.00231
1.00231
1.00231
1.00231
1.00189
1.00189
1.00189
1.00189
1.00147
1.00147
1.00147
1.00147
1.00105
1.00105
1.00105
1.00105
1.00063
1.00063
1.00063
1.00063
1.00021
1.00021
1.00021
1.00021
1.00768
1.00861
1.01113
1.01189
1.00911
1.00898
1.00898
1.0091
1.00901
1.00899
1.00896
1.00897
1.0086
1.0086
1.00858
1.00855
1.00818
1.00817
1.00816
1.00813
1.00775
1.00775
1.00774
1.00772
1.00733
1.00732
1.00732
1.00731
1.00691
1.0069
1.0069
1.0069
1.00649
1.00649
1.00649
1.00649
1.00607
1.00607
1.00607
1.00607
1.00566
1.00566
1.00566
1.00566
1.00524
1.00524
1.00524
1.00524
1.00482
1.00482
1.00482
1.00483
1.00441
1.00441
1.00441
1.00441
1.00399
1.00399
1.00399
1.00399
1.00357
1.00357
1.00357
1.00357
1.00315
1.00315
1.00315
1.00315
1.00273
1.00273
1.00273
1.00273
1.00231
1.00231
1.00231
1.00231
1.00189
1.00189
1.00189
1.00189
1.00147
1.00147
1.00147
1.00147
1.00105
1.00105
1.00105
1.00105
1.00063
1.00063
1.00063
1.00063
1.00021
1.00021
1.00021
1.00021
)
;
    }
    procBoundary1to3
    {
        type            processor;
        value           nonuniform List<scalar> 
192
(
1.00947
1.01005
1.00589
0.991475
1.00866
1.00842
1.00803
1.00773
1.00885
1.00867
1.0085
1.00841
1.00852
1.00843
1.00831
1.00818
1.00815
1.00808
1.008
1.00792
1.00775
1.00771
1.00765
1.00759
1.00735
1.00731
1.00728
1.00724
1.00693
1.00691
1.00688
1.00686
1.00651
1.0065
1.00648
1.00646
1.0061
1.00608
1.00607
1.00606
1.00568
1.00567
1.00566
1.00565
1.00526
1.00525
1.00524
1.00524
1.00484
1.00483
1.00483
1.00482
1.00442
1.00441
1.00441
1.00441
1.00399
1.00399
1.00399
1.00399
1.00357
1.00357
1.00357
1.00357
1.00315
1.00315
1.00315
1.00315
1.00273
1.00273
1.00273
1.00273
1.00231
1.00231
1.00231
1.00231
1.00189
1.00189
1.00189
1.00189
1.00147
1.00147
1.00147
1.00147
1.00105
1.00105
1.00105
1.00105
1.00063
1.00063
1.00063
1.00063
1.00021
1.00021
1.00021
1.00021
1.0176
1.01613
1.00832
1.00291
1.0085
1.00835
1.0069
1.00621
1.0083
1.00821
1.00778
1.00757
1.00811
1.00802
1.00785
1.00771
1.00785
1.00778
1.0077
1.00763
1.00754
1.00749
1.00745
1.00742
1.0072
1.00717
1.00714
1.00712
1.00683
1.00681
1.00679
1.00678
1.00644
1.00643
1.00642
1.00641
1.00605
1.00604
1.00603
1.00603
1.00564
1.00563
1.00563
1.00563
1.00523
1.00523
1.00522
1.00522
1.00482
1.00482
1.00481
1.00481
1.0044
1.0044
1.0044
1.0044
1.00399
1.00398
1.00398
1.00398
1.00357
1.00357
1.00357
1.00357
1.00315
1.00315
1.00315
1.00315
1.00273
1.00273
1.00273
1.00273
1.00231
1.00231
1.00231
1.00231
1.00189
1.00189
1.00189
1.00189
1.00147
1.00147
1.00147
1.00147
1.00105
1.00105
1.00105
1.00105
1.00063
1.00063
1.00063
1.00063
1.00021
1.00021
1.00021
1.00021
)
;
    }
}


// ************************************************************************* //
