FoamFile
{version 2.0; format ascii;class Cloud<passiveParticle>; location 0;object  positions;}
28
(
( -0.00754538 -0.00299564 0.000695554 ) 0 
( -0.012625 -0.00371681 0.00124381 ) 0 
( -0.0111312 -0.00605466 0.00074712 ) 0 
( -0.00440526 -0.0105981 0.000678597 ) 0 
( -0.0127127 -0.00183983 0.000677973 ) 0 
( -0.00729647 -0.00115196 0.000679697 ) 0 
( -0.00584281 -0.00668852 0.000699194 ) 0 
( -0.00314405 -0.00154393 0.000698994 ) 0 
( -0.00603883 -0.00461808 0.000852168 ) 0 
( -0.00615959 -0.000346448 0.000678043 ) 0 
( -0.00685162 -0.00818812 0.000677998 ) 0 
( -0.00120471 -0.00840848 0.000709494 ) 0 
( -0.00160172 -0.0104828 0.00067798 ) 0 
( -0.00424011 -0.00560383 0.000678443 ) 0 
( -0.00251739 -0.0122951 0.00068286 ) 0 
( -0.0075194 -0.0103912 0.000678297 ) 0 
( -0.0116102 -0.00471401 0.000727569 ) 0 
( -0.00159143 -0.00497301 0.000756002 ) 0 
( -0.00561868 -0.0118847 0.000678018 ) 0 
( -0.0108891 -0.000896734 0.000703528 ) 0 
( -0.00822134 -0.00736717 0.00126742 ) 0 
( -0.0128382 -0.000178499 0.00112444 ) 0 
( -0.00934418 -0.00243738 0.000679175 ) 0 
( -0.00438899 -9.85803e-05 0.000677949 ) 0 
( -0.000160392 -0.00196327 0.000678006 ) 0 
( -0.000990264 -0.000508149 0.000677861 ) 0 
( -0.00445063 -0.0040472 0.000683564 ) 0 
( -0.000869057 -0.00322924 0.000679131 ) 0 
)
