FoamFile
{version 2.0; format ascii;class vectorField; location 0;object  v;}
28
(
( 0.00761519 -0.00716419 -0.00222606 )  
( -2.22373e-07 3.88319e-07 1.14318e-08 )  
( 5.94521e-08 1.37024e-06 1.54007e-07 )  
( 0.00279556 0.00178728 -0.000105835 )  
( 0.00232859 -0.000616007 -3.16835e-05 )  
( -0.00197991 -0.00229732 6.9675e-05 )  
( -0.010129 0.00566457 -0.00443621 )  
( -0.00286927 0.00215456 0.000352893 )  
( 0.00797104 0.00775114 -0.00140087 )  
( -0.00328637 -0.00284614 -8.30817e-06 )  
( -0.00711933 0.00558265 -0.000111037 )  
( -0.00216481 0.00522575 -0.00181371 )  
( -0.00805105 -0.000267737 1.73874e-05 )  
( -0.000872405 -0.000655992 -8.29417e-05 )  
( 0.0199681 -0.0192304 0.00497375 )  
( -0.00178744 -0.00066651 1.08481e-05 )  
( -1.62498e-07 3.69148e-07 -1.68841e-07 )  
( 0.0153911 -0.00228207 0.00606205 )  
( -0.00463919 0.00421601 -0.000160377 )  
( 0.0107292 0.00075672 -0.00176044 )  
( -0.0285711 -0.00971522 -0.00972105 )  
( -7.8039e-05 0.00114305 6.54989e-05 )  
( 0.0146996 0.0100721 -0.00185818 )  
( -0.000362631 -0.00106453 3.70767e-06 )  
( -0.00188012 0.00148445 4.51794e-05 )  
( 0.000963278 0.000481918 1.62916e-05 )  
( 0.0117935 0.00501858 0.00200846 )  
( 0.00187795 -0.000967532 -0.000200781 )  
)
