/*--------------------------------*- C++ -*----------------------------------*\
  =========                 |
  \\      /  F ield         | OpenFOAM: The Open Source CFD Toolbox
   \\    /   O peration     | Website:  https://openfoam.org
    \\  /    A nd           | Version:  6
     \\/     M anipulation  |
\*---------------------------------------------------------------------------*/
FoamFile
{
    version     2.0;
    format      ascii;
    class       volScalarField;
    location    "0.1";
    object      p;
}
// * * * * * * * * * * * * * * * * * * * * * * * * * * * * * * * * * * * * * //

dimensions      [0 2 -2 0 0 0 0];

internalField   nonuniform List<scalar> 
1152
(
1.01351
1.01457
1.01525
1.01722
1.01354
1.01458
1.01726
1.01416
1.01666
1.01813
1.01766
1.01248
1.0169
1.02091
1.01619
1.0121
1.00769
1.00727
1.00748
1.0077
1.00773
1.00741
1.00715
1.00739
1.00695
1.00709
1.00724
1.00776
1.00676
1.00697
1.00708
1.00785
1.00919
1.00909
1.00914
1.00925
1.00915
1.00909
1.00907
1.00919
1.00895
1.00897
1.00901
1.00917
1.00876
1.0088
1.00888
1.00913
1.00878
1.00877
1.00881
1.00887
1.00872
1.00873
1.00876
1.00882
1.00863
1.00866
1.00868
1.00873
1.00852
1.00854
1.00856
1.00862
1.00829
1.00829
1.00832
1.00836
1.00824
1.00825
1.00828
1.00832
1.00817
1.00819
1.00822
1.00826
1.0081
1.00812
1.00815
1.0082
1.00787
1.00787
1.00789
1.00791
1.00783
1.00784
1.00786
1.00789
1.00778
1.0078
1.00782
1.00785
1.00773
1.00775
1.00777
1.00781
1.00744
1.00745
1.00746
1.00747
1.00742
1.00742
1.00743
1.00745
1.00738
1.00739
1.00741
1.00743
1.00735
1.00736
1.00738
1.0074
1.00702
1.00702
1.00703
1.00704
1.007
1.007
1.00701
1.00702
1.00697
1.00698
1.00699
1.007
1.00695
1.00696
1.00697
1.00698
1.00659
1.00659
1.0066
1.00661
1.00658
1.00658
1.00659
1.00659
1.00656
1.00657
1.00657
1.00658
1.00655
1.00655
1.00656
1.00657
1.00617
1.00617
1.00617
1.00618
1.00616
1.00616
1.00616
1.00617
1.00615
1.00615
1.00615
1.00616
1.00613
1.00614
1.00614
1.00615
1.00574
1.00574
1.00575
1.00575
1.00573
1.00574
1.00574
1.00574
1.00573
1.00573
1.00573
1.00574
1.00572
1.00572
1.00572
1.00573
1.00532
1.00532
1.00532
1.00532
1.00531
1.00531
1.00531
1.00532
1.00531
1.00531
1.00531
1.00531
1.0053
1.0053
1.0053
1.00531
1.00489
1.00489
1.00489
1.0049
1.00489
1.00489
1.00489
1.00489
1.00488
1.00489
1.00489
1.00489
1.00488
1.00488
1.00488
1.00488
1.00447
1.00447
1.00447
1.00447
1.00446
1.00446
1.00447
1.00447
1.00446
1.00446
1.00446
1.00446
1.00446
1.00446
1.00446
1.00446
1.00404
1.00404
1.00404
1.00404
1.00404
1.00404
1.00404
1.00404
1.00404
1.00404
1.00404
1.00404
1.00404
1.00404
1.00404
1.00404
1.00362
1.00362
1.00362
1.00362
1.00361
1.00362
1.00362
1.00362
1.00361
1.00361
1.00361
1.00361
1.00361
1.00361
1.00361
1.00361
1.00319
1.00319
1.00319
1.00319
1.00319
1.00319
1.00319
1.00319
1.00319
1.00319
1.00319
1.00319
1.00319
1.00319
1.00319
1.00319
1.00277
1.00277
1.00277
1.00277
1.00276
1.00277
1.00277
1.00277
1.00276
1.00276
1.00276
1.00276
1.00276
1.00276
1.00276
1.00276
1.00234
1.00234
1.00234
1.00234
1.00234
1.00234
1.00234
1.00234
1.00234
1.00234
1.00234
1.00234
1.00234
1.00234
1.00234
1.00234
1.00191
1.00191
1.00192
1.00192
1.00191
1.00191
1.00191
1.00191
1.00191
1.00191
1.00191
1.00191
1.00191
1.00191
1.00191
1.00191
1.00149
1.00149
1.00149
1.00149
1.00149
1.00149
1.00149
1.00149
1.00149
1.00149
1.00149
1.00149
1.00149
1.00149
1.00149
1.00149
1.00106
1.00106
1.00106
1.00106
1.00106
1.00106
1.00106
1.00106
1.00106
1.00106
1.00106
1.00106
1.00106
1.00106
1.00106
1.00106
1.00064
1.00064
1.00064
1.00064
1.00064
1.00064
1.00064
1.00064
1.00064
1.00064
1.00064
1.00064
1.00064
1.00064
1.00064
1.00064
1.00021
1.00021
1.00021
1.00021
1.00021
1.00021
1.00021
1.00021
1.00021
1.00021
1.00021
1.00021
1.00021
1.00021
1.00021
1.00021
1.01134
1.01041
1.01651
1.01326
1.01087
1.00955
1.0097
1.01568
1.01346
1.01016
1.01039
1.01771
1.01851
1.01512
1.01799
1.02165
1.00737
1.00643
1.0066
1.00756
1.0075
1.00684
1.00635
1.00731
1.0072
1.00701
1.00655
1.00663
1.00697
1.0065
1.00609
1.00596
1.00864
1.00859
1.00875
1.00918
1.00849
1.00849
1.00873
1.00926
1.00843
1.00853
1.00883
1.00934
1.00861
1.00867
1.00904
1.00961
1.00838
1.0084
1.00845
1.00854
1.00829
1.00831
1.00841
1.00856
1.00827
1.00829
1.0084
1.00857
1.00829
1.00828
1.00839
1.00856
1.00803
1.00805
1.00809
1.00816
1.00797
1.008
1.00807
1.00817
1.00795
1.00798
1.00806
1.00817
1.00794
1.00797
1.00805
1.00818
1.00769
1.0077
1.00774
1.00778
1.00765
1.00767
1.00772
1.00778
1.00763
1.00766
1.00771
1.00778
1.00762
1.00765
1.0077
1.00778
1.00732
1.00733
1.00735
1.00738
1.00729
1.00731
1.00734
1.00738
1.00727
1.0073
1.00733
1.00737
1.00727
1.00729
1.00733
1.00737
1.00693
1.00694
1.00695
1.00697
1.00691
1.00693
1.00695
1.00697
1.0069
1.00692
1.00694
1.00697
1.00689
1.00691
1.00693
1.00696
1.00653
1.00654
1.00655
1.00656
1.00652
1.00653
1.00654
1.00656
1.00651
1.00652
1.00654
1.00655
1.00651
1.00652
1.00653
1.00655
1.00612
1.00613
1.00613
1.00614
1.00612
1.00612
1.00613
1.00614
1.00611
1.00612
1.00613
1.00614
1.00611
1.00611
1.00613
1.00614
1.00571
1.00571
1.00572
1.00572
1.00571
1.00571
1.00572
1.00572
1.0057
1.00571
1.00571
1.00572
1.0057
1.00571
1.00571
1.00572
1.0053
1.0053
1.0053
1.0053
1.00529
1.00529
1.0053
1.0053
1.00529
1.00529
1.0053
1.0053
1.00529
1.00529
1.0053
1.0053
1.00488
1.00488
1.00488
1.00488
1.00487
1.00488
1.00488
1.00488
1.00487
1.00487
1.00488
1.00488
1.00487
1.00487
1.00488
1.00488
1.00446
1.00446
1.00446
1.00446
1.00445
1.00446
1.00446
1.00446
1.00445
1.00445
1.00446
1.00446
1.00445
1.00445
1.00446
1.00446
1.00403
1.00403
1.00404
1.00404
1.00403
1.00403
1.00403
1.00404
1.00403
1.00403
1.00403
1.00404
1.00403
1.00403
1.00403
1.00404
1.00361
1.00361
1.00361
1.00361
1.00361
1.00361
1.00361
1.00361
1.00361
1.00361
1.00361
1.00361
1.00361
1.00361
1.00361
1.00361
1.00319
1.00319
1.00319
1.00319
1.00319
1.00319
1.00319
1.00319
1.00319
1.00319
1.00319
1.00319
1.00319
1.00319
1.00319
1.00319
1.00276
1.00276
1.00276
1.00276
1.00276
1.00276
1.00276
1.00276
1.00276
1.00276
1.00276
1.00276
1.00276
1.00276
1.00276
1.00276
1.00234
1.00234
1.00234
1.00234
1.00234
1.00234
1.00234
1.00234
1.00234
1.00234
1.00234
1.00234
1.00234
1.00234
1.00234
1.00234
1.00191
1.00191
1.00191
1.00191
1.00191
1.00191
1.00191
1.00191
1.00191
1.00191
1.00191
1.00191
1.00191
1.00191
1.00191
1.00191
1.00149
1.00149
1.00149
1.00149
1.00149
1.00149
1.00149
1.00149
1.00149
1.00149
1.00149
1.00149
1.00149
1.00149
1.00149
1.00149
1.00106
1.00106
1.00106
1.00106
1.00106
1.00106
1.00106
1.00106
1.00106
1.00106
1.00106
1.00106
1.00106
1.00106
1.00106
1.00106
1.00064
1.00064
1.00064
1.00064
1.00064
1.00064
1.00064
1.00064
1.00064
1.00064
1.00064
1.00064
1.00064
1.00064
1.00064
1.00064
1.00021
1.00021
1.00021
1.00021
1.00021
1.00021
1.00021
1.00021
1.00021
1.00021
1.00021
1.00021
1.00021
1.00021
1.00021
1.00021
1.01675
1.01555
1.01755
1.01572
1.01297
1.01009
1.01574
1.02199
1.0163
1.01382
1.01484
1.02262
1.01185
1.01187
1.01085
1.01043
1.00827
1.00908
1.01052
1.01089
1.00762
1.00737
1.00776
1.00917
1.00676
1.00658
1.00639
1.00663
1.00737
1.00752
1.00761
1.00764
1.00944
1.00968
1.01003
1.01025
1.00932
1.00938
1.00959
1.01011
1.00918
1.00926
1.00939
1.00985
1.00925
1.00931
1.00936
1.00948
1.00896
1.00906
1.00917
1.00921
1.0089
1.009
1.00909
1.00915
1.00877
1.00884
1.00891
1.00896
1.00864
1.00865
1.00865
1.00863
1.00841
1.00846
1.00851
1.00855
1.00837
1.00842
1.00847
1.00849
1.0083
1.00833
1.00836
1.00838
1.00823
1.00824
1.00825
1.00825
1.00794
1.00797
1.008
1.00802
1.00791
1.00794
1.00797
1.00798
1.00787
1.00789
1.0079
1.00792
1.00783
1.00783
1.00784
1.00784
1.00749
1.00751
1.00752
1.00753
1.00747
1.00749
1.0075
1.00751
1.00744
1.00745
1.00746
1.00746
1.00741
1.00741
1.00741
1.00742
1.00705
1.00706
1.00707
1.00707
1.00703
1.00704
1.00705
1.00705
1.00701
1.00702
1.00702
1.00703
1.00699
1.00699
1.00699
1.00699
1.00661
1.00662
1.00662
1.00663
1.0066
1.00661
1.00661
1.00661
1.00659
1.00659
1.00659
1.00659
1.00657
1.00657
1.00657
1.00657
1.00618
1.00618
1.00619
1.00619
1.00617
1.00618
1.00618
1.00618
1.00616
1.00616
1.00617
1.00617
1.00615
1.00615
1.00615
1.00615
1.00575
1.00575
1.00576
1.00576
1.00574
1.00575
1.00575
1.00575
1.00574
1.00574
1.00574
1.00574
1.00573
1.00573
1.00573
1.00573
1.00532
1.00532
1.00533
1.00533
1.00532
1.00532
1.00532
1.00532
1.00531
1.00531
1.00531
1.00531
1.00531
1.00531
1.00531
1.00531
1.0049
1.0049
1.0049
1.0049
1.00489
1.00489
1.00489
1.00489
1.00489
1.00489
1.00489
1.00489
1.00489
1.00489
1.00489
1.00489
1.00447
1.00447
1.00447
1.00447
1.00447
1.00447
1.00447
1.00447
1.00446
1.00446
1.00446
1.00446
1.00446
1.00446
1.00446
1.00446
1.00404
1.00404
1.00404
1.00404
1.00404
1.00404
1.00404
1.00404
1.00404
1.00404
1.00404
1.00404
1.00404
1.00404
1.00404
1.00404
1.00362
1.00362
1.00362
1.00362
1.00362
1.00362
1.00362
1.00362
1.00361
1.00361
1.00361
1.00362
1.00361
1.00361
1.00361
1.00361
1.00319
1.00319
1.00319
1.00319
1.00319
1.00319
1.00319
1.00319
1.00319
1.00319
1.00319
1.00319
1.00319
1.00319
1.00319
1.00319
1.00277
1.00277
1.00277
1.00277
1.00277
1.00277
1.00277
1.00277
1.00276
1.00276
1.00276
1.00276
1.00276
1.00276
1.00276
1.00276
1.00234
1.00234
1.00234
1.00234
1.00234
1.00234
1.00234
1.00234
1.00234
1.00234
1.00234
1.00234
1.00234
1.00234
1.00234
1.00234
1.00192
1.00192
1.00192
1.00192
1.00191
1.00191
1.00191
1.00191
1.00191
1.00191
1.00191
1.00191
1.00191
1.00191
1.00191
1.00191
1.00149
1.00149
1.00149
1.00149
1.00149
1.00149
1.00149
1.00149
1.00149
1.00149
1.00149
1.00149
1.00149
1.00149
1.00149
1.00149
1.00106
1.00106
1.00106
1.00106
1.00106
1.00106
1.00106
1.00106
1.00106
1.00106
1.00106
1.00106
1.00106
1.00106
1.00106
1.00106
1.00064
1.00064
1.00064
1.00064
1.00064
1.00064
1.00064
1.00064
1.00064
1.00064
1.00064
1.00064
1.00064
1.00064
1.00064
1.00064
1.00021
1.00021
1.00021
1.00021
1.00021
1.00021
1.00021
1.00021
1.00021
1.00021
1.00021
1.00021
1.00021
1.00021
1.00021
1.00021
)
;

boundaryField
{
    inlet
    {
        type            zeroGradient;
    }
    outlet
    {
        type            fixedValue;
        value           uniform 1;
    }
    wall
    {
        type            zeroGradient;
    }
    procBoundary3to1
    {
        type            processor;
        value           nonuniform List<scalar> 
192
(
1.01193
1.01142
1.01191
1.01518
1.00831
1.00848
1.0084
1.00836
1.00926
1.00923
1.00926
1.00935
1.00881
1.0088
1.00883
1.00889
1.00833
1.00833
1.00834
1.00838
1.0079
1.0079
1.00791
1.00793
1.00746
1.00747
1.00747
1.00749
1.00703
1.00704
1.00704
1.00705
1.0066
1.00661
1.00661
1.00662
1.00618
1.00618
1.00618
1.00618
1.00575
1.00575
1.00575
1.00575
1.00532
1.00532
1.00532
1.00533
1.0049
1.0049
1.0049
1.0049
1.00447
1.00447
1.00447
1.00447
1.00404
1.00404
1.00404
1.00405
1.00362
1.00362
1.00362
1.00362
1.00319
1.00319
1.00319
1.00319
1.00277
1.00277
1.00277
1.00277
1.00234
1.00234
1.00234
1.00234
1.00192
1.00192
1.00192
1.00192
1.00149
1.00149
1.00149
1.00149
1.00106
1.00106
1.00106
1.00106
1.00064
1.00064
1.00064
1.00064
1.00021
1.00021
1.00021
1.00021
1.01589
1.02013
1.01878
1.01473
1.00913
1.00921
1.00962
1.0102
1.00959
1.0097
1.00988
1.0101
1.00899
1.0091
1.00919
1.00924
1.00843
1.00849
1.00855
1.00858
1.00796
1.00799
1.00802
1.00804
1.00751
1.00752
1.00754
1.00755
1.00706
1.00707
1.00708
1.00709
1.00662
1.00663
1.00663
1.00664
1.00619
1.00619
1.0062
1.0062
1.00576
1.00576
1.00576
1.00576
1.00533
1.00533
1.00533
1.00533
1.0049
1.0049
1.0049
1.0049
1.00447
1.00447
1.00447
1.00447
1.00405
1.00405
1.00405
1.00405
1.00362
1.00362
1.00362
1.00362
1.00319
1.00319
1.00319
1.00319
1.00277
1.00277
1.00277
1.00277
1.00234
1.00234
1.00234
1.00234
1.00192
1.00192
1.00192
1.00192
1.00149
1.00149
1.00149
1.00149
1.00106
1.00106
1.00106
1.00106
1.00064
1.00064
1.00064
1.00064
1.00021
1.00021
1.00021
1.00021
)
;
    }
    procBoundary3to2
    {
        type            processor;
        value           nonuniform List<scalar> 
192
(
1.02201
1.01574
1.01585
1.01403
1.00702
1.00706
1.0068
1.00674
1.00917
1.00914
1.00897
1.00877
1.00884
1.00875
1.00863
1.0085
1.00831
1.00824
1.00817
1.00809
1.00787
1.00783
1.00778
1.00772
1.00744
1.00741
1.00738
1.00734
1.00702
1.007
1.00697
1.00695
1.00659
1.00658
1.00656
1.00654
1.00617
1.00616
1.00614
1.00613
1.00574
1.00573
1.00573
1.00572
1.00532
1.00531
1.00531
1.0053
1.00489
1.00489
1.00488
1.00488
1.00447
1.00446
1.00446
1.00446
1.00404
1.00404
1.00404
1.00404
1.00362
1.00361
1.00361
1.00361
1.00319
1.00319
1.00319
1.00319
1.00277
1.00276
1.00276
1.00276
1.00234
1.00234
1.00234
1.00234
1.00191
1.00191
1.00191
1.00191
1.00149
1.00149
1.00149
1.00149
1.00106
1.00106
1.00106
1.00106
1.00064
1.00064
1.00064
1.00064
1.00021
1.00021
1.00021
1.00021
1.01319
1.01242
1.01099
1.0122
1.00753
1.0078
1.00762
1.00672
1.00865
1.00848
1.00836
1.0083
1.00837
1.00826
1.00818
1.00813
1.00801
1.00795
1.0079
1.00787
1.00767
1.00763
1.0076
1.00758
1.00731
1.00728
1.00726
1.00725
1.00692
1.0069
1.00689
1.00688
1.00653
1.00651
1.0065
1.0065
1.00612
1.00611
1.00611
1.0061
1.00571
1.0057
1.0057
1.0057
1.00529
1.00529
1.00529
1.00529
1.00488
1.00487
1.00487
1.00487
1.00446
1.00445
1.00445
1.00445
1.00403
1.00403
1.00403
1.00403
1.00361
1.00361
1.00361
1.00361
1.00319
1.00319
1.00319
1.00319
1.00276
1.00276
1.00276
1.00276
1.00234
1.00234
1.00234
1.00234
1.00191
1.00191
1.00191
1.00191
1.00149
1.00149
1.00149
1.00149
1.00106
1.00106
1.00106
1.00106
1.00064
1.00064
1.00064
1.00064
1.00021
1.00021
1.00021
1.00021
)
;
    }
}


// ************************************************************************* //
