/*--------------------------------*- C++ -*----------------------------------*\
  =========                 |
  \\      /  F ield         | OpenFOAM: The Open Source CFD Toolbox
   \\    /   O peration     | Website:  https://openfoam.org
    \\  /    A nd           | Version:  6
     \\/     M anipulation  |
\*---------------------------------------------------------------------------*/
FoamFile
{
    version     2.0;
    format      ascii;
    class       surfaceScalarField;
    location    "0.01";
    object      phi;
}
// * * * * * * * * * * * * * * * * * * * * * * * * * * * * * * * * * * * * * //

dimensions      [0 3 -1 0 0 0 0];

internalField   nonuniform List<scalar> 
3120
(
-1.61551e-08
-6.55488e-09
1.81805e-08
9.6252e-09
-1.28309e-09
-5.45988e-09
1.03673e-08
-1.24417e-08
-8.7552e-09
-1.21124e-08
8.82356e-10
-1.7394e-09
-2.22083e-08
-6.91384e-09
1.99171e-08
1.29745e-08
-2.32621e-08
-6.65039e-09
1.22893e-08
-2.47889e-08
-1.17581e-09
4.98015e-09
-7.44192e-09
7.77849e-09
6.97442e-10
-2.18163e-08
2.06376e-08
4.9969e-09
-2.27524e-09
-8.59025e-09
1.61578e-08
-1.12549e-08
1.0552e-08
8.47395e-09
-2.74378e-09
1.10824e-08
2.18943e-09
2.70113e-08
-2.53212e-08
-1.52894e-08
4.59386e-09
2.28235e-08
-2.3635e-08
-1.92944e-08
-1.13868e-08
5.66289e-08
-9.49228e-09
2.48815e-08
1.28927e-08
-5.01196e-09
1.50611e-08
-1.2423e-08
1.62047e-08
-7.11001e-09
8.36006e-09
-4.59615e-09
-1.49225e-08
-4.82076e-09
-1.00076e-08
-7.02686e-10
8.83248e-09
-2.60479e-09
1.68584e-08
-8.1809e-09
7.66958e-09
-5.39576e-09
1.1738e-08
-1.2268e-09
-6.00494e-09
4.95896e-09
-4.82873e-09
4.81215e-09
8.63166e-09
-3.06798e-09
1.79495e-08
-5.48039e-09
9.13782e-09
-4.54109e-09
1.4797e-08
8.55348e-10
3.35276e-09
7.39872e-09
5.79353e-09
6.46282e-09
5.52203e-09
1.59264e-08
3.20001e-09
-7.05117e-10
1.4177e-08
1.75525e-08
-7.92499e-09
2.03765e-09
2.50856e-09
1.59674e-09
-3.98668e-09
9.17109e-09
1.10857e-08
-3.10292e-09
1.28219e-08
-9.85253e-09
1.1334e-08
-4.2104e-09
9.22507e-09
4.24695e-09
-6.13733e-09
4.05047e-09
-4.54993e-09
3.96887e-09
9.48219e-09
-1.46327e-09
1.37202e-08
-7.98367e-09
9.74172e-09
-3.60683e-09
1.08749e-08
5.08442e-09
-3.7677e-09
7.24663e-09
-2.26111e-09
6.37309e-09
7.68696e-09
-4.07375e-10
1.39281e-08
-4.72137e-09
9.45951e-09
-3.00336e-09
1.2421e-08
5.98804e-09
-1.50987e-09
8.61236e-09
1.82266e-09
6.98938e-09
5.00047e-09
1.32394e-08
-1.54699e-09
-1.17389e-09
1.03341e-08
1.32449e-08
-4.02948e-09
8.35454e-09
7.26617e-09
-4.28789e-09
3.59427e-09
3.25025e-10
6.25963e-09
-1.65076e-09
1.16291e-08
-5.55711e-09
6.28371e-09
-2.13363e-09
9.82176e-09
3.67623e-09
-2.55995e-09
7.69505e-09
-2.18232e-09
7.01777e-09
5.69718e-09
-8.30446e-10
1.20508e-08
-4.84801e-09
5.85707e-09
-1.92031e-09
1.05017e-08
3.87727e-09
-2.0557e-09
8.72217e-09
-1.44697e-09
7.86342e-09
4.64348e-09
-2.76002e-10
1.2118e-08
-3.38783e-09
5.64382e-09
-1.5853e-09
1.10856e-08
4.21947e-09
-1.32341e-09
9.30443e-09
-1.25682e-10
8.16284e-09
3.36558e-09
1.18637e-08
-8.14586e-10
-1.45129e-09
5.84395e-09
1.14023e-08
-2.22101e-09
5.09471e-09
9.16989e-09
-2.4779e-09
7.35796e-09
-8.40467e-10
3.44243e-09
-9.82535e-10
1.09912e-08
-3.02709e-09
3.40258e-09
-1.17226e-09
1.0068e-08
2.39275e-09
-1.28536e-09
9.08888e-09
-1.20281e-09
8.5515e-09
3.23686e-09
-6.04757e-10
1.12002e-08
-2.76409e-09
3.26802e-09
-1.06287e-09
1.03611e-08
2.42368e-09
-1.17152e-09
9.45269e-09
-1.00146e-09
8.867e-09
2.78772e-09
-3.44875e-10
1.1256e-08
-2.18565e-09
3.12611e-09
-9.18316e-10
1.06027e-08
2.50391e-09
-9.62146e-10
9.71726e-09
-6.13733e-10
9.04188e-09
2.23092e-09
1.11896e-08
-5.15277e-10
-1.38641e-09
3.06938e-09
1.07627e-08
-1.11722e-09
2.74931e-09
9.82175e-09
-1.29393e-09
8.94052e-09
-8.06846e-10
1.96491e-09
-6.5405e-10
1.06435e-08
-1.73432e-09
1.92501e-09
-7.37469e-10
1.0151e-08
1.48354e-09
-7.82115e-10
9.6505e-09
-7.7729e-10
9.30615e-09
1.8794e-09
-4.65907e-10
1.076e-08
-1.62729e-09
1.87137e-09
-6.64179e-10
1.02958e-08
1.47106e-09
-7.39899e-10
9.81078e-09
-7.11391e-10
9.45469e-09
1.68446e-09
-3.21309e-10
1.08113e-08
-1.38438e-09
1.78285e-09
-5.78742e-10
1.04188e-08
1.46957e-09
-6.59994e-10
9.95063e-09
-5.8031e-10
9.56934e-09
1.43171e-09
1.08127e-08
-3.2932e-10
-1.04678e-09
1.69536e-09
1.05153e-08
-5.94979e-10
1.5136e-09
1.00539e-08
-7.10336e-10
9.61492e-09
-5.93442e-10
1.16828e-09
-4.64822e-10
1.0445e-08
-1.04322e-09
1.14041e-09
-5.09756e-10
1.01697e-08
9.21063e-10
-5.37565e-10
9.89501e-09
-5.51332e-10
9.68614e-09
1.12417e-09
-3.57781e-10
1.05187e-08
-9.89943e-10
1.10941e-09
-4.53366e-10
1.02542e-08
9.01211e-10
-5.03152e-10
9.98457e-09
-5.12261e-10
9.77425e-09
1.03006e-09
-2.62527e-10
1.05624e-08
-8.76363e-10
1.05473e-09
-3.87185e-10
1.0328e-08
8.81452e-10
-4.4812e-10
1.00689e-08
-4.43473e-10
9.85362e-09
9.05927e-10
1.05803e-08
-2.17801e-10
-7.18249e-10
9.90447e-10
1.03895e-08
-3.4594e-10
8.72751e-10
1.01421e-08
-4.18634e-10
9.91314e-09
-4.04344e-10
7.17659e-10
-3.40703e-10
1.0325e-08
-6.47933e-10
7.0001e-10
-3.69316e-10
1.01646e-08
5.82131e-10
-3.90005e-10
1.00063e-08
-4.05466e-10
9.88021e-09
6.9016e-10
-2.72274e-10
1.03759e-08
-6.15741e-10
6.78202e-10
-3.23914e-10
1.02208e-08
5.64375e-10
-3.56935e-10
1.00653e-08
-3.72669e-10
9.94044e-09
6.39378e-10
-2.03908e-10
1.04107e-08
-5.56096e-10
6.43205e-10
-2.69573e-10
1.02698e-08
5.44513e-10
-3.1034e-10
1.0121e-08
-3.2294e-10
9.99675e-09
5.7324e-10
1.04283e-08
-1.50352e-10
-4.74771e-10
6.00663e-10
1.03101e-08
-2.1758e-10
5.26385e-10
1.01702e-08
-2.64174e-10
1.00445e-08
-2.74871e-10
4.52402e-10
-2.52998e-10
1.02482e-08
-4.11363e-10
4.42294e-10
-2.72946e-10
1.01518e-08
3.76667e-10
-2.88633e-10
1.00571e-08
-3.01492e-10
9.97967e-09
4.33367e-10
-2.06045e-10
1.0285e-08
-3.8946e-10
4.26228e-10
-2.36829e-10
1.01918e-08
3.62875e-10
-2.59198e-10
1.00992e-08
-2.73278e-10
1.00235e-08
4.03166e-10
-1.55628e-10
1.03118e-08
-3.54638e-10
4.03024e-10
-1.9316e-10
1.02263e-08
3.4703e-10
-2.20257e-10
1.0138e-08
-2.34169e-10
1.00641e-08
3.65032e-10
1.03249e-08
-1.08169e-10
-3.09058e-10
3.75002e-10
1.02533e-08
-1.46312e-10
3.30554e-10
1.01713e-08
-1.76892e-10
1.00987e-08
-1.91191e-10
2.91311e-10
-1.88768e-10
1.01969e-08
-2.65599e-10
2.86403e-10
-2.03186e-10
1.01374e-08
2.49558e-10
-2.14911e-10
1.0079e-08
-2.24626e-10
1.00303e-08
2.77579e-10
-1.55485e-10
1.0224e-08
-2.49882e-10
2.74572e-10
-1.75227e-10
1.01668e-08
2.39439e-10
-1.9066e-10
1.01101e-08
-2.01565e-10
1.00629e-08
2.58252e-10
-1.18258e-10
1.02441e-08
-2.27824e-10
2.58776e-10
-1.41265e-10
1.01918e-08
2.27697e-10
-1.59547e-10
1.0138e-08
-1.71048e-10
1.00924e-08
2.34699e-10
1.02526e-08
-8.04028e-11
-2.00302e-10
2.40009e-10
1.02103e-08
-1.03556e-10
2.14871e-10
1.01609e-08
-1.24057e-10
1.01172e-08
-1.36508e-10
1.91003e-10
-1.41018e-10
1.01615e-08
-1.73931e-10
1.89402e-10
-1.51545e-10
1.01241e-08
1.68893e-10
-1.60172e-10
1.00871e-08
-1.67215e-10
1.00557e-08
1.80985e-10
-1.17164e-10
1.01816e-08
-1.62448e-10
1.80767e-10
-1.30441e-10
1.0146e-08
1.61664e-10
-1.41231e-10
1.01103e-08
-1.49259e-10
1.008e-08
1.68005e-10
-8.98579e-11
1.01965e-08
-1.47694e-10
1.69817e-10
-1.04728e-10
1.01643e-08
1.53198e-10
-1.17277e-10
1.01307e-08
-1.26017e-10
1.01017e-08
1.52673e-10
1.02012e-08
-6.1064e-11
-1.30085e-10
1.57006e-10
1.01771e-08
-7.58759e-11
1.43705e-10
1.01468e-08
-8.98642e-11
1.01194e-08
-9.95618e-11
1.27229e-10
-1.0532e-10
1.01366e-08
-1.15362e-10
1.2753e-10
-1.13007e-10
1.01127e-08
1.16363e-10
-1.19284e-10
1.00887e-08
-1.24291e-10
1.00679e-08
1.19917e-10
-8.81982e-11
1.01515e-08
-1.06942e-10
1.21279e-10
-9.73864e-11
1.0129e-08
1.11265e-10
-1.04999e-10
1.0106e-08
-1.10789e-10
1.0086e-08
1.10942e-10
-6.83082e-11
1.01624e-08
-9.67385e-11
1.13597e-10
-7.82804e-11
1.01425e-08
1.05223e-10
-8.70189e-11
1.01211e-08
-9.34564e-11
1.01021e-08
1.00587e-10
1.01642e-08
-4.69111e-11
-8.49957e-11
1.04711e-10
1.01515e-08
-5.67528e-11
9.8324e-11
1.01326e-08
-6.64326e-11
1.01149e-08
-7.36786e-11
8.59414e-11
-7.85829e-11
1.01188e-08
-7.74276e-11
8.71919e-11
-8.41833e-11
1.01033e-08
8.13352e-11
-8.87168e-11
1.00875e-08
-9.22451e-11
1.00734e-08
8.06183e-11
-6.63151e-11
1.01299e-08
-7.12594e-11
8.2692e-11
-7.27812e-11
1.01155e-08
7.77598e-11
-7.81842e-11
1.01004e-08
-8.23267e-11
1.00869e-08
7.43047e-11
-5.19029e-11
1.01378e-08
-6.4062e-11
7.72602e-11
-5.87575e-11
1.01255e-08
7.34625e-11
-6.49084e-11
1.01116e-08
-6.95897e-11
1.00988e-08
6.71372e-11
1.01374e-08
-3.61841e-11
-5.60069e-11
7.10217e-11
1.01317e-08
-4.28981e-11
6.84816e-11
1.01199e-08
-4.96711e-11
1.01082e-08
-5.49921e-11
5.87719e-11
-5.85513e-11
1.01061e-08
-5.2544e-11
6.03793e-11
-6.26214e-11
1.00959e-08
5.74939e-11
-6.58817e-11
1.00853e-08
-6.83587e-11
1.00756e-08
5.49068e-11
-4.97811e-11
1.01143e-08
-4.8034e-11
5.7151e-11
-5.4377e-11
1.0105e-08
5.49907e-11
-5.82279e-11
1.00949e-08
-6.11827e-11
1.00857e-08
5.04197e-11
-3.93726e-11
1.01198e-08
-4.28972e-11
5.32898e-11
-4.41615e-11
1.01125e-08
5.1935e-11
-4.85248e-11
1.01032e-08
-5.19111e-11
1.00945e-08
4.53786e-11
1.01178e-08
-2.78882e-11
-3.7266e-11
4.88716e-11
1.01166e-08
-3.25523e-11
4.83466e-11
1.01092e-08
-3.73324e-11
1.01013e-08
-4.12104e-11
4.06224e-11
-4.35467e-11
1.00969e-08
-3.60187e-11
4.225e-11
-4.64989e-11
1.00902e-08
4.09844e-11
-4.88381e-11
1.00829e-08
-5.05757e-11
1.00761e-08
3.78216e-11
-3.7288e-11
1.01029e-08
-3.2727e-11
3.99379e-11
-4.05744e-11
1.0097e-08
3.92314e-11
-4.33271e-11
1.00901e-08
-4.54332e-11
1.00836e-08
3.46127e-11
-2.97847e-11
1.01068e-08
-2.90351e-11
3.7183e-11
-3.31666e-11
1.01025e-08
3.7057e-11
-3.62791e-11
1.00963e-08
-3.87232e-11
1.00902e-08
3.10299e-11
1.01034e-08
-2.14147e-11
-2.50485e-11
3.40346e-11
1.01051e-08
-2.46955e-11
3.44728e-11
1.01006e-08
-2.80915e-11
1.00952e-08
-3.09084e-11
2.8327e-11
-3.23094e-11
1.00902e-08
-2.4909e-11
2.98049e-11
-3.44477e-11
1.00858e-08
2.93882e-11
-3.61241e-11
1.00808e-08
-3.7344e-11
1.0076e-08
2.63005e-11
-2.78485e-11
1.00947e-08
-2.25105e-11
2.81502e-11
-3.02071e-11
1.00909e-08
2.81588e-11
-3.21787e-11
1.00862e-08
-3.36805e-11
1.00816e-08
2.39972e-11
-2.24453e-11
1.00972e-08
-1.98465e-11
2.61797e-11
-2.48506e-11
1.00949e-08
2.66098e-11
-2.70791e-11
1.00908e-08
-2.88414e-11
1.00865e-08
2.14342e-11
1.00929e-08
-1.63531e-11
-1.70014e-11
2.39268e-11
1.00965e-08
-1.86806e-11
2.47486e-11
1.00938e-08
-2.11048e-11
1.00901e-08
-2.31475e-11
1.98846e-11
-2.38905e-11
1.00854e-08
-1.7347e-11
2.11435e-11
-2.54366e-11
1.00825e-08
2.11435e-11
-2.66369e-11
1.0079e-08
-2.74942e-11
1.00756e-08
1.84209e-11
-2.07151e-11
1.00887e-08
-1.56031e-11
1.996e-11
-2.24104e-11
1.00863e-08
2.028e-11
-2.38236e-11
1.0083e-08
-2.48947e-11
1.00797e-08
1.67651e-11
-1.68287e-11
1.00902e-08
-1.36779e-11
1.85491e-11
-1.85464e-11
1.00893e-08
1.91758e-11
-2.01449e-11
1.00865e-08
-2.14142e-11
1.00834e-08
1.49256e-11
1.00852e-08
-1.24007e-11
-1.16385e-11
1.69336e-11
1.009e-08
-1.40605e-11
1.7836e-11
1.00886e-08
-1.57959e-11
1.0086e-08
-1.72747e-11
1.40098e-11
-1.75731e-11
1.00819e-08
-1.21332e-11
1.50358e-11
-1.86876e-11
1.00801e-08
1.5216e-11
-1.95453e-11
1.00776e-08
-2.01479e-11
1.00751e-08
1.29557e-11
-1.5318e-11
1.00843e-08
-1.08696e-11
1.41909e-11
-1.65353e-11
1.00829e-08
1.46092e-11
-1.75471e-11
1.00806e-08
-1.831e-11
1.00782e-08
1.17666e-11
-1.25296e-11
1.00852e-08
-9.47995e-12
1.31816e-11
-1.37572e-11
1.00851e-08
1.38228e-11
-1.4903e-11
1.00832e-08
-1.5815e-11
1.0081e-08
1.04462e-11
1.00796e-08
-9.32034e-12
-8.01705e-12
1.20239e-11
1.00851e-08
-1.0506e-11
1.28604e-11
1.00846e-08
-1.17486e-11
1.00828e-08
-1.28161e-11
9.8625e-12
-1.28142e-11
1.00795e-08
-8.4865e-12
1.06695e-11
-1.36127e-11
1.00783e-08
1.09047e-11
-1.42224e-11
1.00765e-08
-1.4645e-11
1.00747e-08
9.10796e-12
-1.12207e-11
1.00812e-08
-7.577e-12
1.00693e-11
-1.20907e-11
1.00804e-08
1.04793e-11
-1.28115e-11
1.00788e-08
-1.33525e-11
1.0077e-08
8.25809e-12
-9.23126e-12
1.00815e-08
-6.57917e-12
9.35059e-12
-1.01056e-11
1.0082e-08
9.92163e-12
-1.09232e-11
1.00807e-08
-1.15748e-11
1.00791e-08
7.31443e-12
1.00755e-08
-6.9199e-12
-5.53388e-12
8.52454e-12
1.00816e-08
-7.76442e-12
9.23399e-12
1.00816e-08
-8.65076e-12
1.00804e-08
-9.41674e-12
6.8838e-12
-9.20011e-12
1.00777e-08
-5.89095e-12
7.49657e-12
-9.7648e-12
1.0077e-08
7.72356e-12
-1.01933e-11
1.00757e-08
-1.04868e-11
1.00743e-08
6.35048e-12
-8.08685e-12
1.0079e-08
-5.24504e-12
7.07503e-12
-8.70115e-12
1.00786e-08
7.42807e-12
-9.20882e-12
1.00775e-08
-9.58822e-12
1.00761e-08
5.75025e-12
-6.68465e-12
1.00789e-08
-4.53734e-12
6.56909e-12
-7.30055e-12
1.00798e-08
7.03683e-12
-7.8772e-12
1.00789e-08
-8.33709e-12
1.00777e-08
5.08365e-12
1.00725e-08
-5.0417e-12
-3.79888e-12
5.9865e-12
1.0079e-08
-5.63697e-12
6.5515e-12
1.00794e-08
-6.2622e-12
1.00786e-08
-6.80485e-12
4.69405e-12
-6.41317e-12
1.00765e-08
-3.99928e-12
5.13885e-12
-6.80195e-12
1.00761e-08
5.32757e-12
-7.09539e-12
1.00751e-08
-7.29447e-12
1.00741e-08
4.32701e-12
-5.65453e-12
1.00774e-08
-3.55293e-12
4.85028e-12
-6.07717e-12
1.00774e-08
5.12715e-12
-6.42562e-12
1.00765e-08
-6.68505e-12
1.00755e-08
3.91395e-12
-4.69166e-12
1.00771e-08
-3.06417e-12
4.50311e-12
-5.11469e-12
1.00782e-08
4.85956e-12
-5.51107e-12
1.00777e-08
-5.82725e-12
1.00767e-08
3.45511e-12
1.00705e-08
-3.55538e-12
-2.55573e-12
4.10267e-12
1.00772e-08
-3.96456e-12
4.5259e-12
1.00779e-08
-4.39448e-12
1.00773e-08
-4.76876e-12
3.03026e-12
-4.20525e-12
1.00757e-08
-2.57327e-12
3.33034e-12
-4.45783e-12
1.00755e-08
3.46828e-12
-4.64764e-12
1.00747e-08
-4.7754e-12
1.00739e-08
2.79186e-12
-3.71638e-12
1.00764e-08
-2.28247e-12
3.14373e-12
-3.99093e-12
1.00766e-08
3.33964e-12
-4.21686e-12
1.00759e-08
-4.38449e-12
1.0075e-08
2.52347e-12
-3.09213e-12
1.00759e-08
-1.96401e-12
2.91865e-12
-3.36658e-12
1.00772e-08
3.16668e-12
-3.62396e-12
1.00768e-08
-3.82919e-12
1.00761e-08
2.22529e-12
1.00692e-08
-2.35144e-12
-1.63353e-12
2.65865e-12
1.0076e-08
-2.61708e-12
2.95009e-12
1.00768e-08
-2.89632e-12
1.00764e-08
-3.13989e-12
1.72315e-12
-2.37461e-12
1.00753e-08
-1.46043e-12
1.89872e-12
-2.51698e-12
1.00752e-08
1.98324e-12
-2.62369e-12
1.00745e-08
-2.69525e-12
1.00738e-08
1.58881e-12
-2.10019e-12
1.00759e-08
-1.2965e-12
1.7938e-12
-2.25517e-12
1.00761e-08
1.91117e-12
-2.38277e-12
1.00755e-08
-2.47742e-12
1.00748e-08
1.43728e-12
-1.74893e-12
1.00752e-08
-1.11671e-12
1.66666e-12
-1.9037e-12
1.00766e-08
1.81346e-12
-2.04949e-12
1.00763e-08
-2.16599e-12
1.00757e-08
1.26886e-12
1.00684e-08
-1.33137e-12
-9.30321e-13
1.51935e-12
1.00754e-08
-1.4809e-12
1.6904e-12
1.00763e-08
-1.63939e-12
1.00759e-08
-1.77804e-12
8.01024e-13
-8.11081e-13
-6.79773e-13
8.83881e-13
-8.63604e-13
9.25685e-13
-9.03278e-13
-9.30766e-13
7.51851e-13
-7.03554e-13
-6.19908e-13
8.44759e-13
-7.63578e-13
8.97907e-13
-8.13747e-13
-8.52415e-13
6.93577e-13
-5.70464e-13
-5.51169e-13
7.94591e-13
-6.32711e-13
8.57742e-13
-6.92524e-13
-7.41961e-13
6.26144e-13
-4.17123e-13
-4.76564e-13
7.33977e-13
-4.77211e-13
8.05157e-13
-5.44834e-13
-6.05374e-13
-4.27378e-09
-9.02397e-09
-4.01804e-09
-1.3495e-09
-9.81734e-09
-5.05254e-08
4.05501e-08
-1.20675e-07
1.88845e-07
-1.99925e-08
1.55193e-08
-4.46664e-08
3.24015e-10
-1.37437e-08
1.15393e-08
1.69805e-09
-2.86199e-08
-3.67998e-08
5.73425e-09
-1.21007e-08
1.12242e-07
6.48474e-08
3.61576e-08
-7.74662e-09
2.17509e-10
-6.02694e-09
4.78174e-09
-3.09237e-09
-4.42751e-08
-1.14864e-09
2.10641e-08
-3.43334e-08
4.90973e-08
6.70976e-08
3.65212e-09
1.15156e-08
3.63499e-10
6.98153e-09
-2.33473e-09
4.49337e-09
1.96005e-08
1.49202e-08
5.42952e-08
3.34065e-08
-3.49604e-09
-5.71168e-09
1.07324e-08
-2.34275e-09
1.11949e-08
-1.29205e-09
1.92262e-08
5.69688e-09
-2.15097e-08
8.61203e-09
-1.20671e-08
-1.26053e-08
-1.36008e-09
-1.13603e-09
8.40914e-09
-8.53988e-11
-8.9935e-09
-9.60366e-09
2.16793e-08
1.31152e-08
-4.78375e-09
2.60127e-08
-1.41252e-08
1.9803e-09
-3.29055e-09
-4.92034e-10
7.56992e-09
-1.41622e-10
-1.03744e-08
-9.04981e-10
1.94492e-08
1.15079e-08
2.10745e-09
3.83242e-08
-1.17571e-08
1.27131e-08
-1.19554e-09
6.7817e-09
9.03334e-10
-3.37388e-09
2.08739e-08
1.38042e-08
3.92246e-08
2.41349e-08
8.79162e-10
1.37141e-10
8.14886e-09
2.02894e-11
7.19128e-09
-4.25454e-09
1.31391e-08
1.12729e-08
-9.24281e-09
9.48536e-09
-7.24077e-09
1.60109e-09
-1.50275e-09
8.35307e-10
8.83003e-09
3.8369e-10
3.01259e-09
-2.55336e-09
1.54628e-08
1.10258e-08
-9.47036e-09
1.82271e-08
-9.34857e-09
7.45556e-09
-2.50414e-09
1.04436e-09
9.13446e-09
7.30549e-10
-2.70365e-10
-1.35548e-09
1.60176e-08
1.03296e-08
-4.52935e-09
2.27832e-08
-7.41472e-09
1.35854e-08
-2.57166e-09
9.61198e-09
7.85746e-10
-5.28548e-10
1.74753e-08
8.72121e-09
2.54455e-08
1.82798e-08
8.67591e-10
-4.83536e-10
7.25299e-09
-3.02765e-10
4.0754e-09
-2.49358e-09
1.02039e-08
5.9993e-09
-4.83015e-09
9.91371e-09
-3.67213e-09
7.36283e-09
-1.26175e-10
-1.49446e-11
8.51566e-09
-2.8042e-11
2.29421e-09
-1.68704e-09
1.22358e-08
6.14064e-09
-4.30198e-09
1.38525e-08
-4.43501e-09
1.02869e-08
-6.81268e-10
1.59003e-10
9.52314e-09
1.18638e-10
9.51542e-10
-1.02272e-09
1.37204e-08
5.41604e-09
-2.65306e-09
1.66698e-08
-3.10153e-09
1.34913e-08
-8.20322e-10
1.04548e-08
1.36487e-10
5.09465e-10
1.51228e-08
4.54282e-09
1.87591e-08
1.58878e-08
8.3724e-10
-5.22276e-10
6.79748e-09
-3.74728e-10
2.12397e-09
-1.37181e-09
9.17173e-09
2.90063e-09
-2.1559e-09
9.99902e-09
-1.71473e-09
9.46427e-09
4.11694e-10
-3.4206e-10
8.1597e-09
-2.35952e-10
1.5008e-09
-1.13811e-09
1.0913e-08
2.95127e-09
-2.01587e-09
1.2262e-08
-1.92883e-09
1.14142e-08
1.16829e-10
-1.53819e-10
9.36219e-09
-1.44116e-10
9.86052e-10
-7.08762e-10
1.24219e-08
2.67768e-09
-1.3193e-09
1.42816e-08
-1.28638e-09
1.34262e-08
1.48189e-11
1.04081e-08
-1.21906e-10
7.53985e-10
1.36749e-08
2.3502e-09
1.58435e-08
1.49794e-08
6.29796e-10
-3.96983e-10
6.53755e-09
-3.02199e-10
1.17354e-09
-7.51328e-10
8.78434e-09
1.46666e-09
-9.97584e-10
9.99314e-09
-8.39863e-10
1.02135e-08
4.43975e-10
-3.27424e-10
7.8833e-09
-2.3713e-10
9.61202e-10
-6.78776e-10
1.03232e-08
1.47398e-09
-9.68866e-10
1.17205e-08
-8.58466e-10
1.18413e-08
2.96393e-10
-1.80379e-10
9.10446e-09
-1.85712e-10
7.53613e-10
-4.27054e-10
1.17129e-08
1.38172e-09
-6.40767e-10
1.33254e-08
-5.55845e-10
1.34206e-08
2.36352e-10
1.01635e-08
-1.72096e-10
6.37071e-10
1.28471e-08
1.25638e-09
1.45835e-08
1.46401e-08
4.26531e-10
-2.75028e-10
6.37725e-09
-2.09009e-10
6.87042e-10
-4.23641e-10
8.60153e-09
8.00066e-10
-5.1268e-10
9.97416e-09
-4.55587e-10
1.0497e-08
3.44136e-10
-2.42691e-10
7.68701e-09
-1.80181e-10
6.05566e-10
-3.88878e-10
1.00271e-08
7.96252e-10
-4.84435e-10
1.15016e-08
-4.18059e-10
1.20039e-08
2.71919e-10
-1.42618e-10
8.88668e-09
-1.5421e-10
5.14879e-10
-2.45273e-10
1.13264e-08
7.5526e-10
-3.14783e-10
1.29154e-08
-2.56876e-10
1.34185e-08
2.39575e-10
9.92934e-09
-1.48081e-10
4.56052e-10
1.23853e-08
6.9943e-10
1.40253e-08
1.4508e-08
2.7675e-10
-1.88155e-10
6.27319e-09
-1.34883e-10
4.15176e-10
-2.52676e-10
8.4982e-09
4.65017e-10
-2.90888e-10
9.95104e-09
-2.71547e-10
1.06062e-08
2.38813e-10
-1.69092e-10
7.55174e-09
-1.22608e-10
3.79858e-10
-2.2877e-10
9.8621e-09
4.58316e-10
-2.60561e-10
1.13928e-08
-2.26862e-10
1.20607e-08
2.02799e-10
-1.0186e-10
8.72662e-09
-1.09964e-10
3.36413e-10
-1.42949e-10
1.11069e-08
4.34737e-10
-1.63263e-10
1.27197e-08
-1.31193e-10
1.3408e-08
1.8593e-10
9.74978e-09
-1.08226e-10
3.0571e-10
1.21226e-08
4.05777e-10
1.3762e-08
1.44472e-08
1.7577e-10
-1.30712e-10
6.20324e-09
-8.3274e-11
2.56302e-10
-1.60681e-10
8.43204e-09
2.84094e-10
-1.80071e-10
9.92642e-09
-1.75148e-10
1.06439e-08
1.57343e-10
-1.16968e-10
7.45896e-09
-7.83085e-11
2.39124e-10
-1.41763e-10
9.76141e-09
2.77248e-10
-1.52907e-10
1.13275e-08
-1.36876e-10
1.2073e-08
1.38697e-10
-7.08308e-11
8.61412e-09
-7.23391e-11
2.1625e-10
-8.70578e-11
1.09747e-08
2.61706e-10
-9.19306e-11
1.26133e-08
-7.53274e-11
1.33904e-08
1.30178e-10
9.62166e-09
-7.28873e-11
1.99506e-10
1.19662e-08
2.44868e-10
1.36247e-08
1.44095e-08
1.10348e-10
-9.29819e-11
6.15505e-09
-4.9577e-11
1.60999e-10
-1.08342e-10
8.38617e-09
1.80574e-10
-1.19798e-10
9.90259e-09
-1.20167e-10
1.06514e-08
1.00817e-10
-8.19733e-11
7.39492e-09
-4.77806e-11
1.5163e-10
-9.29721e-11
9.69522e-09
1.74565e-10
-9.75488e-11
1.12823e-08
-9.03395e-11
1.20664e-08
9.07459e-11
-4.93941e-11
8.53592e-09
-4.51199e-11
1.38531e-10
-5.59908e-11
1.08899e-08
1.63681e-10
-5.66194e-11
1.25472e-08
-4.82517e-11
1.33692e-08
8.66802e-11
9.53227e-09
-4.66908e-11
1.29044e-10
1.18679e-08
1.53124e-10
1.3544e-08
1.43796e-08
6.88776e-11
-6.76395e-11
6.12121e-09
-2.8463e-11
1.02731e-10
-7.64631e-11
8.35291e-09
1.18453e-10
-8.40357e-11
9.88104e-09
-8.6088e-11
1.06464e-08
6.36084e-11
-5.85281e-11
7.3502e-09
-2.80039e-11
9.70746e-11
-6.40703e-11
9.64937e-09
1.13525e-10
-6.65736e-11
1.12484e-08
-6.3608e-11
1.20527e-08
5.79373e-11
-3.49287e-11
8.48135e-09
-2.69664e-11
8.90534e-11
-3.79231e-11
1.08326e-08
1.05713e-10
-3.77256e-11
1.25017e-08
-3.35708e-11
1.33473e-08
5.62104e-11
9.47e-09
-2.8861e-11
8.35189e-11
1.18026e-08
9.87724e-11
1.3491e-08
1.43535e-08
4.29084e-11
-5.00488e-11
6.09709e-09
-1.56502e-11
6.65323e-11
-5.56767e-11
8.32821e-09
7.96768e-11
-6.10309e-11
9.8625e-09
-6.33657e-11
1.06369e-08
3.98017e-11
-4.25142e-11
7.31859e-09
-1.57223e-11
6.28415e-11
-4.58161e-11
9.61647e-09
7.57797e-11
-4.7612e-11
1.1222e-08
-4.66212e-11
1.20374e-08
3.64855e-11
-2.50949e-11
8.4429e-09
-1.54613e-11
5.76781e-11
-2.6761e-11
1.07924e-08
7.01171e-11
-2.66243e-11
1.24683e-08
-2.45949e-11
1.33268e-08
3.59518e-11
9.42627e-09
-1.73214e-11
5.43756e-11
1.17575e-08
6.54119e-11
1.34533e-08
1.43305e-08
2.67484e-11
-3.74409e-11
6.0797e-09
-8.10093e-12
4.37062e-11
-4.13171e-11
8.30967e-09
5.46682e-11
-4.52364e-11
9.8471e-09
-4.73481e-11
1.06266e-08
2.48106e-11
-3.12885e-11
7.29598e-09
-8.35385e-12
4.11688e-11
-3.35684e-11
9.59236e-09
5.16533e-11
-3.50368e-11
1.12013e-08
-3.49209e-11
1.2023e-08
2.28075e-11
-1.82768e-11
8.41553e-09
-8.44336e-12
3.77244e-11
-1.94259e-11
1.07633e-08
4.75303e-11
-1.94793e-11
1.24429e-08
-1.85168e-11
1.33086e-08
2.28495e-11
9.39525e-09
-1.01049e-11
3.57176e-11
1.17252e-08
4.42726e-11
1.34253e-08
1.43106e-08
1.67178e-11
-2.81714e-11
6.06706e-09
-3.7927e-12
2.91015e-11
-3.09691e-11
8.2957e-09
3.80948e-11
-3.38822e-11
9.83466e-09
-3.56283e-11
1.06172e-08
1.54527e-11
-2.32242e-11
7.27966e-09
-4.07889e-12
2.73e-11
-2.49448e-11
9.57449e-09
3.5796e-11
-2.61791e-11
1.11852e-08
-2.64137e-11
1.20104e-08
1.42095e-11
-1.34436e-11
8.39585e-09
-4.30599e-12
2.4944e-11
-1.43472e-11
1.0742e-08
3.27869e-11
-1.45341e-11
1.24235e-08
-1.41033e-11
1.32933e-08
1.44991e-11
9.37302e-09
-5.7119e-12
2.37057e-11
1.17016e-08
3.0497e-11
1.3404e-08
1.4294e-08
1.04912e-11
-2.12355e-11
6.05782e-09
-1.43091e-12
1.96204e-11
-2.33043e-11
8.28518e-09
2.68614e-11
-2.54807e-11
9.8248e-09
-2.68602e-11
1.06092e-08
9.63638e-12
-1.73167e-11
7.2678e-09
-1.69275e-12
1.83179e-11
-1.86645e-11
9.56117e-09
2.51264e-11
-1.96895e-11
1.11726e-08
-2.00309e-11
1.19999e-08
8.84714e-12
-9.94936e-12
8.38159e-09
-1.95358e-12
1.66781e-11
-1.06931e-11
1.07262e-08
2.29275e-11
-1.09397e-11
1.24085e-08
-1.07698e-11
1.32808e-08
9.21474e-12
9.35696e-09
-3.10171e-12
1.59032e-11
1.16842e-08
2.13002e-11
1.33877e-08
1.42805e-08
6.61807e-12
-1.5989e-11
6.05105e-09
-2.09655e-13
1.33759e-11
-1.75344e-11
8.27728e-09
1.91035e-11
-1.91601e-11
9.81713e-09
-2.02213e-11
1.06026e-08
6.02609e-12
-1.29275e-11
7.25914e-09
-4.28892e-13
1.24254e-11
-1.39913e-11
9.55123e-09
1.78044e-11
-1.48243e-11
1.11628e-08
-1.51652e-11
1.19915e-08
5.5155e-12
-7.38343e-12
8.3712e-09
-6.75528e-13
1.12703e-11
-7.99625e-12
1.07145e-08
1.61972e-11
-8.25055e-12
1.2397e-08
-8.20448e-12
1.32707e-08
5.87785e-12
9.34529e-09
-1.58957e-12
1.07789e-11
1.16713e-08
1.50319e-11
1.33751e-08
1.42696e-08
4.19954e-12
-1.19952e-11
6.04608e-09
3.61509e-13
9.20287e-12
-1.31516e-11
8.27136e-09
1.36601e-11
-1.4362e-11
9.81124e-09
-1.51639e-11
1.05974e-08
3.78302e-12
-9.63436e-12
7.25281e-09
1.86567e-13
8.50697e-12
-1.04689e-11
9.54382e-09
1.26944e-11
-1.1131e-11
1.11554e-08
-1.14293e-11
1.19849e-08
3.44749e-12
-5.47703e-12
8.36362e-09
-2.64772e-14
7.68722e-12
-5.97422e-12
1.07057e-08
1.1521e-11
-6.20717e-12
1.23882e-08
-6.21588e-12
1.32629e-08
3.76788e-12
9.33678e-09
-7.39684e-13
7.3716e-12
1.16618e-08
1.06827e-11
1.33656e-08
1.42611e-08
2.68047e-12
-8.9422e-12
6.04245e-09
5.74829e-13
6.3719e-12
-9.80419e-12
8.26697e-09
9.78629e-12
-1.07002e-11
9.80678e-09
-1.12978e-11
1.05934e-08
2.38499e-12
-7.14561e-12
7.24819e-09
4.39555e-13
5.86334e-12
-7.79215e-12
9.53833e-09
9.07404e-12
-8.30765e-12
1.11498e-08
-8.55147e-12
1.19798e-08
2.16182e-12
-4.04766e-12
8.3581e-09
2.65274e-13
5.27963e-12
-4.44271e-12
1.06993e-08
8.22003e-12
-4.64145e-12
1.23816e-08
-4.67085e-12
1.32568e-08
2.42783e-12
9.33059e-09
-2.81429e-13
5.0745e-12
1.16547e-08
7.61624e-12
1.33584e-08
1.42546e-08
1.71813e-12
-6.59792e-12
6.03981e-09
6.00349e-13
4.41978e-12
-7.23466e-12
8.26374e-09
6.99036e-12
-7.89172e-12
9.80345e-09
-8.33094e-12
1.05904e-08
1.50843e-12
-5.25162e-12
7.24484e-09
4.98367e-13
4.05073e-12
-5.74407e-12
9.53429e-09
6.47054e-12
-6.13708e-12
1.11456e-08
-6.32783e-12
1.1976e-08
1.35895e-12
-2.96669e-12
8.35409e-09
3.61368e-13
3.63594e-12
-3.27328e-12
1.06945e-08
5.85334e-12
-3.43449e-12
1.23767e-08
-3.46827e-12
1.32523e-08
1.57011e-12
9.3261e-09
-5.00791e-14
3.50137e-12
1.16495e-08
5.41998e-12
1.33531e-08
1.42496e-08
1.10055e-12
-4.78438e-12
6.03791e-09
5.34031e-13
3.04727e-12
-5.24699e-12
8.2614e-09
4.93923e-12
-5.72106e-12
9.80101e-09
-6.03792e-12
1.05881e-08
9.53112e-13
-3.7967e-12
7.24244e-09
4.59162e-13
2.7834e-12
-4.16313e-12
9.53138e-09
4.56617e-12
-4.45529e-12
1.11426e-08
-4.59903e-12
1.19731e-08
8.53133e-13
-2.14041e-12
8.35123e-09
3.55354e-13
2.49167e-12
-2.3717e-12
1.06911e-08
4.12636e-12
-2.49679e-12
1.23731e-08
-2.52759e-12
1.32489e-08
1.01418e-12
9.32289e-09
5.27679e-14
2.40313e-12
1.16457e-08
3.81883e-12
1.33492e-08
1.42459e-08
6.96078e-13
-3.36195e-12
6.03659e-09
4.2768e-13
2.05735e-12
-3.6878e-12
8.25976e-09
3.40119e-12
-4.01965e-12
9.79929e-09
-4.24117e-12
1.05865e-08
5.95005e-13
-2.66194e-12
7.24077e-09
3.74698e-13
1.87412e-12
-2.92476e-12
9.52934e-09
3.14148e-12
-3.13392e-12
1.11404e-08
-3.23752e-12
1.19711e-08
5.29207e-13
-1.49847e-12
8.34924e-09
2.99486e-13
1.67404e-12
-1.66602e-12
1.06887e-08
2.8368e-12
-1.75827e-12
1.23705e-08
-1.78301e-12
1.32465e-08
6.46363e-13
9.32066e-09
8.47479e-14
1.61644e-12
1.16431e-08
2.62424e-12
1.33464e-08
1.42433e-08
4.23457e-13
-2.2181e-12
6.03573e-09
3.064e-13
1.3186e-12
-2.43358e-12
8.25868e-09
2.21201e-12
-2.65197e-12
9.79815e-09
-2.79747e-12
1.05855e-08
3.57949e-13
-1.75372e-12
7.23967e-09
2.71363e-13
1.19875e-12
-1.92979e-12
9.52799e-09
2.04189e-12
-2.0696e-12
1.1139e-08
-2.13899e-12
1.19698e-08
3.16502e-13
-9.86436e-13
8.34793e-09
2.20788e-13
1.06897e-12
-1.09947e-12
1.06871e-08
1.84294e-12
-1.1623e-12
1.23689e-08
-1.17984e-12
1.32449e-08
3.95351e-13
9.3192e-09
7.82806e-14
1.03282e-12
1.16413e-08
1.70413e-12
1.33446e-08
1.42416e-08
2.45445e-13
-1.25689e-12
6.03524e-09
1.7129e-13
7.57659e-13
-1.37937e-12
8.25807e-09
1.27065e-12
-1.50374e-12
9.79751e-09
-1.58656e-12
1.05849e-08
2.07341e-13
-9.95086e-13
7.23905e-09
1.52128e-13
6.88329e-13
-1.09563e-12
9.52723e-09
1.1728e-12
-1.17547e-12
1.11382e-08
-1.21487e-12
1.1969e-08
1.82499e-13
-5.61768e-13
8.34719e-09
1.24253e-13
6.13109e-13
-6.26209e-13
1.06862e-08
1.05817e-12
-6.61818e-13
1.23679e-08
-6.71344e-13
1.3244e-08
2.25386e-13
9.31837e-09
4.43903e-14
5.90276e-13
1.16403e-08
9.76694e-13
1.33435e-08
1.42406e-08
2.13405e-13
-4.19338e-13
-2.2732e-14
4.34896e-13
-4.63541e-13
6.4182e-13
-5.10644e-13
-5.43126e-13
1.90264e-13
-3.44752e-13
-2.42904e-14
3.98528e-13
-3.78298e-13
5.944e-13
-4.05388e-13
-4.17883e-13
1.69307e-13
-1.97097e-13
-2.6522e-14
3.56494e-13
-2.18881e-13
5.36677e-13
-2.30554e-13
-2.32401e-13
1.71653e-13
-4.78056e-14
3.30377e-13
4.87004e-13
-2.90637e-08
-2.77379e-08
2.02584e-08
-4.48849e-08
-8.94303e-10
4.09569e-08
9.2807e-10
3.09266e-08
8.10181e-08
-8.93662e-09
2.69682e-08
-1.17079e-08
-9.82811e-09
1.38458e-08
-1.88691e-08
-3.00755e-09
2.15294e-08
-1.45048e-08
-3.41997e-10
3.87862e-08
-2.35002e-08
2.76521e-08
1.61643e-08
7.66393e-09
9.61388e-10
5.72285e-09
7.48832e-09
1.03157e-08
-3.94586e-09
4.5579e-09
1.51883e-08
-2.6892e-08
1.849e-08
1.37698e-08
2.59663e-09
2.71956e-08
5.93823e-10
4.3624e-08
-1.99356e-09
6.46533e-09
-9.3764e-09
1.38436e-09
2.35159e-08
-1.05566e-08
6.36303e-09
3.16571e-08
1.91402e-08
1.42515e-08
4.14672e-08
-1.03396e-09
2.35704e-08
-7.76113e-09
4.69407e-09
1.82972e-08
-8.14528e-09
6.28297e-09
2.19936e-08
6.98236e-09
9.47385e-09
2.84362e-08
2.09519e-09
2.33244e-08
-4.8855e-09
2.42344e-09
8.11751e-09
-3.1789e-09
3.59809e-09
1.12939e-08
1.88392e-09
4.79965e-09
1.47996e-08
2.49421e-09
1.44945e-08
2.02375e-09
3.89965e-09
3.00269e-09
3.07135e-09
1.44814e-09
4.27523e-09
7.35982e-09
-2.49772e-09
1.40486e-09
2.12068e-08
-3.58355e-10
2.16286e-09
2.30483e-08
8.4182e-09
2.72244e-09
2.4229e-08
-8.46198e-10
1.77064e-08
-2.13307e-09
3.62836e-09
1.82068e-08
-1.56038e-09
4.36544e-09
1.92184e-08
5.00332e-09
5.05394e-09
1.9541e-08
3.05795e-09
1.64399e-08
-2.44051e-09
2.11169e-09
1.20747e-08
-2.23347e-09
2.76865e-09
1.26837e-08
1.63227e-09
3.00843e-09
1.29794e-08
2.18666e-09
1.22767e-08
-1.20571e-09
8.0028e-09
-2.06063e-09
7.42546e-09
-1.43835e-09
7.04507e-09
6.95454e-09
-3.09211e-10
4.11097e-10
1.90384e-08
1.04731e-09
5.36072e-10
1.85692e-08
4.48662e-09
5.26973e-10
1.74348e-08
-3.59098e-10
1.40836e-08
-3.55632e-10
1.79225e-09
1.71813e-08
7.21425e-10
2.09056e-09
1.65868e-08
3.25269e-09
2.12157e-09
1.54151e-08
1.4013e-09
1.30842e-08
-6.27585e-10
1.1843e-09
1.33102e-08
-1.13228e-11
1.45691e-09
1.27011e-08
1.64692e-09
1.61647e-09
1.18263e-08
1.457e-09
1.048e-08
-4.23735e-10
9.74733e-09
-3.38918e-10
8.91619e-09
3.00845e-10
7.99374e-09
6.95834e-09
4.1394e-10
-1.59791e-11
1.73658e-08
1.23731e-09
-1.79435e-11
1.62915e-08
2.51895e-09
-7.44927e-11
1.47037e-08
-3.42172e-10
1.24179e-08
3.49295e-10
7.59378e-10
1.60567e-08
1.08563e-09
8.40213e-10
1.49923e-08
2.11738e-09
7.93916e-10
1.3515e-08
5.27225e-10
1.15681e-08
1.54039e-10
6.32467e-10
1.32831e-08
6.71738e-10
7.16028e-10
1.23076e-08
1.4559e-09
7.65832e-10
1.10702e-08
7.14806e-10
9.56271e-09
8.01501e-11
1.01777e-08
3.80611e-10
9.18765e-09
8.5693e-10
8.0473e-09
6.76894e-09
4.72532e-10
-1.38612e-10
1.62498e-08
9.8215e-10
-1.68091e-10
1.50796e-08
1.50327e-09
-2.17655e-10
1.35026e-08
-3.11944e-10
1.1633e-08
4.31356e-10
3.05101e-10
1.51816e-08
9.00393e-10
3.11849e-10
1.40433e-08
1.36662e-09
2.72113e-10
1.2559e-08
1.62478e-10
1.0833e-08
3.09644e-10
3.42742e-10
1.29358e-08
6.87152e-10
3.64457e-10
1.18775e-08
1.08453e-09
3.76909e-10
1.0568e-08
3.46726e-10
9.07861e-09
2.18644e-10
1.01297e-08
4.97678e-10
9.08736e-09
7.98083e-10
7.88668e-09
6.56477e-09
3.65753e-10
-1.52142e-10
1.55414e-08
6.8562e-10
-1.83815e-10
1.43959e-08
9.37509e-10
-2.18435e-10
1.28996e-08
-2.62147e-10
1.12262e-08
3.43575e-10
1.11889e-10
1.4574e-08
6.44744e-10
9.91732e-11
1.34592e-08
8.80246e-10
7.17147e-11
1.20333e-08
1.81412e-11
1.0443e-08
2.7519e-10
1.88433e-10
1.25841e-08
5.33285e-10
1.90194e-10
1.15283e-08
7.47039e-10
1.9198e-10
1.0234e-08
1.70434e-10
8.797e-09
2.11248e-10
9.95885e-09
4.1933e-10
8.91526e-09
6.01061e-10
7.71675e-09
6.40901e-09
2.5529e-10
-1.33229e-10
1.50927e-08
4.59432e-10
-1.60993e-10
1.39881e-08
5.97866e-10
-1.85701e-10
1.25619e-08
-2.12187e-10
1.09965e-08
2.43247e-10
3.00659e-11
1.41674e-08
4.37458e-10
1.38871e-11
1.30901e-08
5.67674e-10
-5.01142e-12
1.17224e-08
-3.58081e-11
1.02186e-08
2.05177e-10
1.03493e-10
1.23055e-08
3.76413e-10
9.87268e-11
1.12723e-08
4.97756e-10
9.7056e-11
1.00106e-08
8.06922e-11
8.62216e-09
1.64247e-10
9.78987e-09
3.07764e-10
8.76051e-09
4.18112e-10
7.58085e-09
6.29816e-09
1.71978e-10
-1.08402e-10
1.4805e-08
3.03958e-10
-1.3118e-10
1.37343e-08
3.86149e-10
-1.49598e-10
1.23583e-08
-1.68212e-10
1.08577e-08
1.64925e-10
-3.77064e-12
1.38979e-08
2.9067e-10
-1.88159e-11
1.2852e-08
3.67357e-10
-3.23388e-11
1.15285e-08
-5.2267e-11
1.00805e-08
1.43092e-10
5.56724e-11
1.21029e-08
2.55331e-10
4.91363e-11
1.10921e-08
3.27154e-10
4.63626e-11
9.86009e-09
3.37858e-11
8.50862e-09
1.1721e-10
9.65544e-09
2.13017e-10
8.6415e-09
2.8092e-10
7.481e-09
6.22054e-09
1.14499e-10
-8.5622e-11
1.4618e-08
2.00683e-10
-1.03724e-10
1.35714e-08
2.51869e-10
-1.17698e-10
1.22294e-08
-1.31511e-10
1.07694e-08
1.10054e-10
-1.66e-11
1.37188e-08
1.91975e-10
-2.93137e-11
1.26957e-08
2.39107e-10
-3.93032e-11
1.14029e-08
-5.31204e-11
9.99134e-09
9.70507e-11
2.84623e-11
1.19608e-08
1.70472e-10
2.19882e-11
1.09674e-08
2.1434e-10
1.90657e-11
9.75785e-09
9.45971e-12
8.43256e-09
8.0607e-11
9.55661e-09
1.43803e-10
8.55517e-09
1.86169e-10
7.40992e-09
6.16629e-09
7.61266e-11
-6.66809e-11
1.44947e-08
1.32912e-10
-8.07946e-11
1.34647e-08
1.65807e-10
-9.14139e-11
1.21452e-08
-1.01782e-10
1.07112e-08
7.32027e-11
-2.01255e-11
1.3599e-08
1.2699e-10
-3.0416e-11
1.25915e-08
1.56838e-10
-3.79164e-11
1.13196e-08
-4.78247e-11
9.93178e-09
6.51907e-11
1.30886e-11
1.18624e-08
1.13399e-10
7.35026e-12
1.08814e-08
1.40847e-10
4.67472e-12
9.68781e-09
-2.59412e-12
8.38048e-09
5.46577e-11
9.48618e-09
9.629e-11
8.49393e-09
1.23069e-10
7.35981e-09
6.12822e-09
5.08008e-11
-5.14986e-11
1.44126e-08
8.85526e-11
-6.23608e-11
1.33936e-08
1.10178e-10
-7.03941e-11
1.2089e-08
-7.81542e-11
1.0672e-08
4.88472e-11
-1.95739e-11
1.35183e-08
8.44779e-11
-2.77052e-11
1.25212e-08
1.0381e-10
-3.33659e-11
1.12632e-08
-4.05726e-11
9.89106e-09
4.37806e-11
4.62837e-12
1.17944e-08
7.56589e-11
-1.84942e-13
1.0822e-08
9.31718e-11
-2.47075e-12
9.63941e-09
-7.92633e-12
8.34427e-09
3.6982e-11
9.4365e-09
6.4537e-11
8.45073e-09
8.16719e-11
7.32448e-09
6.10132e-09
3.41124e-11
-3.95256e-11
1.43572e-08
5.94424e-11
-4.78065e-11
1.33456e-08
7.39145e-11
-5.38483e-11
1.2051e-08
-5.96212e-11
1.0645e-08
3.28062e-11
-1.73636e-11
1.34633e-08
5.66374e-11
-2.36888e-11
1.24733e-08
6.93883e-11
-2.79586e-11
1.12246e-08
-3.32265e-11
9.8628e-09
2.95437e-11
2.08348e-13
1.17473e-08
5.0814e-11
-3.69794e-12
1.07807e-08
6.21745e-11
-5.57187e-12
9.60566e-09
-9.64078e-12
8.31879e-09
2.5127e-11
9.40148e-09
4.35098e-11
8.4202e-09
5.46033e-11
7.29947e-09
6.08217e-09
2.30778e-11
-3.01691e-11
1.43196e-08
4.02321e-11
-3.64362e-11
1.3313e-08
5.00612e-11
-4.09557e-11
1.20249e-08
-4.52258e-11
1.06263e-08
2.22093e-11
-1.46414e-11
1.34256e-08
3.83066e-11
-1.95063e-11
1.24402e-08
4.68473e-11
-2.27172e-11
1.11978e-08
-2.65721e-11
9.84296e-09
2.00828e-11
-1.88467e-12
1.17145e-08
3.44151e-11
-4.98504e-12
1.07519e-08
4.18933e-11
-6.47997e-12
9.58194e-09
-9.50045e-12
8.30072e-09
1.71969e-11
9.37669e-09
2.95776e-11
8.39853e-09
3.68421e-11
7.28164e-09
6.06846e-09
1.57356e-11
-2.29046e-11
1.42939e-08
2.74583e-11
-2.76193e-11
1.32905e-08
3.42173e-11
-3.09841e-11
1.20069e-08
-3.4128e-11
1.06132e-08
1.51622e-11
-1.19484e-11
1.33995e-08
2.61404e-11
-1.56568e-11
1.24173e-08
3.19374e-11
-1.80619e-11
1.11791e-08
-2.08813e-11
9.82892e-09
1.37643e-11
-2.6768e-12
1.16914e-08
2.35173e-11
-5.0975e-12
1.07316e-08
2.85049e-11
-6.2672e-12
9.56516e-09
-8.50122e-12
8.28781e-09
1.18684e-11
9.35904e-09
2.02895e-11
8.38306e-09
2.50992e-11
7.26888e-09
6.05858e-09
1.08102e-11
-1.72933e-11
1.42761e-08
1.88876e-11
-2.08211e-11
1.3275e-08
2.3583e-11
-2.33155e-11
1.19944e-08
-2.56213e-11
1.06039e-08
1.04344e-11
-9.52254e-12
1.33812e-08
1.79874e-11
-1.23277e-11
1.24012e-08
2.19664e-11
-1.41212e-11
1.11659e-08
-1.61807e-11
9.81894e-09
9.50963e-12
-2.7771e-12
1.16752e-08
1.62074e-11
-4.64253e-12
1.07172e-08
1.95725e-11
-5.54418e-12
9.55322e-09
-7.19121e-12
8.27854e-09
8.25726e-12
9.34642e-09
1.40386e-11
8.37196e-09
1.72562e-11
7.25969e-09
6.05143e-09
7.47459e-12
-1.29761e-11
1.42638e-08
1.30785e-11
-1.56011e-11
1.32642e-08
1.63654e-11
-1.74419e-11
1.19856e-08
-1.91266e-11
1.05974e-08
7.22962e-12
-7.44678e-12
1.33685e-08
1.24642e-11
-9.55294e-12
1.239e-08
1.52195e-11
-1.08836e-11
1.11566e-08
-1.23846e-11
9.81181e-09
6.61486e-12
-2.53955e-12
1.16637e-08
1.12497e-11
-3.96059e-12
1.07069e-08
1.35423e-11
-4.64679e-12
9.54469e-09
-5.85668e-12
8.27188e-09
5.78309e-12
9.33735e-09
9.78362e-12
8.36397e-09
1.19561e-11
7.25305e-09
6.04625e-09
5.19059e-12
-9.66193e-12
1.42552e-08
9.09573e-12
-1.1602e-11
1.32567e-08
1.1407e-11
-1.29526e-11
1.19794e-08
-1.41776e-11
1.05928e-08
5.03171e-12
-5.72488e-12
1.33595e-08
8.67686e-12
-7.29301e-12
1.2382e-08
1.05958e-11
-8.27385e-12
1.115e-08
-9.36345e-12
9.80672e-09
4.62151e-12
-2.16289e-12
1.16555e-08
7.84529e-12
-3.23296e-12
1.06997e-08
9.41809e-12
-3.74873e-12
9.53859e-09
-4.63294e-12
8.26709e-09
4.0665e-12
9.33084e-09
6.84944e-12
8.35822e-09
8.32682e-12
7.24827e-09
6.0425e-09
3.60603e-12
-7.11629e-12
1.42492e-08
6.32821e-12
-8.53613e-12
1.32514e-08
7.95298e-12
-9.5182e-12
1.19751e-08
-1.04019e-11
1.05895e-08
3.50346e-12
-4.32241e-12
1.33532e-08
6.04323e-12
-5.47697e-12
1.23764e-08
7.38106e-12
-6.19293e-12
1.11453e-08
-6.97813e-12
9.8031e-09
3.2294e-12
-1.75263e-12
1.16497e-08
5.4735e-12
-2.54744e-12
1.06945e-08
6.55537e-12
-2.9296e-12
9.53424e-09
-3.57033e-12
8.26366e-09
2.85818e-12
9.32618e-09
4.79589e-12
8.3541e-09
5.8039e-12
7.24483e-09
6.0398e-09
2.48817e-12
-5.15062e-12
1.42451e-08
4.3722e-12
-6.17284e-12
1.32478e-08
5.50513e-12
-6.876e-12
1.19721e-08
-7.50447e-12
1.05872e-08
2.4224e-12
-3.18891e-12
1.33488e-08
4.17967e-12
-4.02422e-12
1.23725e-08
5.10602e-12
-4.53837e-12
1.11421e-08
-5.09633e-12
9.80055e-09
2.24003e-12
-1.35943e-12
1.16456e-08
3.79155e-12
-1.93834e-12
1.06908e-08
4.53204e-12
-2.2159e-12
9.53118e-09
-2.67322e-12
8.26123e-09
1.99249e-12
9.32288e-09
3.33256e-12
8.35117e-09
4.01756e-12
7.24239e-09
6.03788e-09
1.68104e-12
-3.61311e-12
1.42423e-08
2.95693e-12
-4.32721e-12
1.32453e-08
3.72882e-12
-4.81615e-12
1.19701e-08
-5.25074e-12
1.05857e-08
1.63951e-12
-2.26956e-12
1.33459e-08
2.82934e-12
-2.85535e-12
1.23698e-08
3.4569e-12
-3.21367e-12
1.11398e-08
-3.59927e-12
9.7988e-09
1.52008e-12
-1.00257e-12
1.16428e-08
2.56995e-12
-1.41058e-12
1.06884e-08
3.06682e-12
-1.60564e-12
9.52907e-09
-1.92277e-12
8.25955e-09
1.35752e-12
9.32061e-09
2.26453e-12
8.34915e-09
2.72143e-12
7.2407e-09
6.03655e-09
1.07873e-12
-2.38005e-12
1.42405e-08
1.89767e-12
-2.84907e-12
1.32437e-08
2.39527e-12
-3.16899e-12
1.19687e-08
-3.45216e-12
1.05846e-08
1.05346e-12
-1.51033e-12
1.33439e-08
1.81713e-12
-1.89617e-12
1.23681e-08
2.21996e-12
-2.13099e-12
1.11384e-08
-2.38214e-12
9.79767e-09
9.78561e-13
-6.834e-13
1.1641e-08
1.65215e-12
-9.53055e-13
1.06867e-08
1.96878e-12
-1.08161e-12
9.52771e-09
-1.28866e-12
8.25846e-09
8.76246e-13
9.31912e-09
1.45842e-12
8.34784e-09
1.74838e-12
7.2396e-09
6.03568e-09
6.13769e-13
-1.34463e-12
1.42395e-08
1.07557e-12
-1.60977e-12
1.32428e-08
1.35757e-12
-1.7899e-12
1.1968e-08
-1.949e-12
1.05841e-08
5.99821e-13
-8.54258e-13
1.33428e-08
1.03057e-12
-1.07228e-12
1.23672e-08
1.25902e-12
-1.20423e-12
1.11376e-08
-1.34521e-12
9.79703e-09
5.57726e-13
-3.87264e-13
1.164e-08
9.37793e-13
-5.39384e-13
1.06858e-08
1.11753e-12
-6.11271e-13
9.52693e-09
-7.27441e-13
8.25785e-09
4.99646e-13
9.31828e-09
8.28622e-13
8.34709e-09
9.9356e-13
7.23897e-09
6.03519e-09
2.76196e-13
-4.30621e-13
4.93548e-13
-5.23939e-13
6.26962e-13
-5.84233e-13
-6.38248e-13
2.68525e-13
-2.36696e-13
4.73395e-13
-3.10127e-13
5.88064e-13
-3.51179e-13
-3.98033e-13
2.48256e-13
-6.51484e-14
4.32094e-13
-1.12432e-13
5.29848e-13
-1.3043e-13
-1.67457e-13
2.19463e-13
3.80442e-13
4.73345e-13
)
;

boundaryField
{
    inlet
    {
        type            calculated;
        value           nonuniform List<scalar> 
48
(
-1.07332e-08
-1.03244e-08
-1.14295e-08
-1.04065e-08
-1.09455e-08
-1.0045e-08
-1.12453e-08
-1.01832e-08
-1.13085e-08
-1.10327e-08
-1.12221e-08
-1.08018e-08
-9.28326e-09
-1.17212e-08
-1.09183e-08
-1.09312e-08
-6.65586e-09
-8.84161e-09
-9.6237e-09
-1.10372e-08
-8.11613e-09
9.48402e-09
-1.22226e-08
-2.47084e-08
-1.36563e-09
-4.76301e-09
-1.3895e-08
-1.56247e-08
-1.18704e-08
-8.09653e-09
2.12858e-09
-1.66379e-08
-1.65011e-08
-1.50039e-08
-5.9487e-09
-1.10372e-08
-1.30544e-08
-1.22549e-08
-1.03701e-08
-9.6237e-09
-1.32719e-08
-1.18819e-08
-1.04194e-08
-8.1788e-09
-1.12752e-08
-1.46189e-08
-1.4047e-08
-6.37229e-09
)
;
    }
    outlet
    {
        type            calculated;
        value           nonuniform List<scalar> 
48
(
1.00751e-08
1.00756e-08
1.00749e-08
1.00681e-08
1.00751e-08
1.00759e-08
1.00764e-08
1.00751e-08
1.00744e-08
1.00754e-08
1.00761e-08
1.0076e-08
1.00737e-08
1.00747e-08
1.00755e-08
1.00758e-08
6.03505e-09
7.23881e-09
8.3469e-09
9.31805e-09
8.25783e-09
9.52693e-09
1.06858e-08
1.164e-08
9.79726e-09
1.11379e-08
1.23675e-08
1.33431e-08
1.05847e-08
1.19687e-08
1.32437e-08
1.42402e-08
1.4239e-08
1.33424e-08
1.16396e-08
9.31795e-09
1.32424e-08
1.23667e-08
1.06854e-08
8.34679e-09
1.19677e-08
1.11372e-08
9.52662e-09
7.23873e-09
1.05838e-08
9.79676e-09
8.25759e-09
6.03499e-09
)
;
    }
    wall
    {
        type            calculated;
        value           nonuniform List<scalar> 
192
(
1.02962e-24
1.57796e-24
9.14393e-25
1.03148e-25
-4.49954e-26
5.82452e-26
-6.47963e-26
-8.50334e-26
-2.96355e-26
3.36007e-26
6.37389e-27
-1.0031e-26
-4.47297e-28
-1.31417e-27
3.55261e-27
4.34817e-28
-1.45623e-28
8.63641e-28
-9.84301e-28
3.40212e-28
-4.22815e-28
-5.79346e-29
1.07834e-28
-1.53936e-29
-1.70619e-10
-9.03052e-26
-1.15286e-25
-5.62823e-26
2.79276e-27
-4.79283e-26
1.30133e-26
2.05527e-26
7.95351e-27
-5.71094e-27
-9.74338e-27
9.94057e-27
7.71107e-27
5.08961e-27
-1.4177e-28
8.62221e-28
2.33563e-27
1.19644e-28
9.05593e-29
1.99353e-29
7.43656e-28
4.21466e-28
-5.33166e-29
-6.47571e-29
7.51418e-25
-7.30272e-25
-1.00859e-24
3.63986e-25
3.77631e-25
-4.90141e-26
-6.04917e-26
-6.12173e-26
3.94187e-26
-2.77195e-26
2.09076e-26
-2.42102e-27
-9.94783e-28
-4.03583e-27
-5.37335e-28
-5.39963e-27
1.28482e-27
-7.50446e-28
1.67639e-27
6.39062e-29
1.23337e-27
4.5617e-28
-1.25771e-29
-3.62948e-29
2.54754e-24
4.50933e-25
-4.05731e-25
-7.84662e-25
-3.53546e-25
5.57268e-26
1.9673e-26
-3.79133e-26
-1.8749e-27
1.67947e-26
8.42861e-27
-2.07649e-27
5.92179e-27
-1.41234e-27
1.7396e-27
2.23922e-28
-1.70052e-28
-5.06154e-28
-1.49641e-28
1.51722e-28
-7.65502e-29
5.41066e-29
-1.33794e-29
3.24355e-30
1.25871e-09
-5.0438e-09
-2.8669e-08
1.04911e-24
7.74946e-25
-1.44514e-24
2.15416e-24
-7.52169e-26
8.20546e-26
-5.43302e-26
-1.64476e-25
1.23213e-26
-9.46372e-26
5.81424e-26
-1.68904e-25
1.71771e-26
-6.14185e-26
-5.89268e-26
-3.52622e-26
-2.05923e-26
-1.35388e-26
7.30669e-27
-7.52121e-26
5.20557e-27
8.3554e-27
2.24464e-26
8.80613e-27
1.28975e-26
-1.28342e-26
-6.97154e-29
-3.36888e-26
6.3548e-26
-7.47419e-27
1.82721e-26
-9.82973e-27
3.37877e-26
9.76775e-27
1.00137e-26
5.51097e-27
-1.03845e-26
-3.30074e-27
-8.93248e-29
2.06469e-27
5.22375e-28
1.92422e-27
3.44472e-27
6.67488e-27
1.39578e-26
6.8559e-27
-1.99599e-27
3.23143e-27
-1.87895e-27
-2.06207e-27
2.28649e-27
-1.03495e-27
2.81461e-28
-3.05406e-27
4.31958e-28
-2.05929e-28
-1.60058e-27
7.73266e-28
-1.4723e-27
-8.372e-28
1.15002e-27
6.81296e-28
1.13694e-27
6.55771e-28
1.45477e-27
5.62059e-28
1.10518e-28
8.66647e-29
-9.52506e-29
-3.39201e-28
-3.13045e-28
3.42069e-28
-4.85086e-29
-4.67309e-28
2.78714e-28
-1.39042e-28
-6.81147e-29
3.059e-28
2.14144e-28
2.67601e-28
1.84052e-29
8.96061e-29
2.88228e-28
-3.18695e-29
-1.27283e-28
6.95923e-29
-5.41085e-29
5.05928e-29
-5.5254e-29
5.08553e-29
4.06078e-29
-2.09798e-29
2.90226e-29
)
;
    }
    procBoundary2to0
    {
        type            processor;
        value           nonuniform List<scalar> 
192
(
5.63746e-09
-8.83387e-09
4.33347e-08
9.37635e-09
7.66169e-09
5.80522e-09
2.84317e-08
1.12355e-08
4.10889e-09
3.09711e-09
4.35313e-09
3.63528e-09
2.14111e-09
1.51286e-09
1.52285e-09
1.32028e-09
1.20506e-09
9.65834e-10
9.01357e-10
8.46684e-10
7.71174e-10
6.94431e-10
6.61968e-10
6.60708e-10
5.38216e-10
5.1893e-10
5.1241e-10
5.23188e-10
3.91008e-10
3.91992e-10
3.96557e-10
4.08475e-10
2.88697e-10
2.95906e-10
3.03505e-10
3.13632e-10
2.14359e-10
2.22453e-10
2.29818e-10
2.37578e-10
1.5935e-10
1.66496e-10
1.72598e-10
1.7824e-10
1.18391e-10
1.24141e-10
1.28855e-10
1.32839e-10
8.78519e-11
9.22736e-11
9.57866e-11
9.85527e-11
6.50939e-11
6.84114e-11
7.09784e-11
7.28845e-11
4.81485e-11
5.0602e-11
5.24579e-11
5.37691e-11
3.55379e-11
3.73361e-11
3.86696e-11
3.95716e-11
2.61511e-11
2.74607e-11
2.84151e-11
2.90362e-11
1.91522e-11
2.01003e-11
2.07807e-11
2.12087e-11
1.39121e-11
1.45929e-11
1.50747e-11
1.53684e-11
9.95566e-12
1.04378e-11
1.07749e-11
1.09743e-11
6.92135e-12
7.25367e-12
7.48383e-12
7.61689e-12
4.52918e-12
4.74523e-12
4.89392e-12
4.97883e-12
2.55546e-12
2.67691e-12
2.76004e-12
2.80731e-12
8.8654e-13
9.28462e-13
9.56669e-13
9.72556e-13
5.17855e-08
-1.11869e-08
-1.44486e-07
3.79684e-09
4.73457e-09
4.11698e-09
-4.39746e-09
1.1149e-08
3.40202e-09
4.30657e-09
5.73925e-09
5.27592e-09
2.06642e-09
2.58648e-09
2.82787e-09
2.9114e-09
1.27465e-09
1.47233e-09
1.52399e-09
1.49971e-09
7.82161e-10
8.70373e-10
8.97596e-10
8.65788e-10
4.94711e-10
5.47658e-10
5.69612e-10
5.63274e-10
3.26675e-10
3.64635e-10
3.84954e-10
3.91797e-10
2.2411e-10
2.53011e-10
2.71023e-10
2.81819e-10
1.58182e-10
1.80387e-10
1.95381e-10
2.06066e-10
1.13801e-10
1.30766e-10
1.42697e-10
1.51835e-10
8.28508e-11
9.57117e-11
1.04934e-10
1.12245e-10
6.07365e-11
7.04192e-11
7.74216e-11
8.30669e-11
4.46877e-11
5.19374e-11
5.71936e-11
6.14653e-11
3.29275e-11
3.83311e-11
4.22466e-11
4.54391e-11
2.42569e-11
2.82679e-11
3.11685e-11
3.35348e-11
1.7836e-11
2.08003e-11
2.29381e-11
2.46808e-11
1.30609e-11
1.5239e-11
1.68054e-11
1.80803e-11
9.48961e-12
1.10759e-11
1.22135e-11
1.31377e-11
6.79363e-12
7.93115e-12
8.74484e-12
9.40457e-12
4.72516e-12
5.51729e-12
6.08262e-12
6.5401e-12
3.09336e-12
3.61239e-12
3.98208e-12
4.28072e-12
1.74586e-12
2.03935e-12
2.24777e-12
2.41579e-12
6.01791e-13
7.08394e-13
7.8088e-13
8.38635e-13
)
;
    }
    procBoundary2to3
    {
        type            processor;
        value           nonuniform List<scalar> 
192
(
-1.16777e-08
-1.2522e-08
-1.61172e-08
-2.64962e-08
-6.86077e-09
-3.43928e-09
-5.14729e-09
-6.84551e-09
4.90041e-10
1.23466e-09
1.37771e-09
2.27123e-09
1.48935e-09
1.65159e-09
1.72472e-09
2.0458e-09
1.21515e-09
1.21876e-09
1.23714e-09
1.35987e-09
8.45469e-10
8.17474e-10
8.1104e-10
8.52334e-10
5.69211e-10
5.42575e-10
5.28383e-10
5.35402e-10
3.85056e-10
3.65394e-10
3.51647e-10
3.47003e-10
2.65059e-10
2.51598e-10
2.40606e-10
2.33292e-10
1.85939e-10
1.76978e-10
1.688e-10
1.61871e-10
1.32534e-10
1.26626e-10
1.20725e-10
1.15011e-10
9.55942e-11
9.17057e-11
8.75041e-11
8.30609e-11
6.95085e-11
6.69446e-11
6.39708e-11
6.06168e-11
5.08032e-11
4.91037e-11
4.70025e-11
4.45121e-11
3.72401e-11
3.61058e-11
3.46206e-11
3.27893e-11
2.73241e-11
2.65628e-11
2.55122e-11
2.41742e-11
2.003e-11
1.95164e-11
1.87727e-11
1.78002e-11
1.46336e-11
1.42859e-11
1.37602e-11
1.30569e-11
1.06125e-11
1.03778e-11
1.0008e-11
9.50338e-12
7.58583e-12
7.42846e-12
7.17124e-12
6.81427e-12
5.27002e-12
5.16584e-12
4.99102e-12
4.74527e-12
3.44945e-12
3.38331e-12
3.27063e-12
3.11086e-12
1.97962e-12
1.94259e-12
1.87871e-12
1.78743e-12
9.26986e-13
9.11373e-13
8.82908e-13
8.41213e-13
-5.47765e-08
-1.68958e-08
-1.54721e-08
1.8037e-09
-5.12591e-09
5.44629e-09
7.94226e-09
1.13187e-08
4.63222e-09
7.65836e-09
7.52342e-09
7.16154e-09
3.06923e-09
4.07214e-09
4.17662e-09
3.83334e-09
1.70707e-09
2.03812e-09
2.10038e-09
1.97216e-09
9.63871e-10
1.06543e-09
1.08465e-09
1.03991e-09
5.67761e-10
5.96122e-10
5.96202e-10
5.74582e-10
3.52566e-10
3.56829e-10
3.49592e-10
3.35477e-10
2.30293e-10
2.26763e-10
2.17725e-10
2.07247e-10
1.56762e-10
1.51298e-10
1.4281e-10
1.34742e-10
1.10012e-10
1.04705e-10
9.75554e-11
9.1314e-11
7.88384e-11
7.43398e-11
6.86305e-11
6.38233e-11
5.72689e-11
5.36801e-11
4.9254e-11
4.55744e-11
4.19432e-11
3.91711e-11
3.58e-11
3.30005e-11
3.08551e-11
2.87543e-11
2.62158e-11
2.4098e-11
2.27354e-11
2.11628e-11
1.92668e-11
1.76735e-11
1.67392e-11
1.55728e-11
1.41663e-11
1.29748e-11
1.22808e-11
1.14231e-11
1.03873e-11
9.50279e-12
8.94125e-12
8.31728e-12
7.56209e-12
6.9122e-12
6.41355e-12
5.96705e-12
5.42531e-12
4.95588e-12
4.46781e-12
4.15774e-12
3.78061e-12
3.45185e-12
2.92987e-12
2.72721e-12
2.48014e-12
2.26361e-12
1.68394e-12
1.56795e-12
1.42596e-12
1.30001e-12
7.93359e-13
7.39277e-13
6.71492e-13
6.05183e-13
)
;
    }
}


// ************************************************************************* //
