/*--------------------------------*- C++ -*----------------------------------*\
  =========                 |
  \\      /  F ield         | OpenFOAM: The Open Source CFD Toolbox
   \\    /   O peration     | Website:  https://openfoam.org
    \\  /    A nd           | Version:  6
     \\/     M anipulation  |
\*---------------------------------------------------------------------------*/
FoamFile
{
    version     2.0;
    format      ascii;
    class       volVectorField;
    location    "0.01";
    object      U;
}
// * * * * * * * * * * * * * * * * * * * * * * * * * * * * * * * * * * * * * //

dimensions      [0 1 -1 0 0 0 0];

internalField   nonuniform List<vector> 
1152
(
(-0.00352135 -0.00267457 0.00103719)
(-0.0022669 -0.000248404 0.000538689)
(-0.00236436 -0.00680889 -0.00166138)
(-0.00512975 -0.000514905 -0.000981424)
(-0.00398871 -0.00179457 0.000987139)
(-0.0108829 -0.00176452 -0.000276029)
(-0.00632614 -0.00159988 0.000359939)
(-0.00853615 0.000284986 0.000805135)
(0.000495678 -0.00603605 0.00213991)
(-2.69526e-05 -0.00364082 0.000453941)
(-0.00171343 0.00243805 0.000702637)
(-0.00414043 -0.00317532 0.000766694)
(0.00168131 0.00366378 0.00123709)
(0.000752265 -0.00260589 0.000104603)
(8.92807e-05 0.00288706 -0.00093885)
(-0.00919706 -0.00109949 -0.000638583)
(0.00324377 -0.00181904 0.00885858)
(0.00400745 -0.00193388 0.00522524)
(0.00149978 -0.0055843 -0.00533295)
(-0.0016742 -0.00300715 -0.00136121)
(0.00249088 -0.000930215 0.0101345)
(0.00206219 -0.00157973 0.00749246)
(0.00109754 -0.0028016 0.00258278)
(-0.000876166 -0.00196257 0.00342186)
(0.00205643 -0.000609944 0.0108886)
(0.00239894 -0.00120758 0.0110955)
(0.00154014 -0.000125833 0.00460117)
(-0.000581439 0.000269738 0.00452211)
(0.00049514 -4.9529e-05 0.0138134)
(0.00260361 -0.00147231 0.0150297)
(0.00248854 0.000453437 -0.00473979)
(-0.000527964 0.00204763 -0.00521263)
(0.00267469 -0.00102444 0.00422575)
(0.0030086 -0.00103839 0.00268948)
(0.0020592 -0.00160264 -5.00154e-06)
(0.000494883 -0.00118649 0.000522819)
(0.00230567 -0.000557964 0.00455968)
(0.0025369 -0.00102549 0.0034005)
(0.0019866 -0.00134042 0.00192801)
(0.000760049 -0.00101879 0.00184176)
(0.00161299 -0.000117139 0.00455574)
(0.00226199 -0.000743543 0.00410854)
(0.002149 -0.000526498 0.00255368)
(0.000939421 5.02035e-05 0.00219265)
(0.00057958 -0.000297759 0.00434784)
(0.00209847 -0.000973198 0.00457391)
(0.00271786 -0.00058219 0.00132299)
(0.0013943 0.000553223 0.000113714)
(0.00152096 -0.000521473 0.00401191)
(0.00165469 -0.000506176 0.00320478)
(0.00131051 -0.000585444 0.00217884)
(0.000642739 -0.000501206 0.00198054)
(0.00136974 -0.000308873 0.00420746)
(0.0015191 -0.000526052 0.00353291)
(0.00129127 -0.000614537 0.00272816)
(0.000706401 -0.00050755 0.00241238)
(0.0010282 -8.84425e-05 0.00424022)
(0.0013531 -0.000408886 0.00380267)
(0.0013383 -0.000384979 0.00300593)
(0.000781117 -0.000160151 0.00255838)
(0.000563238 -0.000150914 0.00411785)
(0.0012159 -0.000499591 0.0039391)
(0.00152479 -0.000449907 0.00289855)
(0.000969794 -4.06078e-05 0.00209588)
(0.000834115 -0.000290885 0.00377379)
(0.000894436 -0.000284781 0.00335451)
(0.000759167 -0.00029442 0.00289281)
(0.000463637 -0.00027706 0.00268317)
(0.000777807 -0.000198678 0.00387072)
(0.000849945 -0.00028657 0.00349826)
(0.000750162 -0.000320283 0.00308294)
(0.0004734 -0.000292962 0.00284322)
(0.000640298 -0.000101752 0.00389341)
(0.000773426 -0.000238765 0.00361618)
(0.000752701 -0.000257011 0.00320944)
(0.000494842 -0.000191539 0.00292014)
(0.000453337 -0.000113622 0.00384894)
(0.000694234 -0.000264099 0.00368526)
(0.000792191 -0.000280029 0.00323575)
(0.000555306 -0.0001587 0.00283143)
(0.00047679 -0.000184885 0.00362072)
(0.000505326 -0.000185382 0.00340077)
(0.000444514 -0.000187503 0.00317337)
(0.0003019 -0.000186877 0.00303111)
(0.000454682 -0.000140561 0.00367131)
(0.000487776 -0.000178027 0.00346743)
(0.000437839 -0.000194979 0.00325089)
(0.000298732 -0.000192233 0.00310079)
(0.000397844 -9.3335e-05 0.00369038)
(0.000451448 -0.000153317 0.00352361)
(0.000429813 -0.000173151 0.00331397)
(0.000301045 -0.000159414 0.00314882)
(0.000319195 -8.51454e-05 0.00368369)
(0.000408044 -0.000152186 0.00356416)
(0.000428909 -0.000173499 0.00335172)
(0.000316383 -0.000143595 0.0031527)
(0.000284969 -0.000128353 0.0035354)
(0.000298729 -0.000131341 0.00341494)
(0.000267718 -0.000134065 0.00329411)
(0.000193276 -0.000137257 0.00320624)
(0.000274573 -0.000103467 0.00356567)
(0.000289457 -0.00012177 0.00345103)
(0.000261989 -0.000132101 0.00333319)
(0.000188153 -0.000135491 0.00324385)
(0.000248641 -7.6367e-05 0.00358197)
(0.000270597 -0.000105072 0.00348232)
(0.00025367 -0.000119093 0.0033691)
(0.000185054 -0.000119578 0.00327623)
(0.000212046 -6.25463e-05 0.00358669)
(0.000246751 -9.4954e-05 0.00350777)
(0.000245754 -0.000110628 0.00339858)
(0.000186319 -0.000106325 0.00329695)
(0.000175998 -9.30191e-05 0.00348572)
(0.000182909 -9.66192e-05 0.00341673)
(0.000165883 -9.97723e-05 0.00334851)
(0.000125111 -0.000103273 0.00329537)
(0.000170025 -7.72133e-05 0.00350595)
(0.000176849 -8.75072e-05 0.0034395)
(0.000161176 -9.44561e-05 0.00337261)
(0.000120684 -9.85777e-05 0.00331971)
(0.00015678 -5.95224e-05 0.00351919)
(0.000166065 -7.46637e-05 0.00345946)
(0.000154609 -8.39513e-05 0.00339544)
(0.000116862 -8.74552e-05 0.00334233)
(0.000137988 -4.5834e-05 0.00352551)
(0.000152398 -6.28655e-05 0.00347601)
(0.000147313 -7.33974e-05 0.00341561)
(0.000114455 -7.54908e-05 0.00336092)
(0.00011137 -6.86518e-05 0.00345455)
(0.000115174 -7.20124e-05 0.00341359)
(0.000105606 -7.49251e-05 0.00337341)
(8.27235e-05 -7.78443e-05 0.00334102)
(0.000107439 -5.78712e-05 0.00346893)
(0.000110846 -6.432e-05 0.0034294)
(0.000101955 -6.91785e-05 0.00339012)
(7.94049e-05 -7.26508e-05 0.00335832)
(9.99133e-05 -4.54904e-05 0.00347924)
(0.000104163 -5.42389e-05 0.00344315)
(9.71463e-05 -6.04276e-05 0.00340568)
(7.61639e-05 -6.39015e-05 0.00337447)
(8.93336e-05 -3.38853e-05 0.0034844)
(9.58829e-05 -4.35789e-05 0.00345416)
(9.16246e-05 -5.06314e-05 0.00341924)
(7.33014e-05 -5.3768e-05 0.0033883)
(7.18427e-05 -5.10138e-05 0.00343399)
(7.42296e-05 -5.38235e-05 0.00340899)
(6.89154e-05 -5.62183e-05 0.00338453)
(5.59528e-05 -5.84309e-05 0.00336436)
(6.90802e-05 -4.34165e-05 0.00344453)
(7.10625e-05 -4.77391e-05 0.00342049)
(6.61919e-05 -5.11846e-05 0.00339671)
(5.35944e-05 -5.38174e-05 0.00337712)
(6.44246e-05 -3.45111e-05 0.00345234)
(6.66767e-05 -3.99573e-05 0.00343033)
(6.27539e-05 -4.41596e-05 0.00340776)
(5.11297e-05 -4.69435e-05 0.0033888)
(5.79795e-05 -2.53478e-05 0.0034559)
(6.13974e-05 -3.12592e-05 0.00343782)
(5.8785e-05 -3.60549e-05 0.00341701)
(4.8673e-05 -3.88504e-05 0.0033987)
(4.71007e-05 -3.798e-05 0.00341995)
(4.87988e-05 -4.01957e-05 0.00340435)
(4.59599e-05 -4.20473e-05 0.00338903)
(3.86192e-05 -4.3651e-05 0.00337615)
(4.51148e-05 -3.25658e-05 0.00342776)
(4.64781e-05 -3.55718e-05 0.00341287)
(4.39743e-05 -3.8028e-05 0.00339808)
(3.69815e-05 -3.99438e-05 0.00338566)
(4.20612e-05 -2.61174e-05 0.00343358)
(4.3492e-05 -2.96941e-05 0.00342006)
(4.15331e-05 -3.25983e-05 0.0034061)
(3.51834e-05 -3.46838e-05 0.0033942)
(3.78929e-05 -1.91504e-05 0.00343574)
(3.99898e-05 -2.29521e-05 0.00342523)
(3.87165e-05 -2.62689e-05 0.00341256)
(3.32691e-05 -2.84698e-05 0.00340127)
(3.13242e-05 -2.82737e-05 0.00341012)
(3.26347e-05 -2.99627e-05 0.00340021)
(3.12232e-05 -3.13463e-05 0.00339039)
(2.70965e-05 -3.24823e-05 0.00338195)
(2.98895e-05 -2.44097e-05 0.00341593)
(3.09419e-05 -2.65392e-05 0.00340657)
(2.97947e-05 -2.82935e-05 0.00339714)
(2.59703e-05 -2.96634e-05 0.00338904)
(2.78123e-05 -1.97454e-05 0.00342022)
(2.88634e-05 -2.21784e-05 0.00341187)
(2.80623e-05 -2.42125e-05 0.00340304)
(2.46808e-05 -2.57352e-05 0.00339534)
(2.50026e-05 -1.45588e-05 0.00342127)
(2.64737e-05 -1.70981e-05 0.00341548)
(2.60645e-05 -1.9424e-05 0.00340764)
(2.32457e-05 -2.108e-05 0.00340043)
(2.11028e-05 -2.10284e-05 0.00340313)
(2.2151e-05 -2.22901e-05 0.00339675)
(2.15403e-05 -2.3304e-05 0.00339032)
(1.92518e-05 -2.4099e-05 0.00338466)
(2.00673e-05 -1.82764e-05 0.00340745)
(2.09221e-05 -1.97988e-05 0.0034015)
(2.052e-05 -2.10531e-05 0.00339536)
(1.84798e-05 -2.20255e-05 0.00338995)
(1.8623e-05 -1.49126e-05 0.00341057)
(1.94563e-05 -1.66048e-05 0.00340543)
(1.92888e-05 -1.80428e-05 0.00339973)
(1.75615e-05 -1.91431e-05 0.00339461)
(1.66772e-05 -1.10969e-05 0.00341078)
(1.77942e-05 -1.28373e-05 0.00340794)
(1.78676e-05 -1.44853e-05 0.00340304)
(1.65046e-05 -1.57076e-05 0.00339831)
(1.43836e-05 -1.56188e-05 0.00339813)
(1.5228e-05 -1.65497e-05 0.00339397)
(1.50465e-05 -1.72844e-05 0.00338968)
(1.38048e-05 -1.7838e-05 0.00338581)
(1.36378e-05 -1.36639e-05 0.00340133)
(1.43391e-05 -1.47574e-05 0.00339752)
(1.43204e-05 -1.56549e-05 0.00339345)
(1.32751e-05 -1.63432e-05 0.00338975)
(1.26204e-05 -1.12445e-05 0.00340357)
(1.32972e-05 -1.24378e-05 0.00340043)
(1.34437e-05 -1.34611e-05 0.00339669)
(1.26225e-05 -1.42528e-05 0.00339321)
(1.12491e-05 -8.4556e-06 0.00340314)
(1.21262e-05 -9.66939e-06 0.00340215)
(1.24293e-05 -1.08457e-05 0.00339908)
(1.18509e-05 -1.17397e-05 0.00339591)
(9.90591e-06 -1.15812e-05 0.00339452)
(1.05816e-05 -1.22628e-05 0.0033918)
(1.06139e-05 -1.27918e-05 0.00338889)
(9.96248e-06 -1.31769e-05 0.0033862)
(9.36965e-06 -1.01956e-05 0.00339689)
(9.94006e-06 -1.09829e-05 0.00339444)
(1.0098e-05 -1.16255e-05 0.0033917)
(9.59797e-06 -1.21126e-05 0.00338913)
(8.6471e-06 -8.45864e-06 0.00339846)
(9.19586e-06 -9.30755e-06 0.0033966)
(9.47251e-06 -1.00389e-05 0.00339411)
(9.13435e-06 -1.06077e-05 0.0033917)
(7.67007e-06 -6.42746e-06 0.00339754)
(8.36377e-06 -7.28391e-06 0.00339774)
(8.7462e-06 -8.12783e-06 0.00339583)
(8.57356e-06 -8.77886e-06 0.00339368)
(6.88242e-06 -8.56833e-06 0.00339192)
(7.41662e-06 -9.06485e-06 0.00339012)
(7.54211e-06 -9.44454e-06 0.00338813)
(7.21805e-06 -9.71255e-06 0.00338623)
(6.49732e-06 -7.58776e-06 0.00339366)
(6.9544e-06 -8.15542e-06 0.0033921)
(7.17546e-06 -8.6158e-06 0.00339022)
(6.96649e-06 -8.96076e-06 0.00338841)
(5.9816e-06 -6.34233e-06 0.00339473)
(6.42122e-06 -6.94952e-06 0.00339369)
(6.72856e-06 -7.47367e-06 0.00339202)
(6.63687e-06 -7.88211e-06 0.00339033)
(5.28082e-06 -4.86625e-06 0.00339344)
(5.82667e-06 -5.47524e-06 0.00339439)
(6.20737e-06 -6.08266e-06 0.00339325)
(6.23046e-06 -6.55551e-06 0.00339176)
(4.81436e-06 -6.31923e-06 0.00339004)
(5.23091e-06 -6.67952e-06 0.00338886)
(5.38461e-06 -6.95139e-06 0.00338747)
(5.23787e-06 -7.13811e-06 0.00338612)
(4.53817e-06 -5.62632e-06 0.00339132)
(4.89839e-06 -6.03558e-06 0.00339033)
(5.12399e-06 -6.3654e-06 0.00338903)
(5.06374e-06 -6.60994e-06 0.00338774)
(4.16914e-06 -4.73451e-06 0.003392)
(4.51591e-06 -5.16999e-06 0.0033915)
(4.80448e-06 -5.54612e-06 0.00339037)
(4.8293e-06 -5.83918e-06 0.00338917)
(3.66488e-06 -3.664e-06 0.00339043)
(4.08987e-06 -4.09898e-06 0.00339187)
(4.43016e-06 -4.53675e-06 0.00339123)
(4.5355e-06 -4.87939e-06 0.0033902)
(3.38111e-06 -4.63744e-06 0.00338868)
(3.70109e-06 -4.89772e-06 0.00338791)
(3.85017e-06 -5.09181e-06 0.00338693)
(3.79601e-06 -5.22197e-06 0.00338596)
(3.18349e-06 -4.14892e-06 0.00338962)
(3.46251e-06 -4.44339e-06 0.00338901)
(3.66516e-06 -4.6793e-06 0.0033881)
(3.67524e-06 -4.85253e-06 0.00338717)
(2.91949e-06 -3.5119e-06 0.00339001)
(3.18841e-06 -3.82417e-06 0.00338987)
(3.43696e-06 -4.0938e-06 0.00338911)
(3.50871e-06 -4.30364e-06 0.00338824)
(2.55671e-06 -2.73804e-06 0.00338822)
(2.88315e-06 -3.04909e-06 0.00338999)
(3.16846e-06 -3.36423e-06 0.00338968)
(3.29705e-06 -3.61166e-06 0.00338897)
(2.37346e-06 -3.37472e-06 0.0033877)
(2.61506e-06 -3.5614e-06 0.00338722)
(2.74466e-06 -3.69917e-06 0.00338652)
(2.7357e-06 -3.78964e-06 0.0033858)
(2.23282e-06 -3.03195e-06 0.00338838)
(2.44482e-06 -3.24267e-06 0.00338804)
(2.61389e-06 -3.41061e-06 0.0033874)
(2.65211e-06 -3.53283e-06 0.00338672)
(2.04473e-06 -2.57941e-06 0.00338857)
(2.24932e-06 -2.80235e-06 0.00338867)
(2.45163e-06 -2.99471e-06 0.00338815)
(2.53437e-06 -3.14421e-06 0.00338752)
(1.78496e-06 -2.02358e-06 0.00338661)
(2.03153e-06 -2.24525e-06 0.0033886)
(2.25996e-06 -2.47095e-06 0.00338852)
(2.38287e-06 -2.64848e-06 0.00338803)
(1.65264e-06 -2.41874e-06 0.00338701)
(1.83089e-06 -2.55086e-06 0.00338671)
(1.93569e-06 -2.64747e-06 0.0033862)
(1.94607e-06 -2.70977e-06 0.00338567)
(1.55372e-06 -2.18082e-06 0.0033875)
(1.71088e-06 -2.32974e-06 0.00338733)
(1.84425e-06 -2.44791e-06 0.00338687)
(1.8887e-06 -2.53326e-06 0.00338636)
(1.42122e-06 -1.86314e-06 0.00338753)
(1.57306e-06 -2.02046e-06 0.00338779)
(1.73015e-06 -2.15608e-06 0.00338744)
(1.80637e-06 -2.26134e-06 0.00338697)
(1.23742e-06 -1.46911e-06 0.00338545)
(1.41945e-06 -1.62536e-06 0.00338759)
(1.59495e-06 -1.78505e-06 0.00338766)
(1.69934e-06 -1.91077e-06 0.00338732)
(1.12475e-06 -1.68368e-06 0.00338652)
(1.25156e-06 -1.7747e-06 0.00338635)
(1.33081e-06 -1.84077e-06 0.00338597)
(1.34695e-06 -1.88276e-06 0.00338557)
(1.05694e-06 -1.52245e-06 0.00338688)
(1.16915e-06 -1.62496e-06 0.00338683)
(1.26844e-06 -1.706e-06 0.00338649)
(1.30834e-06 -1.76414e-06 0.00338611)
(9.65944e-07 -1.30508e-06 0.0033868)
(1.07446e-06 -1.41326e-06 0.00338716)
(1.19024e-06 -1.50644e-06 0.00338693)
(1.25217e-06 -1.57866e-06 0.00338658)
(8.39271e-07 -1.03321e-06 0.00338463)
(9.68872e-07 -1.14059e-06 0.00338686)
(1.0973e-06 -1.25063e-06 0.00338704)
(1.17854e-06 -1.33731e-06 0.00338681)
(7.25033e-07 -1.10284e-06 0.0033862)
(8.09436e-07 -1.16199e-06 0.0033861)
(8.64315e-07 -1.20471e-06 0.00338581)
(8.79167e-07 -1.2316e-06 0.00338549)
(6.81132e-07 -9.99423e-07 0.00338647)
(7.56005e-07 -1.06602e-06 0.00338649)
(8.24106e-07 -1.11852e-06 0.00338623)
(8.54467e-07 -1.15597e-06 0.00338592)
(6.22094e-07 -8.58887e-07 0.0033863)
(6.94555e-07 -9.29137e-07 0.00338674)
(7.73458e-07 -9.89614e-07 0.00338658)
(8.18206e-07 -1.03641e-06 0.0033863)
(5.39708e-07 -6.81991e-07 0.00338407)
(6.26003e-07 -7.51673e-07 0.00338637)
(7.13122e-07 -8.23261e-07 0.00338661)
(7.70377e-07 -8.79654e-07 0.00338645)
(4.11825e-07 -6.22489e-07 0.003386)
(4.60855e-07 -6.55792e-07 0.00338595)
(4.93493e-07 -6.79746e-07 0.00338571)
(5.03629e-07 -6.94779e-07 0.00338544)
(3.87159e-07 -5.64569e-07 0.00338621)
(4.30769e-07 -6.02145e-07 0.00338628)
(4.7092e-07 -6.3174e-07 0.00338607)
(4.89789e-07 -6.5281e-07 0.00338581)
(3.53891e-07 -4.85553e-07 0.003386)
(3.96066e-07 -5.25205e-07 0.00338647)
(4.42301e-07 -5.59425e-07 0.00338636)
(4.69273e-07 -5.85941e-07 0.00338613)
(3.07392e-07 -3.85909e-07 0.00338373)
(3.57304e-07 -4.25168e-07 0.00338606)
(4.08067e-07 -4.65783e-07 0.00338635)
(4.42032e-07 -4.97857e-07 0.00338623)
(1.90724e-07 -2.14367e-07 0.00338589)
(2.14319e-07 -2.26293e-07 0.00338587)
(2.30049e-07 -2.3486e-07 0.00338566)
(2.3545e-07 -2.40346e-07 0.00338542)
(1.81571e-07 -1.91061e-07 0.00338607)
(2.03156e-07 -2.05292e-07 0.00338617)
(2.21515e-07 -2.16651e-07 0.00338598)
(2.29954e-07 -2.2505e-07 0.00338575)
(1.68599e-07 -1.60641e-07 0.00338584)
(1.89596e-07 -1.76325e-07 0.00338634)
(2.10018e-07 -1.90101e-07 0.00338625)
(2.21242e-07 -2.01175e-07 0.00338604)
(1.50046e-07 -1.23773e-07 0.00338355)
(1.73855e-07 -1.39709e-07 0.0033859)
(1.95675e-07 -1.56516e-07 0.00338622)
(2.09262e-07 -1.70171e-07 0.00338612)
(0.000816945 4.98525e-05 -0.000128049)
(-0.000975117 -0.00231986 0.00175927)
(-0.0127218 0.0160934 -0.00377309)
(-0.0152846 0.00469568 -0.00572121)
(0.000207124 -0.00248558 0.000326128)
(0.00889954 -0.0145906 -0.00831408)
(-0.0140051 0.00887576 0.000507803)
(-0.0133519 0.0125222 -0.00478067)
(-0.00312264 0.00506097 0.00155311)
(-0.00433068 0.000939455 0.00466677)
(-0.010043 0.0167675 0.00917614)
(-0.0231306 -0.00443809 -0.00992529)
(-0.00209846 -0.000974497 0.00238112)
(0.00877747 0.00445896 0.00745405)
(9.22408e-05 0.00559058 0.00866621)
(0.00184121 0.00123588 0.00429213)
(-0.000336405 -0.000423578 0.00512261)
(0.00182372 -0.00102795 0.0228562)
(0.00262096 -0.00163305 -0.00196024)
(0.00059319 3.16457e-05 -0.0122534)
(-0.000513936 -0.00105423 0.00825242)
(-0.000421248 -0.0018368 0.0148829)
(0.000882682 -0.0034577 0.0239236)
(0.0027924 -0.00252053 -0.00107211)
(-0.00107458 -0.000473139 0.00299948)
(-0.00196472 -0.00113627 0.00820406)
(0.00029529 4.85296e-05 0.0173578)
(0.0024635 -0.00259018 0.00620342)
(-0.00110432 -0.000889547 0.00213211)
(-0.000374186 -0.000123387 0.00881846)
(0.000979425 0.000322426 0.013426)
(0.00417152 -0.000605911 0.0077105)
(-0.000118874 -0.00025936 0.00414181)
(0.00163731 -0.000914255 0.00611394)
(0.00331274 -0.00151746 0.00225314)
(0.00241339 -0.00068817 -0.00162525)
(-0.000725887 -7.77661e-05 0.00368154)
(0.000242758 -0.000710605 0.00551253)
(0.00259995 -0.00189965 0.00697533)
(0.00307349 -0.00183831 0.00122729)
(-0.000904308 -0.000208348 0.00304687)
(-0.000593132 -0.000586023 0.00478114)
(0.00174299 -0.000938895 0.00759627)
(0.0029231 -0.00147764 0.00352729)
(-0.000825927 -0.000476189 0.0028677)
(-0.000703775 -0.000461171 0.00476322)
(0.00124176 -0.000124241 0.0073487)
(0.00271215 -0.000381781 0.00462788)
(0.000216392 -0.000177582 0.00421285)
(0.000978926 -0.000515854 0.00441933)
(0.00174229 -0.000786884 0.00336381)
(0.00136372 -0.000480768 0.00182636)
(-0.000116592 -8.3579e-05 0.00401929)
(0.000400017 -0.000392826 0.00458423)
(0.00148551 -0.000854235 0.00447581)
(0.00160103 -0.000844497 0.00263776)
(-0.000256519 -9.90406e-05 0.00377567)
(2.37275e-06 -0.000281325 0.00450148)
(0.00108621 -0.00048361 0.00498843)
(0.00152568 -0.000649939 0.00337788)
(-0.000265286 -0.000160559 0.00358751)
(-0.000171595 -0.000175 0.00444484)
(0.00078892 -4.63564e-05 0.0050983)
(0.00137113 -0.000147851 0.00378227)
(0.00028834 -0.00011475 0.00389543)
(0.000586571 -0.00026081 0.00388186)
(0.000845603 -0.000367425 0.00345301)
(0.000680318 -0.000276434 0.00283027)
(0.000124382 -5.80252e-05 0.00384998)
(0.000364748 -0.000203396 0.00401467)
(0.000756697 -0.000368167 0.00385141)
(0.000757807 -0.000366709 0.00312321)
(2.35109e-05 -3.61639e-05 0.00374423)
(0.00018298 -0.000128471 0.0040143)
(0.000604012 -0.000216714 0.00406718)
(0.000733172 -0.000269178 0.0033893)
(-1.87203e-05 -2.30848e-05 0.00361702)
(7.12708e-05 -3.21034e-05 0.00394274)
(0.000472905 9.1146e-07 0.00409051)
(0.000675406 -5.08229e-05 0.00348627)
(0.000235258 -7.2615e-05 0.00371119)
(0.000355761 -0.000135216 0.00365344)
(0.000433973 -0.000180383 0.00345391)
(0.000352049 -0.000159573 0.00318827)
(0.000153079 -3.45071e-05 0.00370211)
(0.000266594 -0.00010014 0.00372447)
(0.000400056 -0.000163073 0.00360792)
(0.00037472 -0.000166447 0.00330286)
(8.98029e-05 -7.08762e-06 0.00364187)
(0.00018078 -5.16026e-05 0.00372322)
(0.000339821 -9.29715e-05 0.00368654)
(0.000365591 -0.000113538 0.00339068)
(5.1935e-05 2.15361e-05 0.00354188)
(0.000116838 1.57393e-05 0.00364777)
(0.000281025 1.57997e-05 0.00365098)
(0.000343906 -1.62587e-05 0.00337096)
(0.000165497 -4.76548e-05 0.00360074)
(0.000218913 -7.50942e-05 0.00355088)
(0.000240336 -9.77395e-05 0.00344913)
(0.000194891 -9.65349e-05 0.0033274)
(0.000122516 -2.06646e-05 0.00359494)
(0.000178437 -4.95948e-05 0.00358338)
(0.000224103 -7.78485e-05 0.00350954)
(0.000200268 -8.36729e-05 0.00337322)
(8.50226e-05 2.61813e-06 0.0035455)
(0.000135474 -1.77979e-05 0.00356668)
(0.000196394 -3.93511e-05 0.0035256)
(0.000194435 -5.16946e-05 0.00338988)
(5.85018e-05 2.87333e-05 0.00345372)
(9.99289e-05 2.49899e-05 0.00348372)
(0.000167927 1.67872e-05 0.00345873)
(0.00018422 -4.71077e-06 0.00332568)
(0.000110187 -3.2944e-05 0.00353086)
(0.000136336 -4.54347e-05 0.00349775)
(0.000140996 -5.82603e-05 0.00344203)
(0.000115005 -6.16619e-05 0.00338122)
(8.64845e-05 -1.36817e-05 0.00352095)
(0.000115665 -2.65245e-05 0.00350908)
(0.000131623 -4.11538e-05 0.00346535)
(0.000114939 -4.70289e-05 0.00339932)
(6.42268e-05 3.91322e-06 0.00347216)
(9.25852e-05 -5.34597e-06 0.00347998)
(0.000116828 -1.75823e-05 0.00345283)
(0.000110237 -2.63767e-05 0.00338775)
(4.69366e-05 2.39857e-05 0.0033826)
(7.24596e-05 2.16244e-05 0.00339148)
(0.000101781 1.32359e-05 0.00337084)
(0.000104253 -1.23961e-06 0.00330639)
(7.17278e-05 -2.39459e-05 0.00348436)
(8.59804e-05 -2.99033e-05 0.00346519)
(8.63947e-05 -3.7699e-05 0.00343363)
(7.16976e-05 -4.15117e-05 0.003401)
(5.79171e-05 -1.01882e-05 0.00347011)
(7.43012e-05 -1.60229e-05 0.00346525)
(8.03259e-05 -2.43706e-05 0.00344088)
(7.00665e-05 -2.92745e-05 0.00340689)
(4.44009e-05 2.54282e-06 0.00341991)
(6.09976e-05 -1.65257e-06 0.00342887)
(7.14982e-05 -8.98983e-06 0.0034155)
(6.62368e-05 -1.53364e-05 0.00338369)
(3.33596e-05 1.71156e-05 0.00333091)
(4.91697e-05 1.57526e-05 0.00333749)
(6.28537e-05 9.24245e-06 0.00332695)
(6.22569e-05 -4.07931e-07 0.0032958)
(4.63296e-05 -1.80771e-05 0.00345259)
(5.49665e-05 -2.10613e-05 0.00344318)
(5.48026e-05 -2.60115e-05 0.0034251)
(4.67444e-05 -2.91966e-05 0.00340658)
(3.78664e-05 -8.22715e-06 0.00343511)
(4.78026e-05 -1.09516e-05 0.00343717)
(5.06113e-05 -1.60195e-05 0.0034248)
(4.4875e-05 -1.97811e-05 0.00340664)
(2.94244e-05 8.58233e-07 0.00338349)
(3.96446e-05 -1.01406e-06 0.00339685)
(4.49274e-05 -5.53997e-06 0.00339353)
(4.18405e-05 -1.00434e-05 0.00337837)
(2.23724e-05 1.12625e-05 0.00329466)
(3.23996e-05 1.05975e-05 0.00330421)
(3.96015e-05 6.06134e-06 0.00330235)
(3.9026e-05 -3.31896e-07 0.0032881)
(2.99349e-05 -1.39598e-05 0.00343041)
(3.56512e-05 -1.55235e-05 0.00342742)
(3.5763e-05 -1.87609e-05 0.00341714)
(3.15542e-05 -2.11951e-05 0.00340619)
(2.45207e-05 -6.8758e-06 0.00341077)
(3.09769e-05 -8.17724e-06 0.00341806)
(3.27645e-05 -1.13777e-05 0.00341304)
(2.98791e-05 -1.41489e-05 0.00340325)
(1.90974e-05 -3.95508e-07 0.00335811)
(2.57174e-05 -1.18259e-06 0.00337562)
(2.89189e-05 -4.01156e-06 0.00337897)
(2.75313e-05 -7.16249e-06 0.00337264)
(1.45465e-05 7.03172e-06 0.00326942)
(2.11019e-05 6.81935e-06 0.00328256)
(2.54542e-05 3.82997e-06 0.00328686)
(2.54839e-05 -4.03265e-07 0.00328156)
(1.94424e-05 -1.08894e-05 0.00341468)
(2.34674e-05 -1.17396e-05 0.00341579)
(2.38927e-05 -1.39023e-05 0.00341015)
(2.18615e-05 -1.56994e-05 0.00340348)
(1.58558e-05 -5.76746e-06 0.00339363)
(2.0282e-05 -6.39507e-06 0.00340451)
(2.17068e-05 -8.46988e-06 0.00340399)
(2.04882e-05 -1.04728e-05 0.00339887)
(1.22806e-05 -1.12184e-06 0.00334029)
(1.67589e-05 -1.39633e-06 0.00336091)
(1.90212e-05 -3.17623e-06 0.00336852)
(1.87006e-05 -5.36551e-06 0.00336709)
(9.29898e-06 4.21326e-06 0.00325175)
(1.37163e-05 4.26758e-06 0.00326778)
(1.66749e-05 2.36105e-06 0.00327614)
(1.71913e-05 -4.53328e-07 0.00327582)
(1.27302e-05 -8.50824e-06 0.00340338)
(1.56726e-05 -8.98317e-06 0.00340708)
(1.62747e-05 -1.04515e-05 0.00340426)
(1.54339e-05 -1.17594e-05 0.00340013)
(1.02887e-05 -4.78615e-06 0.00338142)
(1.34379e-05 -5.08467e-06 0.00339464)
(1.46657e-05 -6.45526e-06 0.00339689)
(1.43549e-05 -7.89127e-06 0.00339452)
(7.87831e-06 -1.43354e-06 0.00332765)
(1.10104e-05 -1.46884e-06 0.00335038)
(1.27518e-05 -2.59347e-06 0.00336067)
(1.30077e-05 -4.11276e-06 0.00336209)
(5.89199e-06 2.42812e-06 0.00323926)
(8.9475e-06 2.61972e-06 0.00325732)
(1.11167e-05 1.42899e-06 0.00326828)
(1.18879e-05 -4.55405e-07 0.00327083)
(8.4164e-06 -6.62601e-06 0.00339518)
(1.06104e-05 -6.89597e-06 0.00340052)
(1.12618e-05 -7.90576e-06 0.00339944)
(1.10409e-05 -8.85224e-06 0.00339688)
(6.71974e-06 -3.90999e-06 0.00337262)
(9.01295e-06 -4.04447e-06 0.00338734)
(1.00718e-05 -4.96316e-06 0.00339133)
(1.02127e-05 -5.99016e-06 0.00339062)
(5.06416e-06 -1.47542e-06 0.00331858)
(7.30632e-06 -1.40578e-06 0.00334269)
(8.6905e-06 -2.11919e-06 0.00335466)
(9.20409e-06 -3.17605e-06 0.0033578)
(3.71908e-06 1.33871e-06 0.00323034)
(5.87666e-06 1.58455e-06 0.00324974)
(7.52824e-06 8.51471e-07 0.00326234)
(8.37104e-06 -4.21246e-07 0.00326661)
(5.62203e-06 -5.12978e-06 0.00338919)
(7.27198e-06 -5.28464e-06 0.00339557)
(7.89075e-06 -5.98622e-06 0.0033956)
(7.96863e-06 -6.66982e-06 0.00339404)
(4.42509e-06 -3.1422e-06 0.00336625)
(6.11674e-06 -3.19465e-06 0.00338191)
(7.00946e-06 -3.81781e-06 0.00338698)
(7.34199e-06 -4.55244e-06 0.00338733)
(3.27088e-06 -1.36575e-06 0.00331203)
(4.90017e-06 -1.25793e-06 0.00333701)
(6.00466e-06 -1.7125e-06 0.00335004)
(6.59044e-06 -2.45076e-06 0.00335425)
(2.34646e-06 6.95186e-07 0.00322391)
(3.8929e-06 9.46291e-07 0.00324417)
(5.16765e-06 4.99738e-07 0.0032578)
(5.9703e-06 -3.67771e-07 0.00326313)
(3.79357e-06 -3.94236e-06 0.0033848)
(5.03647e-06 -4.03141e-06 0.00339185)
(5.58105e-06 -4.52279e-06 0.00339258)
(5.78238e-06 -5.01627e-06 0.00339169)
(2.94026e-06 -2.48578e-06 0.00336159)
(4.19559e-06 -2.49814e-06 0.00337785)
(4.9287e-06 -2.92502e-06 0.00338362)
(5.31291e-06 -3.45113e-06 0.00338465)
(2.12643e-06 -1.18575e-06 0.00330726)
(3.32048e-06 -1.07244e-06 0.00333278)
(4.19473e-06 -1.36357e-06 0.00334648)
(4.75515e-06 -1.88169e-06 0.00335138)
(1.48315e-06 3.27774e-07 0.00321924)
(2.60248e-06 5.58232e-07 0.00324003)
(3.58711e-06 2.88529e-07 0.00325432)
(4.29401e-06 -3.07959e-07 0.00326032)
(2.58302e-06 -3.00429e-06 0.00338158)
(3.51684e-06 -3.05535e-06 0.00338905)
(3.97241e-06 -3.40151e-06 0.00339025)
(4.20575e-06 -3.75753e-06 0.0033898)
(1.97075e-06 -1.93721e-06 0.00335819)
(2.90319e-06 -1.93123e-06 0.00337483)
(3.49067e-06 -2.22599e-06 0.00338104)
(3.8568e-06 -2.60307e-06 0.00338252)
(1.39247e-06 -9.85191e-07 0.00330378)
(2.27055e-06 -8.81469e-07 0.00332964)
(2.9539e-06 -1.069e-06 0.00334376)
(3.44462e-06 -1.43405e-06 0.00334911)
(9.4055e-07 1.26686e-07 0.00321584)
(1.755e-06 3.25068e-07 0.00323696)
(2.51109e-06 1.63386e-07 0.00325166)
(3.10264e-06 -2.4979e-07 0.00325811)
(1.7708e-06 -2.26655e-06 0.00337922)
(2.46808e-06 -2.29562e-06 0.00338697)
(2.83514e-06 -2.5402e-06 0.00338847)
(3.05599e-06 -2.79653e-06 0.00338833)
(1.33046e-06 -1.48701e-06 0.0033557)
(2.0208e-06 -1.47396e-06 0.00337258)
(2.48107e-06 -1.67859e-06 0.00337908)
(2.79871e-06 -1.94864e-06 0.00338087)
(9.18e-07 -7.91393e-07 0.00330124)
(1.56304e-06 -7.03198e-07 0.0033273)
(2.08932e-06 -8.24692e-07 0.0033417)
(2.49582e-06 -1.08243e-06 0.00334736)
(5.98699e-07 2.32395e-08 0.00321336)
(1.19179e-06 1.86528e-07 0.00323468)
(1.76668e-06 9.02917e-08 0.00324964)
(2.24347e-06 -1.97328e-07 0.00325638)
(1.21728e-06 -1.68765e-06 0.0033775)
(1.73256e-06 -1.70402e-06 0.00338543)
(2.01902e-06 -1.87659e-06 0.00338713)
(2.20825e-06 -2.06015e-06 0.0033872)
(9.0153e-07 -1.12201e-06 0.00335389)
(1.40849e-06 -1.10761e-06 0.00337091)
(1.761e-06 -1.24984e-06 0.00337761)
(2.02054e-06 -1.44241e-06 0.00337961)
(6.07786e-07 -6.17075e-07 0.00329939)
(1.07867e-06 -5.45765e-07 0.00332558)
(1.47693e-06 -6.24809e-07 0.00334016)
(1.79994e-06 -8.06469e-07 0.00334602)
(3.82108e-07 -2.44201e-08 0.00321155)
(8.12018e-07 1.05161e-07 0.003233)
(1.24306e-06 4.8315e-08 0.00324813)
(1.61535e-06 -1.5205e-07 0.00325507)
(8.3276e-07 -1.23227e-06 0.00337625)
(1.20689e-06 -1.24137e-06 0.0033843)
(1.42323e-06 -1.36205e-06 0.00338615)
(1.57477e-06 -1.49189e-06 0.00338636)
(6.08851e-07 -8.27566e-07 0.00335258)
(9.75303e-07 -8.14545e-07 0.0033697)
(1.23811e-06 -9.1279e-07 0.00337652)
(1.44008e-06 -1.04857e-06 0.00337867)
(4.01695e-07 -4.6614e-07 0.00329805)
(7.4056e-07 -4.10958e-07 0.00332432)
(1.03499e-06 -4.62352e-07 0.00333901)
(1.28191e-06 -5.8924e-07 0.00334502)
(2.43478e-07 -4.11922e-08 0.00321025)
(5.51124e-07 5.79676e-08 0.00323177)
(8.67676e-07 2.47244e-08 0.00324701)
(1.149e-06 -1.13898e-07 0.00325409)
(5.5869e-07 -8.70416e-07 0.00337537)
(8.21843e-07 -8.75379e-07 0.0033835)
(9.78322e-07 -9.57803e-07 0.00338543)
(1.09221e-06 -1.04725e-06 0.00338575)
(4.04008e-07 -5.88956e-07 0.00335165)
(6.60958e-07 -5.78504e-07 0.00336883)
(8.49387e-07 -6.44962e-07 0.00337574)
(9.9845e-07 -7.38261e-07 0.00337799)
(2.61513e-07 -3.37525e-07 0.00329711)
(4.98354e-07 -2.9693e-07 0.00332343)
(7.08222e-07 -3.2991e-07 0.00333819)
(8.88349e-07 -4.16462e-07 0.00334429)
(1.53154e-07 -4.15154e-08 0.00320933)
(3.67233e-07 3.09576e-08 0.00323089)
(5.91822e-07 1.18559e-08 0.00324621)
(7.95466e-07 -8.19875e-08 0.00325338)
(3.56383e-07 -5.76379e-07 0.00337477)
(5.3013e-07 -5.79e-07 0.00338295)
(6.35445e-07 -6.32267e-07 0.00338495)
(7.14014e-07 -6.90407e-07 0.00338533)
(2.5554e-07 -3.92054e-07 0.00335102)
(4.24854e-07 -3.84582e-07 0.00336824)
(5.50938e-07 -4.2724e-07 0.0033752)
(6.52609e-07 -4.87789e-07 0.00337751)
(1.62912e-07 -2.27394e-07 0.00329647)
(3.18634e-07 -1.99775e-07 0.00332281)
(4.58525e-07 -2.20066e-07 0.00333763)
(5.80472e-07 -2.7593e-07 0.00334379)
(9.26339e-08 -3.33385e-08 0.00320871)
(2.32938e-07 1.5804e-08 0.0032303)
(3.82193e-07 5.22101e-09 0.00324565)
(5.19387e-07 -5.50143e-08 0.00325288)
(2.03435e-07 -3.26435e-07 0.0033744)
(3.02926e-07 -3.27796e-07 0.0033826)
(3.63864e-07 -3.58077e-07 0.00338464)
(4.09876e-07 -3.9122e-07 0.00338506)
(1.45951e-07 -2.21986e-07 0.00335063)
(2.42882e-07 -2.17743e-07 0.00336787)
(3.15601e-07 -2.42081e-07 0.00337486)
(3.74763e-07 -2.7668e-07 0.00337722)
(9.31054e-08 -1.28935e-07 0.00329607)
(1.82218e-07 -1.13165e-07 0.00332243)
(2.62739e-07 -1.24695e-07 0.00333727)
(3.33393e-07 -1.56625e-07 0.00334348)
(5.26804e-08 -1.90822e-08 0.00320832)
(1.32883e-07 9.033e-09 0.00322992)
(2.18693e-07 3.18803e-09 0.00324531)
(2.97987e-07 -3.11463e-08 0.00325257)
(1.10129e-07 -1.01224e-07 0.00337421)
(1.51413e-07 -1.03579e-07 0.00338243)
(1.77005e-07 -1.17337e-07 0.00338449)
(1.95065e-07 -1.32501e-07 0.00338493)
(8.50806e-08 -6.32951e-08 0.00335044)
(1.26081e-07 -6.36075e-08 0.00336769)
(1.56415e-07 -7.58505e-08 0.0033747)
(1.79404e-07 -9.24979e-08 0.00337707)
(6.1074e-08 -2.9363e-08 0.00329587)
(9.96123e-08 -2.5868e-08 0.00332224)
(1.33143e-07 -3.41199e-08 0.0033371)
(1.60406e-07 -5.07944e-08 0.00334332)
(4.18421e-08 1.03007e-08 0.00320812)
(7.6835e-08 1.76094e-08 0.00322973)
(1.1222e-07 1.08296e-08 0.00324513)
(1.42582e-07 -7.29922e-09 0.00325242)
(-0.00421909 0.000683943 0.000980165)
(-0.00735206 0.00263359 0.0035195)
(-0.00222116 0.0248051 0.0106312)
(0.000205229 -0.00314545 0.00113331)
(-0.00403194 -0.0119079 -0.00119037)
(-0.00545538 -0.0017346 -9.50316e-05)
(-0.00345489 0.00492009 0.00450545)
(-0.00501163 -0.00522731 0.00657517)
(0.0108298 0.00806674 -0.00552421)
(0.00218831 0.000304493 -0.000726071)
(0.00012877 -0.000395158 0.00058142)
(-0.00311844 -0.0038459 0.00296855)
(0.003003 0.000895806 0.000716987)
(0.0060807 0.00106383 0.000419685)
(-0.00783921 0.0027246 -0.000748218)
(0.000695103 0.000402001 -0.000209227)
(-0.00101454 -8.28208e-05 0.00696976)
(-0.00218272 0.000589364 0.0134468)
(0.00120232 0.00284871 0.0239659)
(0.00401707 -0.00184417 0.0157303)
(-0.000592662 0.000556047 0.00634703)
(-0.00147794 0.00203522 0.0110874)
(0.000327043 0.00312628 0.0152335)
(0.00182455 -0.000440294 0.0154434)
(0.000596228 0.00183258 0.00242692)
(-0.000269111 0.0021229 0.00573699)
(0.000312261 0.00241871 0.00919562)
(0.000866714 0.000753964 0.013755)
(0.000414256 0.000196532 0.000711949)
(0.000971812 0.000506548 0.000260471)
(0.000659302 0.000804733 0.000580436)
(0.000510949 0.000671367 0.0105277)
(-0.000272436 -0.000166233 0.00476321)
(-0.000506259 -0.000206722 0.00636451)
(0.00084318 -0.000286495 0.00849391)
(0.00232487 -0.00104526 0.00614475)
(-1.63738e-05 0.000834217 0.00412134)
(-0.000284484 0.00115045 0.0053075)
(0.000499629 0.00114464 0.00650477)
(0.00163803 5.67934e-05 0.00605482)
(0.000277644 0.00115248 0.00265916)
(-3.89453e-05 0.00148712 0.00351276)
(0.000202828 0.00154122 0.00441906)
(0.000870915 0.000818847 0.00511074)
(6.27055e-05 0.000308176 0.00221747)
(-0.000131194 0.00054716 0.00227597)
(-0.000250844 0.000676273 0.00248582)
(-3.92352e-05 0.000434773 0.00335883)
(-5.42933e-05 -0.000196619 0.00457379)
(-1.02486e-05 -0.00025982 0.00504638)
(0.0005656 -0.000336262 0.00542935)
(0.00122699 -0.000538476 0.00480185)
(5.74301e-05 0.000377249 0.00430681)
(7.54883e-05 0.000437658 0.00469041)
(0.000458287 0.000358768 0.00503258)
(0.000996087 -1.54402e-05 0.00482598)
(0.000184115 0.000554671 0.00364703)
(0.000132887 0.000663984 0.00397151)
(0.000301266 0.000628659 0.00431747)
(0.000656952 0.000332546 0.00449005)
(8.11672e-05 0.000199493 0.00322664)
(2.54931e-05 0.000281778 0.00340649)
(4.88057e-05 0.000305613 0.00366124)
(0.000221897 0.00019072 0.00395477)
(1.96143e-05 -0.000168038 0.00413125)
(0.000125932 -0.000203336 0.00433642)
(0.000382828 -0.000238102 0.0044155)
(0.00066498 -0.000295148 0.00415837)
(6.23781e-05 0.000126785 0.004028)
(0.000149629 0.000117243 0.00421431)
(0.000345656 5.81101e-05 0.00430704)
(0.000586218 -8.11174e-05 0.00418368)
(0.000121332 0.000239068 0.00371986)
(0.000159322 0.000245795 0.00389474)
(0.000273702 0.000198373 0.00402599)
(0.000450626 6.90056e-05 0.00405426)
(8.70844e-05 0.000119992 0.00348708)
(0.000102126 0.000127031 0.00362288)
(0.000163591 0.000109679 0.00375101)
(0.000273526 4.29097e-05 0.00385081)
(3.06559e-05 -0.000123197 0.00381633)
(0.000124153 -0.00014504 0.00392988)
(0.000253763 -0.00016451 0.00393906)
(0.000384574 -0.000182956 0.00381463)
(4.62794e-05 2.8753e-05 0.00378147)
(0.000127482 5.97412e-06 0.00389373)
(0.000237511 -3.2294e-05 0.00391706)
(0.000353925 -9.07252e-05 0.00383757)
(7.57326e-05 0.000100643 0.00363932)
(0.000127549 8.11948e-05 0.00375414)
(0.000204662 4.37974e-05 0.00380938)
(0.000296078 -1.9082e-05 0.00379541)
(7.29963e-05 7.26595e-05 0.00351178)
(0.000104223 5.72635e-05 0.003618)
(0.000157668 3.38688e-05 0.00369018)
(0.000221372 -7.87827e-06 0.00372042)
(2.47748e-05 -8.68652e-05 0.00361569)
(9.22118e-05 -0.000102197 0.00370443)
(0.000165989 -0.000114706 0.00370642)
(0.000234182 -0.000124376 0.00363999)
(3.00618e-05 -5.52215e-06 0.00360507)
(9.03922e-05 -2.60629e-05 0.00369609)
(0.000156821 -5.02861e-05 0.00370866)
(0.000218645 -7.91963e-05 0.0036591)
(4.61765e-05 4.1261e-05 0.00353508)
(8.95051e-05 2.01572e-05 0.00363095)
(0.000140677 -5.83093e-06 0.00366603)
(0.000190678 -3.98704e-05 0.00364849)
(5.39152e-05 4.39953e-05 0.00345905)
(8.23228e-05 2.57481e-05 0.00355281)
(0.000120433 6.22326e-06 0.00360668)
(0.00015643 -2.05369e-05 0.00361938)
(1.72889e-05 -6.14756e-05 0.00348921)
(6.30358e-05 -7.28515e-05 0.00357386)
(0.000108096 -8.17812e-05 0.00358289)
(0.000146886 -8.87113e-05 0.00354575)
(1.85209e-05 -1.5501e-05 0.00348612)
(6.00215e-05 -3.13151e-05 0.00357323)
(0.000101773 -4.70992e-05 0.00358984)
(0.000137049 -6.36092e-05 0.00356073)
(2.78196e-05 1.54484e-05 0.00344723)
(5.92768e-05 -1.69224e-06 0.00353827)
(9.29612e-05 -1.93229e-05 0.00357123)
(0.000121666 -3.94739e-05 0.00356044)
(3.69561e-05 2.62443e-05 0.00339651)
(5.82943e-05 1.08356e-05 0.00348593)
(8.39584e-05 -3.62037e-06 0.0035355)
(0.00010458 -2.11706e-05 0.00354689)
(1.14464e-05 -4.41529e-05 0.00340854)
(4.18465e-05 -5.27171e-05 0.00349401)
(7.04067e-05 -5.93856e-05 0.00351067)
(9.38013e-05 -6.47583e-05 0.00349031)
(1.11e-05 -1.66825e-05 0.00340699)
(3.87817e-05 -2.83148e-05 0.00349463)
(6.5619e-05 -3.89589e-05 0.00351722)
(8.68221e-05 -4.93756e-05 0.00350173)
(1.65814e-05 4.11571e-06 0.00338166)
(3.8125e-05 -8.68934e-06 0.00347214)
(6.02727e-05 -2.06999e-05 0.00350755)
(7.74112e-05 -3.34459e-05 0.00350422)
(2.41896e-05 1.52298e-05 0.00334399)
(3.90251e-05 3.49219e-06 0.00343218)
(5.60191e-05 -6.79778e-06 0.00348192)
(6.81277e-05 -1.85436e-05 0.00349588)
(7.41087e-06 -3.21701e-05 0.0033564)
(2.75014e-05 -3.86119e-05 0.0034434)
(4.60038e-05 -4.36288e-05 0.0034658)
(6.06981e-05 -4.77925e-05 0.0034557)
(6.51177e-06 -1.49547e-05 0.00335447)
(2.4775e-05 -2.33945e-05 0.00344337)
(4.22957e-05 -3.07568e-05 0.00347086)
(5.55374e-05 -3.77367e-05 0.0034643)
(9.7466e-06 -7.91792e-07 0.00333515)
(2.41396e-05 -1.00819e-05 0.00342611)
(3.87674e-05 -1.83535e-05 0.00346443)
(4.93361e-05 -2.67867e-05 0.00346696)
(1.53488e-05 8.45101e-06 0.00330452)
(2.53354e-05 -1.50313e-07 0.0033925)
(3.65868e-05 -7.39369e-06 0.00344342)
(4.38809e-05 -1.53894e-05 0.00346023)
(4.75247e-06 -2.369e-05 0.00332225)
(1.80488e-05 -2.85128e-05 0.00341053)
(3.0221e-05 -3.22688e-05 0.00343686)
(3.97271e-05 -3.54454e-05 0.0034332)
(3.73436e-06 -1.25024e-05 0.00331945)
(1.57718e-05 -1.86094e-05 0.00340941)
(2.73602e-05 -2.37877e-05 0.00344037)
(3.58744e-05 -2.86235e-05 0.00343959)
(5.62037e-06 -2.75151e-06 0.00330282)
(1.5158e-05 -9.43248e-06 0.00339434)
(2.48993e-05 -1.51955e-05 0.00343499)
(3.15967e-05 -2.09421e-05 0.00344164)
(9.51862e-06 4.36522e-06 0.00327614)
(1.61692e-05 -1.85621e-06 0.00336415)
(2.3677e-05 -6.9596e-06 0.0034162)
(2.81804e-05 -1.24818e-05 0.00343525)
(3.03776e-06 -1.7562e-05 0.0032996)
(1.18824e-05 -2.11564e-05 0.00338878)
(1.99921e-05 -2.39503e-05 0.00341772)
(2.62828e-05 -2.63386e-05 0.00341814)
(2.07993e-06 -1.01016e-05 0.00329591)
(1.00488e-05 -1.4526e-05 0.00338662)
(1.78071e-05 -1.82083e-05 0.0034199)
(2.34099e-05 -2.16197e-05 0.00342284)
(3.15473e-06 -3.32666e-06 0.00328047)
(9.48049e-06 -8.12937e-06 0.00337242)
(1.60355e-05 -1.21868e-05 0.0034147)
(2.03808e-05 -1.61793e-05 0.00342413)
(5.794e-06 1.97908e-06 0.00325607)
(1.02255e-05 -2.5123e-06 0.00334411)
(1.5293e-05 -6.12876e-06 0.00339701)
(1.81388e-05 -9.99e-06 0.00341763)
(1.94229e-06 -1.30648e-05 0.00328442)
(7.86734e-06 -1.57342e-05 0.0033742)
(1.33326e-05 -1.78016e-05 0.00340484)
(1.75719e-05 -1.95782e-05 0.00340788)
(1.11076e-06 -8.00014e-06 0.00327995)
(6.42487e-06 -1.1213e-05 0.00337114)
(1.16797e-05 -1.3851e-05 0.00340594)
(1.54377e-05 -1.62819e-05 0.00341128)
(1.70231e-06 -3.25623e-06 0.00326501)
(5.92262e-06 -6.71841e-06 0.00335722)
(1.03834e-05 -9.60047e-06 0.0034006)
(1.32611e-05 -1.24108e-05 0.00341186)
(3.46763e-06 6.46603e-07 0.00324192)
(6.44023e-06 -2.6041e-06 0.00332996)
(9.9039e-06 -5.18533e-06 0.00338344)
(1.17415e-05 -7.91347e-06 0.00340512)
(1.24508e-06 -9.73107e-06 0.00327414)
(5.24642e-06 -1.17082e-05 0.00336432)
(8.96879e-06 -1.32323e-05 0.00339605)
(1.18687e-05 -1.45443e-05 0.00340078)
(5.54756e-07 -6.24939e-06 0.00326903)
(4.1296e-06 -8.58793e-06 0.00336052)
(7.72798e-06 -1.04876e-05 0.00339631)
(1.02892e-05 -1.22304e-05 0.0034032)
(8.63354e-07 -2.90561e-06 0.00325425)
(3.70294e-06 -5.41046e-06 0.00334661)
(6.77248e-06 -7.47237e-06 0.00339072)
(8.71257e-06 -9.46885e-06 0.00340317)
(2.0401e-06 -4.89216e-08 0.00323192)
(4.05326e-06 -2.41064e-06 0.00331993)
(6.4496e-06 -4.2656e-06 0.00337379)
(7.65983e-06 -6.20959e-06 0.00339617)
(8.01522e-07 -7.24491e-06 0.00326713)
(3.52629e-06 -8.70602e-06 0.00335756)
(6.08628e-06 -9.82665e-06 0.00339)
(8.0945e-06 -1.07909e-05 0.00339583)
(2.44746e-07 -4.82967e-06 0.00326149)
(2.67168e-06 -6.53487e-06 0.00335317)
(5.16039e-06 -7.90777e-06 0.0033896)
(6.92921e-06 -9.16202e-06 0.0033975)
(3.91795e-07 -2.45974e-06 0.00324672)
(2.32049e-06 -4.27782e-06 0.00333916)
(4.45424e-06 -5.76114e-06 0.00338375)
(5.78219e-06 -7.1887e-06 0.00339698)
(1.17753e-06 -3.71614e-07 0.00322482)
(2.55524e-06 -2.09335e-06 0.00331277)
(4.23112e-06 -3.43391e-06 0.00336689)
(5.0423e-06 -4.82826e-06 0.00338973)
(5.18749e-07 -5.38441e-06 0.0032623)
(2.38894e-06 -6.4617e-06 0.00335289)
(4.1645e-06 -7.28379e-06 0.0033858)
(5.56884e-06 -7.98996e-06 0.00339234)
(7.90087e-08 -3.69784e-06 0.00325626)
(1.74109e-06 -4.94231e-06 0.00334804)
(3.47707e-06 -5.93671e-06 0.00338489)
(4.71166e-06 -6.84137e-06 0.00339345)
(1.3706e-07 -2.01089e-06 0.00324142)
(1.45922e-06 -3.33339e-06 0.0033339)
(2.95529e-06 -4.4045e-06 0.00337879)
(3.87555e-06 -5.42974e-06 0.00339255)
(6.64049e-07 -4.85051e-07 0.00321974)
(1.6163e-06 -1.743e-06 0.00330765)
(2.79873e-06 -2.71556e-06 0.00336192)
(3.35067e-06 -3.7203e-06 0.00338508)
(3.37728e-07 -3.98886e-06 0.00325896)
(1.63008e-06 -4.78083e-06 0.00334965)
(2.86984e-06 -5.38228e-06 0.00338287)
(3.85885e-06 -5.8977e-06 0.00338988)
(-3.74346e-09 -2.80582e-06 0.00325259)
(1.14311e-06 -3.71361e-06 0.00334444)
(2.36197e-06 -4.43425e-06 0.00338156)
(3.23036e-06 -5.08721e-06 0.00339056)
(7.87623e-09 -1.60182e-06 0.00323766)
(9.21506e-07 -2.56436e-06 0.00333016)
(1.97725e-06 -3.33918e-06 0.00337525)
(2.62095e-06 -4.07715e-06 0.00338935)
(3.63266e-07 -4.87809e-07 0.0032161)
(1.0269e-06 -1.40722e-06 0.00330397)
(1.86648e-06 -2.11399e-06 0.00335834)
(2.2466e-06 -2.83972e-06 0.00338171)
(2.21099e-07 -2.93944e-06 0.00325664)
(1.11824e-06 -3.51898e-06 0.00334739)
(1.98738e-06 -3.95717e-06 0.00338081)
(2.6865e-06 -4.33169e-06 0.00338814)
(-3.99766e-08 -2.10799e-06 0.00325002)
(7.55454e-07 -2.7684e-06 0.00334191)
(1.61442e-06 -3.28972e-06 0.00337921)
(2.22782e-06 -3.76025e-06 0.00338849)
(-5.0392e-08 -1.24846e-06 0.003235)
(5.8442e-07 -1.94769e-06 0.0033275)
(1.33199e-06 -2.50765e-06 0.00337272)
(1.78477e-06 -3.03861e-06 0.00338706)
(1.90424e-07 -4.37348e-07 0.00321348)
(6.55414e-07 -1.10779e-06 0.00330131)
(1.2534e-06 -1.62076e-06 0.00335576)
(1.51739e-06 -2.14472e-06 0.00337927)
(1.45252e-07 -2.14695e-06 0.00325502)
(7.68407e-07 -2.56768e-06 0.00334582)
(1.37755e-06 -2.88454e-06 0.00337937)
(1.87126e-06 -3.15463e-06 0.00338691)
(-5.1027e-08 -1.56377e-06 0.00324821)
(5.01235e-07 -2.0411e-06 0.00334012)
(1.1061e-06 -2.41608e-06 0.00337754)
(1.53911e-06 -2.75331e-06 0.00338702)
(-6.99002e-08 -9.52449e-07 0.0032331)
(3.71698e-07 -1.45741e-06 0.0033256)
(9.0042e-07 -1.86e-06 0.00337092)
(1.21907e-06 -2.24025e-06 0.00338541)
(9.35879e-08 -3.65696e-07 0.0032116)
(4.19604e-07 -8.5143e-07 0.0032994)
(8.44767e-07 -1.22168e-06 0.00335389)
(1.02869e-06 -1.59814e-06 0.0033775)
(9.5249e-08 -1.54362e-06 0.00325389)
(5.25198e-07 -1.84458e-06 0.00334472)
(9.48771e-07 -2.07046e-06 0.00337836)
(1.29432e-06 -2.26251e-06 0.00338604)
(-4.90861e-08 -1.13827e-06 0.00324694)
(3.31883e-07 -1.47862e-06 0.00333886)
(7.54216e-07 -1.74488e-06 0.00337636)
(1.05724e-06 -1.98356e-06 0.00338598)
(-6.91399e-08 -7.08234e-07 0.00323176)
(2.36054e-07 -1.06812e-06 0.00332426)
(6.06624e-07 -1.35394e-06 0.00336963)
(8.29147e-07 -1.62301e-06 0.00338423)
(4.13279e-08 -2.89529e-07 0.00321026)
(2.6822e-07 -6.36603e-07 0.00329803)
(5.67574e-07 -9.00376e-07 0.00335256)
(6.95027e-07 -1.16753e-06 0.00337624)
(6.15945e-08 -1.07728e-06 0.00325312)
(3.5205e-07 -1.28647e-06 0.00334396)
(6.4e-07 -1.44302e-06 0.00337766)
(8.76146e-07 -1.57581e-06 0.00338544)
(-4.08824e-08 -8.02001e-07 0.00324607)
(2.16477e-07 -1.03802e-06 0.003338)
(5.04567e-07 -1.22201e-06 0.00337555)
(7.11652e-07 -1.38649e-06 0.00338525)
(-5.84039e-08 -5.07032e-07 0.00323083)
(1.48092e-07 -7.56558e-07 0.00332332)
(4.01668e-07 -9.54079e-07 0.00336874)
(5.53523e-07 -1.13951e-06 0.00338341)
(1.48517e-08 -2.16496e-07 0.00320932)
(1.69261e-07 -4.57596e-07 0.00329708)
(3.74882e-07 -6.40403e-07 0.00335162)
(4.61357e-07 -8.24969e-07 0.00337534)
(3.82626e-08 -7.07011e-07 0.00325261)
(2.24537e-07 -8.4392e-07 0.00334346)
(4.09907e-07 -9.46107e-07 0.0033772)
(5.62536e-07 -1.03262e-06 0.00338504)
(-2.9824e-08 -5.29984e-07 0.00324549)
(1.35234e-07 -6.84221e-07 0.00333742)
(3.21188e-07 -8.04091e-07 0.003375)
(4.55036e-07 -9.11014e-07 0.00338476)
(-4.30048e-08 -3.38834e-07 0.00323021)
(8.95965e-08 -5.01901e-07 0.0033227)
(2.53671e-07 -6.30601e-07 0.00336814)
(3.5173e-07 -7.51176e-07 0.00338285)
(3.20607e-09 -1.48953e-07 0.00320868)
(1.028e-07 -3.06711e-07 0.00329643)
(2.36252e-07 -4.26093e-07 0.00335099)
(2.91873e-07 -5.46346e-07 0.00337474)
(2.19746e-08 -3.99221e-07 0.0032523)
(1.27598e-07 -4.7665e-07 0.00334316)
(2.32388e-07 -5.34255e-07 0.00337692)
(3.19039e-07 -5.82969e-07 0.00338479)
(-1.64817e-08 -2.99642e-07 0.00324513)
(7.71702e-08 -3.86895e-07 0.00333706)
(1.82354e-07 -4.54466e-07 0.00337467)
(2.58353e-07 -5.14727e-07 0.00338446)
(-2.40062e-08 -1.91889e-07 0.00322983)
(5.13526e-08 -2.8419e-07 0.00332231)
(1.44248e-07 -3.56754e-07 0.00336777)
(1.99982e-07 -4.24777e-07 0.00338251)
(1.99497e-09 -8.46191e-08 0.00320829)
(5.88009e-08 -1.73926e-07 0.00329603)
(1.34515e-07 -2.41289e-07 0.0033506)
(1.66236e-07 -3.09227e-07 0.00337437)
(1.34504e-08 -1.3373e-07 0.00325213)
(6.19943e-08 -1.62228e-07 0.003343)
(1.10006e-07 -1.82811e-07 0.00337677)
(1.49981e-07 -2.00216e-07 0.00338466)
(2.88222e-09 -9.22163e-08 0.00324494)
(4.60335e-08 -1.24795e-07 0.00333688)
(9.32493e-08 -1.49741e-07 0.00337449)
(1.28486e-07 -1.72243e-07 0.00338431)
(4.87515e-09 -4.99654e-08 0.00322963)
(3.97476e-08 -8.44048e-08 0.00332211)
(8.09056e-08 -1.11415e-07 0.00336757)
(1.07439e-07 -1.37179e-07 0.00338233)
(1.88646e-08 -1.11091e-08 0.00320809)
(4.49081e-08 -4.38823e-08 0.00329583)
(7.78859e-08 -6.87766e-08 0.0033504)
(9.4217e-08 -9.4562e-08 0.00337418)
)
;

boundaryField
{
    inlet
    {
        type            uniformFixedValue;
        uniformValue    table
        
2
(
(0 (0 0 0.002))
(0.1 (0 0 0.02))
)
;
        value           uniform (0 0 0.0038);
    }
    outlet
    {
        type            zeroGradient;
    }
    wall
    {
        type            slip;
    }
    procBoundary2to0
    {
        type            processor;
        value           nonuniform List<vector> 
192
(
(-0.00817138 0.000694995 9.21244e-05)
(0.00179814 0.0030335 -0.00210899)
(-0.0261225 -0.0147418 -0.0530529)
(-0.00808771 -0.0042251 -0.00182531)
(0.00180337 -0.0011901 0.00425988)
(0.00535976 -0.000109646 0.00708536)
(-0.000222216 -0.00108487 -0.019161)
(-0.0042886 -0.000979647 -0.00585459)
(0.00216316 -0.00080432 0.00303942)
(0.00298782 -0.00011867 0.00226156)
(0.00184765 2.22431e-05 -0.00276349)
(7.86442e-05 -3.96426e-05 -0.000313837)
(0.00130819 -0.000462477 0.00361482)
(0.00156523 -0.000160726 0.00297205)
(0.00125892 -3.06361e-05 0.0017338)
(0.000588875 -7.17823e-05 0.00175279)
(0.00075386 -0.000284548 0.00361455)
(0.000849786 -0.000173484 0.00325867)
(0.000740218 -0.000116586 0.00278645)
(0.000462989 -0.000129396 0.0026111)
(0.000448472 -0.000192922 0.00354872)
(0.000488755 -0.000154631 0.00335252)
(0.000439079 -0.000134476 0.00313104)
(0.000307987 -0.000138176 0.00299638)
(0.000275462 -0.000138581 0.00349656)
(0.000294183 -0.000126213 0.00338454)
(0.000267831 -0.00012018 0.00326754)
(0.000199014 -0.000122874 0.00318128)
(0.000173495 -0.000101967 0.00346113)
(0.000182962 -9.89587e-05 0.00339507)
(0.000167795 -9.81202e-05 0.00332835)
(0.000129473 -0.000100639 0.00327524)
(0.0001114 -7.56475e-05 0.00343747)
(0.00011669 -7.59077e-05 0.00339737)
(0.00010777 -7.67963e-05 0.00335752)
(8.58128e-05 -7.89272e-05 0.00332476)
(7.26549e-05 -5.62232e-05 0.00342161)
(7.59723e-05 -5.7448e-05 0.00339669)
(7.07906e-05 -5.87247e-05 0.00337211)
(5.80637e-05 -6.03713e-05 0.00335152)
(4.80308e-05 -4.17587e-05 0.00341081)
(5.03392e-05 -4.30971e-05 0.00339502)
(4.74256e-05 -4.42844e-05 0.00337947)
(4.0031e-05 -4.54849e-05 0.00336623)
(3.21449e-05 -3.09693e-05 0.00340332)
(3.3868e-05 -3.21386e-05 0.00339318)
(3.23124e-05 -3.31028e-05 0.00338312)
(2.80289e-05 -3.39471e-05 0.00337441)
(2.17596e-05 -2.29293e-05 0.00339807)
(2.30923e-05 -2.38656e-05 0.00339147)
(2.23281e-05 -2.4602e-05 0.00338484)
(1.98641e-05 -2.51831e-05 0.00337899)
(1.48851e-05 -1.69482e-05 0.00339436)
(1.59282e-05 -1.76666e-05 0.00339003)
(1.56085e-05 -1.82114e-05 0.00338558)
(1.42054e-05 -1.86066e-05 0.00338157)
(1.02791e-05 -1.25055e-05 0.00339172)
(1.1095e-05 -1.30439e-05 0.00338885)
(1.10121e-05 -1.34399e-05 0.00338583)
(1.02244e-05 -1.37073e-05 0.00338305)
(7.15598e-06 -9.2083e-06 0.00338983)
(7.78993e-06 -9.60612e-06 0.00338793)
(7.82324e-06 -9.89127e-06 0.00338585)
(7.38981e-06 -1.00718e-05 0.00338389)
(5.01301e-06 -6.76101e-06 0.00338848)
(5.5008e-06 -7.05224e-06 0.00338723)
(5.58269e-06 -7.25634e-06 0.00338578)
(5.351e-06 -7.37828e-06 0.00338438)
(3.52427e-06 -4.94153e-06 0.00338752)
(3.89517e-06 -5.15306e-06 0.0033867)
(3.98951e-06 -5.29842e-06 0.00338567)
(3.87083e-06 -5.38088e-06 0.00338467)
(2.47573e-06 -3.58309e-06 0.00338683)
(2.75353e-06 -3.7353e-06 0.0033863)
(2.84221e-06 -3.83811e-06 0.00338557)
(2.7855e-06 -3.8938e-06 0.00338484)
(1.72468e-06 -2.56019e-06 0.00338635)
(1.92837e-06 -2.6681e-06 0.00338601)
(2.00322e-06 -2.73993e-06 0.00338548)
(1.9792e-06 -2.77727e-06 0.00338494)
(1.17419e-06 -1.77766e-06 0.00338601)
(1.31844e-06 -1.85205e-06 0.00338581)
(1.37656e-06 -1.901e-06 0.00338542)
(1.3685e-06 -1.9256e-06 0.003385)
(7.57059e-07 -1.16214e-06 0.00338578)
(8.52778e-07 -1.21049e-06 0.00338567)
(8.93756e-07 -1.24202e-06 0.00338537)
(8.9243e-07 -1.2575e-06 0.00338504)
(4.29736e-07 -6.55452e-07 0.00338565)
(4.85158e-07 -6.82569e-07 0.00338558)
(5.0994e-07 -7.00101e-07 0.00338533)
(5.10788e-07 -7.08559e-07 0.00338506)
(1.9668e-07 -2.29024e-07 0.00338557)
(2.22638e-07 -2.37963e-07 0.00338554)
(2.35617e-07 -2.43485e-07 0.00338531)
(2.37833e-07 -2.45875e-07 0.00338507)
(0.00121183 -0.000134255 0.000325139)
(0.00530421 0.00903488 -0.000208794)
(-0.00650939 0.0153501 0.00240946)
(-0.00200411 0.00624864 -0.00228804)
(0.000204263 -0.00227143 0.0147605)
(-0.000314929 -0.00201277 0.0118871)
(0.00145398 -0.00132277 0.0371433)
(0.00381765 -0.00176811 0.000486506)
(0.00021168 -0.00188611 0.00476081)
(0.000176003 -0.00213511 0.00511631)
(0.00106604 -0.00215462 0.00801714)
(0.00207376 -0.00163867 0.00345869)
(0.000128191 -0.000998317 0.00433289)
(0.000181494 -0.00111608 0.0045328)
(0.00062892 -0.00112286 0.00482705)
(0.00112732 -0.000850814 0.00413951)
(8.90453e-05 -0.000512667 0.00395875)
(0.000177451 -0.000547827 0.00409041)
(0.000386161 -0.00053482 0.00415624)
(0.00062071 -0.000427941 0.00390991)
(6.19223e-05 -0.000278188 0.00370563)
(0.000141838 -0.000290162 0.00380322)
(0.000250334 -0.000281048 0.00381832)
(0.000367887 -0.000242525 0.00370955)
(4.23148e-05 -0.000162978 0.00354939)
(0.000102098 -0.0001703 0.00363592)
(0.000166511 -0.000167911 0.00364367)
(0.000231154 -0.000155117 0.00358858)
(2.87242e-05 -0.000102493 0.00344972)
(7.06957e-05 -0.000108598 0.00353442)
(0.000111298 -0.000109797 0.00354708)
(0.000149222 -0.000106616 0.00351606)
(1.94876e-05 -6.8119e-05 0.00338414)
(4.81905e-05 -7.33392e-05 0.00346969)
(7.43863e-05 -7.57846e-05 0.00348831)
(9.76462e-05 -7.6064e-05 0.00347108)
(1.32465e-05 -4.70382e-05 0.00334059)
(3.26437e-05 -5.13523e-05 0.00342746)
(4.97583e-05 -5.39272e-05 0.00345086)
(6.45056e-05 -5.52761e-05 0.00344239)
(9.03763e-06 -3.32858e-05 0.00331154)
(2.2093e-05 -3.67378e-05 0.00339958)
(3.33825e-05 -3.9013e-05 0.00342642)
(4.29777e-05 -4.05211e-05 0.00342365)
(6.19712e-06 -2.39094e-05 0.0032921)
(1.49911e-05 -2.6608e-05 0.00338102)
(2.25061e-05 -2.84707e-05 0.00341022)
(2.88803e-05 -2.98198e-05 0.00341117)
(4.27435e-06 -1.73282e-05 0.00327904)
(1.02207e-05 -1.9404e-05 0.0033686)
(1.52696e-05 -2.08698e-05 0.00339937)
(1.9577e-05 -2.19765e-05 0.00340273)
(2.9665e-06 -1.26235e-05 0.00327023)
(7.01036e-06 -1.42021e-05 0.00336022)
(1.04339e-05 -1.53295e-05 0.00339203)
(1.33863e-05 -1.61992e-05 0.00339697)
(2.07134e-06 -9.22133e-06 0.00326426)
(4.83952e-06 -1.04116e-05 0.00335453)
(7.18188e-06 -1.12663e-05 0.00338703)
(9.22926e-06 -1.19332e-05 0.003393)
(1.45415e-06 -6.74225e-06 0.00326018)
(3.36163e-06 -7.63349e-06 0.00335065)
(4.97743e-06 -8.2749e-06 0.0033836)
(6.41047e-06 -8.77851e-06 0.00339025)
(1.02508e-06 -4.92549e-06 0.00325739)
(2.3471e-06 -5.58851e-06 0.00334799)
(3.46925e-06 -6.06595e-06 0.00338123)
(4.47904e-06 -6.44203e-06 0.00338832)
(7.23984e-07 -3.58693e-06 0.00325547)
(1.64374e-06 -4.07656e-06 0.00334615)
(2.42643e-06 -4.42905e-06 0.00337959)
(3.14046e-06 -4.70711e-06 0.00338697)
(5.10287e-07 -2.59405e-06 0.00325414)
(1.15021e-06 -2.95201e-06 0.00334488)
(1.69623e-06 -3.2095e-06 0.00337845)
(2.20052e-06 -3.41274e-06 0.00338603)
(3.56351e-07 -1.85001e-06 0.00325322)
(7.9842e-07 -2.10743e-06 0.00334401)
(1.17656e-06 -2.29243e-06 0.00337766)
(1.5295e-06 -2.43843e-06 0.00338537)
(2.43068e-07 -1.28284e-06 0.0032526)
(5.41992e-07 -1.46248e-06 0.00334341)
(7.98181e-07 -1.59144e-06 0.00337712)
(1.03936e-06 -1.69318e-06 0.00338492)
(1.57e-07 -8.37942e-07 0.00325219)
(3.48831e-07 -9.55807e-07 0.00334302)
(5.13313e-07 -1.04034e-06 0.00337677)
(6.69182e-07 -1.10698e-06 0.00338462)
(8.89338e-08 -4.72689e-07 0.00325195)
(1.97727e-07 -5.39322e-07 0.00334278)
(2.90665e-07 -5.86991e-07 0.00337655)
(3.79157e-07 -6.24468e-07 0.00338444)
(3.63165e-08 -1.66847e-07 0.00325181)
(8.63284e-08 -1.90736e-07 0.00334266)
(1.30161e-07 -2.06768e-07 0.00337643)
(1.70922e-07 -2.1899e-07 0.00338434)
)
;
    }
    procBoundary2to3
    {
        type            processor;
        value           nonuniform List<vector> 
192
(
(-0.00560427 -0.000366937 0.000927662)
(-0.00265375 0.00860389 -0.00523298)
(-0.00644414 0.00111812 -0.000585094)
(-0.00804534 -0.00661845 0.00381049)
(-0.00177862 -0.00153864 0.000198815)
(-0.00146568 -0.00147494 0.00220928)
(-0.00154685 -0.000346116 0.00737297)
(-0.00158364 0.00117102 0.00293586)
(-0.000120332 -0.00089596 0.00105839)
(-3.4095e-05 -0.000922172 0.00184233)
(-1.41559e-05 5.20981e-05 0.00268571)
(-4.96058e-05 0.000838933 0.00109684)
(0.000159661 -0.000468526 0.00202492)
(0.000169865 -0.000478365 0.00235936)
(0.00016695 -0.000111964 0.00253796)
(0.000169143 0.000142282 0.00205072)
(0.000163828 -0.00028403 0.00262384)
(0.000153481 -0.000287965 0.00276398)
(0.000147698 -0.000167607 0.00283619)
(0.000155774 -8.76856e-05 0.00271972)
(0.000127268 -0.000196669 0.00296987)
(0.000115798 -0.000195004 0.00303629)
(0.00011046 -0.000151588 0.00308063)
(0.000115476 -0.000119168 0.00307121)
(9.34502e-05 -0.000144864 0.00316168)
(8.50461e-05 -0.000139835 0.0031998)
(8.07417e-05 -0.000118801 0.00323095)
(8.23836e-05 -9.92036e-05 0.00324623)
(6.82515e-05 -0.000108521 0.00326574)
(6.27733e-05 -0.000102411 0.00329118)
(5.9558e-05 -8.89567e-05 0.00331384)
(5.9373e-05 -7.4453e-05 0.00333059)
(5.02681e-05 -8.13067e-05 0.00332163)
(4.68366e-05 -7.5553e-05 0.00333988)
(4.45196e-05 -6.57896e-05 0.00335644)
(4.36283e-05 -5.46478e-05 0.00336986)
(3.73543e-05 -6.06697e-05 0.00335151)
(3.52313e-05 -5.5887e-05 0.00336495)
(3.3589e-05 -4.8613e-05 0.00337707)
(3.25526e-05 -4.01538e-05 0.00338704)
(2.79183e-05 -4.50843e-05 0.00336743)
(2.66064e-05 -4.1383e-05 0.0033774)
(2.54511e-05 -3.6005e-05 0.0033863)
(2.4503e-05 -2.96953e-05 0.00339358)
(2.0918e-05 -3.33962e-05 0.00337589)
(2.01048e-05 -3.0654e-05 0.00338329)
(1.92947e-05 -2.6732e-05 0.00338985)
(1.85091e-05 -2.20901e-05 0.00339516)
(1.5675e-05 -2.4682e-05 0.00338037)
(1.51683e-05 -2.27051e-05 0.00338586)
(1.4601e-05 -1.98774e-05 0.00339071)
(1.39828e-05 -1.64934e-05 0.0033946)
(1.17303e-05 -1.82102e-05 0.00338273)
(1.14125e-05 -1.68101e-05 0.0033868)
(1.10153e-05 -1.47871e-05 0.0033904)
(1.05432e-05 -1.23332e-05 0.00339324)
(8.75832e-06 -1.3415e-05 0.00338396)
(8.5577e-06 -1.24344e-05 0.00338698)
(8.27926e-06 -1.09939e-05 0.00338965)
(7.92535e-06 -9.21959e-06 0.00339173)
(6.51922e-06 -9.8655e-06 0.00338459)
(6.39181e-06 -9.18323e-06 0.00338683)
(6.19641e-06 -8.16019e-06 0.00338881)
(5.93438e-06 -6.8794e-06 0.00339033)
(4.83283e-06 -7.23693e-06 0.00338491)
(4.75147e-06 -6.76408e-06 0.00338657)
(4.61422e-06 -6.03885e-06 0.00338805)
(4.42198e-06 -5.11568e-06 0.00338914)
(3.56188e-06 -5.28616e-06 0.00338506)
(3.50967e-06 -4.95949e-06 0.0033863)
(3.41334e-06 -4.44649e-06 0.0033874)
(3.27344e-06 -3.7829e-06 0.00338818)
(2.60098e-06 -3.83165e-06 0.00338513)
(2.56744e-06 -3.60684e-06 0.00338606)
(2.50011e-06 -3.24568e-06 0.00338689)
(2.39931e-06 -2.7715e-06 0.00338744)
(1.86912e-06 -2.73734e-06 0.00338516)
(1.84765e-06 -2.58401e-06 0.00338587)
(1.8011e-06 -2.3325e-06 0.0033865)
(1.72959e-06 -1.99789e-06 0.00338687)
(1.30359e-06 -1.90048e-06 0.00338517)
(1.28999e-06 -1.79828e-06 0.00338572)
(1.25853e-06 -1.62732e-06 0.0033862)
(1.20923e-06 -1.39732e-06 0.00338646)
(8.55488e-07 -1.24238e-06 0.00338517)
(8.47175e-07 -1.17786e-06 0.00338561)
(8.27017e-07 -1.0679e-06 0.003386)
(7.94948e-07 -9.18679e-07 0.00338617)
(4.91774e-07 -7.00579e-07 0.00338517)
(4.87188e-07 -6.65165e-07 0.00338555)
(4.75753e-07 -6.03858e-07 0.00338587)
(4.57368e-07 -5.20146e-07 0.00338599)
(2.3071e-07 -2.42657e-07 0.00338517)
(2.28414e-07 -2.30421e-07 0.00338552)
(2.22865e-07 -2.09249e-07 0.00338581)
(2.13971e-07 -1.80336e-07 0.0033859)
(-0.00713037 0.00598532 -0.00312701)
(0.000229454 -0.00167805 -0.00362991)
(0.001257 0.00426621 -0.00294899)
(0.00181743 0.00437535 0.00161522)
(-0.00177089 0.00110231 -0.00942055)
(0.000551386 -0.00251546 -0.00742757)
(0.0013692 -0.00285609 -0.00259761)
(0.00179492 -0.000884837 0.00348768)
(0.000122975 6.36506e-05 -0.00149138)
(0.000679181 -0.0013402 -0.000790836)
(0.000783779 -0.00151884 0.000877462)
(0.00077163 -0.000580016 0.00253655)
(0.000270266 -0.000158037 0.00148435)
(0.000440214 -0.000601881 0.00176974)
(0.000478623 -0.000616406 0.00233302)
(0.000472645 -0.000243655 0.00277756)
(0.000198457 -0.000161523 0.00260445)
(0.000254307 -0.000273704 0.00272844)
(0.000275546 -0.000247141 0.00291642)
(0.000280574 -9.8185e-05 0.00300285)
(0.000132738 -0.000121236 0.00306502)
(0.000150687 -0.0001346 0.00311931)
(0.000159883 -0.000105756 0.00317139)
(0.000164512 -4.21884e-05 0.00314049)
(8.87155e-05 -8.44164e-05 0.00326101)
(9.40649e-05 -7.40175e-05 0.00328413)
(9.68263e-05 -5.13154e-05 0.00328504)
(9.86821e-05 -2.06317e-05 0.00321379)
(6.11042e-05 -5.87068e-05 0.00334471)
(6.20201e-05 -4.53717e-05 0.00335346)
(6.1928e-05 -2.88552e-05 0.00333486)
(6.20139e-05 -1.17463e-05 0.00324991)
(4.35474e-05 -4.17265e-05 0.00338002)
(4.29122e-05 -3.03696e-05 0.00338175)
(4.17497e-05 -1.85016e-05 0.00335536)
(4.10389e-05 -7.6344e-06 0.00326582)
(3.18591e-05 -3.037e-05 0.00339385)
(3.07914e-05 -2.16142e-05 0.00339193)
(2.93798e-05 -1.30145e-05 0.00336221)
(2.84224e-05 -5.43264e-06 0.00327122)
(2.36934e-05 -2.25095e-05 0.00339802)
(2.26264e-05 -1.59667e-05 0.0033941)
(2.13067e-05 -9.65705e-06 0.00336282)
(2.03622e-05 -4.06514e-06 0.00327146)
(1.7772e-05 -1.68735e-05 0.003398)
(1.68544e-05 -1.20293e-05 0.00339287)
(1.57412e-05 -7.35142e-06 0.00336078)
(1.4913e-05 -3.11177e-06 0.00326941)
(1.33742e-05 -1.27204e-05 0.00339632)
(1.2637e-05 -9.14041e-06 0.00339042)
(1.17459e-05 -5.64879e-06 0.00335784)
(1.10617e-05 -2.39923e-06 0.00326656)
(1.00651e-05 -9.60532e-06 0.00339417)
(9.49417e-06 -6.95907e-06 0.00338773)
(8.80191e-06 -4.34416e-06 0.00335484)
(8.25599e-06 -1.84874e-06 0.00326366)
(7.56031e-06 -7.24561e-06 0.00339207)
(7.12769e-06 -5.28916e-06 0.00338525)
(6.59986e-06 -3.32957e-06 0.00335213)
(6.17398e-06 -1.41842e-06 0.00326104)
(5.66059e-06 -5.44974e-06 0.00339024)
(5.33732e-06 -4.00416e-06 0.00338313)
(4.93994e-06 -2.5378e-06 0.00334984)
(4.61295e-06 -1.08162e-06 0.00325881)
(4.21916e-06 -4.08029e-06 0.00338873)
(3.98003e-06 -3.0143e-06 0.0033814)
(3.68378e-06 -1.92077e-06 0.00334798)
(3.43584e-06 -8.18732e-07 0.003257)
(3.12472e-06 -3.03455e-06 0.00338753)
(2.94942e-06 -2.25178e-06 0.00338004)
(2.73059e-06 -1.44099e-06 0.00334652)
(2.54478e-06 -6.14177e-07 0.00325556)
(2.2915e-06 -2.23373e-06 0.0033866)
(2.16435e-06 -1.66352e-06 0.00337898)
(2.0045e-06 -1.06809e-06 0.00334539)
(1.8671e-06 -4.55158e-07 0.00325446)
(1.65272e-06 -1.61636e-06 0.0033859)
(1.56199e-06 -1.20719e-06 0.00337819)
(1.44722e-06 -7.77092e-07 0.00334454)
(1.34753e-06 -3.31077e-07 0.00325362)
(1.15603e-06 -1.13384e-06 0.00338539)
(1.09317e-06 -8.4869e-07 0.00337761)
(1.01324e-06 -5.47375e-07 0.00334392)
(9.4322e-07 -2.33145e-07 0.00325301)
(7.60269e-07 -7.47081e-07 0.00338504)
(7.19278e-07 -5.60117e-07 0.00337721)
(6.66903e-07 -3.61761e-07 0.00334349)
(6.20689e-07 -1.5406e-07 0.00325259)
(4.37483e-07 -4.23675e-07 0.00338482)
(4.1398e-07 -3.1813e-07 0.00337696)
(3.8379e-07 -2.05856e-07 0.00334322)
(3.56758e-07 -8.79239e-08 0.00325232)
(2.04052e-07 -1.47587e-07 0.00338471)
(1.92373e-07 -1.11783e-07 0.00337684)
(1.77196e-07 -7.39037e-08 0.00334309)
(1.62084e-07 -3.35419e-08 0.00325219)
)
;
    }
}


// ************************************************************************* //
