/*--------------------------------*- C++ -*----------------------------------*\
  =========                 |
  \\      /  F ield         | OpenFOAM: The Open Source CFD Toolbox
   \\    /   O peration     | Website:  https://openfoam.org
    \\  /    A nd           | Version:  6
     \\/     M anipulation  |
\*---------------------------------------------------------------------------*/
FoamFile
{
    version     2.0;
    format      ascii;
    class       volVectorField;
    location    "0.06";
    object      stored_U;
}
// * * * * * * * * * * * * * * * * * * * * * * * * * * * * * * * * * * * * * //

dimensions      [0 1 -1 0 0 0 0];

internalField   nonuniform List<vector> 
1152
(
(-0.00998236 0.000937882 0.00279106)
(-0.00302531 -0.00321208 0.00160843)
(-0.00217835 -0.000809002 0.00853457)
(-0.00105882 0.00766875 0.000858518)
(0.00656387 0.00443118 0.000205588)
(0.00049718 0.00855584 0.000214882)
(0.00229194 0.00899173 0.000817627)
(0.00257727 0.00836964 -0.00113165)
(0.00559279 0.00443652 0.0115037)
(0.00217052 0.00284516 0.00965434)
(-0.000993171 0.00112777 0.00978273)
(0.000837554 0.00300757 0.000940126)
(-0.00278661 -0.00156885 0.000991674)
(-0.000787124 4.05886e-05 0.00219975)
(-0.00101067 0.00113072 0.00193857)
(-9.36857e-06 0.0009459 0.0011586)
(-0.00011034 -0.00145577 0.0107423)
(-0.000987949 -0.000672364 0.0112051)
(-0.000502401 -0.000704614 0.0149022)
(0.000483135 -0.000444117 0.0185228)
(0.00206608 -0.00169462 0.0220953)
(0.00117331 -0.00118368 0.0183908)
(0.00103379 -0.000500152 0.0187285)
(0.00080452 0.000132311 0.0219153)
(0.000813157 0.000104384 0.0236775)
(0.00122843 5.21606e-05 0.0213142)
(0.00121936 0.000505393 0.021362)
(0.000247838 0.000809221 0.0235066)
(-2.86292e-06 0.000901463 0.0236651)
(0.000206515 0.00121238 0.0214704)
(2.18223e-05 0.001665 0.0222348)
(-0.00103681 0.0011766 0.0228885)
(0.0013892 -0.00123693 0.00948523)
(0.00017058 -0.00113354 0.00948502)
(-0.000247315 -0.00115556 0.0110238)
(6.00232e-05 -0.00108869 0.0119269)
(0.00107743 -0.00169307 0.0116557)
(0.000512715 -0.00164367 0.0109202)
(0.000169089 -0.0012755 0.0116831)
(0.00025381 -0.000831659 0.0124296)
(0.00044885 -0.00116147 0.0134024)
(0.000495127 -0.00112613 0.0127094)
(0.000395215 -0.000775176 0.012639)
(0.000331162 -0.000426768 0.0124023)
(0.000263928 -0.000569958 0.0131322)
(0.000299515 -0.000495719 0.0125629)
(0.000198013 -0.000250311 0.0124682)
(0.000155392 -0.000127738 0.0123734)
(0.000940737 -0.000915356 0.0120648)
(0.000351551 -0.000888772 0.0117498)
(2.26308e-05 -0.000853658 0.0120321)
(5.91742e-05 -0.000762735 0.0122561)
(0.000648457 -0.0011037 0.0126732)
(0.000377395 -0.0010962 0.0123178)
(0.000153704 -0.000910682 0.0124324)
(0.000197812 -0.000655066 0.0125436)
(0.000415965 -0.000957252 0.0134036)
(0.000383853 -0.000945657 0.0130625)
(0.000307563 -0.000759372 0.0128933)
(0.000362662 -0.000513476 0.0126666)
(0.000334697 -0.000685152 0.0136747)
(0.000369738 -0.000676679 0.0133572)
(0.000362078 -0.000548446 0.0131132)
(0.00044946 -0.000388809 0.0128066)
(0.000649416 -0.000558963 0.0125438)
(0.000431617 -0.000575128 0.0123466)
(0.000256348 -0.000558235 0.0123361)
(0.000190731 -0.000499795 0.0123477)
(0.000502233 -0.000624947 0.0128447)
(0.000410962 -0.000646559 0.0126506)
(0.000302289 -0.000576088 0.0125884)
(0.000269277 -0.000455822 0.0125381)
(0.000404244 -0.000587658 0.0131876)
(0.000413038 -0.000601173 0.0129887)
(0.000380996 -0.000525673 0.0128307)
(0.000374207 -0.000402558 0.0126554)
(0.000352984 -0.000477118 0.0134287)
(0.000415922 -0.000487668 0.0132253)
(0.000435617 -0.000433151 0.013017)
(0.000453114 -0.000346095 0.0127668)
(0.000434843 -0.000371383 0.0126659)
(0.000370464 -0.000381749 0.0125441)
(0.000289285 -0.000370372 0.0124756)
(0.000221382 -0.000335772 0.0124262)
(0.000376953 -0.000388701 0.0128321)
(0.000360482 -0.00040302 0.012715)
(0.000312709 -0.000375283 0.0126281)
(0.000265655 -0.000320048 0.0125493)
(0.000338321 -0.000369396 0.0130057)
(0.000363225 -0.000379778 0.0128856)
(0.000351085 -0.000349482 0.0127632)
(0.000320954 -0.000294422 0.0126349)
(0.000311286 -0.000311869 0.0131448)
(0.000366413 -0.000321039 0.0130214)
(0.000381641 -0.000300275 0.0128746)
(0.000365224 -0.000262357 0.0127099)
(0.000291481 -0.000251594 0.0126833)
(0.000275786 -0.000255134 0.0126189)
(0.000237126 -0.000246767 0.0125616)
(0.000188682 -0.000226819 0.0125118)
(0.000269503 -0.000255759 0.0127963)
(0.000273418 -0.0002621 0.0127293)
(0.000250883 -0.000249767 0.0126616)
(0.000213494 -0.000223689 0.0125966)
(0.000254262 -0.000241331 0.0129002)
(0.000275518 -0.000246784 0.0128294)
(0.000269133 -0.000234693 0.0127464)
(0.000240901 -0.000210529 0.0126604)
(0.000240548 -0.000206673 0.0129838)
(0.000276397 -0.00021247 0.0129106)
(0.000283081 -0.000205472 0.0128162)
(0.000261609 -0.000190121 0.0127137)
(0.000195497 -0.000171596 0.0126796)
(0.000193374 -0.000171616 0.0126513)
(0.000173784 -0.000165717 0.012615)
(0.000142822 -0.000154283 0.0125789)
(0.000187026 -0.000173068 0.0127649)
(0.000193583 -0.000175341 0.0127299)
(0.000181811 -0.000169214 0.0126857)
(0.000156434 -0.000156426 0.0126406)
(0.000180402 -0.0001626 0.0128351)
(0.000194633 -0.000165466 0.0127954)
(0.000190385 -0.000160685 0.0127432)
(0.000169741 -0.000150129 0.0126883)
(0.000172897 -0.000140709 0.0128891)
(0.000194023 -0.000144564 0.0128473)
(0.000195983 -0.000142965 0.0127895)
(0.000178775 -0.000137404 0.0127271)
(0.000132064 -0.000117725 0.0126736)
(0.000133141 -0.000116667 0.0126677)
(0.000122569 -0.000112749 0.0126488)
(0.000103412 -0.000106145 0.0126254)
(0.000128521 -0.000119049 0.0127422)
(0.000133776 -0.00011977 0.0127276)
(0.000127153 -0.000116554 0.0127018)
(0.000110883 -0.00011004 0.0126726)
(0.000125135 -0.000112157 0.0127939)
(0.000134057 -0.000113886 0.0127743)
(0.000131144 -0.000112118 0.0127431)
(0.000117381 -0.000107488 0.0127087)
(0.000120565 -9.83266e-05 0.0128313)
(0.00013287 -0.000101121 0.0128096)
(0.00013305 -0.000101469 0.0127754)
(0.000121163 -9.98219e-05 0.0127374)
(9.00276e-05 -8.14481e-05 0.0126697)
(9.16002e-05 -8.02976e-05 0.0126779)
(8.56654e-05 -7.77624e-05 0.0126711)
(7.39031e-05 -7.38565e-05 0.0126573)
(8.83583e-05 -8.29245e-05 0.0127275)
(9.21097e-05 -8.31267e-05 0.0127262)
(8.82861e-05 -8.13841e-05 0.0127131)
(7.80967e-05 -7.79181e-05 0.012695)
(8.63569e-05 -7.87114e-05 0.0127682)
(9.20061e-05 -7.98815e-05 0.0127616)
(9.01434e-05 -7.93454e-05 0.0127442)
(8.13618e-05 -7.72909e-05 0.0127229)
(8.33446e-05 -7.00366e-05 0.0127958)
(9.07657e-05 -7.21311e-05 0.0127871)
(9.05644e-05 -7.30339e-05 0.0127677)
(8.2903e-05 -7.28258e-05 0.0127444)
(6.19454e-05 -5.68285e-05 0.0126676)
(6.33867e-05 -5.58907e-05 0.0126848)
(5.99985e-05 -5.42592e-05 0.0126862)
(5.27657e-05 -5.18723e-05 0.012679)
(6.10371e-05 -5.83243e-05 0.0127183)
(6.37066e-05 -5.8381e-05 0.0127257)
(6.15241e-05 -5.74136e-05 0.0127211)
(5.52096e-05 -5.54777e-05 0.0127104)
(5.97239e-05 -5.58967e-05 0.012752)
(6.34589e-05 -5.6741e-05 0.012754)
(6.23948e-05 -5.66871e-05 0.0127456)
(5.69318e-05 -5.57578e-05 0.0127326)
(5.76383e-05 -5.04881e-05 0.0127735)
(6.23766e-05 -5.20632e-05 0.0127733)
(6.22839e-05 -5.29955e-05 0.0127632)
(5.7549e-05 -5.32428e-05 0.012749)
(4.29785e-05 -3.99603e-05 0.0126666)
(4.41837e-05 -3.92715e-05 0.0126896)
(4.2252e-05 -3.82125e-05 0.0126964)
(3.77856e-05 -3.66991e-05 0.0126939)
(4.24155e-05 -4.13373e-05 0.0127124)
(4.43637e-05 -4.13658e-05 0.0127256)
(4.31667e-05 -4.08145e-05 0.0127266)
(3.92757e-05 -3.96752e-05 0.012721)
(4.14982e-05 -4.00148e-05 0.0127416)
(4.40915e-05 -4.06412e-05 0.0127493)
(4.35815e-05 -4.07543e-05 0.0127467)
(4.02432e-05 -4.03201e-05 0.0127391)
(4.00129e-05 -3.66523e-05 0.0127591)
(4.32194e-05 -3.78302e-05 0.0127645)
(4.33243e-05 -3.86241e-05 0.0127604)
(4.04903e-05 -3.89595e-05 0.0127519)
(3.00345e-05 -2.82873e-05 0.0126661)
(3.10141e-05 -2.78045e-05 0.012693)
(2.99295e-05 -2.71062e-05 0.0127035)
(2.71585e-05 -2.61114e-05 0.0127041)
(2.96519e-05 -2.94748e-05 0.0127087)
(3.11082e-05 -2.95043e-05 0.0127258)
(3.04977e-05 -2.91807e-05 0.0127306)
(2.81096e-05 -2.84743e-05 0.0127283)
(2.8989e-05 -2.88024e-05 0.0127348)
(3.08619e-05 -2.92716e-05 0.0127463)
(3.07008e-05 -2.94233e-05 0.0127476)
(2.86919e-05 -2.92092e-05 0.0127435)
(2.7915e-05 -2.67128e-05 0.0127496)
(3.01876e-05 -2.7588e-05 0.0127587)
(3.04408e-05 -2.82134e-05 0.0127585)
(2.8795e-05 -2.85149e-05 0.0127536)
(2.11187e-05 -2.01345e-05 0.0126659)
(2.19037e-05 -1.98032e-05 0.0126954)
(2.1312e-05 -1.93342e-05 0.0127084)
(1.95851e-05 -1.86596e-05 0.0127111)
(2.08448e-05 -2.11149e-05 0.0127064)
(2.19496e-05 -2.11478e-05 0.012726)
(2.16779e-05 -2.09515e-05 0.0127333)
(2.02173e-05 -2.04925e-05 0.0127333)
(2.03581e-05 -2.0809e-05 0.0127303)
(2.17453e-05 -2.11607e-05 0.0127444)
(2.17817e-05 -2.13027e-05 0.0127482)
(2.05914e-05 -2.11886e-05 0.0127465)
(1.95756e-05 -1.95087e-05 0.0127432)
(2.12359e-05 -2.01555e-05 0.0127548)
(2.15634e-05 -2.06292e-05 0.0127571)
(2.06405e-05 -2.08672e-05 0.0127547)
(1.49267e-05 -1.43931e-05 0.0126659)
(1.55483e-05 -1.41675e-05 0.0126971)
(1.52405e-05 -1.38469e-05 0.0127118)
(1.41594e-05 -1.33778e-05 0.0127161)
(1.47259e-05 -1.51783e-05 0.0127048)
(1.55689e-05 -1.52115e-05 0.0127261)
(1.54841e-05 -1.50882e-05 0.0127352)
(1.45936e-05 -1.47782e-05 0.0127368)
(1.43664e-05 -1.50697e-05 0.0127272)
(1.54074e-05 -1.53325e-05 0.012743)
(1.55404e-05 -1.54501e-05 0.0127486)
(1.48468e-05 -1.53833e-05 0.0127486)
(1.37946e-05 -1.42588e-05 0.0127388)
(1.50279e-05 -1.47347e-05 0.0127521)
(1.53707e-05 -1.50861e-05 0.0127562)
(1.4876e-05 -1.52634e-05 0.0127554)
(1.05932e-05 -1.03196e-05 0.0126659)
(1.10797e-05 -1.01662e-05 0.0126983)
(1.09321e-05 -9.94369e-06 0.0127141)
(1.02522e-05 -9.61154e-06 0.0127195)
(1.04448e-05 -1.09348e-05 0.0127037)
(1.10877e-05 -1.09653e-05 0.0127263)
(1.10987e-05 -1.08852e-05 0.0127365)
(1.05573e-05 -1.06696e-05 0.0127392)
(1.01792e-05 -1.09261e-05 0.0127251)
(1.09638e-05 -1.11213e-05 0.0127421)
(1.11317e-05 -1.12131e-05 0.0127489)
(1.07351e-05 -1.117e-05 0.01275)
(9.7612e-06 -1.0419e-05 0.0127357)
(1.06838e-05 -1.07678e-05 0.0127502)
(1.10049e-05 -1.10255e-05 0.0127554)
(1.07562e-05 -1.11539e-05 0.0127558)
(7.53735e-06 -7.40936e-06 0.0126659)
(7.91352e-06 -7.30481e-06 0.0126991)
(7.8533e-06 -7.14851e-06 0.0127158)
(7.42378e-06 -6.91058e-06 0.0127219)
(7.42772e-06 -7.88306e-06 0.012703)
(7.91565e-06 -7.90914e-06 0.0127264)
(7.96959e-06 -7.85557e-06 0.0127375)
(7.64145e-06 -7.70272e-06 0.0127409)
(7.23199e-06 -7.91952e-06 0.0127237)
(7.82239e-06 -8.06373e-06 0.0127415)
(7.99051e-06 -8.13293e-06 0.0127491)
(7.76914e-06 -8.10286e-06 0.0127509)
(6.92692e-06 -7.60149e-06 0.0127335)
(7.61736e-06 -7.85613e-06 0.0127488)
(7.89792e-06 -8.04352e-06 0.0127549)
(7.78618e-06 -8.13514e-06 0.012756)
(5.36484e-06 -5.31508e-06 0.012666)
(5.65183e-06 -5.24357e-06 0.0126997)
(5.63691e-06 -5.13302e-06 0.012717)
(5.36442e-06 -4.96166e-06 0.0127236)
(5.28428e-06 -5.67422e-06 0.0127025)
(5.65151e-06 -5.69547e-06 0.0127265)
(5.71905e-06 -5.65885e-06 0.0127381)
(5.52086e-06 -5.54939e-06 0.0127421)
(5.1408e-06 -5.72647e-06 0.0127226)
(5.58242e-06 -5.83222e-06 0.012741)
(5.73314e-06 -5.88332e-06 0.0127492)
(5.61364e-06 -5.86148e-06 0.0127516)
(4.91899e-06 -5.52648e-06 0.012732)
(5.43326e-06 -5.71137e-06 0.0127479)
(5.66637e-06 -5.84663e-06 0.0127545)
(5.628e-06 -5.91116e-06 0.0127561)
(3.80548e-06 -3.79521e-06 0.012666)
(4.02098e-06 -3.74623e-06 0.0127002)
(4.02742e-06 -3.66791e-06 0.0127178)
(3.85407e-06 -3.54464e-06 0.0127248)
(3.7469e-06 -4.06309e-06 0.0127022)
(4.01988e-06 -4.07972e-06 0.0127265)
(4.08569e-06 -4.05433e-06 0.0127386)
(3.96644e-06 -3.97579e-06 0.0127429)
(3.64266e-06 -4.11599e-06 0.0127219)
(3.96947e-06 -4.19276e-06 0.0127407)
(4.09559e-06 -4.22981e-06 0.0127493)
(4.03387e-06 -4.21374e-06 0.0127521)
(3.48255e-06 -3.99008e-06 0.012731)
(3.86193e-06 -4.12327e-06 0.0127472)
(4.04792e-06 -4.2201e-06 0.0127542)
(4.04582e-06 -4.2651e-06 0.0127562)
(2.67293e-06 -2.68053e-06 0.012666)
(2.83135e-06 -2.64719e-06 0.0127005)
(2.84589e-06 -2.59208e-06 0.0127184)
(2.73573e-06 -2.50424e-06 0.0127256)
(2.63106e-06 -2.87629e-06 0.012702)
(2.83022e-06 -2.88885e-06 0.0127266)
(2.88702e-06 -2.8712e-06 0.0127389)
(2.81568e-06 -2.81527e-06 0.0127435)
(2.55644e-06 -2.92269e-06 0.0127214)
(2.79411e-06 -2.97757e-06 0.0127405)
(2.8941e-06 -3.0039e-06 0.0127494)
(2.86413e-06 -2.99209e-06 0.0127524)
(2.44238e-06 -2.84361e-06 0.0127302)
(2.71768e-06 -2.93828e-06 0.0127467)
(2.86059e-06 -3.00675e-06 0.012754)
(2.87362e-06 -3.03787e-06 0.0127563)
(1.83997e-06 -1.85477e-06 0.012666)
(1.95292e-06 -1.8326e-06 0.0127007)
(1.96851e-06 -1.79458e-06 0.0127188)
(1.89912e-06 -1.73329e-06 0.0127262)
(1.81088e-06 -1.99387e-06 0.0127018)
(1.95203e-06 -2.00309e-06 0.0127266)
(1.99701e-06 -1.99102e-06 0.0127391)
(1.95482e-06 -1.95204e-06 0.0127439)
(1.75869e-06 -2.03112e-06 0.0127211)
(1.9268e-06 -2.06948e-06 0.0127403)
(2.00202e-06 -2.08777e-06 0.0127494)
(1.98886e-06 -2.07931e-06 0.0127526)
(1.67923e-06 -1.98208e-06 0.0127297)
(1.87369e-06 -2.04787e-06 0.0127463)
(1.97896e-06 -2.09524e-06 0.0127538)
(1.99606e-06 -2.11635e-06 0.0127563)
(1.22662e-06 -1.24717e-06 0.0126661)
(1.30369e-06 -1.23343e-06 0.0127008)
(1.31678e-06 -1.20813e-06 0.012719)
(1.27373e-06 -1.16672e-06 0.0127266)
(1.20713e-06 -1.34313e-06 0.0127017)
(1.303e-06 -1.34998e-06 0.0127266)
(1.3359e-06 -1.34215e-06 0.0127393)
(1.31134e-06 -1.31593e-06 0.0127442)
(1.17163e-06 -1.37164e-06 0.0127209)
(1.28585e-06 -1.3979e-06 0.0127402)
(1.33927e-06 -1.41035e-06 0.0127494)
(1.33454e-06 -1.40456e-06 0.0127528)
(1.11781e-06 -1.3425e-06 0.0127293)
(1.25001e-06 -1.38701e-06 0.0127461)
(1.32384e-06 -1.4188e-06 0.0127537)
(1.33986e-06 -1.43261e-06 0.0127563)
(7.97023e-07 -8.33694e-07 0.0126661)
(8.46986e-07 -8.26253e-07 0.0127009)
(8.56277e-07 -8.09727e-07 0.0127192)
(8.29674e-07 -7.82072e-07 0.0127268)
(7.84168e-07 -9.00315e-07 0.0127016)
(8.46385e-07 -9.05935e-07 0.0127267)
(8.68877e-07 -9.01176e-07 0.0127394)
(8.54656e-07 -8.83895e-07 0.0127444)
(7.59888e-07 -9.23404e-07 0.0127207)
(8.3475e-07 -9.41644e-07 0.0127401)
(8.71121e-07 -9.50136e-07 0.0127494)
(8.70331e-07 -9.46155e-07 0.0127528)
(7.23569e-07 -9.08468e-07 0.0127291)
(8.10876e-07 -9.38502e-07 0.012746)
(8.61099e-07 -9.59492e-07 0.0127536)
(8.74484e-07 -9.68084e-07 0.0127563)
(5.50694e-07 -6.12689e-07 0.0126661)
(5.83557e-07 -6.11135e-07 0.012701)
(5.89086e-07 -6.00938e-07 0.0127194)
(5.69871e-07 -5.81275e-07 0.0127271)
(5.40357e-07 -6.67275e-07 0.0127016)
(5.81731e-07 -6.73211e-07 0.0127267)
(5.97266e-07 -6.70898e-07 0.0127395)
(5.87952e-07 -6.58676e-07 0.0127445)
(5.21722e-07 -6.91421e-07 0.0127206)
(5.7281e-07 -7.05606e-07 0.0127401)
(5.98914e-07 -7.12017e-07 0.0127494)
(5.99988e-07 -7.08595e-07 0.0127529)
(4.94783e-07 -6.86488e-07 0.0127289)
(5.55565e-07 -7.08994e-07 0.0127458)
(5.92287e-07 -7.24067e-07 0.0127536)
(6.04159e-07 -7.29351e-07 0.0127564)
(-0.0041746 -0.000447619 0.0177402)
(-0.0183013 -0.00506976 -0.0015291)
(-0.0348256 -0.0121557 -0.0179688)
(-0.00830693 -0.00911783 0.00127611)
(-0.00022523 0.000940583 0.00250658)
(-0.00123979 0.00624784 0.00968998)
(-0.00155006 0.00168342 0.0100116)
(-0.00184747 -0.00228248 0.00936576)
(0.000121113 8.90079e-05 0.00115301)
(0.00379839 0.000775336 0.00786636)
(0.00769942 0.00140398 0.00540655)
(0.0125687 -0.00743494 0.00215105)
(0.000793316 -0.000189887 0.000626302)
(0.0135254 -0.00778001 0.00292447)
(0.00349481 -0.00425255 0.00935142)
(0.000490164 -0.000935311 0.00200916)
(0.00103742 0.000515679 0.0313459)
(0.00171733 0.000331104 0.0294325)
(0.000160146 -0.00121487 0.0206556)
(0.0004819 -0.00205499 0.0162966)
(-0.00215305 0.0027935 0.0236155)
(-0.00136721 0.00188884 0.0221773)
(0.00060035 0.000137288 0.0194333)
(0.0014689 -0.00123408 0.0193722)
(-0.00107805 0.0012108 0.0197281)
(-0.000355241 0.00132351 0.0195073)
(0.00143974 0.000742028 0.020445)
(0.00103559 -0.000445643 0.0242333)
(-0.000506722 0.000329129 0.0221175)
(0.000460675 0.000309576 0.0215641)
(0.000902402 0.000139 0.0230926)
(0.000818044 0.000334643 0.0271877)
(0.00127747 -0.000172361 0.0166237)
(0.00236847 0.000178092 0.0152418)
(0.002449 -0.000231349 0.0127442)
(0.00219307 -0.000817732 0.0112275)
(-0.000515563 0.00146761 0.0129539)
(0.000246432 0.00103513 0.013401)
(0.000887115 5.39615e-05 0.0127935)
(0.00113348 -0.00095132 0.0122371)
(-0.000319605 0.000920898 0.0110173)
(-0.000164883 0.000664848 0.0120613)
(0.000116234 -0.000101135 0.0125424)
(0.000235004 -0.00084364 0.0131958)
(-0.000159996 0.000513502 0.0106703)
(-0.000363887 0.000368013 0.0118418)
(-0.000345594 -0.000113296 0.013308)
(3.44854e-05 -0.000515887 0.0137967)
(0.000776302 -0.000437956 0.0146936)
(0.00126793 -0.000292091 0.0142029)
(0.00144652 -0.000397391 0.0134428)
(0.00133887 -0.000652742 0.0128198)
(-3.50603e-05 0.000286225 0.0135474)
(0.000327337 0.000102827 0.0135713)
(0.000641543 -0.000297916 0.013335)
(0.000727939 -0.000757969 0.013057)
(-0.000100874 0.000188339 0.0127871)
(-6.07336e-05 -1.90079e-06 0.0130804)
(0.000101154 -0.00039298 0.0133174)
(0.000279747 -0.000771375 0.0134788)
(-0.000120213 1.53562e-05 0.012495)
(-0.000305456 -9.55673e-05 0.0129527)
(-0.000229007 -0.000360126 0.0135851)
(8.8928e-05 -0.000593654 0.0138453)
(0.000478291 -0.0003712 0.0132145)
(0.00069054 -0.00031762 0.0131572)
(0.000783033 -0.000358427 0.0129795)
(0.00077021 -0.000454189 0.0128061)
(0.000122114 -9.52073e-05 0.0129606)
(0.000298265 -0.000158254 0.0130731)
(0.000445052 -0.00030278 0.0130582)
(0.000505001 -0.000477609 0.0129873)
(3.43154e-05 -9.8541e-05 0.0128182)
(8.92733e-05 -0.000180579 0.0130432)
(0.000192432 -0.000335512 0.0132006)
(0.000311471 -0.00049289 0.0132681)
(-2.28053e-05 -0.000175427 0.0127792)
(-6.76655e-05 -0.000215219 0.013093)
(1.22566e-05 -0.000315429 0.0133936)
(0.000195198 -0.000416143 0.0135221)
(0.000312477 -0.000300243 0.0127281)
(0.000401659 -0.000284419 0.0127868)
(0.000449086 -0.000301218 0.0127844)
(0.000460892 -0.000335793 0.01276)
(0.000147506 -0.000205621 0.0127201)
(0.000234318 -0.000223529 0.0128419)
(0.000309252 -0.000271905 0.0128904)
(0.000355138 -0.000332572 0.0128915)
(7.52455e-05 -0.000187822 0.0127403)
(0.000127541 -0.000214125 0.0129087)
(0.00019809 -0.000268372 0.0130148)
(0.000273991 -0.000326968 0.0130534)
(1.98804e-05 -0.000199394 0.0127658)
(3.72075e-05 -0.000207711 0.0129773)
(0.00010679 -0.000240524 0.0131352)
(0.000213502 -0.000280823 0.013196)
(0.000212401 -0.000225585 0.0125117)
(0.000253677 -0.000221328 0.0126136)
(0.000279019 -0.000228842 0.0126729)
(0.000292356 -0.000241772 0.0127046)
(0.000126728 -0.000196611 0.0125839)
(0.000174398 -0.00020006 0.0127113)
(0.000216206 -0.000215408 0.0127841)
(0.000247523 -0.00023551 0.012815)
(7.30702e-05 -0.000180292 0.0126531)
(0.000115124 -0.000186166 0.0127989)
(0.000163008 -0.000203639 0.0128872)
(0.000211587 -0.000224282 0.0129221)
(2.90613e-05 -0.000167317 0.0126992)
(6.22865e-05 -0.000166027 0.0128634)
(0.000115715 -0.000176344 0.0129693)
(0.000181157 -0.000192401 0.0130092)
(0.000146448 -0.000163795 0.0124216)
(0.000167175 -0.000162707 0.0125373)
(0.000181399 -0.00016589 0.0126173)
(0.000191539 -0.00017065 0.0126688)
(9.74169e-05 -0.000157347 0.0125057)
(0.000125688 -0.000156196 0.0126351)
(0.000150471 -0.000160135 0.0127173)
(0.000170824 -0.000166106 0.0127615)
(5.88274e-05 -0.000144798 0.0125789)
(9.01096e-05 -0.000144031 0.0127169)
(0.00012229 -0.000148838 0.012801)
(0.00015325 -0.000155763 0.0128394)
(2.6596e-05 -0.000126686 0.012626)
(5.81201e-05 -0.000123795 0.0127725)
(9.64534e-05 -0.000126932 0.0128612)
(0.000137295 -0.000133745 0.0128977)
(0.000101672 -0.000116696 0.0123789)
(0.000112996 -0.000116312 0.0124995)
(0.000121314 -0.000117575 0.0125872)
(0.000128256 -0.000119295 0.0126466)
(7.14441e-05 -0.000117517 0.0124562)
(8.91671e-05 -0.00011525 0.0125867)
(0.000104494 -0.000115466 0.0126738)
(0.000117579 -0.000116759 0.0127253)
(4.41384e-05 -0.000108831 0.0125217)
(6.65369e-05 -0.000106385 0.0126576)
(8.81269e-05 -0.000107016 0.0127423)
(0.000108 -0.00010918 0.0127857)
(2.11305e-05 -9.29469e-05 0.012564)
(4.63145e-05 -9.02671e-05 0.012704)
(7.3016e-05 -9.11379e-05 0.0127886)
(9.89631e-05 -9.44345e-05 0.0128278)
(7.09225e-05 -8.25528e-05 0.0123575)
(7.7518e-05 -8.23003e-05 0.0124799)
(8.25654e-05 -8.27431e-05 0.0125708)
(8.71744e-05 -8.33547e-05 0.0126336)
(5.13434e-05 -8.53563e-05 0.0124243)
(6.28159e-05 -8.31606e-05 0.0125557)
(7.26008e-05 -8.23435e-05 0.0126458)
(8.1084e-05 -8.22328e-05 0.0127019)
(3.21437e-05 -7.96996e-05 0.0124806)
(4.78614e-05 -7.7239e-05 0.0126163)
(6.24131e-05 -7.66609e-05 0.0127032)
(7.53746e-05 -7.72385e-05 0.0127511)
(1.58215e-05 -6.75601e-05 0.0125168)
(3.45592e-05 -6.55173e-05 0.012655)
(5.29855e-05 -6.57185e-05 0.0127401)
(6.98441e-05 -6.75775e-05 0.0127833)
(4.96916e-05 -5.83087e-05 0.012346)
(5.37177e-05 -5.80896e-05 0.012469)
(5.68688e-05 -5.82083e-05 0.0125614)
(5.99167e-05 -5.84358e-05 0.0126259)
(3.65852e-05 -6.12798e-05 0.0124034)
(4.41554e-05 -5.94951e-05 0.0125356)
(5.05478e-05 -5.85601e-05 0.0126278)
(5.61355e-05 -5.81455e-05 0.0126868)
(2.30999e-05 -5.77387e-05 0.0124518)
(3.40167e-05 -5.57326e-05 0.0125881)
(4.38857e-05 -5.4955e-05 0.0126771)
(5.24967e-05 -5.50517e-05 0.0127287)
(1.15134e-05 -4.90242e-05 0.0124826)
(2.49877e-05 -4.75811e-05 0.0126208)
(3.76918e-05 -4.7616e-05 0.0127076)
(4.88927e-05 -4.88069e-05 0.0127547)
(3.49675e-05 -4.12431e-05 0.0123394)
(3.7503e-05 -4.10559e-05 0.0124627)
(3.95129e-05 -4.10605e-05 0.0125558)
(4.15393e-05 -4.11642e-05 0.0126214)
(2.59991e-05 -4.38182e-05 0.0123896)
(3.10537e-05 -4.24719e-05 0.0125224)
(3.53006e-05 -4.16874e-05 0.012616)
(3.90433e-05 -4.13019e-05 0.0126771)
(1.65088e-05 -4.16554e-05 0.012432)
(2.40554e-05 -4.01503e-05 0.0125689)
(3.07911e-05 -3.94784e-05 0.0126597)
(3.66103e-05 -3.94629e-05 0.012714)
(8.26122e-06 -3.55924e-05 0.0124583)
(1.77869e-05 -3.46085e-05 0.0125971)
(2.65666e-05 -3.46226e-05 0.0126857)
(3.41531e-05 -3.54525e-05 0.0127358)
(2.47106e-05 -2.92521e-05 0.0123354)
(2.63412e-05 -2.91017e-05 0.0124589)
(2.76438e-05 -2.90753e-05 0.0125525)
(2.90025e-05 -2.91429e-05 0.0126186)
(1.84804e-05 -3.1318e-05 0.0123804)
(2.1884e-05 -3.03396e-05 0.0125137)
(2.47419e-05 -2.97489e-05 0.0126083)
(2.72865e-05 -2.94658e-05 0.0126708)
(1.17788e-05 -3.00189e-05 0.0124183)
(1.69896e-05 -2.8934e-05 0.0125559)
(2.16156e-05 -2.84273e-05 0.012648)
(2.56056e-05 -2.84092e-05 0.0127043)
(5.88925e-06 -2.5866e-05 0.0124414)
(1.25701e-05 -2.52067e-05 0.0125807)
(1.86608e-05 -2.52326e-05 0.0126708)
(2.38798e-05 -2.58383e-05 0.0127232)
(1.75323e-05 -2.08134e-05 0.012333)
(1.85962e-05 -2.06984e-05 0.0124565)
(1.94509e-05 -2.06703e-05 0.0125504)
(2.03701e-05 -2.07273e-05 0.0126168)
(1.31579e-05 -2.24098e-05 0.0123743)
(1.54657e-05 -2.17126e-05 0.0125079)
(1.74087e-05 -2.12893e-05 0.0126032)
(1.91605e-05 -2.11017e-05 0.0126666)
(8.40709e-06 -2.16398e-05 0.012409)
(1.20095e-05 -2.08734e-05 0.012547)
(1.52059e-05 -2.05138e-05 0.0126401)
(1.79742e-05 -2.05155e-05 0.0126978)
(4.18874e-06 -1.88146e-05 0.0124296)
(8.86142e-06 -1.83762e-05 0.0125694)
(1.31056e-05 -1.84138e-05 0.0126606)
(1.67399e-05 -1.88653e-05 0.0127146)
(1.24834e-05 -1.48543e-05 0.0123314)
(1.31851e-05 -1.47692e-05 0.0124551)
(1.37516e-05 -1.47473e-05 0.0125491)
(1.4379e-05 -1.4799e-05 0.0126157)
(9.38844e-06 -1.60629e-05 0.0123701)
(1.09631e-05 -1.55708e-05 0.012504)
(1.22954e-05 -1.52748e-05 0.0125998)
(1.35138e-05 -1.51579e-05 0.0126638)
(6.00824e-06 -1.56121e-05 0.0124026)
(8.50527e-06 -1.50759e-05 0.012541)
(1.07266e-05 -1.48285e-05 0.0126347)
(1.26655e-05 -1.48467e-05 0.0126934)
(2.97919e-06 -1.36935e-05 0.0124214)
(6.24806e-06 -1.34025e-05 0.0125616)
(9.21915e-06 -1.34451e-05 0.0126536)
(1.17738e-05 -1.37842e-05 0.0127087)
(8.91333e-06 -1.06273e-05 0.0123304)
(9.38011e-06 -1.05655e-05 0.0124541)
(9.75881e-06 -1.05504e-05 0.0125482)
(1.01904e-05 -1.05963e-05 0.0126151)
(6.71194e-06 -1.15307e-05 0.0123673)
(7.79242e-06 -1.11849e-05 0.0125013)
(8.71257e-06 -1.09802e-05 0.0125975)
(9.5667e-06 -1.09107e-05 0.012662)
(4.29977e-06 -1.12707e-05 0.0123982)
(6.03625e-06 -1.08969e-05 0.0125368)
(7.58798e-06 -1.07292e-05 0.0126311)
(8.9556e-06 -1.07561e-05 0.0126903)
(2.12086e-06 -9.96619e-06 0.0124157)
(4.41153e-06 -9.77269e-06 0.0125562)
(6.50018e-06 -9.81447e-06 0.0126488)
(8.30827e-06 -1.0069e-05 0.0127046)
(6.37421e-06 -7.61292e-06 0.0123298)
(6.68688e-06 -7.56843e-06 0.0124535)
(6.94186e-06 -7.55865e-06 0.0125477)
(7.24062e-06 -7.59775e-06 0.0126146)
(4.80351e-06 -8.28217e-06 0.0123654)
(5.54847e-06 -8.03934e-06 0.0124995)
(6.18749e-06 -7.89852e-06 0.0125959)
(6.7896e-06 -7.85874e-06 0.0126607)
(3.07919e-06 -8.1348e-06 0.0123952)
(4.29039e-06 -7.87433e-06 0.0125339)
(5.37869e-06 -7.76138e-06 0.0126285)
(6.34798e-06 -7.79054e-06 0.0126882)
(1.51095e-06 -7.24568e-06 0.0124118)
(3.11915e-06 -7.11648e-06 0.0125525)
(4.59214e-06 -7.15391e-06 0.0126454)
(5.87748e-06 -7.34413e-06 0.0127018)
(4.5561e-06 -5.44945e-06 0.0123293)
(4.76662e-06 -5.41762e-06 0.012453)
(4.93917e-06 -5.41139e-06 0.0125473)
(5.14672e-06 -5.44345e-06 0.0126143)
(3.4349e-06 -5.94113e-06 0.0123641)
(3.95012e-06 -5.77074e-06 0.0124983)
(4.39532e-06 -5.67396e-06 0.0125948)
(4.82083e-06 -5.65213e-06 0.0126598)
(2.20278e-06 -5.85953e-06 0.012393)
(3.04894e-06 -5.67801e-06 0.0125319)
(3.81369e-06 -5.60208e-06 0.0126267)
(4.50189e-06 -5.62948e-06 0.0126868)
(1.07569e-06 -5.25225e-06 0.012409)
(2.20558e-06 -5.16557e-06 0.0125498)
(3.24563e-06 -5.19707e-06 0.0126431)
(4.16063e-06 -5.33821e-06 0.0126998)
(3.24322e-06 -3.88392e-06 0.0123291)
(3.38525e-06 -3.86126e-06 0.0124528)
(3.50216e-06 -3.85729e-06 0.0125471)
(3.64625e-06 -3.88263e-06 0.0126141)
(2.44573e-06 -4.24154e-06 0.0123632)
(2.80197e-06 -4.12228e-06 0.0124974)
(3.11194e-06 -4.05584e-06 0.0125941)
(3.41204e-06 -4.04444e-06 0.0126592)
(1.56884e-06 -4.19774e-06 0.0123916)
(2.15908e-06 -4.07144e-06 0.0125306)
(2.69551e-06 -4.02042e-06 0.0126255)
(3.18292e-06 -4.04401e-06 0.0126857)
(7.62861e-07 -3.78304e-06 0.012407)
(1.55487e-06 -3.72468e-06 0.012548)
(2.28745e-06 -3.74992e-06 0.0126414)
(2.93695e-06 -3.8535e-06 0.0126984)
(2.28468e-06 -2.73881e-06 0.0123289)
(2.38014e-06 -2.7229e-06 0.0124526)
(2.45895e-06 -2.72037e-06 0.0125469)
(2.55821e-06 -2.73969e-06 0.012614)
(1.72322e-06 -2.99507e-06 0.0123626)
(1.96799e-06 -2.91231e-06 0.0124969)
(2.18224e-06 -2.86697e-06 0.0125935)
(2.39199e-06 -2.8614e-06 0.0126588)
(1.10561e-06 -2.97257e-06 0.0123906)
(1.51426e-06 -2.88534e-06 0.0125296)
(1.88745e-06 -2.8512e-06 0.0126247)
(2.22938e-06 -2.87025e-06 0.012685)
(5.35704e-07 -2.69098e-06 0.0124057)
(1.08636e-06 -2.65178e-06 0.0125467)
(1.59781e-06 -2.67117e-06 0.0126403)
(2.05438e-06 -2.74593e-06 0.0126974)
(1.57643e-06 -1.89146e-06 0.0123287)
(1.63976e-06 -1.88088e-06 0.0124525)
(1.69208e-06 -1.87954e-06 0.0125468)
(1.75909e-06 -1.89389e-06 0.0126139)
(1.18939e-06 -2.07092e-06 0.0123622)
(1.35489e-06 -2.01485e-06 0.0124965)
(1.50035e-06 -1.9847e-06 0.0125932)
(1.64395e-06 -1.98245e-06 0.0126585)
(7.63351e-07 -2.06031e-06 0.0123899)
(1.04141e-06 -2.00138e-06 0.012529)
(1.29617e-06 -1.97911e-06 0.0126241)
(1.53114e-06 -1.99382e-06 0.0126846)
(3.6888e-07 -1.87226e-06 0.0124048)
(7.44873e-07 -1.84653e-06 0.0125458)
(1.09507e-06 -1.86103e-06 0.0126395)
(1.40943e-06 -1.91377e-06 0.0126968)
(1.0532e-06 -1.26507e-06 0.0123287)
(1.09408e-06 -1.25944e-06 0.0124524)
(1.1278e-06 -1.26e-06 0.0125467)
(1.1712e-06 -1.2711e-06 0.0126138)
(7.95434e-07 -1.38755e-06 0.0123619)
(9.04038e-07 -1.35196e-06 0.0124962)
(9.99705e-07 -1.33378e-06 0.012593)
(1.09453e-06 -1.33418e-06 0.0126583)
(5.10982e-07 -1.3844e-06 0.0123894)
(6.94484e-07 -1.34687e-06 0.0125285)
(8.62779e-07 -1.3339e-06 0.0126237)
(1.01872e-06 -1.34548e-06 0.0126842)
(2.4645e-07 -1.26328e-06 0.0124042)
(4.95434e-07 -1.24787e-06 0.0125453)
(7.27427e-07 -1.25921e-06 0.0126389)
(9.3664e-07 -1.29586e-06 0.0126963)
(6.89302e-07 -8.30709e-07 0.0123286)
(7.13525e-07 -8.30145e-07 0.0124523)
(7.33966e-07 -8.34146e-07 0.0125467)
(7.59754e-07 -8.44704e-07 0.0126138)
(5.2244e-07 -9.15099e-07 0.0123617)
(5.90634e-07 -8.95433e-07 0.0124961)
(6.50978e-07 -8.87934e-07 0.0125928)
(7.10688e-07 -8.91991e-07 0.0126582)
(3.36561e-07 -9.18643e-07 0.0123891)
(4.53572e-07 -8.97513e-07 0.0125282)
(5.60603e-07 -8.93089e-07 0.0126235)
(6.60294e-07 -9.03996e-07 0.012684)
(1.61926e-07 -8.455e-07 0.0124038)
(3.22051e-07 -8.38548e-07 0.0125449)
(4.7048e-07 -8.49423e-07 0.0126386)
(6.05333e-07 -8.76096e-07 0.012696)
(4.84236e-07 -5.878e-07 0.0123286)
(4.96332e-07 -5.91984e-07 0.0124523)
(5.07762e-07 -6.00409e-07 0.0125467)
(5.20996e-07 -6.12695e-07 0.0126138)
(3.69632e-07 -6.56806e-07 0.0123616)
(4.11101e-07 -6.49144e-07 0.0124959)
(4.50726e-07 -6.49843e-07 0.0125927)
(4.88742e-07 -6.57878e-07 0.0126581)
(2.38311e-07 -6.70734e-07 0.0123889)
(3.13537e-07 -6.61752e-07 0.0125281)
(3.86717e-07 -6.63587e-07 0.0126233)
(4.53284e-07 -6.75028e-07 0.0126839)
(1.11056e-07 -6.2721e-07 0.0124035)
(2.17165e-07 -6.27513e-07 0.0125446)
(3.21261e-07 -6.39543e-07 0.0126383)
(4.13762e-07 -6.61237e-07 0.0126958)
(-0.000728228 0.000342186 0.00389412)
(0.000553989 0.00075055 0.00193075)
(0.000868418 -0.00511509 0.00256264)
(0.000732224 -0.00556053 0.007437)
(-0.000791356 0.00161726 0.00413925)
(0.00131221 0.0035819 0.00561104)
(0.00183088 0.00239391 0.00479875)
(-0.004467 0.00293535 0.00432143)
(-0.00586163 0.00472163 0.00182505)
(-0.00325261 0.00580298 0.00907498)
(-0.00206239 0.00320401 0.0101637)
(-0.00898076 0.00380953 0.00227695)
(-0.0110023 0.0049339 0.0015353)
(-0.00952441 0.00554968 0.0078503)
(-0.00582368 0.00243106 0.00992937)
(-0.0119237 0.00618836 0.00208587)
(0.00208334 -0.00182189 0.019518)
(-2.12957e-05 -0.000540188 0.0140055)
(-0.000350698 -0.000883588 0.0095968)
(0.000828096 0.000187473 0.0210621)
(0.0013317 -0.000899671 0.0173682)
(-0.000528353 -0.000492488 0.0136486)
(-0.000254164 -0.00105643 0.0130553)
(-0.000177956 0.00137825 0.0159497)
(-0.000136023 -4.69712e-05 0.0124566)
(-0.00165043 0.000642726 0.0120911)
(-0.00048916 -0.000440897 0.0137289)
(-0.000504255 0.000717841 0.0144739)
(-0.000925642 -0.000270947 0.00723247)
(-0.00222309 0.00102825 0.0104342)
(-0.000862515 -5.13263e-05 0.0139323)
(-0.000359096 7.1099e-05 0.0162207)
(0.00216278 -0.00140124 0.0116557)
(0.00126475 -0.000709432 0.00986835)
(-0.000189927 -0.000351566 0.00865587)
(-5.5812e-05 0.000369475 0.0117828)
(0.00220355 -0.000855308 0.0112903)
(0.000993569 -0.000632162 0.0102522)
(-7.394e-05 -0.00078483 0.00985844)
(-6.16966e-05 0.000476663 0.0106286)
(0.00182006 -0.000638607 0.0102555)
(0.000525296 -0.000491954 0.0101531)
(-5.64481e-05 -0.000812286 0.0105461)
(-1.27887e-05 -0.00023139 0.0103687)
(0.001383 -0.000828011 0.00943464)
(0.000179741 -0.000620442 0.00975483)
(-0.000171421 -0.000880258 0.0107686)
(5.47197e-05 -0.000844896 0.0110051)
(0.00120255 -0.000895 0.0127554)
(0.000866967 -0.000513448 0.0116377)
(0.000139008 -0.000260117 0.0107426)
(1.61995e-05 6.26877e-05 0.0114787)
(0.00126919 -0.00074254 0.0126124)
(0.000778521 -0.00054258 0.0117205)
(0.000171084 -0.000529247 0.0111292)
(5.94773e-05 -4.52942e-05 0.0112516)
(0.00120423 -0.000647835 0.0122969)
(0.000615977 -0.000539377 0.0117008)
(0.000161766 -0.000614164 0.0114571)
(7.59502e-05 -0.000394274 0.0113394)
(0.00101883 -0.000749184 0.0120407)
(0.000428342 -0.000676003 0.0116567)
(7.93683e-05 -0.000730935 0.0117147)
(7.09831e-05 -0.000684809 0.0117407)
(0.000725949 -0.00054985 0.0123918)
(0.000653763 -0.000370223 0.0118951)
(0.000354782 -0.000206392 0.0114375)
(0.000171853 -4.1835e-05 0.0115596)
(0.000769005 -0.000505948 0.0124627)
(0.00062686 -0.000410062 0.0120332)
(0.000351802 -0.000352927 0.0116874)
(0.000187556 -0.000162606 0.0116449)
(0.000758783 -0.000483647 0.0124452)
(0.000565825 -0.000442527 0.0121103)
(0.000329287 -0.000436692 0.0118991)
(0.000185898 -0.000340943 0.0118085)
(0.000693758 -0.000527675 0.0124171)
(0.000481011 -0.000517289 0.0121822)
(0.000281271 -0.00051787 0.0120974)
(0.000179824 -0.000474699 0.0120621)
(0.000448558 -0.00035405 0.0123502)
(0.0004532 -0.00025834 0.0120778)
(0.000334919 -0.000152982 0.0118265)
(0.000196063 -5.74495e-05 0.0117844)
(0.000470112 -0.000351209 0.0124585)
(0.000445019 -0.000298129 0.0122207)
(0.000329057 -0.000242319 0.0120137)
(0.000202459 -0.000151656 0.0119325)
(0.000472626 -0.000350254 0.012519)
(0.000422496 -0.000328744 0.0123254)
(0.000314437 -0.000304248 0.0121733)
(0.000202073 -0.000251328 0.0120884)
(0.000453164 -0.000372958 0.0125559)
(0.000388743 -0.000369281 0.0124147)
(0.000293251 -0.000355335 0.0123185)
(0.000204196 -0.000321358 0.012258)
(0.000289412 -0.000232958 0.0123168)
(0.000306131 -0.000175493 0.0121725)
(0.000253424 -0.000106474 0.0120399)
(0.000163286 -4.72103e-05 0.011982)
(0.000300431 -0.000238862 0.0124404)
(0.000303173 -0.000206264 0.0123184)
(0.000249962 -0.000163411 0.0122048)
(0.000167668 -0.000113096 0.0121396)
(0.000303653 -0.000243075 0.0125277)
(0.000294286 -0.00022901 0.0124298)
(0.000242766 -0.000205432 0.0123395)
(0.000169768 -0.000172843 0.0122776)
(0.000298286 -0.000256553 0.0125882)
(0.000280992 -0.000252858 0.0125181)
(0.000234555 -0.000238147 0.0124525)
(0.000174713 -0.000214506 0.0124014)
(0.000190692 -0.000155452 0.0123103)
(0.000204245 -0.000117672 0.0122348)
(0.000177819 -7.20733e-05 0.0121657)
(0.000122442 -3.40619e-05 0.0121228)
(0.000196487 -0.00016197 0.0124368)
(0.00020303 -0.0001396 0.0123788)
(0.000176317 -0.000109095 0.0123205)
(0.000125912 -7.84457e-05 0.0122779)
(0.000198853 -0.000166305 0.012531)
(0.000199411 -0.000155455 0.0124882)
(0.000173276 -0.000137136 0.0124406)
(0.000128719 -0.000116206 0.012401)
(0.000197749 -0.000174767 0.0125978)
(0.000194168 -0.00017059 0.0125705)
(0.000170471 -0.000158899 0.0125337)
(0.000133427 -0.000143306 0.0124989)
(0.00012803 -0.000105071 0.0123105)
(0.000137191 -7.91993e-05 0.0122753)
(0.00012261 -4.87161e-05 0.0122422)
(8.88238e-05 -2.36413e-05 0.0122157)
(0.000131197 -0.000110175 0.0124371)
(0.000136555 -9.42285e-05 0.0124168)
(0.000122009 -7.30889e-05 0.0123914)
(9.14322e-05 -5.33447e-05 0.012367)
(0.000132676 -0.000113571 0.012533)
(0.000134948 -0.000105128 0.0125229)
(0.000120815 -9.19422e-05 0.0125027)
(9.39177e-05 -7.82028e-05 0.0124798)
(0.000132696 -0.000119109 0.0126014)
(0.000132792 -0.000115293 0.0125999)
(0.000120012 -0.000106908 0.0125838)
(9.75156e-05 -9.6803e-05 0.0125626)
(8.72651e-05 -7.19072e-05 0.0123135)
(9.32743e-05 -5.38678e-05 0.0123024)
(8.47648e-05 -3.32418e-05 0.0122905)
(6.39584e-05 -1.63093e-05 0.0122765)
(8.90278e-05 -7.55535e-05 0.0124395)
(9.28372e-05 -6.40543e-05 0.0124418)
(8.4492e-05 -4.94901e-05 0.0124364)
(6.5805e-05 -3.63159e-05 0.0124246)
(8.9897e-05 -7.80028e-05 0.0125355)
(9.20297e-05 -7.15568e-05 0.0125451)
(8.40375e-05 -6.23225e-05 0.012542)
(6.77066e-05 -5.31442e-05 0.0125308)
(9.01333e-05 -8.17419e-05 0.0126039)
(9.10905e-05 -7.86245e-05 0.0126184)
(8.39226e-05 -7.28371e-05 0.0126159)
(7.02486e-05 -6.62665e-05 0.0126047)
(6.02267e-05 -4.97539e-05 0.0123167)
(6.42311e-05 -3.70765e-05 0.0123206)
(5.9104e-05 -2.2952e-05 0.0123218)
(4.60883e-05 -1.13056e-05 0.0123165)
(6.1211e-05 -5.22783e-05 0.0124422)
(6.38722e-05 -4.39842e-05 0.0124584)
(5.89294e-05 -3.3918e-05 0.0124655)
(4.73447e-05 -2.49214e-05 0.0124624)
(6.16955e-05 -5.40025e-05 0.0125378)
(6.34008e-05 -4.91831e-05 0.0125597)
(5.87527e-05 -4.27614e-05 0.0125677)
(4.87115e-05 -3.6531e-05 0.0125644)
(6.19095e-05 -5.65827e-05 0.0126061)
(6.29621e-05 -5.41898e-05 0.0126305)
(5.88481e-05 -5.02396e-05 0.012637)
(5.04659e-05 -4.59097e-05 0.0126327)
(4.19813e-05 -3.47449e-05 0.0123196)
(4.47202e-05 -2.57949e-05 0.0123329)
(4.15737e-05 -1.6019e-05 0.0123425)
(3.32929e-05 -7.8974e-06 0.0123431)
(4.25231e-05 -3.64809e-05 0.0124445)
(4.44073e-05 -3.05085e-05 0.0124697)
(4.14241e-05 -2.35055e-05 0.0124847)
(3.41285e-05 -1.72635e-05 0.0124875)
(4.27766e-05 -3.769e-05 0.0125399)
(4.40935e-05 -3.4139e-05 0.0125696)
(4.13467e-05 -2.96649e-05 0.0125847)
(3.50861e-05 -2.53755e-05 0.0125869)
(4.29259e-05 -3.94988e-05 0.0126079)
(4.38733e-05 -3.77207e-05 0.0126387)
(4.14888e-05 -3.50208e-05 0.0126512)
(3.62976e-05 -3.21188e-05 0.0126517)
(2.94974e-05 -2.44483e-05 0.0123218)
(3.1416e-05 -1.81083e-05 0.0123413)
(2.94613e-05 -1.12803e-05 0.0123563)
(2.41061e-05 -5.55868e-06 0.012361)
(2.97859e-05 -2.56454e-05 0.0124464)
(3.11431e-05 -2.13505e-05 0.0124774)
(2.93207e-05 -1.64436e-05 0.0124976)
(2.46548e-05 -1.20633e-05 0.0125044)
(2.99052e-05 -2.64967e-05 0.0125415)
(3.09149e-05 -2.39039e-05 0.0125763)
(2.92775e-05 -2.07704e-05 0.0125961)
(2.53204e-05 -1.77815e-05 0.0126021)
(2.99978e-05 -2.77793e-05 0.0126093)
(3.07966e-05 -2.64802e-05 0.0126443)
(2.94133e-05 -2.46223e-05 0.0126608)
(2.61659e-05 -2.26444e-05 0.0126646)
(2.08587e-05 -1.73096e-05 0.0123236)
(2.2227e-05 -1.28046e-05 0.0123471)
(2.10013e-05 -7.99955e-06 0.0123658)
(1.74856e-05 -3.93807e-06 0.0123732)
(2.10031e-05 -1.81401e-05 0.0124479)
(2.19938e-05 -1.50527e-05 0.0124827)
(2.08712e-05 -1.15918e-05 0.0125064)
(1.78437e-05 -8.49186e-06 0.012516)
(2.10477e-05 -1.87431e-05 0.0125428)
(2.18201e-05 -1.68594e-05 0.012581)
(2.084e-05 -1.46517e-05 0.012604)
(1.83065e-05 -1.25481e-05 0.0126125)
(2.11007e-05 -1.96598e-05 0.0126104)
(2.17526e-05 -1.87184e-05 0.0126482)
(2.09551e-05 -1.74291e-05 0.0126674)
(1.89041e-05 -1.60608e-05 0.0126735)
(1.48247e-05 -1.23154e-05 0.0123248)
(1.58122e-05 -9.10557e-06 0.0123511)
(1.50375e-05 -5.70355e-06 0.0123722)
(1.26984e-05 -2.80435e-06 0.0123817)
(1.48889e-05 -1.28955e-05 0.012449)
(1.56179e-05 -1.06754e-05 0.0124863)
(1.49217e-05 -8.22068e-06 0.0125125)
(1.29315e-05 -6.013e-06 0.012524)
(1.48942e-05 -1.3325e-05 0.0125438)
(1.54833e-05 -1.19599e-05 0.0125842)
(1.48959e-05 -1.03957e-05 0.0126094)
(1.32546e-05 -8.90345e-06 0.0126196)
(1.4922e-05 -1.39836e-05 0.0126113)
(1.5443e-05 -1.33037e-05 0.0126509)
(1.49888e-05 -1.24017e-05 0.012672)
(1.36818e-05 -1.14432e-05 0.0126797)
(1.05756e-05 -8.79379e-06 0.0123258)
(1.12933e-05 -6.50153e-06 0.0123539)
(1.08e-05 -4.08186e-06 0.0123767)
(9.22555e-06 -2.00436e-06 0.0123875)
(1.05967e-05 -9.20122e-06 0.0124498)
(1.1135e-05 -7.60399e-06 0.0124889)
(1.07009e-05 -5.85549e-06 0.0125167)
(9.37734e-06 -4.27619e-06 0.0125295)
(1.05833e-05 -9.50828e-06 0.0125445)
(1.10306e-05 -8.52036e-06 0.0125865)
(1.06787e-05 -7.40704e-06 0.0126131)
(9.604e-06 -6.34223e-06 0.0126246)
(1.05963e-05 -9.9827e-06 0.0126119)
(1.10057e-05 -9.4923e-06 0.0126529)
(1.07519e-05 -8.85683e-06 0.0126752)
(9.91185e-06 -8.17911e-06 0.012684)
(7.56039e-06 -6.29177e-06 0.0123265)
(8.08351e-06 -4.65279e-06 0.0123559)
(7.76721e-06 -2.92701e-06 0.0123799)
(6.69751e-06 -1.43538e-06 0.0123916)
(7.55985e-06 -6.57905e-06 0.0124504)
(7.9574e-06 -5.43011e-06 0.0124907)
(7.68527e-06 -4.18135e-06 0.0125196)
(6.79647e-06 -3.04874e-06 0.0125334)
(7.53928e-06 -6.79895e-06 0.012545)
(7.87683e-06 -6.08492e-06 0.0125881)
(7.6665e-06 -5.29019e-06 0.0126157)
(6.95605e-06 -4.52768e-06 0.0126281)
(7.54411e-06 -7.14089e-06 0.0126124)
(7.86107e-06 -6.78747e-06 0.0126542)
(7.72311e-06 -6.33751e-06 0.0126774)
(7.1789e-06 -5.85529e-06 0.012687)
(5.40386e-06 -4.50025e-06 0.012327)
(5.78474e-06 -3.3292e-06 0.0123573)
(5.58073e-06 -2.0979e-06 0.0123821)
(4.84911e-06 -1.02747e-06 0.0123945)
(5.3937e-06 -4.70307e-06 0.0124509)
(5.68621e-06 -3.87804e-06 0.012492)
(5.51488e-06 -2.98602e-06 0.0125217)
(4.91368e-06 -2.17386e-06 0.0125361)
(5.37205e-06 -4.86038e-06 0.0125454)
(5.62462e-06 -4.34563e-06 0.0125892)
(5.49933e-06 -3.77808e-06 0.0126176)
(5.02617e-06 -3.2317e-06 0.0126306)
(5.37264e-06 -5.10635e-06 0.0126127)
(5.61445e-06 -4.85212e-06 0.0126552)
(5.54248e-06 -4.53283e-06 0.012679)
(5.18756e-06 -4.18881e-06 0.0126891)
(3.84722e-06 -3.20579e-06 0.0123274)
(4.12291e-06 -2.37258e-06 0.0123583)
(3.9908e-06 -1.49721e-06 0.0123836)
(3.48919e-06 -7.32411e-07 0.0123965)
(3.834e-06 -3.34862e-06 0.0124512)
(4.04747e-06 -2.75917e-06 0.0124929)
(3.93928e-06 -2.12434e-06 0.0125231)
(3.53125e-06 -1.54438e-06 0.012538)
(3.81425e-06 -3.46057e-06 0.0125457)
(4.001e-06 -3.09161e-06 0.01259)
(3.92674e-06 -2.68773e-06 0.0126189)
(3.61034e-06 -2.29765e-06 0.0126323)
(3.81286e-06 -3.63648e-06 0.0126129)
(3.99433e-06 -3.45454e-06 0.0126558)
(3.9591e-06 -3.22845e-06 0.0126801)
(3.72667e-06 -2.98358e-06 0.0126906)
(2.71064e-06 -2.25986e-06 0.0123276)
(2.90765e-06 -1.67324e-06 0.012359)
(2.82217e-06 -1.05717e-06 0.0123847)
(2.47972e-06 -5.16682e-07 0.0123979)
(2.6978e-06 -2.35963e-06 0.0124514)
(2.85128e-06 -1.94325e-06 0.0124935)
(2.783e-06 -1.49611e-06 0.0125241)
(2.50698e-06 -1.08641e-06 0.0125393)
(2.68127e-06 -2.43844e-06 0.0125459)
(2.8169e-06 -2.17714e-06 0.0125906)
(2.77321e-06 -1.89266e-06 0.0126198)
(2.56206e-06 -1.61708e-06 0.0126336)
(2.67916e-06 -2.56269e-06 0.0126131)
(2.8125e-06 -2.43402e-06 0.0126563)
(2.79699e-06 -2.2754e-06 0.0126809)
(2.64494e-06 -2.10277e-06 0.0126917)
(1.87051e-06 -1.56033e-06 0.0123278)
(2.008e-06 -1.15589e-06 0.0123594)
(1.95322e-06 -7.3117e-07 0.0123855)
(1.72293e-06 -3.573e-07 0.0123989)
(1.8597e-06 -1.62913e-06 0.0124516)
(1.9673e-06 -1.34139e-06 0.0124939)
(1.92454e-06 -1.03301e-06 0.0125248)
(1.74037e-06 -7.4975e-07 0.0125403)
(1.84686e-06 -1.68374e-06 0.012546)
(1.94269e-06 -1.50286e-06 0.012591)
(1.91726e-06 -1.30666e-06 0.0126204)
(1.77804e-06 -1.11609e-06 0.0126344)
(1.84479e-06 -1.76961e-06 0.0126132)
(1.93984e-06 -1.68078e-06 0.0126566)
(1.93426e-06 -1.5718e-06 0.0126814)
(1.8358e-06 -1.45265e-06 0.0126924)
(1.2493e-06 -1.04326e-06 0.0123279)
(1.34175e-06 -7.7349e-07 0.0123598)
(1.30707e-06 -4.90102e-07 0.012386)
(1.15601e-06 -2.40015e-07 0.0123995)
(1.2411e-06 -1.09045e-06 0.0124517)
(1.31359e-06 -8.98425e-07 0.0124942)
(1.28694e-06 -6.92818e-07 0.0125253)
(1.16692e-06 -5.03592e-07 0.0125409)
(1.23192e-06 -1.12834e-06 0.0125461)
(1.29681e-06 -1.0077e-06 0.0125912)
(1.28191e-06 -8.76919e-07 0.0126208)
(1.19202e-06 -7.49534e-07 0.012635)
(1.23022e-06 -1.18624e-06 0.0126133)
(1.29503e-06 -1.12763e-06 0.0126569)
(1.29361e-06 -1.05549e-06 0.0126818)
(1.23098e-06 -9.76121e-07 0.0126929)
(8.15086e-07 -6.83895e-07 0.012328)
(8.73562e-07 -5.07276e-07 0.01236)
(8.5065e-07 -3.22554e-07 0.0123863)
(7.52816e-07 -1.59565e-07 0.0124)
(8.07917e-07 -7.18247e-07 0.0124518)
(8.53663e-07 -5.92878e-07 0.0124944)
(8.36245e-07 -4.59298e-07 0.0125256)
(7.59068e-07 -3.36402e-07 0.0125413)
(8.01617e-07 -7.468e-07 0.0125462)
(8.42702e-07 -6.68215e-07 0.0125914)
(8.33056e-07 -5.83284e-07 0.0126211)
(7.75593e-07 -5.00388e-07 0.0126353)
(8.0019e-07 -7.86336e-07 0.0126134)
(8.41519e-07 -7.49402e-07 0.012657)
(8.40858e-07 -7.03427e-07 0.012682)
(8.01286e-07 -6.52255e-07 0.0126932)
(5.70743e-07 -4.81278e-07 0.0123281)
(6.10813e-07 -3.5646e-07 0.0123602)
(5.92476e-07 -2.2562e-07 0.0123866)
(5.19328e-07 -1.10546e-07 0.0124003)
(5.6345e-07 -5.08881e-07 0.0124519)
(5.95283e-07 -4.20244e-07 0.0124946)
(5.80865e-07 -3.25976e-07 0.0125259)
(5.22422e-07 -2.39737e-07 0.0125416)
(5.57582e-07 -5.36104e-07 0.0125463)
(5.8538e-07 -4.82687e-07 0.0125916)
(5.76569e-07 -4.24798e-07 0.0126213)
(5.33044e-07 -3.67811e-07 0.0126356)
(5.55322e-07 -5.65531e-07 0.0126135)
(5.82378e-07 -5.43948e-07 0.0126571)
(5.79956e-07 -5.15786e-07 0.0126822)
(5.50018e-07 -4.82603e-07 0.0126935)
)
;

boundaryField
{
    inlet
    {
        type            calculated;
        value           uniform (0 0 0.01271);
    }
    outlet
    {
        type            calculated;
        value           nonuniform List<vector> 
48
(
(5.50694e-07 -6.12689e-07 0.0126661)
(5.40357e-07 -6.67275e-07 0.0127016)
(5.21722e-07 -6.91421e-07 0.0127206)
(4.94783e-07 -6.86488e-07 0.0127289)
(5.83557e-07 -6.11135e-07 0.012701)
(5.81731e-07 -6.73211e-07 0.0127267)
(5.7281e-07 -7.05606e-07 0.0127401)
(5.55565e-07 -7.08994e-07 0.0127458)
(5.89086e-07 -6.00938e-07 0.0127194)
(5.97266e-07 -6.70898e-07 0.0127395)
(5.98914e-07 -7.12017e-07 0.0127494)
(5.92287e-07 -7.24067e-07 0.0127536)
(5.69871e-07 -5.81275e-07 0.0127271)
(5.87952e-07 -6.58676e-07 0.0127445)
(5.99988e-07 -7.08595e-07 0.0127529)
(6.04159e-07 -7.29351e-07 0.0127564)
(4.84236e-07 -5.878e-07 0.0123286)
(3.69632e-07 -6.56806e-07 0.0123616)
(2.38311e-07 -6.70734e-07 0.0123889)
(1.11056e-07 -6.2721e-07 0.0124035)
(4.96332e-07 -5.91984e-07 0.0124523)
(4.11101e-07 -6.49144e-07 0.0124959)
(3.13537e-07 -6.61752e-07 0.0125281)
(2.17165e-07 -6.27513e-07 0.0125446)
(5.07762e-07 -6.00409e-07 0.0125467)
(4.50726e-07 -6.49843e-07 0.0125927)
(3.86717e-07 -6.63587e-07 0.0126233)
(3.21261e-07 -6.39543e-07 0.0126383)
(5.20996e-07 -6.12695e-07 0.0126138)
(4.88742e-07 -6.57878e-07 0.0126581)
(4.53284e-07 -6.75028e-07 0.0126839)
(4.13762e-07 -6.61237e-07 0.0126958)
(5.70743e-07 -4.81278e-07 0.0123281)
(5.6345e-07 -5.08881e-07 0.0124519)
(5.57582e-07 -5.36104e-07 0.0125463)
(5.55322e-07 -5.65531e-07 0.0126135)
(6.10813e-07 -3.5646e-07 0.0123602)
(5.95283e-07 -4.20244e-07 0.0124946)
(5.8538e-07 -4.82687e-07 0.0125916)
(5.82378e-07 -5.43948e-07 0.0126571)
(5.92476e-07 -2.2562e-07 0.0123866)
(5.80865e-07 -3.25976e-07 0.0125259)
(5.76569e-07 -4.24798e-07 0.0126213)
(5.79956e-07 -5.15786e-07 0.0126822)
(5.19328e-07 -1.10546e-07 0.0124003)
(5.22422e-07 -2.39737e-07 0.0125416)
(5.33044e-07 -3.67811e-07 0.0126356)
(5.50018e-07 -4.82603e-07 0.0126935)
)
;
    }
    wall
    {
        type            calculated;
        value           nonuniform List<vector> 
192
(
(-0.00146058 0.00177972 0.0177402)
(-0.000441083 0.000825208 0.00250658)
(-1.45195e-05 4.78643e-05 0.00115301)
(2.61443e-05 -0.000265447 0.000626302)
(0.000164629 -0.000200601 0.0313459)
(-0.0016398 0.00306784 0.0236155)
(-0.000427185 0.00140824 0.0197281)
(-3.69732e-05 0.000375395 0.0221175)
(0.00059865 -0.000729457 0.0166237)
(-0.0007247 0.00135582 0.0129539)
(-0.000282743 0.00093208 0.0110173)
(-5.16268e-05 0.000524175 0.0106703)
(0.000527197 -0.000642391 0.0146936)
(-0.000126785 0.000237197 0.0135474)
(-6.08181e-05 0.00020049 0.0127871)
(-2.65286e-06 2.69349e-05 0.012495)
(0.000374524 -0.000456359 0.0132145)
(6.67166e-05 -0.000124818 0.0129606)
(3.02648e-05 -9.97697e-05 0.0128182)
(1.6893e-05 -0.000171517 0.0127792)
(0.000272995 -0.000332645 0.0127281)
(0.000118262 -0.000221252 0.0127201)
(5.85147e-05 -0.000192897 0.0127403)
(1.96409e-05 -0.000199418 0.0127658)
(0.000196107 -0.000238957 0.0125117)
(0.000109899 -0.000205607 0.0125839)
(5.62397e-05 -0.000185398 0.0126531)
(1.66001e-05 -0.000168544 0.0126992)
(0.000139262 -0.000169692 0.0124216)
(8.70622e-05 -0.000162882 0.0125057)
(4.51798e-05 -0.000148938 0.0125789)
(1.26131e-05 -0.000128063 0.012626)
(9.81455e-05 -0.000119591 0.0123789)
(6.4732e-05 -0.000121105 0.0124562)
(3.3951e-05 -0.000111921 0.0125217)
(9.26953e-06 -9.41151e-05 0.012564)
(6.90264e-05 -8.41089e-05 0.0123575)
(4.68949e-05 -8.77341e-05 0.0124243)
(2.48479e-05 -8.19127e-05 0.0124806)
(6.74216e-06 -6.84543e-05 0.0125168)
(4.85928e-05 -5.92105e-05 0.012346)
(3.36059e-05 -6.28722e-05 0.0124034)
(1.79855e-05 -5.92902e-05 0.0124518)
(4.89268e-06 -4.96762e-05 0.0124826)
(3.42982e-05 -4.17924e-05 0.0123394)
(2.39941e-05 -4.48899e-05 0.0123896)
(1.29624e-05 -4.27312e-05 0.012432)
(3.55123e-06 -3.60563e-05 0.0124583)
(2.429e-05 -2.95974e-05 0.0123354)
(1.71266e-05 -3.20416e-05 0.0123804)
(9.33135e-06 -3.07613e-05 0.0124183)
(2.57969e-06 -2.6192e-05 0.0124414)
(1.72627e-05 -2.10347e-05 0.012333)
(1.22404e-05 -2.29002e-05 0.0123743)
(6.71963e-06 -2.21516e-05 0.012409)
(1.87552e-06 -1.90425e-05 0.0124296)
(1.23084e-05 -1.49979e-05 0.0123314)
(8.76414e-06 -1.63966e-05 0.0123701)
(4.84311e-06 -1.59656e-05 0.0124026)
(1.36436e-06 -1.38526e-05 0.0124214)
(8.79877e-06 -1.07213e-05 0.0123304)
(6.28523e-06 -1.17588e-05 0.0123673)
(3.49316e-06 -1.15154e-05 0.0123982)
(9.92529e-07 -1.00773e-05 0.0124157)
(6.29865e-06 -7.67493e-06 0.0123298)
(4.5106e-06 -8.43873e-06 0.0123654)
(2.5192e-06 -8.30468e-06 0.0123952)
(7.21297e-07 -7.32346e-06 0.0124118)
(4.506e-06 -5.49057e-06 0.0123293)
(3.23322e-06 -6.04893e-06 0.0123641)
(1.81331e-06 -5.97768e-06 0.012393)
(5.22667e-07 -5.30672e-06 0.012409)
(3.2099e-06 -3.91127e-06 0.0123291)
(2.30683e-06 -4.31578e-06 0.0123632)
(1.29827e-06 -4.27982e-06 0.0123916)
(3.76347e-07 -3.82111e-06 0.012407)
(2.26257e-06 -2.75695e-06 0.0123289)
(1.62808e-06 -3.04592e-06 0.0123626)
(9.18901e-07 -3.02921e-06 0.0123906)
(2.67639e-07 -2.71738e-06 0.0124057)
(1.562e-06 -1.9033e-06 0.0123287)
(1.12525e-06 -2.1052e-06 0.0123622)
(6.36647e-07 -2.09874e-06 0.0123899)
(1.86174e-07 -1.89025e-06 0.0124048)
(1.04425e-06 -1.27242e-06 0.0123287)
(7.5361e-07 -1.40991e-06 0.0123619)
(4.27623e-07 -1.40969e-06 0.0123894)
(1.25594e-07 -1.27518e-06 0.0124042)
(6.84787e-07 -8.34415e-07 0.0123286)
(4.96532e-07 -9.28947e-07 0.0123617)
(2.83546e-07 -9.34725e-07 0.0123891)
(8.40301e-08 -8.53172e-07 0.0124038)
(4.83136e-07 -5.88703e-07 0.0123286)
(3.55195e-07 -6.64523e-07 0.0123616)
(2.06401e-07 -6.80413e-07 0.0123889)
(6.22482e-08 -6.32017e-07 0.0124035)
(-0.000602955 0.000494832 0.00389412)
(0.00213833 -0.00175488 0.019518)
(0.00197951 -0.00162454 0.0116557)
(0.00115748 -0.00094992 0.0127554)
(0.00070343 -0.00057729 0.0123918)
(0.000441657 -0.000362459 0.0123502)
(0.000287177 -0.00023568 0.0123168)
(0.000190179 -0.000156076 0.0123103)
(0.00012803 -0.000105072 0.0123105)
(8.74076e-05 -7.17336e-05 0.0123135)
(6.03871e-05 -4.95584e-05 0.0123167)
(4.21244e-05 -3.45706e-05 0.0123196)
(2.96153e-05 -2.43047e-05 0.0123218)
(2.09525e-05 -1.71953e-05 0.0123236)
(1.48978e-05 -1.22263e-05 0.0123248)
(1.06318e-05 -8.72528e-06 0.0123258)
(7.60311e-06 -6.23971e-06 0.0123265)
(5.43594e-06 -4.46116e-06 0.012327)
(3.87098e-06 -3.17683e-06 0.0123274)
(2.72795e-06 -2.23877e-06 0.0123276)
(1.88289e-06 -1.54525e-06 0.0123278)
(1.25812e-06 -1.03251e-06 0.0123279)
(8.22428e-07 -6.74949e-07 0.012328)
(5.7706e-07 -4.73581e-07 0.0123281)
(0.000118855 -6.35292e-05 0.00193075)
(0.000208012 -0.000111184 0.0140055)
(0.00127864 -0.000683446 0.00986835)
(0.000887772 -0.000474524 0.0116377)
(0.000662402 -0.000354061 0.0118951)
(0.000459893 -0.000245818 0.0120778)
(0.000311063 -0.000166266 0.0121725)
(0.000207779 -0.00011106 0.0122348)
(0.000139631 -7.46342e-05 0.0122753)
(9.49421e-05 -5.07476e-05 0.0123024)
(6.5372e-05 -3.49421e-05 0.0123206)
(4.55066e-05 -2.43238e-05 0.0123329)
(3.19631e-05 -1.70846e-05 0.0123413)
(2.26111e-05 -1.20859e-05 0.0123471)
(1.6084e-05 -8.59708e-06 0.0123511)
(1.14866e-05 -6.13974e-06 0.0123539)
(8.22156e-06 -4.39451e-06 0.0123559)
(5.88335e-06 -3.14472e-06 0.0123573)
(4.1931e-06 -2.24126e-06 0.0123583)
(2.95715e-06 -1.58063e-06 0.012359)
(2.04234e-06 -1.09165e-06 0.0123594)
(1.36516e-06 -7.29695e-07 0.0123598)
(8.90336e-07 -4.75894e-07 0.01236)
(6.23274e-07 -3.33147e-07 0.0123602)
(0.00221614 -0.000672258 0.00256264)
(-7.56985e-05 2.29629e-05 0.0095968)
(-7.62629e-05 2.31341e-05 0.00865587)
(0.000199551 -6.05331e-05 0.0107426)
(0.000382219 -0.000115945 0.0114375)
(0.000349194 -0.000105927 0.0118265)
(0.000261646 -7.93694e-05 0.0120399)
(0.000182856 -5.54688e-05 0.0121657)
(0.00012581 -3.81642e-05 0.0122422)
(8.68562e-05 -2.63475e-05 0.0122905)
(6.04993e-05 -1.83523e-05 0.0123218)
(4.25203e-05 -1.28984e-05 0.0123425)
(3.01122e-05 -9.13444e-06 0.0123563)
(2.14538e-05 -6.50794e-06 0.0123658)
(1.53547e-05 -4.65781e-06 0.0123722)
(1.10238e-05 -3.34403e-06 0.0123767)
(7.92578e-06 -2.40426e-06 0.0123799)
(5.69323e-06 -1.72702e-06 0.0123821)
(4.07042e-06 -1.23475e-06 0.0123836)
(2.87803e-06 -8.7304e-07 0.0123847)
(1.99174e-06 -6.04188e-07 0.0123855)
(1.33307e-06 -4.04383e-07 0.012386)
(8.68571e-07 -2.63478e-07 0.0123863)
(6.05225e-07 -1.83593e-07 0.0123866)
(0.00126759 -0.000124847 0.007437)
(0.000801853 -7.89756e-05 0.0210621)
(-9.13162e-05 8.99386e-06 0.0117828)
(9.92902e-06 -9.77924e-07 0.0114787)
(0.000174282 -1.71653e-05 0.0115596)
(0.000199784 -1.9677e-05 0.0117844)
(0.000166322 -1.63813e-05 0.011982)
(0.000124588 -1.22708e-05 0.0121228)
(9.02766e-05 -8.89146e-06 0.0122157)
(6.49348e-05 -6.39552e-06 0.0122765)
(4.67483e-05 -4.6043e-06 0.0123165)
(3.37434e-05 -3.32343e-06 0.0123431)
(2.44167e-05 -2.40483e-06 0.012361)
(1.77018e-05 -1.74347e-06 0.0123732)
(1.28499e-05 -1.26561e-06 0.0123817)
(9.33244e-06 -9.19165e-07 0.0123875)
(6.77318e-06 -6.671e-07 0.0123916)
(4.90275e-06 -4.82879e-07 0.0123945)
(3.52711e-06 -3.4739e-07 0.0123965)
(2.5063e-06 -2.46849e-07 0.0123979)
(1.74123e-06 -1.71496e-07 0.0123989)
(1.16832e-06 -1.15069e-07 0.0123995)
(7.61148e-07 -7.49666e-08 0.0124)
(5.25121e-07 -5.17199e-08 0.0124003)
)
;
    }
    procBoundary0to1
    {
        type            processor;
        value           nonuniform List<vector> 
192
(
(-0.00718505 0.000452755 0.00105132)
(-0.00200803 0.00176821 0.00491049)
(0.00633403 0.00137818 0.0110995)
(0.00317102 -0.00100947 0.0108357)
(-0.00110758 -0.00102251 0.0204026)
(-0.000533733 -0.000541272 0.0191877)
(-0.000173661 0.000321315 0.0182403)
(-0.000878015 0.0013811 0.0184615)
(3.01645e-05 -0.000965003 0.0123277)
(0.000308096 -0.000541201 0.0125291)
(0.000463452 -0.000168815 0.0123125)
(0.000429936 0.000102447 0.0120901)
(0.000134406 -0.000625766 0.0123563)
(0.000310762 -0.000388946 0.0125299)
(0.000472407 -0.000265179 0.0124858)
(0.000566016 -0.000225327 0.0124538)
(0.000146113 -0.00041691 0.012338)
(0.000250635 -0.00031681 0.0124578)
(0.000357614 -0.000268731 0.0124747)
(0.000433649 -0.000257637 0.0124977)
(0.000148268 -0.000288685 0.0123872)
(0.000206851 -0.000252933 0.0124751)
(0.000265916 -0.000231494 0.0125145)
(0.00030835 -0.000221365 0.0125496)
(0.000129402 -0.000200558 0.0124731)
(0.000161312 -0.000191028 0.0125407)
(0.000191555 -0.000181927 0.0125839)
(0.000211868 -0.000173299 0.0126199)
(0.000102631 -0.000139597 0.0125482)
(0.000119661 -0.000140175 0.0126012)
(0.000134729 -0.000137161 0.0126395)
(0.000143933 -0.000130909 0.012671)
(7.7691e-05 -9.77934e-05 0.0126027)
(8.69161e-05 -0.000101663 0.0126454)
(9.45132e-05 -0.000101461 0.0126772)
(9.86923e-05 -9.74527e-05 0.0127028)
(5.77073e-05 -6.89571e-05 0.0126409)
(6.28858e-05 -7.33847e-05 0.0126762)
(6.68872e-05 -7.43555e-05 0.0127021)
(6.88807e-05 -7.20234e-05 0.0127223)
(4.25618e-05 -4.88798e-05 0.0126672)
(4.56164e-05 -5.28793e-05 0.0126974)
(4.7866e-05 -5.42275e-05 0.0127185)
(4.89093e-05 -5.30023e-05 0.0127344)
(3.13132e-05 -3.47902e-05 0.0126854)
(3.32154e-05 -3.80936e-05 0.0127118)
(3.45767e-05 -3.94536e-05 0.0127294)
(3.51908e-05 -3.89009e-05 0.0127419)
(2.30164e-05 -2.48431e-05 0.012698)
(2.4262e-05 -2.74562e-05 0.0127218)
(2.51438e-05 -2.86754e-05 0.0127367)
(2.55472e-05 -2.85035e-05 0.0127467)
(1.6909e-05 -1.77876e-05 0.0127067)
(1.77587e-05 -1.98057e-05 0.0127286)
(1.83615e-05 -2.08343e-05 0.0127417)
(1.86484e-05 -2.08622e-05 0.0127498)
(1.2414e-05 -1.27631e-05 0.0127128)
(1.30108e-05 -1.42987e-05 0.0127334)
(1.34384e-05 -1.5135e-05 0.0127451)
(1.3652e-05 -1.52549e-05 0.0127519)
(9.10334e-06 -9.1708e-06 0.0127171)
(9.53059e-06 -1.03274e-05 0.0127368)
(9.84038e-06 -1.09905e-05 0.0127475)
(1.00022e-05 -1.1141e-05 0.0127532)
(6.66126e-06 -6.59145e-06 0.0127202)
(6.97038e-06 -7.45531e-06 0.0127391)
(7.19726e-06 -7.97106e-06 0.0127491)
(7.32019e-06 -8.12035e-06 0.0127542)
(4.8549e-06 -4.72975e-06 0.0127223)
(5.07936e-06 -5.36945e-06 0.0127408)
(5.24598e-06 -5.76378e-06 0.0127503)
(5.33914e-06 -5.89724e-06 0.0127548)
(3.51238e-06 -3.37669e-06 0.0127239)
(3.67482e-06 -3.84528e-06 0.012742)
(3.79658e-06 -4.1415e-06 0.0127511)
(3.86646e-06 -4.25305e-06 0.0127552)
(2.50712e-06 -2.38401e-06 0.0127249)
(2.62332e-06 -2.72179e-06 0.0127428)
(2.71107e-06 -2.9396e-06 0.0127516)
(2.76243e-06 -3.02778e-06 0.0127555)
(1.74804e-06 -1.6491e-06 0.0127257)
(1.8293e-06 -1.88656e-06 0.0127434)
(1.89104e-06 -2.04212e-06 0.012752)
(1.9277e-06 -2.10852e-06 0.0127557)
(1.1762e-06 -1.10962e-06 0.0127262)
(1.23122e-06 -1.27148e-06 0.0127438)
(1.27332e-06 -1.37891e-06 0.0127523)
(1.29873e-06 -1.42705e-06 0.0127559)
(7.67982e-07 -7.43873e-07 0.0127265)
(8.04589e-07 -8.54227e-07 0.012744)
(8.32989e-07 -9.28502e-07 0.0127525)
(8.50732e-07 -9.63769e-07 0.012756)
(5.2625e-07 -5.52519e-07 0.0127268)
(5.54092e-07 -6.3652e-07 0.0127442)
(5.76185e-07 -6.9467e-07 0.0127526)
(5.90819e-07 -7.24313e-07 0.012756)
(-0.0309567 -0.000984917 -0.00109416)
(-0.00382137 0.00423172 0.00814803)
(-0.000935109 0.00213931 0.00964702)
(-0.00557885 0.000507203 0.00423388)
(-0.000656581 -0.000357978 0.0160143)
(0.00077303 -0.000125064 0.0143755)
(0.000301951 0.000192775 0.0137776)
(-0.000542048 -0.000420224 0.01489)
(0.000855012 -3.24954e-05 0.00981472)
(0.000573105 -0.000238638 0.0102274)
(0.00024465 -0.000520413 0.0105214)
(0.000102104 -0.00089881 0.0110299)
(0.000284326 -8.93912e-05 0.0108408)
(0.000169371 -0.000294217 0.0110577)
(8.87813e-05 -0.000497892 0.0113572)
(9.69625e-05 -0.000673206 0.0117884)
(4.91794e-05 -7.94662e-05 0.0113209)
(4.60263e-05 -0.000224417 0.0115297)
(5.46026e-05 -0.000355005 0.0117655)
(9.28924e-05 -0.000441562 0.012045)
(3.20331e-05 -5.46895e-05 0.0116857)
(5.06896e-05 -0.000153931 0.0118669)
(7.3256e-05 -0.000237724 0.0120449)
(0.000106994 -0.000289736 0.0122229)
(4.3715e-05 -3.40437e-05 0.0119336)
(6.05388e-05 -0.000100504 0.0120989)
(7.91878e-05 -0.000155507 0.0122428)
(0.000102756 -0.000191237 0.0123678)
(4.6599e-05 -2.06088e-05 0.0120937)
(5.84164e-05 -6.49777e-05 0.0122499)
(7.1269e-05 -0.000101911 0.0123741)
(8.65184e-05 -0.000127673 0.0124716)
(4.21739e-05 -1.25248e-05 0.0121957)
(4.9997e-05 -4.24281e-05 0.0123465)
(5.84395e-05 -6.77914e-05 0.0124593)
(6.80872e-05 -8.66436e-05 0.0125418)
(3.51108e-05 -7.74335e-06 0.0122619)
(4.02449e-05 -2.81689e-05 0.0124093)
(4.57621e-05 -4.58677e-05 0.0125154)
(5.18993e-05 -5.96823e-05 0.0125891)
(2.79229e-05 -4.88237e-06 0.0123055)
(3.13193e-05 -1.90056e-05 0.0124509)
(3.49657e-05 -3.1488e-05 0.0125529)
(3.89444e-05 -4.15868e-05 0.0126213)
(2.1613e-05 -3.136e-06 0.0123349)
(2.38884e-05 -1.29974e-05 0.012479)
(2.63387e-05 -2.1861e-05 0.0125783)
(2.89803e-05 -2.92234e-05 0.0126433)
(1.64469e-05 -2.04721e-06 0.0123549)
(1.79914e-05 -8.98511e-06 0.0124981)
(1.96659e-05 -1.53074e-05 0.0125958)
(2.14607e-05 -2.0664e-05 0.0126585)
(1.23766e-05 -1.35499e-06 0.0123687)
(1.34372e-05 -6.26449e-06 0.0125113)
(1.45984e-05 -1.07886e-05 0.0126079)
(1.5842e-05 -1.46808e-05 0.0126691)
(9.24163e-06 -9.07203e-07 0.0123783)
(9.97694e-06 -4.39666e-06 0.0125205)
(1.07915e-05 -7.64149e-06 0.0126163)
(1.16664e-05 -1.04674e-05 0.0126764)
(6.85988e-06 -6.13139e-07 0.012385)
(7.37347e-06 -3.10101e-06 0.012527)
(7.94978e-06 -5.43178e-06 0.0126222)
(8.57179e-06 -7.48193e-06 0.0126816)
(5.06456e-06 -4.17438e-07 0.0123898)
(5.42509e-06 -2.19407e-06 0.0125315)
(5.83493e-06 -3.8688e-06 0.0126263)
(6.27997e-06 -5.35403e-06 0.0126853)
(3.71587e-06 -2.85582e-07 0.0123931)
(3.9695e-06 -1.55361e-06 0.0125347)
(4.26142e-06 -2.75502e-06 0.0126293)
(4.58049e-06 -3.82774e-06 0.0126878)
(2.70201e-06 -1.95631e-07 0.0123955)
(2.88009e-06 -1.09695e-06 0.012537)
(3.0874e-06 -1.95445e-06 0.0126314)
(3.31543e-06 -2.7244e-06 0.0126897)
(1.9362e-06 -1.3346e-07 0.0123971)
(2.0602e-06 -7.67665e-07 0.0125386)
(2.20597e-06 -1.37287e-06 0.0126328)
(2.36726e-06 -1.91876e-06 0.012691)
(1.35386e-06 -9.00614e-08 0.0123983)
(1.43867e-06 -5.27839e-07 0.0125397)
(1.53914e-06 -9.46186e-07 0.0126338)
(1.65084e-06 -1.32488e-06 0.0126918)
(9.12106e-07 -6.02207e-08 0.0123991)
(9.68599e-07 -3.54514e-07 0.0125404)
(1.03583e-06 -6.35378e-07 0.0126345)
(1.11077e-06 -8.90476e-07 0.0126924)
(5.94801e-07 -4.22488e-08 0.0123996)
(6.31462e-07 -2.39431e-07 0.0125409)
(6.75589e-07 -4.25816e-07 0.0126349)
(7.24827e-07 -5.96552e-07 0.0126928)
(4.02134e-07 -2.908e-08 0.0124)
(4.27105e-07 -1.72457e-07 0.0125413)
(4.5876e-07 -3.16214e-07 0.0126353)
(4.9385e-07 -4.44652e-07 0.0126932)
)
;
    }
    procBoundary0to2
    {
        type            processor;
        value           nonuniform List<vector> 
192
(
(0.00243091 -0.00136731 0.00616141)
(-0.000709428 0.000518799 0.00624932)
(-0.000560158 0.00448228 0.0020587)
(-0.000798282 0.000443386 0.000955276)
(0.000331247 0.000297371 0.0244752)
(0.000410664 0.000860511 0.0227255)
(2.37481e-05 0.00138323 0.0245628)
(-0.00103453 0.000959899 0.0262979)
(0.000281159 -0.000321919 0.0138761)
(0.00039192 -0.00024493 0.0132764)
(0.000291353 9.72179e-06 0.0130368)
(0.000195409 0.000170009 0.0128468)
(0.000316328 -0.000391352 0.0141453)
(0.000416725 -0.00040596 0.0138168)
(0.000449668 -0.000290463 0.0134754)
(0.000516931 -0.000161356 0.0130467)
(0.000328624 -0.000304307 0.0136757)
(0.000432607 -0.000322743 0.0134686)
(0.000482852 -0.000284886 0.0132154)
(0.000500914 -0.000231782 0.0129012)
(0.00029252 -0.000214166 0.0132642)
(0.000369855 -0.000227095 0.0131393)
(0.000401875 -0.00021875 0.0129746)
(0.000388462 -0.000202178 0.0127835)
(0.000228385 -0.00014981 0.0130474)
(0.00027484 -0.000158348 0.0129739)
(0.000289654 -0.000158877 0.0128726)
(0.000270445 -0.000155446 0.0127595)
(0.000164894 -0.000106844 0.0129261)
(0.000191076 -0.000112727 0.0128848)
(0.00019696 -0.000115485 0.0128246)
(0.000181188 -0.000116314 0.0127584)
(0.000115064 -7.77525e-05 0.0128548)
(0.000129934 -8.20029e-05 0.0128337)
(0.000132146 -8.49216e-05 0.0127989)
(0.000121234 -8.67748e-05 0.0127596)
(7.94524e-05 -5.72905e-05 0.0128117)
(8.82889e-05 -6.04322e-05 0.0128035)
(8.92535e-05 -6.29154e-05 0.0127841)
(8.23091e-05 -6.47126e-05 0.0127606)
(5.48435e-05 -4.24547e-05 0.0127847)
(6.0431e-05 -4.47851e-05 0.0127849)
(6.10767e-05 -4.67299e-05 0.012775)
(5.68893e-05 -4.81841e-05 0.0127609)
(3.7992e-05 -3.15127e-05 0.0127672)
(4.1744e-05 -3.32354e-05 0.0127729)
(4.23523e-05 -3.47002e-05 0.012769)
(3.99425e-05 -3.57961e-05 0.0127606)
(2.6449e-05 -2.33816e-05 0.0127555)
(2.90895e-05 -2.46492e-05 0.0127649)
(2.97014e-05 -2.57306e-05 0.0127648)
(2.8385e-05 -2.65303e-05 0.0127601)
(1.85108e-05 -1.73248e-05 0.0127475)
(2.04276e-05 -1.82539e-05 0.0127593)
(2.10172e-05 -1.90435e-05 0.0127618)
(2.03465e-05 -1.96179e-05 0.0127595)
(1.30208e-05 -1.28127e-05 0.0127419)
(1.44368e-05 -1.34916e-05 0.0127554)
(1.49733e-05 -1.40647e-05 0.0127596)
(1.46695e-05 -1.44743e-05 0.0127589)
(9.19906e-06 -9.45295e-06 0.012738)
(1.02531e-05 -9.94771e-06 0.0127526)
(1.07176e-05 -1.03624e-05 0.012758)
(1.06134e-05 -1.06538e-05 0.0127584)
(6.51914e-06 -6.95141e-06 0.0127353)
(7.30465e-06 -7.31092e-06 0.0127507)
(7.69105e-06 -7.61013e-06 0.0127568)
(7.68788e-06 -7.81729e-06 0.0127579)
(4.62418e-06 -5.08663e-06 0.0127333)
(5.20736e-06 -5.34676e-06 0.0127492)
(5.51847e-06 -5.56183e-06 0.0127559)
(5.55983e-06 -5.70867e-06 0.0127576)
(3.27074e-06 -3.69185e-06 0.0127319)
(3.69984e-06 -3.87874e-06 0.0127482)
(3.94297e-06 -4.03239e-06 0.0127552)
(3.9986e-06 -4.13592e-06 0.0127573)
(2.29203e-06 -2.64223e-06 0.0127309)
(2.60273e-06 -2.77478e-06 0.0127474)
(2.78681e-06 -2.8833e-06 0.0127548)
(2.84145e-06 -2.95566e-06 0.0127571)
(1.57483e-06 -1.84812e-06 0.0127302)
(1.79398e-06 -1.94008e-06 0.0127469)
(1.92816e-06 -2.01509e-06 0.0127544)
(1.97444e-06 -2.06469e-06 0.0127569)
(1.04747e-06 -1.25612e-06 0.0127298)
(1.19649e-06 -1.31808e-06 0.0127466)
(1.29011e-06 -1.36834e-06 0.0127542)
(1.32553e-06 -1.40118e-06 0.0127568)
(6.76679e-07 -8.55282e-07 0.0127295)
(7.75613e-07 -8.9652e-07 0.0127464)
(8.39402e-07 -9.29446e-07 0.012754)
(8.65618e-07 -9.50357e-07 0.0127567)
(4.5999e-07 -6.51765e-07 0.0127292)
(5.30052e-07 -6.82755e-07 0.0127462)
(5.77301e-07 -7.06414e-07 0.0127539)
(5.99507e-07 -7.20402e-07 0.0127567)
(0.000363631 -0.0021575 0.00710815)
(0.00130473 4.74259e-05 0.00567989)
(0.000441284 0.00241713 0.00124752)
(0.000189489 0.00043918 0.00127561)
(0.000178923 7.31863e-05 0.0150455)
(0.000760545 0.00120435 0.0203229)
(0.000867361 0.00174866 0.028735)
(0.000399995 0.000593601 0.0309375)
(-0.000215314 4.23736e-05 0.0108314)
(-0.000550255 0.000369361 0.0122214)
(-0.000579471 0.000422537 0.0143344)
(-0.000146832 -6.06472e-05 0.0147848)
(-0.00021875 -0.000154879 0.0127188)
(-0.000498163 -3.1049e-05 0.0132447)
(-0.000398964 -4.49128e-05 0.0139952)
(6.48694e-06 -0.000228867 0.0143254)
(-8.22288e-05 -0.000194733 0.0129397)
(-0.000157868 -0.000141617 0.0132769)
(-7.08959e-05 -0.000151057 0.0136186)
(0.000146372 -0.000226508 0.0137646)
(-1.86462e-05 -0.000158958 0.0128749)
(-4.86119e-06 -0.000136594 0.0130843)
(6.50721e-05 -0.000143797 0.0132512)
(0.000183753 -0.000178622 0.0133146)
(2.26639e-06 -0.000118774 0.0127667)
(3.82339e-05 -0.000109551 0.0129262)
(9.30979e-05 -0.000114802 0.0130319)
(0.000164446 -0.000132406 0.0130718)
(7.14188e-06 -8.75404e-05 0.0126681)
(4.22613e-05 -8.37e-05 0.0128111)
(8.27429e-05 -8.74593e-05 0.0128986)
(0.00012737 -9.73109e-05 0.0129344)
(6.92412e-06 -6.45744e-05 0.012591)
(3.51357e-05 -6.30442e-05 0.012729)
(6.39207e-05 -6.57988e-05 0.0128127)
(9.25213e-05 -7.18922e-05 0.0128511)
(5.41603e-06 -4.77409e-05 0.0125349)
(2.64383e-05 -4.72421e-05 0.012672)
(4.66124e-05 -4.93103e-05 0.0127565)
(6.53853e-05 -5.33708e-05 0.0127992)
(3.88941e-06 -3.53607e-05 0.0124951)
(1.90292e-05 -3.53136e-05 0.0126327)
(3.31049e-05 -3.68796e-05 0.0127192)
(4.56967e-05 -3.97074e-05 0.0127658)
(2.67767e-06 -2.62096e-05 0.0124673)
(1.34056e-05 -2.6344e-05 0.0126057)
(2.32259e-05 -2.75281e-05 0.0126941)
(3.18239e-05 -2.95433e-05 0.0127438)
(1.80181e-06 -1.94223e-05 0.0124479)
(9.34915e-06 -1.96125e-05 0.012587)
(1.62158e-05 -2.05032e-05 0.0126769)
(2.21704e-05 -2.19556e-05 0.012729)
(1.19744e-06 -1.438e-05 0.0124343)
(6.49549e-06 -1.45699e-05 0.0125741)
(1.13131e-05 -1.5236e-05 0.0126651)
(1.54827e-05 -1.62881e-05 0.0127189)
(7.90904e-07 -1.06318e-05 0.0124249)
(4.512e-06 -1.07991e-05 0.012565)
(7.9048e-06 -1.12943e-05 0.012657)
(1.08491e-05 -1.20582e-05 0.0127119)
(5.21285e-07 -7.84473e-06 0.0124183)
(3.13945e-06 -7.98299e-06 0.0125587)
(5.53736e-06 -8.34923e-06 0.0126512)
(7.62917e-06 -8.90395e-06 0.012707)
(3.43693e-07 -5.77105e-06 0.0124136)
(2.18916e-06 -5.88086e-06 0.0125543)
(3.88833e-06 -6.15025e-06 0.0126472)
(5.38013e-06 -6.55262e-06 0.0127035)
(2.26902e-07 -4.22543e-06 0.0124104)
(1.52836e-06 -4.31021e-06 0.0125512)
(2.73319e-06 -4.50708e-06 0.0126444)
(3.79806e-06 -4.79799e-06 0.0127011)
(1.49875e-07 -3.069e-06 0.0124081)
(1.0653e-06 -3.1329e-06 0.012549)
(1.91708e-06 -3.27543e-06 0.0126424)
(2.67469e-06 -3.48435e-06 0.0126994)
(9.87074e-08 -2.1981e-06 0.0124065)
(7.37098e-07 -2.24511e-06 0.0125475)
(1.33368e-06 -2.34681e-06 0.012641)
(1.86727e-06 -2.49497e-06 0.0126982)
(6.4299e-08 -1.5381e-06 0.0124054)
(5.01337e-07 -1.57193e-06 0.0125464)
(9.10948e-07 -1.64301e-06 0.0126401)
(1.27903e-06 -1.7459e-06 0.0126973)
(4.06499e-08 -1.04381e-06 0.0124046)
(3.30788e-07 -1.06831e-06 0.0125457)
(6.02911e-07 -1.11726e-06 0.0126394)
(8.48501e-07 -1.18706e-06 0.0126968)
(2.4004e-08 -7.06901e-07 0.0124042)
(2.1176e-07 -7.25969e-07 0.0125453)
(3.86799e-07 -7.60944e-07 0.012639)
(5.46116e-07 -8.08773e-07 0.0126964)
(7.76413e-09 -5.31546e-07 0.0124038)
(1.34166e-07 -5.49605e-07 0.0125449)
(2.59189e-07 -5.78876e-07 0.0126387)
(3.70163e-07 -6.15718e-07 0.0126961)
)
;
    }
}


// ************************************************************************* //
