/*--------------------------------*- C++ -*----------------------------------*\
  =========                 |
  \\      /  F ield         | OpenFOAM: The Open Source CFD Toolbox
   \\    /   O peration     | Website:  https://openfoam.org
    \\  /    A nd           | Version:  6
     \\/     M anipulation  |
\*---------------------------------------------------------------------------*/
FoamFile
{
    version     2.0;
    format      ascii;
    class       volVectorField;
    location    "0.06";
    object      U;
}
// * * * * * * * * * * * * * * * * * * * * * * * * * * * * * * * * * * * * * //

dimensions      [0 1 -1 0 0 0 0];

internalField   nonuniform List<vector> 
1152
(
(-0.0102258 0.00115433 0.00289874)
(-0.0033461 -0.00320282 0.00161854)
(-0.00223564 -0.000544918 0.00848682)
(-0.00145565 0.0083761 0.000530539)
(0.00663497 0.00425606 -0.000111344)
(-0.000206741 0.00887815 0.000119205)
(0.00182789 0.00974235 0.000492687)
(0.00224635 0.00894715 -0.00140162)
(0.00509029 0.00490481 0.0115352)
(0.00189244 0.00317833 0.00968979)
(-0.00131053 0.00134981 0.00980956)
(0.000872304 0.00302949 0.000875198)
(-0.00277997 -0.00151068 0.000923531)
(-0.00090707 0.000165642 0.00217841)
(-0.0010719 0.00120928 0.00194464)
(-6.67173e-05 0.00101639 0.00112281)
(-0.000215588 -0.00135898 0.0107045)
(-0.00107449 -0.000565315 0.0114697)
(-0.000505655 -0.000583281 0.014941)
(0.000433549 -0.000300581 0.0184698)
(0.00202284 -0.00164579 0.0224611)
(0.00106658 -0.0010755 0.0187734)
(0.000977752 -0.000369478 0.0188926)
(0.000767826 0.000226765 0.0219921)
(0.00078138 0.000251901 0.0238285)
(0.00115879 0.000180678 0.0215634)
(0.0011771 0.000596341 0.021611)
(0.000249256 0.000872144 0.0238541)
(-2.72616e-05 0.00105308 0.0235926)
(0.000135916 0.00133334 0.0215668)
(-1.54712e-05 0.0017529 0.0223508)
(-0.00105896 0.00124442 0.0229308)
(0.00138426 -0.00122568 0.0095059)
(0.000177028 -0.00112244 0.0095444)
(-0.000220948 -0.00114222 0.0110586)
(7.45473e-05 -0.0010776 0.0119456)
(0.00108424 -0.00167461 0.0117255)
(0.000519402 -0.00163011 0.0110139)
(0.000188163 -0.00127205 0.0117501)
(0.000267023 -0.000840334 0.0124822)
(0.000456378 -0.00111781 0.0134505)
(0.000495654 -0.00109071 0.0127893)
(0.000403391 -0.00075931 0.0127292)
(0.000342524 -0.000424578 0.0125035)
(0.000268088 -0.000522055 0.0131359)
(0.000289436 -0.000457435 0.0125914)
(0.000191219 -0.000227938 0.0125114)
(0.000150009 -0.000117664 0.0124185)
(0.000949694 -0.000923361 0.0121217)
(0.000360793 -0.000896429 0.0118111)
(3.57289e-05 -0.000860209 0.0120904)
(7.02042e-05 -0.000770183 0.0123118)
(0.000655861 -0.00110868 0.0127385)
(0.000386651 -0.00110405 0.0123883)
(0.000165373 -0.000923232 0.0124992)
(0.000207421 -0.000671761 0.01261)
(0.000421786 -0.000956 0.0134653)
(0.000388503 -0.000946471 0.0131316)
(0.000312571 -0.000766748 0.0129672)
(0.000368369 -0.000525949 0.0127446)
(0.000341324 -0.000687335 0.0137216)
(0.000370448 -0.000680222 0.0134099)
(0.000360518 -0.000556498 0.0131739)
(0.000447932 -0.000400581 0.0128745)
(0.000657488 -0.000567757 0.0126148)
(0.000437577 -0.0005836 0.012417)
(0.000261665 -0.000566229 0.0124052)
(0.000195523 -0.000507899 0.0124162)
(0.000507803 -0.00063492 0.012918)
(0.000416114 -0.000657497 0.012724)
(0.000306876 -0.000588406 0.0126606)
(0.0002732 -0.000469221 0.0126103)
(0.000408312 -0.000599283 0.0132602)
(0.000416247 -0.000613364 0.0130624)
(0.000383226 -0.000539479 0.0129057)
(0.000376591 -0.000417586 0.0127319)
(0.0003575 -0.000493657 0.0134981)
(0.00041805 -0.000504226 0.0132957)
(0.000435995 -0.000450502 0.01309)
(0.00045356 -0.000364008 0.0128425)
(0.000440769 -0.000379688 0.0127434)
(0.000375127 -0.000389888 0.0126204)
(0.000292898 -0.000378311 0.0125511)
(0.000224403 -0.000343627 0.0125013)
(0.000381379 -0.00039903 0.0129107)
(0.000364552 -0.000413745 0.0127928)
(0.00031595 -0.000386395 0.0127052)
(0.00026833 -0.000331369 0.0126262)
(0.000341814 -0.000382596 0.0130851)
(0.000366545 -0.000393247 0.0129646)
(0.000353685 -0.000363329 0.0128422)
(0.0003233 -0.000308405 0.0127142)
(0.000314788 -0.000329017 0.0132251)
(0.000369357 -0.000338273 0.0131013)
(0.000383862 -0.000317549 0.0129549)
(0.000367357 -0.00027941 0.0127908)
(0.000295718 -0.000259051 0.012765)
(0.000279598 -0.000262542 0.0126997)
(0.000240223 -0.000254068 0.0126417)
(0.000191209 -0.000233998 0.0125915)
(0.000272917 -0.000265006 0.0128791)
(0.000276915 -0.000271554 0.0128114)
(0.00025384 -0.000259337 0.0127432)
(0.000215958 -0.000233239 0.0126777)
(0.000257171 -0.000252905 0.0129845)
(0.000278698 -0.000258568 0.0129131)
(0.000271949 -0.000246564 0.0128297)
(0.00024341 -0.000222299 0.0127435)
(0.000243394 -0.000220846 0.0130702)
(0.0002794 -0.000226811 0.0129963)
(0.000285885 -0.00021978 0.0129016)
(0.000264306 -0.000204169 0.0127988)
(0.000198517 -0.000177894 0.012764)
(0.000196365 -0.000177922 0.0127352)
(0.000176345 -0.000171964 0.0126985)
(0.000144937 -0.000160423 0.0126619)
(0.000189564 -0.000180754 0.0128506)
(0.000196405 -0.000183159 0.0128151)
(0.000184333 -0.000177074 0.0127705)
(0.000158596 -0.000164224 0.012725)
(0.000182658 -0.000171894 0.0129224)
(0.00019729 -0.000174931 0.0128823)
(0.00019289 -0.000170184 0.0128297)
(0.000172018 -0.000159516 0.0127744)
(0.000175088 -0.000151593 0.0129784)
(0.000196553 -0.000155632 0.0129362)
(0.000198523 -0.000154034 0.012878)
(0.000181248 -0.000148294 0.0128152)
(0.000134228 -0.000122804 0.01276)
(0.000135412 -0.000121779 0.0127538)
(0.000124577 -0.000117835 0.0127346)
(0.0001051 -0.000111153 0.0127109)
(0.000130373 -0.000125158 0.0128298)
(0.000135941 -0.000125979 0.012815)
(0.000129153 -0.00012279 0.0127888)
(0.00011264 -0.00011622 0.0127593)
(0.000126811 -0.000119329 0.012883)
(0.00013611 -0.000121202 0.0128631)
(0.000133146 -0.000119466 0.0128316)
(0.000119239 -0.000114758 0.0127968)
(0.000122181 -0.00010645 0.0129221)
(0.000134812 -0.000109414 0.0129001)
(0.000135068 -0.000109796 0.0128656)
(0.00012316 -0.000108047 0.0128273)
(9.1595e-05 -8.54198e-05 0.0127575)
(9.33018e-05 -8.43109e-05 0.0127656)
(8.71985e-05 -8.17715e-05 0.0127586)
(7.521e-05 -7.78156e-05 0.0127446)
(8.97075e-05 -8.76493e-05 0.0128164)
(9.37325e-05 -8.79331e-05 0.012815)
(8.98157e-05 -8.6216e-05 0.0128017)
(7.94649e-05 -8.27114e-05 0.0127833)
(8.75856e-05 -8.41347e-05 0.0128583)
(9.35415e-05 -8.54242e-05 0.0128516)
(9.16693e-05 -8.49254e-05 0.012834)
(8.28026e-05 -8.28257e-05 0.0128124)
(8.45209e-05 -7.60293e-05 0.0128873)
(9.22033e-05 -7.8269e-05 0.0128785)
(9.20856e-05 -7.92197e-05 0.0128588)
(8.44298e-05 -7.89621e-05 0.0128353)
(6.30932e-05 -5.9872e-05 0.0127564)
(6.46576e-05 -5.89759e-05 0.0127735)
(6.11559e-05 -5.73533e-05 0.0127748)
(5.37625e-05 -5.4937e-05 0.0127676)
(6.20259e-05 -6.19156e-05 0.012808)
(6.4915e-05 -6.20402e-05 0.0128154)
(6.2676e-05 -6.10985e-05 0.0128107)
(5.62528e-05 -5.9139e-05 0.0127999)
(6.06257e-05 -5.99507e-05 0.0128427)
(6.45957e-05 -6.08929e-05 0.0128447)
(6.35367e-05 -6.08771e-05 0.0128362)
(5.80228e-05 -5.99246e-05 0.012823)
(5.84956e-05 -5.48871e-05 0.0128653)
(6.34301e-05 -5.65813e-05 0.0128651)
(6.34099e-05 -5.75639e-05 0.0128549)
(5.86899e-05 -5.77919e-05 0.0128405)
(4.38257e-05 -4.22612e-05 0.0127561)
(4.51327e-05 -4.161e-05 0.0127791)
(4.31218e-05 -4.05659e-05 0.012786)
(3.85401e-05 -3.90368e-05 0.0127834)
(4.31448e-05 -4.40365e-05 0.0128027)
(4.52624e-05 -4.41207e-05 0.012816)
(4.40288e-05 -4.35938e-05 0.012817)
(4.0063e-05 -4.24415e-05 0.0128112)
(4.21632e-05 -4.30247e-05 0.0128327)
(4.49319e-05 -4.37297e-05 0.0128405)
(4.44304e-05 -4.3878e-05 0.0128379)
(4.10608e-05 -4.3434e-05 0.0128301)
(4.06414e-05 -3.9875e-05 0.0128511)
(4.39914e-05 -4.11475e-05 0.0128565)
(4.41531e-05 -4.19875e-05 0.0128523)
(4.13357e-05 -4.23191e-05 0.0128437)
(3.06626e-05 -3.00108e-05 0.0127561)
(3.17226e-05 -2.95598e-05 0.0127831)
(3.05813e-05 -2.8878e-05 0.0127937)
(2.77266e-05 -2.78761e-05 0.0127942)
(3.01921e-05 -3.14883e-05 0.0127995)
(3.17764e-05 -3.15625e-05 0.0128166)
(3.1141e-05 -3.12605e-05 0.0128214)
(2.87002e-05 -3.05479e-05 0.0128191)
(2.94815e-05 -3.10277e-05 0.0128262)
(3.14836e-05 -3.15586e-05 0.0128378)
(3.13304e-05 -3.17407e-05 0.0128391)
(2.93012e-05 -3.15244e-05 0.012835)
(2.83782e-05 -2.90719e-05 0.0128416)
(3.07546e-05 -3.00208e-05 0.0128509)
(3.10502e-05 -3.06852e-05 0.0128506)
(2.94192e-05 -3.09901e-05 0.0128457)
(2.15851e-05 -2.14172e-05 0.0127563)
(2.2432e-05 -2.11116e-05 0.0127859)
(2.17992e-05 -2.06583e-05 0.012799)
(2.00111e-05 -1.99813e-05 0.0128018)
(2.12458e-05 -2.2609e-05 0.0127973)
(2.24462e-05 -2.26771e-05 0.0128171)
(2.2157e-05 -2.24991e-05 0.0128245)
(2.06585e-05 -2.20376e-05 0.0128245)
(2.07236e-05 -2.24492e-05 0.0128218)
(2.22054e-05 -2.28486e-05 0.012836)
(2.22482e-05 -2.30158e-05 0.0128399)
(2.10437e-05 -2.2903e-05 0.0128382)
(1.99181e-05 -2.12349e-05 0.0128352)
(2.16533e-05 -2.19382e-05 0.012847)
(2.2012e-05 -2.2444e-05 0.0128494)
(2.11001e-05 -2.26884e-05 0.0128469)
(1.52729e-05 -1.53431e-05 0.0127565)
(1.59415e-05 -1.51378e-05 0.0127879)
(1.56038e-05 -1.48309e-05 0.0128027)
(1.44777e-05 -1.4362e-05 0.012807)
(1.50235e-05 -1.62826e-05 0.012796)
(1.59375e-05 -1.63431e-05 0.0128175)
(1.58401e-05 -1.62346e-05 0.0128267)
(1.49219e-05 -1.59242e-05 0.0128282)
(1.46377e-05 -1.62761e-05 0.0128188)
(1.57478e-05 -1.65753e-05 0.0128349)
(1.58856e-05 -1.6713e-05 0.0128405)
(1.51817e-05 -1.66488e-05 0.0128405)
(1.4048e-05 -1.55215e-05 0.0128308)
(1.53355e-05 -1.60403e-05 0.0128443)
(1.5701e-05 -1.64171e-05 0.0128484)
(1.52139e-05 -1.66016e-05 0.0128476)
(1.08497e-05 -1.10204e-05 0.0127568)
(1.13716e-05 -1.08826e-05 0.0127894)
(1.1202e-05 -1.06715e-05 0.0128053)
(1.04891e-05 -1.03407e-05 0.0128107)
(1.06654e-05 -1.17483e-05 0.0127951)
(1.13608e-05 -1.17995e-05 0.0128178)
(1.13625e-05 -1.17313e-05 0.0128282)
(1.08009e-05 -1.15163e-05 0.0128309)
(1.03803e-05 -1.18114e-05 0.0128168)
(1.12152e-05 -1.20343e-05 0.012834)
(1.13866e-05 -1.21418e-05 0.0128409)
(1.09826e-05 -1.21018e-05 0.012842)
(9.94863e-06 -1.13419e-05 0.0128277)
(1.09103e-05 -1.17229e-05 0.0128424)
(1.12477e-05 -1.20002e-05 0.0128477)
(1.10049e-05 -1.2135e-05 0.0128481)
(7.72672e-06 -7.92415e-06 0.0127569)
(8.12923e-06 -7.83145e-06 0.0127904)
(8.05301e-06 -7.68426e-06 0.0128072)
(7.59914e-06 -7.44802e-06 0.0128133)
(7.59068e-06 -8.48009e-06 0.0127945)
(8.11717e-06 -8.52187e-06 0.0128181)
(8.16431e-06 -8.47748e-06 0.0128292)
(7.82134e-06 -8.32561e-06 0.0128327)
(7.38059e-06 -8.56755e-06 0.0128154)
(8.00765e-06 -8.73246e-06 0.0128334)
(8.17808e-06 -8.81382e-06 0.0128412)
(7.95143e-06 -8.78685e-06 0.012843)
(7.0652e-06 -8.27495e-06 0.0128256)
(7.78376e-06 -8.55362e-06 0.0128411)
(8.07578e-06 -8.75587e-06 0.0128472)
(7.96896e-06 -8.85256e-06 0.0128483)
(5.50387e-06 -5.69122e-06 0.0127571)
(5.81034e-06 -5.62855e-06 0.0127911)
(5.78374e-06 -5.52506e-06 0.0128085)
(5.49341e-06 -5.35534e-06 0.0128152)
(5.40403e-06 -6.11024e-06 0.012794)
(5.79946e-06 -6.14316e-06 0.0128182)
(5.86202e-06 -6.11349e-06 0.01283)
(5.65286e-06 -6.00497e-06 0.012834)
(5.25008e-06 -6.19877e-06 0.0128144)
(5.71829e-06 -6.31985e-06 0.012833)
(5.87064e-06 -6.38007e-06 0.0128414)
(5.74703e-06 -6.36083e-06 0.0128438)
(5.0206e-06 -6.01624e-06 0.012824)
(5.55515e-06 -6.21894e-06 0.0128401)
(5.79644e-06 -6.36542e-06 0.0128468)
(5.7613e-06 -6.4341e-06 0.0128485)
(3.90665e-06 -4.06774e-06 0.0127572)
(4.13641e-06 -4.02527e-06 0.0127916)
(4.13439e-06 -3.95229e-06 0.0128094)
(3.94808e-06 -3.8304e-06 0.0128165)
(3.83413e-06 -4.37895e-06 0.0127937)
(4.12756e-06 -4.40413e-06 0.0128183)
(4.18977e-06 -4.38388e-06 0.0128305)
(4.06247e-06 -4.30608e-06 0.0128349)
(3.72234e-06 -4.45762e-06 0.0128137)
(4.06832e-06 -4.54557e-06 0.0128327)
(4.19563e-06 -4.58932e-06 0.0128415)
(4.13062e-06 -4.57509e-06 0.0128443)
(3.55663e-06 -4.34378e-06 0.012823)
(3.9506e-06 -4.49004e-06 0.0128394)
(4.14262e-06 -4.59526e-06 0.0128465)
(4.142e-06 -4.64377e-06 0.0128486)
(2.74546e-06 -2.87511e-06 0.0127573)
(2.91417e-06 -2.84648e-06 0.012792)
(2.92267e-06 -2.7953e-06 0.01281)
(2.80324e-06 -2.70855e-06 0.0128174)
(2.69366e-06 -3.10183e-06 0.0127936)
(2.90746e-06 -3.12053e-06 0.0128184)
(2.96169e-06 -3.10659e-06 0.0128309)
(2.88457e-06 -3.05121e-06 0.0128356)
(2.6137e-06 -3.16636e-06 0.0128133)
(2.86501e-06 -3.22926e-06 0.0128325)
(2.96588e-06 -3.26039e-06 0.0128416)
(2.93341e-06 -3.2498e-06 0.0128446)
(2.49562e-06 -3.09561e-06 0.0128222)
(2.7813e-06 -3.19968e-06 0.0128389)
(2.92864e-06 -3.27426e-06 0.0128463)
(2.9422e-06 -3.30817e-06 0.0128487)
(1.89061e-06 -1.98997e-06 0.0127573)
(2.01078e-06 -1.97108e-06 0.0127922)
(2.02218e-06 -1.93583e-06 0.0128105)
(1.94635e-06 -1.87533e-06 0.012818)
(1.85466e-06 -2.15058e-06 0.0127934)
(2.00601e-06 -2.16407e-06 0.0128185)
(2.04922e-06 -2.1546e-06 0.0128311)
(2.003e-06 -2.11599e-06 0.012836)
(1.79881e-06 -2.2003e-06 0.0128129)
(1.97638e-06 -2.24425e-06 0.0128324)
(2.0522e-06 -2.26587e-06 0.0128416)
(2.03729e-06 -2.25822e-06 0.0128449)
(1.71654e-06 -2.15691e-06 0.0128217)
(1.9182e-06 -2.22926e-06 0.0128386)
(2.0266e-06 -2.2809e-06 0.0128462)
(2.04392e-06 -2.30403e-06 0.0128487)
(1.26025e-06 -1.33603e-06 0.0127574)
(1.3421e-06 -1.32443e-06 0.0127924)
(1.35245e-06 -1.30094e-06 0.0128108)
(1.30518e-06 -1.26005e-06 0.0128184)
(1.23628e-06 -1.44612e-06 0.0127933)
(1.33887e-06 -1.45576e-06 0.0128185)
(1.37062e-06 -1.44961e-06 0.0128313)
(1.34342e-06 -1.42361e-06 0.0128363)
(1.1984e-06 -1.48276e-06 0.0128127)
(1.31884e-06 -1.51267e-06 0.0128323)
(1.37268e-06 -1.52729e-06 0.0128416)
(1.36678e-06 -1.52201e-06 0.012845)
(1.14274e-06 -1.45727e-06 0.0128213)
(1.27968e-06 -1.50607e-06 0.0128383)
(1.35559e-06 -1.54067e-06 0.0128461)
(1.37173e-06 -1.55581e-06 0.0128487)
(8.16903e-07 -8.84583e-07 0.0127574)
(8.69602e-07 -8.78326e-07 0.0127925)
(8.77315e-07 -8.62818e-07 0.012811)
(8.48291e-07 -8.35425e-07 0.0128187)
(8.0145e-07 -9.59242e-07 0.0127933)
(8.67511e-07 -9.66439e-07 0.0128185)
(8.8937e-07 -9.62622e-07 0.0128314)
(8.73642e-07 -9.45426e-07 0.0128365)
(7.75779e-07 -9.86944e-07 0.0128126)
(8.54223e-07 -1.00725e-06 0.0128322)
(8.90881e-07 -1.01696e-06 0.0128417)
(8.89427e-07 -1.01324e-06 0.0128452)
(7.38376e-07 -9.74057e-07 0.0128211)
(8.28457e-07 -1.00653e-06 0.0128382)
(8.79923e-07 -1.02911e-06 0.012846)
(8.93366e-07 -1.03846e-06 0.0128487)
(5.58796e-07 -6.30333e-07 0.0127574)
(5.92616e-07 -6.2901e-07 0.0127926)
(5.97616e-07 -6.19086e-07 0.0128112)
(5.77551e-07 -5.99478e-07 0.0128189)
(5.47451e-07 -6.87493e-07 0.0127933)
(5.90211e-07 -6.93876e-07 0.0128186)
(6.05578e-07 -6.91841e-07 0.0128315)
(5.95747e-07 -6.7962e-07 0.0128367)
(5.28279e-07 -7.13059e-07 0.0128125)
(5.80688e-07 -7.27891e-07 0.0128322)
(6.06951e-07 -7.34696e-07 0.0128417)
(6.07812e-07 -7.3136e-07 0.0128452)
(5.00928e-07 -7.08669e-07 0.0128209)
(5.62768e-07 -7.31968e-07 0.0128381)
(5.99978e-07 -7.4758e-07 0.0128459)
(6.11876e-07 -7.53149e-07 0.0128488)
(-0.00436342 -0.00037446 0.0175597)
(-0.0198567 -0.00549182 -0.00349762)
(-0.0349588 -0.0121017 -0.0188552)
(-0.00852028 -0.00893856 0.00116848)
(-0.000214431 0.000973155 0.00251539)
(-0.00120234 0.00626084 0.00964357)
(-0.00145005 0.00154448 0.0100251)
(-0.00206926 -0.00215942 0.0094408)
(0.000129913 9.99348e-05 0.00115245)
(0.00384091 0.000657749 0.00792636)
(0.00736437 0.000932217 0.00518646)
(0.0124336 -0.00740623 0.00245195)
(0.0007431 -0.000201479 0.000618534)
(0.013556 -0.00783261 0.00335801)
(0.00396635 -0.00376969 0.00928622)
(0.000553555 -0.000665085 0.00194681)
(0.00102523 0.000573267 0.0317688)
(0.00160577 0.000357058 0.0296417)
(4.30802e-05 -0.00119551 0.0205759)
(0.000337844 -0.00202303 0.0162462)
(-0.00215638 0.00282335 0.0239079)
(-0.00134212 0.00188246 0.0223993)
(0.000620795 0.000146404 0.0195865)
(0.00146454 -0.00117077 0.0195118)
(-0.0010698 0.00123093 0.0200313)
(-0.000280944 0.00132586 0.01976)
(0.00152591 0.000772985 0.0205814)
(0.00111118 -0.000350323 0.0240501)
(-0.000496635 0.000254797 0.0222393)
(0.000569488 0.000242033 0.0218474)
(0.00108092 0.000220008 0.0231745)
(0.000906629 0.000477514 0.027047)
(0.00129454 -0.000162991 0.0167734)
(0.00238652 0.000196272 0.0153118)
(0.00244905 -0.000220937 0.0127665)
(0.00217677 -0.00080843 0.0112481)
(-0.00051586 0.0014903 0.0130583)
(0.000267089 0.00105083 0.0134859)
(0.000909004 6.92487e-05 0.0128541)
(0.00114616 -0.000930372 0.0122898)
(-0.000308361 0.000924182 0.0110961)
(-0.000122584 0.000672768 0.0121404)
(0.000166477 -7.78343e-05 0.0125899)
(0.000266613 -0.000805107 0.0132199)
(-0.000144357 0.000494855 0.0107489)
(-0.000304852 0.000352919 0.0119288)
(-0.000272387 -9.80952e-05 0.0133429)
(7.60273e-05 -0.000476224 0.013797)
(0.000789142 -0.000443269 0.0148105)
(0.00128571 -0.000291541 0.0142937)
(0.00146207 -0.000397953 0.0135147)
(0.00134688 -0.000655662 0.0128828)
(-3.45345e-05 0.000293156 0.0136462)
(0.00033756 0.000107117 0.0136579)
(0.000654728 -0.000297179 0.0134087)
(0.000737012 -0.000759743 0.0131232)
(-9.61675e-05 0.000182667 0.0128696)
(-4.56534e-05 -7.2716e-06 0.0131572)
(0.000120138 -0.000395725 0.0133825)
(0.000292658 -0.000771479 0.013538)
(-0.000113953 3.5536e-06 0.0125798)
(-0.000284491 -0.000110075 0.0130288)
(-0.000203 -0.00036997 0.0136448)
(0.00010681 -0.000599278 0.0138939)
(0.000486706 -0.000377788 0.0133102)
(0.000701361 -0.000321869 0.0132438)
(0.00079408 -0.000362922 0.013059)
(0.000778739 -0.00045984 0.012881)
(0.000124192 -9.64603e-05 0.0130498)
(0.000304659 -0.00016118 0.0131568)
(0.000453263 -0.000308216 0.0131367)
(0.000512303 -0.000485607 0.013062)
(3.69575e-05 -0.000106408 0.0129009)
(9.56823e-05 -0.000190142 0.0131228)
(0.00020043 -0.000346058 0.0132764)
(0.000318531 -0.000504436 0.0133409)
(-2.02349e-05 -0.000187703 0.0128648)
(-6.02363e-05 -0.000231153 0.0131742)
(2.1366e-05 -0.000332249 0.0134693)
(0.000203102 -0.000433419 0.0135933)
(0.000318256 -0.000306211 0.0128163)
(0.000408445 -0.000289846 0.0128707)
(0.000456122 -0.000306992 0.0128659)
(0.000467422 -0.000342184 0.0128395)
(0.000150247 -0.000210295 0.0128062)
(0.000239045 -0.000229453 0.012925)
(0.000314881 -0.000279416 0.0129717)
(0.000361164 -0.000341769 0.0129712)
(7.74087e-05 -0.000196098 0.0128246)
(0.000131436 -0.000224191 0.0129911)
(0.000202755 -0.000279751 0.013096)
(0.00027916 -0.000339589 0.0131335)
(2.12719e-05 -0.000210818 0.0128529)
(4.04556e-05 -0.000222072 0.0130624)
(0.000110926 -0.000256343 0.0132185)
(0.000218019 -0.00029769 0.0132775)
(0.000216578 -0.000230596 0.0125979)
(0.000258298 -0.000226574 0.0126975)
(0.000283719 -0.000234538 0.012756)
(0.000297259 -0.000247904 0.0127871)
(0.00012937 -0.00020195 0.0126699)
(0.000178045 -0.000206457 0.0127956)
(0.000220284 -0.000222885 0.0128679)
(0.000252298 -0.000244073 0.0128983)
(7.49237e-05 -0.000187798 0.0127394)
(0.000117953 -0.000195172 0.0128841)
(0.000166276 -0.000213716 0.0129722)
(0.000215582 -0.000235333 0.0130068)
(2.99715e-05 -0.000176863 0.0127881)
(6.41388e-05 -0.000177702 0.0129513)
(0.000118154 -0.000189181 0.0130568)
(0.000184252 -0.000206147 0.0130961)
(0.000149559 -0.000167846 0.0125079)
(0.000170511 -0.000167255 0.0126222)
(0.000184703 -0.000170885 0.012702)
(0.000195246 -0.000175979 0.0127535)
(9.96707e-05 -0.000162186 0.0125926)
(0.000128514 -0.000161924 0.0127209)
(0.000153483 -0.000166638 0.0128031)
(0.000174499 -0.000173339 0.0128474)
(6.03529e-05 -0.000151036 0.0126667)
(9.22497e-05 -0.000151441 0.0128041)
(0.00012468 -0.000157038 0.0128884)
(0.000156276 -0.00016466 0.0129269)
(2.72555e-05 -0.000134145 0.0127161)
(5.93424e-05 -0.000132779 0.012862)
(9.80861e-05 -0.000136764 0.0129509)
(0.000139511 -0.000144257 0.0129873)
(0.000104012 -0.00011988 0.0124659)
(0.000115475 -0.000120023 0.0125855)
(0.000123717 -0.000121675 0.0126733)
(0.000131072 -0.000123655 0.012733)
(7.32488e-05 -0.000121495 0.012544)
(9.13389e-05 -0.00011995 0.0126738)
(0.000106737 -0.000120738 0.0127611)
(0.000120364 -0.000122543 0.0128129)
(4.53411e-05 -0.000113732 0.0126107)
(6.81589e-05 -0.000112179 0.012746)
(8.98918e-05 -0.000113392 0.0128311)
(0.000110253 -0.000116055 0.0128747)
(2.16224e-05 -9.85758e-05 0.0126547)
(4.7181e-05 -9.69884e-05 0.0127943)
(7.41693e-05 -9.84704e-05 0.0128793)
(0.000100559 -0.000102263 0.0129186)
(7.26839e-05 -8.5005e-05 0.0124455)
(7.93834e-05 -8.52235e-05 0.012567)
(8.43477e-05 -8.59814e-05 0.0126581)
(8.93192e-05 -8.67922e-05 0.0127213)
(5.27417e-05 -8.84742e-05 0.0125129)
(6.44723e-05 -8.68481e-05 0.0126438)
(7.42796e-05 -8.64565e-05 0.0127342)
(8.31798e-05 -8.67138e-05 0.0127906)
(3.30678e-05 -8.34381e-05 0.0125702)
(4.90861e-05 -8.16484e-05 0.0127056)
(6.37234e-05 -8.14982e-05 0.0127928)
(7.70436e-05 -8.24361e-05 0.0128411)
(1.61925e-05 -7.17366e-05 0.0126078)
(3.51969e-05 -7.04778e-05 0.0127458)
(5.38244e-05 -7.11222e-05 0.0128312)
(7.10024e-05 -7.33426e-05 0.0128747)
(5.10142e-05 -6.0172e-05 0.0124346)
(5.51251e-05 -6.03417e-05 0.012557)
(5.82033e-05 -6.07064e-05 0.0126496)
(6.15488e-05 -6.10853e-05 0.0127145)
(3.76489e-05 -6.36625e-05 0.0124926)
(4.54108e-05 -6.23169e-05 0.0126244)
(5.18066e-05 -6.16981e-05 0.0127169)
(5.77087e-05 -6.15513e-05 0.0127764)
(2.37997e-05 -6.0546e-05 0.0125419)
(3.49384e-05 -5.90388e-05 0.0126779)
(4.48623e-05 -5.85759e-05 0.0127673)
(5.37337e-05 -5.89348e-05 0.0128193)
(1.17936e-05 -5.20982e-05 0.0125737)
(2.54648e-05 -5.12201e-05 0.0127117)
(3.83124e-05 -5.15776e-05 0.0127989)
(4.97407e-05 -5.30327e-05 0.0128463)
(3.5957e-05 -4.26453e-05 0.0124286)
(3.85636e-05 -4.27662e-05 0.0125514)
(4.05152e-05 -4.29587e-05 0.0126447)
(4.2778e-05 -4.31766e-05 0.0127106)
(2.67994e-05 -4.56128e-05 0.0124793)
(3.19999e-05 -4.45997e-05 0.0126117)
(3.62443e-05 -4.40495e-05 0.0127057)
(4.02218e-05 -4.38599e-05 0.0127672)
(1.7034e-05 -4.37444e-05 0.0125223)
(2.47468e-05 -4.26083e-05 0.0126591)
(3.15202e-05 -4.21677e-05 0.0127502)
(3.75286e-05 -4.23438e-05 0.0128049)
(8.47239e-06 -3.78468e-05 0.0125495)
(1.81459e-05 -3.72711e-05 0.0126881)
(2.70297e-05 -3.7521e-05 0.0127771)
(3.47785e-05 -3.85445e-05 0.0128275)
(2.54483e-05 -3.02999e-05 0.0124251)
(2.71381e-05 -3.03878e-05 0.0125481)
(2.83963e-05 -3.05032e-05 0.0126419)
(2.9939e-05 -3.06565e-05 0.0127083)
(1.90783e-05 -3.26575e-05 0.0124705)
(2.25938e-05 -3.19296e-05 0.0126034)
(2.54482e-05 -3.1512e-05 0.0126984)
(2.81675e-05 -3.13724e-05 0.0127612)
(1.21706e-05 -3.15649e-05 0.0125089)
(1.75066e-05 -3.0752e-05 0.0126463)
(2.216e-05 -3.04151e-05 0.0127387)
(2.62878e-05 -3.05373e-05 0.0127954)
(6.0478e-06 -2.75166e-05 0.0125325)
(1.28402e-05 -2.71531e-05 0.0126717)
(1.90074e-05 -2.73515e-05 0.0127622)
(2.43431e-05 -2.80992e-05 0.0128149)
(1.80803e-05 -2.15924e-05 0.012423)
(1.91927e-05 -2.16589e-05 0.0125461)
(2.00146e-05 -2.17368e-05 0.0126402)
(2.10751e-05 -2.18579e-05 0.012707)
(1.36023e-05 -2.34039e-05 0.0124645)
(1.59959e-05 -2.28937e-05 0.0125978)
(1.7936e-05 -2.25979e-05 0.0126935)
(1.98174e-05 -2.25155e-05 0.0127573)
(8.69806e-06 -2.27799e-05 0.0124997)
(1.23949e-05 -2.22135e-05 0.0126375)
(1.56118e-05 -2.19786e-05 0.012731)
(1.84808e-05 -2.2083e-05 0.012789)
(4.3073e-06 -2.00222e-05 0.0125207)
(9.06419e-06 -1.97985e-05 0.0126604)
(1.33651e-05 -1.99625e-05 0.012752)
(1.70838e-05 -2.05182e-05 0.0128064)
(1.28892e-05 -1.5431e-05 0.0124217)
(1.36298e-05 -1.54827e-05 0.0125449)
(1.41724e-05 -1.55398e-05 0.0126391)
(1.49072e-05 -1.5639e-05 0.0127061)
(9.71747e-06 -1.67976e-05 0.0124606)
(1.13576e-05 -1.64443e-05 0.0125941)
(1.26879e-05 -1.6242e-05 0.0126903)
(1.40022e-05 -1.62022e-05 0.0127547)
(6.22359e-06 -1.64508e-05 0.0124933)
(8.79166e-06 -1.60614e-05 0.0126315)
(1.10287e-05 -1.59053e-05 0.0127257)
(1.30411e-05 -1.59989e-05 0.0127847)
(3.0675e-06 -1.45764e-05 0.0125125)
(6.39977e-06 -1.44415e-05 0.0126526)
(9.41299e-06 -1.45767e-05 0.012745)
(1.2029e-05 -1.49923e-05 0.0128005)
(9.21287e-06 -1.10528e-05 0.0124209)
(9.7104e-06 -1.10932e-05 0.0125441)
(1.00718e-05 -1.11366e-05 0.0126385)
(1.05844e-05 -1.12177e-05 0.0127056)
(6.9547e-06 -1.20719e-05 0.0124579)
(8.08485e-06 -1.18286e-05 0.0125916)
(9.00382e-06 -1.16927e-05 0.0126881)
(9.92879e-06 -1.16795e-05 0.012753)
(4.45865e-06 -1.18861e-05 0.012489)
(6.24837e-06 -1.16199e-05 0.0126274)
(7.81203e-06 -1.15191e-05 0.0127221)
(9.23361e-06 -1.16012e-05 0.0127817)
(2.18638e-06 -1.06112e-05 0.0125067)
(4.52455e-06 -1.05312e-05 0.0126472)
(6.64452e-06 -1.06408e-05 0.0127401)
(8.49734e-06 -1.09514e-05 0.0127964)
(6.59449e-06 -7.92553e-06 0.0124203)
(6.93108e-06 -7.95698e-06 0.0125436)
(7.17369e-06 -7.99023e-06 0.0126381)
(7.53293e-06 -8.05538e-06 0.0127053)
(4.98195e-06 -8.6793e-06 0.012456)
(5.76433e-06 -8.51189e-06 0.0125899)
(6.40272e-06 -8.42141e-06 0.0126866)
(7.05697e-06 -8.42282e-06 0.0127518)
(3.19598e-06 -8.58513e-06 0.0124859)
(4.44689e-06 -8.40331e-06 0.0126246)
(5.54426e-06 -8.33933e-06 0.0127196)
(6.55306e-06 -8.40885e-06 0.0127797)
(1.55933e-06 -7.71606e-06 0.0125027)
(3.20295e-06 -7.66941e-06 0.0126434)
(4.69916e-06 -7.75641e-06 0.0127367)
(6.01713e-06 -7.98773e-06 0.0127935)
(4.71725e-06 -5.67796e-06 0.01242)
(4.9461e-06 -5.70207e-06 0.0125433)
(5.10983e-06 -5.72736e-06 0.0126378)
(5.36216e-06 -5.77854e-06 0.0127051)
(3.5654e-06 -6.23113e-06 0.0124548)
(4.10854e-06 -6.11594e-06 0.0125888)
(4.55348e-06 -6.05584e-06 0.0126856)
(5.01718e-06 -6.06401e-06 0.012751)
(2.28821e-06 -6.18767e-06 0.0124839)
(3.16378e-06 -6.06344e-06 0.0126226)
(3.93536e-06 -6.02318e-06 0.0127178)
(4.65241e-06 -6.08e-06 0.0127782)
(1.11122e-06 -5.59414e-06 0.0124999)
(2.26732e-06 -5.56731e-06 0.0126407)
(3.3245e-06 -5.63491e-06 0.0127344)
(4.26328e-06 -5.80604e-06 0.0127915)
(3.36014e-06 -4.04957e-06 0.0124198)
(3.51597e-06 -4.06772e-06 0.0125431)
(3.62663e-06 -4.08661e-06 0.0126376)
(3.80349e-06 -4.12585e-06 0.012705)
(2.54038e-06 -4.45164e-06 0.0124539)
(2.91722e-06 -4.37243e-06 0.012588)
(3.22714e-06 -4.33251e-06 0.0126849)
(3.55498e-06 -4.34278e-06 0.0127504)
(1.63083e-06 -4.43507e-06 0.0124824)
(2.24262e-06 -4.3502e-06 0.0126213)
(2.78415e-06 -4.32496e-06 0.0127166)
(3.29247e-06 -4.36984e-06 0.0127772)
(7.8872e-07 -4.02986e-06 0.012498)
(1.59994e-06 -4.01462e-06 0.0126389)
(2.34505e-06 -4.06596e-06 0.0127327)
(3.01178e-06 -4.19125e-06 0.0127901)
(2.36828e-06 -2.85718e-06 0.0124196)
(2.47393e-06 -2.87056e-06 0.012543)
(2.54838e-06 -2.88434e-06 0.0126375)
(2.67116e-06 -2.91361e-06 0.0127049)
(1.79089e-06 -3.14512e-06 0.0124533)
(2.05059e-06 -3.09099e-06 0.0125874)
(2.26493e-06 -3.06457e-06 0.0126844)
(2.49451e-06 -3.07442e-06 0.01275)
(1.14995e-06 -3.14187e-06 0.0124814)
(1.57415e-06 -3.08417e-06 0.0126203)
(1.95107e-06 -3.0684e-06 0.0127158)
(2.30796e-06 -3.10265e-06 0.0127765)
(5.54247e-07 -2.86681e-06 0.0124966)
(1.11876e-06 -2.85827e-06 0.0126376)
(1.63925e-06 -2.89627e-06 0.0127315)
(2.10813e-06 -2.98653e-06 0.0127891)
(1.63466e-06 -1.97383e-06 0.0124196)
(1.70526e-06 -1.98365e-06 0.0125429)
(1.75464e-06 -1.99363e-06 0.0126375)
(1.838e-06 -2.01489e-06 0.0127049)
(1.23652e-06 -2.17528e-06 0.0124529)
(1.41251e-06 -2.13911e-06 0.012587)
(1.55812e-06 -2.12206e-06 0.0126841)
(1.71552e-06 -2.1305e-06 0.0127498)
(7.94246e-07 -2.17795e-06 0.0124807)
(1.0832e-06 -2.13949e-06 0.0126197)
(1.34063e-06 -2.12994e-06 0.0127152)
(1.58603e-06 -2.1552e-06 0.0127761)
(3.81823e-07 -1.99431e-06 0.0124957)
(7.67551e-07 -1.9898e-06 0.0126367)
(1.12411e-06 -2.01719e-06 0.0127307)
(1.44706e-06 -2.0807e-06 0.0127884)
(1.09174e-06 -1.31947e-06 0.0124195)
(1.13748e-06 -1.3272e-06 0.0125429)
(1.16933e-06 -1.33515e-06 0.0126374)
(1.2234e-06 -1.35078e-06 0.0127048)
(8.26602e-07 -1.45639e-06 0.0124527)
(9.42141e-07 -1.43379e-06 0.0125868)
(1.03799e-06 -1.42416e-06 0.0126839)
(1.14186e-06 -1.43153e-06 0.0127496)
(5.31422e-07 -1.46189e-06 0.0124803)
(7.22141e-07 -1.43773e-06 0.0126193)
(8.92265e-07 -1.43303e-06 0.0127148)
(1.05509e-06 -1.45152e-06 0.0127757)
(2.55023e-07 -1.34358e-06 0.012495)
(5.10493e-07 -1.34201e-06 0.0126361)
(7.46766e-07 -1.36177e-06 0.0127302)
(9.61693e-07 -1.40546e-06 0.012788)
(7.11862e-07 -8.62378e-07 0.0124195)
(7.38838e-07 -8.6933e-07 0.0125428)
(7.58268e-07 -8.77447e-07 0.0126374)
(7.90106e-07 -8.90497e-07 0.0127048)
(5.40628e-07 -9.54999e-07 0.0124525)
(6.12758e-07 -9.42597e-07 0.0125866)
(6.73257e-07 -9.39835e-07 0.0126838)
(7.38173e-07 -9.47772e-07 0.0127495)
(3.48484e-07 -9.63438e-07 0.01248)
(4.69659e-07 -9.49785e-07 0.012619)
(5.77804e-07 -9.49937e-07 0.0127146)
(6.81497e-07 -9.64695e-07 0.0127755)
(1.66928e-07 -8.91803e-07 0.0124946)
(3.30855e-07 -8.92598e-07 0.0126357)
(4.81849e-07 -9.0816e-07 0.0127298)
(6.2008e-07 -9.38777e-07 0.0127877)
(4.9287e-07 -5.99625e-07 0.0124195)
(5.06028e-07 -6.06281e-07 0.0125428)
(5.17213e-07 -6.15945e-07 0.0126374)
(5.32532e-07 -6.28891e-07 0.0127048)
(3.76492e-07 -6.71396e-07 0.0124524)
(4.19459e-07 -6.66057e-07 0.0125865)
(4.59247e-07 -6.68109e-07 0.0126837)
(4.99128e-07 -6.77209e-07 0.0127494)
(2.42762e-07 -6.86819e-07 0.0124798)
(3.19634e-07 -6.80223e-07 0.0126188)
(3.9338e-07 -6.83346e-07 0.0127144)
(4.61465e-07 -6.95849e-07 0.0127754)
(1.12942e-07 -6.43529e-07 0.0124943)
(2.20602e-07 -6.46319e-07 0.0126354)
(3.25828e-07 -6.5971e-07 0.0127296)
(4.19702e-07 -6.82542e-07 0.0127875)
(-0.000756017 0.000374003 0.00393779)
(0.000642394 0.000700401 0.00195688)
(0.000362355 -0.00493177 0.00232405)
(-2.41713e-05 -0.00550664 0.00702281)
(-0.000988665 0.00147944 0.00410345)
(0.00128114 0.00359603 0.00581354)
(0.00181815 0.0025784 0.00482103)
(-0.00452182 0.00301398 0.00433785)
(-0.00607661 0.00438441 0.00188192)
(-0.00325698 0.00572496 0.00924363)
(-0.00196263 0.00344842 0.0102306)
(-0.00899953 0.00391875 0.00255002)
(-0.0108111 0.0046419 0.00170776)
(-0.00953436 0.00563772 0.00806523)
(-0.00563406 0.00265086 0.0100082)
(-0.0119334 0.00627495 0.00260741)
(0.00204096 -0.00177692 0.0197348)
(-4.71452e-05 -0.00052164 0.0142656)
(-0.000356358 -0.000853348 0.0102752)
(0.000739345 0.000170944 0.0210833)
(0.00123443 -0.000823485 0.017551)
(-0.000568234 -0.000435725 0.0138324)
(-0.000217905 -0.000969186 0.0133225)
(-0.000190964 0.00139568 0.01604)
(-0.000264855 5.85302e-05 0.0126765)
(-0.00169887 0.000730503 0.0122737)
(-0.00045646 -0.000340113 0.0138698)
(-0.000521302 0.000786217 0.0145119)
(-0.00106033 -7.7217e-05 0.00748942)
(-0.00228726 0.00117219 0.0106858)
(-0.000841557 7.36476e-05 0.0140052)
(-0.00040398 0.000175262 0.0161648)
(0.0021728 -0.00139993 0.0117357)
(0.0012575 -0.000696449 0.00994283)
(-0.000168696 -0.000333792 0.00878324)
(-3.28638e-05 0.000371216 0.0118756)
(0.00220305 -0.000830965 0.0113518)
(0.000990297 -0.00060065 0.010327)
(-4.71342e-05 -0.000741523 0.00994737)
(-3.30694e-05 0.000497197 0.0107196)
(0.00180908 -0.000609078 0.0103032)
(0.000522759 -0.000458533 0.0102241)
(-3.26376e-05 -0.000772597 0.0106223)
(1.12494e-05 -0.000199611 0.0104377)
(0.00136845 -0.00078952 0.00946771)
(0.000180261 -0.000587013 0.00982231)
(-0.000147938 -0.00084715 0.010824)
(6.95213e-05 -0.000815383 0.0110424)
(0.00121606 -0.000903486 0.0128383)
(0.000868804 -0.000511647 0.0117166)
(0.000142396 -0.000253847 0.0108329)
(2.90433e-05 6.60311e-05 0.0115751)
(0.00128029 -0.000741914 0.0126858)
(0.000781884 -0.000533517 0.0117954)
(0.000178212 -0.000514922 0.0112108)
(7.41851e-05 -3.36129e-05 0.011338)
(0.00121308 -0.000645213 0.0123622)
(0.000620317 -0.00053094 0.0117705)
(0.000170752 -0.000601837 0.0115311)
(9.04034e-05 -0.000381411 0.0114133)
(0.00102579 -0.000744957 0.0121006)
(0.00043451 -0.000670947 0.0117215)
(9.03649e-05 -0.000724679 0.0117795)
(8.33379e-05 -0.000678704 0.0118024)
(0.000735174 -0.000556927 0.0124723)
(0.000657996 -0.000371978 0.0119743)
(0.000355803 -0.000205303 0.0115192)
(0.00017701 -4.03247e-05 0.0116456)
(0.000777588 -0.000509907 0.0125392)
(0.000631295 -0.000409297 0.0121098)
(0.000354392 -0.000349946 0.0117658)
(0.000193641 -0.000158454 0.0117257)
(0.000767307 -0.000487233 0.0125189)
(0.000570806 -0.000442558 0.0121842)
(0.000333412 -0.000434869 0.0119739)
(0.000192375 -0.00033778 0.0118835)
(0.000701975 -0.000530695 0.0124886)
(0.000486458 -0.000519074 0.0122536)
(0.000286312 -0.000519191 0.0121684)
(0.000185616 -0.000475873 0.0121323)
(0.000454966 -0.0003595 0.0124315)
(0.000457651 -0.000260906 0.0121577)
(0.00033717 -0.000153784 0.0119057)
(0.000199379 -5.73133e-05 0.0118655)
(0.00047625 -0.000355913 0.0125376)
(0.000449429 -0.000300225 0.0122991)
(0.000331826 -0.000243223 0.0120917)
(0.000206103 -0.000151377 0.0120113)
(0.000479092 -0.000355372 0.0125972)
(0.000427193 -0.000331852 0.0124028)
(0.000317922 -0.000306393 0.0122502)
(0.000205932 -0.000252546 0.012165)
(0.0004599 -0.000378231 0.0126333)
(0.000393518 -0.00037358 0.0124911)
(0.000296998 -0.000359475 0.0123942)
(0.000207725 -0.000325349 0.0123332)
(0.000294064 -0.000237139 0.0123995)
(0.000310106 -0.000178016 0.012254)
(0.000256193 -0.000107791 0.0121201)
(0.000165936 -4.76857e-05 0.0120626)
(0.000304979 -0.000243262 0.0125216)
(0.000307058 -0.000209171 0.0123988)
(0.000252852 -0.000165498 0.0122844)
(0.000170418 -0.000114357 0.0122191)
(0.000308514 -0.000248191 0.0126089)
(0.000298301 -0.000232963 0.0125101)
(0.000245951 -0.000208775 0.0124191)
(0.000172637 -0.000175588 0.0123567)
(0.000303517 -0.000262251 0.0126693)
(0.000284987 -0.000257822 0.0125984)
(0.000237785 -0.000243005 0.0125321)
(0.000177437 -0.00021922 0.0124805)
(0.000194154 -0.000158665 0.0123946)
(0.00020748 -0.000119828 0.0123179)
(0.000180359 -7.33565e-05 0.0122478)
(0.000124521 -3.46935e-05 0.0122046)
(0.000199919 -0.000165744 0.01252)
(0.000206184 -0.000142442 0.0124612)
(0.000178863 -0.000111313 0.0124021)
(0.000128034 -8.01006e-05 0.0123593)
(0.000202515 -0.00017083 0.0126145)
(0.000202611 -0.000159248 0.0125709)
(0.00017594 -0.000140494 0.0125227)
(0.000130929 -0.000119164 0.0124826)
(0.000201729 -0.00018001 0.0126815)
(0.00019732 -0.000175261 0.0126536)
(0.000173123 -0.000163468 0.0126163)
(0.000135594 -0.000147742 0.0125811)
(0.000130628 -0.000107524 0.0123963)
(0.00013971 -8.09237e-05 0.01236)
(0.000124681 -4.97971e-05 0.0123261)
(9.04037e-05 -2.42396e-05 0.0122992)
(0.000133804 -0.000113253 0.012522)
(0.000139013 -9.66799e-05 0.012501)
(0.000124064 -7.50611e-05 0.012475)
(9.30441e-05 -5.49214e-05 0.0124502)
(0.000135439 -0.000117317 0.0126182)
(0.000137409 -0.000108384 0.0126075)
(0.000122915 -9.48764e-05 0.0125868)
(9.56015e-05 -8.08578e-05 0.0125636)
(0.000135695 -0.000123551 0.0126869)
(0.000135196 -0.000119286 0.0126852)
(0.000122086 -0.000110808 0.0126686)
(9.92003e-05 -0.000100588 0.0126471)
(8.92179e-05 -7.37679e-05 0.0124005)
(9.51986e-05 -5.52045e-05 0.0123885)
(8.63766e-05 -3.41009e-05 0.012376)
(6.51435e-05 -1.68144e-05 0.0123616)
(9.10101e-05 -7.79873e-05 0.0125258)
(9.47218e-05 -6.60475e-05 0.0125275)
(8.609e-05 -5.11176e-05 0.0125216)
(6.70214e-05 -3.76579e-05 0.0125095)
(9.19821e-05 -8.09866e-05 0.012622)
(9.38979e-05 -7.41987e-05 0.0126312)
(8.56499e-05 -6.47263e-05 0.0126278)
(6.89798e-05 -5.5348e-05 0.0126164)
(9.2385e-05 -8.53319e-05 0.0126909)
(9.29012e-05 -8.18669e-05 0.0127051)
(8.55061e-05 -7.60001e-05 0.0127024)
(7.1537e-05 -6.93355e-05 0.012691)
(6.16937e-05 -5.11567e-05 0.0124047)
(6.56886e-05 -3.80953e-05 0.0124078)
(6.03342e-05 -2.36162e-05 0.0124085)
(4.69758e-05 -1.171e-05 0.0124029)
(6.27154e-05 -5.41639e-05 0.0125295)
(6.53065e-05 -4.5553e-05 0.0125453)
(6.01529e-05 -3.52103e-05 0.012552)
(4.82624e-05 -2.60038e-05 0.0125487)
(6.32686e-05 -5.63215e-05 0.0126255)
(6.48124e-05 -5.1259e-05 0.0126471)
(5.99774e-05 -4.4662e-05 0.0126548)
(4.96725e-05 -3.82862e-05 0.0126513)
(6.3598e-05 -5.94003e-05 0.0126941)
(6.43211e-05 -5.67419e-05 0.0127184)
(6.0046e-05 -5.27277e-05 0.0127249)
(5.14439e-05 -4.83233e-05 0.0127204)
(4.3081e-05 -3.57968e-05 0.0124083)
(4.58185e-05 -2.65636e-05 0.012421)
(4.25042e-05 -1.65246e-05 0.0124302)
(3.39578e-05 -8.21199e-06 0.0124306)
(4.36612e-05 -3.79212e-05 0.0125327)
(4.54938e-05 -3.17185e-05 0.0125575)
(4.23539e-05 -2.45084e-05 0.0125723)
(3.48213e-05 -1.81105e-05 0.0125749)
(4.39612e-05 -3.94631e-05 0.0126283)
(4.51573e-05 -3.57377e-05 0.0126579)
(4.22725e-05 -3.11352e-05 0.0126728)
(3.58111e-05 -2.67391e-05 0.0126749)
(4.41899e-05 -4.16684e-05 0.0126967)
(4.48921e-05 -3.96897e-05 0.0127275)
(4.23914e-05 -3.69398e-05 0.01274)
(3.70372e-05 -3.398e-05 0.0127404)
(3.03194e-05 -2.52334e-05 0.0124111)
(3.22399e-05 -1.86841e-05 0.0124301)
(3.0161e-05 -1.16614e-05 0.0124448)
(2.46042e-05 -5.79919e-06 0.0124493)
(3.06432e-05 -2.67343e-05 0.0125352)
(3.19626e-05 -2.22714e-05 0.0125659)
(3.00236e-05 -1.72102e-05 0.012586)
(2.51774e-05 -1.27137e-05 0.0125927)
(3.07945e-05 -2.78371e-05 0.0126306)
(3.17145e-05 -2.51186e-05 0.0126653)
(2.99749e-05 -2.18913e-05 0.012685)
(2.58666e-05 -1.8824e-05 0.0126909)
(3.09421e-05 -2.9428e-05 0.0126988)
(3.15593e-05 -2.79787e-05 0.0127338)
(3.00915e-05 -2.60824e-05 0.0127503)
(2.67233e-05 -2.40604e-05 0.0127541)
(2.1471e-05 -1.78932e-05 0.0124133)
(2.28427e-05 -1.32337e-05 0.0124364)
(2.15253e-05 -8.28484e-06 0.0124549)
(1.78583e-05 -4.11982e-06 0.0124622)
(2.16462e-05 -1.89571e-05 0.0125372)
(2.26093e-05 -1.57468e-05 0.0125717)
(2.14e-05 -1.21714e-05 0.0125954)
(1.8237e-05 -8.98501e-06 0.0126049)
(2.17131e-05 -1.97481e-05 0.0126323)
(2.24193e-05 -1.77737e-05 0.0126705)
(2.13635e-05 -1.54973e-05 0.0126934)
(1.87172e-05 -1.33361e-05 0.0127019)
(2.18041e-05 -2.0901e-05 0.0127003)
(2.23226e-05 -1.98478e-05 0.0127382)
(2.14633e-05 -1.85294e-05 0.0127575)
(1.9323e-05 -1.71276e-05 0.0127635)
(1.52793e-05 -1.27477e-05 0.0124149)
(1.62706e-05 -9.42392e-06 0.0124408)
(1.54283e-05 -5.9159e-06 0.0124618)
(1.29765e-05 -2.94055e-06 0.0124711)
(1.53691e-05 -1.35048e-05 0.0125386)
(1.60782e-05 -1.11948e-05 0.0125758)
(1.53179e-05 -8.65542e-06 0.0126019)
(1.32266e-05 -6.38349e-06 0.0126133)
(1.53902e-05 -1.40739e-05 0.0126336)
(1.59308e-05 -1.26431e-05 0.0126741)
(1.52875e-05 -1.10288e-05 0.0126993)
(1.35623e-05 -9.49411e-06 0.0127095)
(1.54446e-05 -1.49114e-05 0.0127015)
(1.58678e-05 -1.41487e-05 0.0127413)
(1.53684e-05 -1.32246e-05 0.0127624)
(1.39954e-05 -1.2241e-05 0.0127701)
(1.09119e-05 -9.11288e-06 0.0124161)
(1.16332e-05 -6.73677e-06 0.0124439)
(1.10902e-05 -4.23915e-06 0.0124666)
(9.43238e-06 -2.10576e-06 0.0124773)
(1.09537e-05 -9.65326e-06 0.0125397)
(1.14777e-05 -7.99039e-06 0.0125787)
(1.09964e-05 -6.17937e-06 0.0126065)
(9.59775e-06 -4.5525e-06 0.0126192)
(1.09515e-05 -1.00634e-05 0.0126346)
(1.13635e-05 -9.02786e-06 0.0126767)
(1.09705e-05 -7.87792e-06 0.0127033)
(9.83357e-06 -6.78199e-06 0.0127149)
(1.09833e-05 -1.06723e-05 0.0127023)
(1.13212e-05 -1.01208e-05 0.0127435)
(1.10344e-05 -9.46863e-06 0.0127659)
(1.01456e-05 -8.77213e-06 0.0127747)
(7.80821e-06 -6.52635e-06 0.0124169)
(8.33444e-06 -4.82586e-06 0.0124461)
(7.98174e-06 -3.04293e-06 0.01247)
(6.85061e-06 -1.51041e-06 0.0124817)
(7.82402e-06 -6.91265e-06 0.0125405)
(8.21125e-06 -5.71583e-06 0.0125807)
(7.90444e-06 -4.42112e-06 0.0126096)
(6.96022e-06 -3.25346e-06 0.0126234)
(7.81143e-06 -7.20823e-06 0.0126353)
(8.12324e-06 -6.45978e-06 0.0126785)
(7.88274e-06 -5.63833e-06 0.0127062)
(7.12644e-06 -4.85304e-06 0.0127186)
(7.82942e-06 -7.65046e-06 0.012703)
(8.09437e-06 -7.25214e-06 0.012745)
(7.93228e-06 -6.78969e-06 0.0127684)
(7.35222e-06 -6.2935e-06 0.012778)
(5.58542e-06 -4.67178e-06 0.0124176)
(5.96883e-06 -3.45579e-06 0.0124477)
(5.73827e-06 -2.18281e-06 0.0124724)
(4.96172e-06 -1.08259e-06 0.0124847)
(5.5879e-06 -4.94774e-06 0.0125411)
(5.87298e-06 -4.08788e-06 0.0125822)
(5.67629e-06 -3.16226e-06 0.0126119)
(5.03449e-06 -2.32442e-06 0.0126263)
(5.57193e-06 -5.16028e-06 0.0126358)
(5.80584e-06 -4.62071e-06 0.0126798)
(5.65851e-06 -4.0337e-06 0.0127082)
(5.15179e-06 -3.47073e-06 0.0127213)
(5.58181e-06 -5.4804e-06 0.0127034)
(5.7859e-06 -5.19338e-06 0.0127461)
(5.69637e-06 -4.86477e-06 0.0127701)
(5.31524e-06 -4.51044e-06 0.0127803)
(3.97907e-06 -3.33016e-06 0.012418)
(4.25672e-06 -2.46437e-06 0.0124488)
(4.10543e-06 -1.55884e-06 0.0124741)
(3.57123e-06 -7.72512e-07 0.0124869)
(3.97542e-06 -3.52644e-06 0.0125415)
(4.18356e-06 -2.91181e-06 0.0125832)
(4.05699e-06 -2.25262e-06 0.0126135)
(3.61951e-06 -1.65401e-06 0.0126284)
(3.95972e-06 -3.67836e-06 0.0126362)
(4.13302e-06 -3.29159e-06 0.0126807)
(4.04278e-06 -2.87363e-06 0.0127096)
(3.70206e-06 -2.47155e-06 0.0127232)
(3.96486e-06 -3.90846e-06 0.0127038)
(4.11918e-06 -3.7028e-06 0.0127469)
(4.07126e-06 -3.46983e-06 0.0127713)
(3.81985e-06 -3.2174e-06 0.0127819)
(2.805e-06 -2.34873e-06 0.0124183)
(3.00347e-06 -1.73883e-06 0.0124496)
(2.90431e-06 -1.10124e-06 0.0124753)
(2.53861e-06 -5.45398e-07 0.0124884)
(2.79922e-06 -2.48694e-06 0.0125418)
(2.94892e-06 -2.05256e-06 0.0125839)
(2.86752e-06 -1.58801e-06 0.0126146)
(2.57045e-06 -1.16496e-06 0.0126298)
(2.78553e-06 -2.59424e-06 0.0126365)
(2.91161e-06 -2.3203e-06 0.0126813)
(2.85652e-06 -2.02576e-06 0.0127106)
(2.628e-06 -1.74161e-06 0.0127245)
(2.78797e-06 -2.75742e-06 0.012704)
(2.90205e-06 -2.61184e-06 0.0127474)
(2.8775e-06 -2.44821e-06 0.0127722)
(2.7119e-06 -2.27013e-06 0.012783)
(1.93626e-06 -1.62218e-06 0.0124186)
(2.07483e-06 -1.20153e-06 0.0124501)
(2.01056e-06 -7.61863e-07 0.0124761)
(1.76412e-06 -3.77294e-07 0.0124895)
(1.93049e-06 -1.7178e-06 0.012542)
(2.03548e-06 -1.41752e-06 0.0125844)
(1.98362e-06 -1.09703e-06 0.0126153)
(1.78483e-06 -8.04448e-07 0.0126308)
(1.91959e-06 -1.79217e-06 0.0126367)
(2.00883e-06 -1.60253e-06 0.0126818)
(1.97547e-06 -1.3993e-06 0.0127113)
(1.8242e-06 -1.20276e-06 0.0127254)
(1.9206e-06 -1.90516e-06 0.0127042)
(2.00237e-06 -1.80462e-06 0.0127478)
(1.99053e-06 -1.69208e-06 0.0127727)
(1.88266e-06 -1.5691e-06 0.0127838)
(1.29285e-06 -1.08414e-06 0.0124187)
(1.38606e-06 -8.03642e-07 0.0124504)
(1.34515e-06 -5.10384e-07 0.0124766)
(1.18348e-06 -2.53186e-07 0.0124902)
(1.28798e-06 -1.14894e-06 0.0125421)
(1.35879e-06 -9.48601e-07 0.0125847)
(1.32617e-06 -7.35003e-07 0.0126158)
(1.19656e-06 -5.3958e-07 0.0126315)
(1.28004e-06 -1.19975e-06 0.0126368)
(1.34066e-06 -1.07331e-06 0.0126821)
(1.32055e-06 -9.37875e-07 0.0127118)
(1.22276e-06 -8.06534e-07 0.012726)
(1.2803e-06 -1.27542e-06 0.0127043)
(1.33648e-06 -1.20915e-06 0.0127481)
(1.33098e-06 -1.13461e-06 0.0127731)
(1.26218e-06 -1.05267e-06 0.0127843)
(8.40674e-07 -7.07797e-07 0.0124188)
(8.99672e-07 -5.24906e-07 0.0124507)
(8.73194e-07 -3.34387e-07 0.012477)
(7.69233e-07 -1.67163e-07 0.0124907)
(8.35382e-07 -7.52138e-07 0.0125422)
(8.80252e-07 -6.21886e-07 0.0125849)
(8.59421e-07 -4.83623e-07 0.0126162)
(7.76709e-07 -3.57045e-07 0.0126319)
(8.29745e-07 -7.87969e-07 0.0126369)
(8.68472e-07 -7.05973e-07 0.0126822)
(8.55842e-07 -6.18279e-07 0.0127121)
(7.93825e-07 -5.33041e-07 0.0127264)
(8.29387e-07 -8.37478e-07 0.0127044)
(8.65892e-07 -7.96163e-07 0.0127482)
(8.62885e-07 -7.48748e-07 0.0127734)
(8.19768e-07 -6.96057e-07 0.0127847)
(5.80703e-07 -4.90358e-07 0.0124189)
(6.21177e-07 -3.63191e-07 0.0124509)
(6.01702e-07 -2.3009e-07 0.0124773)
(5.26385e-07 -1.13274e-07 0.012491)
(5.74147e-07 -5.21297e-07 0.0125423)
(6.0588e-07 -4.30792e-07 0.0125851)
(5.90352e-07 -3.34688e-07 0.0126165)
(5.29936e-07 -2.46926e-07 0.0126323)
(5.68507e-07 -5.50843e-07 0.012637)
(5.95649e-07 -4.96053e-07 0.0126824)
(5.85846e-07 -4.37034e-07 0.0127123)
(5.40694e-07 -3.79072e-07 0.0127267)
(5.66581e-07 -5.83467e-07 0.0127045)
(5.92097e-07 -5.60244e-07 0.0127484)
(5.88886e-07 -5.31445e-07 0.0127736)
(5.57692e-07 -4.9763e-07 0.012785)
)
;

boundaryField
{
    inlet
    {
        type            uniformFixedValue;
        uniformValue    table
        
2
(
(0 (0 0 0.002))
(0.1 (0 0 0.02))
)
;
        value           uniform (0 0 0.0128);
    }
    outlet
    {
        type            zeroGradient;
    }
    wall
    {
        type            slip;
    }
    procBoundary0to1
    {
        type            processor;
        value           nonuniform List<vector> 
192
(
(-0.00723267 0.000555557 0.000991294)
(-0.00200659 0.00169278 0.00493949)
(0.00660359 0.00132533 0.0111806)
(0.00323604 -0.000973404 0.0109075)
(-0.00112078 -0.00100386 0.0204444)
(-0.000557981 -0.000582886 0.0191931)
(-0.000166054 0.000313954 0.0183553)
(-0.000911131 0.00140787 0.0185202)
(3.30306e-05 -0.000972336 0.0123475)
(0.00030733 -0.000569402 0.0125662)
(0.000465515 -0.000183422 0.0123836)
(0.000417617 0.000101462 0.0121433)
(0.000141765 -0.000636691 0.0124108)
(0.000316066 -0.000408425 0.0125936)
(0.000476726 -0.00028201 0.0125594)
(0.000564826 -0.000240844 0.0125238)
(0.000150308 -0.000425985 0.0124058)
(0.000253805 -0.000330727 0.0125292)
(0.000360406 -0.000284416 0.0125501)
(0.000435164 -0.000275926 0.0125739)
(0.000150747 -0.000296886 0.0124617)
(0.000209007 -0.0002643 0.0125516)
(0.000268151 -0.000245315 0.0125933)
(0.000310781 -0.000237969 0.0126303)
(0.000131319 -0.000207794 0.0125524)
(0.000163224 -0.000200475 0.0126214)
(0.000193716 -0.000193406 0.0126665)
(0.000214458 -0.000186862 0.0127047)
(0.000104224 -0.000145681 0.0126309)
(0.000121369 -0.000147841 0.0126853)
(0.000136678 -0.000146301 0.0127252)
(0.000146239 -0.00014145 0.0127586)
(7.89877e-05 -0.000102715 0.0126879)
(8.8345e-05 -0.000107723 0.0127318)
(9.61345e-05 -0.000108554 0.012765)
(0.000100566 -0.000105453 0.0127922)
(5.87331e-05 -7.28357e-05 0.0127279)
(6.40273e-05 -7.80832e-05 0.0127643)
(6.81703e-05 -7.97695e-05 0.0127914)
(7.03328e-05 -7.80203e-05 0.0128129)
(4.33577e-05 -5.18807e-05 0.0127556)
(4.65036e-05 -5.6471e-05 0.0127866)
(4.88537e-05 -5.83151e-05 0.0128087)
(5.00078e-05 -5.74659e-05 0.0128256)
(3.19231e-05 -3.70809e-05 0.0127747)
(3.38938e-05 -4.08103e-05 0.0128019)
(3.53252e-05 -4.25157e-05 0.0128203)
(3.6012e-05 -4.22091e-05 0.0128336)
(2.34795e-05 -2.65743e-05 0.012788)
(2.47753e-05 -2.94951e-05 0.0128124)
(2.57058e-05 -3.09565e-05 0.012828)
(2.61572e-05 -3.09483e-05 0.0128386)
(1.72582e-05 -1.90863e-05 0.0127973)
(1.81439e-05 -2.1327e-05 0.0128197)
(1.87804e-05 -2.25269e-05 0.0128333)
(1.9099e-05 -2.26645e-05 0.0128419)
(1.26757e-05 -1.37313e-05 0.0128038)
(1.32984e-05 -1.54284e-05 0.0128248)
(1.37492e-05 -1.63868e-05 0.0128369)
(1.39837e-05 -1.6581e-05 0.012844)
(9.29845e-06 -9.88888e-06 0.0128083)
(9.74422e-06 -1.11627e-05 0.0128284)
(1.00703e-05 -1.19129e-05 0.0128394)
(1.02463e-05 -1.21154e-05 0.0128455)
(6.80587e-06 -7.12127e-06 0.0128116)
(7.12823e-06 -8.0701e-06 0.0128309)
(7.36655e-06 -8.64821e-06 0.0128412)
(7.49954e-06 -8.8345e-06 0.0128465)
(4.96136e-06 -5.11827e-06 0.0128139)
(5.19524e-06 -5.81951e-06 0.0128327)
(5.36985e-06 -6.25861e-06 0.0128424)
(5.46992e-06 -6.41789e-06 0.0128471)
(3.59004e-06 -3.65899e-06 0.0128155)
(3.75914e-06 -4.17195e-06 0.0128339)
(3.88642e-06 -4.50038e-06 0.0128433)
(3.96075e-06 -4.62939e-06 0.0128476)
(2.56294e-06 -2.58597e-06 0.0128167)
(2.68381e-06 -2.9553e-06 0.0128348)
(2.77536e-06 -3.19606e-06 0.0128439)
(2.8295e-06 -3.29603e-06 0.0128479)
(1.78714e-06 -1.78955e-06 0.0128175)
(1.87161e-06 -2.04886e-06 0.0128355)
(1.93593e-06 -2.2203e-06 0.0128443)
(1.97439e-06 -2.29473e-06 0.0128481)
(1.20228e-06 -1.20189e-06 0.012818)
(1.25941e-06 -1.37807e-06 0.0128359)
(1.30318e-06 -1.49589e-06 0.0128446)
(1.32975e-06 -1.5493e-06 0.0128483)
(7.83494e-07 -7.96595e-07 0.0128183)
(8.21313e-07 -9.15117e-07 0.0128361)
(8.50679e-07 -9.95318e-07 0.0128448)
(8.69068e-07 -1.03358e-06 0.0128483)
(5.32786e-07 -5.70472e-07 0.0128186)
(5.61038e-07 -6.57211e-07 0.0128364)
(5.83451e-07 -7.17344e-07 0.0128449)
(5.98278e-07 -7.47974e-07 0.0128484)
(-0.0316233 -0.000913531 0.00208813)
(-0.00401902 0.00435948 0.00842482)
(-0.00105048 0.00227116 0.00971895)
(-0.00553492 0.00056713 0.00431302)
(-0.000829673 -0.000288015 0.0161734)
(0.000699964 1.65829e-05 0.0144158)
(0.000268537 0.000300996 0.0137969)
(-0.00057286 -0.000332753 0.0148565)
(0.000874655 -5.91109e-06 0.00996658)
(0.000598369 -0.000192881 0.010321)
(0.000265751 -0.000485077 0.0105805)
(0.000109686 -0.000878523 0.01106)
(0.000315345 -8.00798e-05 0.0109358)
(0.000195247 -0.00028054 0.0111372)
(0.000107876 -0.000487902 0.0114242)
(0.000108568 -0.000671398 0.0118461)
(6.48075e-05 -7.6687e-05 0.0113998)
(5.87001e-05 -0.000221382 0.0116044)
(6.39994e-05 -0.00035401 0.0118364)
(9.91081e-05 -0.000444836 0.012113)
(3.89056e-05 -5.41857e-05 0.0117623)
(5.64095e-05 -0.000154483 0.0119421)
(7.777e-05 -0.000240036 0.0121191)
(0.000110288 -0.000294717 0.0122968)
(4.6934e-05 -3.4272e-05 0.0120118)
(6.34131e-05 -0.000102103 0.0121765)
(8.17323e-05 -0.000158682 0.0123205)
(0.000104907 -0.000196348 0.0124461)
(4.83051e-05 -2.10195e-05 0.0121743)
(6.00787e-05 -6.66909e-05 0.0123302)
(7.29233e-05 -0.000104971 0.0124549)
(8.81057e-05 -0.000132217 0.0125532)
(4.3191e-05 -1.29346e-05 0.0122786)
(5.10686e-05 -4.39491e-05 0.0124291)
(5.96019e-05 -7.04153e-05 0.0125425)
(6.92981e-05 -9.04142e-05 0.0126259)
(3.57759e-05 -8.09744e-06 0.0123466)
(4.09881e-05 -2.94239e-05 0.0124938)
(4.6612e-05 -4.79999e-05 0.0126006)
(5.28269e-05 -6.26952e-05 0.0126752)
(2.83867e-05 -5.1702e-06 0.0123917)
(3.18585e-05 -2.00031e-05 0.012537)
(3.56001e-05 -3.31691e-05 0.0126396)
(3.96537e-05 -4.39384e-05 0.0127088)
(2.19492e-05 -3.36247e-06 0.0124222)
(2.42893e-05 -1.37726e-05 0.0125662)
(2.68167e-05 -2.3161e-05 0.0126662)
(2.9521e-05 -3.10296e-05 0.0127319)
(1.66956e-05 -2.22186e-06 0.0124431)
(1.82927e-05 -9.57838e-06 0.0125863)
(2.0027e-05 -1.62992e-05 0.0126845)
(2.1871e-05 -2.20353e-05 0.0127479)
(1.25621e-05 -1.48785e-06 0.0124576)
(1.36643e-05 -6.71357e-06 0.0126001)
(1.48708e-05 -1.15377e-05 0.0126972)
(1.61518e-05 -1.57128e-05 0.012759)
(9.38027e-06 -1.00727e-06 0.0124677)
(1.01479e-05 -4.73376e-06 0.0126099)
(1.09964e-05 -8.20292e-06 0.0127061)
(1.18992e-05 -1.12388e-05 0.0127668)
(6.96331e-06 -6.87937e-07 0.0124748)
(7.50165e-06 -3.35233e-06 0.0126167)
(8.10312e-06 -5.84985e-06 0.0127124)
(8.74575e-06 -8.05517e-06 0.0127723)
(5.14139e-06 -4.72959e-07 0.0124798)
(5.52068e-06 -2.38024e-06 0.0126215)
(5.94907e-06 -4.17821e-06 0.0127168)
(6.40924e-06 -5.77759e-06 0.0127762)
(3.77259e-06 -3.26475e-07 0.0124834)
(4.04028e-06 -1.69051e-06 0.0126249)
(4.3458e-06 -2.98238e-06 0.0127199)
(4.67589e-06 -4.13863e-06 0.012779)
(2.7435e-06 -2.25435e-07 0.0124859)
(2.93198e-06 -1.19661e-06 0.0126273)
(3.14916e-06 -2.11988e-06 0.0127221)
(3.38517e-06 -2.95042e-06 0.0127809)
(1.96612e-06 -1.54826e-07 0.0124877)
(2.09766e-06 -8.39063e-07 0.012629)
(2.25049e-06 -1.49134e-06 0.0127237)
(2.41747e-06 -2.08052e-06 0.0127823)
(1.37492e-06 -1.04931e-07 0.0124889)
(1.46504e-06 -5.77535e-07 0.0126302)
(1.57041e-06 -1.02864e-06 0.0127248)
(1.68607e-06 -1.43741e-06 0.0127833)
(9.26324e-07 -6.99703e-08 0.0124897)
(9.86323e-07 -3.87162e-07 0.012631)
(1.05678e-06 -6.89567e-07 0.0127255)
(1.13432e-06 -9.64418e-07 0.0127839)
(6.03556e-07 -4.77794e-08 0.0124903)
(6.42206e-07 -2.58074e-07 0.0126315)
(6.88163e-07 -4.56788e-07 0.012726)
(7.38893e-07 -6.38812e-07 0.0127843)
(4.06378e-07 -3.08759e-08 0.0124907)
(4.32074e-07 -1.78769e-07 0.0126319)
(4.64326e-07 -3.26767e-07 0.0127264)
(4.99902e-07 -4.59044e-07 0.0127847)
)
;
    }
    procBoundary0to2
    {
        type            processor;
        value           nonuniform List<vector> 
192
(
(0.00210381 -0.000737816 0.00590743)
(-0.00103052 0.000782718 0.00619426)
(-0.00064563 0.00452528 0.00208286)
(-0.000828875 0.000468061 0.0009209)
(0.000255015 0.000473355 0.0242549)
(0.000269582 0.000963303 0.0226615)
(-5.86013e-05 0.00141755 0.0245455)
(-0.0010788 0.00095132 0.0261447)
(0.000273768 -0.000301111 0.013807)
(0.00035794 -0.000237104 0.0132551)
(0.000263671 -5.5048e-07 0.0130489)
(0.000179552 0.000146993 0.012871)
(0.000321779 -0.000412738 0.0141716)
(0.000411467 -0.000427999 0.0138553)
(0.00044174 -0.000315191 0.0135281)
(0.000511134 -0.000187759 0.0131103)
(0.000333701 -0.000331312 0.0137431)
(0.000433649 -0.000349099 0.0135382)
(0.00048205 -0.000310859 0.0132891)
(0.000500668 -0.000257036 0.0129786)
(0.000296425 -0.000236801 0.0133472)
(0.0003726 -0.000249526 0.0132221)
(0.000404113 -0.000240726 0.013058)
(0.000390915 -0.000223386 0.0128674)
(0.000231425 -0.000166819 0.0131369)
(0.000277745 -0.000175443 0.0130629)
(0.00029262 -0.000175772 0.0129611)
(0.000273561 -0.000171866 0.0128477)
(0.000167158 -0.000119176 0.0130181)
(0.000193493 -0.000125244 0.0129763)
(0.000199596 -0.000127963 0.0129158)
(0.000183957 -0.000128539 0.012849)
(0.000116694 -8.66111e-05 0.0129476)
(0.000131755 -9.10537e-05 0.0129263)
(0.000134194 -9.40073e-05 0.0128911)
(0.000123407 -9.57398e-05 0.0128514)
(8.06146e-05 -6.36535e-05 0.0129047)
(8.96135e-05 -6.69637e-05 0.0128964)
(9.07679e-05 -6.95072e-05 0.0128768)
(8.39332e-05 -7.12554e-05 0.012853)
(5.56768e-05 -4.70379e-05 0.0128776)
(6.13872e-05 -4.95058e-05 0.0128779)
(6.21789e-05 -5.15139e-05 0.0128678)
(5.80817e-05 -5.29555e-05 0.0128535)
(3.85949e-05 -3.48246e-05 0.0128599)
(4.24365e-05 -3.66554e-05 0.0128658)
(4.31528e-05 -3.81771e-05 0.0128618)
(4.08128e-05 -3.9277e-05 0.0128533)
(2.68887e-05 -2.57816e-05 0.012848)
(2.95937e-05 -2.71325e-05 0.0128576)
(3.02843e-05 -2.82614e-05 0.0128576)
(2.90195e-05 -2.90713e-05 0.0128528)
(1.88332e-05 -1.9068e-05 0.0128399)
(2.07961e-05 -2.00605e-05 0.0128519)
(2.14422e-05 -2.08883e-05 0.0128545)
(2.081e-05 -2.14746e-05 0.0128521)
(1.32579e-05 -1.40808e-05 0.0128343)
(1.47068e-05 -1.48074e-05 0.0128479)
(1.52837e-05 -1.54105e-05 0.0128522)
(1.50084e-05 -1.58315e-05 0.0128515)
(9.37364e-06 -1.0376e-05 0.0128303)
(1.04513e-05 -1.09064e-05 0.0128451)
(1.09449e-05 -1.13441e-05 0.0128505)
(1.08606e-05 -1.16451e-05 0.0128509)
(6.6475e-06 -7.62285e-06 0.0128275)
(7.45004e-06 -8.00888e-06 0.012843)
(7.85758e-06 -8.32546e-06 0.0128493)
(7.86788e-06 -8.54012e-06 0.0128504)
(4.71815e-06 -5.57383e-06 0.0128254)
(5.31352e-06 -5.85354e-06 0.0128416)
(5.6398e-06 -6.08164e-06 0.0128484)
(5.691e-06 -6.23437e-06 0.0128501)
(3.33902e-06 -4.04316e-06 0.012824)
(3.77677e-06 -4.24437e-06 0.0128405)
(4.03055e-06 -4.4077e-06 0.0128477)
(4.09393e-06 -4.51605e-06 0.0128498)
(2.34102e-06 -2.89229e-06 0.012823)
(2.65781e-06 -3.03513e-06 0.0128397)
(2.84926e-06 -3.15068e-06 0.0128472)
(2.9098e-06 -3.22687e-06 0.0128495)
(1.60916e-06 -2.02153e-06 0.0128223)
(1.83253e-06 -2.12066e-06 0.0128392)
(1.97177e-06 -2.2006e-06 0.0128468)
(2.02218e-06 -2.25301e-06 0.0128494)
(1.0704e-06 -1.36991e-06 0.0128218)
(1.22223e-06 -1.43659e-06 0.0128388)
(1.3192e-06 -1.49012e-06 0.0128466)
(1.35732e-06 -1.52485e-06 0.0128493)
(6.9031e-07 -9.20289e-07 0.0128215)
(7.90933e-07 -9.64208e-07 0.0128386)
(8.56683e-07 -9.99006e-07 0.0128464)
(8.84464e-07 -1.02103e-06 0.0128492)
(4.65693e-07 -6.73613e-07 0.0128213)
(5.36455e-07 -7.05497e-07 0.0128384)
(5.84423e-07 -7.29816e-07 0.0128463)
(6.07143e-07 -7.44235e-07 0.0128491)
(0.000351909 -0.00245915 0.00743532)
(0.00120307 -0.000191966 0.0056344)
(0.000581658 0.002418 0.00113944)
(0.000176118 0.000851559 0.00110725)
(0.000234169 -8.52503e-05 0.0152895)
(0.000940365 0.00108159 0.0205264)
(0.00107679 0.00173428 0.0282562)
(0.000508024 0.000750646 0.0305632)
(-0.000189716 -9.33144e-06 0.0109113)
(-0.000470051 0.000314272 0.0122741)
(-0.000490828 0.000389702 0.0142702)
(-0.000100919 -5.72557e-05 0.0147055)
(-0.000213607 -0.000184641 0.0127945)
(-0.000476556 -6.8188e-05 0.0133098)
(-0.000371941 -7.89965e-05 0.0140367)
(2.29351e-05 -0.000256065 0.0143538)
(-8.24175e-05 -0.000217854 0.0130232)
(-0.000153908 -0.000170294 0.0133579)
(-6.37495e-05 -0.000180473 0.0136929)
(0.000152196 -0.000255109 0.013834)
(-1.95877e-05 -0.000176162 0.0129637)
(-4.63914e-06 -0.000157588 0.0131724)
(6.71455e-05 -0.000166015 0.0133375)
(0.000186327 -0.000201329 0.013399)
(1.51756e-06 -0.000131039 0.0128583)
(3.79453e-05 -0.000124422 0.0130176)
(9.39845e-05 -0.000130763 0.0131229)
(0.000166001 -0.000149078 0.0131621)
(6.62901e-06 -9.62076e-05 0.0127606)
(4.20253e-05 -9.41711e-05 0.0129036)
(8.32829e-05 -9.87794e-05 0.0129911)
(0.000128442 -0.000109263 0.0130268)
(6.58286e-06 -7.07178e-05 0.0126837)
(3.49975e-05 -7.04442e-05 0.0128216)
(6.43046e-05 -7.38325e-05 0.0129056)
(9.32824e-05 -8.04236e-05 0.0129441)
(5.18801e-06 -5.21188e-05 0.0126274)
(2.63688e-05 -5.25029e-05 0.0127645)
(4.69018e-05 -5.50378e-05 0.0128493)
(6.59352e-05 -5.9475e-05 0.0128921)
(3.73529e-06 -3.84976e-05 0.0125873)
(1.90005e-05 -3.90758e-05 0.0127249)
(3.33285e-05 -4.0984e-05 0.0128117)
(4.61011e-05 -4.40925e-05 0.0128586)
(2.57227e-06 -2.84682e-05 0.0125592)
(1.33993e-05 -2.90483e-05 0.0126976)
(2.34002e-05 -3.0483e-05 0.0127863)
(3.21254e-05 -3.27059e-05 0.0128364)
(1.72899e-06 -2.10547e-05 0.0125396)
(9.35401e-06 -2.15643e-05 0.0126787)
(1.63515e-05 -2.26386e-05 0.012769)
(2.23969e-05 -2.4244e-05 0.0128214)
(1.1467e-06 -1.55632e-05 0.0125258)
(6.50506e-06 -1.59829e-05 0.0126655)
(1.14182e-05 -1.67834e-05 0.012757)
(1.56533e-05 -1.79483e-05 0.0128111)
(7.55295e-07 -1.14911e-05 0.0125162)
(4.52275e-06 -1.18242e-05 0.0126564)
(7.98562e-06 -1.24179e-05 0.0127486)
(1.09776e-05 -1.32647e-05 0.012804)
(4.96137e-07 -8.46938e-06 0.0125095)
(3.1496e-06 -8.72752e-06 0.0126499)
(5.59895e-06 -9.16583e-06 0.0127428)
(7.72557e-06 -9.78148e-06 0.012799)
(3.25852e-07 -6.22498e-06 0.0125048)
(2.19795e-06 -6.42152e-06 0.0126454)
(3.93486e-06 -6.74357e-06 0.0127387)
(5.45211e-06 -7.19058e-06 0.0127954)
(2.14222e-07 -4.5545e-06 0.0125015)
(1.53558e-06 -4.70193e-06 0.0126422)
(2.76801e-06 -4.93715e-06 0.0127358)
(3.85143e-06 -5.26064e-06 0.0127929)
(1.40886e-07 -3.30614e-06 0.0124991)
(1.071e-06 -3.41505e-06 0.01264)
(1.94282e-06 -3.58532e-06 0.0127338)
(2.71389e-06 -3.81785e-06 0.0127912)
(9.23971e-08 -2.36683e-06 0.0124975)
(7.41447e-07 -2.44578e-06 0.0126384)
(1.35239e-06 -2.56726e-06 0.0127324)
(1.89564e-06 -2.73229e-06 0.0127899)
(5.99759e-08 -1.65511e-06 0.0124963)
(5.04541e-07 -1.71101e-06 0.0126374)
(9.24194e-07 -1.79582e-06 0.0127314)
(1.29906e-06 -1.91044e-06 0.0127891)
(3.78473e-08 -1.12071e-06 0.0124956)
(3.33047e-07 -1.1596e-06 0.0126366)
(6.11856e-07 -1.21755e-06 0.0127307)
(8.6201e-07 -1.29503e-06 0.0127885)
(2.24308e-08 -7.51144e-07 0.0124951)
(2.13217e-07 -7.78292e-07 0.0126362)
(3.92194e-07 -8.18318e-07 0.0127303)
(5.54274e-07 -8.70482e-07 0.0127881)
(7.32578e-09 -5.4685e-07 0.0124947)
(1.35037e-07 -5.67539e-07 0.0126358)
(2.61664e-07 -5.9835e-07 0.0127299)
(3.73825e-07 -6.36517e-07 0.0127878)
)
;
    }
}


// ************************************************************************* //
