FoamFile
{version 2.0; format ascii;class vectorField; location 0;object  v;}
20
(
( 4.18001e-06 -0.00128215 -0.000957782 )  
( 0.00128309 0.0041696 -0.000211632 )  
( -0.00130782 0.0025173 1.84739e-05 )  
( 0.00583684 -0.0027465 0.0019226 )  
( -0.00214417 -0.00128601 1.46866e-05 )  
( -0.00564172 0.00609949 -0.00230554 )  
( 0.00653916 0.00319361 -0.000736633 )  
( -0.000584897 -0.000245474 1.26017e-06 )  
( 0.00495488 0.00495454 -0.000297473 )  
( -0.00729268 0.0081562 0.000431034 )  
( 0.0164858 0.00490259 -0.0128076 )  
( -0.0117874 -0.0062146 -0.000126195 )  
( -0.00525972 -0.000583951 -0.000353457 )  
( -0.00913214 0.00254024 0.00316578 )  
( 0.00858974 0.0160205 0.00735999 )  
( 0.00606215 0.0100896 -1.84143e-05 )  
( 0.0059561 -0.00200814 -9.75382e-05 )  
( 0.000363978 -0.00610983 0.000110349 )  
( -0.00412715 -0.00296629 0.000581288 )  
( 0.0035431 -0.00162987 0.000369424 )  
)
