/*--------------------------------*- C++ -*----------------------------------*\
  =========                 |
  \\      /  F ield         | OpenFOAM: The Open Source CFD Toolbox
   \\    /   O peration     | Website:  https://openfoam.org
    \\  /    A nd           | Version:  6
     \\/     M anipulation  |
\*---------------------------------------------------------------------------*/
FoamFile
{
    version     2.0;
    format      ascii;
    class       surfaceScalarField;
    location    "0.04";
    object      phi;
}
// * * * * * * * * * * * * * * * * * * * * * * * * * * * * * * * * * * * * * //

dimensions      [0 3 -1 0 0 0 0];

internalField   nonuniform List<scalar> 
3120
(
3.29954e-09
-2.59971e-09
8.82528e-09
1.64057e-08
6.62776e-09
2.08924e-08
1.18022e-08
7.58826e-09
-9.53321e-09
2.21306e-08
-2.60344e-08
3.4304e-08
1.77946e-08
-2.46195e-08
3.58485e-08
1.94975e-08
2.45155e-08
-4.94242e-09
1.39566e-08
-1.09011e-08
5.6232e-08
-3.01055e-09
2.30134e-09
3.70129e-08
-3.42127e-09
2.30145e-08
-1.54473e-08
2.81465e-08
-1.05777e-09
-1.01314e-08
3.43873e-08
-7.64773e-10
-2.62727e-09
-3.13847e-10
2.63981e-08
-7.16222e-09
1.9718e-09
2.66427e-08
-3.25141e-09
1.19758e-08
-5.01667e-09
1.74697e-08
7.2014e-09
-5.59006e-09
2.61369e-08
1.28232e-10
2.62899e-08
2.11333e-08
-2.14791e-09
-5.25262e-09
2.11132e-08
-5.86906e-09
9.81655e-10
-1.06989e-08
3.03961e-09
1.87302e-08
-5.63059e-09
-3.68536e-09
3.75872e-09
2.46642e-08
-1.13243e-09
2.41036e-09
2.73565e-08
1.98239e-09
9.10583e-10
-8.17444e-09
1.95171e-08
-3.54918e-09
-6.13272e-09
-5.48305e-09
1.78673e-08
-1.90922e-09
8.03852e-10
2.17459e-08
4.76515e-09
2.46257e-08
-4.15001e-09
-2.23328e-09
2.48236e-08
7.77259e-09
-5.53738e-09
-6.44279e-10
2.29467e-08
-3.3676e-09
1.72325e-09
2.35535e-08
1.54042e-10
2.10881e-08
-7.05682e-09
2.32129e-08
4.68199e-09
-5.73444e-09
2.58069e-08
-3.78429e-09
2.52638e-08
2.2249e-08
1.34115e-09
-5.11356e-10
2.48177e-08
-3.66738e-09
-8.66916e-10
-2.0709e-09
1.98297e-11
2.36662e-08
-1.5438e-09
-2.17235e-09
8.10347e-10
2.46057e-08
-6.50441e-10
6.30664e-10
2.48248e-08
1.09632e-09
6.75106e-11
-3.19659e-09
2.4371e-08
-2.23625e-09
-2.26767e-09
-2.88458e-09
2.31069e-08
-2.4471e-09
-1.24384e-09
2.39795e-08
3.66446e-10
2.44213e-08
-1.46582e-09
-3.49933e-09
2.52575e-08
1.33463e-09
-2.23484e-09
-3.82294e-09
2.46541e-08
-1.65671e-09
-2.49991e-09
2.42314e-08
-1.29934e-09
2.3164e-08
-2.58333e-09
2.54664e-08
2.33793e-09
-1.68085e-09
2.5973e-08
-4.53148e-10
2.52902e-08
2.28349e-08
1.52086e-09
-9.65014e-10
2.57822e-08
-1.84279e-09
3.22444e-10
5.81898e-10
-9.37613e-10
2.52023e-08
3.40442e-10
2.31622e-10
-6.90157e-10
2.50323e-08
6.13875e-10
-5.32642e-10
2.47327e-08
1.07193e-09
1.20339e-09
-2.02826e-09
2.56881e-08
-1.45719e-09
4.10327e-10
-2.16e-09
2.51223e-08
1.95413e-10
-1.48298e-09
2.49873e-08
-5.8874e-10
2.47297e-08
7.58693e-10
-2.75987e-09
2.59566e-08
-7.26171e-10
6.86703e-10
-2.99698e-09
2.55631e-08
8.26884e-10
-2.42293e-09
2.50312e-08
-1.34067e-09
2.43009e-08
5.02099e-10
2.62842e-08
-1.44342e-10
1.13937e-09
2.60953e-08
1.83301e-09
2.53815e-08
2.40859e-08
1.41162e-09
-9.69779e-10
2.59718e-08
-1.27954e-09
6.48102e-10
1.21818e-09
-1.00212e-09
2.56611e-08
7.36848e-10
9.56761e-10
-8.85705e-10
2.5383e-08
7.96463e-10
-6.96897e-10
2.51038e-08
8.43579e-10
1.36721e-09
-1.47833e-09
2.60364e-08
-1.20697e-09
1.23992e-09
-1.49676e-09
2.57443e-08
1.07473e-09
-1.19856e-09
2.54653e-08
-7.46034e-10
2.51672e-08
1.34721e-09
-1.98903e-09
2.6217e-08
-1.09691e-09
1.47084e-09
-1.99054e-09
2.59332e-08
1.45304e-09
-1.67998e-09
2.55304e-08
-1.12437e-09
2.50667e-08
1.38906e-09
2.65077e-08
-9.64934e-10
1.78325e-09
2.62225e-08
1.98496e-09
2.57076e-08
2.50407e-08
1.06652e-09
-8.79869e-10
2.59981e-08
-9.06759e-10
6.93775e-10
1.04589e-09
-8.69966e-10
2.58391e-08
7.12563e-10
8.83005e-10
-7.77856e-10
2.56436e-08
6.80082e-10
-6.3011e-10
2.54575e-08
6.23959e-10
1.10202e-09
-1.14952e-09
2.61333e-08
-9.29284e-10
1.12274e-09
-1.10763e-09
2.59612e-08
1.01149e-09
-9.48607e-10
2.57473e-08
-7.11108e-10
2.55343e-08
1.16506e-09
-1.45187e-09
2.62978e-08
-9.43462e-10
1.27708e-09
-1.39047e-09
2.61041e-08
1.2329e-09
-1.21031e-09
2.58363e-08
-9.33221e-10
2.55524e-08
1.24816e-09
2.65283e-08
-9.40802e-10
1.46755e-09
2.63076e-08
1.50722e-09
2.5979e-08
2.56076e-08
7.65024e-10
-7.24762e-10
2.6027e-08
-6.63362e-10
5.94276e-10
7.67265e-10
-6.99592e-10
2.5952e-08
5.84443e-10
6.69324e-10
-6.29786e-10
2.58349e-08
5.36442e-10
-5.27986e-10
2.57191e-08
4.71284e-10
8.07619e-10
-8.84155e-10
2.61767e-08
-6.91633e-10
8.35795e-10
-8.41698e-10
2.60751e-08
7.66073e-10
-7.47773e-10
2.5935e-08
-6.14046e-10
2.57959e-08
8.61348e-10
-1.05768e-09
2.6324e-08
-7.14101e-10
9.32257e-10
-1.00736e-09
2.61988e-08
8.97287e-10
-9.03874e-10
2.60274e-08
-7.55809e-10
2.58513e-08
9.20852e-10
2.65002e-08
-7.27896e-10
1.04199e-09
2.63528e-08
1.04659e-09
2.61477e-08
2.59281e-08
5.44881e-10
-5.68561e-10
2.60631e-08
-4.86476e-10
4.74022e-10
5.46869e-10
-5.45042e-10
2.60376e-08
4.57435e-10
4.8879e-10
-4.95954e-10
2.59722e-08
4.16763e-10
-4.28616e-10
2.59003e-08
3.64581e-10
5.77781e-10
-6.68813e-10
2.6206e-08
-5.06854e-10
5.96189e-10
-6.38815e-10
2.61505e-08
5.54208e-10
-5.81739e-10
2.60628e-08
-5.0283e-10
2.59724e-08
6.12703e-10
-7.68876e-10
2.63323e-08
-5.20933e-10
6.55075e-10
-7.37938e-10
2.62556e-08
6.32887e-10
-6.78822e-10
2.61467e-08
-5.95728e-10
2.60344e-08
6.47546e-10
2.64656e-08
-5.29128e-10
7.17317e-10
2.6373e-08
7.17084e-10
2.62444e-08
2.61086e-08
3.91033e-10
-4.344e-10
2.6097e-08
-3.56729e-10
3.66192e-10
3.92057e-10
-4.17156e-10
2.61023e-08
3.51483e-10
3.57788e-10
-3.84302e-10
2.60691e-08
3.21662e-10
-3.40443e-10
2.60241e-08
2.84094e-10
4.13275e-10
-4.99592e-10
2.62273e-08
-3.69356e-10
4.25007e-10
-4.80876e-10
2.62025e-08
4.00537e-10
-4.46174e-10
2.61491e-08
-3.98463e-10
2.60896e-08
4.3416e-10
-5.58419e-10
2.63332e-08
-3.7623e-10
4.606e-10
-5.41421e-10
2.62897e-08
4.48233e-10
-5.07785e-10
2.62206e-08
-4.59839e-10
2.61471e-08
4.52895e-10
2.64342e-08
-3.78464e-10
4.95775e-10
2.6379e-08
4.96784e-10
2.62977e-08
2.62105e-08
2.83041e-10
-3.27027e-10
2.61244e-08
-2.61514e-10
2.78159e-10
2.84131e-10
-3.15616e-10
2.61495e-08
2.67253e-10
2.64029e-10
-2.94201e-10
2.61368e-08
2.46559e-10
-2.65765e-10
2.61088e-08
2.2054e-10
2.9726e-10
-3.7021e-10
2.6242e-08
-2.68777e-10
3.05499e-10
-3.59281e-10
2.62379e-08
2.91724e-10
-3.38275e-10
2.6207e-08
-3.09015e-10
2.61674e-08
3.09211e-10
-4.0548e-10
2.63306e-08
-2.71307e-10
3.26929e-10
-3.96916e-10
2.63096e-08
3.20954e-10
-3.779e-10
2.62662e-08
-3.49763e-10
2.6217e-08
3.18587e-10
2.64076e-08
-2.70065e-10
3.46741e-10
2.63776e-08
3.49403e-10
2.6326e-08
2.62685e-08
2.06311e-10
-2.43971e-10
2.61448e-08
-1.91818e-10
2.09068e-10
2.07757e-10
-2.3686e-10
2.61833e-08
2.01645e-10
1.96023e-10
-2.23095e-10
2.6184e-08
1.87623e-10
-2.04635e-10
2.61673e-08
1.69851e-10
2.15115e-10
-2.72947e-10
2.62516e-08
-1.95721e-10
2.21437e-10
-2.66921e-10
2.62617e-08
2.13986e-10
-2.54279e-10
2.62456e-08
-2.36155e-10
2.62193e-08
2.2167e-10
-2.9448e-10
2.63263e-08
-1.95906e-10
2.343e-10
-2.90678e-10
2.63207e-08
2.3208e-10
-2.80056e-10
2.62942e-08
-2.63374e-10
2.62609e-08
2.2587e-10
2.63859e-08
-1.93103e-10
2.45366e-10
2.63727e-08
2.48934e-10
2.63402e-08
2.63016e-08
1.5113e-10
-1.80962e-10
2.61594e-08
-1.40815e-10
1.56045e-10
1.52822e-10
-1.76722e-10
2.62071e-08
1.51232e-10
1.46003e-10
-1.67927e-10
2.6217e-08
1.41818e-10
-1.55884e-10
2.62081e-08
1.29708e-10
1.56465e-10
-2.00611e-10
2.62575e-08
-1.42734e-10
1.61541e-10
-1.97514e-10
2.62774e-08
1.57721e-10
-1.89952e-10
2.62715e-08
-1.78631e-10
2.62543e-08
1.59864e-10
-2.13975e-10
2.63216e-08
-1.41789e-10
1.69233e-10
-2.12723e-10
2.63266e-08
1.69024e-10
-2.0691e-10
2.63114e-08
-1.9696e-10
2.62888e-08
1.6132e-10
2.63685e-08
-1.38547e-10
1.75315e-10
2.63666e-08
1.79081e-10
2.63468e-08
2.63205e-08
1.11069e-10
-1.33715e-10
2.61696e-08
-1.03458e-10
1.15908e-10
1.1281e-10
-1.31285e-10
2.62238e-08
1.12883e-10
1.08866e-10
-1.25674e-10
2.624e-08
1.06572e-10
-1.17763e-10
2.62368e-08
9.82949e-11
1.14247e-10
-1.47163e-10
2.6261e-08
-1.04264e-10
1.18368e-10
-1.45743e-10
2.62877e-08
1.16569e-10
-1.4125e-10
2.62888e-08
-1.34124e-10
2.62782e-08
1.15855e-10
-1.55586e-10
2.63171e-08
-1.02883e-10
1.22948e-10
-1.55613e-10
2.63293e-08
1.2369e-10
-1.52535e-10
2.63219e-08
-1.46581e-10
2.63067e-08
1.15938e-10
2.63547e-08
-9.97741e-11
1.26199e-10
2.63606e-08
1.29717e-10
2.63492e-08
2.63313e-08
8.17805e-11
-9.85407e-11
2.61766e-08
-7.60573e-11
8.57914e-11
8.34167e-11
-9.72086e-11
2.62354e-08
8.39311e-11
8.1148e-11
-9.36227e-11
2.62562e-08
7.9689e-11
-8.83832e-11
2.62571e-08
7.40012e-11
8.36441e-11
-1.07823e-10
2.62629e-08
-7.62716e-11
8.69707e-11
-1.07319e-10
2.62945e-08
8.62552e-11
-1.04671e-10
2.63006e-08
-1.00152e-10
2.62946e-08
8.42729e-11
-1.1321e-10
2.6313e-08
-7.48266e-11
8.96824e-11
-1.13809e-10
2.63304e-08
9.07787e-11
-1.12268e-10
2.63284e-08
-1.08701e-10
2.63184e-08
8.37365e-11
2.63439e-08
-7.20997e-11
9.1342e-11
2.63552e-08
9.43976e-11
2.63497e-08
2.63376e-08
6.02598e-11
-7.24672e-11
2.61814e-08
-5.5922e-11
6.33213e-11
6.17024e-11
-7.17786e-11
2.62435e-08
6.21966e-11
6.04062e-11
-6.94785e-11
2.62676e-08
5.93305e-11
-6.59797e-11
2.62716e-08
5.53973e-11
6.13342e-11
-7.89223e-11
2.62638e-08
-5.58469e-11
6.3986e-11
-7.88882e-11
2.62989e-08
6.38217e-11
-7.73423e-11
2.63086e-08
-7.44554e-11
2.6306e-08
6.14556e-11
-8.24174e-11
2.63096e-08
-5.45185e-11
6.558e-11
-8.32102e-11
2.63306e-08
6.67177e-11
-8.25135e-11
2.63325e-08
-8.03795e-11
2.63262e-08
6.06995e-11
2.63356e-08
-5.22473e-11
6.63599e-11
2.63507e-08
6.88909e-11
2.63492e-08
2.63412e-08
4.43847e-11
-5.31835e-11
2.61847e-08
-4.10943e-11
4.66123e-11
4.56e-11
-5.28595e-11
2.62492e-08
4.59423e-11
4.48655e-11
-5.13768e-11
2.62758e-08
4.3994e-11
-4.90217e-11
2.6282e-08
4.12576e-11
4.49919e-11
-5.77019e-11
2.62643e-08
-4.08976e-11
4.70758e-11
-5.78834e-11
2.63019e-08
4.71684e-11
-5.69923e-11
2.63141e-08
-5.51349e-11
2.6314e-08
4.48723e-11
-5.99998e-11
2.63068e-08
-3.97588e-11
4.80039e-11
-6.07963e-11
2.63304e-08
4.90362e-11
-6.05482e-11
2.6335e-08
-5.92744e-11
2.63314e-08
4.40984e-11
2.63293e-08
-3.79298e-11
4.83114e-11
2.6347e-08
5.03394e-11
2.63484e-08
2.63433e-08
3.26329e-11
-3.89281e-11
2.61869e-08
-3.0146e-11
3.42042e-11
3.36219e-11
-3.88024e-11
2.62532e-08
3.38105e-11
3.321e-11
-3.78414e-11
2.62815e-08
3.24782e-11
-3.62449e-11
2.62894e-08
3.05651e-11
3.29671e-11
-4.21063e-11
2.62644e-08
-2.99164e-11
3.45813e-11
-4.23652e-11
2.63038e-08
3.47737e-11
-4.18598e-11
2.6318e-08
-4.06568e-11
2.63196e-08
3.27528e-11
-4.36356e-11
2.63045e-08
-2.89827e-11
3.5115e-11
-4.43488e-11
2.633e-08
3.59867e-11
-4.43257e-11
2.63366e-08
-4.35685e-11
2.6335e-08
3.20538e-11
2.63245e-08
-2.75455e-11
3.51808e-11
2.63441e-08
3.6766e-11
2.63476e-08
2.63446e-08
2.38976e-11
-2.83737e-11
2.61884e-08
-2.20314e-11
2.49826e-11
2.468e-11
-2.83494e-11
2.62561e-08
2.47544e-11
2.4452e-11
-2.77233e-11
2.62857e-08
2.38392e-11
-2.66354e-11
2.62948e-08
2.24979e-11
2.4075e-11
-3.06148e-11
2.62644e-08
-2.18131e-11
2.5307e-11
-3.08793e-11
2.63051e-08
2.55191e-11
-3.05989e-11
2.63206e-08
-2.98151e-11
2.63236e-08
2.38426e-11
-3.16426e-11
2.63028e-08
-2.10721e-11
2.56089e-11
-3.22406e-11
2.63296e-08
2.63116e-11
-3.23186e-11
2.63376e-08
-3.18709e-11
2.63374e-08
2.32535e-11
2.63209e-08
-1.99653e-11
2.55618e-11
2.63418e-08
2.67756e-11
2.63468e-08
2.63453e-08
1.73661e-11
-2.05259e-11
2.61895e-08
-1.59817e-11
1.81034e-11
1.7969e-11
-2.0548e-11
2.6258e-08
1.7973e-11
1.78448e-11
-2.01387e-11
2.62886e-08
1.73436e-11
-1.9396e-11
2.62986e-08
1.64045e-11
1.74556e-11
-2.21036e-11
2.62643e-08
-1.57941e-11
1.83801e-11
-2.23397e-11
2.6306e-08
1.85742e-11
-2.21884e-11
2.63225e-08
-2.16761e-11
2.63265e-08
1.72424e-11
-2.27981e-11
2.63015e-08
-1.52224e-11
1.85472e-11
-2.32769e-11
2.63292e-08
1.90936e-11
-2.33891e-11
2.63383e-08
-2.31264e-11
2.63391e-08
1.67693e-11
2.63183e-08
-1.43866e-11
1.84572e-11
2.63402e-08
1.93683e-11
2.63462e-08
2.63457e-08
1.24367e-11
-1.46406e-11
2.61902e-08
-1.14286e-11
1.29303e-11
1.28879e-11
-1.4679e-11
2.62594e-08
1.28571e-11
1.28217e-11
-1.44117e-11
2.62906e-08
1.24266e-11
-1.39072e-11
2.63013e-08
1.17744e-11
1.24785e-11
-1.57414e-11
2.62642e-08
-1.12782e-11
1.3157e-11
-1.59353e-11
2.63066e-08
1.33177e-11
-1.58567e-11
2.63238e-08
-1.55223e-11
2.63285e-08
1.23008e-11
-1.62099e-11
2.63005e-08
-1.08502e-11
1.3247e-11
-1.65777e-11
2.63289e-08
1.36575e-11
-1.66895e-11
2.63387e-08
-1.6537e-11
2.63403e-08
1.19365e-11
2.63164e-08
-1.02339e-11
1.31508e-11
2.63389e-08
1.38187e-11
2.63457e-08
2.6346e-08
8.66529e-12
-1.01661e-11
2.61906e-08
-7.95374e-12
8.98809e-12
8.99004e-12
-1.02049e-11
2.62603e-08
8.94817e-12
8.95583e-12
-1.00325e-11
2.6292e-08
8.6592e-12
-9.6957e-12
2.63032e-08
8.21593e-12
8.68277e-12
-1.09171e-11
2.62641e-08
-7.84095e-12
9.16406e-12
-1.10653e-11
2.6307e-08
9.28723e-12
-1.10265e-11
2.63246e-08
-1.08109e-11
2.63298e-08
8.5456e-12
-1.12281e-11
2.62998e-08
-7.53291e-12
9.21085e-12
-1.14976e-11
2.63287e-08
9.50673e-12
-1.15922e-11
2.6339e-08
-1.15048e-11
2.63411e-08
8.27821e-12
2.6315e-08
-7.09426e-12
9.12691e-12
2.6338e-08
9.60003e-12
2.63453e-08
2.63462e-08
5.74503e-12
-6.72256e-12
2.61909e-08
-5.26855e-12
5.94871e-12
5.96519e-12
-6.75487e-12
2.62609e-08
5.92873e-12
5.94788e-12
-6.64772e-12
2.6293e-08
5.74299e-12
-6.43201e-12
2.63044e-08
5.45503e-12
5.75128e-12
-7.21174e-12
2.6264e-08
-5.19069e-12
6.07395e-12
-7.31696e-12
2.63072e-08
6.16033e-12
-7.29937e-12
2.63252e-08
-7.16539e-12
2.63307e-08
5.65364e-12
-7.40972e-12
2.62993e-08
-4.98181e-12
6.09684e-12
-7.59522e-12
2.63285e-08
6.29699e-12
-7.66647e-12
2.63391e-08
-7.61806e-12
2.63416e-08
5.46941e-12
2.63141e-08
-4.68636e-12
6.03255e-12
2.63375e-08
6.34935e-12
2.6345e-08
2.63463e-08
3.53515e-12
-4.16287e-12
2.61911e-08
-3.24213e-12
3.68787e-12
3.66986e-12
-4.1886e-12
2.62613e-08
3.68074e-12
3.65825e-12
-4.12821e-12
2.62935e-08
3.57044e-12
-4.00097e-12
2.63052e-08
3.39744e-12
3.53574e-12
-4.46093e-12
2.6264e-08
-3.19285e-12
3.73234e-12
-4.53202e-12
2.63073e-08
3.78374e-12
-4.52753e-12
2.63256e-08
-4.45147e-12
2.63313e-08
3.47031e-12
-4.57942e-12
2.6299e-08
-3.05998e-12
3.74035e-12
-4.69977e-12
2.63284e-08
3.86148e-12
-4.75009e-12
2.63392e-08
-4.72675e-12
2.63419e-08
3.35101e-12
2.63136e-08
-2.87303e-12
3.69431e-12
2.63371e-08
3.88726e-12
2.63449e-08
2.63463e-08
2.15818e-12
-2.70314e-12
-1.99325e-12
2.3821e-12
2.22606e-12
-2.73697e-12
2.39798e-12
2.20168e-12
-2.7157e-12
2.34962e-12
-2.64961e-12
2.25755e-12
2.14415e-12
-2.9071e-12
-1.94879e-12
2.25014e-12
-2.96617e-12
2.26669e-12
-2.97713e-12
-2.94142e-12
2.09069e-12
-2.98927e-12
-1.85421e-12
2.24226e-12
-3.07727e-12
2.30366e-12
-3.12085e-12
-3.11685e-12
2.00425e-12
-1.72664e-12
2.20175e-12
2.30942e-12
-1.23987e-08
-7.47666e-10
3.89356e-08
9.32485e-10
-2.91045e-08
4.66969e-09
3.49847e-08
3.50937e-10
-2.64911e-08
4.04202e-09
1.56669e-08
-6.28701e-09
-6.78888e-09
1.50323e-08
-2.24744e-09
5.1305e-09
1.73587e-10
2.71053e-08
2.00748e-09
1.90986e-09
3.54745e-08
6.49322e-09
-7.19876e-09
3.27813e-08
-1.18735e-08
2.30685e-08
5.50731e-09
2.90076e-09
2.95938e-08
-4.80356e-09
1.21713e-08
3.40707e-08
-1.6627e-08
9.53779e-09
2.55922e-08
-2.19962e-08
2.36136e-08
9.19675e-09
8.0555e-09
9.71522e-09
1.90022e-08
6.08343e-09
2.35619e-08
1.86058e-08
2.54723e-09
3.31114e-09
3.06258e-08
2.4514e-09
7.08031e-09
1.33161e-09
2.61655e-08
2.95451e-09
3.98321e-09
-3.24199e-09
2.03381e-08
1.66781e-09
-4.95182e-09
1.57364e-08
2.36185e-09
-4.94705e-09
3.26395e-09
3.20996e-08
-4.40526e-10
3.13457e-09
2.9165e-08
2.51983e-09
2.71636e-11
2.65518e-08
-3.9575e-09
2.10448e-08
-5.0159e-09
1.81122e-09
3.60624e-08
-4.66753e-09
5.16356e-09
3.16933e-08
-7.37334e-09
2.59987e-10
2.80652e-08
-3.69402e-09
2.37493e-08
-3.58962e-09
2.05581e-08
-2.51359e-09
2.44361e-08
-1.7194e-09
2.60615e-08
2.31062e-08
2.58094e-09
1.04581e-09
2.63858e-08
6.1326e-10
3.79314e-09
7.09444e-10
2.3285e-08
9.58837e-10
3.78144e-09
-3.04268e-10
1.96267e-08
1.02745e-09
-9.18801e-10
1.56652e-08
1.10405e-09
9.77223e-10
1.7615e-09
3.04067e-08
1.34887e-09
1.4022e-09
2.81006e-08
2.12725e-09
4.5527e-10
2.50139e-08
-1.02289e-09
2.10399e-08
7.37287e-10
1.93433e-09
3.51523e-08
-2.50559e-10
1.95003e-09
3.21333e-08
-9.06675e-10
7.16133e-11
2.9105e-08
-1.88958e-09
2.5044e-08
-2.55677e-09
3.10671e-08
-2.78909e-09
3.13208e-08
-2.14359e-09
2.96838e-08
2.61451e-08
7.17459e-10
-2.62204e-10
2.53072e-08
6.2332e-10
1.38933e-09
-3.96816e-10
2.22602e-08
7.49727e-10
1.79351e-09
-7.10595e-10
1.90871e-08
8.45991e-10
-1.01835e-09
1.57265e-08
9.07825e-10
1.8021e-10
-4.91106e-10
3.04554e-08
7.68027e-10
-6.1276e-10
2.77287e-08
1.29961e-09
-9.67044e-10
2.47388e-08
-1.46716e-09
2.13311e-08
2.08702e-10
-6.59616e-10
3.51121e-08
2.93656e-10
-7.0922e-10
3.21448e-08
6.19141e-10
-1.24799e-09
2.90604e-08
-1.96885e-09
2.54386e-08
-1.3753e-09
3.59382e-08
-8.97744e-10
3.39747e-08
-1.32515e-10
3.11965e-08
2.75575e-08
4.16294e-10
-5.89097e-10
2.48425e-08
6.37513e-10
7.30482e-10
-6.61135e-10
2.19199e-08
6.8729e-10
1.03477e-09
-8.09618e-10
1.88461e-08
7.46316e-10
-9.77581e-10
1.56478e-08
8.11452e-10
2.02102e-10
-9.80181e-10
3.06443e-08
5.14959e-10
-1.03885e-09
2.77936e-08
8.97886e-10
-1.18306e-09
2.47293e-08
-1.38442e-09
2.14289e-08
2.00536e-10
-1.37368e-09
3.5305e-08
4.14704e-10
-1.41655e-09
3.23083e-08
7.9561e-10
-1.60288e-09
2.90994e-08
-1.83975e-09
2.55927e-08
-3.3832e-10
3.75814e-08
4.50136e-11
3.48156e-08
6.01042e-10
3.15992e-08
2.79425e-08
2.18676e-10
-6.68051e-10
2.47212e-08
5.70703e-10
4.39346e-10
-7.05427e-10
2.18142e-08
5.90454e-10
6.72822e-10
-7.82384e-10
1.87699e-08
6.25138e-10
-8.72539e-10
1.56148e-08
6.71665e-10
1.5817e-10
-9.65122e-10
3.07832e-08
3.81662e-10
-9.96355e-10
2.7861e-08
6.57488e-10
-1.07256e-09
2.47436e-08
-1.1705e-09
2.14551e-08
1.67002e-10
-1.26283e-09
3.54357e-08
3.79886e-10
-1.29812e-09
3.23972e-08
6.7243e-10
-1.38943e-09
2.91237e-08
-1.48257e-09
2.56337e-08
1.74462e-11
3.80439e-08
2.9976e-10
3.50002e-08
6.58915e-10
3.16223e-08
2.79645e-08
1.50172e-10
-5.91514e-10
2.46958e-08
4.66778e-10
3.08143e-10
-6.12627e-10
2.17935e-08
4.75362e-10
4.81419e-10
-6.55997e-10
1.87563e-08
4.96326e-10
-7.06949e-10
1.56134e-08
5.26363e-10
1.3576e-10
-7.90535e-10
3.08465e-08
3.009e-10
-8.11994e-10
2.78953e-08
4.93924e-10
-8.60259e-10
2.47549e-08
-9.16582e-10
2.1467e-08
1.42248e-10
-9.76909e-10
3.54799e-08
3.15233e-10
-1.00414e-09
3.24164e-08
5.20923e-10
-1.0583e-09
2.9116e-08
-1.1074e-09
2.56313e-08
1.12606e-10
3.81103e-08
3.18427e-10
3.49743e-08
5.45911e-10
3.15478e-08
2.79041e-08
1.08083e-10
-4.77771e-10
2.47017e-08
3.63744e-10
2.24129e-10
-4.89904e-10
2.17992e-08
3.68152e-10
3.51472e-10
-5.16417e-10
1.87637e-08
3.81653e-10
-5.46794e-10
1.5624e-08
4.01199e-10
1.1078e-10
-6.09284e-10
3.08672e-08
2.33373e-10
-6.23911e-10
2.79067e-08
3.6857e-10
-6.56872e-10
2.47601e-08
-6.92651e-10
2.14746e-08
1.18159e-10
-7.19651e-10
3.54721e-08
2.49992e-10
-7.39214e-10
3.23999e-08
3.91368e-10
-7.75255e-10
2.9093e-08
-8.06974e-10
2.56161e-08
1.22307e-10
3.80506e-08
2.70919e-10
3.48916e-08
4.16726e-10
3.146e-08
2.78367e-08
7.93906e-11
-3.68881e-10
2.47147e-08
2.7646e-10
1.64523e-10
-3.76294e-10
2.18112e-08
2.79157e-10
2.57753e-10
-3.93688e-10
1.87757e-08
2.88383e-10
-4.12934e-10
1.56364e-08
3.0155e-10
8.66085e-11
-4.57657e-10
3.08694e-08
1.77016e-10
-4.6765e-10
2.79076e-08
2.7253e-10
-4.90578e-10
2.47615e-08
-5.14565e-10
2.14794e-08
9.45055e-11
-5.22291e-10
3.54422e-08
1.92235e-10
-5.36013e-10
3.23705e-08
2.8955e-10
-5.61291e-10
2.90664e-08
-5.83832e-10
2.55987e-08
1.05326e-10
3.7962e-08
2.12272e-10
3.48044e-08
3.08157e-10
3.13821e-08
2.77789e-08
5.83765e-11
-2.78236e-10
2.47273e-08
2.07237e-10
1.20818e-10
-2.83072e-10
2.18227e-08
2.09135e-10
1.89087e-10
-2.95122e-10
1.87869e-08
2.15731e-10
-3.07978e-10
1.56471e-08
2.24907e-10
6.57455e-11
-3.39258e-10
3.08647e-08
1.32143e-10
-3.46172e-10
2.79043e-08
2.00281e-10
-3.62417e-10
2.47607e-08
-3.79078e-10
2.1482e-08
7.30452e-11
-3.77298e-10
3.54072e-08
1.44679e-10
-3.86886e-10
3.23396e-08
2.12406e-10
-4.0511e-10
2.90414e-08
-4.21746e-10
2.55825e-08
8.29988e-11
3.78782e-08
1.60016e-10
3.47287e-08
2.24757e-10
3.13187e-08
2.77328e-08
4.29341e-11
-2.07139e-10
2.47375e-08
1.54103e-10
8.87298e-11
-2.10483e-10
2.18318e-08
1.55549e-10
1.38774e-10
-2.19139e-10
1.87956e-08
1.60403e-10
-2.28084e-10
1.56551e-08
1.66966e-10
4.91253e-11
-2.4958e-10
3.0858e-08
9.77655e-11
-2.54443e-10
2.78996e-08
1.46754e-10
-2.66139e-10
2.47587e-08
-2.78017e-10
2.14829e-08
5.52054e-11
-2.72258e-10
3.53747e-08
1.07437e-10
-2.78983e-10
3.23119e-08
1.55125e-10
-2.92296e-10
2.90199e-08
-3.04749e-10
2.55684e-08
6.28098e-11
3.78087e-08
1.18308e-10
3.4668e-08
1.62963e-10
3.12692e-08
2.76969e-08
3.15784e-11
-1.53074e-10
2.47449e-08
1.14049e-10
6.51928e-11
-1.55483e-10
2.18385e-08
1.15184e-10
1.01922e-10
-1.61835e-10
1.88019e-08
1.18812e-10
-1.68233e-10
1.56609e-08
1.23587e-10
3.64025e-11
-1.82805e-10
3.08513e-08
7.20077e-11
-1.86275e-10
2.78948e-08
1.07437e-10
-1.94798e-10
2.47562e-08
-2.03424e-10
2.14828e-08
4.11489e-11
-1.96538e-10
3.53473e-08
7.91632e-11
-2.01281e-10
3.22889e-08
1.13084e-10
-2.11067e-10
2.90022e-08
-2.20434e-10
2.55567e-08
4.65993e-11
3.77542e-08
8.66313e-11
3.46209e-08
1.17933e-10
3.12313e-08
2.76694e-08
2.32383e-11
-1.12644e-10
2.47501e-08
8.41609e-11
4.79352e-11
-1.14422e-10
2.18432e-08
8.50576e-11
7.49169e-11
-1.19134e-10
1.88062e-08
8.77864e-11
-1.23791e-10
1.56648e-08
9.12972e-11
2.68644e-11
-1.33571e-10
3.08454e-08
5.29334e-11
-1.36077e-10
2.78904e-08
7.86705e-11
-1.42339e-10
2.47537e-08
-1.48677e-10
2.14821e-08
3.04233e-11
-1.42026e-10
3.53253e-08
5.80921e-11
-1.45393e-10
3.22705e-08
8.24185e-11
-1.52605e-10
2.89882e-08
-1.59654e-10
2.55472e-08
3.42351e-11
3.77126e-08
6.31587e-11
3.45852e-08
8.53673e-11
3.12026e-08
2.76485e-08
1.71112e-11
-8.26868e-11
2.47537e-08
6.19885e-11
3.52705e-11
-8.40164e-11
2.18463e-08
6.26925e-11
5.51029e-11
-8.75292e-11
1.88092e-08
6.47486e-11
-9.09514e-11
1.56675e-08
6.73434e-11
1.9787e-11
-9.74733e-11
3.08404e-08
3.88849e-11
-9.92995e-11
2.78866e-08
5.76401e-11
-1.03921e-10
2.47513e-08
-1.08608e-10
2.14811e-08
2.23913e-11
-1.02762e-10
3.53082e-08
4.25481e-11
-1.05166e-10
3.22562e-08
6.01027e-11
-1.10487e-10
2.89772e-08
-1.15783e-10
2.55397e-08
2.50348e-11
3.76814e-08
4.59737e-11
3.45584e-08
6.18706e-11
3.11811e-08
2.76327e-08
1.26035e-11
-6.05982e-11
2.47561e-08
4.559e-11
2.59602e-11
-6.1597e-11
2.18484e-08
4.61379e-11
4.05385e-11
-6.4218e-11
1.88111e-08
4.76849e-11
-6.6745e-11
1.56693e-08
4.96066e-11
1.45589e-11
-7.10792e-11
3.08363e-08
2.85563e-11
-7.24174e-11
2.78834e-08
4.22512e-11
-7.58357e-11
2.47492e-08
-7.93117e-11
2.14801e-08
1.6438e-11
-7.4436e-11
3.52951e-08
3.11369e-11
-7.61624e-11
3.22453e-08
4.38603e-11
-8.00872e-11
2.89687e-08
-8.40557e-11
2.55338e-08
1.82691e-11
3.76582e-08
3.34551e-11
3.45385e-08
4.49059e-11
3.11651e-08
2.76207e-08
9.27963e-12
-4.43439e-11
2.47577e-08
3.34761e-11
1.90999e-11
-4.50943e-11
2.18498e-08
3.38983e-11
2.98089e-11
-4.7047e-11
1.88124e-08
3.50586e-11
-4.89154e-11
1.56704e-08
3.64816e-11
1.07009e-11
-5.17925e-11
3.08331e-08
2.0959e-11
-5.27758e-11
2.78809e-08
3.09672e-11
-5.53037e-11
2.47475e-08
-5.78819e-11
2.14792e-08
1.20465e-11
-5.39516e-11
3.52852e-08
2.27706e-11
-5.51957e-11
3.2237e-08
3.20165e-11
-5.80877e-11
2.89622e-08
-6.10512e-11
2.55292e-08
1.33167e-11
3.7641e-08
2.43441e-11
3.45237e-08
3.26257e-11
3.11531e-08
2.76118e-08
6.82125e-12
-3.23814e-11
2.47588e-08
2.45235e-11
1.40296e-11
-3.29433e-11
2.18507e-08
2.48456e-11
2.18821e-11
-3.43934e-11
1.88132e-08
2.57119e-11
-3.5773e-11
1.56712e-08
2.67633e-11
7.85061e-12
-3.76834e-11
3.08305e-08
1.5359e-11
-3.84061e-11
2.78788e-08
2.26681e-11
-4.02718e-11
2.47461e-08
-4.21799e-11
2.14783e-08
8.81e-12
-3.90883e-11
3.52778e-08
1.66293e-11
-3.99866e-11
3.22307e-08
2.33527e-11
-4.21129e-11
2.89574e-08
-4.4316e-11
2.55257e-08
9.69322e-12
3.76283e-08
1.77011e-11
3.45129e-08
2.37011e-11
3.11443e-08
2.76052e-08
4.9954e-12
-2.3558e-11
2.47594e-08
1.78924e-11
1.02668e-11
-2.3976e-11
2.18513e-08
1.81355e-11
1.60029e-11
-2.50469e-11
1.88138e-08
1.8778e-11
-2.60614e-11
1.56716e-08
1.95512e-11
5.73817e-12
-2.73309e-11
3.08285e-08
1.12158e-11
-2.78605e-11
2.78772e-08
1.65382e-11
-2.92314e-11
2.47449e-08
-3.06369e-11
2.14776e-08
6.41984e-12
-2.82537e-11
3.52723e-08
1.21058e-11
-2.89018e-11
3.22261e-08
1.69855e-11
-3.04585e-11
2.89537e-08
-3.20864e-11
2.55231e-08
7.0348e-12
3.76191e-08
1.28379e-11
3.45049e-08
1.71803e-11
3.11378e-08
2.76003e-08
3.6309e-12
-1.70173e-11
2.47599e-08
1.29569e-11
7.45718e-12
-1.73253e-11
2.18516e-08
1.31379e-11
1.16162e-11
-1.81089e-11
1.88141e-08
1.36097e-11
-1.88487e-11
1.5672e-08
1.41735e-11
4.16356e-12
-1.96921e-11
3.08271e-08
8.13167e-12
-2.00773e-11
2.7876e-08
1.19812e-11
-2.10764e-11
2.4744e-08
-2.21029e-11
2.14771e-08
4.64546e-12
-2.03016e-11
3.52683e-08
8.75341e-12
-2.0767e-11
3.22227e-08
1.22739e-11
-2.18978e-11
2.8951e-08
-2.30892e-11
2.55211e-08
5.07301e-12
3.76123e-08
9.25362e-12
3.44991e-08
1.23795e-11
3.11331e-08
2.75967e-08
2.60122e-12
-1.21246e-11
2.47601e-08
9.25076e-12
5.33894e-12
-1.23477e-11
2.18518e-08
9.38296e-12
8.3117e-12
-1.2912e-11
1.88143e-08
9.7236e-12
-1.34433e-11
1.56722e-08
1.01285e-11
2.97874e-12
-1.40009e-11
3.0826e-08
5.8135e-12
-1.42772e-11
2.78751e-08
8.55973e-12
-1.49944e-11
2.47434e-08
-1.57324e-11
2.14766e-08
3.31596e-12
-1.44033e-11
3.52654e-08
6.24428e-12
-1.47334e-11
3.22202e-08
8.75078e-12
-1.55429e-11
2.8949e-08
-1.64009e-11
2.55197e-08
3.61101e-12
3.76075e-08
6.5842e-12
3.44949e-08
8.80599e-12
3.11297e-08
2.75941e-08
1.81312e-12
-8.41154e-12
2.47603e-08
6.42828e-12
3.71938e-12
-8.56905e-12
2.1852e-08
6.52234e-12
5.78742e-12
-8.96413e-12
1.88145e-08
6.76134e-12
-9.33501e-12
1.56723e-08
7.04402e-12
2.07484e-12
-9.69698e-12
3.08252e-08
4.04634e-12
-9.89039e-12
2.78744e-08
5.95378e-12
-1.03913e-11
2.47429e-08
-1.0907e-11
2.14763e-08
2.30599e-12
-9.95886e-12
3.52633e-08
4.33914e-12
-1.01878e-11
3.22185e-08
6.07726e-12
-1.07518e-11
2.89477e-08
-1.13521e-11
2.55187e-08
2.50587e-12
3.76042e-08
4.56636e-12
3.4492e-08
6.10486e-12
3.11274e-08
2.75923e-08
1.20212e-12
-5.55332e-12
2.47604e-08
4.24924e-12
2.46522e-12
-5.66201e-12
2.18521e-08
4.31494e-12
3.83476e-12
-5.92619e-12
1.88145e-08
4.47524e-12
-6.17317e-12
1.56724e-08
4.6634e-12
1.37631e-12
-6.39412e-12
3.08246e-08
2.68182e-12
-6.52603e-12
2.7874e-08
3.94337e-12
-6.85995e-12
2.47426e-08
-7.20327e-12
2.14761e-08
1.52919e-12
-6.55831e-12
3.5262e-08
2.87348e-12
-6.71244e-12
3.22173e-08
4.02104e-12
-7.08747e-12
2.89467e-08
-7.48738e-12
2.5518e-08
1.6601e-12
3.7602e-08
3.02003e-12
3.44901e-08
4.03411e-12
3.11258e-08
2.75911e-08
7.34056e-13
-3.41075e-12
2.47605e-08
2.61079e-12
1.51246e-12
-3.48939e-12
2.18521e-08
2.65968e-12
2.35686e-12
-3.65767e-12
1.88146e-08
2.76235e-12
-3.81414e-12
1.56724e-08
2.88021e-12
8.4695e-13
-3.9255e-12
3.08243e-08
1.64869e-12
-4.01921e-12
2.78737e-08
2.42521e-12
-4.2311e-12
2.47424e-08
-4.44727e-12
2.1476e-08
9.45524e-13
-4.02488e-12
3.52611e-08
1.76718e-12
-4.1318e-12
3.22166e-08
2.47049e-12
-4.36888e-12
2.89462e-08
-4.62018e-12
2.55176e-08
1.02873e-12
3.76006e-08
1.85632e-12
3.4489e-08
2.47494e-12
3.11248e-08
2.75904e-08
4.35851e-13
-2.12064e-12
1.61499e-12
9.02726e-13
-2.19848e-12
1.66541e-12
1.42661e-12
-2.31654e-12
1.73898e-12
-2.42756e-12
1.81779e-12
4.96428e-13
-2.46721e-12
9.84543e-13
-2.56121e-12
1.46577e-12
-2.70954e-12
-2.85663e-12
5.49061e-13
-2.55221e-12
1.05755e-12
-2.65621e-12
1.49001e-12
-2.82196e-12
-2.99042e-12
5.93108e-13
1.11245e-12
1.48904e-12
2.31223e-09
-6.84514e-09
2.45348e-08
1.02932e-08
1.34633e-09
2.67484e-08
1.72168e-08
-2.5675e-08
2.05984e-08
-1.92543e-08
2.84091e-08
5.49714e-09
-9.08519e-09
2.03644e-08
9.04064e-09
2.65948e-10
2.71598e-08
-4.15348e-09
-4.26219e-09
2.48059e-08
-6.58323e-09
1.9143e-08
-3.41032e-09
-7.59658e-09
1.53024e-08
-2.52882e-09
-8.78739e-10
2.62889e-08
-2.90616e-09
-5.82898e-09
3.23082e-08
-3.6994e-09
2.27207e-08
3.54759e-09
1.12473e-08
-5.19059e-09
2.07872e-08
3.57839e-09
2.98286e-08
2.52448e-08
8.05054e-10
-1.65714e-09
2.78383e-08
-1.31255e-09
-5.10699e-09
3.3973e-08
-7.41469e-09
-7.90355e-09
3.46041e-08
-2.88963e-09
2.19738e-08
-3.95507e-10
-1.21601e-09
2.32733e-08
-1.98026e-09
-3.7458e-09
2.73834e-08
-7.06502e-09
-6.34009e-09
2.83272e-08
-4.25707e-09
2.1702e-08
-2.25382e-09
-1.70503e-09
1.9713e-08
-3.99446e-09
7.4505e-10
2.35387e-08
-3.75299e-09
-5.26748e-10
2.62534e-08
-1.87885e-09
2.29032e-08
-2.28417e-09
1.51699e-08
-5.24317e-09
1.88606e-08
-7.42302e-10
2.36685e-08
2.43364e-08
1.06301e-09
1.34457e-09
2.6044e-08
1.42537e-09
1.57772e-09
3.20329e-08
8.34306e-10
7.68629e-10
3.44265e-08
-1.80843e-09
2.74488e-08
1.3204e-09
1.25881e-09
2.29975e-08
1.06529e-09
1.16992e-09
2.80463e-08
4.97802e-11
-1.25128e-10
3.02365e-08
-2.51573e-09
2.65505e-08
1.30784e-09
1.26283e-09
1.94286e-08
5.25991e-10
1.43405e-09
2.40564e-08
-1.45227e-10
2.41368e-10
2.65581e-08
-2.11256e-09
2.58019e-08
1.06307e-09
1.56068e-08
-3.48893e-10
2.01629e-08
-5.74717e-10
2.34853e-08
2.45373e-08
1.11263e-09
8.95801e-11
2.54651e-08
1.80559e-09
3.61885e-10
3.09781e-08
1.98829e-09
2.45392e-10
3.39984e-08
-1.24118e-09
3.19543e-08
1.24231e-09
2.69721e-10
2.23248e-08
1.61958e-09
4.11058e-10
2.76198e-08
1.58023e-09
-5.74334e-11
3.05786e-08
-1.68569e-09
2.99394e-08
1.32806e-09
1.38814e-10
1.90775e-08
1.4564e-09
1.14774e-10
2.42244e-08
1.13323e-09
-4.19795e-10
2.72436e-08
-1.53333e-09
2.7798e-08
1.29099e-09
1.56849e-08
1.12436e-09
2.07847e-08
7.45392e-10
2.40583e-08
2.53281e-08
1.16562e-09
2.49233e-11
2.4912e-08
1.62608e-09
3.81001e-11
3.04795e-08
1.61185e-09
-2.57455e-11
3.40384e-08
-6.5838e-10
3.44311e-08
1.19276e-09
-9.38269e-11
2.19381e-08
1.51828e-09
-1.25701e-10
2.74581e-08
1.42772e-09
-3.14776e-10
3.09582e-08
-9.69597e-10
3.18742e-08
1.22736e-09
-3.15186e-10
1.88178e-08
1.45669e-09
-4.09351e-10
2.42787e-08
1.23204e-09
-6.08665e-10
2.77622e-08
-9.90449e-10
2.90809e-08
1.2366e-09
1.55927e-08
1.35504e-09
2.09938e-08
1.09232e-09
2.45088e-08
2.60682e-08
8.98747e-10
-1.05639e-10
2.46896e-08
1.13149e-09
-1.19818e-10
3.03666e-08
1.05081e-09
-1.37153e-10
3.42562e-08
-3.71232e-10
3.57071e-08
9.05639e-10
-2.52494e-10
2.17697e-08
1.08793e-09
-2.87115e-10
2.74431e-08
9.80565e-10
-3.51519e-10
3.128e-08
-5.74249e-10
3.28983e-08
9.2724e-10
-4.50419e-10
1.87136e-08
1.0756e-09
-4.92225e-10
2.43354e-08
9.2301e-10
-5.43686e-10
2.81069e-08
-6.45064e-10
2.98308e-08
9.52506e-10
1.55552e-08
1.06525e-09
2.11013e-08
9.02275e-10
2.48082e-08
2.65738e-08
6.57404e-10
-1.20549e-10
2.46196e-08
7.60701e-10
-1.38772e-10
3.04021e-08
6.76668e-10
-1.47044e-10
3.44873e-08
-2.29909e-10
3.63896e-08
6.5953e-10
-2.5852e-10
2.17235e-08
7.44111e-10
-2.80671e-10
2.75005e-08
6.52606e-10
-3.02227e-10
3.15266e-08
-3.72501e-10
3.34585e-08
6.75818e-10
-4.17035e-10
1.86926e-08
7.50614e-10
-4.30714e-10
2.44107e-08
6.45535e-10
-4.34612e-10
2.83444e-08
-4.47369e-10
3.02678e-08
7.00378e-10
1.55584e-08
7.67222e-10
2.11882e-08
6.62958e-10
2.50143e-08
2.68986e-08
4.75078e-10
-1.09673e-10
2.46179e-08
5.20047e-10
-1.22113e-10
3.04792e-08
4.53014e-10
-1.27185e-10
3.46815e-08
-1.55296e-10
3.67819e-08
4.77084e-10
-2.23386e-10
2.17283e-08
5.15325e-10
-2.35559e-10
2.75757e-08
4.47311e-10
-2.42842e-10
3.17103e-08
-2.61938e-10
3.37869e-08
4.90458e-10
-3.44876e-10
1.87053e-08
5.27339e-10
-3.47195e-10
2.44854e-08
4.56474e-10
-3.39461e-10
2.85119e-08
-3.29004e-10
3.05347e-08
5.10948e-10
1.55778e-08
5.48783e-10
2.12606e-08
4.81602e-10
2.51588e-08
2.71094e-08
3.45109e-10
-9.02872e-11
2.46395e-08
3.65752e-10
-9.8441e-11
3.0557e-08
3.17406e-10
-1.02089e-10
3.48319e-08
-1.11324e-10
3.70256e-08
3.47386e-10
-1.79822e-10
2.17496e-08
3.66057e-10
-1.87133e-10
2.76457e-08
3.18683e-10
-1.90086e-10
3.18457e-08
-1.93316e-10
3.3994e-08
3.58248e-10
-2.71562e-10
1.87272e-08
3.78263e-10
-2.71027e-10
2.45493e-08
3.31413e-10
-2.62875e-10
2.86315e-08
-2.4967e-10
3.07072e-08
3.74345e-10
1.55996e-08
3.97563e-10
2.13179e-08
3.54361e-10
2.52608e-08
2.72501e-08
2.52195e-10
-7.10887e-11
2.46657e-08
2.63009e-10
-7.66336e-11
3.06228e-08
2.29753e-10
-7.94332e-11
3.49446e-08
-8.24517e-11
3.71868e-08
2.54523e-10
-1.39805e-10
2.17729e-08
2.65241e-10
-1.44858e-10
2.77032e-08
2.3337e-10
-1.46644e-10
3.19448e-08
-1.45829e-10
3.41322e-08
2.63175e-10
-2.08541e-10
1.87485e-08
2.75861e-10
-2.08007e-10
2.45998e-08
2.45309e-10
-2.0202e-10
2.87175e-08
-1.91378e-10
3.08239e-08
2.75489e-10
1.56187e-08
2.91421e-10
2.13612e-08
2.6373e-10
2.5333e-08
2.73463e-08
1.85146e-10
-5.45093e-11
2.46891e-08
1.91926e-10
-5.85308e-11
3.06746e-08
1.69517e-10
-6.0797e-11
3.50278e-08
-6.1925e-11
3.72982e-08
1.87304e-10
-1.06484e-10
2.17932e-08
1.94656e-10
-1.10423e-10
2.77477e-08
1.73555e-10
-1.11979e-10
3.2017e-08
-1.1073e-10
3.42281e-08
1.94071e-10
-1.5774e-10
1.87661e-08
2.03293e-10
-1.5786e-10
2.4638e-08
1.83487e-10
-1.54068e-10
2.87793e-08
-1.4659e-10
3.09053e-08
2.03353e-10
1.56336e-08
2.15252e-10
2.13931e-08
1.97509e-10
2.53843e-08
2.74135e-08
1.36309e-10
-4.11302e-11
2.4708e-08
1.41269e-10
-4.41865e-11
3.07138e-08
1.26284e-10
-4.60657e-11
3.50889e-08
-4.66935e-11
3.73773e-08
1.38182e-10
-8.0069e-11
2.18091e-08
1.43879e-10
-8.33207e-11
2.77812e-08
1.2999e-10
-8.48352e-11
3.20697e-08
-8.40234e-11
3.42965e-08
1.43403e-10
-1.18161e-10
1.87796e-08
1.50659e-10
-1.18835e-10
2.46662e-08
1.37829e-10
-1.16674e-10
2.8824e-08
-1.11737e-10
3.09633e-08
1.50338e-10
1.56447e-08
1.59636e-10
2.14162e-08
1.48245e-10
2.54208e-08
2.74611e-08
1.00506e-10
-3.07156e-11
2.47224e-08
1.04458e-10
-3.30952e-11
3.07429e-08
9.44443e-11
-3.46585e-11
3.51336e-08
-3.5179e-11
3.74345e-08
1.02061e-10
-5.97015e-11
2.18211e-08
1.06715e-10
-6.24157e-11
2.78058e-08
9.75727e-11
-6.38607e-11
3.2108e-08
-6.3528e-11
3.43458e-08
1.06047e-10
-8.7937e-11
1.87895e-08
1.11927e-10
-8.89123e-11
2.46869e-08
1.03598e-10
-8.78152e-11
2.88563e-08
-8.46642e-11
3.1005e-08
1.11203e-10
1.56528e-08
1.18584e-10
2.14328e-08
1.11244e-10
2.54469e-08
2.74951e-08
7.41446e-11
-2.27816e-11
2.4733e-08
7.73866e-11
-2.46462e-11
3.07643e-08
7.06759e-11
-2.59348e-11
3.51662e-08
-2.64259e-11
3.74761e-08
7.53973e-11
-4.42605e-11
2.18299e-08
7.92388e-11
-4.65021e-11
2.78238e-08
7.32016e-11
-4.78164e-11
3.2136e-08
-4.78134e-11
3.43817e-08
7.8418e-11
-6.51447e-11
1.87967e-08
8.31942e-11
-6.62073e-11
2.47018e-08
7.77622e-11
-6.57476e-11
2.88797e-08
-6.37778e-11
3.10353e-08
8.22374e-11
1.56586e-08
8.80977e-11
2.14446e-08
8.33454e-11
2.54656e-08
2.75196e-08
5.46814e-11
-1.68159e-11
2.47407e-08
5.73405e-11
-1.82721e-11
3.078e-08
5.28219e-11
-1.93187e-11
3.519e-08
-1.97753e-11
3.75065e-08
5.56691e-11
-3.26767e-11
2.18362e-08
5.88127e-11
-3.44956e-11
2.78369e-08
5.48061e-11
-3.56382e-11
3.21563e-08
-3.58164e-11
3.4408e-08
5.79439e-11
-4.80926e-11
1.88019e-08
6.1788e-11
-4.91062e-11
2.47126e-08
5.82259e-11
-4.9e-11
2.88966e-08
-4.77857e-11
3.10574e-08
6.07666e-11
1.56626e-08
6.53865e-11
2.14531e-08
6.2292e-11
2.5479e-08
2.75373e-08
4.02818e-11
-1.23653e-11
2.47463e-08
4.24363e-11
-1.34936e-11
3.07913e-08
3.93772e-11
-1.43297e-11
3.52074e-08
-1.47353e-11
3.75288e-08
4.1048e-11
-2.40413e-11
2.18407e-08
4.35818e-11
-2.54902e-11
2.78464e-08
4.09074e-11
-2.64471e-11
3.21711e-08
-2.67013e-11
3.44272e-08
4.27519e-11
-3.53957e-11
1.88056e-08
4.5805e-11
-3.62904e-11
2.47203e-08
4.34547e-11
-3.63617e-11
2.89089e-08
-3.56209e-11
3.10735e-08
4.48332e-11
1.56655e-08
4.84391e-11
2.14591e-08
4.64116e-11
2.54887e-08
2.75501e-08
2.96062e-11
-9.05838e-12
2.47503e-08
3.13235e-11
-9.92384e-12
3.07995e-08
2.92416e-11
-1.05809e-11
3.52201e-08
-1.09258e-11
3.75452e-08
3.01926e-11
-1.76244e-11
2.18439e-08
3.22006e-11
-1.87585e-11
2.78532e-08
3.04051e-11
-1.95357e-11
3.21818e-08
-1.98025e-11
3.44413e-08
3.14618e-11
-2.59629e-11
1.88082e-08
3.38519e-11
-2.67129e-11
2.47259e-08
3.22915e-11
-2.6859e-11
2.89177e-08
-2.64111e-11
3.10853e-08
3.2992e-11
1.56675e-08
3.5775e-11
2.14635e-08
3.44382e-11
2.54957e-08
2.75594e-08
2.16677e-11
-6.6033e-12
2.47531e-08
2.30118e-11
-7.25947e-12
3.08054e-08
2.15893e-11
-7.76736e-12
3.52293e-08
-8.04994e-12
3.75571e-08
2.21108e-11
-1.28576e-11
2.18462e-08
2.36741e-11
-1.37302e-11
2.78581e-08
2.24629e-11
-1.43452e-11
3.21896e-08
-1.45908e-11
3.44515e-08
2.30497e-11
-1.89533e-11
1.881e-08
2.48921e-11
-1.95585e-11
2.47299e-08
2.38506e-11
-1.97228e-11
2.89242e-08
-1.94544e-11
3.10938e-08
2.41694e-11
1.56689e-08
2.62905e-11
2.14665e-08
2.54043e-11
2.55007e-08
2.75662e-08
1.57342e-11
-4.77566e-12
2.47551e-08
1.67647e-11
-5.26607e-12
3.08096e-08
1.57919e-11
-5.65152e-12
3.52359e-08
-5.87543e-12
3.75657e-08
1.60641e-11
-9.30582e-12
2.18478e-08
1.72573e-11
-9.96513e-12
2.78616e-08
1.64386e-11
-1.04397e-11
3.21952e-08
-1.06487e-11
3.44589e-08
1.67518e-11
-1.37269e-11
1.88113e-08
1.81469e-11
-1.41997e-11
2.47327e-08
1.74497e-11
-1.43532e-11
2.89288e-08
-1.41939e-11
3.11e-08
1.75645e-11
1.56699e-08
1.91564e-11
2.14687e-08
1.85669e-11
2.55042e-08
2.75711e-08
1.12598e-11
-3.40501e-12
2.47565e-08
1.20296e-11
-3.76433e-12
3.08126e-08
1.1368e-11
-4.05021e-12
3.52406e-08
-4.2217e-12
3.75719e-08
1.15007e-11
-6.63931e-12
2.18489e-08
1.23886e-11
-7.12607e-12
2.78641e-08
1.18375e-11
-7.48217e-12
3.21992e-08
-7.64989e-12
3.44642e-08
1.19961e-11
-9.79942e-12
1.88121e-08
1.3028e-11
-1.01569e-11
2.47347e-08
1.25627e-11
-1.02865e-11
2.8932e-08
-1.01932e-11
3.11044e-08
1.25774e-11
1.56706e-08
1.37467e-11
2.14702e-08
1.33556e-11
2.55068e-08
2.75745e-08
7.83917e-12
-2.36378e-12
2.47574e-08
8.39342e-12
-2.61927e-12
3.08147e-08
7.95192e-12
-2.82453e-12
3.52439e-08
-2.95066e-12
3.75762e-08
8.01012e-12
-4.61115e-12
2.18497e-08
8.64725e-12
-4.95882e-12
2.78658e-08
8.28249e-12
-5.21638e-12
3.2202e-08
-5.34363e-12
3.44679e-08
8.35711e-12
-6.80908e-12
1.88127e-08
9.09402e-12
-7.0686e-12
2.47361e-08
8.78828e-12
-7.16984e-12
2.89343e-08
-7.11649e-12
3.11074e-08
8.76154e-12
1.5671e-08
9.59231e-12
2.14713e-08
9.33665e-12
2.55085e-08
2.75769e-08
5.19079e-12
-1.56285e-12
2.47581e-08
5.56832e-12
-1.73733e-12
3.08161e-08
5.28631e-12
-1.87877e-12
3.5246e-08
-1.96736e-12
3.75791e-08
5.30807e-12
-3.05014e-12
2.18502e-08
5.73998e-12
-3.28694e-12
2.78669e-08
5.50784e-12
-3.4641e-12
3.22038e-08
-3.55489e-12
3.44704e-08
5.54008e-12
-4.50545e-12
1.88131e-08
6.03746e-12
-4.68394e-12
2.4737e-08
5.84358e-12
-4.75745e-12
2.89358e-08
-4.72865e-12
3.11095e-08
5.8081e-12
1.56713e-08
6.36675e-12
2.1472e-08
6.20514e-12
2.55097e-08
2.75785e-08
3.19114e-12
-9.75379e-13
2.47585e-08
3.42763e-12
-1.09162e-12
3.08169e-08
3.25769e-12
-1.18574e-12
3.52474e-08
-1.24559e-12
3.75808e-08
3.27179e-12
-1.89407e-12
2.18505e-08
3.53919e-12
-2.04751e-12
2.78676e-08
3.39652e-12
-2.16359e-12
3.22049e-08
-2.22531e-12
3.44719e-08
3.41858e-12
-2.79508e-12
1.88134e-08
3.72461e-12
-2.91087e-12
2.47375e-08
3.60338e-12
-2.96237e-12
2.89367e-08
-2.95023e-12
3.11107e-08
3.58458e-12
1.56715e-08
3.92744e-12
2.14724e-08
3.82476e-12
2.55104e-08
2.75795e-08
1.97756e-12
-6.19633e-13
2.12136e-12
-6.93802e-13
1.99696e-12
-7.54287e-13
-7.93261e-13
2.04785e-12
-1.23343e-12
2.20346e-12
-1.3482e-12
2.0866e-12
-1.43758e-12
-1.48768e-12
2.14612e-12
-1.81964e-12
2.32006e-12
-1.91376e-12
2.2109e-12
-1.96684e-12
-1.97408e-12
2.2474e-12
2.44015e-12
2.34014e-12
)
;

boundaryField
{
    inlet
    {
        type            calculated;
        value           nonuniform List<scalar> 
48
(
-3.25586e-08
-2.52284e-08
-2.73758e-08
-2.73501e-08
-2.74501e-08
-1.92051e-08
-2.75253e-08
-2.74406e-08
-2.73024e-08
-2.64086e-08
-2.75008e-08
-2.79955e-08
-2.72487e-08
-2.70426e-08
-2.75713e-08
-2.70415e-08
-2.67217e-08
-3.3157e-08
-3.78283e-08
-4.05717e-08
-2.32995e-08
-2.95917e-08
-3.40213e-08
-4.13774e-08
-1.60353e-08
-2.60263e-08
-3.05053e-08
-3.25579e-08
-1.60814e-08
-2.23917e-08
-3.08827e-08
-2.90434e-08
-2.67099e-08
-2.32706e-08
-1.96677e-08
-1.80111e-08
-3.31374e-08
-2.96229e-08
-2.60257e-08
-2.24609e-08
-2.92124e-08
-3.30246e-08
-3.03641e-08
-2.66319e-08
-3.78404e-08
-3.61328e-08
-3.41391e-08
-3.12681e-08
)
;
    }
    outlet
    {
        type            calculated;
        value           nonuniform List<scalar> 
48
(
2.61913e-08
2.6264e-08
2.62989e-08
2.63133e-08
2.62616e-08
2.63075e-08
2.63284e-08
2.63369e-08
2.62939e-08
2.63258e-08
2.63393e-08
2.63448e-08
2.63057e-08
2.63316e-08
2.63421e-08
2.63464e-08
2.47605e-08
3.08241e-08
3.52607e-08
3.75998e-08
2.18522e-08
2.78736e-08
3.22162e-08
3.44882e-08
1.88147e-08
2.47423e-08
2.89459e-08
3.11243e-08
1.56724e-08
2.14759e-08
2.55173e-08
2.759e-08
2.47587e-08
2.18507e-08
1.88136e-08
1.56717e-08
3.08175e-08
2.78681e-08
2.47379e-08
2.14727e-08
3.52483e-08
3.22057e-08
2.89373e-08
2.55109e-08
3.7582e-08
3.44729e-08
3.11116e-08
2.75801e-08
)
;
    }
    wall
    {
        type            calculated;
        value           nonuniform List<scalar> 
192
(
7.76465e-25
-8.51881e-14
2.0844e-14
-1.50939e-09
-7.21425e-26
5.84335e-25
-1.16681e-24
-7.42465e-26
2.79795e-26
-8.50419e-26
1.06358e-24
1.75857e-25
1.10562e-25
-5.30367e-26
-3.43864e-26
-7.65293e-26
4.2835e-26
1.36012e-25
-1.98928e-26
-5.18744e-26
-7.05981e-26
-1.57908e-25
-1.22581e-25
2.70593e-26
-3.59032e-26
1.15301e-25
-6.69496e-26
4.29653e-26
-5.69201e-26
2.10987e-26
9.0361e-27
-6.00086e-26
6.73735e-26
8.29376e-27
-5.84387e-26
-1.84038e-26
3.80067e-26
-1.45223e-25
-2.35027e-26
1.27779e-26
-4.91868e-26
-7.17606e-26
-6.76975e-26
-1.37144e-26
3.44275e-26
-4.92715e-26
4.35134e-27
-1.17189e-26
1.14165e-26
9.11899e-27
-9.75749e-27
-9.05144e-28
1.85517e-26
-1.86146e-26
1.01567e-26
-4.69845e-27
1.00024e-26
-1.82649e-26
-3.09369e-27
-2.5767e-27
6.1716e-27
-1.15884e-27
-3.7409e-27
1.29034e-27
-1.10922e-26
5.54737e-28
-9.49178e-27
4.1772e-27
1.29577e-26
-3.44826e-27
-4.5579e-28
1.28181e-27
8.21019e-27
5.07722e-29
2.72589e-28
-1.2502e-27
-3.03896e-27
5.44071e-27
-1.02078e-27
-5.576e-28
2.17656e-27
2.25638e-27
-1.91565e-27
-1.44165e-28
2.66482e-27
3.70383e-27
1.59106e-27
6.77828e-29
2.59413e-28
9.31627e-28
1.08947e-27
1.97619e-28
5.70771e-28
-6.63801e-28
1.09845e-28
-3.36513e-29
7.64052e-09
8.28652e-25
-9.24269e-26
1.76337e-26
-3.33507e-25
5.57797e-26
-1.12625e-25
2.26623e-25
1.19958e-25
4.23134e-26
4.39084e-27
-2.94776e-27
-3.37292e-26
2.8569e-26
-6.88187e-27
-6.84592e-27
1.12947e-26
2.07536e-27
1.61437e-27
-3.81982e-28
2.30352e-27
-9.1967e-28
7.2038e-28
4.50795e-29
-2.93827e-09
2.29668e-26
7.06922e-26
1.71123e-25
-3.83191e-25
1.36629e-25
-1.20237e-25
-2.00033e-26
2.7907e-26
3.70057e-26
-4.90507e-27
4.66264e-26
-3.34363e-26
2.76765e-26
-1.42549e-26
2.37705e-27
4.06517e-27
5.36824e-27
-3.60703e-27
-2.26077e-27
4.72383e-27
-2.86352e-28
6.16825e-28
5.99071e-29
2.73654e-08
6.90377e-25
2.27487e-25
3.88545e-25
-2.91738e-25
-6.94287e-26
5.6111e-26
1.11043e-26
2.06584e-26
-7.68257e-26
-4.77394e-27
-1.62133e-26
3.29247e-27
6.13381e-27
2.58441e-27
-1.08117e-26
3.42625e-27
-1.97764e-27
6.47984e-27
-1.14315e-27
2.97343e-27
3.49901e-28
-7.29831e-29
-2.75088e-28
2.90843e-08
-1.41941e-24
1.42881e-26
-9.42576e-26
5.18569e-26
8.77857e-26
5.63433e-26
6.11235e-27
-1.67725e-26
-6.88132e-28
5.13561e-28
1.75634e-26
5.03099e-27
-4.39997e-27
4.65283e-29
-4.26598e-28
-1.62519e-27
2.65563e-27
5.1502e-28
6.75081e-29
-3.61093e-29
-9.39334e-29
8.7986e-29
-9.91044e-29
)
;
    }
    procBoundary0to1
    {
        type            processor;
        value           nonuniform List<scalar> 
192
(
1.86528e-08
2.67368e-08
-3.7625e-09
4.68378e-09
4.13891e-10
-7.4322e-10
-7.86881e-09
-5.32761e-09
-1.3676e-09
-1.97846e-09
-2.06686e-09
-2.01556e-10
-2.15536e-10
-5.69053e-11
4.41945e-10
1.51155e-09
4.38903e-10
6.86374e-10
1.06561e-09
1.6212e-09
5.35498e-10
7.25364e-10
9.69286e-10
1.26794e-09
4.64408e-10
5.90554e-10
7.40151e-10
9.0699e-10
3.71623e-10
4.51904e-10
5.42709e-10
6.38744e-10
2.90383e-10
3.41316e-10
3.96915e-10
4.53633e-10
2.24503e-10
2.57187e-10
2.91752e-10
3.25972e-10
1.72291e-10
1.93582e-10
2.1542e-10
2.36423e-10
1.31399e-10
1.45477e-10
1.59482e-10
1.72552e-10
9.96618e-11
1.09097e-10
1.182e-10
1.26427e-10
7.52157e-11
8.16138e-11
8.76021e-11
9.28327e-11
5.65037e-11
6.08857e-11
6.48671e-11
6.8223e-11
4.22517e-11
4.52773e-11
4.79488e-11
5.01196e-11
3.14329e-11
3.35347e-11
3.5341e-11
3.67555e-11
2.32305e-11
2.46957e-11
2.59237e-11
2.68506e-11
1.70009e-11
1.80217e-11
1.88581e-11
1.94676e-11
1.22407e-11
1.29465e-11
1.35133e-11
1.39131e-11
8.56305e-12
9.0408e-12
9.41791e-12
9.67569e-12
5.6927e-12
6.00186e-12
6.24217e-12
6.40103e-12
3.49999e-12
3.68465e-12
3.82593e-12
3.9157e-12
2.08541e-12
2.19159e-12
2.27147e-12
2.32012e-12
1.68181e-08
1.65204e-10
5.62835e-09
2.53998e-08
1.91027e-09
-8.25649e-09
-6.31369e-09
2.69636e-10
-2.83224e-09
-4.09151e-09
-3.44706e-09
-1.79192e-09
-1.27608e-09
-1.36409e-09
-1.01526e-09
-5.06796e-10
-2.06531e-10
-1.95845e-10
-3.00101e-11
2.05369e-10
1.46079e-10
1.59459e-10
2.4395e-10
3.75562e-10
2.24047e-10
2.34941e-10
2.83391e-10
3.62047e-10
2.1597e-10
2.2555e-10
2.56641e-10
3.06383e-10
1.85048e-10
1.93667e-10
2.15255e-10
2.48161e-10
1.51008e-10
1.58542e-10
1.74187e-10
1.96646e-10
1.20045e-10
1.26378e-10
1.37932e-10
1.53582e-10
9.38478e-11
9.89986e-11
1.07589e-10
1.18643e-10
7.24971e-11
7.65824e-11
8.29765e-11
9.08574e-11
5.54901e-11
5.86703e-11
6.34245e-11
6.90781e-11
4.21507e-11
4.45915e-11
4.8119e-11
5.21919e-11
3.18007e-11
3.36533e-11
3.62634e-11
3.92049e-11
2.38291e-11
2.52218e-11
2.7146e-11
2.92719e-11
1.77146e-11
1.87512e-11
2.01623e-11
2.16961e-11
1.3026e-11
1.37883e-11
1.48142e-11
1.59147e-11
9.41456e-12
9.96527e-12
1.06998e-11
1.14795e-11
6.60559e-12
6.99176e-12
7.5033e-12
8.04196e-12
4.40127e-12
4.65859e-12
4.99747e-12
5.35221e-12
2.71371e-12
2.87097e-12
3.07794e-12
3.29419e-12
1.62505e-12
1.71812e-12
1.83839e-12
1.96471e-12
)
;
    }
    procBoundary0to2
    {
        type            processor;
        value           nonuniform List<scalar> 
192
(
-2.43585e-09
1.56322e-09
-2.04091e-09
-1.89881e-09
-5.60157e-09
-1.63667e-09
7.99193e-10
5.81724e-10
-5.50741e-09
-4.89146e-09
-3.75403e-09
-2.13688e-09
-3.93544e-09
-3.75657e-09
-3.20782e-09
-2.2702e-09
-2.63668e-09
-2.51197e-09
-2.20787e-09
-1.71543e-09
-1.77985e-09
-1.69491e-09
-1.52135e-09
-1.26082e-09
-1.22255e-09
-1.17371e-09
-1.07717e-09
-9.36724e-10
-8.52695e-10
-8.27897e-10
-7.75237e-10
-6.97806e-10
-6.01412e-10
-5.90357e-10
-5.62112e-10
-5.18678e-10
-4.27465e-10
-4.23654e-10
-4.0887e-10
-3.84282e-10
-3.05519e-10
-3.05275e-10
-2.97864e-10
-2.83924e-10
-2.19296e-10
-2.20638e-10
-2.17217e-10
-2.0936e-10
-1.57948e-10
-1.59846e-10
-1.58535e-10
-1.54165e-10
-1.14079e-10
-1.16023e-10
-1.15779e-10
-1.13402e-10
-8.2568e-11
-8.43286e-11
-8.4581e-11
-8.33353e-11
-5.98359e-11
-6.1329e-11
-6.17749e-11
-6.1161e-11
-4.33615e-11
-4.45763e-11
-4.50598e-11
-4.47906e-11
-3.13565e-11
-3.23155e-11
-3.27622e-11
-3.26735e-11
-2.25436e-11
-2.32809e-11
-2.36595e-11
-2.36585e-11
-1.60027e-11
-1.65536e-11
-1.68555e-11
-1.68909e-11
-1.1071e-11
-1.14672e-11
-1.16943e-11
-1.17393e-11
-7.29923e-12
-7.56842e-12
-7.72803e-12
-7.76956e-12
-4.50833e-12
-4.6795e-12
-4.7842e-12
-4.81772e-12
-2.94415e-12
-3.06322e-12
-3.13935e-12
-3.16916e-12
2.77296e-08
3.40282e-08
2.21656e-08
1.72625e-09
-7.10175e-09
-1.34643e-09
-3.03381e-09
-5.23183e-09
-6.01793e-09
-4.70233e-09
-4.19621e-09
-4.7342e-09
-4.15536e-09
-3.84064e-09
-3.52583e-09
-3.65808e-09
-2.6786e-09
-2.64088e-09
-2.56169e-09
-2.58859e-09
-1.74276e-09
-1.76495e-09
-1.77165e-09
-1.7865e-09
-1.15589e-09
-1.18407e-09
-1.21133e-09
-1.22896e-09
-7.82282e-10
-8.05185e-10
-8.33231e-10
-8.51951e-10
-5.39039e-10
-5.55732e-10
-5.79218e-10
-5.96382e-10
-3.76512e-10
-3.88243e-10
-4.06499e-10
-4.20943e-10
-2.65548e-10
-2.73699e-10
-2.87447e-10
-2.99043e-10
-1.88609e-10
-1.94267e-10
-2.04473e-10
-2.13537e-10
-1.3468e-10
-1.38622e-10
-1.4615e-10
-1.5312e-10
-9.65726e-11
-9.9334e-11
-1.0487e-10
-1.10173e-10
-6.94698e-11
-7.14151e-11
-7.54805e-11
-7.94831e-11
-5.00813e-11
-5.14586e-11
-5.44397e-11
-5.74414e-11
-3.61315e-11
-3.711e-11
-3.92916e-11
-4.15287e-11
-2.60302e-11
-2.67262e-11
-2.83166e-11
-2.9972e-11
-1.86559e-11
-1.91494e-11
-2.03004e-11
-2.1513e-11
-1.32094e-11
-1.35558e-11
-1.43772e-11
-1.52509e-11
-9.11946e-12
-9.35751e-12
-9.92829e-12
-1.05398e-11
-5.99798e-12
-6.15706e-12
-6.53581e-12
-6.9432e-12
-3.68031e-12
-3.7895e-12
-4.02854e-12
-4.28442e-12
-2.34521e-12
-2.45089e-12
-2.61879e-12
-2.79133e-12
)
;
    }
}


// ************************************************************************* //
