FoamFile
{version 2.0; format ascii;class Cloud<passiveParticle>; location 0;object  positions;}
28
(
( -0.00670848 0.00181724 0.000797202 ) 0 
( -0.0124596 0.00287663 0.000681191 ) 0 
( -0.00953286 0.000198463 0.000684894 ) 0 
( -0.00497596 0.00191809 0.000678402 ) 0 
( -0.00544095 0.00378443 0.000678818 ) 0 
( -0.010042 0.00474032 0.000677958 ) 0 
( -0.00702202 0.00724033 0.000678637 ) 0 
( -0.0073775 0.00357325 0.000686148 ) 0 
( -0.0104085 0.00328977 0.000679246 ) 0 
( -0.00203836 0.0128039 0.000678523 ) 0 
( -0.00771179 0.00556819 0.000757803 ) 0 
( -0.00581428 0.00541702 0.00089538 ) 0 
( -0.00569482 0.0110755 0.000994358 ) 0 
( -0.0020427 0.00509467 0.000678874 ) 0 
( -0.0104939 0.00178235 0.000685826 ) 0 
( -0.00395677 0.00485966 0.000796167 ) 0 
( -0.00589247 0.00831437 0.000678164 ) 0 
( -0.00831131 0.00103594 0.000677952 ) 0 
( -0.00276811 0.00332256 0.00067884 ) 0 
( -0.00153649 0.00233321 0.000678517 ) 0 
( -0.0114087 0.00588369 0.000679442 ) 0 
( -0.00430159 0.00877903 0.000691551 ) 0 
( -0.00403456 0.00667327 0.000683479 ) 0 
( -0.000668229 0.00118679 0.000835254 ) 0 
( -0.00307684 0.000900443 0.000680216 ) 0 
( -0.00267106 0.00945444 0.000686454 ) 0 
( -0.00213599 0.00693915 0.000837958 ) 0 
( -0.00050931 0.00519307 0.000677944 ) 0 
)
