FoamFile
{version 2.0; format ascii;class vectorField; location 0;object  v;}
28
(
( -0.000115964 1.42662e-05 -5.72882e-05 )  
( 0.00532866 0.00411267 0.000161936 )  
( -0.000159169 -0.000327519 1.31337e-05 )  
( 0.00394606 -0.00131001 -0.000129195 )  
( -0.00194151 -0.0027231 1.73733e-05 )  
( -0.000593924 -0.000509385 -4.58678e-06 )  
( -0.000283692 -0.00067502 1.31427e-05 )  
( -0.000776463 0.00257985 0.000626986 )  
( -0.001761 -0.00199094 -0.000241301 )  
( 0.0193945 0.00680292 -0.00118491 )  
( 0.0025033 -0.00147464 -0.000553822 )  
( 0.00141785 -0.00122516 -0.00144022 )  
( -0.00325101 0.000750535 -0.00219043 )  
( 0.00255041 0.00143513 9.45419e-06 )  
( 0.00487667 0.00537017 -0.0017903 )  
( 0.00250847 -0.00265803 -0.0013377 )  
( -0.0009466 0.00209339 0.000108791 )  
( -2.16784e-05 -1.14165e-05 1.99376e-07 )  
( -0.000332103 -0.000843742 4.29114e-05 )  
( -3.831e-05 -1.8297e-05 2.71657e-06 )  
( -0.00619484 -0.00565241 0.000948287 )  
( 0.0016093 0.000228083 0.000181189 )  
( 0.00200445 0.000176251 0.000243574 )  
( 0.000175602 1.51517e-05 3.44862e-05 )  
( 0.00437495 0.000200128 0.000210188 )  
( 0.00180317 0.0138418 0.00225431 )  
( 0.00120272 0.00812523 -0.00130853 )  
( -0.000567535 0.000212694 5.66584e-06 )  
)
