/*--------------------------------*- C++ -*----------------------------------*\
  =========                 |
  \\      /  F ield         | OpenFOAM: The Open Source CFD Toolbox
   \\    /   O peration     | Website:  https://openfoam.org
    \\  /    A nd           | Version:  6
     \\/     M anipulation  |
\*---------------------------------------------------------------------------*/
FoamFile
{
    version     2.0;
    format      ascii;
    class       volScalarField;
    location    "0.1";
    object      p;
}
// * * * * * * * * * * * * * * * * * * * * * * * * * * * * * * * * * * * * * //

dimensions      [0 2 -2 0 0 0 0];

internalField   nonuniform List<scalar> 
1152
(
1.01638
1.01207
1.01511
1.01388
1.0132
1.01192
1.01557
1.01207
1.01173
1.01136
1.01305
1.01346
1.01193
1.01142
1.01191
1.01518
1.00786
1.00855
1.00792
1.00785
1.00827
1.00867
1.00801
1.00855
1.00848
1.00873
1.00824
1.00852
1.00831
1.00848
1.0084
1.00836
1.00914
1.00923
1.00917
1.00931
1.00923
1.00925
1.00915
1.00933
1.00927
1.00925
1.00921
1.00936
1.00926
1.00923
1.00926
1.00935
1.00883
1.00881
1.00879
1.0088
1.00884
1.00882
1.00881
1.00882
1.00883
1.00881
1.00882
1.00885
1.00881
1.0088
1.00883
1.00889
1.00836
1.00835
1.00835
1.00836
1.00836
1.00835
1.00835
1.00836
1.00835
1.00834
1.00835
1.00837
1.00833
1.00833
1.00834
1.00838
1.00793
1.00792
1.00792
1.00794
1.00793
1.00792
1.00792
1.00794
1.00791
1.00791
1.00792
1.00793
1.0079
1.0079
1.00791
1.00793
1.0075
1.00749
1.00749
1.0075
1.00749
1.00749
1.00749
1.0075
1.00748
1.00748
1.00749
1.0075
1.00746
1.00747
1.00747
1.00749
1.00706
1.00706
1.00706
1.00707
1.00706
1.00706
1.00706
1.00706
1.00705
1.00705
1.00705
1.00706
1.00703
1.00704
1.00704
1.00705
1.00663
1.00663
1.00663
1.00663
1.00662
1.00662
1.00662
1.00663
1.00661
1.00662
1.00662
1.00662
1.0066
1.00661
1.00661
1.00662
1.0062
1.0062
1.0062
1.0062
1.00619
1.00619
1.00619
1.0062
1.00618
1.00619
1.00619
1.00619
1.00618
1.00618
1.00618
1.00618
1.00576
1.00576
1.00577
1.00577
1.00576
1.00576
1.00576
1.00576
1.00576
1.00576
1.00576
1.00576
1.00575
1.00575
1.00575
1.00575
1.00533
1.00533
1.00534
1.00534
1.00533
1.00533
1.00533
1.00533
1.00533
1.00533
1.00533
1.00533
1.00532
1.00532
1.00532
1.00533
1.00491
1.00491
1.00491
1.00491
1.0049
1.0049
1.0049
1.0049
1.0049
1.0049
1.0049
1.0049
1.0049
1.0049
1.0049
1.0049
1.00448
1.00448
1.00448
1.00448
1.00448
1.00448
1.00448
1.00448
1.00447
1.00447
1.00447
1.00447
1.00447
1.00447
1.00447
1.00447
1.00405
1.00405
1.00405
1.00405
1.00405
1.00405
1.00405
1.00405
1.00405
1.00405
1.00405
1.00405
1.00404
1.00404
1.00404
1.00405
1.00362
1.00362
1.00362
1.00362
1.00362
1.00362
1.00362
1.00362
1.00362
1.00362
1.00362
1.00362
1.00362
1.00362
1.00362
1.00362
1.0032
1.0032
1.0032
1.0032
1.00319
1.00319
1.00319
1.00319
1.00319
1.00319
1.00319
1.00319
1.00319
1.00319
1.00319
1.00319
1.00277
1.00277
1.00277
1.00277
1.00277
1.00277
1.00277
1.00277
1.00277
1.00277
1.00277
1.00277
1.00277
1.00277
1.00277
1.00277
1.00234
1.00234
1.00234
1.00234
1.00234
1.00234
1.00234
1.00234
1.00234
1.00234
1.00234
1.00234
1.00234
1.00234
1.00234
1.00234
1.00192
1.00192
1.00192
1.00192
1.00192
1.00192
1.00192
1.00192
1.00192
1.00192
1.00192
1.00192
1.00192
1.00192
1.00192
1.00192
1.00149
1.00149
1.00149
1.00149
1.00149
1.00149
1.00149
1.00149
1.00149
1.00149
1.00149
1.00149
1.00149
1.00149
1.00149
1.00149
1.00106
1.00106
1.00106
1.00106
1.00106
1.00106
1.00106
1.00106
1.00106
1.00106
1.00106
1.00106
1.00106
1.00106
1.00106
1.00106
1.00064
1.00064
1.00064
1.00064
1.00064
1.00064
1.00064
1.00064
1.00064
1.00064
1.00064
1.00064
1.00064
1.00064
1.00064
1.00064
1.00021
1.00021
1.00021
1.00021
1.00021
1.00021
1.00021
1.00021
1.00021
1.00021
1.00021
1.00021
1.00021
1.00021
1.00021
1.00021
1.0167
1.01406
1.01014
1.0188
1.01169
1.01318
1.01331
1.01807
1.01124
1.01158
1.01294
1.01684
1.01185
1.01135
1.01394
1.0176
1.00757
1.00712
1.00735
1.00587
1.00862
1.00804
1.00728
1.00665
1.00873
1.00866
1.0081
1.00729
1.00823
1.00857
1.00783
1.00743
1.00921
1.0091
1.00911
1.00961
1.00918
1.00905
1.00903
1.00944
1.00917
1.00916
1.00917
1.00944
1.00914
1.00919
1.00918
1.00939
1.00879
1.00871
1.00862
1.0087
1.00878
1.00872
1.00867
1.00874
1.00878
1.00875
1.00871
1.00876
1.0088
1.00877
1.00874
1.00875
1.00834
1.00831
1.00829
1.00835
1.00834
1.00832
1.0083
1.00835
1.00834
1.00833
1.00831
1.00835
1.00835
1.00834
1.00833
1.00834
1.00792
1.00791
1.0079
1.00793
1.00792
1.00791
1.00791
1.00793
1.00792
1.00792
1.00791
1.00793
1.00793
1.00792
1.00792
1.00793
1.0075
1.00749
1.00749
1.0075
1.0075
1.00749
1.00749
1.0075
1.0075
1.00749
1.00749
1.0075
1.0075
1.00749
1.00749
1.0075
1.00707
1.00706
1.00706
1.00707
1.00707
1.00706
1.00706
1.00707
1.00707
1.00706
1.00706
1.00707
1.00706
1.00706
1.00706
1.00707
1.00663
1.00663
1.00663
1.00664
1.00663
1.00663
1.00663
1.00664
1.00663
1.00663
1.00663
1.00663
1.00663
1.00663
1.00663
1.00663
1.0062
1.0062
1.0062
1.0062
1.0062
1.0062
1.0062
1.0062
1.0062
1.0062
1.0062
1.0062
1.0062
1.0062
1.0062
1.0062
1.00577
1.00577
1.00577
1.00577
1.00577
1.00577
1.00577
1.00577
1.00577
1.00577
1.00577
1.00577
1.00577
1.00577
1.00577
1.00577
1.00534
1.00534
1.00534
1.00534
1.00534
1.00534
1.00534
1.00534
1.00534
1.00534
1.00534
1.00534
1.00534
1.00534
1.00534
1.00534
1.00491
1.00491
1.00491
1.00491
1.00491
1.00491
1.00491
1.00491
1.00491
1.00491
1.00491
1.00491
1.00491
1.00491
1.00491
1.00491
1.00448
1.00448
1.00448
1.00448
1.00448
1.00448
1.00448
1.00448
1.00448
1.00448
1.00448
1.00448
1.00448
1.00448
1.00448
1.00448
1.00405
1.00405
1.00405
1.00405
1.00405
1.00405
1.00405
1.00405
1.00405
1.00405
1.00405
1.00405
1.00405
1.00405
1.00405
1.00405
1.00362
1.00362
1.00362
1.00362
1.00362
1.00362
1.00362
1.00362
1.00362
1.00362
1.00362
1.00362
1.00362
1.00362
1.00362
1.00362
1.0032
1.0032
1.0032
1.0032
1.0032
1.0032
1.0032
1.0032
1.0032
1.0032
1.0032
1.0032
1.0032
1.0032
1.0032
1.0032
1.00277
1.00277
1.00277
1.00277
1.00277
1.00277
1.00277
1.00277
1.00277
1.00277
1.00277
1.00277
1.00277
1.00277
1.00277
1.00277
1.00234
1.00234
1.00234
1.00234
1.00234
1.00234
1.00234
1.00234
1.00234
1.00234
1.00234
1.00234
1.00234
1.00234
1.00234
1.00234
1.00192
1.00192
1.00192
1.00192
1.00192
1.00192
1.00192
1.00192
1.00192
1.00192
1.00192
1.00192
1.00192
1.00192
1.00192
1.00192
1.00149
1.00149
1.00149
1.00149
1.00149
1.00149
1.00149
1.00149
1.00149
1.00149
1.00149
1.00149
1.00149
1.00149
1.00149
1.00149
1.00106
1.00106
1.00106
1.00106
1.00106
1.00106
1.00106
1.00106
1.00106
1.00106
1.00106
1.00106
1.00106
1.00106
1.00106
1.00106
1.00064
1.00064
1.00064
1.00064
1.00064
1.00064
1.00064
1.00064
1.00064
1.00064
1.00064
1.00064
1.00064
1.00064
1.00064
1.00064
1.00021
1.00021
1.00021
1.00021
1.00021
1.00021
1.00021
1.00021
1.00021
1.00021
1.00021
1.00021
1.00021
1.00021
1.00021
1.00021
1.0167
1.01809
1.01757
1.01578
1.01403
1.01197
1.01454
1.01228
1.01471
1.01689
1.01817
1.01598
1.01589
1.02013
1.01878
1.01473
1.00777
1.0075
1.0068
1.00582
1.00903
1.0083
1.00835
1.00806
1.0095
1.00903
1.00837
1.00796
1.00913
1.00921
1.00962
1.0102
1.00952
1.00952
1.00945
1.00951
1.00952
1.00953
1.00944
1.00954
1.00958
1.00956
1.00948
1.00955
1.00959
1.0097
1.00988
1.0101
1.00882
1.00883
1.00881
1.00874
1.00886
1.00891
1.00896
1.00896
1.00892
1.00898
1.00903
1.00903
1.00899
1.0091
1.00919
1.00924
1.00838
1.00839
1.0084
1.0084
1.00839
1.00843
1.00847
1.00849
1.00841
1.00845
1.00849
1.00851
1.00843
1.00849
1.00855
1.00858
1.00795
1.00796
1.00796
1.00796
1.00795
1.00797
1.00799
1.008
1.00796
1.00798
1.00801
1.00802
1.00796
1.00799
1.00802
1.00804
1.00751
1.00752
1.00752
1.00752
1.00751
1.00752
1.00753
1.00754
1.00751
1.00753
1.00754
1.00755
1.00751
1.00752
1.00754
1.00755
1.00707
1.00708
1.00708
1.00708
1.00707
1.00708
1.00708
1.00709
1.00707
1.00708
1.00708
1.00709
1.00706
1.00707
1.00708
1.00709
1.00663
1.00664
1.00664
1.00664
1.00663
1.00664
1.00664
1.00664
1.00663
1.00663
1.00664
1.00664
1.00662
1.00663
1.00663
1.00664
1.0062
1.0062
1.0062
1.0062
1.0062
1.0062
1.0062
1.0062
1.00619
1.0062
1.0062
1.0062
1.00619
1.00619
1.0062
1.0062
1.00577
1.00577
1.00577
1.00577
1.00577
1.00577
1.00577
1.00577
1.00576
1.00576
1.00577
1.00577
1.00576
1.00576
1.00576
1.00576
1.00534
1.00534
1.00534
1.00534
1.00533
1.00534
1.00534
1.00534
1.00533
1.00533
1.00533
1.00533
1.00533
1.00533
1.00533
1.00533
1.00491
1.00491
1.00491
1.00491
1.0049
1.00491
1.00491
1.00491
1.0049
1.0049
1.0049
1.0049
1.0049
1.0049
1.0049
1.0049
1.00448
1.00448
1.00448
1.00448
1.00448
1.00448
1.00448
1.00448
1.00447
1.00448
1.00448
1.00448
1.00447
1.00447
1.00447
1.00447
1.00405
1.00405
1.00405
1.00405
1.00405
1.00405
1.00405
1.00405
1.00405
1.00405
1.00405
1.00405
1.00405
1.00405
1.00405
1.00405
1.00362
1.00362
1.00362
1.00362
1.00362
1.00362
1.00362
1.00362
1.00362
1.00362
1.00362
1.00362
1.00362
1.00362
1.00362
1.00362
1.0032
1.0032
1.0032
1.0032
1.00319
1.0032
1.0032
1.0032
1.00319
1.00319
1.00319
1.00319
1.00319
1.00319
1.00319
1.00319
1.00277
1.00277
1.00277
1.00277
1.00277
1.00277
1.00277
1.00277
1.00277
1.00277
1.00277
1.00277
1.00277
1.00277
1.00277
1.00277
1.00234
1.00234
1.00234
1.00234
1.00234
1.00234
1.00234
1.00234
1.00234
1.00234
1.00234
1.00234
1.00234
1.00234
1.00234
1.00234
1.00192
1.00192
1.00192
1.00192
1.00192
1.00192
1.00192
1.00192
1.00192
1.00192
1.00192
1.00192
1.00192
1.00192
1.00192
1.00192
1.00149
1.00149
1.00149
1.00149
1.00149
1.00149
1.00149
1.00149
1.00149
1.00149
1.00149
1.00149
1.00149
1.00149
1.00149
1.00149
1.00106
1.00106
1.00106
1.00106
1.00106
1.00106
1.00106
1.00106
1.00106
1.00106
1.00106
1.00106
1.00106
1.00106
1.00106
1.00106
1.00064
1.00064
1.00064
1.00064
1.00064
1.00064
1.00064
1.00064
1.00064
1.00064
1.00064
1.00064
1.00064
1.00064
1.00064
1.00064
1.00021
1.00021
1.00021
1.00021
1.00021
1.00021
1.00021
1.00021
1.00021
1.00021
1.00021
1.00021
1.00021
1.00021
1.00021
1.00021
)
;

boundaryField
{
    inlet
    {
        type            zeroGradient;
    }
    outlet
    {
        type            fixedValue;
        value           uniform 1;
    }
    wall
    {
        type            zeroGradient;
    }
    procBoundary1to0
    {
        type            processor;
        value           nonuniform List<scalar> 
192
(
1.01483
1.01556
1.01595
1.01661
1.00843
1.00808
1.00748
1.00717
1.00931
1.0093
1.00925
1.00922
1.00888
1.00889
1.00888
1.00887
1.00839
1.00838
1.00837
1.00834
1.00794
1.00794
1.00792
1.0079
1.0075
1.0075
1.00748
1.00747
1.00706
1.00706
1.00705
1.00703
1.00663
1.00662
1.00662
1.0066
1.0062
1.00619
1.00618
1.00618
1.00576
1.00576
1.00576
1.00575
1.00533
1.00533
1.00533
1.00532
1.00491
1.0049
1.0049
1.0049
1.00448
1.00447
1.00447
1.00447
1.00405
1.00405
1.00405
1.00404
1.00362
1.00362
1.00362
1.00362
1.0032
1.00319
1.00319
1.00319
1.00277
1.00277
1.00277
1.00277
1.00234
1.00234
1.00234
1.00234
1.00192
1.00192
1.00192
1.00192
1.00149
1.00149
1.00149
1.00149
1.00106
1.00106
1.00106
1.00106
1.00064
1.00064
1.00064
1.00064
1.00021
1.00021
1.00021
1.00021
1.0195
1.0137
1.01331
1.01736
1.00919
1.00856
1.00833
1.00814
1.0094
1.00921
1.00916
1.00917
1.00884
1.00882
1.00882
1.00885
1.00836
1.00836
1.00837
1.00838
1.00793
1.00793
1.00794
1.00794
1.0075
1.0075
1.0075
1.0075
1.00707
1.00707
1.00707
1.00707
1.00664
1.00664
1.00664
1.00663
1.0062
1.0062
1.0062
1.0062
1.00577
1.00577
1.00577
1.00577
1.00534
1.00534
1.00534
1.00534
1.00491
1.00491
1.00491
1.00491
1.00448
1.00448
1.00448
1.00448
1.00405
1.00405
1.00405
1.00405
1.00362
1.00362
1.00362
1.00362
1.0032
1.0032
1.0032
1.0032
1.00277
1.00277
1.00277
1.00277
1.00234
1.00234
1.00234
1.00234
1.00192
1.00192
1.00192
1.00192
1.00149
1.00149
1.00149
1.00149
1.00106
1.00106
1.00106
1.00106
1.00064
1.00064
1.00064
1.00064
1.00021
1.00021
1.00021
1.00021
)
;
    }
    procBoundary1to3
    {
        type            processor;
        value           nonuniform List<scalar> 
192
(
1.01351
1.01457
1.01525
1.01722
1.00769
1.00727
1.00748
1.0077
1.00919
1.00909
1.00914
1.00925
1.00878
1.00877
1.00881
1.00887
1.00829
1.00829
1.00832
1.00836
1.00787
1.00787
1.00789
1.00791
1.00744
1.00745
1.00746
1.00747
1.00702
1.00702
1.00703
1.00704
1.00659
1.00659
1.0066
1.00661
1.00617
1.00617
1.00617
1.00618
1.00574
1.00574
1.00575
1.00575
1.00532
1.00532
1.00532
1.00532
1.00489
1.00489
1.00489
1.0049
1.00447
1.00447
1.00447
1.00447
1.00404
1.00404
1.00404
1.00404
1.00362
1.00362
1.00362
1.00362
1.00319
1.00319
1.00319
1.00319
1.00277
1.00277
1.00277
1.00277
1.00234
1.00234
1.00234
1.00234
1.00191
1.00191
1.00192
1.00192
1.00149
1.00149
1.00149
1.00149
1.00106
1.00106
1.00106
1.00106
1.00064
1.00064
1.00064
1.00064
1.00021
1.00021
1.00021
1.00021
1.01675
1.01555
1.01755
1.01572
1.00827
1.00908
1.01052
1.01089
1.00944
1.00968
1.01003
1.01025
1.00896
1.00906
1.00917
1.00921
1.00841
1.00846
1.00851
1.00855
1.00794
1.00797
1.008
1.00802
1.00749
1.00751
1.00752
1.00753
1.00705
1.00706
1.00707
1.00707
1.00661
1.00662
1.00662
1.00663
1.00618
1.00618
1.00619
1.00619
1.00575
1.00575
1.00576
1.00576
1.00532
1.00532
1.00533
1.00533
1.0049
1.0049
1.0049
1.0049
1.00447
1.00447
1.00447
1.00447
1.00404
1.00404
1.00404
1.00404
1.00362
1.00362
1.00362
1.00362
1.00319
1.00319
1.00319
1.00319
1.00277
1.00277
1.00277
1.00277
1.00234
1.00234
1.00234
1.00234
1.00192
1.00192
1.00192
1.00192
1.00149
1.00149
1.00149
1.00149
1.00106
1.00106
1.00106
1.00106
1.00064
1.00064
1.00064
1.00064
1.00021
1.00021
1.00021
1.00021
)
;
    }
}


// ************************************************************************* //
