/*--------------------------------*- C++ -*----------------------------------*\
  =========                 |
  \\      /  F ield         | OpenFOAM: The Open Source CFD Toolbox
   \\    /   O peration     | Website:  https://openfoam.org
    \\  /    A nd           | Version:  6
     \\/     M anipulation  |
\*---------------------------------------------------------------------------*/
FoamFile
{
    version     2.0;
    format      ascii;
    class       surfaceScalarField;
    location    "0.1";
    object      phi;
}
// * * * * * * * * * * * * * * * * * * * * * * * * * * * * * * * * * * * * * //

dimensions      [0 3 -1 0 0 0 0];

internalField   nonuniform List<scalar> 
3120
(
3.20612e-09
3.84667e-09
4.4909e-08
-1.09394e-09
-1.53795e-08
6.08161e-10
7.53803e-08
2.10973e-09
-4.80135e-09
-1.27669e-08
5.3073e-08
6.42838e-09
5.39434e-09
4.80418e-08
-5.02647e-09
4.84121e-09
-2.16422e-10
4.5702e-09
6.32764e-08
-2.01999e-08
3.5993e-09
7.65049e-08
-1.71744e-08
2.30727e-10
4.58427e-08
-7.21921e-09
4.63232e-08
8.44285e-09
-4.99053e-09
-2.6038e-09
7.64768e-08
-2.21654e-08
2.56109e-09
7.77256e-08
-2.66763e-08
5.82357e-09
5.98137e-08
2.67001e-09
3.48211e-08
-1.16023e-08
-4.82492e-09
7.85522e-08
-1.1786e-08
7.48206e-08
-1.37539e-08
7.43917e-08
5.01347e-08
3.37027e-10
-5.30019e-09
1.47912e-09
5.84243e-08
-7.79932e-09
9.58832e-09
3.62884e-09
6.32679e-08
-6.40498e-09
7.45732e-09
4.44339e-09
5.70375e-08
-6.27687e-09
5.21744e-09
5.38092e-08
-6.20142e-09
2.67391e-09
-5.14953e-09
1.99145e-09
6.21202e-08
7.41994e-09
3.20141e-09
6.43628e-08
2.57448e-09
-4.36209e-10
5.55678e-08
4.64869e-09
4.86966e-08
7.69861e-10
-4.94157e-09
5.08715e-09
6.46692e-08
4.18964e-09
6.27568e-09
6.55201e-08
4.82167e-09
7.56826e-10
5.79887e-08
-7.39972e-10
4.86214e-08
-3.58999e-09
-3.66473e-09
6.52604e-08
1.75049e-10
6.41612e-08
4.79312e-09
6.24128e-08
5.34617e-08
-6.10493e-10
-8.42071e-10
1.08854e-09
5.96321e-08
-2.00265e-09
3.0728e-09
2.66997e-09
5.99046e-08
-3.22159e-09
2.49847e-09
4.56516e-09
5.85837e-08
-5.53702e-09
7.64446e-09
5.75879e-08
-8.629e-09
-2.95746e-10
-7.57369e-11
1.04105e-09
6.04963e-08
4.46443e-09
1.96711e-09
6.05255e-08
4.40254e-09
2.01239e-09
5.81825e-08
3.91122e-09
5.46684e-08
2.16389e-09
1.99832e-10
1.42794e-09
6.14041e-08
4.64112e-09
1.86681e-09
6.11791e-08
5.75341e-09
2.13273e-10
5.86755e-08
-1.77072e-11
5.37586e-08
4.54522e-09
4.33555e-10
6.188e-08
3.03758e-09
6.10819e-08
5.51983e-09
5.94563e-08
5.59401e-08
4.9913e-09
2.93758e-10
-3.79806e-10
5.8733e-08
5.42028e-10
1.47267e-09
3.70286e-10
5.87757e-08
-4.20243e-10
1.86498e-09
1.55696e-09
5.83814e-08
-1.74702e-09
3.36535e-09
5.81127e-08
-3.42099e-09
1.39586e-09
8.64435e-10
-4.12541e-10
5.9442e-08
2.48274e-09
6.24425e-11
5.92151e-08
3.3472e-09
6.08789e-10
5.82662e-08
1.73285e-09
5.69614e-08
2.68676e-09
1.1898e-09
-3.02575e-10
6.0079e-08
2.95582e-09
-1.39035e-10
5.96146e-08
4.23e-09
-4.07385e-10
5.84175e-08
-5.74778e-10
5.64015e-08
3.89473e-09
1.19744e-09
6.04879e-08
2.53415e-09
5.9777e-08
3.77893e-09
5.86874e-08
5.70233e-08
4.03116e-09
3.8399e-10
-1.01132e-09
5.84596e-08
1.0664e-09
7.39939e-10
-5.12098e-10
5.84534e-08
4.78415e-10
8.81385e-10
1.99439e-10
5.83139e-08
-2.73397e-10
1.17825e-09
5.82299e-08
-1.24614e-09
8.32049e-10
8.05431e-10
-9.74859e-10
5.89854e-08
1.37119e-09
-6.34252e-10
5.87715e-08
1.70876e-09
-2.01176e-10
5.83292e-08
4.61692e-10
5.78105e-08
1.5762e-09
1.06033e-09
-8.35278e-10
5.94216e-08
1.72069e-09
-7.13577e-10
5.90335e-08
2.22305e-09
-6.91561e-10
5.84055e-08
-6.54001e-10
5.7577e-08
2.16324e-09
1.06167e-09
5.97335e-08
1.60035e-09
5.9223e-08
2.05659e-09
5.8583e-08
5.77858e-08
2.16561e-09
3.88561e-10
-1.00664e-09
5.85243e-08
9.80011e-10
4.2069e-10
-6.93104e-10
5.84735e-08
6.40948e-10
4.10887e-10
-2.94782e-10
5.83848e-08
2.33674e-10
1.88712e-10
5.82937e-08
-2.4974e-10
4.0814e-10
6.56035e-10
-9.99417e-10
5.88941e-08
7.82389e-10
-7.73374e-10
5.87254e-08
8.35699e-10
-5.06466e-10
5.84876e-08
-1.737e-10
5.82171e-08
7.91571e-10
8.25668e-10
-9.24432e-10
5.91942e-08
9.9801e-10
-8.38433e-10
5.89262e-08
1.10011e-09
-7.87776e-10
5.85847e-08
-7.42025e-10
5.81857e-08
1.0597e-09
8.35704e-10
5.9426e-08
9.69938e-10
5.90992e-08
1.05446e-09
5.87366e-08
5.83357e-08
1.04079e-09
3.52363e-10
-8.15745e-10
5.8683e-08
7.62019e-10
2.7656e-10
-6.38726e-10
5.86114e-08
5.76585e-10
2.08818e-10
-4.30556e-10
5.85193e-08
3.63819e-10
-2.02568e-10
5.83977e-08
1.33366e-10
1.73972e-10
5.05423e-10
-8.36652e-10
5.89567e-08
4.72523e-10
-7.07798e-10
5.88273e-08
4.2591e-10
-5.65763e-10
5.86694e-08
-4.13428e-10
5.84818e-08
3.71976e-10
6.05343e-10
-8.15366e-10
5.91763e-08
5.94832e-10
-7.69329e-10
5.89983e-08
5.59997e-10
-7.39279e-10
5.87931e-08
-7.22866e-10
5.85582e-08
4.9688e-10
6.16005e-10
5.9351e-08
5.94122e-10
5.91473e-08
5.49981e-10
5.89321e-08
5.87001e-08
4.88364e-10
2.93833e-10
-6.12988e-10
5.88423e-08
5.56764e-10
2.02233e-10
-5.2166e-10
5.87658e-08
4.58864e-10
1.24791e-10
-4.18878e-10
5.86643e-08
3.51349e-10
-3.13446e-10
5.85215e-08
2.42777e-10
7.1683e-11
3.7701e-10
-6.45071e-10
5.9059e-08
3.06235e-10
-5.80965e-10
5.89574e-08
2.36525e-10
-5.12439e-10
5.88327e-08
-4.45837e-10
5.86745e-08
1.7631e-10
4.31275e-10
-6.4927e-10
5.92295e-08
3.71926e-10
-6.30705e-10
5.91074e-08
3.05615e-10
-6.19101e-10
5.8966e-08
-6.17695e-10
5.87963e-08
2.39404e-10
4.37121e-10
5.93639e-08
3.75871e-10
5.92327e-08
3.06381e-10
5.90901e-08
5.8927e-08
2.40888e-10
2.33405e-10
-4.49384e-10
5.89718e-08
3.99681e-10
1.56697e-10
-4.03446e-10
5.88979e-08
3.48056e-10
8.90258e-11
-3.53175e-10
5.87921e-08
2.93064e-10
-3.03514e-10
5.86382e-08
2.40519e-10
3.53602e-11
2.77122e-10
-4.81173e-10
5.91534e-08
2.11125e-10
-4.51233e-10
5.90712e-08
1.47493e-10
-4.19402e-10
5.89626e-08
-3.89975e-10
5.88155e-08
9.28763e-11
3.04692e-10
-4.93057e-10
5.9292e-08
2.45504e-10
-4.87989e-10
5.92033e-08
1.84323e-10
-4.85107e-10
5.90929e-08
-4.87193e-10
5.89497e-08
1.28135e-10
3.06286e-10
5.93977e-08
2.48752e-10
5.93073e-08
1.88328e-10
5.92e-08
5.90647e-08
1.34651e-10
1.79091e-10
-3.26113e-10
5.90685e-08
2.85444e-10
1.22285e-10
-3.02797e-10
5.89999e-08
2.57558e-10
6.97335e-11
-2.77422e-10
5.88938e-08
2.28267e-10
-2.52523e-10
5.87351e-08
2.01223e-10
2.40459e-11
2.01844e-10
-3.53392e-10
5.92274e-08
1.51189e-10
-3.39668e-10
5.91587e-08
1.01529e-10
-3.24528e-10
5.90593e-08
-3.10405e-10
5.89175e-08
5.74821e-11
2.15415e-10
-3.65972e-10
5.93441e-08
1.6944e-10
-3.65964e-10
5.92756e-08
1.22378e-10
-3.65782e-10
5.91812e-08
-3.67199e-10
5.90496e-08
7.92422e-11
2.14928e-10
5.94289e-08
1.7176e-10
5.93617e-08
1.27166e-10
5.92721e-08
5.91486e-08
8.73512e-11
1.34137e-10
-2.35815e-10
5.91382e-08
2.03969e-10
9.41896e-11
-2.2344e-10
5.90752e-08
1.88167e-10
5.55627e-11
-2.09737e-10
5.89706e-08
1.71525e-10
-1.95934e-10
5.88107e-08
1.5617e-10
1.98122e-11
1.46192e-10
-2.57732e-10
5.92816e-08
1.10182e-10
-2.51203e-10
5.92225e-08
7.39317e-11
-2.43348e-10
5.91292e-08
-2.35494e-10
5.89904e-08
4.05392e-11
1.52953e-10
-2.68743e-10
5.93829e-08
1.2042e-10
-2.69942e-10
5.93269e-08
8.67235e-11
-2.70038e-10
5.92416e-08
-2.70124e-10
5.91159e-08
5.51501e-11
1.51979e-10
5.94523e-08
1.22323e-10
5.93987e-08
9.1454e-11
5.93188e-08
5.92009e-08
6.31121e-11
9.89502e-11
-1.70447e-10
5.91876e-08
1.46155e-10
7.1412e-11
-1.634e-10
5.91295e-08
1.36655e-10
4.37449e-11
-1.55329e-10
5.90271e-08
1.26495e-10
-1.46822e-10
5.88674e-08
1.16919e-10
1.6951e-11
1.05622e-10
-1.87452e-10
5.93203e-08
8.07962e-11
-1.84026e-10
5.9268e-08
5.50839e-11
-1.79391e-10
5.9179e-08
-1.74297e-10
5.90424e-08
3.0558e-11
1.09211e-10
-1.96416e-10
5.94105e-08
8.70288e-11
-1.97464e-10
5.93625e-08
6.35693e-11
-1.97212e-10
5.92829e-08
-1.96364e-10
5.91605e-08
4.09403e-11
1.08456e-10
5.94685e-08
8.87868e-11
5.94234e-08
6.78904e-11
5.93492e-08
5.92345e-08
4.79896e-11
7.23519e-11
-1.23294e-10
5.92226e-08
1.05059e-10
5.345e-11
-1.18947e-10
5.91683e-08
9.9002e-11
3.38438e-11
-1.13772e-10
5.90681e-08
9.23805e-11
-1.08052e-10
5.89091e-08
8.59353e-11
1.42108e-11
7.62822e-11
-1.36226e-10
5.93477e-08
5.93231e-11
-1.34158e-10
5.93001e-08
4.12751e-11
-1.31059e-10
5.92143e-08
-1.27382e-10
5.90795e-08
2.35384e-11
7.84028e-11
-1.43274e-10
5.94298e-08
6.34496e-11
-1.43876e-10
5.93872e-08
4.72449e-11
-1.43291e-10
5.93113e-08
-1.42005e-10
5.91913e-08
3.11474e-11
7.8027e-11
5.94796e-08
6.51047e-11
5.94398e-08
5.0995e-11
5.93694e-08
5.92568e-08
3.70338e-11
5.26463e-11
-8.92732e-11
5.92474e-08
7.57224e-11
3.96379e-11
-8.63903e-11
5.9196e-08
7.16626e-11
2.57896e-11
-8.28405e-11
5.90977e-08
6.71225e-11
-7.87689e-11
5.89395e-08
6.25577e-11
1.15714e-11
5.51254e-11
-9.89873e-11
5.93671e-08
4.35322e-11
-9.75624e-11
5.93229e-08
3.08883e-11
-9.53022e-11
5.92394e-08
-9.25041e-11
5.9106e-08
1.81511e-11
5.65339e-11
-1.04421e-10
5.94434e-08
4.64484e-11
-1.04638e-10
5.94043e-08
3.52421e-11
-1.0388e-10
5.93311e-08
-1.02502e-10
5.92127e-08
2.38042e-11
5.64727e-11
5.9487e-08
4.79588e-11
5.94509e-08
3.83735e-11
5.9383e-08
5.92721e-08
2.85388e-11
3.82027e-11
-6.46868e-11
5.9265e-08
5.46826e-11
2.92043e-11
-6.26673e-11
5.92158e-08
5.18576e-11
1.94224e-11
-6.01217e-11
5.9119e-08
4.86353e-11
-5.713e-11
5.89616e-08
4.53057e-11
9.1868e-12
3.98646e-11
-7.1924e-11
5.93808e-08
3.19027e-11
-7.0853e-11
5.9339e-08
2.30301e-11
-6.91297e-11
5.92573e-08
-6.69616e-11
5.91249e-08
1.39088e-11
4.0888e-11
-7.606e-11
5.94528e-08
3.40485e-11
-7.60282e-11
5.94163e-08
2.62636e-11
-7.52373e-11
5.9345e-08
-7.39551e-11
5.92278e-08
1.81258e-11
4.10245e-11
5.94921e-08
3.53703e-11
5.94584e-08
2.88013e-11
5.93924e-08
5.92827e-08
2.18375e-11
2.76695e-11
-4.68793e-11
5.92775e-08
3.95285e-11
2.14115e-11
-4.54144e-11
5.923e-08
3.75125e-11
1.44933e-11
-4.35429e-11
5.91342e-08
3.51774e-11
-4.13129e-11
5.89775e-08
3.27138e-11
7.14751e-12
2.88355e-11
-5.22385e-11
5.93905e-08
2.33365e-11
-5.14005e-11
5.93505e-08
1.70935e-11
-5.00657e-11
5.927e-08
-4.83849e-11
5.91385e-08
1.05679e-11
2.9617e-11
-5.53564e-11
5.94595e-08
2.4947e-11
-5.51935e-11
5.94248e-08
1.95113e-11
-5.44577e-11
5.93548e-08
-5.33533e-11
5.92386e-08
1.37109e-11
2.98501e-11
5.94956e-08
2.606e-11
5.94636e-08
2.152e-11
5.9399e-08
5.92903e-08
1.6567e-11
2.00007e-11
-3.39477e-11
5.92865e-08
2.8569e-11
1.56289e-11
-3.28654e-11
5.92401e-08
2.71089e-11
1.07304e-11
-3.14743e-11
5.91452e-08
2.5399e-11
-2.9806e-11
5.8989e-08
2.35678e-11
5.46935e-12
2.08424e-11
-3.78953e-11
5.93975e-08
1.70252e-11
-3.72332e-11
5.93587e-08
1.26219e-11
-3.61993e-11
5.92792e-08
-3.49058e-11
5.91483e-08
7.95645e-12
2.14504e-11
-4.02261e-11
5.94642e-08
1.82412e-11
-4.00122e-11
5.94308e-08
1.44297e-11
-3.93744e-11
5.93618e-08
-3.84683e-11
5.92463e-08
1.02904e-11
2.17115e-11
5.94979e-08
1.91487e-11
5.94672e-08
1.59894e-11
5.94036e-08
5.92956e-08
1.24568e-11
1.44128e-11
-2.45255e-11
5.92929e-08
2.06086e-11
1.13507e-11
-2.37209e-11
5.92474e-08
1.95445e-11
7.8825e-12
-2.26854e-11
5.91531e-08
1.82892e-11
-2.1441e-11
5.89973e-08
1.69305e-11
4.12386e-12
1.5029e-11
-2.74166e-11
5.94024e-08
1.23701e-11
-2.68966e-11
5.93645e-08
9.26182e-12
-2.61024e-11
5.92857e-08
-2.51178e-11
5.91553e-08
5.93157e-12
1.5502e-11
-2.91448e-11
5.94676e-08
1.3286e-11
-2.89274e-11
5.9435e-08
1.06072e-11
-2.84006e-11
5.93668e-08
-2.76823e-11
5.92518e-08
7.6547e-12
1.57515e-11
5.94996e-08
1.40061e-11
5.94698e-08
1.17982e-11
5.94069e-08
5.92995e-08
9.27745e-12
1.03304e-11
-1.76303e-11
5.92974e-08
1.47974e-11
8.18649e-12
-1.70338e-11
5.92525e-08
1.40227e-11
5.73745e-12
-1.62673e-11
5.91587e-08
1.31046e-11
-1.53468e-11
5.90032e-08
1.21037e-11
3.06424e-12
1.07826e-11
-1.97314e-11
5.94059e-08
8.92986e-12
-1.93289e-11
5.93687e-08
6.73985e-12
-1.87269e-11
5.92903e-08
-1.79878e-11
5.91603e-08
4.37207e-12
1.11467e-11
-2.10006e-11
5.94699e-08
9.61377e-12
-2.08044e-11
5.9438e-08
7.73257e-12
-2.03851e-11
5.93704e-08
-1.98312e-11
5.92558e-08
5.63352e-12
1.13648e-11
5.95007e-08
1.01713e-11
5.94715e-08
8.62725e-12
5.94092e-08
5.93022e-08
6.83357e-12
7.33908e-12
-1.25602e-11
5.93006e-08
1.05329e-11
5.8456e-12
-1.21224e-11
5.92562e-08
9.9732e-12
4.12771e-12
-1.15617e-11
5.91627e-08
9.30811e-12
-1.08897e-11
5.90074e-08
8.57957e-12
2.24182e-12
7.66873e-12
-1.407e-11
5.94084e-08
6.38319e-12
-1.37645e-11
5.93716e-08
4.84962e-12
-1.33161e-11
5.92936e-08
-1.27707e-11
5.91638e-08
3.17912e-12
7.94411e-12
-1.49902e-11
5.94716e-08
6.88681e-12
-1.48258e-11
5.94402e-08
5.5727e-12
-1.45027e-11
5.93729e-08
-1.40863e-11
5.92586e-08
4.09138e-12
8.12339e-12
5.95015e-08
7.30816e-12
5.94728e-08
6.23279e-12
5.94109e-08
5.93042e-08
4.96553e-12
5.1536e-12
-8.83044e-12
5.93029e-08
7.40096e-12
4.12377e-12
-8.51383e-12
5.92587e-08
7.0015e-12
2.93225e-12
-8.11012e-12
5.91654e-08
6.5266e-12
-7.62814e-12
5.90104e-08
6.00527e-12
1.61785e-12
5.39109e-12
-9.89867e-12
5.94101e-08
4.50737e-12
-9.67185e-12
5.93737e-08
3.44486e-12
-9.34444e-12
5.92959e-08
-8.94974e-12
5.91663e-08
2.27971e-12
5.59515e-12
-1.05548e-11
5.94727e-08
4.87173e-12
-1.04241e-11
5.94416e-08
3.96269e-12
-1.01823e-11
5.93746e-08
-9.87668e-12
5.92605e-08
2.9289e-12
5.73593e-12
5.9502e-08
5.1824e-12
5.94737e-08
4.4399e-12
5.9412e-08
5.93056e-08
3.55426e-12
3.59608e-12
-6.14502e-12
5.93044e-08
5.1486e-12
2.89147e-12
-5.91726e-12
5.92605e-08
4.865e-12
2.07148e-12
-5.62869e-12
5.91674e-08
4.52831e-12
-5.28621e-12
5.90124e-08
4.15771e-12
1.16268e-12
3.76722e-12
-6.89186e-12
5.94113e-08
3.16401e-12
-6.7248e-12
5.93751e-08
2.43348e-12
-6.48783e-12
5.92975e-08
-6.20473e-12
5.91681e-08
1.62649e-12
3.9175e-12
-7.35375e-12
5.94735e-08
3.42535e-12
-7.25206e-12
5.94426e-08
2.80061e-12
-7.07345e-12
5.93758e-08
-6.85135e-12
5.92619e-08
2.08397e-12
4.02592e-12
5.95024e-08
3.65134e-12
5.94743e-08
3.14113e-12
5.94128e-08
5.93065e-08
2.52581e-12
2.58871e-12
-4.41577e-12
5.93055e-08
3.69831e-12
2.09775e-12
-4.24677e-12
5.92617e-08
3.4919e-12
1.52273e-12
-4.03621e-12
5.91687e-08
3.25229e-12
-3.79214e-12
5.90138e-08
2.99158e-12
8.83069e-13
2.717e-12
-4.95427e-12
5.94122e-08
2.29561e-12
-4.82659e-12
5.93761e-08
1.78122e-12
-4.64992e-12
5.92987e-08
-4.44227e-12
5.91693e-08
1.20706e-12
2.8322e-12
-5.28934e-12
5.94741e-08
2.48832e-12
-5.20688e-12
5.94434e-08
2.04689e-12
-5.06994e-12
5.93767e-08
-4.90189e-12
5.92629e-08
1.53395e-12
2.91917e-12
5.95027e-08
2.65793e-12
5.94747e-08
2.29626e-12
5.94134e-08
5.93072e-08
1.85412e-12
2.0758e-12
-3.74168e-12
3.13944e-12
1.66408e-12
-3.58663e-12
2.95038e-12
1.18034e-12
-3.38749e-12
2.71785e-12
-3.15113e-12
2.45833e-12
6.44511e-13
2.2e-12
-4.19892e-12
1.85454e-12
-4.0794e-12
1.43056e-12
-3.91287e-12
-3.71169e-12
9.51476e-13
2.30954e-12
-4.48606e-12
2.03232e-12
-4.40437e-12
1.67387e-12
-4.27317e-12
-4.10934e-12
1.25578e-12
2.39445e-12
2.18749e-12
1.89682e-12
1.54017e-12
3.88461e-08
3.15776e-08
8.52764e-08
1.76369e-08
3.58596e-08
7.11687e-08
5.49668e-09
2.3144e-10
8.39261e-08
1.13166e-08
5.20705e-08
1.12126e-09
3.00215e-09
1.54071e-08
1.01039e-07
2.26115e-09
2.70995e-08
8.35612e-08
-1.18762e-09
1.39429e-08
5.38369e-08
7.42073e-09
5.37107e-08
-3.5958e-10
-3.23957e-09
5.45247e-09
8.58483e-08
-4.36471e-09
9.77258e-09
8.44609e-08
-7.13784e-09
1.08063e-10
7.31868e-08
-3.21517e-09
4.87395e-08
-2.02327e-09
-4.06838e-10
6.47079e-08
-2.18202e-09
7.1553e-08
1.0878e-08
4.12142e-08
3.13945e-08
6.31519e-09
1.64174e-08
-5.10412e-09
8.35965e-08
8.31936e-09
-3.80794e-09
8.30747e-08
9.87899e-09
6.55073e-09
7.58157e-08
-6.98714e-09
6.95633e-08
-6.26687e-10
7.34161e-09
4.53072e-09
7.7565e-08
1.06277e-08
2.36357e-09
7.41035e-08
7.80334e-09
-2.20449e-10
6.34325e-08
-1.88914e-09
5.68965e-08
-4.80478e-10
3.21188e-10
9.17169e-09
7.14256e-08
8.13849e-09
8.92498e-09
7.00822e-08
8.92828e-09
1.21476e-08
6.0029e-08
6.15872e-09
4.84436e-08
1.17627e-09
-1.33922e-09
6.2647e-08
1.17702e-08
6.09636e-08
9.97822e-09
4.8877e-08
3.74994e-08
3.83064e-09
-7.77671e-10
9.13452e-10
8.00146e-08
2.22738e-11
2.7292e-09
7.95456e-08
-1.34004e-10
4.03914e-09
7.19329e-08
5.38233e-09
6.19616e-08
2.08539e-09
-1.57006e-09
8.45929e-10
7.4188e-08
5.83617e-10
2.07621e-09
7.26028e-08
1.72865e-11
3.18775e-09
6.48502e-08
5.97085e-09
5.4199e-08
2.12625e-09
-2.24555e-09
1.84571e-09
6.81421e-08
7.82269e-10
3.48605e-09
6.56445e-08
1.26864e-09
5.57366e-09
5.71567e-08
7.92179e-09
4.50104e-08
2.7509e-09
-1.26883e-09
6.12293e-08
2.21863e-09
5.77406e-08
2.56944e-09
4.85628e-08
3.59087e-08
3.45295e-09
-1.98403e-09
-5.36273e-10
8.03958e-08
-8.77497e-10
3.76272e-10
7.80628e-08
8.93021e-12
5.91102e-10
7.04553e-08
1.38835e-09
5.91044e-08
1.47779e-09
-1.86067e-09
-8.08744e-10
7.41467e-08
-5.72309e-10
4.7988e-10
7.12109e-08
1.89777e-10
1.42418e-09
6.32551e-08
2.85893e-09
5.13893e-08
1.52889e-09
-1.42635e-09
-6.57173e-10
6.76672e-08
-7.79949e-11
6.06379e-10
6.41697e-08
8.15874e-10
1.91058e-09
5.57764e-08
3.50423e-09
4.34388e-08
1.74219e-09
-5.58558e-10
6.06811e-08
6.9002e-10
5.66781e-08
1.45462e-09
4.79618e-08
3.54704e-08
1.97618e-09
-1.17106e-09
-6.85996e-10
8.17314e-08
-9.96851e-10
-1.61237e-10
7.80498e-08
-3.8576e-10
1.99334e-10
6.96449e-08
7.89502e-10
5.72296e-08
6.99491e-10
-1.01302e-09
-1.05135e-09
7.49821e-08
-7.37115e-10
-3.08493e-10
7.10822e-08
-2.18201e-10
3.5813e-10
6.25773e-08
1.20834e-09
5.00245e-08
7.27805e-10
-6.88005e-10
-1.11523e-09
6.80234e-08
-3.60531e-10
-3.81436e-10
6.39152e-08
1.12951e-10
3.98106e-10
5.5263e-08
1.34619e-09
4.26142e-08
7.99697e-10
-2.19242e-10
6.0742e-08
9.55792e-11
5.64603e-08
4.29189e-10
4.77529e-08
3.51458e-08
8.53829e-10
-5.32686e-10
-5.3137e-10
8.28922e-08
-6.71811e-10
-2.6084e-10
7.84498e-08
-3.86347e-10
-3.22251e-11
6.93917e-08
2.44314e-10
5.64093e-08
1.89676e-10
-4.44851e-10
-8.61651e-10
7.58322e-08
-5.2945e-10
-4.69857e-10
7.13758e-08
-2.90773e-10
-7.61222e-11
6.23826e-08
3.44741e-10
4.9424e-08
2.09276e-10
-2.63345e-10
-9.85003e-10
6.85437e-08
-3.07012e-10
-5.83961e-10
6.40729e-08
-1.17742e-10
-1.45961e-10
5.51435e-08
3.35008e-10
4.22637e-08
2.42479e-10
-1.16908e-11
6.10151e-08
-4.81447e-11
5.65537e-08
4.75519e-11
4.77449e-08
3.50146e-08
2.64029e-10
-1.96273e-10
-3.81317e-10
8.37373e-08
-3.88242e-10
-2.43332e-10
7.88851e-08
-2.99497e-10
-1.1223e-10
6.94151e-08
2.149e-11
5.6125e-08
-3.66575e-11
-1.49087e-10
-6.29635e-10
7.64878e-08
-3.12822e-10
-4.24665e-10
7.17209e-08
-2.4537e-10
-2.08159e-10
6.2411e-08
-4.40854e-12
4.92274e-08
-2.28636e-11
-4.81582e-11
-7.46582e-10
6.90002e-08
-1.90864e-10
-5.33376e-10
6.43244e-08
-1.54803e-10
-2.97169e-10
5.51965e-08
-6.18357e-11
4.21702e-08
-3.86484e-12
9.10695e-11
6.13037e-08
-4.98533e-11
5.67379e-08
-7.01706e-11
4.78318e-08
3.50078e-08
8.1149e-12
-3.11382e-11
-2.64335e-10
8.43161e-08
-2.01789e-10
-1.94538e-10
7.92503e-08
-2.06384e-10
-1.23017e-10
6.95428e-08
-5.90187e-11
5.60836e-08
-1.05957e-10
-5.11208e-12
-4.42569e-10
7.69517e-08
-1.61767e-10
-3.36851e-10
7.20199e-08
-1.76505e-10
-2.22565e-10
6.25253e-08
-1.23943e-10
4.92124e-08
-9.66341e-11
5.12105e-11
-5.36194e-10
6.93446e-08
-9.6441e-11
-4.24908e-10
6.45601e-08
-1.29334e-10
-3.02355e-10
5.53092e-08
-1.87517e-10
4.21897e-08
-8.52897e-11
1.27574e-10
6.15408e-08
-2.14776e-11
5.69209e-08
-8.62722e-11
4.79456e-08
3.50547e-08
-7.78472e-11
4.03334e-11
-1.81526e-10
8.4704e-08
-9.33247e-11
-1.46604e-10
7.95305e-08
-1.33541e-10
-1.08436e-10
6.96914e-08
-7.72041e-11
5.61351e-08
-1.07902e-10
5.48676e-11
-3.08031e-10
7.72697e-08
-7.16915e-11
-2.54412e-10
7.22542e-08
-1.1661e-10
-1.94261e-10
6.26561e-08
-1.45156e-10
4.92653e-08
-1.01502e-10
8.59369e-11
-3.79292e-10
6.95898e-08
-3.66196e-11
-3.2216e-10
6.47504e-08
-9.13739e-11
-2.58159e-10
5.54278e-08
-2.00282e-10
4.2248e-08
-9.44771e-11
1.27053e-10
6.17184e-08
2.5622e-12
5.70713e-08
-6.94595e-11
4.80526e-08
3.51152e-08
-8.97903e-11
6.28344e-11
-1.25164e-10
8.49636e-08
-3.62264e-11
-1.07757e-10
7.97374e-08
-8.31387e-11
-8.74852e-11
6.98258e-08
-7.17437e-11
5.62117e-08
-8.79807e-11
7.10603e-11
-2.14619e-10
7.74856e-08
-2.41549e-11
-1.87427e-10
7.24291e-08
-7.31632e-11
-1.55446e-10
6.2773e-08
-1.29928e-10
4.93339e-08
-8.36381e-11
8.81962e-11
-2.67603e-10
6.97602e-08
-5.18484e-12
-2.37976e-10
6.48943e-08
-5.93934e-11
-2.03715e-10
5.55303e-08
-1.73074e-10
4.2311e-08
-7.93407e-11
1.10203e-10
6.18455e-08
1.52485e-11
5.71858e-08
-4.82486e-11
4.81406e-08
3.51716e-08
-7.64498e-11
6.2456e-11
-8.70007e-11
8.51389e-08
-9.29291e-12
-7.82407e-11
7.98873e-08
-5.1692e-11
-6.72121e-11
6.99354e-08
-5.859e-11
5.62846e-08
-6.59315e-11
6.72134e-11
-1.50396e-10
7.76326e-08
-2.20063e-12
-1.36351e-10
7.25567e-08
-4.5427e-11
-1.18731e-10
6.28678e-08
-1.04359e-10
4.93971e-08
-6.28403e-11
7.67795e-11
-1.89355e-10
6.98781e-08
8.36271e-12
-1.735e-10
6.49999e-08
-3.74845e-11
-1.54278e-10
5.56117e-08
-1.3662e-10
4.2366e-08
-6.01286e-11
8.86337e-11
6.1935e-08
1.9172e-11
5.72699e-08
-3.16084e-11
4.82086e-08
3.52179e-08
-5.83715e-11
5.34772e-11
-6.10248e-11
8.52588e-08
2.03835e-12
-5.65222e-11
7.99953e-08
-3.24447e-11
-5.02975e-11
7.00202e-08
-4.52508e-11
5.6345e-08
-4.7678e-11
5.62952e-11
-1.06155e-10
7.77336e-08
6.42043e-12
-9.86555e-11
7.26487e-08
-2.82937e-11
-8.84785e-11
6.29407e-08
-7.97943e-11
4.94488e-08
-4.54185e-11
6.1743e-11
-1.34649e-10
6.99599e-08
1.25175e-11
-1.25756e-10
6.50762e-08
-2.34821e-11
-1.1434e-10
5.56736e-08
-1.0338e-10
4.24097e-08
-4.36511e-11
6.82401e-11
6.19978e-08
1.83778e-11
5.73307e-08
-2.0271e-11
4.82594e-08
3.52537e-08
-4.25688e-11
4.26602e-11
-4.31608e-11
8.53418e-08
5.90819e-12
-4.0765e-11
8.00728e-08
-2.07052e-11
-3.70804e-11
7.00839e-08
-3.39272e-11
5.63922e-08
-3.39528e-11
4.43736e-11
-7.54362e-11
7.78038e-08
8.73991e-12
-7.12421e-11
7.27148e-08
-1.78438e-11
-6.50436e-11
6.29952e-08
-5.94577e-11
4.94887e-08
-3.22812e-11
4.75567e-11
-9.6223e-11
7.0017e-08
1.23981e-11
-9.09461e-11
6.51311e-08
-1.47976e-11
-8.37623e-11
5.57195e-08
-7.65215e-11
4.24431e-08
-3.11007e-11
5.12145e-11
6.2042e-08
1.56829e-11
5.73743e-08
-1.297e-11
4.82967e-08
3.52806e-08
-3.04266e-11
3.27512e-11
-3.07304e-11
8.53999e-08
6.50603e-12
-2.93939e-11
8.01285e-08
-1.34526e-11
-2.71015e-11
7.01309e-08
-2.50281e-11
5.64278e-08
-2.40379e-11
3.38204e-11
-5.3901e-11
7.7853e-08
8.40192e-12
-5.14223e-11
7.27622e-08
-1.14292e-11
-4.74504e-11
6.30354e-08
-4.36826e-11
4.95188e-08
-2.27952e-11
3.57344e-11
-6.90441e-11
7.00573e-08
1.06804e-11
-6.57279e-11
6.51704e-08
-9.43048e-12
-6.09737e-11
5.57531e-08
-5.59711e-11
4.24679e-08
-2.19919e-11
3.78638e-11
6.20732e-08
1.25925e-11
5.74055e-08
-8.34785e-12
4.83238e-08
3.53004e-08
-2.15679e-11
2.45873e-11
-2.19871e-11
8.54409e-08
5.83511e-12
-2.11981e-11
8.01684e-08
-8.88702e-12
-1.97055e-11
7.01654e-08
-1.82915e-11
5.64542e-08
-1.69938e-11
2.52708e-11
-3.86674e-11
7.78878e-08
7.13807e-12
-3.71163e-11
7.27963e-08
-7.43364e-12
-3.44603e-11
6.30647e-08
-3.18355e-11
4.95409e-08
-1.6069e-11
2.64556e-11
-4.96891e-11
7.00858e-08
8.60474e-12
-4.74956e-11
6.51987e-08
-6.08622e-12
-4.42253e-11
5.57776e-08
-4.06687e-11
4.24862e-08
-1.55145e-11
2.77413e-11
6.20954e-08
9.76141e-12
5.74278e-08
-5.42142e-12
4.83434e-08
3.53149e-08
-1.52455e-11
1.82025e-11
-1.57813e-11
8.54701e-08
4.79538e-12
-1.52872e-11
8.01971e-08
-5.95547e-12
-1.42789e-11
7.01904e-08
-1.32916e-11
5.64736e-08
-1.20195e-11
1.86487e-11
-2.78088e-11
7.79125e-08
5.70712e-12
-2.67867e-11
7.28207e-08
-4.90247e-12
-2.49528e-11
6.3086e-08
-2.30877e-11
4.95572e-08
-1.13319e-11
1.94021e-11
-3.58231e-11
7.01061e-08
6.67708e-12
-3.43127e-11
6.52189e-08
-3.97618e-12
-3.20026e-11
5.57953e-08
-2.94323e-11
4.24995e-08
-1.09449e-11
2.02065e-11
6.21112e-08
7.40191e-12
5.74438e-08
-3.55552e-12
4.83575e-08
3.53254e-08
-1.07729e-11
1.33465e-11
-1.13431e-11
8.54908e-08
3.76002e-12
-1.10169e-11
8.02177e-08
-4.03787e-12
-1.03173e-11
7.02085e-08
-9.61839e-12
5.64877e-08
-8.50851e-12
1.36426e-11
-2.00182e-11
7.79302e-08
4.40519e-12
-1.93166e-11
7.28383e-08
-3.27213e-12
-1.8023e-11
6.31014e-08
-1.66835e-11
4.9569e-08
-7.99885e-12
1.41328e-11
-2.58364e-11
7.01206e-08
5.0599e-12
-2.47673e-11
6.52334e-08
-2.62697e-12
-2.3109e-11
5.5808e-08
-2.12373e-11
4.25092e-08
-7.72671e-12
1.4652e-11
6.21225e-08
5.5278e-12
5.74553e-08
-2.35446e-12
4.83677e-08
3.5333e-08
-7.61584e-12
9.70781e-12
-8.14732e-12
8.55057e-08
2.86196e-12
-7.92307e-12
8.02325e-08
-2.7616e-12
-7.42966e-12
7.02216e-08
-6.93156e-12
5.64979e-08
-6.02305e-12
9.90675e-12
-1.43947e-11
7.79427e-08
3.32091e-12
-1.38999e-11
7.28508e-08
-2.2051e-12
-1.29763e-11
6.31125e-08
-1.20105e-11
4.95775e-08
-5.64722e-12
1.02312e-11
-1.86062e-11
7.01309e-08
3.76893e-12
-1.78373e-11
6.52438e-08
-1.75242e-12
-1.6638e-11
5.58172e-08
-1.52731e-11
4.25161e-08
-5.45511e-12
1.05747e-11
6.21305e-08
4.07786e-12
5.74635e-08
-1.5729e-12
4.8375e-08
3.53384e-08
-5.38322e-12
7.0008e-12
-5.83091e-12
8.55162e-08
2.13067e-12
-5.6728e-12
8.0243e-08
-1.89727e-12
-5.32217e-12
7.02309e-08
-4.96686e-12
5.65052e-08
-4.25309e-12
7.13535e-12
-1.03104e-11
7.79517e-08
2.45699e-12
-9.95641e-12
7.28598e-08
-1.495e-12
-9.29461e-12
6.31204e-08
-8.59941e-12
4.95836e-08
-3.9785e-12
7.35258e-12
-1.3342e-11
7.01383e-08
2.7657e-12
-1.27859e-11
6.52512e-08
-1.17693e-12
-1.19185e-11
5.58238e-08
-1.09273e-11
4.25211e-08
-3.84309e-12
7.5835e-12
6.21362e-08
2.97267e-12
5.74694e-08
-1.05745e-12
4.83802e-08
3.53424e-08
-3.79636e-12
4.99339e-12
-4.14162e-12
8.55237e-08
1.55607e-12
-4.02891e-12
8.02505e-08
-1.30045e-12
-3.77976e-12
7.02376e-08
-3.52701e-12
5.65104e-08
-2.98168e-12
5.08477e-12
-7.32648e-12
7.7958e-08
1.78651e-12
-7.07264e-12
7.28661e-08
-1.01316e-12
-6.60014e-12
6.3126e-08
-6.10294e-12
4.9588e-08
-2.78442e-12
5.23099e-12
-9.48776e-12
7.01435e-08
1.99921e-12
-9.08707e-12
6.52565e-08
-7.90913e-13
-8.4639e-12
5.58284e-08
-7.75052e-12
4.25247e-08
-2.69003e-12
5.38757e-12
6.21403e-08
2.13886e-12
5.74735e-08
-7.11065e-13
4.83839e-08
3.53451e-08
-2.65987e-12
3.51481e-12
-2.90867e-12
8.55289e-08
1.12008e-12
-2.82857e-12
8.02557e-08
-8.77278e-13
-2.65307e-12
7.02422e-08
-2.47467e-12
5.65141e-08
-2.05997e-12
3.57731e-12
-5.14421e-12
7.79624e-08
1.28026e-12
-4.9635e-12
7.28706e-08
-6.77021e-13
-4.62961e-12
6.313e-08
-4.27796e-12
4.9591e-08
-1.92291e-12
3.67616e-12
-6.66299e-12
7.01471e-08
1.42575e-12
-6.37725e-12
6.52602e-08
-5.24211e-13
-5.93508e-12
5.58317e-08
-5.42919e-12
4.25272e-08
-1.85911e-12
3.783e-12
6.21431e-08
1.52024e-12
5.74764e-08
-4.70871e-13
4.83865e-08
3.53471e-08
-1.84033e-12
2.45157e-12
-2.02761e-12
8.55325e-08
8.0284e-13
-1.96933e-12
8.02593e-08
-5.75549e-13
-1.84332e-12
7.02454e-08
-1.71282e-12
5.65166e-08
-1.39349e-12
2.49621e-12
-3.58068e-12
7.79655e-08
9.12263e-13
-3.45214e-12
7.28736e-08
-4.41881e-13
-3.21661e-12
6.31327e-08
-2.9663e-12
4.95931e-08
-1.30521e-12
2.56482e-12
-4.63495e-12
7.01496e-08
1.01143e-12
-4.43209e-12
6.52627e-08
-3.39546e-13
-4.12028e-12
5.5834e-08
-3.76348e-12
4.25289e-08
-1.26569e-12
2.63984e-12
6.21451e-08
1.07684e-12
5.74784e-08
-3.0302e-13
4.83883e-08
3.53484e-08
-1.2557e-12
1.75771e-12
-1.48168e-12
8.55351e-08
6.08865e-13
-1.44261e-12
8.02619e-08
-3.57991e-13
-1.3543e-12
7.02478e-08
-1.2562e-12
5.65184e-08
-9.48207e-13
1.79034e-12
-2.57822e-12
7.79676e-08
6.78846e-13
-2.48482e-12
7.28758e-08
-2.77137e-13
-2.31605e-12
6.31346e-08
-2.13586e-12
4.95946e-08
-9.02183e-13
1.84132e-12
-3.32944e-12
7.01514e-08
7.4606e-13
-3.18077e-12
6.52645e-08
-2.12979e-13
-2.95622e-12
5.58356e-08
-2.70546e-12
4.25301e-08
-8.84516e-13
1.89829e-12
6.21465e-08
7.92449e-13
5.74798e-08
-1.89029e-13
4.83896e-08
3.53494e-08
-8.83462e-13
1.33922e-12
-1.15863e-12
4.05662e-13
-1.11168e-12
-3.44459e-13
-1.0291e-12
-9.39025e-13
-7.498e-13
1.372e-12
-2.1767e-12
4.49105e-13
-2.08714e-12
-3.11535e-13
-1.92694e-12
-1.74004e-12
-7.41975e-13
1.4169e-12
-2.83391e-12
4.96722e-13
-2.69789e-12
-2.76898e-13
-2.48708e-12
-2.23699e-12
-7.47406e-13
1.47362e-12
5.46268e-13
-2.49721e-13
-7.59259e-13
4.0104e-09
1.41752e-08
2.87579e-08
3.43093e-09
-1.02928e-08
5.20671e-08
3.30365e-09
-8.71505e-09
5.86324e-08
5.90201e-10
5.39948e-08
5.3994e-08
-1.78694e-08
3.53215e-08
1.04254e-07
-3.12843e-08
3.35538e-08
4.84124e-08
-2.66134e-09
1.14206e-07
4.03607e-09
1.16977e-07
-6.83462e-09
-1.20889e-08
4.73383e-08
-7.36607e-09
-2.81258e-09
3.80705e-08
3.56049e-09
6.88528e-09
5.39901e-08
2.16813e-08
7.04401e-08
-5.52113e-09
5.82164e-08
1.14172e-08
4.9955e-08
2.4214e-08
5.67416e-08
8.44691e-08
-4.24182e-09
3.28354e-09
3.62208e-08
-4.15405e-10
1.45229e-09
4.79647e-08
6.96229e-09
-6.55614e-09
5.73303e-08
-6.84234e-09
6.71727e-08
-3.35714e-09
2.37405e-09
4.0358e-08
-2.57663e-08
5.36034e-09
5.20548e-08
-7.15951e-09
1.69669e-08
7.20766e-08
1.59293e-08
8.70459e-08
1.68923e-09
1.08631e-10
4.43245e-08
-6.20009e-09
2.36885e-09
4.89513e-08
-1.87604e-09
7.6758e-09
5.89572e-08
1.2335e-08
7.21583e-08
2.92325e-09
5.28615e-08
-6.46122e-10
5.24062e-08
-4.34626e-09
5.57998e-08
6.4785e-08
-2.79789e-09
6.90143e-09
3.52745e-08
-3.35005e-09
6.67916e-09
4.45886e-08
-3.19231e-09
5.62953e-09
5.36693e-08
5.45831e-09
6.06075e-08
-1.61134e-09
6.50427e-09
4.45304e-08
-6.09421e-09
9.19265e-09
5.40242e-08
-5.86717e-09
1.18646e-08
6.56145e-08
1.22738e-08
7.43633e-08
3.39579e-09
1.80365e-09
5.01746e-08
3.19574e-10
4.70348e-09
5.65167e-08
-1.97392e-09
8.31315e-09
6.48021e-08
1.06887e-08
7.17695e-08
5.8973e-09
5.56769e-08
3.58968e-09
5.99133e-08
5.90777e-10
6.36737e-08
6.83791e-08
-1.69165e-10
3.61726e-09
3.51984e-08
-7.48459e-10
3.74365e-09
4.31664e-08
-1.42291e-10
3.58359e-09
5.10084e-08
3.536e-09
5.8407e-08
8.09965e-10
3.56161e-09
4.64628e-08
-8.83517e-10
4.9856e-09
5.44757e-08
-7.69088e-10
6.15639e-09
6.29273e-08
6.52695e-09
7.06032e-08
3.19261e-09
7.52066e-10
5.36862e-08
1.88471e-09
2.31847e-09
6.04917e-08
1.04611e-09
4.16829e-09
6.76288e-08
5.08312e-09
7.42594e-08
4.33949e-09
5.82625e-08
3.89672e-09
6.42389e-08
2.36058e-09
6.9675e-08
7.53187e-08
1.99677e-10
1.65019e-09
3.50344e-08
-1.67389e-10
1.84996e-09
4.24833e-08
-1.9841e-10
1.92409e-09
4.98432e-08
1.97404e-09
5.6934e-08
9.38551e-10
1.53387e-09
4.72168e-08
2.53377e-10
2.24723e-09
5.47636e-08
-2.54724e-11
2.81762e-09
6.23126e-08
3.04353e-09
6.95083e-08
1.99679e-09
1.60835e-11
5.53705e-08
1.49357e-09
6.60628e-10
6.25816e-08
8.88398e-10
1.34229e-09
6.97093e-08
1.62976e-09
7.65616e-08
2.37085e-09
5.98944e-08
2.24265e-09
6.68954e-08
1.41831e-09
7.35586e-08
8.00814e-08
1.71832e-10
5.58123e-10
3.49766e-08
2.76224e-12
6.76556e-10
4.22182e-08
-4.71894e-11
7.41555e-10
4.93608e-08
7.66425e-10
5.63101e-08
5.97355e-10
3.94562e-10
4.75746e-08
3.33581e-10
7.1235e-10
5.49916e-08
1.28657e-10
9.56446e-10
6.23026e-08
1.04482e-09
6.93585e-08
1.0456e-09
-4.48818e-10
5.6228e-08
8.59986e-10
-2.23642e-10
6.37032e-08
5.17927e-10
-1.06719e-11
7.10185e-08
5.27385e-11
7.80716e-08
1.13755e-09
6.08595e-08
1.08179e-09
6.84073e-08
7.06759e-10
7.57048e-08
8.27446e-08
9.51244e-11
6.13792e-11
3.50022e-08
2.73449e-11
1.1705e-10
4.21651e-08
-5.58062e-12
1.50721e-10
4.92202e-08
1.58582e-10
5.61093e-08
3.14833e-10
-1.13421e-10
4.78065e-08
2.13278e-10
1.79357e-11
5.51923e-08
1.05501e-10
1.15954e-10
6.24452e-08
1.44189e-10
6.94784e-08
5.02753e-10
-5.9854e-10
5.67072e-08
4.32082e-10
-5.29954e-10
6.43217e-08
2.71802e-10
-4.70824e-10
7.17656e-08
-4.72053e-10
7.89597e-08
5.14894e-10
6.14052e-08
4.8793e-10
6.92038e-08
3.33596e-10
7.67901e-08
8.41065e-08
5.5597e-11
-1.2085e-10
3.50613e-08
3.27534e-11
-9.7765e-11
4.22004e-08
1.26025e-11
-8.31981e-11
4.92269e-08
-8.36828e-11
5.60996e-08
1.65195e-10
-2.74837e-10
4.79716e-08
1.25089e-10
-2.22924e-10
5.53575e-08
6.96928e-11
-1.85277e-10
6.26027e-08
-1.80752e-10
6.96452e-08
2.4452e-10
-5.59551e-10
5.69868e-08
2.13685e-10
-5.41968e-10
6.46716e-08
1.37772e-10
-5.28986e-10
7.21852e-08
-5.4366e-10
7.94603e-08
2.38606e-10
6.17066e-08
2.19819e-10
6.96128e-08
1.52405e-10
7.73234e-08
8.47708e-08
4.1228e-11
-1.5921e-10
3.51249e-08
3.51839e-11
-1.50401e-10
4.22624e-08
2.00918e-11
-1.44475e-10
4.9285e-08
-1.47612e-10
5.61594e-08
9.65271e-11
-2.81787e-10
4.80905e-08
7.91866e-11
-2.61359e-10
5.54858e-08
4.69488e-11
-2.47012e-10
6.27374e-08
-2.50038e-10
6.97946e-08
1.31309e-10
-4.5345e-10
5.71553e-08
1.14397e-10
-4.49649e-10
6.48768e-08
7.357e-11
-4.48319e-10
7.24273e-08
-4.61981e-10
7.97458e-08
1.24393e-10
6.18742e-08
1.08157e-10
6.98265e-08
7.30453e-11
7.75893e-08
8.50953e-08
3.53069e-11
-1.43458e-10
3.51806e-08
3.44686e-11
-1.40352e-10
4.23243e-08
2.17295e-11
-1.37871e-10
4.93519e-08
-1.41277e-10
5.62344e-08
6.45737e-11
-2.36028e-10
4.8176e-08
5.56161e-11
-2.27601e-10
5.55821e-08
3.39837e-11
-2.21875e-10
6.28431e-08
-2.2638e-10
6.99137e-08
8.1175e-11
-3.43299e-10
5.72606e-08
6.96875e-11
-3.42115e-10
6.50028e-08
4.39829e-11
-3.42648e-10
7.25738e-08
-3.52764e-10
7.99162e-08
7.68992e-11
6.19706e-08
6.26518e-11
6.99436e-08
4.00441e-11
7.77291e-08
8.52617e-08
3.05978e-11
-1.13791e-10
3.52252e-08
3.09065e-11
-1.128e-10
4.23766e-08
2.00007e-11
-1.11645e-10
4.94116e-08
-1.14592e-10
5.63031e-08
4.7324e-11
-1.81869e-10
4.82373e-08
4.16352e-11
-1.77974e-10
5.56529e-08
2.56762e-11
-1.7541e-10
6.29228e-08
-1.79515e-10
7.00043e-08
5.63905e-11
-2.51488e-10
5.7329e-08
4.76151e-11
-2.50328e-10
6.50839e-08
2.93461e-11
-2.50594e-10
7.26673e-08
-2.57675e-10
8.00237e-08
5.46331e-11
6.20289e-08
4.25568e-11
7.00124e-08
2.56781e-11
7.78087e-08
8.53542e-08
2.56875e-11
-8.53972e-11
3.52593e-08
2.59898e-11
-8.51413e-11
4.24178e-08
1.69103e-11
-8.45078e-11
4.94598e-08
-8.68691e-11
5.63592e-08
3.60647e-11
-1.3482e-10
4.82812e-08
3.19179e-11
-1.327e-10
5.57046e-08
1.96884e-11
-1.3134e-10
6.29819e-08
-1.3464e-10
7.00717e-08
4.17842e-11
-1.81521e-10
5.73749e-08
3.48447e-11
-1.80136e-10
6.51383e-08
2.10594e-11
-1.79989e-10
7.27297e-08
-1.84929e-10
8.00951e-08
4.16492e-11
6.2066e-08
3.17883e-11
7.00557e-08
1.84373e-11
7.7858e-08
8.54106e-08
2.08238e-11
-6.24357e-11
3.52847e-08
2.09123e-11
-6.24047e-11
4.2449e-08
1.35876e-11
-6.19898e-11
4.94968e-08
-6.38146e-11
5.64026e-08
2.77268e-11
-9.81248e-11
4.83127e-08
2.45246e-11
-9.67727e-11
5.57422e-08
1.50887e-11
-9.59174e-11
6.30252e-08
-9.84458e-11
7.01214e-08
3.17433e-11
-1.30277e-10
5.74064e-08
2.6268e-11
-1.28853e-10
6.51759e-08
1.56712e-11
-1.28491e-10
7.27729e-08
-1.31979e-10
8.01443e-08
3.24444e-11
6.20908e-08
2.4631e-11
7.00847e-08
1.39958e-11
7.78908e-08
8.54478e-08
1.64197e-11
-4.50801e-11
3.53034e-08
1.63377e-11
-4.50984e-11
4.24722e-08
1.05792e-11
-4.47912e-11
4.95246e-08
-4.61754e-11
5.64353e-08
2.12425e-11
-7.08114e-11
4.83354e-08
1.87365e-11
-6.98497e-11
5.57695e-08
1.14927e-11
-6.92456e-11
6.30569e-08
-7.11444e-11
7.01579e-08
2.42329e-11
-9.33702e-11
5.74286e-08
1.99663e-11
-9.20697e-11
6.52024e-08
1.18199e-11
-9.16518e-11
7.28034e-08
-9.41511e-11
8.01791e-08
2.52567e-11
6.21079e-08
1.91998e-11
7.01048e-08
1.08163e-11
7.79137e-08
8.54737e-08
1.26846e-11
-3.23576e-11
3.5317e-08
1.25104e-11
-3.23736e-11
4.24892e-08
8.06988e-12
-3.21331e-11
4.95451e-08
-3.31723e-11
5.64596e-08
1.61567e-11
-5.09098e-11
4.83517e-08
1.42036e-11
-5.01876e-11
5.57892e-08
8.68812e-12
-4.9736e-11
6.308e-08
-5.11493e-11
7.01846e-08
1.84367e-11
-6.69452e-11
5.74443e-08
1.51553e-11
-6.58418e-11
6.52213e-08
8.93259e-12
-6.54531e-11
7.28254e-08
-6.72651e-11
8.02042e-08
1.94984e-11
6.212e-08
1.48762e-11
7.01192e-08
8.35874e-12
7.79302e-08
8.54924e-08
9.65018e-12
-2.31629e-11
3.53269e-08
9.44405e-12
-2.31669e-11
4.25017e-08
6.06951e-12
-2.29764e-11
4.95601e-08
-2.37516e-11
5.64774e-08
1.219e-11
-3.65433e-11
4.83634e-08
1.06826e-11
-3.59905e-11
5.58036e-08
6.51899e-12
-3.56467e-11
6.30969e-08
-3.66942e-11
7.0204e-08
1.3937e-11
-4.80367e-11
5.74555e-08
1.14427e-11
-4.71438e-11
6.52349e-08
6.72798e-12
-4.6817e-11
7.28412e-08
-4.81413e-11
8.02223e-08
1.49004e-11
6.21287e-08
1.14142e-11
7.01296e-08
6.41406e-12
7.79422e-08
8.55061e-08
7.252e-12
-1.65558e-11
3.53341e-08
7.0506e-12
-1.65503e-11
4.25107e-08
4.51642e-12
-1.64005e-11
4.95711e-08
-1.69759e-11
5.64904e-08
9.12202e-12
-2.62036e-11
4.83719e-08
7.97166e-12
-2.57802e-11
5.58139e-08
4.85527e-12
-2.55186e-11
6.31091e-08
-2.62924e-11
7.02182e-08
1.04551e-11
-3.44781e-11
5.74637e-08
8.5788e-12
-3.37784e-11
6.52448e-08
5.03753e-12
-3.35189e-11
7.28528e-08
-3.44906e-11
8.02356e-08
1.12689e-11
6.21349e-08
8.66477e-12
7.01373e-08
4.87474e-12
7.79511e-08
8.55163e-08
5.38963e-12
-1.18111e-11
3.53392e-08
5.21173e-12
-1.18007e-11
4.25172e-08
3.32915e-12
-1.16845e-11
4.9579e-08
-1.2109e-11
5.64998e-08
6.76632e-12
-1.87554e-11
4.8378e-08
5.89924e-12
-1.84337e-11
5.58214e-08
3.58748e-12
-1.82363e-11
6.3118e-08
-1.88054e-11
7.02285e-08
7.77471e-12
-2.47175e-11
5.74695e-08
6.37788e-12
-2.4182e-11
6.5252e-08
3.74271e-12
-2.39834e-11
7.28612e-08
-2.46961e-11
8.02452e-08
8.43149e-12
6.21395e-08
6.50415e-12
7.01428e-08
3.66473e-12
7.79576e-08
8.55237e-08
3.95945e-12
-8.39401e-12
3.53429e-08
3.81221e-12
-8.38186e-12
4.25219e-08
2.42968e-12
-8.29304e-12
4.95847e-08
-8.60314e-12
5.65066e-08
4.96723e-12
-1.33704e-11
4.83824e-08
4.3227e-12
-1.31289e-11
5.58268e-08
2.62575e-12
-1.29815e-11
6.31244e-08
-1.33963e-11
7.02359e-08
5.72081e-12
-1.76527e-11
5.74737e-08
4.69298e-12
-1.7251e-11
6.52571e-08
2.75339e-12
-1.71027e-11
7.28672e-08
-1.76221e-11
8.02522e-08
6.23327e-12
6.21427e-08
4.82167e-12
7.01469e-08
2.72106e-12
7.79624e-08
8.55292e-08
2.8706e-12
-5.91988e-12
3.53455e-08
2.75415e-12
-5.9076e-12
4.25252e-08
1.75212e-12
-5.84039e-12
4.95887e-08
-6.06243e-12
5.65114e-08
3.60007e-12
-9.4558e-12
4.83855e-08
3.12863e-12
-9.27709e-12
5.58307e-08
1.899e-12
-9.16796e-12
6.31289e-08
-9.46473e-12
7.02412e-08
4.15444e-12
-1.25072e-11
5.74767e-08
3.40879e-12
-1.22115e-11
6.52608e-08
2.00027e-12
-1.21024e-11
7.28716e-08
-1.24744e-11
8.02572e-08
4.54279e-12
6.21451e-08
3.52249e-12
7.01498e-08
1.99113e-12
7.79658e-08
8.55332e-08
2.05473e-12
-4.12329e-12
3.53474e-08
1.96501e-12
-4.11073e-12
4.25276e-08
1.24934e-12
-4.05948e-12
4.95916e-08
-4.21186e-12
5.65148e-08
2.57319e-12
-6.60333e-12
4.83877e-08
2.23433e-12
-6.47251e-12
5.58334e-08
1.35653e-12
-6.39118e-12
6.31321e-08
-6.59471e-12
7.02449e-08
2.97336e-12
-8.75012e-12
5.74788e-08
2.44102e-12
-8.536e-12
6.52634e-08
1.43359e-12
-8.45491e-12
7.28746e-08
-8.71121e-12
8.02607e-08
3.25975e-12
6.21467e-08
2.53348e-12
7.01518e-08
1.4349e-12
7.79683e-08
8.5536e-08
1.46378e-12
-2.83734e-12
3.53487e-08
1.39288e-12
-2.82101e-12
4.25292e-08
8.81351e-13
-2.77829e-12
4.95936e-08
-2.87123e-12
5.65172e-08
1.82709e-12
-4.55886e-12
4.83892e-08
1.58532e-12
-4.46065e-12
5.58352e-08
9.6154e-13
-4.39524e-12
6.31344e-08
-4.51918e-12
7.02476e-08
2.11304e-12
-6.05453e-12
5.74802e-08
1.73622e-12
-5.89872e-12
6.52652e-08
1.02075e-12
-5.83293e-12
7.28768e-08
-5.99191e-12
8.02632e-08
2.32112e-12
6.21479e-08
1.80844e-12
7.01533e-08
1.02693e-12
7.797e-08
8.55381e-08
1.09358e-12
-2.02713e-12
3.53496e-08
1.03785e-12
-2.00112e-12
4.25304e-08
6.79531e-13
-1.95689e-12
4.9595e-08
-1.9939e-12
5.65189e-08
1.34165e-12
-3.25249e-12
4.83903e-08
1.16982e-12
-3.1696e-12
5.58366e-08
7.32665e-13
-3.10477e-12
6.31359e-08
-3.15577e-12
7.02494e-08
1.55022e-12
-4.31833e-12
5.74813e-08
1.27923e-12
-4.19454e-12
6.52665e-08
7.70186e-13
-4.12647e-12
7.28783e-08
-4.19714e-12
8.0265e-08
1.70609e-12
6.21487e-08
1.33478e-12
7.01543e-08
7.71181e-13
7.79713e-08
8.55395e-08
8.67666e-13
-1.67429e-12
8.20915e-13
-1.61288e-12
4.73337e-13
-1.5517e-12
-1.53645e-12
1.09579e-12
-2.69376e-12
9.51752e-13
-2.58935e-12
5.25592e-13
-2.50154e-12
-2.47325e-12
1.28767e-12
-3.59615e-12
1.05662e-12
-3.46635e-12
5.71784e-13
-3.36878e-12
-3.34167e-12
1.42785e-12
1.11157e-12
5.92747e-13
)
;

boundaryField
{
    inlet
    {
        type            calculated;
        value           nonuniform List<scalar> 
48
(
-5.91651e-08
-5.95144e-08
-5.95125e-08
-5.95125e-08
-5.95125e-08
-5.95125e-08
-5.95125e-08
-5.95125e-08
-5.73127e-08
-6.18658e-08
-6.08956e-08
-5.94974e-08
-5.80522e-08
-5.93269e-08
-5.97843e-08
-5.89765e-08
-3.57871e-08
-4.88281e-08
-5.78865e-08
-6.26416e-08
-4.32181e-08
-6.28223e-08
-6.60108e-08
-7.17555e-08
-5.01496e-08
-6.44186e-08
-7.44633e-08
-7.98306e-08
-5.57313e-08
-7.20699e-08
-8.20337e-08
-8.75925e-08
-1.08694e-07
-7.92252e-08
-7.08827e-08
-6.24668e-08
-8.12631e-08
-7.40601e-08
-6.60088e-08
-5.78955e-08
-7.20616e-08
-6.40996e-08
-5.65789e-08
-4.77379e-08
-5.7336e-08
-5.06428e-08
-4.32181e-08
-3.50733e-08
)
;
    }
    outlet
    {
        type            calculated;
        value           nonuniform List<scalar> 
48
(
5.93064e-08
5.94129e-08
5.94746e-08
5.95029e-08
5.92628e-08
5.93769e-08
5.9444e-08
5.9475e-08
5.91699e-08
5.92996e-08
5.93774e-08
5.94138e-08
5.90151e-08
5.91703e-08
5.92637e-08
5.93078e-08
3.53503e-08
4.83912e-08
5.74822e-08
6.21494e-08
4.25313e-08
5.58377e-08
6.52676e-08
7.01553e-08
4.95961e-08
6.31373e-08
7.28797e-08
7.79724e-08
5.65202e-08
7.02509e-08
8.02665e-08
8.55407e-08
8.55372e-08
7.79695e-08
7.01529e-08
6.21476e-08
8.0264e-08
7.28777e-08
6.5266e-08
5.7481e-08
7.02495e-08
6.31363e-08
5.58369e-08
4.83906e-08
5.65198e-08
4.95959e-08
4.25311e-08
3.53501e-08
)
;
    }
    wall
    {
        type            calculated;
        value           nonuniform List<scalar> 
192
(
-4.03693e-09
3.88469e-25
-1.02436e-25
5.17921e-26
2.30887e-25
2.20849e-26
7.81415e-27
4.06823e-26
1.83072e-26
9.6124e-27
-2.29323e-28
1.11934e-26
-1.27997e-28
-1.29635e-27
2.61401e-27
4.41044e-27
5.8456e-28
-1.37565e-27
-8.97106e-29
-5.6187e-28
2.14237e-28
-4.09676e-29
8.85899e-29
1.3448e-28
-4.55598e-09
-3.23719e-24
-9.54286e-26
6.00667e-25
2.40636e-25
6.10733e-27
-5.24276e-26
2.3446e-26
5.3412e-27
4.1822e-27
6.90234e-27
2.32109e-27
-2.55221e-27
6.01368e-27
-1.66287e-27
2.91516e-27
1.79064e-27
7.37419e-29
1.04817e-27
-2.33085e-28
-1.52185e-28
7.88596e-29
2.37789e-28
1.98904e-28
4.42462e-11
-3.30269e-24
-2.87424e-25
-2.29421e-26
-4.58727e-26
-5.96842e-26
1.14543e-25
4.698e-26
1.90486e-26
4.26703e-27
1.55234e-27
-7.60312e-27
-2.28042e-27
-3.8632e-28
1.88353e-28
-1.31954e-27
1.44435e-28
-1.00987e-27
4.40218e-28
-5.21094e-28
8.57431e-29
1.55884e-28
-7.39977e-29
8.79008e-29
-1.67569e-09
6.94067e-25
-2.25346e-25
-8.44305e-26
1.34654e-25
1.65525e-26
-5.67229e-26
5.00182e-26
5.92495e-26
-3.93476e-27
3.41986e-26
1.80788e-26
-1.18287e-26
2.56065e-32
-4.29457e-27
-1.54435e-27
1.69364e-28
1.6332e-27
1.3073e-27
3.27931e-28
4.13219e-28
4.53663e-28
-5.66735e-30
-2.7963e-28
5.57124e-09
5.92882e-11
-2.49114e-09
2.04736e-09
1.74985e-24
1.15893e-24
-2.39928e-24
1.4499e-24
4.60811e-25
-2.73368e-24
9.2066e-25
3.45624e-25
-3.3513e-25
-2.53643e-25
1.65545e-24
2.58462e-25
1.7192e-25
2.4185e-25
2.52511e-25
-1.39963e-26
1.12098e-25
-1.63463e-26
-1.26569e-26
4.21223e-26
-6.5663e-27
-2.49714e-26
-4.89389e-26
8.06581e-26
-2.03795e-26
-1.7721e-26
-4.01652e-26
2.0345e-26
9.0503e-26
-3.49665e-26
-6.92992e-26
-1.43248e-26
-1.38518e-26
3.57989e-26
-6.1917e-26
-4.95192e-26
-2.4723e-26
4.6389e-26
-2.30811e-26
2.41168e-28
3.48471e-26
2.73683e-26
2.37859e-26
-1.28112e-27
2.46594e-28
-3.34631e-26
-1.84052e-26
-6.71904e-27
6.91463e-27
-3.272e-26
-3.02291e-26
-1.10929e-27
-1.97853e-28
4.19381e-27
2.02372e-26
-5.81594e-27
4.03862e-27
1.25887e-26
-5.14873e-27
-2.27573e-27
7.37924e-27
5.67576e-28
-8.98893e-27
1.09754e-28
-1.10646e-27
5.70167e-27
-1.1843e-27
-2.21527e-27
4.70118e-27
-3.82305e-28
2.87578e-27
-1.17059e-27
1.18991e-27
-1.31943e-27
1.88483e-27
4.25442e-28
1.49795e-27
6.74701e-28
3.27561e-28
-4.66174e-28
1.74058e-28
4.78725e-28
9.15027e-28
-4.01613e-28
-3.77653e-29
6.75517e-28
-4.12616e-28
-8.30714e-29
6.24928e-29
2.06939e-28
3.29544e-28
-2.77447e-28
)
;
    }
    procBoundary1to0
    {
        type            processor;
        value           nonuniform List<scalar> 
192
(
8.29726e-09
-4.26917e-09
-4.79973e-09
-9.50934e-09
-1.89493e-09
5.79345e-09
1.36534e-08
1.363e-08
5.48423e-10
1.74712e-09
2.67835e-09
2.47216e-09
4.43086e-10
2.22572e-10
2.53566e-11
-1.57873e-10
-1.65679e-10
-3.85244e-10
-5.42467e-10
-5.96655e-10
-4.26659e-10
-5.71926e-10
-6.73251e-10
-6.88966e-10
-4.5732e-10
-5.47159e-10
-6.08734e-10
-6.14922e-10
-3.96896e-10
-4.47194e-10
-4.80261e-10
-4.80362e-10
-3.13204e-10
-3.39745e-10
-3.55349e-10
-3.51722e-10
-2.35158e-10
-2.48544e-10
-2.54969e-10
-2.50177e-10
-1.7193e-10
-1.78519e-10
-1.80715e-10
-1.76326e-10
-1.24089e-10
-1.27336e-10
-1.27836e-10
-1.24434e-10
-8.90917e-11
-9.07445e-11
-9.06912e-11
-8.82943e-11
-6.38755e-11
-6.47765e-11
-6.46191e-11
-6.30303e-11
-4.58055e-11
-4.63466e-11
-4.62298e-11
-4.52219e-11
-3.28637e-11
-3.3223e-11
-3.31719e-11
-3.25567e-11
-2.35761e-11
-2.38337e-11
-2.38343e-11
-2.34727e-11
-1.68867e-11
-1.70793e-11
-1.71101e-11
-1.69053e-11
-1.20452e-11
-1.21913e-11
-1.22347e-11
-1.21227e-11
-8.52414e-12
-8.63469e-12
-8.67975e-12
-8.62121e-12
-5.96543e-12
-6.04861e-12
-6.09004e-12
-6.06236e-12
-4.14816e-12
-4.21206e-12
-4.24924e-12
-4.24034e-12
-2.97167e-12
-3.02509e-12
-3.06056e-12
-3.06441e-12
-2.39808e-12
-2.45233e-12
-2.49189e-12
-2.50583e-12
-4.29693e-08
-8.64556e-09
-1.77134e-09
2.52429e-09
-9.63346e-09
6.4977e-09
9.4605e-09
4.77247e-09
3.44608e-09
5.01459e-09
4.52929e-09
2.52969e-09
2.13918e-09
2.17441e-09
1.74967e-09
9.91547e-10
5.21439e-10
5.43007e-10
3.95633e-10
1.09549e-10
-9.67216e-11
-7.49647e-11
-1.33594e-10
-2.66456e-10
-2.6759e-10
-2.58195e-10
-2.91395e-10
-3.6416e-10
-2.83253e-10
-2.80571e-10
-3.01929e-10
-3.44158e-10
-2.46731e-10
-2.46379e-10
-2.59856e-10
-2.84197e-10
-1.97298e-10
-1.9744e-10
-2.05651e-10
-2.19512e-10
-1.5074e-10
-1.50804e-10
-1.55678e-10
-1.63541e-10
-1.12303e-10
-1.12202e-10
-1.15052e-10
-1.19543e-10
-8.25041e-11
-8.2292e-11
-8.39489e-11
-8.65606e-11
-6.01388e-11
-5.98818e-11
-6.08471e-11
-6.24061e-11
-4.36378e-11
-4.33818e-11
-4.39481e-11
-4.49081e-11
-3.15715e-11
-3.1341e-11
-3.16765e-11
-3.22867e-11
-2.27841e-11
-2.25886e-11
-2.27894e-11
-2.31886e-11
-1.63889e-11
-1.623e-11
-1.63512e-11
-1.66182e-11
-1.17259e-11
-1.1601e-11
-1.16745e-11
-1.18559e-11
-8.31521e-12
-8.22051e-12
-8.2656e-12
-8.38978e-12
-5.82254e-12
-5.75487e-12
-5.78386e-12
-5.86973e-12
-4.03643e-12
-3.99381e-12
-4.016e-12
-4.07799e-12
-2.85971e-12
-2.84036e-12
-2.86371e-12
-2.91465e-12
-2.25332e-12
-2.26125e-12
-2.29231e-12
-2.34147e-12
)
;
    }
    procBoundary1to3
    {
        type            processor;
        value           nonuniform List<scalar> 
192
(
-7.3092e-09
-5.78593e-09
-7.10278e-09
-2.57906e-09
8.41365e-09
1.30953e-08
8.11765e-09
1.3366e-09
1.9027e-09
2.3421e-09
6.87473e-10
-1.96753e-09
4.99602e-11
-1.70849e-10
-8.83207e-10
-1.91023e-09
-5.45914e-10
-6.98298e-10
-1.04342e-09
-1.5255e-09
-7.63689e-10
-8.48909e-10
-1.02589e-09
-1.27828e-09
-7.41405e-10
-7.95499e-10
-8.90634e-10
-1.02561e-09
-6.18911e-10
-6.54821e-10
-7.07613e-10
-7.79107e-10
-4.81397e-10
-5.05123e-10
-5.34589e-10
-5.71224e-10
-3.61922e-10
-3.77203e-10
-3.93332e-10
-4.11276e-10
-2.67798e-10
-2.77294e-10
-2.85828e-10
-2.94076e-10
-1.96735e-10
-2.02434e-10
-2.06721e-10
-2.10103e-10
-1.44061e-10
-1.47372e-10
-1.49346e-10
-1.50386e-10
-1.05315e-10
-1.07177e-10
-1.07935e-10
-1.07919e-10
-7.69056e-11
-7.79095e-11
-7.80618e-11
-7.76249e-11
-5.60951e-11
-5.66041e-11
-5.64781e-11
-5.59247e-11
-4.08422e-11
-4.10743e-11
-4.08424e-11
-4.03086e-11
-2.96394e-11
-2.97244e-11
-2.94741e-11
-2.90134e-11
-2.13842e-11
-2.13968e-11
-2.1169e-11
-2.07957e-11
-1.52791e-11
-1.52599e-11
-1.50702e-11
-1.47808e-11
-1.07675e-11
-1.0737e-11
-1.05877e-11
-1.03707e-11
-7.50846e-12
-7.47544e-12
-7.36063e-12
-7.19984e-12
-5.40569e-12
-5.37126e-12
-5.27883e-12
-5.15297e-12
-4.58935e-12
-4.54726e-12
-4.45419e-12
-4.3289e-12
-1.80554e-09
2.04959e-09
1.71774e-08
4.69714e-08
1.9298e-09
3.48704e-09
1.23177e-08
2.76728e-08
-1.91771e-09
-4.96079e-10
3.43816e-09
7.68541e-09
-2.14187e-09
-1.56433e-09
-2.96845e-10
5.04054e-10
-1.82108e-09
-1.86765e-09
-1.717e-09
-1.71455e-09
-1.51064e-09
-1.67975e-09
-1.78187e-09
-1.90376e-09
-1.17083e-09
-1.2995e-09
-1.40177e-09
-1.50036e-09
-8.58636e-10
-9.32253e-10
-9.9487e-10
-1.05551e-09
-6.10776e-10
-6.47022e-10
-6.79135e-10
-7.13428e-10
-4.29261e-10
-4.45002e-10
-4.59824e-10
-4.79093e-10
-3.01319e-10
-3.07055e-10
-3.13301e-10
-3.24527e-10
-2.12338e-10
-2.13626e-10
-2.15958e-10
-2.22874e-10
-1.50462e-10
-1.49986e-10
-1.50655e-10
-1.55169e-10
-1.07183e-10
-1.06154e-10
-1.06178e-10
-1.09267e-10
-7.66843e-11
-7.56049e-11
-7.54203e-11
-7.76073e-11
-5.503e-11
-5.40851e-11
-5.38654e-11
-5.54465e-11
-3.95481e-11
-3.87841e-11
-3.85905e-11
-3.97462e-11
-2.8404e-11
-2.78129e-11
-2.76603e-11
-2.85077e-11
-2.03257e-11
-1.98814e-11
-1.97677e-11
-2.03861e-11
-1.44289e-11
-1.41027e-11
-1.40199e-11
-1.44643e-11
-1.01138e-11
-9.8786e-12
-9.81729e-12
-1.01252e-11
-7.01396e-12
-6.84398e-12
-6.7923e-12
-6.98682e-12
-5.00982e-12
-4.8757e-12
-4.8162e-12
-4.90883e-12
-4.18872e-12
-4.05544e-12
-3.96162e-12
-3.94534e-12
)
;
    }
}


// ************************************************************************* //
