/*--------------------------------*- C++ -*----------------------------------*\
  =========                 |
  \\      /  F ield         | OpenFOAM: The Open Source CFD Toolbox
   \\    /   O peration     | Website:  https://openfoam.org
    \\  /    A nd           | Version:  6
     \\/     M anipulation  |
\*---------------------------------------------------------------------------*/
FoamFile
{
    version     2.0;
    format      ascii;
    class       volVectorField;
    location    "0.1";
    object      stored_U;
}
// * * * * * * * * * * * * * * * * * * * * * * * * * * * * * * * * * * * * * //

dimensions      [0 1 -1 0 0 0 0];

internalField   nonuniform List<vector> 
1152
(
(-0.00222588 0.000754592 0.00163559)
(0.000296335 -0.000482822 0.017266)
(-0.00615134 -0.00399458 0.00432247)
(6.33181e-05 0.0015923 0.00404073)
(0.00102631 0.00121036 0.0101824)
(-0.0039092 0.000295812 0.0180861)
(-0.0107908 -0.00207421 0.0045606)
(0.00105686 0.00180627 0.00852925)
(0.00187241 0.000776224 0.0177021)
(-0.00363383 0.000652959 0.0196025)
(-0.00763074 0.000161392 0.0118458)
(-0.00270197 0.000531207 0.00410475)
(0.00329583 -0.00130302 0.0172781)
(-0.00263245 -0.00140216 0.0169875)
(-0.00424197 -0.0014554 0.0161556)
(-0.00117348 0.0003254 0.00604747)
(-0.000648733 0.00128858 0.0293332)
(0.000849443 0.00129619 0.0271495)
(0.00225305 0.00130117 0.0274197)
(0.00153891 0.00168734 0.025107)
(-0.00149874 0.000406871 0.0279607)
(0.00035875 0.000752455 0.0274237)
(0.00129364 0.000410741 0.0275025)
(0.00101815 0.00157463 0.019752)
(-0.00238378 0.000887249 0.0276999)
(-0.000221949 0.0011861 0.0275288)
(0.00149805 5.47233e-06 0.0268167)
(0.000527742 0.000341955 0.0186846)
(-0.00209508 0.00169115 0.0286709)
(-0.000630454 0.00250575 0.0275942)
(0.000886146 0.00122547 0.027638)
(0.000730982 -3.62093e-05 0.0257336)
(-0.000311348 0.000427558 0.0192622)
(0.000313403 0.000784439 0.0195802)
(0.000868985 0.00135507 0.0185091)
(0.00033631 0.00225238 0.0174975)
(-0.000396025 0.000248616 0.0196142)
(0.000567757 0.000542877 0.0198912)
(0.00132613 0.000824736 0.0184416)
(0.00100507 0.00164097 0.0164356)
(-0.00048815 0.000274341 0.0200034)
(0.00057737 0.000438436 0.0202222)
(0.00158667 0.000219214 0.0189375)
(0.0015018 0.000437903 0.0160284)
(-0.000352476 0.000424199 0.0200597)
(0.000421576 0.000568512 0.0199297)
(0.00124398 0.000126064 0.0192638)
(0.00149257 -0.000370829 0.0174519)
(-7.37702e-05 -0.000113643 0.0195542)
(0.000219442 0.000107199 0.0196803)
(0.000485871 0.000449995 0.0194551)
(0.000441783 0.000930411 0.0193968)
(1.65615e-05 -0.000117209 0.0198671)
(0.000424151 3.8633e-05 0.0198435)
(0.000816583 0.000280681 0.0193309)
(0.000816543 0.000702985 0.0187718)
(8.40741e-05 -0.000116562 0.02015)
(0.000518167 -3.314e-05 0.020007)
(0.000992012 1.58975e-07 0.0194243)
(0.00110221 0.000142184 0.0184987)
(0.000132057 -4.82061e-05 0.0202892)
(0.000468559 -4.70893e-05 0.0200239)
(0.00085456 -0.000180645 0.019556)
(0.00106206 -0.000353103 0.0187579)
(5.01254e-05 -0.000268023 0.0195797)
(0.00013735 -0.000126576 0.0195874)
(0.000216328 7.01943e-05 0.0195208)
(0.000228537 0.000335398 0.019485)
(0.000130841 -0.000261278 0.0197925)
(0.00027334 -0.000149978 0.0197092)
(0.000409962 7.43544e-06 0.019505)
(0.000433611 0.000235371 0.0192644)
(0.000184775 -0.000243592 0.0199727)
(0.000350153 -0.00018011 0.0198122)
(0.000523431 -0.00011681 0.0195299)
(0.000580445 -1.60988e-05 0.0191446)
(0.000199382 -0.00019128 0.0201004)
(0.000337604 -0.000191015 0.019883)
(0.000483428 -0.000232715 0.019606)
(0.000561601 -0.000291225 0.0192407)
(9.49107e-05 -0.000255843 0.0195515)
(9.84967e-05 -0.000170337 0.0195388)
(0.000105096 -6.25279e-05 0.0195077)
(0.00010816 6.87717e-05 0.0194817)
(0.000148425 -0.000259753 0.0196933)
(0.000180645 -0.00018731 0.0196286)
(0.000209503 -9.603e-05 0.0195287)
(0.000211061 1.63911e-05 0.0194132)
(0.00018474 -0.000252384 0.0198101)
(0.000231129 -0.000208854 0.0197011)
(0.000273699 -0.00016386 0.0195539)
(0.000280984 -0.000109404 0.0193746)
(0.000191441 -0.000225549 0.0199002)
(0.000231097 -0.000223289 0.0197634)
(0.000265058 -0.000238376 0.0196075)
(0.000274746 -0.0002642 0.0194295)
(9.86993e-05 -0.000202836 0.0195976)
(7.72461e-05 -0.000155138 0.0195757)
(5.96808e-05 -9.87812e-05 0.0195469)
(5.00472e-05 -3.65784e-05 0.0195111)
(0.000130717 -0.000213064 0.0197007)
(0.000123053 -0.000171555 0.019652)
(0.000114607 -0.000123527 0.0195909)
(0.000101619 -7.11567e-05 0.0195201)
(0.000152568 -0.000214806 0.0197843)
(0.000152707 -0.000190398 0.0197128)
(0.000149177 -0.000165843 0.0196286)
(0.000135382 -0.000141148 0.0195327)
(0.000156607 -0.000205447 0.0198513)
(0.000155455 -0.000205291 0.019767)
(0.000148776 -0.000212782 0.0196774)
(0.000134594 -0.00022732 0.0195816)
(8.58456e-05 -0.000150292 0.0196571)
(6.1451e-05 -0.000125274 0.0196317)
(4.01817e-05 -9.71642e-05 0.0195988)
(2.53793e-05 -6.81858e-05 0.0195536)
(0.000103498 -0.000162157 0.0197367)
(8.62202e-05 -0.000140992 0.0196989)
(6.88247e-05 -0.000117394 0.0196534)
(5.16232e-05 -9.36127e-05 0.0195975)
(0.000115442 -0.000168032 0.0198003)
(0.000102354 -0.000156312 0.0197523)
(8.70392e-05 -0.000144718 0.0196976)
(6.88306e-05 -0.000134481 0.0196339)
(0.000117236 -0.000166469 0.0198516)
(0.000104441 -0.000168048 0.0197985)
(8.82532e-05 -0.000172825 0.0197422)
(7.02798e-05 -0.000181386 0.0196802)
(6.8598e-05 -0.00010924 0.0197067)
(4.87705e-05 -9.62727e-05 0.0196813)
(3.04812e-05 -8.22278e-05 0.0196462)
(1.58424e-05 -6.84625e-05 0.0195957)
(7.7928e-05 -0.000120155 0.0197721)
(6.18062e-05 -0.000109775 0.019742)
(4.54556e-05 -9.84173e-05 0.0197036)
(2.95751e-05 -8.74354e-05 0.0196531)
(8.38912e-05 -0.000126534 0.0198231)
(7.01815e-05 -0.000121457 0.0197891)
(5.50832e-05 -0.000116324 0.0197485)
(3.90074e-05 -0.000112059 0.0196976)
(8.418e-05 -0.000127634 0.019863)
(7.12484e-05 -0.000129678 0.0198276)
(5.63558e-05 -0.000132788 0.0197875)
(4.12185e-05 -0.000137485 0.0197391)
(5.22806e-05 -7.88551e-05 0.0197447)
(3.79394e-05 -7.20139e-05 0.0197208)
(2.40448e-05 -6.47538e-05 0.019685)
(1.18163e-05 -5.78382e-05 0.0196322)
(5.71007e-05 -8.79566e-05 0.019801)
(4.48202e-05 -8.28652e-05 0.0197761)
(3.20918e-05 -7.72433e-05 0.0197416)
(1.9359e-05 -7.18179e-05 0.0196934)
(5.99e-05 -9.35652e-05 0.0198433)
(4.91389e-05 -9.14949e-05 0.0198177)
(3.73755e-05 -8.91706e-05 0.0197841)
(2.4988e-05 -8.71443e-05 0.0197387)
(5.95131e-05 -9.52894e-05 0.019875)
(4.96108e-05 -9.70511e-05 0.0198496)
(3.84813e-05 -9.89115e-05 0.0198174)
(2.72935e-05 -0.000101216 0.0197745)
(3.87657e-05 -5.68456e-05 0.0197722)
(2.88802e-05 -5.30676e-05 0.0197503)
(1.88732e-05 -4.90742e-05 0.0197149)
(9.43275e-06 -4.52632e-05 0.0196613)
(4.12641e-05 -6.40485e-05 0.0198224)
(3.26253e-05 -6.14424e-05 0.0198013)
(2.34269e-05 -5.84526e-05 0.0197692)
(1.38645e-05 -5.54583e-05 0.0197223)
(4.25417e-05 -6.8593e-05 0.0198587)
(3.49367e-05 -6.77428e-05 0.0198383)
(2.65337e-05 -6.65507e-05 0.0198085)
(1.75229e-05 -6.53344e-05 0.0197656)
(4.20082e-05 -7.02577e-05 0.0198844)
(3.5183e-05 -7.15135e-05 0.0198647)
(2.75003e-05 -7.25015e-05 0.0198367)
(1.96447e-05 -7.34458e-05 0.0197964)
(2.83181e-05 -4.10221e-05 0.0197918)
(2.16165e-05 -3.88028e-05 0.0197716)
(1.45686e-05 -3.64346e-05 0.019737)
(7.56233e-06 -3.41197e-05 0.0196833)
(2.96535e-05 -4.65539e-05 0.0198378)
(2.37642e-05 -4.51118e-05 0.0198194)
(1.73143e-05 -4.33591e-05 0.019789)
(1.03505e-05 -4.14993e-05 0.0197429)
(3.02497e-05 -5.00958e-05 0.0198697)
(2.50982e-05 -4.9698e-05 0.0198526)
(1.92941e-05 -4.89581e-05 0.0198252)
(1.28912e-05 -4.80664e-05 0.0197837)
(2.97998e-05 -5.15114e-05 0.019891)
(2.52968e-05 -5.23064e-05 0.0198747)
(2.01464e-05 -5.27451e-05 0.0198491)
(1.4722e-05 -5.29816e-05 0.0198103)
(2.05332e-05 -2.96538e-05 0.0198057)
(1.59957e-05 -2.82627e-05 0.019787)
(1.10667e-05 -2.67519e-05 0.0197531)
(5.96784e-06 -2.52235e-05 0.0196997)
(2.12876e-05 -3.38264e-05 0.0198487)
(1.7308e-05 -3.29486e-05 0.0198322)
(1.28288e-05 -3.18171e-05 0.019803)
(7.82563e-06 -3.05483e-05 0.0197576)
(2.15935e-05 -3.65298e-05 0.0198775)
(1.81526e-05 -3.62885e-05 0.0198625)
(1.41822e-05 -3.57479e-05 0.0198366)
(9.66486e-06 -3.50309e-05 0.019796)
(2.12838e-05 -3.76729e-05 0.0198954)
(1.83561e-05 -3.81307e-05 0.0198814)
(1.49229e-05 -3.82557e-05 0.0198573)
(1.11799e-05 -3.81607e-05 0.0198193)
(1.4839e-05 -2.14694e-05 0.0198156)
(1.17499e-05 -2.05459e-05 0.019798)
(8.30313e-06 -1.95235e-05 0.0197648)
(4.6275e-06 -1.84535e-05 0.0197116)
(1.52964e-05 -2.45817e-05 0.0198565)
(1.26028e-05 -2.39978e-05 0.0198412)
(9.4938e-06 -2.3211e-05 0.0198129)
(5.91738e-06 -2.22935e-05 0.019768)
(1.54807e-05 -2.66194e-05 0.0198829)
(1.31836e-05 -2.64331e-05 0.0198693)
(1.04649e-05 -2.60036e-05 0.0198445)
(7.27775e-06 -2.54156e-05 0.0198046)
(1.52953e-05 -2.75184e-05 0.0198985)
(1.33922e-05 -2.77564e-05 0.0198859)
(1.10921e-05 -2.77201e-05 0.0198628)
(8.49449e-06 -2.74954e-05 0.0198255)
(1.0709e-05 -1.55603e-05 0.0198226)
(8.59021e-06 -1.49197e-05 0.0198058)
(6.17355e-06 -1.41987e-05 0.0197732)
(3.53538e-06 -1.34228e-05 0.0197203)
(1.10068e-05 -1.78651e-05 0.0198619)
(9.17304e-06 -1.74502e-05 0.0198476)
(7.00818e-06 -1.68771e-05 0.01982)
(4.4547e-06 -1.61937e-05 0.0197755)
(1.11374e-05 -1.93883e-05 0.0198867)
(9.59582e-06 -1.92279e-05 0.0198741)
(7.72452e-06 -1.88782e-05 0.01985)
(5.46978e-06 -1.84004e-05 0.0198106)
(1.10413e-05 -2.00836e-05 0.0199005)
(9.79625e-06 -2.01895e-05 0.0198889)
(8.24134e-06 -2.00824e-05 0.0198666)
(6.4255e-06 -1.98289e-05 0.0198297)
(7.72243e-06 -1.12815e-05 0.0198276)
(6.2585e-06 -1.08238e-05 0.0198114)
(4.55866e-06 -1.03023e-05 0.0197792)
(2.66879e-06 -9.72955e-06 0.0197266)
(7.928e-06 -1.29794e-05 0.0198658)
(6.67108e-06 -1.26728e-05 0.0198522)
(5.15739e-06 -1.22453e-05 0.0198251)
(3.33381e-06 -1.17305e-05 0.0197809)
(8.03048e-06 -1.41112e-05 0.0198893)
(6.98842e-06 -1.3971e-05 0.0198775)
(5.69253e-06 -1.36872e-05 0.0198539)
(4.09245e-06 -1.33058e-05 0.0198149)
(7.9908e-06 -1.46423e-05 0.0199019)
(7.16929e-06 -1.46744e-05 0.019891)
(6.10815e-06 -1.45463e-05 0.0198692)
(4.83043e-06 -1.43099e-05 0.0198327)
(5.56259e-06 -8.17368e-06 0.0198311)
(4.54501e-06 -7.84105e-06 0.0198155)
(3.34623e-06 -7.45885e-06 0.0197836)
(1.9941e-06 -7.03336e-06 0.0197312)
(5.7102e-06 -9.41895e-06 0.0198686)
(4.84326e-06 -9.18818e-06 0.0198554)
(3.7811e-06 -8.86643e-06 0.0198287)
(2.47846e-06 -8.47821e-06 0.0197848)
(5.79372e-06 -1.02553e-05 0.0198912)
(5.08425e-06 -1.01353e-05 0.0198799)
(4.18205e-06 -9.90849e-06 0.0198567)
(3.044e-06 -9.60943e-06 0.019818)
(5.7863e-06 -1.06567e-05 0.0199029)
(5.23941e-06 -1.06511e-05 0.0198924)
(4.5093e-06 -1.05273e-05 0.019871)
(3.60599e-06 -1.03255e-05 0.0198348)
(3.99725e-06 -5.90819e-06 0.0198337)
(3.28721e-06 -5.66469e-06 0.0198183)
(2.44094e-06 -5.38354e-06 0.0197867)
(1.47542e-06 -5.06775e-06 0.0197344)
(4.10548e-06 -6.81683e-06 0.0198705)
(3.50486e-06 -6.64247e-06 0.0198578)
(2.75814e-06 -6.40061e-06 0.0198313)
(1.82857e-06 -6.10937e-06 0.0197876)
(4.17359e-06 -7.43114e-06 0.0198926)
(3.68775e-06 -7.33155e-06 0.0198816)
(3.05755e-06 -7.15361e-06 0.0198587)
(2.24781e-06 -6.92324e-06 0.0198201)
(4.18254e-06 -7.73173e-06 0.0199035)
(3.81553e-06 -7.70943e-06 0.0198934)
(3.31036e-06 -7.60116e-06 0.0198723)
(2.67042e-06 -7.43763e-06 0.0198364)
(2.85854e-06 -4.24918e-06 0.0198355)
(2.36285e-06 -4.0711e-06 0.0198204)
(1.76654e-06 -3.86499e-06 0.0197889)
(1.08e-06 -3.63219e-06 0.0197368)
(2.93836e-06 -4.90745e-06 0.019872)
(2.52171e-06 -4.77649e-06 0.0198594)
(1.99732e-06 -4.59612e-06 0.0198331)
(1.33641e-06 -4.37975e-06 0.0197896)
(2.99293e-06 -5.35501e-06 0.0198935)
(2.65932e-06 -5.275e-06 0.0198828)
(2.21906e-06 -5.13816e-06 0.0198601)
(1.6445e-06 -4.96388e-06 0.0198217)
(3.0086e-06 -5.57765e-06 0.019904)
(2.76095e-06 -5.55035e-06 0.0198942)
(2.41076e-06 -5.46129e-06 0.0198733)
(1.9581e-06 -5.33354e-06 0.0198375)
(2.02695e-06 -3.02815e-06 0.0198368)
(1.68241e-06 -2.89896e-06 0.0198219)
(1.26484e-06 -2.74931e-06 0.0197905)
(7.80706e-07 -2.57978e-06 0.0197385)
(2.08551e-06 -3.49985e-06 0.019873)
(1.79748e-06 -3.40273e-06 0.0198606)
(1.43126e-06 -3.27002e-06 0.0198345)
(9.65156e-07 -3.11157e-06 0.019791)
(2.12811e-06 -3.82205e-06 0.0198942)
(1.89951e-06 -3.75979e-06 0.0198836)
(1.59332e-06 -3.65684e-06 0.0198611)
(1.18863e-06 -3.52755e-06 0.0198228)
(2.14505e-06 -3.98457e-06 0.0199043)
(1.97783e-06 -3.95835e-06 0.0198947)
(1.7358e-06 -3.88834e-06 0.0198739)
(1.41762e-06 -3.79154e-06 0.0198382)
(1.42067e-06 -2.12844e-06 0.0198377)
(1.18357e-06 -2.03595e-06 0.0198229)
(8.94494e-07 -1.92887e-06 0.0197916)
(5.57744e-07 -1.80754e-06 0.0197396)
(1.46319e-06 -2.46121e-06 0.0198736)
(1.26583e-06 -2.39039e-06 0.0198614)
(1.01279e-06 -2.29446e-06 0.0198354)
(6.88554e-07 -2.18057e-06 0.019792)
(1.49562e-06 -2.68943e-06 0.0198946)
(1.34012e-06 -2.64236e-06 0.0198842)
(1.12916e-06 -2.56669e-06 0.0198618)
(8.47763e-07 -2.47282e-06 0.0198236)
(1.51112e-06 -2.80589e-06 0.0199045)
(1.39875e-06 -2.78339e-06 0.019895)
(1.23276e-06 -2.73034e-06 0.0198744)
(1.01156e-06 -2.65898e-06 0.0198388)
(9.88938e-07 -1.47818e-06 0.0198383)
(8.2717e-07 -1.41241e-06 0.0198236)
(6.28932e-07 -1.33629e-06 0.0197924)
(3.97842e-07 -1.25014e-06 0.0197405)
(1.01994e-06 -1.70972e-06 0.0198741)
(8.85719e-07 -1.65845e-06 0.019862)
(7.12413e-07 -1.58974e-06 0.019836)
(4.90262e-07 -1.50871e-06 0.0197927)
(1.04452e-06 -1.86914e-06 0.019895)
(9.39326e-07 -1.83399e-06 0.0198846)
(7.95038e-07 -1.77903e-06 0.0198623)
(6.01995e-07 -1.71165e-06 0.0198242)
(1.05789e-06 -1.95134e-06 0.0199047)
(9.82567e-07 -1.93292e-06 0.0198952)
(8.69259e-07 -1.89347e-06 0.0198747)
(7.16839e-07 -1.84158e-06 0.0198392)
(7.08981e-07 -1.05472e-06 0.0198388)
(5.96768e-07 -1.00691e-06 0.0198241)
(4.59094e-07 -9.52184e-07 0.0197929)
(3.00147e-07 -8.91588e-07 0.019741)
(7.32752e-07 -1.21995e-06 0.0198745)
(6.39483e-07 -1.18169e-06 0.0198624)
(5.18531e-07 -1.13152e-06 0.0198365)
(3.65711e-07 -1.07348e-06 0.0197931)
(7.5232e-07 -1.33413e-06 0.0198952)
(6.79311e-07 -1.3069e-06 0.0198849)
(5.78198e-07 -1.26585e-06 0.0198626)
(4.44351e-07 -1.21627e-06 0.0198245)
(7.64245e-07 -1.39359e-06 0.0199048)
(7.12266e-07 -1.37802e-06 0.0198954)
(6.32605e-07 -1.34763e-06 0.0198749)
(5.25138e-07 -1.30841e-06 0.0198394)
(5.69861e-07 -8.83352e-07 0.0198392)
(4.7594e-07 -8.39922e-07 0.0198245)
(3.60543e-07 -7.86505e-07 0.0197934)
(2.32125e-07 -7.25062e-07 0.0197416)
(5.92806e-07 -1.02032e-06 0.0198748)
(5.1655e-07 -9.85135e-07 0.0198627)
(4.17475e-07 -9.38041e-07 0.0198369)
(2.98515e-07 -8.82003e-07 0.0197936)
(6.1186e-07 -1.11618e-06 0.0198954)
(5.5328e-07 -1.09047e-06 0.0198852)
(4.71756e-07 -1.05223e-06 0.0198629)
(3.68642e-07 -1.0051e-06 0.0198249)
(6.24513e-07 -1.1666e-06 0.0199049)
(5.83822e-07 -1.15065e-06 0.0198956)
(5.20243e-07 -1.12176e-06 0.0198751)
(4.35867e-07 -1.08436e-06 0.0198397)
(0.0200921 0.00432657 0.0191225)
(0.00736804 0.00375701 0.00425328)
(-0.000315937 -0.00110544 0.0159341)
(0.00195236 0.00249238 0.00162965)
(0.00326751 0.007262 0.0196397)
(-0.00135562 0.0087488 0.0120213)
(-0.003458 0.00830625 0.00512577)
(-0.00259249 0.00289192 0.00492838)
(0.000504573 0.00167537 0.018568)
(-0.00234097 0.00421947 0.0192347)
(-0.00338101 0.0010215 0.0154913)
(-0.0010977 0.000439823 0.00835065)
(0.00110916 -0.0007884 0.0116964)
(-0.00106998 0.000486568 0.0183138)
(0.0053389 -0.000137314 0.00476992)
(0.00576091 0.000839981 0.00386046)
(0.00512585 0.000136717 0.0285811)
(0.00287002 0.000339536 0.0301796)
(0.00250953 0.00167542 0.0270816)
(0.00210664 0.000626945 0.0373758)
(0.000576873 0.000258272 0.0249826)
(0.00223939 0.000759159 0.0278657)
(0.00253312 0.00205196 0.028407)
(0.00183732 -6.67147e-05 0.0359636)
(-0.00128642 0.00127308 0.0248025)
(0.00092305 0.00141535 0.0265455)
(0.00248604 0.00207992 0.0284044)
(0.00183368 0.00109037 0.03313)
(-0.000922057 0.00195115 0.0260012)
(0.000887815 0.00203635 0.0261322)
(0.00297738 0.00265893 0.0275238)
(0.00217627 0.00198771 0.0300221)
(-0.000452792 1.71281e-05 0.0169994)
(-0.000223697 0.000160143 0.0181478)
(-0.000220019 0.000274037 0.018738)
(8.70602e-05 0.000691745 0.0194324)
(-0.000972216 5.8079e-05 0.0180071)
(-0.000249167 0.000452698 0.0188005)
(-0.000203445 0.000706501 0.0188247)
(-0.000239356 0.00123192 0.0196637)
(-0.00109028 0.000219618 0.0187056)
(-0.000332733 0.000582456 0.0194502)
(1.21954e-05 0.00102345 0.0192972)
(-8.44061e-05 0.00173264 0.0193887)
(-0.000683784 0.000470098 0.0188691)
(-8.65271e-05 0.000852132 0.019408)
(0.000350329 0.00138567 0.0187732)
(0.000184552 0.00208861 0.0185789)
(-0.000621507 -0.000116445 0.0180822)
(-0.000437491 -7.76849e-05 0.0189377)
(-0.000212936 -3.24817e-05 0.0197704)
(0.000163584 0.000302984 0.0210035)
(-0.000611031 -0.000203752 0.0184756)
(-0.000373537 1.2106e-05 0.0191169)
(-0.000175094 0.000152758 0.0197544)
(6.2009e-05 0.000542532 0.0207918)
(-0.00050019 -0.000193165 0.01891)
(-0.000252305 8.27295e-05 0.0194167)
(-3.99838e-05 0.000375982 0.0198066)
(9.56812e-05 0.000810506 0.0204436)
(-0.000271276 -0.000138081 0.0192163)
(-3.23936e-05 0.000133185 0.0195319)
(0.000181188 0.000468637 0.0196166)
(0.000247848 0.0008909 0.0199728)
(-0.000267275 -9.19241e-05 0.0184496)
(-0.000328824 -0.000102889 0.0188707)
(-0.000258863 -0.000101788 0.0192999)
(5.73078e-06 0.000105388 0.0198082)
(-0.000235312 -0.000195523 0.0187477)
(-0.00026085 -0.000100691 0.0190832)
(-0.000205521 -1.32331e-05 0.019437)
(-2.50418e-05 0.000229326 0.0198464)
(-0.000164682 -0.000243272 0.0190512)
(-0.000153458 -9.35511e-05 0.0192872)
(-9.97076e-05 6.98589e-05 0.0195068)
(1.76644e-05 0.000326575 0.0197657)
(-5.54086e-05 -0.000263108 0.0193171)
(-1.19649e-05 -0.000105401 0.0194308)
(4.19079e-05 7.89047e-05 0.0195006)
(0.000109079 0.000325791 0.0196266)
(-7.66998e-05 -5.76148e-05 0.018728)
(-0.000184286 -7.45112e-05 0.018934)
(-0.000182859 -8.92448e-05 0.0191713)
(-4.61859e-05 3.06936e-07 0.0194127)
(-5.90789e-05 -0.000142237 0.0189595)
(-0.000140599 -0.000101522 0.0191243)
(-0.000144202 -6.13802e-05 0.019312)
(-4.76277e-05 4.92159e-05 0.0194938)
(-2.14157e-05 -0.000199199 0.0191783)
(-7.20388e-05 -0.000122248 0.0192875)
(-7.61436e-05 -3.78804e-05 0.019402)
(-1.4688e-05 8.39621e-05 0.0195131)
(3.52184e-05 -0.000237006 0.0193719)
(1.24376e-05 -0.00014964 0.0194156)
(8.8976e-06 -5.09238e-05 0.0194516)
(4.07445e-05 7.2568e-05 0.0194984)
(4.25328e-07 -3.54742e-05 0.0189546)
(-9.03937e-05 -4.72086e-05 0.0190444)
(-0.000111479 -6.35245e-05 0.0191553)
(-5.51842e-05 -3.46653e-05 0.0192519)
(1.09195e-05 -9.77848e-05 0.0191482)
(-6.30455e-05 -7.87971e-05 0.0192169)
(-8.4933e-05 -6.2678e-05 0.0192984)
(-4.66912e-05 -1.94595e-05 0.0193616)
(3.26802e-05 -0.000145598 0.0193198)
(-2.18044e-05 -0.000105661 0.019359)
(-4.29713e-05 -6.40688e-05 0.0194021)
(-2.1706e-05 -1.11616e-05 0.0194301)
(6.45438e-05 -0.000181313 0.0194677)
(2.79841e-05 -0.000134767 0.0194729)
(7.07232e-06 -8.3619e-05 0.0194762)
(1.33529e-05 -2.46501e-05 0.0194716)
(2.86287e-05 -2.16788e-05 0.019113)
(-3.67927e-05 -2.79749e-05 0.0191441)
(-6.2348e-05 -4.14987e-05 0.019184)
(-4.65839e-05 -3.91357e-05 0.019213)
(3.52941e-05 -6.58964e-05 0.0192872)
(-1.95493e-05 -5.61648e-05 0.0193062)
(-4.41775e-05 -5.1108e-05 0.0193277)
(-3.59938e-05 -3.84457e-05 0.0193343)
(4.841e-05 -0.00010227 0.0194335)
(5.22091e-06 -8.1211e-05 0.0194373)
(-1.82719e-05 -6.17492e-05 0.019438)
(-1.73836e-05 -4.08774e-05 0.0194243)
(6.67568e-05 -0.00013126 0.019555)
(3.42285e-05 -0.000106696 0.0195421)
(1.14383e-05 -8.12241e-05 0.019523)
(5.66781e-06 -5.33802e-05 0.0194904)
(3.53529e-05 -1.32998e-05 0.0192189)
(-9.29054e-06 -1.59978e-05 0.0192217)
(-3.25446e-05 -2.60555e-05 0.0192254)
(-3.44078e-05 -3.31036e-05 0.019222)
(3.96263e-05 -4.43801e-05 0.0193825)
(1.76241e-06 -3.88813e-05 0.0193777)
(-1.98875e-05 -3.82e-05 0.0193687)
(-2.45028e-05 -3.7677e-05 0.0193479)
(4.75555e-05 -7.11996e-05 0.0195149)
(1.67756e-05 -5.98658e-05 0.019502)
(-3.35849e-06 -5.08373e-05 0.0194816)
(-1.05736e-05 -4.36553e-05 0.0194471)
(5.81004e-05 -9.35355e-05 0.019621)
(3.37282e-05 -8.05832e-05 0.0196004)
(1.46175e-05 -6.775e-05 0.0195701)
(5.15137e-06 -5.42204e-05 0.0195238)
(3.29101e-05 -8.31082e-06 0.0192898)
(2.95111e-06 -9.06368e-06 0.0192798)
(-1.59292e-05 -1.61814e-05 0.0192659)
(-2.35657e-05 -2.49753e-05 0.0192479)
(3.56508e-05 -3.01698e-05 0.0194473)
(1.01889e-05 -2.67528e-05 0.0194319)
(-6.97667e-06 -2.75272e-05 0.0194082)
(-1.52947e-05 -3.08317e-05 0.019375)
(4.04565e-05 -4.96744e-05 0.0195717)
(1.94626e-05 -4.33084e-05 0.0195521)
(3.8445e-06 -3.90788e-05 0.0195214)
(-5.04107e-06 -3.72832e-05 0.0194776)
(4.65421e-05 -6.64481e-05 0.0196688)
(2.95402e-05 -5.94241e-05 0.0196459)
(1.50563e-05 -5.27059e-05 0.0196105)
(5.85014e-06 -4.57129e-05 0.019558)
(2.73238e-05 -5.33164e-06 0.0193375)
(7.16223e-06 -5.20427e-06 0.0193222)
(-7.38164e-06 -1.01668e-05 0.0192999)
(-1.58386e-05 -1.8035e-05 0.0192749)
(2.9089e-05 -2.0775e-05 0.0194913)
(1.2012e-05 -1.84979e-05 0.0194718)
(-9.75537e-07 -1.95598e-05 0.0194412)
(-9.30484e-06 -2.34092e-05 0.019402)
(3.20332e-05 -3.48894e-05 0.0196111)
(1.78998e-05 -3.11149e-05 0.0195892)
(6.31529e-06 -2.90475e-05 0.019554)
(-1.76131e-06 -2.90696e-05 0.0195056)
(3.55968e-05 -4.73161e-05 0.0197026)
(2.40617e-05 -4.33174e-05 0.0196797)
(1.35605e-05 -3.95702e-05 0.0196424)
(5.92926e-06 -3.55661e-05 0.0195871)
(2.14034e-05 -3.51773e-06 0.01937)
(7.69505e-06 -3.07282e-06 0.0193528)
(-3.17015e-06 -6.51662e-06 0.0193268)
(-1.06119e-05 -1.28031e-05 0.0192983)
(2.25501e-05 -1.44921e-05 0.0195216)
(1.10094e-05 -1.29075e-05 0.0195007)
(1.44142e-06 -1.38548e-05 0.0194671)
(-5.60766e-06 -1.72055e-05 0.019425)
(2.43849e-05 -2.4697e-05 0.0196384)
(1.48527e-05 -2.23345e-05 0.0196161)
(6.45866e-06 -2.1247e-05 0.0195791)
(-8.1974e-08 -2.17639e-05 0.0195286)
(2.65223e-05 -3.3835e-05 0.0197263)
(1.87443e-05 -3.14244e-05 0.0197043)
(1.12824e-05 -2.91732e-05 0.0196665)
(5.40053e-06 -2.6652e-05 0.01961)
(1.62333e-05 -2.38044e-06 0.0193924)
(6.79764e-06 -1.87914e-06 0.0193748)
(-1.18396e-06 -4.27332e-06 0.0193472)
(-7.15054e-06 -9.03952e-06 0.0193168)
(1.69872e-05 -1.0222e-05 0.0195425)
(9.09898e-06 -9.09108e-06 0.0195215)
(2.14681e-06 -9.82854e-06 0.0194867)
(-3.39061e-06 -1.24544e-05 0.019443)
(1.8155e-05 -1.76048e-05 0.0196575)
(1.16711e-05 -1.60539e-05 0.0196356)
(5.6537e-06 -1.54246e-05 0.0195979)
(6.431e-07 -1.59698e-05 0.0195464)
(1.9476e-05 -2.42967e-05 0.019743)
(1.42083e-05 -2.27596e-05 0.0197219)
(8.94404e-06 -2.13085e-05 0.0196843)
(4.57445e-06 -1.95952e-05 0.0196274)
(1.20832e-05 -1.64406e-06 0.0194081)
(5.51621e-06 -1.19066e-06 0.0193907)
(-2.91595e-07 -2.8614e-06 0.0193623)
(-4.8594e-06 -6.38024e-06 0.019331)
(1.25856e-05 -7.27168e-06 0.0195572)
(7.13332e-06 -6.45255e-06 0.0195365)
(2.11793e-06 -6.99179e-06 0.0195012)
(-2.06815e-06 -8.95293e-06 0.0194567)
(1.33455e-05 -1.26179e-05 0.0196709)
(8.89028e-06 -1.15603e-05 0.0196496)
(4.59599e-06 -1.11585e-05 0.0196117)
(8.68968e-07 -1.15992e-05 0.0195597)
(1.41882e-05 -1.75065e-05 0.0197548)
(1.05909e-05 -1.64784e-05 0.0197346)
(6.88166e-06 -1.54891e-05 0.0196972)
(3.69823e-06 -1.42648e-05 0.0196403)
(8.89237e-06 -1.15284e-06 0.0194192)
(4.2815e-06 -7.78594e-07 0.0194021)
(7.86328e-08 -1.94911e-06 0.0193735)
(-3.33118e-06 -4.51056e-06 0.0193416)
(9.23163e-06 -5.20423e-06 0.0195676)
(5.42752e-06 -4.60579e-06 0.0195473)
(1.82282e-06 -4.98711e-06 0.0195118)
(-1.27511e-06 -6.41643e-06 0.0194669)
(9.7364e-06 -9.07824e-06 0.0196804)
(6.64671e-06 -8.33675e-06 0.0196596)
(3.58682e-06 -8.05868e-06 0.0196218)
(8.59698e-07 -8.38021e-06 0.0195696)
(1.02902e-05 -1.26437e-05 0.0197632)
(7.81208e-06 -1.19307e-05 0.0197437)
(5.19525e-06 -1.12295e-05 0.0197067)
(2.90028e-06 -1.03297e-05 0.0196498)
(6.49619e-06 -8.16934e-07 0.0194271)
(3.23799e-06 -5.22375e-07 0.0194103)
(2.069e-07 -1.34529e-06 0.0193816)
(-2.30136e-06 -3.19542e-06 0.0193494)
(6.72786e-06 -3.73889e-06 0.0195749)
(4.05477e-06 -3.2998e-06 0.019555)
(1.46931e-06 -3.5644e-06 0.0195196)
(-7.94994e-07 -4.59278e-06 0.0194744)
(7.06915e-06 -6.5465e-06 0.0196872)
(4.91042e-06 -6.01678e-06 0.0196668)
(2.73084e-06 -5.81398e-06 0.0196292)
(7.54294e-07 -6.0369e-06 0.0195768)
(7.44233e-06 -9.1432e-06 0.0197692)
(5.72205e-06 -8.63623e-06 0.0197502)
(3.87247e-06 -8.12733e-06 0.0197135)
(2.22761e-06 -7.45737e-06 0.0196567)
(4.71983e-06 -5.8267e-07 0.0194327)
(2.40819e-06 -3.57347e-07 0.0194162)
(2.27908e-07 -9.37384e-07 0.0193875)
(-1.59994e-06 -2.26746e-06 0.0193551)
(4.87942e-06 -2.69089e-06 0.0195802)
(2.99211e-06 -2.36842e-06 0.0195606)
(1.14065e-06 -2.55008e-06 0.0195252)
(-5.01235e-07 -3.28474e-06 0.0194799)
(5.11333e-06 -4.724e-06 0.019692)
(3.59701e-06 -4.34142e-06 0.019672)
(2.04487e-06 -4.18948e-06 0.0196345)
(6.21015e-07 -4.33974e-06 0.0195821)
(5.36969e-06 -6.61155e-06 0.0197734)
(4.16844e-06 -6.24568e-06 0.0197549)
(2.85921e-06 -5.87202e-06 0.0197184)
(1.68456e-06 -5.37147e-06 0.0196617)
(3.41119e-06 -4.16726e-07 0.0194367)
(1.76882e-06 -2.47735e-07 0.0194204)
(2.05391e-07 -6.56996e-07 0.0193918)
(-1.11691e-06 -1.60942e-06 0.0193592)
(3.52173e-06 -1.93554e-06 0.0195839)
(2.18642e-06 -1.69929e-06 0.0195646)
(8.63596e-07 -1.82325e-06 0.0195292)
(-3.19451e-07 -2.34554e-06 0.0194838)
(3.6835e-06 -3.4043e-06 0.0196955)
(2.6155e-06 -3.12679e-06 0.0196757)
(1.51154e-06 -3.012e-06 0.0196383)
(4.90954e-07 -3.11166e-06 0.0195859)
(3.86184e-06 -4.77198e-06 0.0197765)
(3.02015e-06 -4.50622e-06 0.0197582)
(2.0933e-06 -4.23102e-06 0.0197219)
(1.25716e-06 -3.85816e-06 0.0196653)
(2.4488e-06 -2.9766e-07 0.0194395)
(1.28434e-06 -1.72967e-07 0.0194235)
(1.6894e-07 -4.61188e-07 0.0193949)
(-7.80203e-07 -1.13953e-06 0.0193622)
(2.52554e-06 -1.38715e-06 0.0195866)
(1.5821e-06 -1.21509e-06 0.0195675)
(6.41143e-07 -1.29927e-06 0.0195322)
(-2.05324e-07 -1.6686e-06 0.0194867)
(2.63785e-06 -2.44285e-06 0.0196979)
(1.88619e-06 -2.2419e-06 0.0196784)
(1.10379e-06 -2.15553e-06 0.0196411)
(3.76632e-07 -2.22095e-06 0.0195886)
(2.76264e-06 -3.42819e-06 0.0197787)
(2.17288e-06 -3.23528e-06 0.0197606)
(1.5184e-06 -3.03341e-06 0.0197244)
(9.25967e-07 -2.75794e-06 0.0196679)
(1.74068e-06 -2.11328e-07 0.0194416)
(9.20709e-07 -1.20734e-07 0.0194256)
(1.31988e-07 -3.22272e-07 0.019397)
(-5.42016e-07 -8.00906e-07 0.0193643)
(1.79393e-06 -9.86352e-07 0.0195885)
(1.13149e-06 -8.62262e-07 0.0195695)
(4.67676e-07 -9.18936e-07 0.0195342)
(-1.31992e-07 -1.17774e-06 0.0194887)
(1.8718e-06 -1.73818e-06 0.0196997)
(1.34573e-06 -1.59376e-06 0.0196803)
(7.95374e-07 -1.52953e-06 0.019643)
(2.81865e-07 -1.57205e-06 0.0195906)
(1.95903e-06 -2.44112e-06 0.0197802)
(1.54779e-06 -2.30211e-06 0.0197623)
(1.08872e-06 -2.15552e-06 0.0197262)
(6.72107e-07 -1.95481e-06 0.0196697)
(1.22128e-06 -1.48453e-07 0.019443)
(6.51239e-07 -8.34437e-08 0.0194272)
(1.01323e-07 -2.22111e-07 0.0193986)
(-3.70185e-07 -5.54638e-07 0.0193658)
(1.25831e-06 -6.92898e-07 0.0195899)
(7.98777e-07 -6.04449e-07 0.0195709)
(3.36695e-07 -6.41811e-07 0.0195357)
(-8.22869e-08 -8.20494e-07 0.0194902)
(1.31211e-06 -1.22083e-06 0.0197009)
(9.48065e-07 -1.11822e-06 0.0196816)
(5.65757e-07 -1.07114e-06 0.0196444)
(2.07524e-07 -1.09848e-06 0.0195919)
(1.37279e-06 -1.71495e-06 0.0197813)
(1.08901e-06 -1.61594e-06 0.0197635)
(7.70768e-07 -1.51107e-06 0.0197275)
(4.80696e-07 -1.368e-06 0.019671)
(8.48361e-07 -1.0353e-07 0.019444)
(4.57154e-07 -5.68208e-08 0.0194282)
(7.87767e-08 -1.49909e-07 0.0193997)
(-2.45755e-07 -3.75846e-07 0.0193669)
(8.74842e-07 -4.82126e-07 0.0195908)
(5.59697e-07 -4.19229e-07 0.0195719)
(2.41665e-07 -4.42626e-07 0.0195367)
(-4.75298e-08 -5.62886e-07 0.0194912)
(9.12368e-07 -8.48024e-07 0.0197018)
(6.62978e-07 -7.75518e-07 0.0196826)
(3.99964e-07 -7.41055e-07 0.0196454)
(1.52046e-07 -7.57863e-07 0.0195929)
(9.54835e-07 -1.19062e-06 0.0197821)
(7.60716e-07 -1.12045e-06 0.0197644)
(5.41969e-07 -1.04615e-06 0.0197284)
(3.40394e-07 -9.46516e-07 0.0196719)
(6.03368e-07 -7.62092e-08 0.0194447)
(3.33099e-07 -4.0996e-08 0.0194289)
(7.12102e-08 -1.02128e-07 0.0194004)
(-1.56109e-07 -2.56757e-07 0.0193676)
(6.2399e-07 -3.47765e-07 0.0195914)
(4.06066e-07 -3.0179e-07 0.0195726)
(1.85884e-07 -3.15592e-07 0.0195374)
(-1.79902e-08 -3.98141e-07 0.0194918)
(6.51746e-07 -6.06171e-07 0.0197023)
(4.78945e-07 -5.53335e-07 0.0196832)
(2.96211e-07 -5.27259e-07 0.019646)
(1.18885e-07 -5.40016e-07 0.0195935)
(6.83184e-07 -8.48935e-07 0.0197826)
(5.48579e-07 -7.97448e-07 0.0197649)
(3.96396e-07 -7.43929e-07 0.019729)
(2.49501e-07 -6.78397e-07 0.0196726)
(4.69301e-07 -5.93291e-08 0.0194453)
(2.46464e-07 -3.35739e-08 0.0194296)
(3.47323e-08 -8.53361e-08 0.0194011)
(-1.33258e-07 -2.02043e-07 0.0193683)
(4.90151e-07 -2.83563e-07 0.019592)
(3.05015e-07 -2.47737e-07 0.0195732)
(1.21566e-07 -2.61303e-07 0.0195381)
(-3.42117e-08 -3.21561e-07 0.0194925)
(5.15994e-07 -5.09754e-07 0.0197029)
(3.67535e-07 -4.66759e-07 0.0196838)
(2.12839e-07 -4.44565e-07 0.0196466)
(7.1574e-08 -4.47322e-07 0.0195942)
(5.44269e-07 -7.13192e-07 0.0197831)
(4.28123e-07 -6.67977e-07 0.0197655)
(2.98003e-07 -6.19626e-07 0.0197296)
(1.72908e-07 -5.63695e-07 0.0196732)
(0.00303714 0.000129196 0.00420742)
(0.000622313 0.00413758 0.00933205)
(-0.00168634 -0.00127087 0.00709388)
(-2.20689e-05 -0.00271182 0.00245512)
(0.00507245 0.00236326 0.00908625)
(0.00544657 -0.00868472 0.00233784)
(-0.00990193 0.00417749 0.0215731)
(0.0045546 0.00155228 0.0239829)
(-0.00489361 -0.00446847 0.0108104)
(-0.00346123 -0.00320772 0.00367032)
(0.000940128 0.00157159 0.00329614)
(0.000427996 0.00194232 0.00602347)
(-0.00238721 -0.0008742 0.00948068)
(0.00158661 0.00291665 0.00370051)
(0.0042436 0.00372318 0.00514031)
(0.00325663 0.0102716 0.0149442)
(-0.000218204 0.00139728 0.0281199)
(-0.000665064 0.000651666 0.0336703)
(-0.000567192 -0.00199641 0.0360554)
(-0.000926445 -0.00262226 0.0347008)
(-0.000357279 0.0018526 0.0180237)
(-0.00264665 0.00240103 0.0206894)
(-0.00344055 0.00296574 0.0351517)
(-0.000104079 0.00160066 0.0327284)
(-0.00022406 0.000231203 0.0177081)
(-0.000343752 0.00151703 0.0183622)
(3.39842e-05 0.00394633 0.0255647)
(0.000976382 0.00417551 0.0260884)
(0.000381895 8.79165e-05 0.0231056)
(0.000450502 0.00105171 0.0232297)
(-0.000122235 0.00317896 0.0206958)
(-8.47933e-05 0.00523196 0.0183876)
(-0.000118801 0.00234609 0.0180852)
(-0.000181807 0.00215418 0.0193245)
(1.58564e-05 0.00156081 0.0197571)
(0.00049479 0.00111453 0.0191289)
(0.000447164 0.00241627 0.0161675)
(-0.000237096 0.00308449 0.0173496)
(-0.000286497 0.00326662 0.0202179)
(0.000743318 0.00283604 0.020428)
(0.00114162 0.00101514 0.0152661)
(0.000713191 0.00203097 0.0148687)
(0.00044774 0.00313403 0.0157765)
(0.000792703 0.00349821 0.0158855)
(0.00142592 -0.000189268 0.0161763)
(0.00119457 0.000536972 0.0150409)
(0.00058678 0.00174318 0.0139697)
(0.00025771 0.00258372 0.0137601)
(0.000285077 0.00110193 0.0197645)
(0.000228791 0.00110293 0.0202851)
(0.000373162 0.000916936 0.0206087)
(0.000546351 0.000774165 0.0206629)
(0.000597128 0.00111822 0.0187353)
(0.000337677 0.00149093 0.0191424)
(0.00037383 0.00161834 0.0197489)
(0.000633875 0.00154077 0.0199342)
(0.000956114 0.000486713 0.0179888)
(0.000743484 0.00103548 0.0176926)
(0.000626596 0.00156176 0.0176757)
(0.000589797 0.00180464 0.0176381)
(0.00106596 -0.000268651 0.0180543)
(0.000966363 7.35462e-05 0.0173437)
(0.000691853 0.000568025 0.0167048)
(0.000304299 0.000883528 0.0163915)
(0.000194664 0.000457594 0.0195367)
(0.000164121 0.000516211 0.0196787)
(0.000214889 0.000494604 0.0197415)
(0.000301118 0.000448253 0.0196536)
(0.000385723 0.000452704 0.019172)
(0.000294382 0.000653596 0.0192479)
(0.000297685 0.000761565 0.0193333)
(0.000363639 0.000778583 0.0192553)
(0.000547223 0.000154922 0.0188606)
(0.000462012 0.000409196 0.0186701)
(0.00038851 0.000641814 0.0185186)
(0.000299309 0.000765498 0.0183158)
(0.000568793 -0.000276225 0.018888)
(0.000521657 -0.000169733 0.0185249)
(0.000385865 -2.13495e-05 0.0181382)
(0.000153378 6.36285e-05 0.0178037)
(9.75923e-05 0.000133164 0.0194635)
(7.52185e-05 0.000175011 0.0194792)
(8.77734e-05 0.000181779 0.0194546)
(0.000115322 0.000169752 0.0193582)
(0.000201031 0.000117717 0.0193328)
(0.000160546 0.000216653 0.0193088)
(0.000150763 0.000278061 0.019267)
(0.000153834 0.00029841 0.0191485)
(0.000270645 -3.61043e-05 0.0192159)
(0.000229065 7.1778e-05 0.0190822)
(0.000182041 0.000167149 0.0189398)
(0.000113436 0.000219347 0.0187549)
(0.00026972 -0.000275224 0.0192483)
(0.000241051 -0.000256108 0.0190515)
(0.000174357 -0.000224966 0.0188241)
(5.71635e-05 -0.000212747 0.0185853)
(3.94414e-05 -5.87497e-06 0.0194624)
(1.99788e-05 2.10702e-05 0.0194216)
(1.68368e-05 3.18101e-05 0.0193518)
(2.03361e-05 3.13652e-05 0.0192373)
(9.37656e-05 -2.62929e-05 0.0194471)
(6.70977e-05 2.14589e-05 0.0193838)
(5.35776e-05 5.33037e-05 0.0192973)
(4.1557e-05 6.65179e-05 0.019163)
(0.000124636 -0.00011241 0.0194309)
(9.75529e-05 -6.78326e-05 0.0193243)
(6.8337e-05 -2.95207e-05 0.0191962)
(2.53026e-05 -9.0382e-06 0.0190311)
(0.000122422 -0.000240925 0.0194759)
(0.000102508 -0.000244113 0.0193504)
(7.02808e-05 -0.000243369 0.019195)
(1.4208e-05 -0.000248278 0.0190094)
(1.4035e-05 -5.39469e-05 0.019492)
(-2.40383e-06 -3.64213e-05 0.0194269)
(-1.06994e-05 -2.65347e-05 0.0193374)
(-1.63656e-05 -2.29407e-05 0.019215)
(4.28552e-05 -7.37192e-05 0.0195277)
(2.21815e-05 -4.99053e-05 0.01945)
(8.51732e-06 -3.31145e-05 0.0193482)
(-5.75699e-06 -2.52925e-05 0.0192095)
(5.77248e-05 -0.000123445 0.0195559)
(3.76052e-05 -0.000104525 0.019462)
(1.81066e-05 -8.87135e-05 0.0193429)
(-8.4767e-06 -8.11423e-05 0.0191882)
(5.74601e-05 -0.000190794 0.0196045)
(4.26941e-05 -0.000196111 0.0195074)
(2.54574e-05 -0.000200096 0.0193803)
(-1.80498e-06 -0.000206606 0.0192173)
(5.46378e-06 -6.15174e-05 0.0195288)
(-7.84854e-06 -4.95629e-05 0.0194536)
(-1.68675e-05 -4.12514e-05 0.0193555)
(-2.50382e-05 -3.66007e-05 0.01923)
(2.13349e-05 -7.80508e-05 0.0195848)
(5.00261e-06 -6.51829e-05 0.0195017)
(-7.16273e-06 -5.5511e-05 0.0193944)
(-2.00846e-05 -5.05741e-05 0.0192549)
(2.93674e-05 -0.000107406 0.019629)
(1.40072e-05 -9.8545e-05 0.0195407)
(5.07415e-08 -9.1323e-05 0.0194257)
(-1.72471e-05 -8.85211e-05 0.0192763)
(3.04943e-05 -0.000142582 0.0196744)
(1.93034e-05 -0.000145789 0.0195875)
(8.58713e-06 -0.000148678 0.0194708)
(-5.91429e-06 -0.000153471 0.0193174)
(3.27675e-06 -5.40495e-05 0.0195633)
(-7.14717e-06 -4.55807e-05 0.0194841)
(-1.51395e-05 -3.88815e-05 0.0193826)
(-2.30539e-05 -3.44374e-05 0.0192561)
(1.2519e-05 -6.68639e-05 0.019626)
(-1.67055e-07 -5.91962e-05 0.0195411)
(-1.0206e-05 -5.30403e-05 0.0194318)
(-2.08853e-05 -4.96402e-05 0.0192924)
(1.74022e-05 -8.4701e-05 0.019674)
(5.71781e-06 -7.98697e-05 0.019588)
(-4.62767e-06 -7.59939e-05 0.0194748)
(-1.65836e-05 -7.48397e-05 0.019328)
(1.91161e-05 -0.000103471 0.0197139)
(1.06076e-05 -0.000104727 0.0196305)
(3.10014e-06 -0.00010609 0.0195173)
(-5.71699e-06 -0.000109153 0.0193677)
(2.84344e-06 -4.29177e-05 0.0195916)
(-5.1156e-06 -3.67814e-05 0.0195111)
(-1.15883e-05 -3.15428e-05 0.0194084)
(-1.82812e-05 -2.77895e-05 0.019282)
(8.57836e-06 -5.24819e-05 0.0196555)
(-1.08622e-06 -4.75035e-05 0.0195703)
(-8.99472e-06 -4.32842e-05 0.0194604)
(-1.74237e-05 -4.08194e-05 0.0193214)
(1.18497e-05 -6.37048e-05 0.0197028)
(3.0417e-06 -6.06514e-05 0.019618)
(-4.72113e-06 -5.82156e-05 0.0195057)
(-1.33344e-05 -5.76262e-05 0.01936)
(1.36511e-05 -7.41535e-05 0.0197373)
(7.20053e-06 -7.42912e-05 0.0196551)
(1.58997e-06 -7.46995e-05 0.019543)
(-4.43802e-06 -7.65919e-05 0.0193948)
(2.657e-06 -3.25184e-05 0.0196136)
(-3.32231e-06 -2.80336e-05 0.0195329)
(-8.32999e-06 -2.4029e-05 0.0194299)
(-1.36448e-05 -2.10522e-05 0.0193038)
(6.42219e-06 -3.95152e-05 0.0196767)
(-8.32331e-07 -3.60891e-05 0.0195917)
(-6.88595e-06 -3.30736e-05 0.0194818)
(-1.33633e-05 -3.12498e-05 0.0193432)
(8.75389e-06 -4.68212e-05 0.0197219)
(2.17074e-06 -4.4693e-05 0.0196379)
(-3.65748e-06 -4.29957e-05 0.019526)
(-9.99733e-06 -4.262e-05 0.019381)
(1.03961e-05 -5.29564e-05 0.0197519)
(5.53189e-06 -5.2597e-05 0.0196702)
(1.24224e-06 -5.25471e-05 0.0195585)
(-3.17666e-06 -5.37305e-05 0.0194109)
(2.38882e-06 -2.40657e-05 0.0196301)
(-2.05559e-06 -2.07771e-05 0.0195496)
(-5.83083e-06 -1.77617e-05 0.0194467)
(-9.90829e-06 -1.54814e-05 0.019321)
(4.96776e-06 -2.91382e-05 0.0196919)
(-4.22535e-07 -2.66981e-05 0.0196072)
(-4.97293e-06 -2.44983e-05 0.0194975)
(-9.86705e-06 -2.31416e-05 0.0193593)
(6.68263e-06 -3.40386e-05 0.0197349)
(1.7951e-06 -3.2481e-05 0.0196515)
(-2.56366e-06 -3.1238e-05 0.0195399)
(-7.26987e-06 -3.09641e-05 0.0193952)
(8.07107e-06 -3.7844e-05 0.0197615)
(4.42465e-06 -3.73314e-05 0.0196801)
(1.13881e-06 -3.71104e-05 0.0195685)
(-2.19927e-06 -3.78731e-05 0.0194212)
(2.04477e-06 -1.75935e-05 0.0196423)
(-1.2358e-06 -1.51804e-05 0.0195621)
(-4.03886e-06 -1.29326e-05 0.0194594)
(-7.10492e-06 -1.12211e-05 0.0193341)
(3.86155e-06 -2.12582e-05 0.0197028)
(-1.16697e-07 -1.94884e-05 0.0196185)
(-3.49799e-06 -1.787e-05 0.019509)
(-7.15514e-06 -1.6862e-05 0.0193711)
(5.13843e-06 -2.46251e-05 0.019744)
(1.52753e-06 -2.34634e-05 0.019661)
(-1.7168e-06 -2.25364e-05 0.0195496)
(-5.21664e-06 -2.23266e-05 0.0194052)
(6.25998e-06 -2.71032e-05 0.019768)
(3.54082e-06 -2.65975e-05 0.0196869)
(1.03787e-06 -2.63432e-05 0.0195754)
(-1.5039e-06 -2.68523e-05 0.0194282)
(1.6825e-06 -1.2778e-05 0.0196512)
(-7.27656e-07 -1.10083e-05 0.0195713)
(-2.78967e-06 -9.34443e-06 0.0194689)
(-5.06705e-06 -8.07601e-06 0.0193438)
(2.98444e-06 -1.54234e-05 0.0197107)
(6.16554e-08 -1.41285e-05 0.0196267)
(-2.43222e-06 -1.2935e-05 0.0195174)
(-5.14443e-06 -1.21887e-05 0.0193798)
(3.93769e-06 -1.77787e-05 0.0197504)
(1.27972e-06 -1.69084e-05 0.0196678)
(-1.12436e-06 -1.62148e-05 0.0195566)
(-3.72367e-06 -1.60531e-05 0.0194124)
(4.81709e-06 -1.94559e-05 0.0197726)
(2.79859e-06 -1.90187e-05 0.0196917)
(9.05876e-07 -1.87877e-05 0.0195803)
(-1.02603e-06 -1.91382e-05 0.0194333)
(1.34366e-06 -9.246e-06 0.0196577)
(-4.20744e-07 -7.94991e-06 0.019578)
(-1.92847e-06 -6.72492e-06 0.0194758)
(-3.60644e-06 -5.7927e-06 0.019351)
(2.28552e-06 -1.11554e-05 0.0197163)
(1.45551e-07 -1.02052e-05 0.0196327)
(-1.68419e-06 -9.3257e-06 0.0195236)
(-3.68433e-06 -8.77568e-06 0.0193861)
(2.99578e-06 -1.2824e-05 0.019755)
(1.04533e-06 -1.21732e-05 0.0196726)
(-7.28756e-07 -1.16557e-05 0.0195616)
(-2.65376e-06 -1.15323e-05 0.0194176)
(3.67129e-06 -1.3991e-05 0.0197759)
(2.17917e-06 -1.36369e-05 0.0196951)
(7.58396e-07 -1.34466e-05 0.0195839)
(-7.01685e-07 -1.36938e-05 0.0194369)
(1.04835e-06 -6.67223e-06 0.0196624)
(-2.3896e-07 -5.72527e-06 0.0195829)
(-1.33626e-06 -4.82769e-06 0.0194809)
(-2.56503e-06 -4.14689e-06 0.0193562)
(1.73252e-06 -8.0499e-06 0.0197204)
(1.70885e-07 -7.35286e-06 0.019637)
(-1.16566e-06 -6.70663e-06 0.019528)
(-2.6334e-06 -6.30326e-06 0.0193907)
(2.25947e-06 -9.24126e-06 0.0197583)
(8.32934e-07 -8.75697e-06 0.0196762)
(-4.70627e-07 -8.37284e-06 0.0195653)
(-1.8906e-06 -8.27997e-06 0.0194214)
(2.77053e-06 -1.00679e-05 0.0197782)
(1.67237e-06 -9.79176e-06 0.0196976)
(6.13619e-07 -9.64288e-06 0.0195865)
(-4.81854e-07 -9.82e-06 0.0194396)
(8.02038e-07 -4.79993e-06 0.0196658)
(-1.33139e-07 -4.11073e-06 0.0195865)
(-9.27898e-07 -3.45654e-06 0.0194845)
(-1.82238e-06 -2.96225e-06 0.01936)
(1.29898e-06 -5.79213e-06 0.0197234)
(1.64209e-07 -5.28254e-06 0.0196401)
(-8.07309e-07 -4.8099e-06 0.0195313)
(-1.87846e-06 -4.51575e-06 0.0193941)
(1.68755e-06 -6.64566e-06 0.0197607)
(6.48802e-07 -6.2877e-06 0.0196787)
(-3.03961e-07 -6.00458e-06 0.0195679)
(-1.34571e-06 -5.93559e-06 0.0194241)
(2.06932e-06 -7.23673e-06 0.0197799)
(1.26553e-06 -7.02679e-06 0.0196995)
(4.82772e-07 -6.91397e-06 0.0195884)
(-3.3214e-07 -7.04188e-06 0.0194416)
(6.02469e-07 -3.43545e-06 0.0196683)
(-7.23951e-08 -2.93706e-06 0.019589)
(-6.44246e-07 -2.46362e-06 0.0194872)
(-1.29049e-06 -2.10719e-06 0.0193628)
(9.61819e-07 -4.14686e-06 0.0197255)
(1.42651e-07 -3.77674e-06 0.0196424)
(-5.58696e-07 -3.43349e-06 0.0195336)
(-1.33458e-06 -3.22042e-06 0.0193965)
(1.24596e-06 -4.75753e-06 0.0197624)
(4.94712e-07 -4.49536e-06 0.0196805)
(-1.9646e-07 -4.28853e-06 0.0195699)
(-9.54745e-07 -4.23777e-06 0.0194261)
(1.52759e-06 -5.18099e-06 0.0197812)
(9.4379e-07 -5.02453e-06 0.0197008)
(3.70675e-07 -4.94092e-06 0.0195898)
(-2.29206e-07 -5.03314e-06 0.0194431)
(4.44297e-07 -2.43691e-06 0.01967)
(-3.74428e-08 -2.08018e-06 0.0195909)
(-4.44792e-07 -1.74107e-06 0.0194891)
(-9.06515e-07 -1.48627e-06 0.0193648)
(7.01638e-07 -2.94272e-06 0.019727)
(1.16608e-07 -2.67672e-06 0.019644)
(-3.84433e-07 -2.42995e-06 0.0195353)
(-9.40144e-07 -2.27671e-06 0.0193982)
(9.07007e-07 -3.37663e-06 0.0197636)
(3.69515e-07 -3.18701e-06 0.0196819)
(-1.26384e-07 -3.03757e-06 0.0195712)
(-6.71965e-07 -3.00015e-06 0.0194276)
(1.1118e-06 -3.67843e-06 0.019782)
(6.92575e-07 -3.56399e-06 0.0197018)
(2.78266e-07 -3.50304e-06 0.0195909)
(-1.57427e-07 -3.56847e-06 0.0194442)
(3.22412e-07 -1.70474e-06 0.0196712)
(-1.5732e-08 -1.45313e-06 0.0195922)
(-3.01815e-07 -1.21355e-06 0.0194904)
(-6.26645e-07 -1.03288e-06 0.0193662)
(5.03601e-07 -2.05999e-06 0.0197281)
(9.25241e-08 -1.87153e-06 0.0196451)
(-2.60216e-07 -1.6963e-06 0.0195365)
(-6.52011e-07 -1.58632e-06 0.0193995)
(6.4992e-07 -2.36444e-06 0.0197645)
(2.71305e-07 -2.22935e-06 0.0196828)
(-7.92846e-08 -2.12253e-06 0.0195722)
(-4.65719e-07 -2.0939e-06 0.0194286)
(7.96518e-07 -2.57702e-06 0.0197827)
(4.99938e-07 -2.49479e-06 0.0197025)
(2.05023e-07 -2.45066e-06 0.0195916)
(-1.0641e-07 -2.4949e-06 0.0194449)
(2.32174e-07 -1.17502e-06 0.0196721)
(-2.69388e-10 -9.99545e-07 0.0195931)
(-1.98708e-07 -8.31584e-07 0.0194914)
(-4.22786e-07 -7.02921e-07 0.0193671)
(3.57644e-07 -1.42279e-06 0.0197288)
(7.42416e-08 -1.29025e-06 0.0196459)
(-1.70805e-07 -1.16594e-06 0.0195373)
(-4.42022e-07 -1.08481e-06 0.0194003)
(4.6132e-07 -1.63443e-06 0.0197651)
(1.9878e-07 -1.5388e-06 0.0196834)
(-4.61438e-08 -1.46191e-06 0.0195729)
(-3.15665e-07 -1.43679e-06 0.0194293)
(5.65692e-07 -1.78283e-06 0.0197831)
(3.58271e-07 -1.72398e-06 0.019703)
(1.50509e-07 -1.69095e-06 0.0195921)
(-6.95708e-08 -1.71673e-06 0.0194455)
(1.73432e-07 -8.30644e-07 0.0196727)
(1.39378e-08 -7.0552e-07 0.0195937)
(-1.25438e-07 -5.84768e-07 0.019492)
(-2.83068e-07 -4.85421e-07 0.0193678)
(2.58297e-07 -1.01023e-06 0.0197293)
(6.26323e-08 -9.13996e-07 0.0196464)
(-1.09204e-07 -8.21886e-07 0.0195379)
(-2.99523e-07 -7.54546e-07 0.0194009)
(3.35055e-07 -1.1594e-06 0.0197655)
(1.51417e-07 -1.08878e-06 0.0196839)
(-2.21195e-08 -1.02936e-06 0.0195734)
(-2.1307e-07 -1.00095e-06 0.0194298)
(4.13349e-07 -1.26442e-06 0.0197834)
(2.65384e-07 -1.21957e-06 0.0197033)
(1.16023e-07 -1.19096e-06 0.0195925)
(-4.33849e-08 -1.19844e-06 0.0194458)
(1.23469e-07 -6.62127e-07 0.0196732)
(1.0085e-08 -5.58509e-07 0.0195943)
(-1.02871e-07 -4.54768e-07 0.0194926)
(-2.17412e-07 -3.6797e-07 0.0193684)
(1.97508e-07 -8.17532e-07 0.0197298)
(5.36903e-08 -7.31465e-07 0.019647)
(-8.79029e-08 -6.45832e-07 0.0195384)
(-2.29279e-07 -5.78109e-07 0.0194015)
(2.69205e-07 -9.49158e-07 0.0197659)
(1.27193e-07 -8.84359e-07 0.0196843)
(-1.97213e-08 -8.24598e-07 0.0195739)
(-1.6611e-07 -7.83297e-07 0.0194303)
(3.41444e-07 -1.04215e-06 0.0197837)
(2.21643e-07 -9.99583e-07 0.0197036)
(9.29351e-08 -9.65402e-07 0.0195928)
(-3.45778e-08 -9.50232e-07 0.0194462)
)
;

boundaryField
{
    inlet
    {
        type            calculated;
        value           uniform (0 0 0.01991);
    }
    outlet
    {
        type            calculated;
        value           nonuniform List<vector> 
48
(
(5.69861e-07 -8.83352e-07 0.0198392)
(5.92806e-07 -1.02032e-06 0.0198748)
(6.1186e-07 -1.11618e-06 0.0198954)
(6.24513e-07 -1.1666e-06 0.0199049)
(4.7594e-07 -8.39922e-07 0.0198245)
(5.1655e-07 -9.85135e-07 0.0198627)
(5.5328e-07 -1.09047e-06 0.0198852)
(5.83822e-07 -1.15065e-06 0.0198956)
(3.60543e-07 -7.86505e-07 0.0197934)
(4.17475e-07 -9.38041e-07 0.0198369)
(4.71756e-07 -1.05223e-06 0.0198629)
(5.20243e-07 -1.12176e-06 0.0198751)
(2.32125e-07 -7.25062e-07 0.0197416)
(2.98515e-07 -8.82003e-07 0.0197936)
(3.68642e-07 -1.0051e-06 0.0198249)
(4.35867e-07 -1.08436e-06 0.0198397)
(1.23469e-07 -6.62127e-07 0.0196732)
(1.97508e-07 -8.17532e-07 0.0197298)
(2.69205e-07 -9.49158e-07 0.0197659)
(3.41444e-07 -1.04215e-06 0.0197837)
(1.0085e-08 -5.58509e-07 0.0195943)
(5.36903e-08 -7.31465e-07 0.019647)
(1.27193e-07 -8.84359e-07 0.0196843)
(2.21643e-07 -9.99583e-07 0.0197036)
(-1.02871e-07 -4.54768e-07 0.0194926)
(-8.79029e-08 -6.45832e-07 0.0195384)
(-1.97213e-08 -8.24598e-07 0.0195739)
(9.29351e-08 -9.65402e-07 0.0195928)
(-2.17412e-07 -3.6797e-07 0.0193684)
(-2.29279e-07 -5.78109e-07 0.0194015)
(-1.6611e-07 -7.83297e-07 0.0194303)
(-3.45778e-08 -9.50232e-07 0.0194462)
(4.69301e-07 -5.93291e-08 0.0194453)
(4.90151e-07 -2.83563e-07 0.019592)
(5.15994e-07 -5.09754e-07 0.0197029)
(5.44269e-07 -7.13192e-07 0.0197831)
(2.46464e-07 -3.35739e-08 0.0194296)
(3.05015e-07 -2.47737e-07 0.0195732)
(3.67535e-07 -4.66759e-07 0.0196838)
(4.28123e-07 -6.67977e-07 0.0197655)
(3.47323e-08 -8.53361e-08 0.0194011)
(1.21566e-07 -2.61303e-07 0.0195381)
(2.12839e-07 -4.44565e-07 0.0196466)
(2.98003e-07 -6.19626e-07 0.0197296)
(-1.33258e-07 -2.02043e-07 0.0193683)
(-3.42117e-08 -3.21561e-07 0.0194925)
(7.1574e-08 -4.47322e-07 0.0195942)
(1.72908e-07 -5.63695e-07 0.0196732)
)
;
    }
    wall
    {
        type            calculated;
        value           nonuniform List<vector> 
192
(
(0.0203211 0.00200146 0.0191225)
(0.00508994 0.000501315 0.0285811)
(-0.000446771 -4.40031e-05 0.0169994)
(-0.000626895 -6.17437e-05 0.0180822)
(-0.000273674 -2.69545e-05 0.0184496)
(-8.1583e-05 -8.03522e-06 0.018728)
(-3.0391e-06 -2.99325e-07 0.0189546)
(2.6239e-05 2.58431e-06 0.019113)
(3.37159e-05 3.32073e-06 0.0192189)
(3.17833e-05 3.13038e-06 0.0192898)
(2.65412e-05 2.61408e-06 0.0193375)
(2.08547e-05 2.05401e-06 0.01937)
(1.58452e-05 1.56061e-06 0.0193924)
(1.18067e-05 1.16286e-06 0.0194081)
(8.69448e-06 8.56332e-07 0.0194192)
(6.35409e-06 6.25824e-07 0.0194271)
(4.61765e-06 4.54799e-07 0.0194327)
(3.33776e-06 3.28741e-07 0.0194367)
(2.39624e-06 2.36009e-07 0.0194395)
(1.70334e-06 1.67764e-07 0.0194416)
(1.19506e-06 1.17703e-07 0.019443)
(8.30111e-07 8.17588e-08 0.019444)
(5.90137e-07 5.81235e-08 0.0194447)
(4.59005e-07 4.52081e-08 0.0194453)
(0.00779081 0.00236332 0.00425328)
(0.0027225 0.00082586 0.0301796)
(-0.000160362 -4.86453e-05 0.0181478)
(-0.000422206 -0.000128075 0.0189377)
(-0.000329697 -0.000100012 0.0188707)
(-0.000189455 -5.74706e-05 0.018934)
(-9.58905e-05 -2.90881e-05 0.0190444)
(-4.14634e-05 -1.25778e-05 0.0191441)
(-1.29516e-05 -3.92883e-06 0.0192217)
(1.84679e-07 5.60217e-08 0.0192798)
(5.11303e-06 1.55102e-06 0.0193222)
(6.19304e-06 1.87864e-06 0.0193528)
(5.70284e-06 1.72994e-06 0.0193748)
(4.72064e-06 1.43199e-06 0.0193907)
(3.70443e-06 1.12373e-06 0.0194021)
(2.82004e-06 8.55448e-07 0.0194103)
(2.106e-06 6.38848e-07 0.0194162)
(1.55096e-06 4.70478e-07 0.0194204)
(1.12807e-06 3.42196e-07 0.0194235)
(8.09588e-07 2.45586e-07 0.0194256)
(5.73183e-07 1.73873e-07 0.0194272)
(4.02848e-07 1.22203e-07 0.0194282)
(2.93642e-07 8.90754e-08 0.0194289)
(2.1637e-07 6.5635e-08 0.0194296)
(-0.000705303 -0.000376992 0.0159341)
(0.00264841 0.0014156 0.0270816)
(-5.72004e-05 -3.05743e-05 0.018738)
(-0.000179122 -9.57428e-05 0.0197704)
(-0.000243657 -0.000130237 0.0192999)
(-0.000179327 -9.58524e-05 0.0191713)
(-0.000113116 -6.0462e-05 0.0191553)
(-6.57458e-05 -3.51419e-05 0.019184)
(-3.61449e-05 -1.93198e-05 0.0192254)
(-1.91166e-05 -1.02181e-05 0.0192659)
(-9.96803e-06 -5.32802e-06 0.0192999)
(-5.17488e-06 -2.76603e-06 0.0193268)
(-2.69743e-06 -1.44181e-06 0.0193472)
(-1.41638e-06 -7.57073e-07 0.0193623)
(-7.49154e-07 -4.00431e-07 0.0193735)
(-3.9836e-07 -2.12928e-07 0.0193816)
(-2.12439e-07 -1.13551e-07 0.0193875)
(-1.13386e-07 -6.06062e-08 0.0193918)
(-6.03329e-08 -3.22486e-08 0.0193949)
(-3.13217e-08 -1.67418e-08 0.019397)
(-1.35316e-08 -7.23278e-09 0.0193986)
(-1.05114e-09 -5.61845e-10 0.0193997)
(1.2928e-08 6.91014e-09 0.0194004)
(-8.46294e-09 -4.52354e-09 0.0194011)
(0.00238887 0.00196049 0.00162965)
(0.00156626 0.0012854 0.0373758)
(0.000391249 0.00032109 0.0194324)
(0.00024633 0.000202158 0.0210035)
(5.5106e-05 4.52243e-05 0.0198082)
(-2.74476e-05 -2.25257e-05 0.0194127)
(-4.99747e-05 -4.10131e-05 0.0192519)
(-4.70278e-05 -3.85948e-05 0.019213)
(-3.6794e-05 -3.01961e-05 0.019222)
(-2.63293e-05 -2.16079e-05 0.0192479)
(-1.83085e-05 -1.50254e-05 0.0192749)
(-1.26196e-05 -1.03567e-05 0.0192983)
(-8.70569e-06 -7.14457e-06 0.0193168)
(-6.03253e-06 -4.95077e-06 0.019331)
(-4.20248e-06 -3.44889e-06 0.0193416)
(-2.94218e-06 -2.41458e-06 0.0193494)
(-2.06798e-06 -1.69715e-06 0.0193551)
(-1.45666e-06 -1.19545e-06 0.0193592)
(-1.02502e-06 -8.41215e-07 0.0193622)
(-7.16638e-07 -5.88129e-07 0.0193643)
(-4.93193e-07 -4.04753e-07 0.0193658)
(-3.31162e-07 -2.71777e-07 0.0193669)
(-2.19194e-07 -1.79888e-07 0.0193676)
(-1.78708e-07 -1.46662e-07 0.0193683)
(-0.00133874 -0.00163126 0.00245512)
(0.00165744 0.00310085 0.0239829)
(0.000575613 0.00189754 0.00602347)
(0.00103323 0.0104906 0.0149442)
(-0.00165879 -0.00202124 0.0347008)
(0.000642323 0.0012017 0.0327284)
(0.00124217 0.00409489 0.0260884)
(0.000509538 0.00517343 0.0183876)
(0.000745689 0.000908625 0.0191289)
(0.00134422 0.00251486 0.020428)
(0.00103855 0.00342363 0.0158855)
(0.000254505 0.00258403 0.0137601)
(0.000599526 0.000730525 0.0206629)
(0.00078141 0.00146191 0.0199342)
(0.000551001 0.00181641 0.0176381)
(8.91074e-05 0.000904723 0.0163915)
(0.000341006 0.000415517 0.0196536)
(0.00040449 0.000756748 0.0192553)
(0.000237865 0.000784137 0.0183158)
(7.68021e-06 7.79785e-05 0.0178037)
(0.000129657 0.000157988 0.0193582)
(0.000158244 0.000296053 0.0191485)
(7.04901e-05 0.000232375 0.0187549)
(-2.02032e-05 -0.000205127 0.0185853)
(2.35656e-05 2.87148e-05 0.0192373)
(3.68884e-05 6.90133e-05 0.019163)
(-3.78548e-07 -1.24791e-06 0.0190311)
(-2.40819e-05 -0.000244507 0.0190094)
(-1.78363e-05 -2.17336e-05 0.019215)
(-1.17943e-05 -2.20655e-05 0.0192095)
(-2.32544e-05 -7.66595e-05 0.0191882)
(-2.01707e-05 -0.000204797 0.0192173)
(-2.80254e-05 -3.41491e-05 0.01923)
(-2.54885e-05 -4.76857e-05 0.0192549)
(-2.60432e-05 -8.58529e-05 0.0192763)
(-1.50272e-05 -0.000152574 0.0193174)
(-2.6166e-05 -3.18833e-05 0.0192561)
(-2.52782e-05 -4.72922e-05 0.0192924)
(-2.21868e-05 -7.314e-05 0.019328)
(-1.07023e-05 -0.000108662 0.0193677)
(-2.09851e-05 -2.55704e-05 0.019282)
(-2.08418e-05 -3.89923e-05 0.0193214)
(-1.71313e-05 -5.64744e-05 0.01936)
(-7.51381e-06 -7.6289e-05 0.0193948)
(-1.58153e-05 -1.9271e-05 0.0193038)
(-1.59612e-05 -2.98612e-05 0.0193432)
(-1.26816e-05 -4.18057e-05 0.019381)
(-5.27167e-06 -5.35241e-05 0.0194109)
(-1.15796e-05 -1.41098e-05 0.019321)
(-1.18134e-05 -2.21013e-05 0.0193593)
(-9.21397e-06 -3.03744e-05 0.0193952)
(-3.71546e-06 -3.77237e-05 0.0194212)
(-8.36214e-06 -1.01893e-05 0.0193341)
(-8.60008e-06 -1.60896e-05 0.0193711)
(-6.64158e-06 -2.18944e-05 0.0194052)
(-2.63376e-06 -2.6741e-05 0.0194282)
(-5.99967e-06 -7.31062e-06 0.0193438)
(-6.21045e-06 -1.16189e-05 0.0193798)
(-4.7731e-06 -1.57348e-05 0.0194124)
(-1.8767e-06 -1.90544e-05 0.0194333)
(-4.29213e-06 -5.22997e-06 0.019351)
(-4.46707e-06 -8.3573e-06 0.0193861)
(-3.42712e-06 -1.12977e-05 0.0194176)
(-1.3425e-06 -1.36307e-05 0.0194369)
(-3.06591e-06 -3.73583e-06 0.0193562)
(-3.20567e-06 -5.99738e-06 0.0193907)
(-2.45936e-06 -8.10744e-06 0.0194214)
(-9.62522e-07 -9.77265e-06 0.0194396)
(-2.18609e-06 -2.66376e-06 0.01936)
(-2.29477e-06 -4.29322e-06 0.0193941)
(-1.76222e-06 -5.80925e-06 0.0194241)
(-6.90092e-07 -7.00662e-06 0.0194416)
(-1.55272e-06 -1.89199e-06 0.0193628)
(-1.6354e-06 -3.05962e-06 0.0193965)
(-1.25764e-06 -4.14589e-06 0.0194261)
(-4.93161e-07 -5.00714e-06 0.0194431)
(-1.09369e-06 -1.33266e-06 0.0193648)
(-1.15542e-06 -2.16164e-06 0.0193982)
(-8.90019e-07 -2.934e-06 0.0194276)
(-3.49599e-07 -3.54954e-06 0.0194442)
(-7.58712e-07 -9.24493e-07 0.0193662)
(-8.04375e-07 -1.50488e-06 0.0193995)
(-6.20899e-07 -2.04683e-06 0.0194286)
(-2.44388e-07 -2.48131e-06 0.0194449)
(-5.1486e-07 -6.27358e-07 0.0193671)
(-5.49216e-07 -1.02751e-06 0.0194003)
(-4.25718e-07 -1.4034e-06 0.0194293)
(-1.68127e-07 -1.70702e-06 0.0194455)
(-3.51969e-07 -4.28875e-07 0.0193678)
(-3.80249e-07 -7.11397e-07 0.0194009)
(-2.96004e-07 -9.75795e-07 0.0194298)
(-1.17319e-07 -1.19116e-06 0.0194458)
(-2.67948e-07 -3.26496e-07 0.0193684)
(-2.91289e-07 -5.44964e-07 0.0194015)
(-2.31586e-07 -7.63436e-07 0.0194303)
(-9.30227e-08 -9.44476e-07 0.0194462)
)
;
    }
    procBoundary1to0
    {
        type            processor;
        value           nonuniform List<vector> 
192
(
(-0.00210648 -0.00249613 0.0141406)
(0.00017667 -0.00685205 0.00647556)
(-0.000973432 -0.00205234 0.00107581)
(-0.00035027 -0.00114454 0.00209239)
(-0.000141222 0.000718208 0.0293718)
(-0.000943495 0.00115881 0.0296565)
(-0.00162489 0.00161242 0.0298587)
(-0.00232863 0.0012844 0.0329832)
(-0.000325254 0.00018439 0.0195088)
(-0.000491075 0.000440529 0.0192383)
(-0.000570952 0.00040173 0.0190494)
(-0.000628729 0.000309498 0.0194809)
(-0.000190885 -0.000240547 0.0195753)
(-0.000164698 -0.000150065 0.0198044)
(-0.000123205 -0.000143467 0.0200327)
(-9.08999e-05 -8.87385e-05 0.0203016)
(2.13979e-05 -0.000350715 0.0195799)
(5.17648e-05 -0.00032263 0.0198303)
(8.10675e-05 -0.000290595 0.0200564)
(9.23586e-05 -0.000214629 0.0202539)
(0.000113475 -0.000311308 0.0195652)
(0.000134329 -0.000308294 0.0197397)
(0.000151798 -0.000287449 0.0198913)
(0.000154627 -0.000237622 0.0200153)
(0.00012823 -0.000235932 0.0196207)
(0.000141779 -0.000242365 0.0197425)
(0.000152112 -0.000234608 0.0198452)
(0.000152574 -0.000209328 0.0199275)
(0.000112218 -0.000169145 0.0196798)
(0.000120121 -0.00017792 0.0197695)
(0.000125437 -0.000177295 0.0198427)
(0.000124519 -0.000166015 0.0199004)
(8.81964e-05 -0.000119557 0.0197257)
(9.2405e-05 -0.000127998 0.0197962)
(9.46499e-05 -0.000130191 0.0198516)
(9.30127e-05 -0.000125621 0.0198939)
(6.56815e-05 -8.45338e-05 0.0197592)
(6.77367e-05 -9.17667e-05 0.0198181)
(6.83875e-05 -9.47223e-05 0.0198623)
(6.66409e-05 -9.31576e-05 0.0198948)
(4.76127e-05 -6.00757e-05 0.019783)
(4.85333e-05 -6.59326e-05 0.0198344)
(4.84968e-05 -6.88e-05 0.0198715)
(4.69872e-05 -6.85337e-05 0.0198973)
(3.41061e-05 -4.29501e-05 0.0197996)
(3.44784e-05 -4.75397e-05 0.0198462)
(3.42208e-05 -5.00163e-05 0.0198784)
(3.30579e-05 -5.02751e-05 0.0198996)
(2.43362e-05 -3.08675e-05 0.0198113)
(2.44655e-05 -3.43899e-05 0.0198546)
(2.41886e-05 -3.64099e-05 0.0198835)
(2.33524e-05 -3.68433e-05 0.0199013)
(1.73627e-05 -2.22722e-05 0.0198196)
(1.73949e-05 -2.49382e-05 0.0198606)
(1.7168e-05 -2.6532e-05 0.0198871)
(1.65922e-05 -2.6984e-05 0.0199026)
(1.2403e-05 -1.61133e-05 0.0198254)
(1.24024e-05 -1.81114e-05 0.0198649)
(1.22371e-05 -1.93424e-05 0.0198896)
(1.18513e-05 -1.97491e-05 0.0199034)
(8.8719e-06 -1.16737e-05 0.0198296)
(8.86407e-06 -1.31602e-05 0.0198679)
(8.75145e-06 -1.40968e-05 0.0198914)
(8.49732e-06 -1.44377e-05 0.019904)
(6.3497e-06 -8.45704e-06 0.0198326)
(6.34322e-06 -9.55587e-06 0.0198701)
(6.2698e-06 -1.02601e-05 0.0198927)
(6.10423e-06 -1.05342e-05 0.0199043)
(4.53979e-06 -6.11474e-06 0.0198348)
(4.53643e-06 -6.9217e-06 0.0198716)
(4.49013e-06 -7.4458e-06 0.0198937)
(4.38308e-06 -7.65959e-06 0.0199046)
(3.23359e-06 -4.39981e-06 0.0198363)
(3.23283e-06 -4.98748e-06 0.0198727)
(3.20443e-06 -5.37317e-06 0.0198943)
(3.13567e-06 -5.53591e-06 0.0199048)
(2.28563e-06 -3.13722e-06 0.0198374)
(2.28652e-06 -3.56009e-06 0.0198735)
(2.26958e-06 -3.83994e-06 0.0198948)
(2.22576e-06 -3.96103e-06 0.0199049)
(1.59757e-06 -2.20642e-06 0.0198381)
(1.59944e-06 -2.50579e-06 0.0198741)
(1.58982e-06 -2.70521e-06 0.0198951)
(1.56232e-06 -2.79322e-06 0.019905)
(1.10888e-06 -1.53351e-06 0.0198387)
(1.11163e-06 -1.74259e-06 0.0198745)
(1.10694e-06 -1.8825e-06 0.0198953)
(1.09031e-06 -1.94529e-06 0.019905)
(7.91732e-07 -1.09498e-06 0.019839)
(7.95743e-07 -1.24519e-06 0.0198747)
(7.94644e-07 -1.3459e-06 0.0198955)
(7.8528e-07 -1.39184e-06 0.019905)
(6.39127e-07 -9.16562e-07 0.0198394)
(6.44074e-07 -1.04277e-06 0.019875)
(6.45259e-07 -1.12801e-06 0.0198956)
(6.39881e-07 -1.16779e-06 0.0199051)
(0.00349045 -0.00187608 0.0136285)
(-0.00293818 0.00246367 0.00839506)
(-0.00408477 -2.0292e-06 0.00704827)
(-0.0065802 0.00256591 0.00155738)
(-0.00211617 9.11239e-05 0.0249975)
(-0.00301633 0.000124215 0.0234109)
(-0.00195011 -5.31392e-05 0.0247897)
(-0.000571774 0.000305096 0.0287819)
(-0.00150643 6.86424e-05 0.0163746)
(-0.00145257 -0.0001908 0.0167903)
(-0.000985852 -0.000383112 0.0176742)
(-0.000456331 -0.000223991 0.0186318)
(-0.00049026 -9.88923e-05 0.0177087)
(-0.00047829 -0.000332913 0.0180049)
(-0.000381906 -0.000419928 0.0184997)
(-0.000256708 -0.000370562 0.0190306)
(4.82687e-06 -0.000100658 0.0183056)
(-2.63392e-05 -0.000256232 0.0185927)
(-3.07151e-05 -0.00033989 0.0189186)
(-9.81982e-06 -0.000365384 0.0192508)
(0.000128381 -7.59567e-05 0.0186806)
(0.000103052 -0.0001796 0.0189088)
(9.06974e-05 -0.000252044 0.0191369)
(9.50655e-05 -0.000294534 0.0193564)
(0.000135722 -5.4322e-05 0.0189463)
(0.000121149 -0.000123799 0.0191391)
(0.000114026 -0.000177703 0.0193157)
(0.000116475 -0.000214766 0.0194756)
(0.00011438 -3.78177e-05 0.0191195)
(0.000106461 -8.42393e-05 0.0192939)
(0.000103147 -0.000122342 0.0194431)
(0.000105086 -0.000150584 0.0195703)
(8.88644e-05 -2.608e-05 0.0192299)
(8.4417e-05 -5.72248e-05 0.0193938)
(8.28696e-05 -8.38604e-05 0.0195278)
(8.4165e-05 -0.000104637 0.0196364)
(6.63156e-05 -1.80111e-05 0.0193007)
(6.36405e-05 -3.91345e-05 0.0194585)
(6.28113e-05 -5.77824e-05 0.0195837)
(6.35351e-05 -7.29317e-05 0.0196818)
(4.84725e-05 -1.25164e-05 0.0193468)
(4.67377e-05 -2.70371e-05 0.0195008)
(4.6196e-05 -4.01851e-05 0.0196209)
(4.65274e-05 -5.12176e-05 0.0197127)
(3.50809e-05 -8.76864e-06 0.0193774)
(3.38865e-05 -1.88849e-05 0.019529)
(3.34775e-05 -2.82303e-05 0.019646)
(3.35816e-05 -3.62702e-05 0.0197339)
(2.5284e-05 -6.19238e-06 0.0193981)
(2.44289e-05 -1.33216e-05 0.0195482)
(2.41016e-05 -2.00106e-05 0.0196631)
(2.40926e-05 -2.58742e-05 0.0197486)
(1.81974e-05 -4.40265e-06 0.0194124)
(1.7572e-05 -9.47205e-06 0.0195614)
(1.73085e-05 -1.42851e-05 0.0196751)
(1.72535e-05 -1.85633e-05 0.0197588)
(1.30929e-05 -3.14628e-06 0.0194223)
(1.2631e-05 -6.77452e-06 0.0195706)
(1.24216e-05 -1.02503e-05 0.0196834)
(1.23554e-05 -1.33716e-05 0.0197661)
(9.41901e-06 -2.25623e-06 0.0194293)
(9.07681e-06 -4.86403e-06 0.0195772)
(8.91322e-06 -7.37919e-06 0.0196894)
(8.85125e-06 -9.65496e-06 0.0197713)
(6.77157e-06 -1.62067e-06 0.0194343)
(6.51829e-06 -3.49889e-06 0.0195818)
(6.39246e-06 -5.31964e-06 0.0196936)
(6.34037e-06 -6.97636e-06 0.0197749)
(4.85853e-06 -1.16353e-06 0.0194379)
(4.67178e-06 -2.51574e-06 0.0195851)
(4.57639e-06 -3.8316e-06 0.0196966)
(4.53504e-06 -5.03393e-06 0.0197776)
(3.47024e-06 -8.32357e-07 0.0194404)
(3.33359e-06 -1.80238e-06 0.0195875)
(3.26232e-06 -2.74891e-06 0.0196988)
(3.23072e-06 -3.61643e-06 0.0197795)
(2.45779e-06 -5.90817e-07 0.0194422)
(2.35918e-06 -1.28124e-06 0.0195892)
(2.30695e-06 -1.95594e-06 0.0197003)
(2.28357e-06 -2.57565e-06 0.0197808)
(1.71879e-06 -4.14316e-07 0.0194435)
(1.64941e-06 -8.99832e-07 0.0195903)
(1.61229e-06 -1.37406e-06 0.0197014)
(1.59576e-06 -1.8102e-06 0.0197817)
(1.18903e-06 -2.87695e-07 0.0194444)
(1.14232e-06 -6.26038e-07 0.0195911)
(1.11737e-06 -9.55073e-07 0.0197021)
(1.10672e-06 -1.25799e-06 0.0197824)
(8.38473e-07 -2.05999e-07 0.019445)
(8.08968e-07 -4.49998e-07 0.0195917)
(7.93811e-07 -6.8303e-07 0.0197026)
(7.8838e-07 -8.98727e-07 0.0197828)
(6.64687e-07 -1.61471e-07 0.0194455)
(6.48342e-07 -3.65903e-07 0.0195922)
(6.38773e-07 -5.71628e-07 0.0197031)
(6.35655e-07 -7.55181e-07 0.0197833)
)
;
    }
    procBoundary1to3
    {
        type            processor;
        value           nonuniform List<vector> 
192
(
(-0.00160911 2.48199e-05 0.00990252)
(-0.00488856 -0.000223 0.00285469)
(-0.00196982 -0.00182331 0.00522395)
(-0.00323319 -0.00191876 0.00477132)
(-0.00131054 0.00136131 0.0305082)
(-0.00058532 0.00180805 0.0300318)
(-0.000288151 0.00115644 0.0307633)
(-0.000260218 -0.000483364 0.0307672)
(-0.000177564 0.000406469 0.0196984)
(0.000254498 0.000341636 0.0191254)
(0.000579743 -4.17047e-05 0.018905)
(0.000892442 -0.000829708 0.0182553)
(9.22324e-05 5.39133e-05 0.0202851)
(0.000292567 -6.17231e-05 0.0199211)
(0.0005063 -0.000285359 0.0195836)
(0.000703219 -0.000649454 0.0191395)
(0.00014497 -0.000105905 0.0201788)
(0.000228597 -0.000182324 0.019946)
(0.000306642 -0.000311568 0.0197224)
(0.000368555 -0.000500128 0.0194884)
(0.000156594 -0.000176872 0.0199658)
(0.000173423 -0.000220863 0.0198286)
(0.000179514 -0.00029326 0.0196995)
(0.000180021 -0.000394546 0.0195806)
(0.000137019 -0.000181402 0.0199034)
(0.00012659 -0.000207492 0.019821)
(0.000108864 -0.00024661 0.0197456)
(9.16972e-05 -0.000299312 0.0196776)
(0.000106179 -0.000155216 0.0198916)
(9.00921e-05 -0.000170792 0.0198408)
(7.00262e-05 -0.000191713 0.0197921)
(5.2286e-05 -0.000218381 0.0197434)
(7.76035e-05 -0.000122225 0.019893)
(6.3934e-05 -0.000131552 0.0198596)
(4.81852e-05 -0.000142674 0.0198235)
(3.45303e-05 -0.000155796 0.0197815)
(5.54442e-05 -9.25059e-05 0.0198973)
(4.57945e-05 -9.80784e-05 0.0198733)
(3.49724e-05 -0.000103933 0.0198432)
(2.55092e-05 -0.0001102 0.0198035)
(3.94679e-05 -6.87321e-05 0.0199009)
(3.31959e-05 -7.20306e-05 0.0198821)
(2.61653e-05 -7.50674e-05 0.0198552)
(1.98593e-05 -7.7943e-05 0.0198164)
(2.82302e-05 -5.0642e-05 0.0199031)
(2.43001e-05 -5.25724e-05 0.0198875)
(1.98155e-05 -5.4109e-05 0.0198625)
(1.56434e-05 -5.534e-05 0.0198242)
(2.03315e-05 -3.71697e-05 0.0199044)
(1.78985e-05 -3.8286e-05 0.0198907)
(1.50322e-05 -3.90309e-05 0.0198669)
(1.22487e-05 -3.94832e-05 0.0198292)
(1.47289e-05 -2.72274e-05 0.019905)
(1.32215e-05 -2.78645e-05 0.0198926)
(1.13679e-05 -2.81976e-05 0.0198697)
(9.48475e-06 -2.82956e-05 0.0198324)
(1.07115e-05 -1.99174e-05 0.0199053)
(9.77063e-06 -2.02753e-05 0.0198938)
(8.554e-06 -2.03997e-05 0.0198716)
(7.26186e-06 -2.03487e-05 0.0198347)
(7.80373e-06 -1.45494e-05 0.0199054)
(7.21034e-06 -1.47463e-05 0.0198946)
(6.40004e-06 -1.47696e-05 0.0198728)
(5.50295e-06 -1.4667e-05 0.0198363)
(5.68358e-06 -1.06066e-05 0.0199054)
(5.30518e-06 -1.07118e-05 0.019895)
(4.75871e-06 -1.06903e-05 0.0198737)
(4.13057e-06 -1.058e-05 0.0198374)
(4.12842e-06 -7.70606e-06 0.0199054)
(3.8848e-06 -7.75976e-06 0.0198954)
(3.51277e-06 -7.72209e-06 0.0198742)
(3.07086e-06 -7.62264e-06 0.0198382)
(2.9817e-06 -5.56562e-06 0.0199054)
(2.82377e-06 -5.59103e-06 0.0198956)
(2.56918e-06 -5.55127e-06 0.0198747)
(2.25816e-06 -5.46885e-06 0.0198388)
(2.13301e-06 -3.97991e-06 0.0199053)
(2.03025e-06 -3.99033e-06 0.0198957)
(1.85606e-06 -3.9548e-06 0.019875)
(1.63813e-06 -3.89007e-06 0.0198392)
(1.50698e-06 -2.80501e-06 0.0199053)
(1.44006e-06 -2.80785e-06 0.0198958)
(1.32145e-06 -2.77878e-06 0.0198752)
(1.16991e-06 -2.72991e-06 0.0198395)
(1.05792e-06 -1.95231e-06 0.0199053)
(1.01415e-06 -1.95136e-06 0.0198959)
(9.3342e-07 -1.92852e-06 0.0198753)
(8.27952e-07 -1.8923e-06 0.0198398)
(7.66865e-07 -1.39546e-06 0.0199053)
(7.37119e-07 -1.39223e-06 0.0198959)
(6.80151e-07 -1.3736e-06 0.0198754)
(6.03257e-07 -1.34545e-06 0.0198399)
(6.29581e-07 -1.16911e-06 0.0199053)
(6.07258e-07 -1.1633e-06 0.019896)
(5.6213e-07 -1.1443e-06 0.0198755)
(4.98298e-07 -1.11674e-06 0.0198401)
(-0.00184679 -0.00271774 0.00448654)
(0.00254114 -0.000519607 0.00835859)
(0.00344862 0.00434306 0.010687)
(-0.000305946 0.0204992 0.0107791)
(-0.00015504 -0.000801553 0.0277395)
(0.000893031 -8.85397e-06 0.0235604)
(0.000569746 0.00300631 0.0173312)
(-0.000757291 0.00867912 0.0152231)
(0.00112375 -0.0011948 0.017234)
(0.00136509 -0.0010194 0.0160827)
(0.000967585 -0.000116055 0.0142141)
(0.000239236 0.00087971 0.0136702)
(0.000817357 -0.000928643 0.0186554)
(0.000901757 -0.0010709 0.0181579)
(0.000782881 -0.00100211 0.0175247)
(0.000378887 -0.000898898 0.0171923)
(0.000396962 -0.000687256 0.0192682)
(0.000416673 -0.00085636 0.0190603)
(0.000381015 -0.00096861 0.018771)
(0.000231049 -0.00104495 0.0184723)
(0.000174294 -0.000507408 0.0194742)
(0.000175526 -0.000623066 0.019373)
(0.000169344 -0.000719632 0.0192231)
(0.000126817 -0.00079714 0.0190259)
(7.67408e-05 -0.000360648 0.0196118)
(7.36808e-05 -0.000425586 0.0195402)
(7.63556e-05 -0.000482191 0.0194315)
(6.8921e-05 -0.000529088 0.0192739)
(3.78269e-05 -0.000249249 0.0196883)
(3.38522e-05 -0.000281787 0.0196197)
(3.65206e-05 -0.00031035 0.0195179)
(3.80814e-05 -0.000334915 0.0193707)
(2.31049e-05 -0.000170409 0.0197273)
(1.92008e-05 -0.000185449 0.0196553)
(2.00147e-05 -0.000198684 0.0195517)
(2.22262e-05 -0.000211061 0.0194066)
(1.70932e-05 -0.00011673 0.0197482)
(1.36185e-05 -0.00012321 0.0196725)
(1.29836e-05 -0.000129007 0.019566)
(1.3964e-05 -0.000135366 0.0194207)
(1.38058e-05 -8.06487e-05 0.0197601)
(1.08718e-05 -8.32051e-05 0.0196819)
(9.49355e-06 -8.5634e-05 0.0195733)
(9.36519e-06 -8.90985e-05 0.0194273)
(1.13074e-05 -5.63107e-05 0.0197673)
(8.91784e-06 -5.71626e-05 0.0196879)
(7.3199e-06 -5.81346e-05 0.0195779)
(6.57222e-06 -6.01778e-05 0.0194315)
(9.13304e-06 -3.97052e-05 0.0197721)
(7.23771e-06 -3.98616e-05 0.019692)
(5.71347e-06 -4.02269e-05 0.0195813)
(4.73698e-06 -4.15309e-05 0.0194346)
(7.2355e-06 -2.82209e-05 0.0197754)
(5.76146e-06 -2.8123e-05 0.019695)
(4.43916e-06 -2.82462e-05 0.0195841)
(3.46131e-06 -2.91323e-05 0.0194373)
(5.63181e-06 -2.01779e-05 0.0197778)
(4.50222e-06 -2.001e-05 0.0196973)
(3.41582e-06 -2.00424e-05 0.0195863)
(2.54427e-06 -2.06704e-05 0.0194394)
(4.31906e-06 -1.44844e-05 0.0197796)
(3.46348e-06 -1.43183e-05 0.0196991)
(2.6012e-06 -1.43204e-05 0.0195881)
(1.87295e-06 -1.47765e-05 0.0194412)
(3.27056e-06 -1.0418e-05 0.0197809)
(2.62902e-06 -1.02772e-05 0.0197005)
(1.96096e-06 -1.02716e-05 0.0195895)
(1.37685e-06 -1.06069e-05 0.0194427)
(2.44749e-06 -7.49014e-06 0.0197818)
(1.97117e-06 -7.37913e-06 0.0197015)
(1.46329e-06 -7.37349e-06 0.0195906)
(1.00827e-06 -7.62045e-06 0.0194438)
(1.80878e-06 -5.36562e-06 0.0197826)
(1.45901e-06 -5.28157e-06 0.0197023)
(1.07951e-06 -5.27766e-06 0.0195914)
(7.33324e-07 -5.45863e-06 0.0194447)
(1.31736e-06 -3.81239e-06 0.0197831)
(1.06393e-06 -3.75054e-06 0.0197029)
(7.85354e-07 -3.74812e-06 0.019592)
(5.27542e-07 -3.87872e-06 0.0194453)
(9.44205e-07 -2.67311e-06 0.0197835)
(7.63143e-07 -2.62853e-06 0.0197033)
(5.6224e-07 -2.62662e-06 0.0195924)
(3.73718e-07 -2.71784e-06 0.0194458)
(6.71108e-07 -1.8513e-06 0.0197837)
(5.42101e-07 -1.81909e-06 0.0197036)
(3.98352e-07 -1.81609e-06 0.0195928)
(2.61017e-07 -1.87524e-06 0.0194461)
(4.9271e-07 -1.31409e-06 0.0197839)
(3.96724e-07 -1.28836e-06 0.0197038)
(2.90789e-07 -1.28129e-06 0.019593)
(1.85914e-07 -1.31272e-06 0.0194464)
(4.13491e-07 -1.0865e-06 0.0197841)
(3.30204e-07 -1.06035e-06 0.019704)
(2.3679e-07 -1.04442e-06 0.0195932)
(1.46208e-07 -1.0478e-06 0.0194466)
)
;
    }
}


// ************************************************************************* //
