/*--------------------------------*- C++ -*----------------------------------*\
  =========                 |
  \\      /  F ield         | OpenFOAM: The Open Source CFD Toolbox
   \\    /   O peration     | Website:  https://openfoam.org
    \\  /    A nd           | Version:  6
     \\/     M anipulation  |
\*---------------------------------------------------------------------------*/
FoamFile
{
    version     2.0;
    format      ascii;
    class       volVectorField;
    location    "0.1";
    object      U;
}
// * * * * * * * * * * * * * * * * * * * * * * * * * * * * * * * * * * * * * //

dimensions      [0 1 -1 0 0 0 0];

internalField   nonuniform List<vector> 
1152
(
(-0.00233831 0.000742175 0.00164468)
(0.000102503 -0.000542209 0.0172728)
(-0.00650205 -0.00428098 0.00426078)
(7.70771e-05 0.00119518 0.00423394)
(0.000976421 0.00120186 0.0102272)
(-0.00392838 0.000324598 0.018095)
(-0.0106546 -0.00172858 0.00452526)
(0.000394894 0.00139223 0.00890823)
(0.00203169 0.000779711 0.017769)
(-0.00354969 0.000651987 0.0196129)
(-0.00780481 0.0003914 0.0116602)
(-0.00227778 0.000675161 0.00426861)
(0.00333266 -0.00132678 0.0174152)
(-0.00248022 -0.00152592 0.0172507)
(-0.00431822 -0.00150872 0.0161725)
(-0.000707754 0.000438478 0.00595305)
(-0.000663571 0.00124504 0.0293618)
(0.000797526 0.00124277 0.027192)
(0.00213433 0.00120679 0.0274908)
(0.00149241 0.00149183 0.025272)
(-0.00147324 0.000381127 0.0280089)
(0.000295439 0.000728914 0.0274373)
(0.00111553 0.000387001 0.027478)
(0.000816774 0.00142996 0.0200391)
(-0.00235996 0.000895936 0.0277395)
(-0.000246972 0.00118327 0.0274921)
(0.00128072 3.29699e-05 0.0267218)
(0.00032793 0.000386043 0.0192305)
(-0.00211557 0.00171697 0.0287067)
(-0.000652869 0.0025186 0.0276091)
(0.000758094 0.00124458 0.0275892)
(0.000573108 0.00011694 0.0258676)
(-0.000295833 0.000420763 0.0193401)
(0.000310784 0.000773412 0.0196588)
(0.000843932 0.0013321 0.0185881)
(0.000312792 0.00219977 0.0175972)
(-0.000377718 0.000249557 0.019698)
(0.00055663 0.000542703 0.019967)
(0.00127604 0.000817386 0.0185171)
(0.000946751 0.00160863 0.0165538)
(-0.000478073 0.000286625 0.0200797)
(0.000561978 0.000446106 0.0202851)
(0.00151973 0.000223941 0.0189753)
(0.00141 0.00043852 0.0161716)
(-0.000355171 0.000444524 0.0201363)
(0.00040181 0.000588709 0.0200038)
(0.00118643 0.000142988 0.0193247)
(0.00140005 -0.000335842 0.0175532)
(-6.40412e-05 -0.000109446 0.0196468)
(0.000223658 0.000110377 0.019771)
(0.000483211 0.00044775 0.0195434)
(0.000433276 0.000919298 0.0194869)
(2.52191e-05 -0.000108738 0.0199607)
(0.000425115 4.60442e-05 0.0199346)
(0.00080704 0.000284285 0.0194191)
(0.000800288 0.000697922 0.0188653)
(8.96262e-05 -0.000104883 0.0202418)
(0.000515323 -2.39533e-05 0.0200972)
(0.000974937 5.13233e-06 0.0195102)
(0.00107319 0.000140815 0.0185973)
(0.000133347 -3.37522e-05 0.0203818)
(0.000461489 -3.4847e-05 0.0201172)
(0.000833938 -0.000171696 0.0196484)
(0.00102601 -0.000344445 0.0188621)
(5.47758e-05 -0.000264759 0.0196745)
(0.000139943 -0.000124572 0.0196803)
(0.000216083 6.99546e-05 0.0196121)
(0.000224629 0.000332022 0.019576)
(0.000134591 -0.00025533 0.0198883)
(0.000274316 -0.000145336 0.0198032)
(0.000407299 1.00378e-05 0.0195976)
(0.000427443 0.000234896 0.0193578)
(0.00018695 -0.000235441 0.0200684)
(0.000348947 -0.00017382 0.0199066)
(0.000517394 -0.000113213 0.0196238)
(0.000569774 -1.57927e-05 0.0192422)
(0.000199519 -0.000180549 0.0201964)
(0.000333685 -0.000182016 0.0199787)
(0.000474262 -0.000226093 0.0197027)
(0.00054686 -0.000286283 0.0193423)
(9.73855e-05 -0.000253914 0.0196456)
(9.9741e-05 -0.000169259 0.0196317)
(0.000104624 -6.25959e-05 0.0195997)
(0.000105749 6.74095e-05 0.0195738)
(0.000150218 -0.000256009 0.0197882)
(0.000180903 -0.000184538 0.0197224)
(0.000207814 -9.44098e-05 0.0196219)
(0.000207667 1.68042e-05 0.0195068)
(0.000185508 -0.00024674 0.0199052)
(0.000230068 -0.000204446 0.0197954)
(0.000270434 -0.000160909 0.0196482)
(0.000275763 -0.000107925 0.0194702)
(0.000190903 -0.000217541 0.0199951)
(0.000228441 -0.000216505 0.0198581)
(0.00026 -0.000232954 0.0197029)
(0.000267425 -0.000259917 0.019527)
(0.000100021 -0.000201506 0.0196911)
(7.77476e-05 -0.0001542 0.0196685)
(5.90956e-05 -9.84451e-05 0.0196394)
(4.84809e-05 -3.68485e-05 0.0196039)
(0.000131626 -0.00021045 0.0197948)
(0.000122952 -0.000169433 0.0197455)
(0.00011334 -0.000122027 0.0196842)
(9.95269e-05 -7.02424e-05 0.0196138)
(0.000152823 -0.000210676 0.0198785)
(0.000151834 -0.00018696 0.0198065)
(0.000147082 -0.000163191 0.0197224)
(0.000132364 -0.000139236 0.0196272)
(0.000156052 -0.000199565 0.0199451)
(0.000153662 -0.000200161 0.0198606)
(0.000145712 -0.000208455 0.0197715)
(0.000130475 -0.000223707 0.0196768)
(8.65185e-05 -0.000149052 0.0197503)
(6.15595e-05 -0.000124284 0.0197245)
(3.96153e-05 -9.64974e-05 0.0196915)
(2.43304e-05 -6.78478e-05 0.0196465)
(0.000103903 -0.000160022 0.0198301)
(8.5977e-05 -0.000139155 0.0197921)
(6.7873e-05 -0.000115909 0.0197465)
(5.02728e-05 -9.24704e-05 0.0196909)
(0.000115472 -0.00016486 0.0198938)
(0.000101675 -0.000153536 0.0198455)
(8.56319e-05 -0.000142388 0.0197909)
(6.69544e-05 -0.000132582 0.0197277)
(0.000116798 -0.00016214 0.0199446)
(0.000103244 -0.000164171 0.0198914)
(8.63166e-05 -0.00016943 0.0198355)
(6.77988e-05 -0.000178458 0.0197741)
(6.89203e-05 -0.000108087 0.0197997)
(4.87215e-05 -9.52751e-05 0.019774)
(3.00255e-05 -8.14251e-05 0.0197388)
(1.5155e-05 -6.78634e-05 0.0196885)
(7.80825e-05 -0.000118371 0.0198652)
(6.15451e-05 -0.000108174 0.0198349)
(4.47688e-05 -9.70356e-05 0.0197965)
(2.87e-05 -8.62819e-05 0.0197461)
(8.38264e-05 -0.000124051 0.0199161)
(6.96656e-05 -0.000119212 0.019882)
(5.41282e-05 -0.000114352 0.0198414)
(3.78096e-05 -0.000110369 0.0197907)
(8.38487e-05 -0.000124412 0.0199556)
(7.04358e-05 -0.00012673 0.0199202)
(5.50961e-05 -0.000130143 0.0198802)
(3.96653e-05 -0.000135158 0.0198321)
(5.24228e-05 -7.78238e-05 0.0198373)
(3.785e-05 -7.10861e-05 0.0198133)
(2.37198e-05 -6.39528e-05 0.0197775)
(1.13879e-05 -5.71749e-05 0.0197248)
(5.71346e-05 -8.64794e-05 0.0198937)
(4.45957e-05 -8.15064e-05 0.0198688)
(3.16183e-05 -7.60301e-05 0.0198342)
(1.88043e-05 -7.07654e-05 0.019786)
(5.98014e-05 -9.16174e-05 0.0199359)
(4.87577e-05 -8.96964e-05 0.0199103)
(3.6733e-05 -8.75496e-05 0.0198767)
(2.42235e-05 -8.57172e-05 0.0198313)
(5.92586e-05 -9.2872e-05 0.0199673)
(4.90516e-05 -9.48038e-05 0.0199419)
(3.76521e-05 -9.68609e-05 0.0199097)
(2.63056e-05 -9.9384e-05 0.0198671)
(3.8817e-05 -5.59605e-05 0.0198647)
(2.8795e-05 -5.22531e-05 0.0198426)
(1.86575e-05 -4.83451e-05 0.0198072)
(9.17927e-06 -4.46282e-05 0.0197535)
(4.12439e-05 -6.28471e-05 0.0199149)
(3.24506e-05 -6.03198e-05 0.0198938)
(2.31116e-05 -5.74289e-05 0.0198616)
(1.35223e-05 -5.45483e-05 0.0198146)
(4.24385e-05 -6.70737e-05 0.0199511)
(3.46613e-05 -6.63198e-05 0.0199307)
(2.6107e-05 -6.52463e-05 0.0199009)
(1.70393e-05 -6.41656e-05 0.019858)
(4.18108e-05 -6.84378e-05 0.0199765)
(3.47962e-05 -6.98014e-05 0.0199568)
(2.6953e-05 -7.09196e-05 0.0199288)
(1.90135e-05 -7.20155e-05 0.0198886)
(2.8325e-05 -4.02876e-05 0.0198841)
(2.15478e-05 -3.81168e-05 0.0198638)
(1.44319e-05 -3.58071e-05 0.0198291)
(7.42006e-06 -3.35575e-05 0.0197753)
(2.96124e-05 -4.55942e-05 0.0199302)
(2.36348e-05 -4.4205e-05 0.0199116)
(1.71088e-05 -4.25202e-05 0.0198811)
(1.01446e-05 -4.07409e-05 0.019835)
(3.01555e-05 -4.89201e-05 0.019962)
(2.49021e-05 -4.85853e-05 0.0199448)
(1.90131e-05 -4.79257e-05 0.0199173)
(1.25877e-05 -4.71294e-05 0.0198758)
(2.96473e-05 -5.01421e-05 0.0199831)
(2.50286e-05 -5.10061e-05 0.0199668)
(1.97848e-05 -5.1532e-05 0.0199411)
(1.43179e-05 -5.18743e-05 0.0199022)
(2.052e-05 -2.90601e-05 0.0198978)
(1.59438e-05 -2.77023e-05 0.019879)
(1.09825e-05 -2.62321e-05 0.0198451)
(5.8925e-06 -2.47493e-05 0.0197915)
(2.12419e-05 -3.30718e-05 0.0199409)
(1.72144e-05 -3.22295e-05 0.0199243)
(1.26965e-05 -3.1145e-05 0.019895)
(7.70416e-06 -2.99333e-05 0.0198495)
(2.15134e-05 -3.56273e-05 0.0199696)
(1.80141e-05 -3.54275e-05 0.0199546)
(1.39977e-05 -3.49419e-05 0.0199286)
(9.47523e-06 -3.42922e-05 0.0198879)
(2.11671e-05 -3.66445e-05 0.0199875)
(1.81702e-05 -3.71471e-05 0.0199734)
(1.46835e-05 -3.7331e-05 0.0199492)
(1.09205e-05 -3.73103e-05 0.0199111)
(1.48185e-05 -2.0999e-05 0.0199075)
(1.1712e-05 -2.00984e-05 0.0198899)
(8.25229e-06 -1.91044e-05 0.0198566)
(4.59072e-06 -1.80666e-05 0.0198033)
(1.52538e-05 -2.3996e-05 0.0199485)
(1.25359e-05 -2.34359e-05 0.0199332)
(9.40894e-06 -2.26818e-05 0.0199048)
(5.84699e-06 -2.18048e-05 0.0198598)
(1.54154e-05 -2.59319e-05 0.019975)
(1.30863e-05 -2.57731e-05 0.0199613)
(1.03437e-05 -2.53813e-05 0.0199364)
(7.15925e-06 -2.4841e-05 0.0198964)
(1.52064e-05 -2.67476e-05 0.0199905)
(1.32633e-05 -2.70152e-05 0.0199778)
(1.0933e-05 -2.70193e-05 0.0199547)
(8.32709e-06 -2.68471e-05 0.0199172)
(1.06875e-05 -1.51932e-05 0.0199144)
(8.56285e-06 -1.45685e-05 0.0198976)
(6.14338e-06 -1.38676e-05 0.0198649)
(3.51996e-06 -1.31145e-05 0.0198119)
(1.09702e-05 -1.74151e-05 0.0199539)
(9.1255e-06 -1.70164e-05 0.0199395)
(6.95377e-06 -1.6466e-05 0.0199118)
(4.41472e-06 -1.58116e-05 0.0198672)
(1.10857e-05 -1.88679e-05 0.0199787)
(9.5274e-06 -1.87257e-05 0.0199661)
(7.64453e-06 -1.84021e-05 0.0199418)
(5.39558e-06 -1.79584e-05 0.0199023)
(1.0974e-05 -1.95074e-05 0.0199925)
(9.70652e-06 -1.96331e-05 0.0199808)
(8.1351e-06 -1.9554e-05 0.0199584)
(6.31678e-06 -1.93378e-05 0.0199214)
(7.70292e-06 -1.09986e-05 0.0199193)
(6.23895e-06 -1.0552e-05 0.0199031)
(4.54109e-06 -1.00447e-05 0.0198708)
(2.66468e-06 -9.48834e-06 0.0198181)
(7.89817e-06 -1.26366e-05 0.0199577)
(6.63732e-06 -1.23411e-05 0.019944)
(5.12248e-06 -1.19296e-05 0.0199168)
(3.31169e-06 -1.14355e-05 0.0198725)
(7.99057e-06 -1.37192e-05 0.0199813)
(6.94014e-06 -1.35913e-05 0.0199694)
(5.63947e-06 -1.33259e-05 0.0199457)
(4.04586e-06 -1.29688e-05 0.0199065)
(7.94067e-06 -1.42131e-05 0.0199938)
(7.10641e-06 -1.42584e-05 0.0199829)
(6.03664e-06 -1.41498e-05 0.019961)
(4.75932e-06 -1.394e-05 0.0199243)
(5.54612e-06 -7.95791e-06 0.0199228)
(4.53116e-06 -7.63309e-06 0.0199071)
(3.33627e-06 -7.26109e-06 0.0198751)
(1.99554e-06 -6.84729e-06 0.0198225)
(5.68662e-06 -9.15978e-06 0.0199604)
(4.81936e-06 -8.93674e-06 0.0199472)
(3.7587e-06 -8.62636e-06 0.0199204)
(2.46673e-06 -8.25307e-06 0.0198763)
(5.76343e-06 -9.96149e-06 0.0199831)
(5.05014e-06 -9.84997e-06 0.0199717)
(4.14672e-06 -9.63617e-06 0.0199484)
(3.0147e-06 -9.35461e-06 0.0199095)
(5.74948e-06 -1.03384e-05 0.0199948)
(5.19513e-06 -1.03415e-05 0.0199843)
(4.46085e-06 -1.02313e-05 0.0199628)
(3.55916e-06 -1.00485e-05 0.0199264)
(3.98401e-06 -5.74544e-06 0.0199253)
(3.27751e-06 -5.50743e-06 0.0199099)
(2.43552e-06 -5.23356e-06 0.0198782)
(1.47924e-06 -4.92612e-06 0.0198257)
(4.08731e-06 -6.62268e-06 0.0199623)
(3.48807e-06 -6.45367e-06 0.0199495)
(2.74381e-06 -6.21987e-06 0.0199229)
(1.82276e-06 -5.93934e-06 0.019879)
(4.15088e-06 -7.2125e-06 0.0199845)
(3.6638e-06 -7.11875e-06 0.0199734)
(3.034e-06 -6.94999e-06 0.0199504)
(2.2294e-06 -6.73221e-06 0.0199117)
(4.15563e-06 -7.49659e-06 0.0199954)
(3.78448e-06 -7.48017e-06 0.0199853)
(3.27748e-06 -7.38146e-06 0.0199641)
(2.63946e-06 -7.23159e-06 0.0199279)
(2.84832e-06 -4.12805e-06 0.0199271)
(2.35618e-06 -3.9538e-06 0.0199119)
(1.76381e-06 -3.75285e-06 0.0198803)
(1.08449e-06 -3.52599e-06 0.0198281)
(2.92471e-06 -4.76374e-06 0.0199637)
(2.51006e-06 -4.63642e-06 0.0199511)
(1.98824e-06 -4.46172e-06 0.0199247)
(1.33391e-06 -4.25302e-06 0.019881)
(2.97616e-06 -5.19405e-06 0.0199854)
(2.6427e-06 -5.118e-06 0.0199746)
(2.20343e-06 -4.98759e-06 0.0199518)
(1.63298e-06 -4.82231e-06 0.0199132)
(2.98898e-06 -5.40522e-06 0.0199959)
(2.73946e-06 -5.38208e-06 0.019986)
(2.38856e-06 -5.29978e-06 0.019965)
(1.93765e-06 -5.18181e-06 0.019929)
(2.01941e-06 -2.93978e-06 0.0199284)
(1.67796e-06 -2.81323e-06 0.0199134)
(1.26367e-06 -2.66721e-06 0.0198819)
(7.84983e-07 -2.50182e-06 0.0198297)
(2.07561e-06 -3.39543e-06 0.0199647)
(1.78958e-06 -3.30076e-06 0.0199523)
(1.42563e-06 -3.17201e-06 0.019926)
(9.6444e-07 -3.01898e-06 0.0198824)
(2.11608e-06 -3.70565e-06 0.019986)
(1.88821e-06 -3.64601e-06 0.0199754)
(1.58309e-06 -3.54752e-06 0.0199527)
(1.18154e-06 -3.42459e-06 0.0199143)
(2.13099e-06 -3.86012e-06 0.0199962)
(1.96324e-06 -3.83686e-06 0.0199865)
(1.72102e-06 -3.7716e-06 0.0199656)
(1.40425e-06 -3.68174e-06 0.0199297)
(1.41547e-06 -2.06621e-06 0.0199293)
(1.18079e-06 -1.97551e-06 0.0199144)
(8.94232e-07 -1.8709e-06 0.019883)
(5.61387e-07 -1.75238e-06 0.0198309)
(1.4564e-06 -2.3879e-06 0.0199654)
(1.26073e-06 -2.3187e-06 0.0199531)
(1.00947e-06 -2.22545e-06 0.0199269)
(6.88738e-07 -2.11529e-06 0.0198833)
(1.48742e-06 -2.60801e-06 0.0199865)
(1.33273e-06 -2.56265e-06 0.019976)
(1.12271e-06 -2.48999e-06 0.0199534)
(8.43561e-07 -2.4005e-06 0.0199151)
(1.50152e-06 -2.71899e-06 0.0199964)
(1.38918e-06 -2.69851e-06 0.0199868)
(1.22322e-06 -2.64872e-06 0.0199661)
(1.00307e-06 -2.58216e-06 0.0199303)
(9.85763e-07 -1.43747e-06 0.0199299)
(8.25679e-07 -1.37283e-06 0.0199151)
(6.29139e-07 -1.29828e-06 0.0198838)
(4.00609e-07 -1.21389e-06 0.0198317)
(1.01576e-06 -1.66183e-06 0.0199658)
(8.8274e-07 -1.61157e-06 0.0199536)
(7.10671e-07 -1.54457e-06 0.0199275)
(4.90806e-07 -1.46593e-06 0.019884)
(1.03946e-06 -1.81608e-06 0.0199868)
(9.34905e-07 -1.78199e-06 0.0199764)
(7.91297e-07 -1.72896e-06 0.0199539)
(5.99724e-07 -1.66441e-06 0.0199156)
(1.05194e-06 -1.89481e-06 0.0199966)
(9.76791e-07 -1.87768e-06 0.0199871)
(8.63559e-07 -1.84032e-06 0.0199664)
(7.11829e-07 -1.79155e-06 0.0199307)
(7.07521e-07 -1.03236e-06 0.0199303)
(5.96237e-07 -9.85162e-07 0.0199155)
(4.59475e-07 -9.31293e-07 0.0198843)
(3.01887e-07 -8.7166e-07 0.0198322)
(7.30713e-07 -1.19367e-06 0.0199662)
(6.38117e-07 -1.15595e-06 0.019954)
(5.17831e-07 -1.10671e-06 0.019928)
(3.66244e-07 -1.05001e-06 0.0198845)
(7.49801e-07 -1.30506e-06 0.019987)
(6.77165e-07 -1.27839e-06 0.0199767)
(5.76416e-07 -1.23839e-06 0.0199542)
(4.43345e-07 -1.19042e-06 0.019916)
(7.61243e-07 -1.36264e-06 0.0199967)
(7.09397e-07 -1.34777e-06 0.0199872)
(6.2977e-07 -1.31856e-06 0.0199666)
(5.22658e-07 -1.28111e-06 0.0199309)
(5.69181e-07 -8.74721e-07 0.0199307)
(4.75588e-07 -8.31515e-07 0.019916)
(3.60517e-07 -7.78453e-07 0.0198848)
(2.32538e-07 -7.17445e-07 0.0198328)
(5.91835e-07 -1.0102e-06 0.0199665)
(5.15826e-07 -9.75235e-07 0.0199544)
(4.17001e-07 -9.28533e-07 0.0199284)
(2.98458e-07 -8.73071e-07 0.0198849)
(6.10667e-07 -1.10502e-06 0.0199872)
(5.52234e-07 -1.07955e-06 0.0199769)
(4.70863e-07 -1.04175e-06 0.0199545)
(3.68017e-07 -9.95316e-07 0.0199163)
(6.23121e-07 -1.15477e-06 0.0199968)
(5.82495e-07 -1.1391e-06 0.0199874)
(5.18962e-07 -1.11071e-06 0.0199668)
(4.34738e-07 -1.07409e-06 0.0199312)
(0.0190613 0.00400014 0.0182558)
(0.00737472 0.00371393 0.00427404)
(-0.000373348 -0.00114621 0.0158864)
(0.00228495 0.00268527 0.00160542)
(0.00329817 0.00740707 0.0197598)
(-0.00135842 0.00858509 0.0120675)
(-0.00352102 0.00830459 0.00513637)
(-0.00227748 0.00304526 0.00489677)
(0.000536153 0.00176108 0.0186396)
(-0.00232114 0.00416894 0.0192834)
(-0.00330106 0.000964277 0.0155079)
(-0.000729651 0.000385391 0.00837614)
(0.000974806 -0.00078844 0.0117375)
(-0.00108141 0.000451589 0.0183623)
(0.00554746 -0.000188384 0.00490068)
(0.00605711 0.000548179 0.00385295)
(0.00525439 0.000101942 0.0288918)
(0.0029364 0.000325201 0.0300494)
(0.00252062 0.00165406 0.0270325)
(0.00217368 0.000645536 0.0373112)
(0.000719803 0.000262036 0.0251503)
(0.00229988 0.000714851 0.0278897)
(0.0025561 0.00200259 0.0284057)
(0.0019196 -0.000113349 0.0359459)
(-0.00121426 0.00129395 0.0248857)
(0.000961212 0.00138978 0.0266003)
(0.00251231 0.00200959 0.0284454)
(0.00188692 0.000956669 0.0331886)
(-0.000914881 0.00194334 0.0260406)
(0.000890077 0.00200028 0.026172)
(0.00298946 0.00258713 0.0275654)
(0.00216322 0.00180046 0.0301724)
(-0.00035994 2.68585e-05 0.0171164)
(-0.000166392 0.000165701 0.0181976)
(-0.000203272 0.000269765 0.0187718)
(8.65525e-05 0.000676079 0.0194678)
(-0.000909243 7.5934e-05 0.0181041)
(-0.000203941 0.00044731 0.0188726)
(-0.00018527 0.000687059 0.018874)
(-0.000233076 0.00119775 0.019709)
(-0.00105449 0.000233488 0.0187901)
(-0.000305741 0.000577333 0.0195278)
(2.44128e-05 0.000997188 0.019365)
(-9.03649e-05 0.0016791 0.0194574)
(-0.000663209 0.000471442 0.018946)
(-7.50553e-05 0.000842754 0.0194835)
(0.000351917 0.0013627 0.0188495)
(0.000156242 0.00203267 0.0186669)
(-0.000599906 -0.000110784 0.0181828)
(-0.000414403 -7.42587e-05 0.0190206)
(-0.000203764 -3.2948e-05 0.0198412)
(0.000160243 0.000294979 0.0210762)
(-0.000594599 -0.000194577 0.0185695)
(-0.000354966 1.26986e-05 0.0192013)
(-0.000165908 0.000146747 0.0198281)
(5.98391e-05 0.000529235 0.020865)
(-0.000488276 -0.000186995 0.0190007)
(-0.000240232 8.29968e-05 0.0195031)
(-3.39562e-05 0.000368325 0.0198872)
(8.83669e-05 0.000793027 0.0205235)
(-0.00026064 -0.000134469 0.0193068)
(-2.46492e-05 0.000135008 0.0196198)
(0.000183876 0.000464439 0.0197021)
(0.000232654 0.000876069 0.0200583)
(-0.000263552 -9.05588e-05 0.0185445)
(-0.000321689 -0.000101871 0.0189586)
(-0.000255508 -0.000102094 0.0193822)
(3.60308e-06 0.00010203 0.0198933)
(-0.000231062 -0.000193123 0.0188396)
(-0.00025439 -0.000100405 0.0191705)
(-0.00020217 -1.56102e-05 0.0195198)
(-2.74969e-05 0.000224107 0.0199305)
(-0.000160264 -0.000241599 0.019143)
(-0.00014849 -9.348e-05 0.0193759)
(-9.73173e-05 6.69938e-05 0.0195927)
(1.29372e-05 0.00031977 0.0198521)
(-5.0481e-05 -0.000261321 0.0194102)
(-8.03407e-06 -0.000104567 0.0195214)
(4.33362e-05 7.7695e-05 0.0195892)
(0.000101336 0.000320447 0.0197151)
(-7.56278e-05 -5.73708e-05 0.0188198)
(-0.000181951 -7.43011e-05 0.0190234)
(-0.000182025 -8.97104e-05 0.0192586)
(-4.75566e-05 -1.36644e-06 0.0195024)
(-5.7162e-05 -0.000141763 0.0190505)
(-0.00013813 -0.000101559 0.0192133)
(-0.000143375 -6.27201e-05 0.0193992)
(-4.94402e-05 4.67036e-05 0.0195826)
(-1.90737e-05 -0.00019886 0.0192699)
(-6.9878e-05 -0.000122435 0.0193775)
(-7.56012e-05 -3.94922e-05 0.0194907)
(-1.75932e-05 8.06989e-05 0.0196028)
(3.78747e-05 -0.000236238 0.0194648)
(1.43546e-05 -0.000149285 0.0195069)
(9.20396e-06 -5.15356e-05 0.0195419)
(3.63356e-05 6.99111e-05 0.019589)
(1.06087e-06 -3.54582e-05 0.0190461)
(-8.95196e-05 -4.72052e-05 0.0191351)
(-0.000111451 -6.39132e-05 0.0192453)
(-5.60562e-05 -3.55613e-05 0.0193436)
(1.20625e-05 -9.77075e-05 0.0192395)
(-6.20441e-05 -7.88699e-05 0.0193073)
(-8.49258e-05 -6.34176e-05 0.0193882)
(-4.79255e-05 -2.07403e-05 0.0194527)
(3.40384e-05 -0.000145454 0.0194118)
(-2.08603e-05 -0.000105718 0.0194502)
(-4.30603e-05 -6.48449e-05 0.0194928)
(-2.35213e-05 -1.27217e-05 0.0195217)
(6.60215e-05 -0.000180746 0.0195605)
(2.88294e-05 -0.000134367 0.0195648)
(6.9103e-06 -8.3725e-05 0.0195678)
(1.07124e-05 -2.58733e-05 0.0195635)
(2.90383e-05 -2.1679e-05 0.0192046)
(-3.64844e-05 -2.79983e-05 0.0192354)
(-6.25193e-05 -4.17409e-05 0.0192752)
(-4.70831e-05 -3.95704e-05 0.0193052)
(3.59681e-05 -6.58145e-05 0.0193788)
(-1.91714e-05 -5.61453e-05 0.0193975)
(-4.44026e-05 -5.14344e-05 0.0194189)
(-3.67687e-05 -3.90319e-05 0.0194262)
(4.91658e-05 -0.00010202 0.0195257)
(5.57246e-06 -8.1066e-05 0.019529)
(-1.8551e-05 -6.19732e-05 0.0195297)
(-1.85095e-05 -4.15092e-05 0.0195165)
(6.75469e-05 -0.000130613 0.0196477)
(3.4542e-05 -0.000106148 0.0196344)
(1.11193e-05 -8.09475e-05 0.0196151)
(4.02525e-06 -5.377e-05 0.0195828)
(3.56138e-05 -1.32769e-05 0.0193107)
(-9.17695e-06 -1.59954e-05 0.0193134)
(-3.26917e-05 -2.61642e-05 0.0193171)
(-3.46798e-05 -3.32849e-05 0.0193143)
(4.00175e-05 -4.42346e-05 0.0194743)
(1.89808e-06 -3.87707e-05 0.0194694)
(-2.01025e-05 -3.82697e-05 0.0194603)
(-2.49815e-05 -3.78821e-05 0.0194399)
(4.79664e-05 -7.08514e-05 0.0196071)
(1.68854e-05 -5.9582e-05 0.0195941)
(-3.62061e-06 -5.07508e-05 0.0195736)
(-1.12753e-05 -4.37942e-05 0.0195394)
(5.85087e-05 -9.28403e-05 0.0197136)
(3.38077e-05 -7.99517e-05 0.0196928)
(1.43198e-05 -6.72752e-05 0.0196624)
(4.12428e-06 -5.41708e-05 0.0196163)
(3.30786e-05 -8.26773e-06 0.0193816)
(3.01552e-06 -9.03058e-06 0.0193716)
(-1.59963e-05 -1.61938e-05 0.0193577)
(-2.36649e-05 -2.49954e-05 0.0193401)
(3.58804e-05 -2.99824e-05 0.0195392)
(1.0249e-05 -2.65857e-05 0.0195237)
(-7.10819e-06 -2.745e-05 0.0195)
(-1.55408e-05 -3.08192e-05 0.019467)
(4.06796e-05 -4.92852e-05 0.0196639)
(1.94935e-05 -4.29622e-05 0.0196442)
(3.6706e-06 -3.88404e-05 0.0196135)
(-5.43508e-06 -3.71758e-05 0.0195698)
(4.67481e-05 -6.57682e-05 0.0197613)
(2.9539e-05 -5.87898e-05 0.0197383)
(1.48426e-05 -5.21681e-05 0.0197028)
(5.2286e-06 -4.54581e-05 0.0196503)
(2.7432e-05 -5.27926e-06 0.0194293)
(7.21797e-06 -5.15248e-06 0.0194139)
(-7.38305e-06 -1.0124e-05 0.0193917)
(-1.58346e-05 -1.79705e-05 0.0193669)
(2.92238e-05 -2.05764e-05 0.0195832)
(1.20516e-05 -1.83098e-05 0.0195635)
(-1.03272e-06 -1.94136e-05 0.019533)
(-9.40623e-06 -2.32916e-05 0.0194938)
(3.21522e-05 -3.45076e-05 0.0197032)
(1.79098e-05 -3.07618e-05 0.0196812)
(6.21963e-06 -2.8754e-05 0.0196459)
(-1.96525e-06 -2.8853e-05 0.0195976)
(3.56954e-05 -4.66978e-05 0.0197949)
(2.404e-05 -4.27321e-05 0.0197719)
(1.34257e-05 -3.90455e-05 0.0197346)
(5.56436e-06 -3.52317e-05 0.0196792)
(2.14715e-05 -3.46482e-06 0.0194617)
(7.74831e-06 -3.01473e-06 0.0194444)
(-3.13317e-06 -6.44923e-06 0.0194184)
(-1.05562e-05 -1.27024e-05 0.01939)
(2.26278e-05 -1.43041e-05 0.0196133)
(1.10433e-05 -1.27237e-05 0.0195923)
(1.43284e-06 -1.36876e-05 0.0195587)
(-5.62736e-06 -1.70469e-05 0.0195166)
(2.44455e-05 -2.43518e-05 0.0197304)
(1.48595e-05 -2.20079e-05 0.019708)
(6.41721e-06 -2.09532e-05 0.0196709)
(-1.73746e-07 -2.15153e-05 0.0196203)
(2.65638e-05 -3.33016e-05 0.0198185)
(1.87223e-05 -3.09142e-05 0.0197963)
(1.12055e-05 -2.87016e-05 0.0197585)
(5.19341e-06 -2.63103e-05 0.0197019)
(1.62748e-05 -2.33214e-06 0.019484)
(6.84647e-06 -1.82307e-06 0.0194663)
(-1.13055e-06 -4.20038e-06 0.0194386)
(-7.07511e-06 -8.93104e-06 0.0194084)
(1.70306e-05 -1.00562e-05 0.0196341)
(9.12929e-06 -8.9257e-06 0.019613)
(2.16424e-06 -9.66696e-06 0.0195781)
(-3.36924e-06 -1.22915e-05 0.0195345)
(1.81831e-05 -1.7309e-05 0.0197493)
(1.16783e-05 -1.57699e-05 0.0197273)
(5.64417e-06 -1.51583e-05 0.0196895)
(6.13179e-07 -1.57304e-05 0.0196379)
(1.94879e-05 -2.38536e-05 0.019835)
(1.41908e-05 -2.23325e-05 0.0198138)
(8.90437e-06 -2.09062e-05 0.0197761)
(4.4611e-06 -1.92826e-05 0.0197191)
(1.21078e-05 -1.60258e-06 0.0194995)
(5.55866e-06 -1.1409e-06 0.0194821)
(-2.35297e-07 -2.79302e-06 0.0194537)
(-4.78206e-06 -6.27883e-06 0.0194224)
(1.26088e-05 -7.13222e-06 0.0196486)
(7.15975e-06 -6.31157e-06 0.0196279)
(2.14641e-06 -6.84862e-06 0.0195925)
(-2.02972e-06 -8.80397e-06 0.019548)
(1.3356e-05 -1.23737e-05 0.0197625)
(8.89792e-06 -1.13235e-05 0.0197411)
(4.60296e-06 -1.09311e-05 0.0197032)
(8.70536e-07 -1.13877e-05 0.0196511)
(1.41858e-05 -1.71484e-05 0.0198466)
(1.05783e-05 -1.61312e-05 0.0198264)
(6.86395e-06 -1.5158e-05 0.0197889)
(3.63907e-06 -1.39964e-05 0.0197319)
(8.90646e-06 -1.11863e-06 0.0195105)
(4.3169e-06 -7.36687e-07 0.0194933)
(1.30765e-07 -1.8897e-06 0.0194647)
(-3.26068e-06 -4.42259e-06 0.0194328)
(9.24312e-06 -5.09067e-06 0.0196589)
(5.44981e-06 -4.48994e-06 0.0196385)
(1.85375e-06 -4.86669e-06 0.019603)
(-1.23269e-06 -6.28885e-06 0.0195581)
(9.73787e-06 -8.88206e-06 0.0197719)
(6.65412e-06 -8.14502e-06 0.0197511)
(3.60091e-06 -7.87178e-06 0.0197132)
(8.7545e-07 -8.20279e-06 0.0196609)
(1.02817e-05 -1.23603e-05 0.0198549)
(7.8034e-06 -1.16546e-05 0.0198353)
(5.18969e-06 -1.09639e-05 0.0197982)
(2.87168e-06 -1.01082e-05 0.0197412)
(6.50402e-06 -7.89516e-07 0.0195182)
(3.26665e-06 -4.88304e-07 0.0195014)
(2.519e-07 -1.29602e-06 0.0194727)
(-2.2411e-06 -3.1225e-06 0.0194405)
(6.73294e-06 -3.64863e-06 0.0196661)
(4.07305e-06 -3.20709e-06 0.0196462)
(1.49832e-06 -3.46654e-06 0.0196107)
(-7.55045e-07 -4.48789e-06 0.0195655)
(7.06648e-06 -6.39199e-06 0.0197786)
(4.91716e-06 -5.86494e-06 0.0197582)
(2.74686e-06 -5.66446e-06 0.0197205)
(7.74873e-07 -5.89304e-06 0.019668)
(7.4321e-06 -8.92236e-06 0.0198608)
(5.71627e-06 -8.42036e-06 0.0198417)
(3.87313e-06 -7.91849e-06 0.0198049)
(2.21572e-06 -7.27965e-06 0.019748)
(4.72402e-06 -5.61167e-07 0.0195237)
(2.43086e-06 -3.3035e-07 0.0195072)
(2.65065e-07 -8.97799e-07 0.0194785)
(-1.55052e-06 -2.20888e-06 0.0194461)
(4.88112e-06 -2.62048e-06 0.0196713)
(3.00677e-06 -2.29573e-06 0.0196517)
(1.16585e-06 -2.47252e-06 0.0196162)
(-4.66499e-07 -3.20094e-06 0.0195708)
(5.10916e-06 -4.60429e-06 0.0197833)
(3.60285e-06 -4.22326e-06 0.0197633)
(2.06018e-06 -4.07227e-06 0.0197257)
(6.41666e-07 -4.22593e-06 0.0196731)
(5.35985e-06 -6.44177e-06 0.019865)
(4.1647e-06 -6.07928e-06 0.0198463)
(2.86269e-06 -5.7103e-06 0.0198097)
(1.68144e-06 -5.23182e-06 0.0197529)
(3.41333e-06 -4.00174e-07 0.0195277)
(1.78644e-06 -2.2679e-07 0.0195114)
(2.35105e-07 -6.25971e-07 0.0194827)
(-1.07758e-06 -1.56349e-06 0.0194502)
(3.52181e-06 -1.88154e-06 0.019675)
(2.19796e-06 -1.64331e-06 0.0196556)
(8.84462e-07 -1.76303e-06 0.0196202)
(-2.9071e-07 -2.28009e-06 0.0195747)
(3.67919e-06 -3.31291e-06 0.0197867)
(2.62042e-06 -3.03628e-06 0.019767)
(1.52496e-06 -2.92174e-06 0.0197294)
(5.0948e-07 -3.02341e-06 0.0196769)
(3.85333e-06 -4.64313e-06 0.0198679)
(3.01783e-06 -4.37963e-06 0.0198496)
(2.09774e-06 -4.10757e-06 0.0198132)
(1.25835e-06 -3.75033e-06 0.0197565)
(2.44986e-06 -2.85162e-07 0.0195305)
(1.29779e-06 -1.5705e-07 0.0195144)
(1.92063e-07 -4.37424e-07 0.0194858)
(-7.49715e-07 -1.10432e-06 0.0194531)
(2.52497e-06 -1.34647e-06 0.0196776)
(1.59103e-06 -1.17277e-06 0.0196584)
(6.57805e-07 -1.25345e-06 0.0196231)
(-1.82411e-07 -1.61857e-06 0.0195775)
(2.63405e-06 -2.37422e-06 0.0197891)
(1.89023e-06 -2.17373e-06 0.0197696)
(1.11493e-06 -2.08727e-06 0.0197321)
(3.92193e-07 -2.15387e-06 0.0196796)
(2.75577e-06 -3.33184e-06 0.0198701)
(2.17155e-06 -3.14044e-06 0.019852)
(1.52283e-06 -2.94065e-06 0.0198157)
(9.2897e-07 -2.67618e-06 0.019759)
(1.74124e-06 -2.02119e-07 0.0195325)
(9.30777e-07 -1.08936e-07 0.0195165)
(1.49467e-07 -3.04553e-07 0.0194879)
(-5.19063e-07 -7.74632e-07 0.0194552)
(1.79325e-06 -9.56433e-07 0.0196795)
(1.1383e-06 -8.31031e-07 0.0196604)
(4.80535e-07 -8.84944e-07 0.0196251)
(-1.14366e-07 -1.1405e-06 0.0195795)
(1.8688e-06 -1.68781e-06 0.0197908)
(1.34898e-06 -1.54359e-06 0.0197714)
(8.04227e-07 -1.47912e-06 0.0197341)
(2.9429e-07 -1.52232e-06 0.0196815)
(1.95383e-06 -2.37058e-06 0.0198716)
(1.54715e-06 -2.23256e-06 0.0198536)
(1.09267e-06 -2.08734e-06 0.0198175)
(6.75578e-07 -1.89426e-06 0.0197608)
(1.22171e-06 -1.41921e-07 0.0195339)
(6.58567e-07 -7.50215e-08 0.019518)
(1.14015e-07 -2.09413e-07 0.0194894)
(-3.53622e-07 -5.35816e-07 0.0194567)
(1.25784e-06 -6.71719e-07 0.0196808)
(8.03836e-07 -5.82263e-07 0.0196618)
(3.46205e-07 -6.17561e-07 0.0196265)
(-6.93417e-08 -7.93858e-07 0.019581)
(1.31002e-06 -1.18522e-06 0.019792)
(9.50658e-07 -1.08267e-06 0.0197727)
(5.72475e-07 -1.03531e-06 0.0197354)
(2.16919e-07 -1.06305e-06 0.0196828)
(1.36917e-06 -1.66517e-06 0.0198727)
(1.08888e-06 -1.56678e-06 0.0198548)
(7.7404e-07 -1.46279e-06 0.0198187)
(4.83906e-07 -1.32487e-06 0.0197621)
(8.48865e-07 -9.9214e-08 0.0195349)
(4.62198e-07 -5.12173e-08 0.0195191)
(8.73195e-08 -1.41468e-07 0.0194905)
(-2.34729e-07 -3.63385e-07 0.0194577)
(8.74744e-07 -4.68203e-07 0.0196817)
(5.63277e-07 -4.04584e-07 0.0196628)
(2.48176e-07 -4.26577e-07 0.0196275)
(-3.87829e-08 -5.45265e-07 0.0195819)
(9.11207e-07 -8.24669e-07 0.0197929)
(6.64969e-07 -7.52131e-07 0.0197736)
(4.04687e-07 -7.17435e-07 0.0197364)
(1.58551e-07 -7.34475e-07 0.0196838)
(9.5267e-07 -1.15801e-06 0.0198734)
(7.60937e-07 -1.08819e-06 0.0198556)
(5.44447e-07 -1.01441e-06 0.0198196)
(3.42914e-07 -9.18039e-07 0.019763)
(6.04034e-07 -7.37921e-08 0.0195355)
(3.36144e-07 -3.78306e-08 0.0195198)
(7.60476e-08 -9.7418e-08 0.0194912)
(-1.50065e-07 -2.49932e-07 0.0194584)
(6.24302e-07 -3.40057e-07 0.0196823)
(4.08326e-07 -2.93633e-07 0.0196635)
(1.89665e-07 -3.06657e-07 0.0196282)
(-1.31059e-08 -3.88428e-07 0.0195826)
(6.51448e-07 -5.93307e-07 0.0197934)
(4.80351e-07 -5.40397e-07 0.0197742)
(2.99065e-07 -5.14172e-07 0.019737)
(1.22629e-07 -5.27129e-07 0.0196844)
(6.82304e-07 -8.31008e-07 0.0198739)
(5.49012e-07 -7.79673e-07 0.0198562)
(3.98026e-07 -7.26413e-07 0.0198201)
(2.51086e-07 -6.62695e-07 0.0197636)
(4.69814e-07 -5.8346e-08 0.0195362)
(2.47639e-07 -3.23216e-08 0.0195204)
(3.63579e-08 -8.36202e-08 0.0194919)
(-1.31384e-07 -1.99761e-07 0.0194591)
(4.90423e-07 -2.80493e-07 0.0196829)
(3.05869e-07 -2.44495e-07 0.0196641)
(1.22852e-07 -2.57828e-07 0.0196289)
(-3.26361e-08 -3.17945e-07 0.0195833)
(5.15945e-07 -5.0472e-07 0.019794)
(3.68046e-07 -4.61683e-07 0.0197748)
(2.13824e-07 -4.39454e-07 0.0197376)
(7.2838e-08 -4.42378e-07 0.019685)
(5.43904e-07 -7.0626e-07 0.0198744)
(4.2822e-07 -6.61108e-07 0.0198567)
(2.9852e-07 -6.1288e-07 0.0198207)
(1.73439e-07 -5.5762e-07 0.0197642)
(0.00341881 -0.000509411 0.00436285)
(0.00124002 0.00298648 0.00921249)
(-0.000952316 -0.000615387 0.00701564)
(0.000184506 -0.00243057 0.00227135)
(0.00458393 0.00180402 0.00978534)
(0.0052479 -0.00829704 0.00260734)
(-0.0082481 0.00322065 0.0211602)
(0.00394105 0.00148444 0.0239664)
(-0.00478447 -0.00405651 0.0113002)
(-0.00275121 -0.00276022 0.00410512)
(0.00120338 0.000737681 0.00329051)
(0.000207536 0.00129905 0.00594858)
(-0.00239277 -0.000613594 0.00965473)
(0.00177454 0.00304692 0.00370957)
(0.00434153 0.00347639 0.0052514)
(0.00340524 0.0096332 0.0151757)
(-0.000143602 0.00114418 0.0283241)
(-0.000460971 0.000438404 0.0336198)
(-0.000392303 -0.00205467 0.0359697)
(-0.000888162 -0.00265181 0.0346742)
(-0.000322472 0.0015812 0.018668)
(-0.00231485 0.00203858 0.0213736)
(-0.00327713 0.00268468 0.0345354)
(-0.000121833 0.00143466 0.0326139)
(-0.000307185 0.000223106 0.0183035)
(-0.00022225 0.00137195 0.0191496)
(0.000158772 0.00362159 0.0258969)
(0.000963449 0.00388186 0.0262586)
(0.000228234 0.00025132 0.0234901)
(0.000373888 0.00109753 0.0237584)
(-0.000176426 0.00296583 0.0213226)
(-9.39618e-05 0.00498381 0.0188167)
(-0.000127872 0.00229286 0.0181873)
(-0.00016564 0.00209183 0.0193888)
(2.63667e-05 0.00150829 0.0197933)
(0.000477907 0.00107274 0.0191544)
(0.000408653 0.00235099 0.0163255)
(-0.000229321 0.00300109 0.0174349)
(-0.000285415 0.00319027 0.0202487)
(0.000733725 0.00277962 0.0204728)
(0.00107239 0.000990996 0.0154587)
(0.000691843 0.00197478 0.0150527)
(0.000442312 0.00304549 0.0159101)
(0.000783077 0.00341086 0.0159853)
(0.00133216 -0.000155771 0.0163437)
(0.00111619 0.000538063 0.0152368)
(0.000528209 0.00169021 0.0142167)
(0.000236552 0.00252279 0.0140017)
(0.000272594 0.00109388 0.0198549)
(0.000222083 0.00108626 0.0203685)
(0.000365819 0.000895932 0.0206843)
(0.000534422 0.000753881 0.0207394)
(0.000571898 0.00110527 0.0188346)
(0.000316785 0.0014737 0.0192365)
(0.000355303 0.00159669 0.0198394)
(0.000623485 0.00152089 0.0200285)
(0.000923801 0.000476227 0.0181032)
(0.000716973 0.00101637 0.017807)
(0.000607979 0.00153562 0.0177865)
(0.000582919 0.00177953 0.0177457)
(0.00102288 -0.000263137 0.0181779)
(0.000923229 7.22392e-05 0.0174814)
(0.000658516 0.000557919 0.0168617)
(0.000292828 0.000872371 0.016557)
(0.000186801 0.000456293 0.0196287)
(0.0001583 0.000510797 0.0197696)
(0.000209027 0.000486243 0.0198303)
(0.000295386 0.000439966 0.019744)
(0.000372374 0.000449825 0.0192672)
(0.000281601 0.000649137 0.019344)
(0.000286242 0.000755455 0.0194316)
(0.000358534 0.000772319 0.0193576)
(0.000532212 0.000152137 0.0189624)
(0.000447626 0.000403732 0.0187737)
(0.000377425 0.000634264 0.018624)
(0.000295755 0.000758329 0.0184217)
(0.000549772 -0.000272672 0.018997)
(0.000501751 -0.000167586 0.0186416)
(0.000369929 -2.06161e-05 0.0182634)
(0.000147895 6.46481e-05 0.0179328)
(9.27917e-05 0.000132932 0.0195566)
(7.15859e-05 0.00017258 0.0195721)
(8.43961e-05 0.000178246 0.0195468)
(0.00011277 0.000166434 0.0194516)
(0.000193795 0.000117223 0.0194278)
(0.000154002 0.000215301 0.019405)
(0.000145115 0.000275994 0.0193647)
(0.000151618 0.000296311 0.0192482)
(0.000262954 -3.57818e-05 0.0193136)
(0.00022182 7.10499e-05 0.0191816)
(0.00017641 0.000165514 0.0190406)
(0.000111848 0.000217841 0.0188564)
(0.00026044 -0.000271607 0.0193493)
(0.00023165 -0.000252941 0.0191564)
(0.000166863 -0.000222275 0.0189327)
(5.46426e-05 -0.000209908 0.0186957)
(3.65318e-05 -5.57487e-06 0.0195559)
(1.78287e-05 2.01076e-05 0.0195151)
(1.49134e-05 3.02689e-05 0.019445)
(1.91474e-05 2.99633e-05 0.0193313)
(8.97077e-05 -2.58704e-05 0.0195417)
(6.36751e-05 2.12948e-05 0.0194792)
(5.07413e-05 5.26937e-05 0.0193934)
(4.06167e-05 6.58766e-05 0.01926)
(0.000120372 -0.000111091 0.0195266)
(9.37211e-05 -6.71106e-05 0.0194211)
(6.54315e-05 -2.93554e-05 0.0192939)
(2.46134e-05 -8.90614e-06 0.0191292)
(0.000117441 -0.000237783 0.0195728)
(9.77223e-05 -0.000241311 0.0194493)
(6.66008e-05 -0.000240964 0.0192956)
(1.30387e-05 -0.000245944 0.0191108)
(1.2235e-05 -5.33532e-05 0.0195853)
(-3.67324e-06 -3.6631e-05 0.0195202)
(-1.17933e-05 -2.71368e-05 0.0194305)
(-1.69167e-05 -2.35008e-05 0.0193087)
(4.04855e-05 -7.29201e-05 0.0196217)
(2.03127e-05 -4.95481e-05 0.0195443)
(7.04062e-06 -3.311e-05 0.0194428)
(-6.13765e-06 -2.53692e-05 0.0193046)
(5.52242e-05 -0.000121939 0.0196503)
(3.54652e-05 -0.000103443 0.0195571)
(1.65425e-05 -8.80525e-05 0.0194384)
(-8.77103e-06 -8.06029e-05 0.0192839)
(5.45944e-05 -0.000188236 0.0196993)
(4.00729e-05 -0.000193867 0.0196031)
(2.35285e-05 -0.000198225 0.0194768)
(-2.37226e-06 -0.000204902 0.0193142)
(4.35608e-06 -6.08228e-05 0.0196218)
(-8.58064e-06 -4.94156e-05 0.0195465)
(-1.7474e-05 -4.14022e-05 0.0194482)
(-2.52704e-05 -3.67718e-05 0.019323)
(1.99224e-05 -7.71582e-05 0.0196781)
(3.96091e-06 -6.4629e-05 0.0195952)
(-7.94196e-06 -5.52461e-05 0.0194879)
(-2.02079e-05 -5.04172e-05 0.0193486)
(2.78579e-05 -0.000106003 0.0197225)
(1.27749e-05 -9.74612e-05 0.0196345)
(-8.10496e-07 -9.05698e-05 0.0195197)
(-1.73532e-05 -8.79139e-05 0.0193704)
(2.8771e-05 -0.000140538 0.0197679)
(1.77902e-05 -0.00014401 0.0196815)
(7.51959e-06 -0.000147217 0.0195652)
(-6.19854e-06 -0.000152188 0.0194119)
(2.6103e-06 -5.3362e-05 0.0196558)
(-7.54727e-06 -4.52776e-05 0.0195766)
(-1.54516e-05 -3.88074e-05 0.0194749)
(-2.31126e-05 -3.44125e-05 0.0193487)
(1.16781e-05 -6.60085e-05 0.0197188)
(-7.40946e-07 -5.85958e-05 0.0196339)
(-1.06043e-05 -5.2669e-05 0.0195245)
(-2.08794e-05 -4.93783e-05 0.0193853)
(1.64847e-05 -8.34859e-05 0.0197668)
(5.00462e-06 -7.88938e-05 0.019681)
(-5.09837e-06 -7.52727e-05 0.0195678)
(-1.65928e-05 -7.4255e-05 0.019421)
(1.80566e-05 -0.000101849 0.0198066)
(9.70812e-06 -0.000103312 0.0197234)
(2.48958e-06 -0.000104926 0.0196103)
(-5.85862e-06 -0.000108144 0.0194607)
(2.45643e-06 -4.22875e-05 0.0196838)
(-5.31245e-06 -3.64258e-05 0.0196032)
(-1.17242e-05 -3.13642e-05 0.0195004)
(-1.82463e-05 -2.76687e-05 0.0193741)
(8.08429e-06 -5.17181e-05 0.0197479)
(-1.38946e-06 -4.69287e-05 0.0196626)
(-9.1801e-06 -4.28865e-05 0.0195526)
(-1.73542e-05 -4.05196e-05 0.0194137)
(1.12942e-05 -6.26908e-05 0.0197952)
(2.63387e-06 -5.98135e-05 0.0197104)
(-4.96936e-06 -5.757e-05 0.0195979)
(-1.32949e-05 -5.70958e-05 0.0194523)
(1.29939e-05 -7.2876e-05 0.0198295)
(6.65899e-06 -7.31683e-05 0.0197473)
(1.23562e-06 -7.37663e-05 0.0196352)
(-4.50466e-06 -7.57835e-05 0.019487)
(2.44076e-06 -3.19707e-05 0.0197055)
(-3.40246e-06 -2.7684e-05 0.0196247)
(-8.36761e-06 -2.38155e-05 0.0195216)
(-1.35664e-05 -2.08947e-05 0.0193956)
(6.13685e-06 -3.8864e-05 0.0197687)
(-9.81511e-07 -3.55766e-05 0.0196836)
(-6.95529e-06 -3.26958e-05 0.0195735)
(-1.32685e-05 -3.09542e-05 0.019435)
(8.41976e-06 -4.59963e-05 0.0198139)
(1.94226e-06 -4.39963e-05 0.0197298)
(-3.78015e-06 -4.24424e-05 0.0196178)
(-9.93751e-06 -4.21593e-05 0.0194728)
(9.98665e-06 -5.19588e-05 0.0198438)
(5.204e-06 -5.17127e-05 0.019762)
(1.03575e-06 -5.18038e-05 0.0196502)
(-3.20377e-06 -5.30839e-05 0.0195026)
(2.27339e-06 -2.36077e-05 0.0197218)
(-2.07331e-06 -2.04633e-05 0.0196411)
(-5.81856e-06 -1.75517e-05 0.0195382)
(-9.81639e-06 -1.5321e-05 0.0194126)
(4.8061e-06 -2.86011e-05 0.0197837)
(-4.86875e-07 -2.62625e-05 0.0196989)
(-4.98255e-06 -2.41643e-05 0.019589)
(-9.76892e-06 -2.28742e-05 0.0194508)
(6.48271e-06 -3.33808e-05 0.0198267)
(1.67053e-06 -3.19163e-05 0.0197431)
(-2.61744e-06 -3.07795e-05 0.0196313)
(-7.2061e-06 -3.0578e-05 0.0194867)
(7.81491e-06 -3.70722e-05 0.0198532)
(4.22534e-06 -3.66421e-05 0.0197717)
(1.01856e-06 -3.65251e-05 0.0196599)
(-2.20618e-06 -3.73615e-05 0.0195125)
(1.98703e-06 -1.72214e-05 0.0197338)
(-1.22318e-06 -1.49136e-05 0.0196534)
(-4.00485e-06 -1.27447e-05 0.0195507)
(-7.01571e-06 -1.10749e-05 0.0194254)
(3.77205e-06 -2.08263e-05 0.0197944)
(-1.36416e-07 -1.91308e-05 0.01971)
(-3.47978e-06 -1.75885e-05 0.0196003)
(-7.06502e-06 -1.66331e-05 0.0194624)
(5.01929e-06 -2.41089e-05 0.0198356)
(1.46213e-06 -2.30147e-05 0.0197525)
(-1.73435e-06 -2.21662e-05 0.0196409)
(-5.15734e-06 -2.20121e-05 0.0194965)
(6.09881e-06 -2.65112e-05 0.0198596)
(3.41917e-06 -2.60656e-05 0.0197783)
(9.68068e-07 -2.58878e-05 0.0196666)
(-1.50121e-06 -2.64525e-05 0.0195194)
(1.65681e-06 -1.24823e-05 0.0197426)
(-7.02588e-07 -1.07897e-05 0.0196625)
(-2.74922e-06 -9.18551e-06 0.01956)
(-4.98798e-06 -7.95092e-06 0.019435)
(2.93649e-06 -1.50827e-05 0.0198021)
(6.38758e-08 -1.38422e-05 0.019718)
(-2.40344e-06 -1.27055e-05 0.0196086)
(-5.067e-06 -1.20002e-05 0.0194709)
(3.86697e-06 -1.73788e-05 0.0198419)
(1.2474e-06 -1.65576e-05 0.0197591)
(-1.12402e-06 -1.59219e-05 0.0196477)
(-3.67241e-06 -1.58027e-05 0.0195035)
(4.71503e-06 -1.90054e-05 0.0198641)
(2.72404e-06 -1.86118e-05 0.0197829)
(8.65615e-07 -1.8437e-05 0.0196714)
(-1.0194e-06 -1.88293e-05 0.0195243)
(1.33514e-06 -9.01488e-06 0.019749)
(-3.92632e-07 -7.77539e-06 0.0196691)
(-1.88925e-06 -6.59524e-06 0.0195668)
(-3.54e-06 -5.68988e-06 0.019442)
(2.26116e-06 -1.08907e-05 0.0198077)
(1.57323e-07 -9.98026e-06 0.0197239)
(-1.65368e-06 -9.14307e-06 0.0196146)
(-3.62053e-06 -8.62454e-06 0.0194771)
(2.95405e-06 -1.25175e-05 0.0198464)
(1.03108e-06 -1.19024e-05 0.0197639)
(-7.20524e-07 -1.14275e-05 0.0196527)
(-2.61139e-06 -1.13362e-05 0.0195086)
(3.60624e-06 -1.36504e-05 0.0198673)
(2.13332e-06 -1.33281e-05 0.0197863)
(7.35415e-07 -1.3179e-05 0.0196749)
(-6.94014e-07 -1.34574e-05 0.0195279)
(1.04851e-06 -6.49409e-06 0.0197536)
(-2.1239e-07 -5.58864e-06 0.019674)
(-1.30165e-06 -4.72459e-06 0.0195718)
(-2.51115e-06 -4.06472e-06 0.0194472)
(1.7213e-06 -7.84679e-06 0.0198117)
(1.85691e-07 -7.17887e-06 0.0197281)
(-1.13756e-06 -6.56399e-06 0.019619)
(-2.58236e-06 -6.18456e-06 0.0194817)
(2.23509e-06 -9.00858e-06 0.0198497)
(8.28228e-07 -8.5502e-06 0.0197673)
(-4.5976e-07 -8.19744e-06 0.0196562)
(-1.85665e-06 -8.1287e-06 0.0195123)
(2.72883e-06 -9.81207e-06 0.0198696)
(1.6441e-06 -9.55906e-06 0.0197888)
(6.0071e-07 -9.44047e-06 0.0196774)
(-4.74547e-07 -9.64086e-06 0.0195305)
(8.06151e-07 -4.66441e-06 0.019757)
(-1.10071e-07 -4.00556e-06 0.0196775)
(-8.99008e-07 -3.37627e-06 0.0195754)
(-1.77983e-06 -2.89804e-06 0.019451)
(1.29485e-06 -5.63815e-06 0.0198146)
(1.78798e-07 -5.14981e-06 0.0197312)
(-7.83269e-07 -4.7003e-06 0.0196222)
(-1.83854e-06 -4.42417e-06 0.019485)
(1.67355e-06 -6.47067e-06 0.019852)
(6.48843e-07 -6.13155e-06 0.0197698)
(-2.93097e-07 -5.87143e-06 0.0196588)
(-1.31915e-06 -5.82045e-06 0.019515)
(2.04248e-06 -7.046e-06 0.0198712)
(1.24807e-06 -6.85288e-06 0.0197906)
(4.75687e-07 -6.76224e-06 0.0196793)
(-3.25798e-07 -6.9074e-06 0.0195325)
(6.07938e-07 -3.33387e-06 0.0197594)
(-5.34285e-08 -2.85751e-06 0.01968)
(-6.21091e-07 -2.4024e-06 0.019578)
(-1.25769e-06 -2.05808e-06 0.0194537)
(9.61331e-07 -4.03175e-06 0.0198167)
(1.55531e-07 -3.67705e-06 0.0197334)
(-5.39118e-07 -3.35072e-06 0.0196245)
(-1.30403e-06 -3.15105e-06 0.0194874)
(1.23812e-06 -4.62752e-06 0.0198537)
(4.96841e-07 -4.37899e-06 0.0197716)
(-1.86822e-07 -4.18893e-06 0.0196607)
(-9.34428e-07 -4.15147e-06 0.019517)
(1.5103e-06 -5.04028e-06 0.0198725)
(9.3303e-07 -4.896e-06 0.0197919)
(3.66921e-07 -4.82853e-06 0.0196807)
(-2.24017e-07 -4.93346e-06 0.0195339)
(4.49747e-07 -2.36236e-06 0.0197611)
(-2.25363e-08 -2.02141e-06 0.0196818)
(-4.26926e-07 -1.69555e-06 0.0195799)
(-8.81934e-07 -1.44969e-06 0.0194556)
(7.02821e-07 -2.85844e-06 0.0198182)
(1.272e-07 -2.60346e-06 0.019735)
(-3.69158e-07 -2.36889e-06 0.0196261)
(-9.17377e-07 -2.22543e-06 0.0194891)
(9.02804e-07 -3.28191e-06 0.0198549)
(3.72291e-07 -3.10203e-06 0.0197729)
(-1.18458e-07 -2.96463e-06 0.0196621)
(-6.5684e-07 -2.93689e-06 0.0195184)
(1.10076e-06 -3.57647e-06 0.0198733)
(6.8601e-07 -3.47075e-06 0.0197929)
(2.76395e-07 -3.4214e-06 0.0196817)
(-1.53378e-07 -3.49605e-06 0.019535)
(3.27122e-07 -1.652e-06 0.0197623)
(-4.60827e-09 -1.41135e-06 0.0196831)
(-2.88684e-07 -1.18106e-06 0.0195812)
(-6.08983e-07 -1.00673e-06 0.019457)
(5.05342e-07 -2.00048e-06 0.0198193)
(1.00679e-07 -1.81968e-06 0.0197361)
(-2.48898e-07 -1.65297e-06 0.0196273)
(-6.35731e-07 -1.5499e-06 0.0194903)
(6.47852e-07 -2.29783e-06 0.0198558)
(2.73965e-07 -2.16951e-06 0.0197738)
(-7.32025e-08 -2.0711e-06 0.0196631)
(-4.5492e-07 -2.0493e-06 0.0195194)
(7.8966e-07 -2.50563e-06 0.0198739)
(4.96056e-07 -2.42949e-06 0.0197935)
(2.042e-07 -2.39346e-06 0.0196824)
(-1.03417e-07 -2.44419e-06 0.0195357)
(2.35728e-07 -1.14035e-06 0.0197631)
(7.34652e-09 -9.72022e-07 0.0196839)
(-1.89858e-07 -8.10145e-07 0.0195821)
(-4.11093e-07 -6.85679e-07 0.019458)
(3.59287e-07 -1.38377e-06 0.01982)
(7.99556e-08 -1.25622e-06 0.0197369)
(-1.63127e-07 -1.1375e-06 0.0196281)
(-4.31288e-07 -1.06093e-06 0.0194911)
(4.6047e-07 -1.59092e-06 0.0198563)
(2.00904e-07 -1.4997e-06 0.0197745)
(-4.19196e-08 -1.42833e-06 0.0196637)
(-3.08562e-07 -1.40773e-06 0.0195201)
(5.61724e-07 -1.73636e-06 0.0198744)
(3.56142e-07 -1.6815e-06 0.019794)
(1.50232e-07 -1.65381e-06 0.019683)
(-6.75513e-08 -1.6839e-06 0.0195363)
(1.75557e-07 -8.11592e-07 0.0197637)
(1.82096e-08 -6.90457e-07 0.0196845)
(-1.20597e-07 -5.73114e-07 0.0195828)
(-2.76768e-07 -4.7614e-07 0.0194586)
(2.59408e-07 -9.88878e-07 0.0198205)
(6.58827e-08 -8.95435e-07 0.0197374)
(-1.04981e-07 -8.06483e-07 0.0196287)
(-2.93761e-07 -7.41766e-07 0.0194917)
(3.34806e-07 -1.13566e-06 0.0198568)
(1.52713e-07 -1.06752e-06 0.0197749)
(-1.97768e-08 -1.01125e-06 0.0196642)
(-2.0928e-07 -9.85487e-07 0.0195206)
(4.11412e-07 -1.23914e-06 0.0198747)
(2.64388e-07 -1.19656e-06 0.0197944)
(1.15955e-07 -1.17103e-06 0.0196833)
(-4.2296e-08 -1.18106e-06 0.0195366)
(1.24123e-07 -6.55052e-07 0.0197643)
(1.13965e-08 -5.53005e-07 0.0196851)
(-1.01396e-07 -4.50689e-07 0.0195834)
(-2.15543e-07 -3.65049e-07 0.0194592)
(1.97861e-07 -8.09528e-07 0.019821)
(5.47055e-08 -7.24654e-07 0.0197379)
(-8.65969e-08 -6.40428e-07 0.0196292)
(-2.27565e-07 -5.74055e-07 0.0194923)
(2.69021e-07 -9.4031e-07 0.0198572)
(1.27515e-07 -8.76609e-07 0.0197753)
(-1.90555e-08 -8.1829e-07 0.0196647)
(-1.6502e-07 -7.7841e-07 0.0195211)
(3.40608e-07 -1.03278e-06 0.019875)
(2.21159e-07 -9.91254e-07 0.0197947)
(9.27961e-08 -9.58517e-07 0.0196837)
(-3.43045e-08 -9.44767e-07 0.019537)
)
;

boundaryField
{
    inlet
    {
        type            uniformFixedValue;
        uniformValue    table
        
2
(
(0 (0 0 0.002))
(0.1 (0 0 0.02))
)
;
        value           uniform (0 0 0.02);
    }
    outlet
    {
        type            zeroGradient;
    }
    wall
    {
        type            slip;
    }
    procBoundary1to0
    {
        type            processor;
        value           nonuniform List<vector> 
192
(
(-0.00220221 -0.00251937 0.0140813)
(2.18374e-05 -0.00644682 0.00674611)
(-0.00107231 -0.00207736 0.00109215)
(-0.000381804 -0.00113072 0.00210518)
(-0.000117677 0.000670604 0.0294997)
(-0.000902194 0.00113284 0.0297449)
(-0.00158779 0.0016332 0.0300009)
(-0.0023165 0.00132877 0.0330332)
(-0.00029549 0.000172179 0.0195976)
(-0.000456385 0.000436215 0.0193441)
(-0.000541462 0.000416748 0.0191419)
(-0.000610894 0.000331812 0.0195583)
(-0.000177284 -0.000238158 0.0196739)
(-0.000149865 -0.000142757 0.0199048)
(-0.00011 -0.000130529 0.0201287)
(-8.13886e-05 -7.30605e-05 0.0203959)
(2.74191e-05 -0.000347347 0.0196782)
(5.788e-05 -0.00031605 0.0199293)
(8.62557e-05 -0.000280955 0.0201545)
(9.57814e-05 -0.000202307 0.0203516)
(0.000116781 -0.000309079 0.0196612)
(0.000137418 -0.000303917 0.0198362)
(0.000154113 -0.000280777 0.0199879)
(0.000155824 -0.000228464 0.0201112)
(0.000130155 -0.000234343 0.0197152)
(0.000143489 -0.00023938 0.0198375)
(0.000153333 -0.000229898 0.0199402)
(0.000153092 -0.000202763 0.0200218)
(0.000113341 -0.000167738 0.0197736)
(0.000121075 -0.000175567 0.0198635)
(0.000126092 -0.000173797 0.0199366)
(0.000124771 -0.000161291 0.0199937)
(8.88317e-05 -0.000118291 0.019819)
(9.29263e-05 -0.000126084 0.0198896)
(9.49965e-05 -0.000127518 0.0199448)
(9.31351e-05 -0.000122169 0.0199867)
(6.60273e-05 -8.34247e-05 0.0198521)
(6.80078e-05 -9.02063e-05 0.019911)
(6.8556e-05 -9.26594e-05 0.0199551)
(6.66838e-05 -9.06034e-05 0.0199871)
(4.77879e-05 -5.9137e-05 0.0198755)
(4.86598e-05 -6.46774e-05 0.019927)
(4.85622e-05 -6.72096e-05 0.019964)
(4.69809e-05 -6.66316e-05 0.0199895)
(3.41835e-05 -4.21794e-05 0.0198919)
(3.45243e-05 -4.65455e-05 0.0199386)
(3.42297e-05 -4.87968e-05 0.0199707)
(3.30255e-05 -4.88556e-05 0.0199917)
(2.43601e-05 -3.02495e-05 0.0199034)
(2.4469e-05 -3.36132e-05 0.0199468)
(2.41698e-05 -3.54805e-05 0.0199756)
(2.33096e-05 -3.57845e-05 0.0199934)
(1.73596e-05 -2.17856e-05 0.0199116)
(1.73787e-05 -2.43382e-05 0.0199527)
(1.71381e-05 -2.58274e-05 0.0199791)
(1.65482e-05 -2.61957e-05 0.0199945)
(1.2388e-05 -1.57355e-05 0.0199173)
(1.23789e-05 -1.76522e-05 0.0199568)
(1.22053e-05 -1.88108e-05 0.0199816)
(1.1811e-05 -1.91631e-05 0.0199954)
(8.85307e-06 -1.13838e-05 0.0199214)
(8.83982e-06 -1.28116e-05 0.0199598)
(8.7222e-06 -1.36978e-05 0.0199834)
(8.4633e-06 -1.40025e-05 0.0199959)
(6.33116e-06 -8.23664e-06 0.0199243)
(6.3212e-06 -9.2932e-06 0.0199619)
(6.24487e-06 -9.96234e-06 0.0199847)
(6.07681e-06 -1.02116e-05 0.0199963)
(4.52342e-06 -5.94888e-06 0.0199264)
(4.5178e-06 -6.72532e-06 0.0199634)
(4.46978e-06 -7.22481e-06 0.0199855)
(4.36149e-06 -7.42174e-06 0.0199965)
(3.22009e-06 -4.27657e-06 0.0199279)
(3.21785e-06 -4.84224e-06 0.0199645)
(3.18839e-06 -5.21059e-06 0.0199862)
(3.11895e-06 -5.36217e-06 0.0199967)
(2.27513e-06 -3.04744e-06 0.0199289)
(2.27505e-06 -3.45462e-06 0.0199653)
(2.25747e-06 -3.72229e-06 0.0199866)
(2.21323e-06 -3.83617e-06 0.0199968)
(1.58996e-06 -2.14332e-06 0.0199297)
(1.59121e-06 -2.43181e-06 0.0199658)
(1.58122e-06 -2.62289e-06 0.0199869)
(1.55348e-06 -2.70627e-06 0.0199969)
(1.10398e-06 -1.49229e-06 0.0199302)
(1.10634e-06 -1.69432e-06 0.0199662)
(1.10144e-06 -1.82889e-06 0.0199871)
(1.0847e-06 -1.88879e-06 0.0199969)
(7.89284e-07 -1.07238e-06 0.0199305)
(7.93049e-07 -1.21873e-06 0.0199664)
(7.91819e-07 -1.31653e-06 0.0199873)
(7.82387e-07 -1.36091e-06 0.0199969)
(6.38109e-07 -9.07879e-07 0.0199309)
(6.42873e-07 -1.0326e-06 0.0199667)
(6.43946e-07 -1.11675e-06 0.0199874)
(6.38505e-07 -1.15594e-06 0.019997)
(0.00327747 -0.00166906 0.0142091)
(-0.00292297 0.00277244 0.00851177)
(-0.00433299 0.000155103 0.00703202)
(-0.00731686 0.00270642 0.00139671)
(-0.00195881 0.000156362 0.0255606)
(-0.00291986 0.00023968 0.0236519)
(-0.00193675 7.63452e-06 0.0249152)
(-0.000620019 0.000336853 0.028889)
(-0.00150001 9.31385e-05 0.0165652)
(-0.00144033 -0.000155771 0.0169151)
(-0.000972527 -0.000368893 0.0177764)
(-0.000439361 -0.00022417 0.0187318)
(-0.000506922 -9.04525e-05 0.0178203)
(-0.000484041 -0.000323767 0.0181036)
(-0.000379108 -0.000417529 0.0185957)
(-0.000247171 -0.000370565 0.0191287)
(-2.4286e-06 -9.84853e-05 0.0184019)
(-2.85954e-05 -0.000254749 0.0186865)
(-2.90027e-05 -0.000340018 0.0190132)
(-5.13968e-06 -0.000365032 0.0193475)
(0.000126888 -7.55647e-05 0.018773)
(0.00010354 -0.000179745 0.019001)
(9.25994e-05 -0.000252461 0.0192302)
(9.79993e-05 -0.000294317 0.0194512)
(0.000135963 -5.43232e-05 0.0190382)
(0.000122222 -0.000124066 0.019231)
(0.000115572 -0.000177881 0.0194086)
(0.000118346 -0.00021443 0.0195694)
(0.000114899 -3.78511e-05 0.0192115)
(0.000107364 -8.43322e-05 0.019386)
(0.000104206 -0.000122229 0.0195358)
(0.000106238 -0.000150044 0.0196636)
(8.92899e-05 -2.6079e-05 0.0193219)
(8.50363e-05 -5.71632e-05 0.0194859)
(8.35333e-05 -8.35628e-05 0.0196203)
(8.48458e-05 -0.000103987 0.0197294)
(6.65956e-05 -1.79791e-05 0.0193927)
(6.4025e-05 -3.89857e-05 0.0195505)
(6.32026e-05 -5.74068e-05 0.0196761)
(6.39211e-05 -7.22664e-05 0.0197744)
(4.86331e-05 -1.24678e-05 0.0194387)
(4.69575e-05 -2.68552e-05 0.0195927)
(4.64112e-05 -3.98025e-05 0.0197131)
(4.6733e-05 -5.06018e-05 0.0198051)
(3.51603e-05 -8.71525e-06 0.0194691)
(3.40007e-05 -1.87032e-05 0.0196208)
(3.35847e-05 -2.78798e-05 0.019738)
(3.36803e-05 -3.57352e-05 0.0198261)
(2.53141e-05 -6.14145e-06 0.0194897)
(2.44801e-05 -1.31573e-05 0.0196398)
(2.41462e-05 -1.9709e-05 0.019755)
(2.4131e-05 -2.54287e-05 0.0198405)
(1.82004e-05 -4.35773e-06 0.0195038)
(1.7588e-05 -9.33205e-06 0.0196528)
(1.73192e-05 -1.40359e-05 0.0197667)
(1.72601e-05 -1.82032e-05 0.0198507)
(1.30828e-05 -3.10857e-06 0.0195136)
(1.26291e-05 -6.65964e-06 0.019662)
(1.24156e-05 -1.005e-05 0.019775)
(1.23467e-05 -1.30866e-05 0.0198578)
(9.40376e-06 -2.22561e-06 0.0195205)
(9.06685e-06 -4.77226e-06 0.0196684)
(8.90022e-06 -7.22152e-06 0.0197808)
(8.83655e-06 -9.43306e-06 0.0198629)
(6.75557e-06 -1.59643e-06 0.0195254)
(6.50573e-06 -3.42706e-06 0.0196729)
(6.37767e-06 -5.19753e-06 0.0197849)
(6.32452e-06 -6.80589e-06 0.0198665)
(4.84393e-06 -1.14474e-06 0.0195289)
(4.65945e-06 -2.46052e-06 0.0196762)
(4.56242e-06 -3.73844e-06 0.0197879)
(4.52044e-06 -4.90462e-06 0.019869)
(3.45797e-06 -8.18096e-07 0.0195314)
(3.32282e-06 -1.76072e-06 0.0196785)
(3.25036e-06 -2.67899e-06 0.01979)
(3.21837e-06 -3.51979e-06 0.0198709)
(2.44815e-06 -5.80278e-07 0.0195331)
(2.35052e-06 -1.25056e-06 0.0196801)
(2.29743e-06 -1.90464e-06 0.0197915)
(2.2738e-06 -2.50496e-06 0.0198722)
(1.71179e-06 -4.06847e-07 0.0195344)
(1.64303e-06 -8.78115e-07 0.0196813)
(1.60529e-06 -1.33782e-06 0.0197925)
(1.5886e-06 -1.76037e-06 0.0198731)
(1.18463e-06 -2.8281e-07 0.0195352)
(1.13827e-06 -6.118e-07 0.0196821)
(1.11288e-06 -9.31343e-07 0.0197932)
(1.1021e-06 -1.22539e-06 0.0198737)
(8.36543e-07 -2.03354e-07 0.0195358)
(8.0716e-07 -4.4219e-07 0.0196826)
(7.91685e-07 -6.70013e-07 0.0197937)
(7.86127e-07 -8.80857e-07 0.0198742)
(6.6445e-07 -1.60495e-07 0.0195364)
(6.47963e-07 -3.62854e-07 0.0196831)
(6.38121e-07 -5.66578e-07 0.0197942)
(6.34816e-07 -7.48276e-07 0.0198746)
)
;
    }
    procBoundary1to3
    {
        type            processor;
        value           nonuniform List<vector> 
192
(
(-0.00151867 -5.60081e-05 0.0100216)
(-0.00460255 -0.000320294 0.00286379)
(-0.00182587 -0.00177689 0.00523083)
(-0.00294423 -0.00179297 0.00473215)
(-0.00134374 0.00140167 0.0305795)
(-0.000608641 0.00185281 0.030061)
(-0.000349806 0.00121838 0.0307653)
(-0.000389719 -0.000331817 0.0308286)
(-0.000180933 0.000432497 0.0197778)
(0.000234795 0.000369155 0.0191906)
(0.00053336 -1.33447e-05 0.0189751)
(0.000812168 -0.000776748 0.0183471)
(9.29587e-05 7.21687e-05 0.0203757)
(0.000283499 -4.50098e-05 0.0200095)
(0.000484812 -0.000269961 0.0196764)
(0.00066906 -0.000629022 0.0192436)
(0.000143723 -9.15542e-05 0.0202733)
(0.000222682 -0.000169554 0.0200401)
(0.000295786 -0.000299957 0.0198191)
(0.000353236 -0.000487993 0.0195902)
(0.000154787 -0.000166086 0.0200593)
(0.000169387 -0.000211199 0.0199222)
(0.00017317 -0.000284562 0.0197944)
(0.000171857 -0.000386269 0.0196779)
(0.000135596 -0.000173657 0.019996)
(0.000123893 -0.000200491 0.0199138)
(0.000104977 -0.000240321 0.0198391)
(8.69232e-05 -0.000293561 0.0197724)
(0.000105228 -0.000149729 0.0199836)
(8.83587e-05 -0.000165779 0.019933)
(6.75892e-05 -0.000187175 0.0198848)
(4.93563e-05 -0.000214287 0.0198368)
(7.69791e-05 -0.000118309 0.0199849)
(6.28058e-05 -0.000127927 0.0199515)
(4.66206e-05 -0.000139361 0.0199157)
(3.26789e-05 -0.000152806 0.0198741)
(5.50207e-05 -8.96743e-05 0.0199891)
(4.50457e-05 -9.54268e-05 0.0199651)
(3.39523e-05 -0.000101486 0.0199352)
(2.43207e-05 -0.000107977 0.0198956)
(3.91705e-05 -6.66638e-05 0.0199926)
(3.26915e-05 -7.0075e-05 0.0199739)
(2.54945e-05 -7.3246e-05 0.019947)
(1.90907e-05 -7.62774e-05 0.0199083)
(2.80167e-05 -4.91229e-05 0.0199949)
(2.39575e-05 -5.11246e-05 0.0199792)
(1.93721e-05 -5.27502e-05 0.0199542)
(1.51441e-05 -5.40891e-05 0.0199159)
(2.0177e-05 -3.60507e-05 0.0199962)
(1.76641e-05 -3.72127e-05 0.0199824)
(1.47376e-05 -3.80172e-05 0.0199586)
(1.19225e-05 -3.85448e-05 0.0199208)
(1.46172e-05 -2.64017e-05 0.0199968)
(1.306e-05 -2.70685e-05 0.0199844)
(1.11709e-05 -2.74423e-05 0.0199614)
(9.27024e-06 -2.75933e-05 0.019924)
(1.06308e-05 -1.93078e-05 0.0199971)
(9.65869e-06 -1.96853e-05 0.0199856)
(8.42123e-06 -1.98378e-05 0.0199632)
(7.11964e-06 -1.98243e-05 0.0199262)
(7.74501e-06 -1.40999e-05 0.0199973)
(7.13257e-06 -1.43097e-05 0.0199863)
(6.31002e-06 -1.43525e-05 0.0199645)
(5.40793e-06 -1.42765e-05 0.0199278)
(5.64068e-06 -1.02758e-05 0.0199973)
(5.2511e-06 -1.03895e-05 0.0199868)
(4.6974e-06 -1.03815e-05 0.0199653)
(4.06671e-06 -1.02903e-05 0.0199289)
(4.09733e-06 -7.46334e-06 0.0199973)
(3.84709e-06 -7.52276e-06 0.0199872)
(3.47089e-06 -7.49456e-06 0.0199659)
(3.02774e-06 -7.40876e-06 0.0199297)
(2.95962e-06 -5.38861e-06 0.0199972)
(2.79747e-06 -5.41803e-06 0.0199874)
(2.54057e-06 -5.38497e-06 0.0199663)
(2.22904e-06 -5.31232e-06 0.0199303)
(2.11772e-06 -3.85267e-06 0.0199972)
(2.01211e-06 -3.86594e-06 0.0199875)
(1.83669e-06 -3.83514e-06 0.0199666)
(1.61862e-06 -3.77736e-06 0.0199307)
(1.49677e-06 -2.71641e-06 0.0199972)
(1.42801e-06 -2.7212e-06 0.0199876)
(1.30874e-06 -2.69539e-06 0.0199668)
(1.15719e-06 -2.65134e-06 0.019931)
(1.05166e-06 -1.89476e-06 0.0199972)
(1.00679e-06 -1.89506e-06 0.0199877)
(9.25687e-07 -1.87433e-06 0.019967)
(8.20231e-07 -1.84128e-06 0.0199312)
(7.63696e-07 -1.36393e-06 0.0199972)
(7.33397e-07 -1.36141e-06 0.0199877)
(6.76224e-07 -1.34399e-06 0.0199671)
(5.99328e-07 -1.31764e-06 0.0199314)
(6.28101e-07 -1.15708e-06 0.0199971)
(6.05634e-07 -1.15156e-06 0.0199878)
(5.60472e-07 -1.13309e-06 0.0199672)
(4.96709e-07 -1.10633e-06 0.0199315)
(-0.00144431 -0.0026431 0.0045548)
(0.00236002 -6.26071e-05 0.00837906)
(0.00301542 0.00480778 0.0116462)
(-8.07524e-05 0.0192245 0.0114797)
(-0.000356984 -0.000566128 0.0279653)
(0.000498808 0.000277347 0.0239723)
(0.000253731 0.00326014 0.0183427)
(-0.000784969 0.00866509 0.0159403)
(0.00101501 -0.00111257 0.0173823)
(0.00122252 -0.000926495 0.0162915)
(0.000847183 -3.49894e-05 0.0145868)
(0.000197903 0.000940396 0.0139907)
(0.000772572 -0.000899643 0.0187769)
(0.000850708 -0.00103356 0.0182985)
(0.000739809 -0.000959559 0.0176974)
(0.000360541 -0.000858153 0.0173724)
(0.000377828 -0.00067274 0.019377)
(0.000396411 -0.000838319 0.0191768)
(0.000364002 -0.000947342 0.018897)
(0.000223065 -0.00102249 0.0186012)
(0.000164787 -0.000498682 0.0195748)
(0.000166093 -0.000613299 0.0194772)
(0.000161793 -0.000709049 0.0193308)
(0.00012325 -0.000786055 0.0191346)
(7.14627e-05 -0.000355061 0.0197083)
(6.87031e-05 -0.000419885 0.0196385)
(7.25764e-05 -0.000476561 0.0195314)
(6.71917e-05 -0.000523534 0.0193741)
(3.46952e-05 -0.000245444 0.0197826)
(3.0985e-05 -0.000278146 0.019715)
(3.44176e-05 -0.000307009 0.0196139)
(3.71404e-05 -0.000331806 0.0194669)
(2.11711e-05 -0.000167678 0.0198204)
(1.74579e-05 -0.00018292 0.0197489)
(1.87556e-05 -0.000196455 0.0196455)
(2.16595e-05 -0.000209056 0.0195006)
(1.58735e-05 -0.000114707 0.0198406)
(1.2528e-05 -0.000121359 0.0197651)
(1.21981e-05 -0.000127398 0.0196586)
(1.36003e-05 -0.000133936 0.0195134)
(1.30284e-05 -7.91287e-05 0.019852)
(1.01796e-05 -8.18176e-05 0.0197739)
(8.99327e-06 -8.44298e-05 0.0196652)
(9.12359e-06 -8.80298e-05 0.0195192)
(1.08088e-05 -5.51647e-05 0.019859)
(8.4746e-06 -5.61153e-05 0.0197795)
(6.99731e-06 -5.72232e-05 0.0196694)
(6.40878e-06 -5.93669e-05 0.0195229)
(8.81107e-06 -3.88421e-05 0.0198636)
(6.95158e-06 -3.90713e-05 0.0197833)
(5.50335e-06 -3.95367e-05 0.0196726)
(4.62504e-06 -4.09152e-05 0.0195258)
(7.02592e-06 -2.75727e-05 0.0198668)
(5.57505e-06 -2.75283e-05 0.0197863)
(4.30089e-06 -2.77252e-05 0.0196752)
(3.3839e-06 -2.86665e-05 0.0195283)
(5.49418e-06 -1.96926e-05 0.0198692)
(4.3796e-06 -1.95641e-05 0.0197885)
(3.3239e-06 -1.96508e-05 0.0196773)
(2.49029e-06 -2.03198e-05 0.0195304)
(4.22788e-06 -1.41223e-05 0.0198709)
(3.38207e-06 -1.39852e-05 0.0197902)
(2.53949e-06 -1.40272e-05 0.019679)
(1.83505e-06 -1.45138e-05 0.0195321)
(3.2097e-06 -1.01488e-05 0.0198722)
(2.57453e-06 -1.00294e-05 0.0197916)
(1.91919e-06 -1.00532e-05 0.0196803)
(1.3501e-06 -1.0411e-05 0.0195335)
(2.40664e-06 -7.29117e-06 0.0198731)
(1.93445e-06 -7.19581e-06 0.0197926)
(1.43482e-06 -7.21174e-06 0.0196814)
(9.89333e-07 -7.47535e-06 0.0195346)
(1.7813e-06 -5.21987e-06 0.0198738)
(1.4342e-06 -5.14723e-06 0.0197934)
(1.06005e-06 -5.15904e-06 0.0196822)
(7.19944e-07 -5.35223e-06 0.0195354)
(1.29899e-06 -3.70738e-06 0.0198743)
(1.04727e-06 -3.65374e-06 0.0197939)
(7.72141e-07 -3.66264e-06 0.0196828)
(5.18192e-07 -3.80208e-06 0.0195361)
(9.3224e-07 -2.5999e-06 0.0198747)
(7.5223e-07 -2.56109e-06 0.0197943)
(5.53501e-07 -2.5671e-06 0.0196833)
(3.67379e-07 -2.66455e-06 0.0195366)
(6.63829e-07 -1.8038e-06 0.019875)
(5.35421e-07 -1.7754e-06 0.0197946)
(3.92955e-07 -1.77763e-06 0.0196836)
(2.57022e-07 -1.84095e-06 0.0195369)
(4.88984e-07 -1.28831e-06 0.0198752)
(3.93284e-07 -1.26478e-06 0.0197949)
(2.87998e-07 -1.26075e-06 0.0196838)
(1.83837e-07 -1.29466e-06 0.0195371)
(4.11981e-07 -1.07699e-06 0.0198753)
(3.28878e-07 -1.05187e-06 0.0197951)
(2.3576e-07 -1.0374e-06 0.0196841)
(1.45549e-07 -1.04219e-06 0.0195374)
)
;
    }
}


// ************************************************************************* //
