/*--------------------------------*- C++ -*----------------------------------*\
  =========                 |
  \\      /  F ield         | OpenFOAM: The Open Source CFD Toolbox
   \\    /   O peration     | Website:  https://openfoam.org
    \\  /    A nd           | Version:  6
     \\/     M anipulation  |
\*---------------------------------------------------------------------------*/
FoamFile
{
    version     2.0;
    format      ascii;
    class       volVectorField;
    location    "0.08";
    object      U;
}
// * * * * * * * * * * * * * * * * * * * * * * * * * * * * * * * * * * * * * //

dimensions      [0 1 -1 0 0 0 0];

internalField   nonuniform List<vector> 
1152
(
(-0.000723275 -0.00992904 0.00320813)
(0.00527382 -0.00321301 0.00185705)
(-0.00047902 -0.00129588 0.014607)
(-0.00230909 -0.000751075 0.0126319)
(0.00411642 -0.00298014 -0.00253345)
(0.00236314 0.00686718 0.00303303)
(-0.00215733 0.00320124 0.00804485)
(-0.00222262 0.00124209 0.00501476)
(-0.00298066 -0.00487526 0.00867579)
(-0.00118086 0.00216488 0.0074965)
(-0.00348998 -0.000641094 0.0117451)
(0.00100035 -0.000435066 0.00088257)
(-0.00015033 8.33561e-05 0.00120513)
(-0.000289228 1.32904e-05 0.00276864)
(0.000483943 -0.000622854 0.00251012)
(0.000308414 -0.000161609 0.00163344)
(-0.0018025 -0.000266918 0.015113)
(-0.00303779 0.00176257 0.0208149)
(-0.00234293 0.00166781 0.0215755)
(-0.00069626 0.00101839 0.0220565)
(-0.000415796 -0.000250856 0.0178612)
(-0.00255497 0.00188827 0.025019)
(-0.00222427 0.00258462 0.0245697)
(-0.002022 0.00232016 0.0247516)
(-0.00163992 3.56203e-05 0.021201)
(-0.00216014 0.00167355 0.0248473)
(-0.00149832 0.00216408 0.0256694)
(-0.00187784 0.00173739 0.0268942)
(-0.00112986 0.00062061 0.0246833)
(-0.00140145 0.00135902 0.0276753)
(-0.000959836 0.0020961 0.0280825)
(-0.00219783 0.00157257 0.0265591)
(0.000355973 0.000146384 0.0117561)
(-0.000768672 0.000190128 0.0132808)
(-0.000494406 -0.000142776 0.0147161)
(-3.70886e-05 -0.000522698 0.0148994)
(1.27476e-05 -0.000327765 0.0129622)
(-0.000845582 -0.000185122 0.0145973)
(-0.000575018 -7.65077e-05 0.0153899)
(-0.000348638 -0.000229475 0.0154285)
(-0.000509124 -0.000300804 0.0144361)
(-0.000834205 -5.47993e-05 0.015544)
(-0.000464318 0.000135035 0.0161051)
(-0.000431456 1.44326e-05 0.0158631)
(-0.000641771 -0.000211647 0.0149058)
(-0.000726789 6.90462e-05 0.0157364)
(-0.000439985 0.000356705 0.0158375)
(-0.000579644 0.000305427 0.0155235)
(0.000617648 -0.000412539 0.014943)
(6.29465e-05 -0.000516995 0.0150641)
(8.06042e-05 -0.00066906 0.0153815)
(0.000178507 -0.000802945 0.0153965)
(0.000225489 -0.000585931 0.0153757)
(-8.87019e-05 -0.000687009 0.0156619)
(-5.05129e-06 -0.000710933 0.0159067)
(0.000104391 -0.000743453 0.0158909)
(-4.57127e-05 -0.000574412 0.0159857)
(-0.000176863 -0.000586365 0.0162799)
(-3.86417e-05 -0.000539501 0.0164117)
(6.6254e-05 -0.000516848 0.0162685)
(-0.000204351 -0.000480088 0.0163559)
(-0.000212627 -0.000432867 0.0165712)
(-5.87322e-05 -0.000332655 0.0165525)
(1.98468e-05 -0.000269191 0.0163386)
(0.000595109 -0.000415192 0.0156942)
(0.000339081 -0.000510014 0.015629)
(0.000262727 -0.00058836 0.0156423)
(0.000229363 -0.000633284 0.0156038)
(0.000334255 -0.000481663 0.0159356)
(0.000209757 -0.000589836 0.0159568)
(0.000194724 -0.00063004 0.0159756)
(0.000201519 -0.000631816 0.0159266)
(0.000160587 -0.000501388 0.0162486)
(0.000121645 -0.00056377 0.0162951)
(0.000157318 -0.000563784 0.0162827)
(0.000193497 -0.000533978 0.0161806)
(4.31726e-05 -0.000459761 0.0165061)
(7.00958e-05 -0.000486386 0.016537)
(0.000140985 -0.000461165 0.0164694)
(0.000188255 -0.000418631 0.0163077)
(0.00043916 -0.000349084 0.0159341)
(0.000340314 -0.000400924 0.0158463)
(0.000276634 -0.000437592 0.0157887)
(0.000219488 -0.00045112 0.0157298)
(0.000307323 -0.000373133 0.0160724)
(0.000265438 -0.000438766 0.0160292)
(0.000237968 -0.00046632 0.0159839)
(0.000210249 -0.000464333 0.015923)
(0.000210554 -0.000390537 0.0162375)
(0.000209655 -0.000439139 0.0162136)
(0.000215914 -0.000450479 0.0161616)
(0.000212415 -0.000436329 0.0160794)
(0.000137231 -0.000375159 0.0163874)
(0.000171365 -0.000408254 0.0163659)
(0.000204372 -0.000410578 0.0162958)
(0.000216139 -0.000394642 0.0161863)
(0.000303857 -0.000271154 0.0160139)
(0.000270385 -0.000297576 0.015959)
(0.000231205 -0.000313916 0.0159063)
(0.000183557 -0.000317084 0.0158547)
(0.000241434 -0.000282506 0.0161192)
(0.000231715 -0.000317613 0.016081)
(0.000211577 -0.000334289 0.0160341)
(0.000181161 -0.00033414 0.0159813)
(0.00019091 -0.000292653 0.0162249)
(0.000200095 -0.00032306 0.0161965)
(0.000198674 -0.000334993 0.0161481)
(0.000183435 -0.000331631 0.0160864)
(0.000148768 -0.000285554 0.0163186)
(0.00017492 -0.000310946 0.0162953)
(0.000189353 -0.000320767 0.0162416)
(0.000185334 -0.000318987 0.0161688)
(0.000205916 -0.00020357 0.016041)
(0.000196034 -0.000216742 0.0160191)
(0.000173642 -0.000223824 0.0159867)
(0.000140695 -0.00022387 0.0159507)
(0.00017599 -0.000211378 0.0161305)
(0.000176323 -0.0002297 0.0161114)
(0.000163723 -0.000239404 0.0160793)
(0.000140175 -0.000240306 0.0160415)
(0.000149016 -0.000217011 0.0162087)
(0.000158309 -0.000235106 0.0161924)
(0.000155627 -0.000244527 0.0161592)
(0.000140763 -0.000245636 0.0161175)
(0.000124294 -0.000212999 0.016274)
(0.000141845 -0.000230206 0.0162608)
(0.000147904 -0.000239999 0.0162263)
(0.000139968 -0.0002431 0.0161804)
(0.000138969 -0.000150394 0.0160527)
(0.00013662 -0.000157077 0.0160543)
(0.000123769 -0.000160119 0.0160402)
(0.000102506 -0.000159393 0.0160184)
(0.000123703 -0.000157076 0.0161314)
(0.000126095 -0.00016689 0.0161292)
(0.000118436 -0.000172563 0.0161123)
(0.000102324 -0.000173654 0.0160883)
(0.000108391 -0.000160712 0.016194)
(0.000115353 -0.000171616 0.0161907)
(0.000113051 -0.00017837 0.0161722)
(0.000101869 -0.000180646 0.0161459)
(9.32609e-05 -0.00015823 0.0162429)
(0.000104433 -0.000169647 0.0162407)
(0.000106966 -0.00017746 0.0162218)
(9.99692e-05 -0.000181476 0.0161941)
(9.41509e-05 -0.000110362 0.016061)
(9.39185e-05 -0.000113888 0.0160779)
(8.63197e-05 -0.000115194 0.016077)
(7.28884e-05 -0.000114402 0.0160657)
(8.57089e-05 -0.00011626 0.0161315)
(8.78986e-05 -0.000121775 0.0161415)
(8.32199e-05 -0.000125176 0.0161363)
(7.27362e-05 -0.000126095 0.0161226)
(7.64375e-05 -0.000119051 0.016184)
(8.11776e-05 -0.000125835 0.0161909)
(7.95444e-05 -0.000130504 0.0161834)
(7.19614e-05 -0.000132657 0.016168)
(6.67809e-05 -0.000117564 0.0162225)
(7.38367e-05 -0.000125187 0.0162291)
(7.50009e-05 -0.000130927 0.0162211)
(7.00145e-05 -0.000134416 0.0162051)
(6.43425e-05 -8.07662e-05 0.0160683)
(6.45741e-05 -8.274e-05 0.0160949)
(5.99187e-05 -8.33087e-05 0.0161028)
(5.14169e-05 -8.26352e-05 0.0160989)
(5.9286e-05 -8.58242e-05 0.0161323)
(6.0888e-05 -8.91038e-05 0.0161507)
(5.79913e-05 -9.12134e-05 0.0161536)
(5.12811e-05 -9.18872e-05 0.0161471)
(5.33582e-05 -8.81662e-05 0.0161778)
(5.65136e-05 -9.25331e-05 0.016192)
(5.54645e-05 -9.57257e-05 0.0161921)
(5.05545e-05 -9.74092e-05 0.016184)
(4.69773e-05 -8.73606e-05 0.0162092)
(5.15247e-05 -9.25169e-05 0.0162222)
(5.21973e-05 -9.65901e-05 0.0162215)
(4.89686e-05 -9.92423e-05 0.016213)
(4.44114e-05 -5.90643e-05 0.0160746)
(4.46703e-05 -6.02427e-05 0.0161074)
(4.17293e-05 -6.04956e-05 0.0161212)
(3.62816e-05 -5.99629e-05 0.0161222)
(4.11814e-05 -6.32506e-05 0.0161338)
(4.2288e-05 -6.53057e-05 0.0161577)
(4.04749e-05 -6.66557e-05 0.0161662)
(3.61823e-05 -6.7114e-05 0.0161645)
(3.72355e-05 -6.52405e-05 0.0161742)
(3.93592e-05 -6.81364e-05 0.0161933)
(3.87375e-05 -7.03169e-05 0.0161985)
(3.56225e-05 -7.15305e-05 0.0161952)
(3.29079e-05 -6.4873e-05 0.0162005)
(3.59372e-05 -6.84058e-05 0.0162179)
(3.64401e-05 -7.12542e-05 0.016222)
(3.446e-05 -7.31531e-05 0.0162183)
(3.09428e-05 -4.31941e-05 0.0160799)
(3.11434e-05 -4.39405e-05 0.0161168)
(2.92392e-05 -4.40548e-05 0.0161344)
(2.5695e-05 -4.36429e-05 0.0161387)
(2.8782e-05 -4.65584e-05 0.0161355)
(2.95437e-05 -4.79025e-05 0.0161631)
(2.84002e-05 -4.8788e-05 0.0161752)
(2.56366e-05 -4.90843e-05 0.0161768)
(2.60807e-05 -4.822e-05 0.0161721)
(2.75432e-05 -5.01856e-05 0.0161945)
(2.72063e-05 -5.16792e-05 0.0162032)
(2.52465e-05 -5.25193e-05 0.0162032)
(2.30895e-05 -4.81107e-05 0.0161946)
(2.51765e-05 -5.05584e-05 0.016215)
(2.56094e-05 -5.25404e-05 0.0162224)
(2.44409e-05 -5.3861e-05 0.0162217)
(2.17325e-05 -3.1592e-05 0.0160842)
(2.18757e-05 -3.20878e-05 0.0161238)
(2.06189e-05 -3.21393e-05 0.016144)
(1.82779e-05 -3.18228e-05 0.0161505)
(2.02417e-05 -3.42359e-05 0.0161371)
(2.07737e-05 -3.51436e-05 0.0161672)
(2.00485e-05 -3.57355e-05 0.0161818)
(1.8253e-05 -3.59194e-05 0.0161856)
(1.83568e-05 -3.55908e-05 0.0161709)
(1.93876e-05 -3.69485e-05 0.0161956)
(1.92277e-05 -3.79767e-05 0.0162066)
(1.79974e-05 -3.85458e-05 0.0162087)
(1.6261e-05 -3.56195e-05 0.0161907)
(1.77384e-05 -3.73312e-05 0.0162131)
(1.81226e-05 -3.87104e-05 0.0162226)
(1.74565e-05 -3.96163e-05 0.016224)
(1.53632e-05 -2.31037e-05 0.0160876)
(1.54641e-05 -2.34445e-05 0.016129)
(1.46219e-05 -2.34667e-05 0.0161509)
(1.3054e-05 -2.32241e-05 0.016159)
(1.43141e-05 -2.51469e-05 0.0161385)
(1.46922e-05 -2.57739e-05 0.0161703)
(1.42301e-05 -2.61751e-05 0.0161865)
(1.30519e-05 -2.6285e-05 0.0161918)
(1.2982e-05 -2.62278e-05 0.0161703)
(1.37218e-05 -2.71776e-05 0.0161965)
(1.36647e-05 -2.78893e-05 0.0162091)
(1.28916e-05 -2.82707e-05 0.0162126)
(1.14991e-05 -2.632e-05 0.0161879)
(1.2565e-05 -2.7526e-05 0.0162117)
(1.29002e-05 -2.84882e-05 0.0162227)
(1.25349e-05 -2.91062e-05 0.0162255)
(1.09137e-05 -1.68851e-05 0.0160903)
(1.09855e-05 -1.71247e-05 0.0161328)
(1.04142e-05 -1.7133e-05 0.0161559)
(9.35131e-06 -1.69476e-05 0.016165)
(1.01666e-05 -1.84435e-05 0.0161397)
(1.04391e-05 -1.88834e-05 0.0161726)
(1.01432e-05 -1.91582e-05 0.01619)
(9.36223e-06 -1.92212e-05 0.0161963)
(9.2173e-06 -1.92899e-05 0.0161699)
(9.75464e-06 -1.99605e-05 0.0161972)
(9.75265e-06 -2.04557e-05 0.0162109)
(9.26532e-06 -2.071e-05 0.0162154)
(8.16121e-06 -1.94032e-05 0.016186)
(8.93888e-06 -2.02577e-05 0.0162108)
(9.22279e-06 -2.09312e-05 0.0162227)
(9.0324e-06 -2.13525e-05 0.0162265)
(7.77663e-06 -1.23202e-05 0.0160923)
(7.82819e-06 -1.24909e-05 0.0161356)
(7.43702e-06 -1.24925e-05 0.0161595)
(6.70929e-06 -1.23516e-05 0.0161694)
(7.24101e-06 -1.34958e-05 0.0161406)
(7.4391e-06 -1.38073e-05 0.0161743)
(7.2487e-06 -1.39969e-05 0.0161925)
(6.72614e-06 -1.40312e-05 0.0161995)
(6.56141e-06 -1.41481e-05 0.0161697)
(6.95401e-06 -1.46243e-05 0.0161977)
(6.9781e-06 -1.49702e-05 0.0162121)
(6.66945e-06 -1.51395e-05 0.0162174)
(5.80633e-06 -1.42597e-05 0.0161847)
(6.37655e-06 -1.48674e-05 0.0162101)
(6.60997e-06 -1.53404e-05 0.0162227)
(6.51806e-06 -1.56279e-05 0.0162272)
(5.54467e-06 -8.9587e-06 0.0160938)
(5.58191e-06 -9.08099e-06 0.0161377)
(5.31231e-06 -9.07969e-06 0.0161622)
(4.81063e-06 -8.97338e-06 0.0161725)
(5.15995e-06 -9.83619e-06 0.0161414)
(5.30424e-06 -1.00577e-05 0.0161756)
(5.18111e-06 -1.01891e-05 0.0161943)
(4.82883e-06 -1.02065e-05 0.0162018)
(4.67287e-06 -1.03316e-05 0.0161696)
(4.95983e-06 -1.06704e-05 0.0161981)
(4.99329e-06 -1.09126e-05 0.016213)
(4.79681e-06 -1.10252e-05 0.0162188)
(4.13255e-06 -1.04306e-05 0.0161837)
(4.5505e-06 -1.08633e-05 0.0162096)
(4.73716e-06 -1.11959e-05 0.0162227)
(4.69859e-06 -1.13925e-05 0.0162276)
(3.94125e-06 -6.47129e-06 0.016095)
(3.96811e-06 -6.55874e-06 0.0161393)
(3.78188e-06 -6.55629e-06 0.0161641)
(3.43517e-06 -6.47695e-06 0.0161748)
(3.66579e-06 -7.11815e-06 0.0161419)
(3.77048e-06 -7.27542e-06 0.0161766)
(3.69058e-06 -7.36651e-06 0.0161956)
(3.45214e-06 -7.37429e-06 0.0162035)
(3.31784e-06 -7.48844e-06 0.0161696)
(3.52653e-06 -7.72893e-06 0.0161984)
(3.56036e-06 -7.89831e-06 0.0162137)
(3.43483e-06 -7.9731e-06 0.0162198)
(2.93246e-06 -7.57084e-06 0.0161831)
(3.23705e-06 -7.87796e-06 0.0162092)
(3.38238e-06 -8.11137e-06 0.0162227)
(3.37121e-06 -8.24582e-06 0.0162279)
(2.77714e-06 -4.61724e-06 0.0160958)
(2.79647e-06 -4.6791e-06 0.0161404)
(2.6685e-06 -4.67634e-06 0.0161655)
(2.42996e-06 -4.61805e-06 0.0161764)
(2.58196e-06 -5.08594e-06 0.0161424)
(2.6572e-06 -5.19657e-06 0.0161772)
(2.60549e-06 -5.25923e-06 0.0161965)
(2.44448e-06 -5.26182e-06 0.0162047)
(2.3359e-06 -5.35717e-06 0.0161696)
(2.48596e-06 -5.52629e-06 0.0161987)
(2.51585e-06 -5.64381e-06 0.0162142)
(2.43572e-06 -5.69322e-06 0.0162205)
(2.06369e-06 -5.42226e-06 0.0161826)
(2.28302e-06 -5.63819e-06 0.016209)
(2.39304e-06 -5.80067e-06 0.0162227)
(2.39477e-06 -5.89203e-06 0.0162281)
(1.92465e-06 -3.22395e-06 0.0160964)
(1.93889e-06 -3.2665e-06 0.0161411)
(1.8527e-06 -3.26363e-06 0.0161664)
(1.69122e-06 -3.22157e-06 0.0161775)
(1.78943e-06 -3.55465e-06 0.0161427)
(1.84293e-06 -3.63072e-06 0.0161777)
(1.81023e-06 -3.67282e-06 0.0161972)
(1.70305e-06 -3.67261e-06 0.0162055)
(1.61904e-06 -3.7475e-06 0.0161696)
(1.7252e-06 -3.86394e-06 0.0161988)
(1.74976e-06 -3.94386e-06 0.0162145)
(1.69924e-06 -3.97588e-06 0.016221)
(1.43063e-06 -3.79616e-06 0.0161823)
(1.58569e-06 -3.94491e-06 0.0162088)
(1.66654e-06 -4.05587e-06 0.0162226)
(1.67339e-06 -4.11689e-06 0.0162282)
(1.30399e-06 -2.17533e-06 0.0160968)
(1.3158e-06 -2.20266e-06 0.0161417)
(1.26063e-06 -2.19922e-06 0.0161671)
(1.15507e-06 -2.16909e-06 0.0161783)
(1.21409e-06 -2.39922e-06 0.0161429)
(1.25262e-06 -2.44901e-06 0.0161781)
(1.23371e-06 -2.47562e-06 0.0161976)
(1.16485e-06 -2.47345e-06 0.0162061)
(1.10054e-06 -2.53006e-06 0.0161695)
(1.17489e-06 -2.60696e-06 0.0161989)
(1.19481e-06 -2.659e-06 0.0162147)
(1.16428e-06 -2.67857e-06 0.0162213)
(9.74687e-07 -2.56367e-06 0.0161821)
(1.08244e-06 -2.66234e-06 0.0162087)
(1.14056e-06 -2.73535e-06 0.0162226)
(1.14886e-06 -2.77455e-06 0.0162283)
(8.77654e-07 -1.41119e-06 0.0160971)
(8.90517e-07 -1.42506e-06 0.016142)
(8.59456e-07 -1.41934e-06 0.0161675)
(7.94642e-07 -1.3965e-06 0.0161788)
(8.21876e-07 -1.55378e-06 0.016143)
(8.52468e-07 -1.58288e-06 0.0161783)
(8.45042e-07 -1.59692e-06 0.0161979)
(8.03912e-07 -1.59229e-06 0.0162064)
(7.50466e-07 -1.63618e-06 0.0161695)
(8.04643e-07 -1.68321e-06 0.016199)
(8.22531e-07 -1.71418e-06 0.0162149)
(8.06215e-07 -1.72419e-06 0.0162215)
(6.70438e-07 -1.65608e-06 0.0161819)
(7.46799e-07 -1.71764e-06 0.0162086)
(7.89608e-07 -1.76271e-06 0.0162226)
(7.98478e-07 -1.78602e-06 0.0162284)
(6.52062e-07 -9.36081e-07 0.0160972)
(6.69884e-07 -9.41143e-07 0.0161423)
(6.56052e-07 -9.33981e-07 0.0161678)
(6.15903e-07 -9.14924e-07 0.0161792)
(6.17093e-07 -1.02846e-06 0.0161431)
(6.47337e-07 -1.04347e-06 0.0161784)
(6.49898e-07 -1.04875e-06 0.0161981)
(6.26361e-07 -1.04131e-06 0.0162067)
(5.72673e-07 -1.0792e-06 0.0161695)
(6.1881e-07 -1.10621e-06 0.016199)
(6.38428e-07 -1.12311e-06 0.0162149)
(6.31703e-07 -1.12622e-06 0.0162217)
(5.21624e-07 -1.08701e-06 0.0161818)
(5.82923e-07 -1.12481e-06 0.0162085)
(6.19203e-07 -1.15224e-06 0.0162226)
(6.29364e-07 -1.16545e-06 0.0162284)
(-0.0213877 -0.00291911 0.0308426)
(-0.0317635 -0.0085303 0.0302531)
(-0.0126997 -0.0046178 0.0192363)
(-0.00868818 -0.00575625 0.0117724)
(0.000452441 1.49565e-05 0.0029582)
(0.00275417 0.000472809 0.0119475)
(0.0029061 -0.00631865 0.0128815)
(0.00135913 -0.00615284 0.00814831)
(0.000340148 0.000334828 0.00149481)
(0.00232654 -0.00125262 0.00927466)
(-0.00536226 -0.00931435 0.00598319)
(-0.00530373 -0.00520094 0.00252156)
(-7.39486e-05 -0.00142023 0.000236244)
(-0.00203614 0.00552236 0.00220911)
(-0.00147941 -3.11158e-05 0.00833477)
(-0.000139912 3.00478e-05 0.00178871)
(-0.00267795 0.00185938 0.0386879)
(-0.00355153 0.000349668 0.0310464)
(-0.00227572 -0.000480167 0.0205893)
(-0.00137329 -0.000566978 0.0157999)
(-0.002811 0.00363573 0.0325468)
(-0.00184367 0.00181615 0.0265803)
(0.000471396 0.000212245 0.020939)
(0.0010847 -0.000186605 0.0183279)
(-0.00110119 0.00179823 0.0311591)
(-0.000248249 0.00127759 0.025611)
(0.000500105 -6.53292e-05 0.0234301)
(-0.000170861 0.0002241 0.020665)
(-0.000612906 -0.00144806 0.0199054)
(-0.000495706 0.000291133 0.0226382)
(0.000999005 0.000339532 0.0222593)
(0.000647648 0.000467151 0.0229888)
(0.000807466 0.000673335 0.0226105)
(0.00196371 0.00127971 0.0192413)
(0.00205279 0.0010684 0.0154812)
(0.00153682 0.000654475 0.0131665)
(-0.000834625 0.0028186 0.0177773)
(0.000546939 0.00233779 0.0169603)
(0.00125408 0.00130531 0.0150512)
(0.00098597 0.000404995 0.0135115)
(-0.000137429 0.00216468 0.0154296)
(0.000856009 0.00178939 0.0154698)
(0.00104885 0.000862488 0.0146256)
(0.00041829 0.000157524 0.0138787)
(-2.22664e-05 0.000537413 0.0127038)
(0.000317862 0.000607852 0.0141079)
(0.000486502 0.000294001 0.0145206)
(5.48324e-05 -8.03398e-05 0.0143797)
(0.000894166 -0.000217549 0.0197782)
(0.00155345 0.000219888 0.0184924)
(0.00164957 0.000243474 0.0169577)
(0.00129343 1.06118e-05 0.0158398)
(-0.000188891 0.00102371 0.0179453)
(0.000546976 0.000888326 0.0173485)
(0.000914271 0.000422466 0.0164276)
(0.000705586 -0.00011848 0.0156995)
(-6.2867e-05 0.00093842 0.0166756)
(0.000413583 0.000714253 0.0164708)
(0.000595066 0.00022715 0.0160932)
(0.000348379 -0.000263559 0.0158555)
(-7.98199e-05 0.00034864 0.0154165)
(2.96426e-05 0.000240324 0.0157392)
(0.00013961 -1.76966e-05 0.0159878)
(1.0651e-05 -0.000321965 0.0161232)
(0.000596243 -0.000325955 0.0173153)
(0.000903994 -0.000121583 0.0169459)
(0.000975609 -9.76445e-05 0.0164529)
(0.000840163 -0.000199187 0.0160549)
(4.46154e-05 0.000257524 0.0167547)
(0.000385705 0.000215843 0.0166156)
(0.000557497 2.52721e-05 0.0163181)
(0.000490682 -0.000229877 0.0160631)
(1.763e-05 0.000262777 0.0163408)
(0.000227114 0.000156401 0.0163656)
(0.000329718 -6.65268e-05 0.0162912)
(0.000271641 -0.00031629 0.016228)
(-2.57129e-05 4.68141e-05 0.0158967)
(1.34246e-05 -2.85979e-05 0.0161383)
(7.47673e-05 -0.00017239 0.0163167)
(7.10699e-05 -0.000343429 0.0164249)
(0.000381662 -0.000306001 0.0164042)
(0.000507828 -0.000223435 0.0163299)
(0.000548592 -0.000211707 0.0162002)
(0.000509019 -0.000251113 0.0160809)
(0.000115731 -6.27589e-05 0.016253)
(0.000264232 -7.14831e-05 0.016263)
(0.000348896 -0.000145168 0.0162013)
(0.000342506 -0.000254931 0.0161291)
(5.88016e-05 -4.03781e-05 0.016128)
(0.000157124 -8.26676e-05 0.0162108)
(0.000218185 -0.000178183 0.0162382)
(0.000223692 -0.000293912 0.0162396)
(1.05649e-05 -0.000107615 0.0159891)
(3.90466e-05 -0.000145735 0.0161609)
(8.17076e-05 -0.000216454 0.0162883)
(0.000112342 -0.000304786 0.0163602)
(0.000254135 -0.000246338 0.0160109)
(0.000306123 -0.000213815 0.0160506)
(0.000327672 -0.00020993 0.0160596)
(0.000317302 -0.000226888 0.0160552)
(0.000119492 -0.00015294 0.0160174)
(0.000187104 -0.000153472 0.0160911)
(0.000231526 -0.000182614 0.0161239)
(0.000240503 -0.000229192 0.0161317)
(6.59968e-05 -0.00013614 0.0160168)
(0.000118519 -0.000152486 0.0161216)
(0.000158859 -0.00019301 0.0161877)
(0.000178422 -0.000244931 0.0162199)
(2.21688e-05 -0.00015003 0.0159979)
(4.91011e-05 -0.000168596 0.0161387)
(8.47043e-05 -0.000203046 0.0162432)
(0.000118395 -0.000246526 0.0163018)
(0.000174156 -0.000187218 0.0158505)
(0.000195517 -0.000174685 0.0159316)
(0.000206321 -0.000174345 0.0159918)
(0.000204174 -0.000182731 0.0160329)
(0.000101144 -0.0001554 0.0159052)
(0.000133704 -0.000154297 0.0160045)
(0.000157874 -0.000166429 0.0160745)
(0.000167654 -0.000186853 0.0161169)
(5.85668e-05 -0.000145257 0.0159475)
(8.94731e-05 -0.000151427 0.0160627)
(0.000116219 -0.000169114 0.016145)
(0.000134227 -0.000193 0.0161927)
(2.28563e-05 -0.000142252 0.0159709)
(4.62721e-05 -0.000151428 0.0161019)
(7.39273e-05 -0.000168705 0.0161988)
(0.000100604 -0.000191039 0.0162548)
(0.000121369 -0.000138178 0.0157838)
(0.000130045 -0.00013363 0.015881)
(0.000135141 -0.000134772 0.0159609)
(0.000134783 -0.000139762 0.0160206)
(7.88716e-05 -0.000130512 0.015848)
(9.54868e-05 -0.000129556 0.0159584)
(0.000108928 -0.000135261 0.016044)
(0.000116121 -0.000145039 0.0161022)
(4.70296e-05 -0.00012522 0.0159012)
(6.62171e-05 -0.000127633 0.0160215)
(8.36612e-05 -0.000136036 0.0161116)
(9.68906e-05 -0.000147866 0.0161682)
(1.95115e-05 -0.000118397 0.015936)
(3.79478e-05 -0.000123418 0.0160647)
(5.79824e-05 -0.0001329 0.0161602)
(7.69188e-05 -0.000145265 0.0162179)
(8.54345e-05 -0.000100614 0.0157575)
(8.87524e-05 -9.92936e-05 0.0158612)
(9.09536e-05 -0.000100915 0.0159492)
(9.07217e-05 -0.000104367 0.0160167)
(5.91984e-05 -0.000101841 0.0158184)
(6.8095e-05 -0.000101343 0.015934)
(7.57125e-05 -0.000104519 0.0160268)
(8.03454e-05 -0.000109808 0.0160928)
(3.59844e-05 -9.9568e-05 0.0158707)
(4.82361e-05 -0.000100673 0.0159941)
(5.95506e-05 -0.000105185 0.0160885)
(6.85204e-05 -0.000111647 0.0161509)
(1.53181e-05 -9.3311e-05 0.0159063)
(2.89878e-05 -9.63558e-05 0.016035)
(4.30403e-05 -0.000102075 0.0161312)
(5.59596e-05 -0.000109487 0.0161919)
(6.05695e-05 -7.28414e-05 0.0157481)
(6.16234e-05 -7.28036e-05 0.0158548)
(6.24125e-05 -7.44509e-05 0.0159462)
(6.20434e-05 -7.70493e-05 0.0160171)
(4.36261e-05 -7.68386e-05 0.0158028)
(4.85785e-05 -7.67107e-05 0.0159212)
(5.29701e-05 -7.8786e-05 0.0160175)
(5.5791e-05 -8.20275e-05 0.0160877)
(2.6887e-05 -7.63019e-05 0.0158508)
(3.48466e-05 -7.69507e-05 0.0159762)
(4.22015e-05 -7.96935e-05 0.0160734)
(4.81154e-05 -8.35877e-05 0.0161395)
(1.1574e-05 -7.15837e-05 0.0158836)
(2.1402e-05 -7.36066e-05 0.0160131)
(3.11232e-05 -7.73412e-05 0.0161107)
(3.98444e-05 -8.20932e-05 0.0161741)
(4.31792e-05 -5.26495e-05 0.0157459)
(4.32966e-05 -5.30832e-05 0.0158539)
(4.34315e-05 -5.4566e-05 0.0159469)
(4.2979e-05 -5.65849e-05 0.0160194)
(3.18737e-05 -5.7037e-05 0.0157945)
(3.4711e-05 -5.71349e-05 0.0159145)
(3.72839e-05 -5.86429e-05 0.0160129)
(3.89612e-05 -6.08308e-05 0.0160854)
(1.98474e-05 -5.73905e-05 0.0158378)
(2.50817e-05 -5.78669e-05 0.0159646)
(2.98964e-05 -5.97054e-05 0.0160637)
(3.37787e-05 -6.22462e-05 0.0161322)
(8.57751e-06 -5.41134e-05 0.0158671)
(1.55351e-05 -5.55437e-05 0.0159974)
(2.22396e-05 -5.81193e-05 0.0160964)
(2.81474e-05 -6.13186e-05 0.016162)
(3.09176e-05 -3.80637e-05 0.0157465)
(3.06776e-05 -3.86257e-05 0.0158553)
(3.05348e-05 -3.98805e-05 0.015949)
(3.00769e-05 -4.14585e-05 0.0160222)
(2.31964e-05 -4.19923e-05 0.0157902)
(2.48556e-05 -4.22023e-05 0.0159112)
(2.63846e-05 -4.33562e-05 0.0160107)
(2.7373e-05 -4.4924e-05 0.0160846)
(1.45575e-05 -4.2726e-05 0.0158293)
(1.80319e-05 -4.31178e-05 0.0159571)
(2.12131e-05 -4.44302e-05 0.0160575)
(2.37781e-05 -4.61818e-05 0.0161276)
(6.29173e-06 -4.05441e-05 0.0158553)
(1.11821e-05 -4.15921e-05 0.0159864)
(1.58159e-05 -4.3429e-05 0.0160865)
(1.98547e-05 -4.56543e-05 0.0161538)
(2.22151e-05 -2.75441e-05 0.015748)
(2.18695e-05 -2.80919e-05 0.0158573)
(2.16309e-05 -2.91146e-05 0.0159514)
(2.12152e-05 -3.03422e-05 0.016025)
(1.68544e-05 -3.07842e-05 0.015788)
(1.78381e-05 -3.10324e-05 0.0159096)
(1.87579e-05 -3.19309e-05 0.0160099)
(1.93386e-05 -3.30898e-05 0.0160846)
(1.06403e-05 -3.16155e-05 0.0158238)
(1.2965e-05 -3.19472e-05 0.0159523)
(1.50874e-05 -3.29165e-05 0.0160536)
(1.67997e-05 -3.4166e-05 0.0161248)
(4.58944e-06 -3.01975e-05 0.015847)
(8.01778e-06 -3.09789e-05 0.0159787)
(1.12343e-05 -3.23139e-05 0.0160797)
(1.40238e-05 -3.38939e-05 0.0161482)
(1.6004e-05 -1.9951e-05 0.0157498)
(1.56591e-05 -2.04305e-05 0.0158593)
(1.54086e-05 -2.12431e-05 0.0159536)
(1.50551e-05 -2.21902e-05 0.0160274)
(1.22387e-05 -2.25131e-05 0.0157869)
(1.28272e-05 -2.2757e-05 0.015909)
(1.3386e-05 -2.34571e-05 0.0160097)
(1.37271e-05 -2.4325e-05 0.016085)
(7.76145e-06 -2.33008e-05 0.0158202)
(9.32795e-06 -2.35793e-05 0.0159492)
(1.07572e-05 -2.43062e-05 0.016051)
(1.19131e-05 -2.52146e-05 0.016123)
(3.3374e-06 -2.23926e-05 0.0158412)
(5.74071e-06 -2.2979e-05 0.0159734)
(7.98428e-06 -2.39585e-05 0.016075)
(9.92913e-06 -2.50945e-05 0.0161443)
(1.15487e-05 -1.44586e-05 0.0157514)
(1.12452e-05 -1.48555e-05 0.015861)
(1.10183e-05 -1.5489e-05 0.0159555)
(1.07302e-05 -1.6213e-05 0.0160294)
(8.88295e-06 -1.64348e-05 0.0157864)
(9.23685e-06 -1.66532e-05 0.0159088)
(9.57914e-06 -1.71951e-05 0.0160099)
(9.77933e-06 -1.78471e-05 0.0160855)
(5.65281e-06 -1.7119e-05 0.0158178)
(6.71525e-06 -1.7348e-05 0.0159472)
(7.6858e-06 -1.78956e-05 0.0160494)
(8.4742e-06 -1.85621e-05 0.0161219)
(2.42217e-06 -1.65425e-05 0.0158371)
(4.10902e-06 -1.69828e-05 0.0159697)
(5.68115e-06 -1.77042e-05 0.0160717)
(7.04752e-06 -1.85266e-05 0.0161416)
(8.33678e-06 -1.04733e-05 0.0157527)
(8.08598e-06 -1.07904e-05 0.0158625)
(7.89508e-06 -1.12769e-05 0.0159571)
(7.66698e-06 -1.1825e-05 0.016031)
(6.4403e-06 -1.19721e-05 0.0157863)
(6.65377e-06 -1.21568e-05 0.0159089)
(6.86479e-06 -1.25721e-05 0.0160101)
(6.98207e-06 -1.30608e-05 0.0160859)
(4.1093e-06 -1.25364e-05 0.0158163)
(4.83392e-06 -1.27206e-05 0.0159459)
(5.49764e-06 -1.31322e-05 0.0160484)
(6.03989e-06 -1.36227e-05 0.0161212)
(1.75456e-06 -1.21727e-05 0.0158342)
(2.94022e-06 -1.25021e-05 0.0159671)
(4.04581e-06 -1.30333e-05 0.0160694)
(5.01095e-06 -1.36303e-05 0.0161397)
(6.00829e-06 -7.56902e-06 0.0157538)
(5.80906e-06 -7.81597e-06 0.0158637)
(5.65544e-06 -8.18426e-06 0.0159583)
(5.47893e-06 -8.59503e-06 0.0160322)
(4.65689e-06 -8.69063e-06 0.0157863)
(4.7858e-06 -8.84042e-06 0.015909)
(4.91653e-06 -9.15513e-06 0.0160104)
(4.98492e-06 -9.51904e-06 0.0160863)
(2.97749e-06 -9.1395e-06 0.0158152)
(3.47371e-06 -9.2844e-06 0.015945)
(3.92983e-06 -9.59189e-06 0.0160477)
(4.30485e-06 -9.95203e-06 0.0161207)
(1.26708e-06 -8.91101e-06 0.0158322)
(2.10082e-06 -9.15583e-06 0.0159652)
(2.87958e-06 -9.54561e-06 0.0160678)
(3.56299e-06 -9.97856e-06 0.0161384)
(4.30845e-06 -5.43976e-06 0.0157546)
(4.15497e-06 -5.62771e-06 0.0158645)
(4.03543e-06 -5.90229e-06 0.0159592)
(3.90166e-06 -6.2062e-06 0.0160331)
(3.34793e-06 -6.26758e-06 0.0157863)
(3.42582e-06 -6.38511e-06 0.0159092)
(3.50708e-06 -6.62008e-06 0.0160106)
(3.54665e-06 -6.88824e-06 0.0160867)
(2.14401e-06 -6.61435e-06 0.0158146)
(2.4843e-06 -6.72572e-06 0.0159444)
(2.79823e-06 -6.95293e-06 0.0160472)
(3.05798e-06 -7.21546e-06 0.0161204)
(9.09718e-07 -6.4713e-06 0.0158309)
(1.49474e-06 -6.65139e-06 0.015964)
(2.04236e-06 -6.93516e-06 0.0160667)
(2.52551e-06 -7.24745e-06 0.0161375)
(3.05655e-06 -3.86581e-06 0.0157553)
(2.94197e-06 -4.00536e-06 0.0158652)
(2.85199e-06 -4.20604e-06 0.0159599)
(2.75302e-06 -4.42685e-06 0.0160338)
(2.37984e-06 -4.4661e-06 0.0157864)
(2.42713e-06 -4.55527e-06 0.0159094)
(2.47781e-06 -4.72721e-06 0.0160108)
(2.50058e-06 -4.92148e-06 0.0160869)
(1.52599e-06 -4.72621e-06 0.0158141)
(1.75875e-06 -4.80949e-06 0.015944)
(1.9741e-06 -4.97446e-06 0.0160469)
(2.15332e-06 -5.16311e-06 0.0161202)
(6.46009e-07 -4.63692e-06 0.0158299)
(1.0538e-06 -4.76723e-06 0.0159631)
(1.43624e-06 -4.97087e-06 0.0160659)
(1.77531e-06 -5.19337e-06 0.0161368)
(2.12648e-06 -2.69249e-06 0.0157557)
(2.0446e-06 -2.79278e-06 0.0158657)
(1.97983e-06 -2.93512e-06 0.0159604)
(1.90923e-06 -3.09097e-06 0.0160343)
(1.65813e-06 -3.1165e-06 0.0157865)
(1.68773e-06 -3.1814e-06 0.0159095)
(1.7199e-06 -3.30329e-06 0.016011)
(1.73343e-06 -3.44002e-06 0.0160871)
(1.06439e-06 -3.30455e-06 0.0158138)
(1.22268e-06 -3.36447e-06 0.0159438)
(1.36927e-06 -3.48072e-06 0.0160468)
(1.49192e-06 -3.61275e-06 0.0161201)
(4.50146e-07 -3.24872e-06 0.0158292)
(7.30995e-07 -3.34041e-06 0.0159625)
(9.94569e-07 -3.48281e-06 0.0160654)
(1.22924e-06 -3.63766e-06 0.0161364)
(1.43616e-06 -1.81815e-06 0.0157561)
(1.38223e-06 -1.88671e-06 0.015866)
(1.33926e-06 -1.9828e-06 0.0159607)
(1.29231e-06 -2.0875e-06 0.0160346)
(1.12071e-06 -2.10599e-06 0.0157866)
(1.14168e-06 -2.15014e-06 0.0159096)
(1.16393e-06 -2.23187e-06 0.0160111)
(1.17388e-06 -2.32322e-06 0.0160873)
(7.20251e-07 -2.23485e-06 0.0158136)
(8.28154e-07 -2.27503e-06 0.0159436)
(9.27853e-07 -2.35256e-06 0.0160466)
(1.01191e-06 -2.44055e-06 0.01612)
(3.05295e-07 -2.19863e-06 0.0158288)
(4.96496e-07 -2.25986e-06 0.0159621)
(6.75663e-07 -2.35484e-06 0.016065)
(8.3587e-07 -2.45815e-06 0.0161361)
(9.45378e-07 -1.19302e-06 0.0157563)
(9.15653e-07 -1.23608e-06 0.0158663)
(8.92184e-07 -1.29541e-06 0.0159609)
(8.65625e-07 -1.35985e-06 0.0160349)
(7.36933e-07 -1.37798e-06 0.0157866)
(7.57078e-07 -1.40388e-06 0.0159096)
(7.76771e-07 -1.45296e-06 0.0160112)
(7.88557e-07 -1.50823e-06 0.0160874)
(4.74445e-07 -1.4586e-06 0.0158135)
(5.52359e-07 -1.4814e-06 0.0159435)
(6.23492e-07 -1.5277e-06 0.0160465)
(6.84783e-07 -1.58122e-06 0.01612)
(2.03678e-07 -1.43113e-06 0.0158285)
(3.36933e-07 -1.46782e-06 0.0159618)
(4.60588e-07 -1.52589e-06 0.0160648)
(5.72235e-07 -1.59008e-06 0.0161359)
(6.53862e-07 -8.15569e-07 0.0157564)
(6.46691e-07 -8.42181e-07 0.0158664)
(6.40885e-07 -8.76874e-07 0.0159611)
(6.32517e-07 -9.13347e-07 0.016035)
(5.07044e-07 -9.36788e-07 0.0157866)
(5.34179e-07 -9.50873e-07 0.0159096)
(5.60085e-07 -9.75873e-07 0.0160112)
(5.79722e-07 -1.00463e-06 0.0160874)
(3.26228e-07 -9.85968e-07 0.0158133)
(3.93514e-07 -9.97673e-07 0.0159434)
(4.58368e-07 -1.02042e-06 0.0160464)
(5.13742e-07 -1.04837e-06 0.0161199)
(1.41517e-07 -9.56369e-07 0.0158282)
(2.47127e-07 -9.77825e-07 0.0159615)
(3.5103e-07 -1.01003e-06 0.0160645)
(4.42139e-07 -1.04696e-06 0.0161357)
(-0.00181872 -0.00139347 0.00411668)
(-9.69177e-05 0.00156775 0.00348213)
(-0.0070216 -0.00429716 0.00553482)
(-0.0111861 -0.00682359 0.00816278)
(-0.00466336 -0.00280734 0.0044405)
(0.000794622 0.00305831 0.0094679)
(0.00180205 0.00165832 0.00567168)
(-0.00513308 -0.00163931 0.00577624)
(-0.00732821 -0.00395068 0.00254521)
(-0.00094379 0.00128899 0.0139469)
(-0.000253151 0.00309023 0.0134607)
(0.00112386 -0.000349137 0.00463084)
(-0.00269399 -0.00938949 0.00386516)
(0.000968442 -0.00268764 0.0131989)
(0.000841367 -0.000129623 0.014075)
(0.0120827 -0.00117533 0.000333829)
(0.000178188 -0.00111982 0.0236863)
(-0.00166969 0.000351942 0.0258404)
(-0.00162362 -0.000261925 0.0302974)
(-0.00224836 -0.00101475 0.0159241)
(-0.00177073 -0.000953228 0.0217406)
(-0.0021906 0.000416173 0.0219706)
(-0.00036409 -8.27856e-05 0.0226664)
(-0.00178421 -0.000865067 0.0174146)
(-0.00306803 -0.000606235 0.0193127)
(-0.00312921 0.00139568 0.0198782)
(-0.000452983 0.000488813 0.0197771)
(-0.000844288 0.000121376 0.0183182)
(-0.00304335 -8.47451e-05 0.0181018)
(-0.00302385 0.002289 0.0194053)
(-0.000591074 0.00104483 0.0194339)
(0.000284849 0.000334554 0.0189807)
(0.00168475 -0.00100683 0.0147334)
(0.000545825 0.000108659 0.0143579)
(0.00112183 7.38032e-05 0.0148258)
(0.00090285 -0.000218553 0.0124454)
(0.00145101 -0.000216145 0.014074)
(0.000532569 0.000610216 0.0141573)
(0.00107952 0.000436112 0.0140719)
(0.000550584 -0.000244512 0.0128742)
(0.000869167 0.000208252 0.0129941)
(2.31283e-05 0.000717912 0.0138756)
(0.000630988 0.00022231 0.0140828)
(0.000325809 -0.000304799 0.0132805)
(0.000366475 0.000444211 0.0123536)
(-0.000360492 0.000699407 0.0135499)
(0.000168774 3.51362e-05 0.014137)
(0.000201254 -0.000488833 0.0136445)
(0.00125564 -0.000880906 0.0164469)
(0.000670176 -0.000223026 0.0156976)
(0.00088775 -0.000135748 0.0152307)
(0.000830953 -0.000170281 0.0141497)
(0.00123829 -0.000487499 0.0160701)
(0.000682259 -4.752e-07 0.0154527)
(0.000804391 -2.69071e-05 0.0149639)
(0.000647485 -0.000295667 0.014222)
(0.00106611 -0.000226972 0.0155307)
(0.000498786 2.74563e-05 0.0152102)
(0.000569596 -0.000164524 0.0149366)
(0.000455761 -0.000444317 0.0144424)
(0.000776755 -0.000187985 0.0151228)
(0.000267232 -0.000141527 0.0150418)
(0.000313958 -0.00040695 0.0150266)
(0.000294869 -0.000650255 0.0147894)
(0.000865402 -0.000616737 0.0158957)
(0.000665114 -0.000302994 0.0154985)
(0.000652653 -0.000183964 0.0151547)
(0.000531677 -0.000121614 0.0146537)
(0.000884137 -0.000437006 0.0158601)
(0.000659209 -0.000220682 0.0155102)
(0.000601737 -0.000195248 0.015198)
(0.000458677 -0.00024988 0.0148097)
(0.000824514 -0.000333101 0.0157318)
(0.000577121 -0.000234543 0.0154802)
(0.00049606 -0.000295183 0.0152673)
(0.00037055 -0.000389356 0.0150097)
(0.000697076 -0.000325171 0.0156284)
(0.000454972 -0.000333831 0.0154851)
(0.000371077 -0.000440615 0.0153906)
(0.000286561 -0.000532737 0.0152648)
(0.000545308 -0.000412665 0.0157843)
(0.000506417 -0.000260586 0.0155227)
(0.000465537 -0.000160888 0.0152629)
(0.000347001 -8.81698e-05 0.0150004)
(0.000555871 -0.000347907 0.0158355)
(0.000495399 -0.000244914 0.0156068)
(0.000436238 -0.000205372 0.0153825)
(0.000317196 -0.000192166 0.0151629)
(0.000540403 -0.000311947 0.0158454)
(0.000457979 -0.000267431 0.0156639)
(0.000387918 -0.000277465 0.0154954)
(0.000280882 -0.000296878 0.015336)
(0.000492209 -0.000311931 0.0158463)
(0.000399222 -0.00031911 0.0157229)
(0.000328121 -0.000359602 0.0156181)
(0.000243759 -0.000389409 0.0155222)
(0.000351922 -0.000277364 0.0157191)
(0.000357645 -0.000195671 0.0155651)
(0.00032648 -0.000122784 0.0154029)
(0.000236647 -6.36815e-05 0.0152601)
(0.000354734 -0.000256344 0.0158092)
(0.000347143 -0.000202941 0.0156796)
(0.000308127 -0.000167059 0.0155417)
(0.00022313 -0.000140893 0.0154173)
(0.00034992 -0.000247125 0.0158749)
(0.000328366 -0.000224499 0.0157731)
(0.000284426 -0.0002182 0.015666)
(0.000208344 -0.000214147 0.0155687)
(0.000331324 -0.000250529 0.0159223)
(0.000299811 -0.000254294 0.0158534)
(0.000255372 -0.000268055 0.0157802)
(0.000192787 -0.000275267 0.0157129)
(0.000231924 -0.000188302 0.0156992)
(0.000244777 -0.000139078 0.0156117)
(0.000223815 -8.79094e-05 0.0155187)
(0.000162953 -4.49889e-05 0.0154393)
(0.000230942 -0.000183802 0.0158026)
(0.000235935 -0.00015226 0.015736)
(0.000212037 -0.000123992 0.0156601)
(0.00015622 -0.000100319 0.0155906)
(0.000228654 -0.000184395 0.0158882)
(0.000225566 -0.000170536 0.0158411)
(0.000199758 -0.000160642 0.0157828)
(0.000150259 -0.000151329 0.0157264)
(0.000220812 -0.000188879 0.0159535)
(0.0002111 -0.000189933 0.015927)
(0.000185263 -0.000193497 0.0158867)
(0.000143959 -0.000193404 0.0158446)
(0.000155801 -0.000129173 0.0156977)
(0.000166044 -9.68232e-05 0.0156517)
(0.000151949 -6.13181e-05 0.0156029)
(0.00011226 -3.14159e-05 0.0155593)
(0.000153482 -0.000130444 0.0158059)
(0.000159106 -0.000109797 0.0157785)
(0.000144187 -8.87774e-05 0.0157425)
(0.000108559 -7.06301e-05 0.0157054)
(0.000151705 -0.000134191 0.0158985)
(0.000152781 -0.000124557 0.0158862)
(0.000137374 -0.000115372 0.015861)
(0.000106134 -0.000106547 0.0158306)
(0.000147729 -0.000138731 0.0159706)
(0.000144857 -0.000138396 0.0159723)
(0.000129736 -0.000138406 0.0159564)
(0.000103613 -0.000136454 0.0159329)
(0.00010635 -8.95603e-05 0.0157045)
(0.000112994 -6.71801e-05 0.0156846)
(0.000103357 -4.25468e-05 0.0156628)
(7.7586e-05 -2.19453e-05 0.0156402)
(0.000103815 -9.25228e-05 0.0158143)
(0.000107706 -7.81366e-05 0.0158112)
(9.80676e-05 -6.28952e-05 0.0158)
(7.53317e-05 -4.97593e-05 0.0157824)
(0.000102207 -9.68315e-05 0.0159093)
(0.000103524 -8.97197e-05 0.0159186)
(9.39764e-05 -8.23236e-05 0.0159144)
(7.42854e-05 -7.53301e-05 0.0159005)
(9.97361e-05 -0.000100937 0.0159838)
(9.87868e-05 -0.000100068 0.0160031)
(8.96481e-05 -9.90485e-05 0.0160036)
(7.32546e-05 -9.69886e-05 0.0159928)
(7.36148e-05 -6.2728e-05 0.0157137)
(7.76245e-05 -4.68421e-05 0.0157102)
(7.09297e-05 -2.96565e-05 0.0157052)
(5.39961e-05 -1.54211e-05 0.0156952)
(7.13183e-05 -6.585e-05 0.015824)
(7.36452e-05 -5.55296e-05 0.0158362)
(6.72195e-05 -4.45849e-05 0.0158403)
(5.24966e-05 -3.52503e-05 0.0158347)
(6.98856e-05 -6.97815e-05 0.0159196)
(7.07224e-05 -6.44526e-05 0.0159426)
(6.45753e-05 -5.88306e-05 0.0159516)
(5.1981e-05 -5.36228e-05 0.0159482)
(6.81258e-05 -7.32579e-05 0.0159948)
(6.76644e-05 -7.23098e-05 0.0160253)
(6.19312e-05 -7.11646e-05 0.0160364)
(5.15319e-05 -6.9457e-05 0.016034)
(5.15431e-05 -4.43247e-05 0.0157226)
(5.3907e-05 -3.291e-05 0.0157298)
(4.92029e-05 -2.08334e-05 0.0157352)
(3.78857e-05 -1.09176e-05 0.0157332)
(4.96258e-05 -4.70864e-05 0.015833)
(5.09327e-05 -3.95931e-05 0.0158552)
(4.65482e-05 -3.17542e-05 0.0158689)
(3.68284e-05 -2.51389e-05 0.0158709)
(4.84059e-05 -5.03686e-05 0.0159287)
(4.8823e-05 -4.63815e-05 0.0159604)
(4.47429e-05 -4.2219e-05 0.0159779)
(3.6525e-05 -3.84275e-05 0.0159813)
(4.70739e-05 -5.31941e-05 0.016004)
(4.67378e-05 -5.23525e-05 0.0160416)
(4.30243e-05 -5.13615e-05 0.0160595)
(3.63079e-05 -5.00508e-05 0.0160627)
(3.64186e-05 -3.15465e-05 0.0157304)
(3.78102e-05 -2.32968e-05 0.0157446)
(3.44755e-05 -1.47505e-05 0.0157566)
(2.67831e-05 -7.78325e-06 0.0157598)
(3.48854e-05 -3.3819e-05 0.0158408)
(3.55957e-05 -2.83566e-05 0.0158693)
(3.25519e-05 -2.27372e-05 0.0158893)
(2.60132e-05 -1.80361e-05 0.0158962)
(3.38852e-05 -3.64407e-05 0.0159364)
(3.4047e-05 -3.34756e-05 0.0159737)
(3.12748e-05 -3.043e-05 0.0159967)
(2.58058e-05 -2.76895e-05 0.0160045)
(3.28587e-05 -3.86762e-05 0.0160115)
(3.25753e-05 -3.79938e-05 0.0160536)
(3.01075e-05 -3.72103e-05 0.016076)
(2.56876e-05 -3.62325e-05 0.016083)
(2.59122e-05 -2.25772e-05 0.0157368)
(2.67388e-05 -1.65981e-05 0.0157556)
(2.43581e-05 -1.05134e-05 0.015772)
(1.90517e-05 -5.58024e-06 0.0157786)
(2.4717e-05 -2.43786e-05 0.0158471)
(2.50944e-05 -2.03935e-05 0.0158799)
(2.29543e-05 -1.63568e-05 0.015904)
(1.84823e-05 -1.30014e-05 0.0159141)
(2.39193e-05 -2.64203e-05 0.0159425)
(2.39486e-05 -2.42285e-05 0.0159836)
(2.20321e-05 -2.20116e-05 0.0160101)
(1.83279e-05 -2.00326e-05 0.0160209)
(2.31281e-05 -2.81564e-05 0.0160174)
(2.28888e-05 -2.76284e-05 0.0160626)
(2.12162e-05 -2.70329e-05 0.0160879)
(1.82567e-05 -2.63108e-05 0.0160974)
(1.85322e-05 -1.62241e-05 0.0157418)
(1.90299e-05 -1.18848e-05 0.0157638)
(1.73212e-05 -7.53177e-06 0.0157831)
(1.36164e-05 -4.01751e-06 0.015792)
(1.76157e-05 -1.76206e-05 0.015852)
(1.78116e-05 -1.47143e-05 0.0158878)
(1.62929e-05 -1.18081e-05 0.0159146)
(1.31928e-05 -9.40342e-06 0.0159269)
(1.69922e-05 -1.91849e-05 0.0159473)
(1.69615e-05 -1.75726e-05 0.0159909)
(1.56197e-05 -1.59623e-05 0.0160199)
(1.30738e-05 -1.45315e-05 0.0160327)
(1.63858e-05 -2.05149e-05 0.016022)
(1.61899e-05 -2.01171e-05 0.0160692)
(1.50392e-05 -1.96729e-05 0.0160965)
(1.30279e-05 -1.91413e-05 0.0161077)
(1.33005e-05 -1.16897e-05 0.0157456)
(1.36048e-05 -8.5394e-06 0.0157699)
(1.2374e-05 -5.41459e-06 0.0157911)
(9.76339e-06 -2.90009e-06 0.0158016)
(1.26059e-05 -1.2756e-05 0.0158559)
(1.27044e-05 -1.06386e-05 0.0158936)
(1.16197e-05 -8.54286e-06 0.0159222)
(9.44807e-06 -6.81412e-06 0.0159361)
(1.2126e-05 -1.39407e-05 0.015951)
(1.20738e-05 -1.27592e-05 0.0159963)
(1.11257e-05 -1.15907e-05 0.016027)
(9.35568e-06 -1.0555e-05 0.0160411)
(1.16648e-05 -1.49486e-05 0.0160255)
(1.15092e-05 -1.46537e-05 0.0160741)
(1.07086e-05 -1.43257e-05 0.0161028)
(9.32486e-06 -1.39348e-05 0.0161151)
(9.56207e-06 -8.4311e-06 0.0157486)
(9.75098e-06 -6.14588e-06 0.0157743)
(8.86273e-06 -3.89894e-06 0.015797)
(7.01176e-06 -2.0954e-06 0.0158085)
(9.04065e-06 -9.2358e-06 0.0158588)
(9.08751e-06 -7.69593e-06 0.0158979)
(8.30999e-06 -6.18388e-06 0.0159278)
(6.77757e-06 -4.93917e-06 0.0159427)
(8.67583e-06 -1.01244e-05 0.0159538)
(8.6209e-06 -9.26187e-06 0.0160003)
(7.94714e-06 -8.41498e-06 0.0160321)
(6.70618e-06 -7.66495e-06 0.0160472)
(8.32798e-06 -1.08813e-05 0.0160281)
(8.20717e-06 -1.06647e-05 0.0160777)
(7.64579e-06 -1.04241e-05 0.0161073)
(6.685e-06 -1.01371e-05 0.0161205)
(6.86984e-06 -6.07335e-06 0.0157508)
(6.98873e-06 -4.42001e-06 0.0157776)
(6.34824e-06 -2.80536e-06 0.0158012)
(5.03216e-06 -1.51188e-06 0.0158135)
(6.48211e-06 -6.67406e-06 0.0158609)
(6.50222e-06 -5.55795e-06 0.015901)
(5.94445e-06 -4.46863e-06 0.0159318)
(4.85909e-06 -3.57313e-06 0.0159474)
(6.20803e-06 -7.3343e-06 0.0159559)
(6.15854e-06 -6.7075e-06 0.0160032)
(5.67856e-06 -6.0953e-06 0.0160358)
(4.80445e-06 -5.55311e-06 0.0160516)
(5.94803e-06 -7.89729e-06 0.0160301)
(5.85604e-06 -7.73957e-06 0.0160803)
(5.46067e-06 -7.56397e-06 0.0161106)
(4.78969e-06 -7.354e-06 0.0161243)
(4.91447e-06 -4.35404e-06 0.0157524)
(4.99018e-06 -3.16489e-06 0.01578)
(4.53051e-06 -2.00958e-06 0.0158042)
(3.59637e-06 -1.08546e-06 0.015817)
(4.62946e-06 -4.79697e-06 0.0158626)
(4.63628e-06 -3.99316e-06 0.0159033)
(4.23756e-06 -3.21224e-06 0.0159347)
(3.46958e-06 -2.57081e-06 0.0159509)
(4.42628e-06 -5.28194e-06 0.0159574)
(4.3852e-06 -4.82971e-06 0.0160054)
(4.044e-06 -4.38968e-06 0.0160385)
(3.42833e-06 -3.99975e-06 0.0160547)
(4.23421e-06 -5.69587e-06 0.0160316)
(4.16542e-06 -5.58197e-06 0.0160823)
(3.88707e-06 -5.45483e-06 0.016113)
(3.41797e-06 -5.30225e-06 0.0161271)
(3.48021e-06 -3.08852e-06 0.0157536)
(3.52898e-06 -2.24309e-06 0.0157817)
(3.20286e-06 -1.42485e-06 0.0158064)
(2.54549e-06 -7.70997e-07 0.0158196)
(3.27428e-06 -3.40961e-06 0.0158637)
(3.27516e-06 -2.83761e-06 0.015905)
(2.99312e-06 -2.28371e-06 0.0159368)
(2.45403e-06 -1.8289e-06 0.0159533)
(3.12642e-06 -3.75998e-06 0.0159586)
(3.09438e-06 -3.43772e-06 0.0160069)
(2.85409e-06 -3.12493e-06 0.0160404)
(2.42355e-06 -2.84749e-06 0.016057)
(2.98696e-06 -4.05921e-06 0.0160327)
(2.9368e-06 -3.97798e-06 0.0160836)
(2.74234e-06 -3.887e-06 0.0161147)
(2.41637e-06 -3.77741e-06 0.0161291)
(2.41833e-06 -2.1485e-06 0.0157545)
(2.45054e-06 -1.55977e-06 0.0157829)
(2.22457e-06 -9.91267e-07 0.0158079)
(1.77094e-06 -5.37009e-07 0.0158213)
(2.27379e-06 -2.3753e-06 0.0158646)
(2.2731e-06 -1.97668e-06 0.0159061)
(2.07811e-06 -1.59131e-06 0.0159383)
(1.70688e-06 -1.27467e-06 0.015955)
(2.16938e-06 -2.62178e-06 0.0159594)
(2.14633e-06 -2.39683e-06 0.016008)
(1.9808e-06 -2.17866e-06 0.0160418)
(1.68526e-06 -1.98482e-06 0.0160585)
(2.07103e-06 -2.83232e-06 0.0160334)
(2.03622e-06 -2.77536e-06 0.0160846)
(1.90321e-06 -2.71126e-06 0.0161159)
(1.68065e-06 -2.63383e-06 0.0161304)
(1.63323e-06 -1.45055e-06 0.0157551)
(1.65659e-06 -1.05362e-06 0.0157837)
(1.50691e-06 -6.70106e-07 0.015809)
(1.20471e-06 -3.62842e-07 0.0158226)
(1.537e-06 -1.60417e-06 0.0158652)
(1.53809e-06 -1.33505e-06 0.015907)
(1.40912e-06 -1.07446e-06 0.0159393)
(1.16234e-06 -8.59565e-07 0.0159562)
(1.46704e-06 -1.77007e-06 0.0159599)
(1.45329e-06 -1.61756e-06 0.0160088)
(1.34422e-06 -1.46916e-06 0.0160427)
(1.14838e-06 -1.33676e-06 0.0160596)
(1.40124e-06 -1.91183e-06 0.016034)
(1.38003e-06 -1.87238e-06 0.0160853)
(1.29311e-06 -1.82745e-06 0.0161167)
(1.14642e-06 -1.77328e-06 0.0161314)
(1.0776e-06 -9.54039e-07 0.0157555)
(1.09828e-06 -6.94603e-07 0.0157843)
(1.00701e-06 -4.42583e-07 0.0158097)
(8.16219e-07 -2.38499e-07 0.0158234)
(1.01892e-06 -1.05228e-06 0.0158655)
(1.0248e-06 -8.75395e-07 0.0159075)
(9.46493e-07 -7.02791e-07 0.01594)
(7.9131e-07 -5.58631e-07 0.0159569)
(9.76507e-07 -1.15599e-06 0.0159603)
(9.7285e-07 -1.05382e-06 0.0160093)
(9.07112e-07 -9.5351e-07 0.0160433)
(7.84527e-07 -8.63107e-07 0.0160603)
(9.3665e-07 -1.24534e-06 0.0160343)
(9.28517e-07 -1.21604e-06 0.0160857)
(8.7705e-07 -1.18241e-06 0.0161172)
(7.86014e-07 -1.14271e-06 0.016132)
(7.5562e-07 -6.57189e-07 0.0157557)
(7.86046e-07 -4.81636e-07 0.0157847)
(7.35793e-07 -3.04944e-07 0.0158102)
(6.11649e-07 -1.57463e-07 0.015824)
(7.27783e-07 -7.17918e-07 0.0158658)
(7.47517e-07 -5.96037e-07 0.0159078)
(7.04039e-07 -4.71857e-07 0.0159404)
(6.02051e-07 -3.64701e-07 0.0159575)
(7.05254e-07 -7.8158e-07 0.0159605)
(7.17209e-07 -7.10929e-07 0.0160096)
(6.81217e-07 -6.37715e-07 0.0160438)
(6.01296e-07 -5.69623e-07 0.0160608)
(6.84036e-07 -8.35996e-07 0.0160345)
(6.91726e-07 -8.13804e-07 0.016086)
(6.64565e-07 -7.85882e-07 0.0161176)
(6.06014e-07 -7.52849e-07 0.0161325)
)
;

boundaryField
{
    inlet
    {
        type            uniformFixedValue;
        uniformValue    table
        
2
(
(0 (0 0 0.002))
(0.1 (0 0 0.02))
)
;
        value           uniform (0 0 0.0164);
    }
    outlet
    {
        type            zeroGradient;
    }
    wall
    {
        type            slip;
    }
    procBoundary0to1
    {
        type            processor;
        value           nonuniform List<vector> 
192
(
(0.00130192 0.00172961 0.000280413)
(-0.000531356 0.00137903 0.00770572)
(0.00323883 -1.47176e-05 0.0149526)
(0.00334494 -0.00174169 0.0137914)
(-0.00109 0.000415887 0.0215908)
(-0.00228693 -0.000388881 0.0219945)
(-0.00224751 0.000209171 0.0233647)
(-0.00186757 0.00127731 0.0236697)
(-0.000245272 -0.000814378 0.0143691)
(-0.000480498 -0.000934054 0.0153633)
(-0.000547429 -0.000433424 0.0162103)
(-0.000539226 0.000230799 0.0159588)
(0.000109026 -0.000863504 0.0152771)
(8.43362e-05 -0.000833265 0.0158312)
(8.87465e-05 -0.000560123 0.0162319)
(6.54217e-05 -0.00025858 0.0162599)
(0.000153002 -0.000627214 0.0155478)
(0.00016943 -0.00060741 0.0158514)
(0.000193661 -0.000498836 0.0160631)
(0.000201632 -0.000387065 0.0161457)
(0.000143407 -0.000437278 0.0156814)
(0.000162994 -0.000439474 0.0158613)
(0.000186235 -0.000407842 0.0159917)
(0.000200357 -0.000373609 0.0160719)
(0.000122594 -0.000306942 0.0158131)
(0.000136495 -0.00032026 0.0159328)
(0.000151318 -0.000317805 0.0160256)
(0.00016085 -0.000311507 0.0160953)
(9.78256e-05 -0.000217521 0.0159181)
(0.000106081 -0.000233752 0.0160056)
(0.000113837 -0.000240383 0.0160761)
(0.000117916 -0.000241827 0.016134)
(7.42849e-05 -0.000155434 0.0159944)
(7.89137e-05 -0.000170699 0.0160627)
(8.26423e-05 -0.000179162 0.0161181)
(8.39704e-05 -0.000182512 0.0161645)
(5.47849e-05 -0.000111831 0.0160487)
(5.74129e-05 -0.000124705 0.0161047)
(5.91977e-05 -0.000132507 0.0161493)
(5.94434e-05 -0.000135877 0.016186)
(3.98299e-05 -8.08873e-05 0.0160868)
(4.14077e-05 -9.11505e-05 0.0161347)
(4.23324e-05 -9.76083e-05 0.0161713)
(4.22734e-05 -0.000100485 0.0162003)
(2.87967e-05 -5.8727e-05 0.0161138)
(2.98169e-05 -6.66535e-05 0.0161558)
(3.03715e-05 -7.17419e-05 0.0161865)
(3.02932e-05 -7.40515e-05 0.0162097)
(2.07932e-05 -4.27432e-05 0.0161328)
(2.14996e-05 -4.87515e-05 0.0161707)
(2.18866e-05 -5.2659e-05 0.0161971)
(2.18612e-05 -5.44609e-05 0.0162158)
(1.50209e-05 -3.11555e-05 0.0161463)
(1.55345e-05 -3.56578e-05 0.0161813)
(1.58328e-05 -3.86143e-05 0.0162044)
(1.58579e-05 -3.9998e-05 0.0162198)
(1.08604e-05 -2.27242e-05 0.016156)
(1.12445e-05 -2.60729e-05 0.0161888)
(1.14842e-05 -2.82891e-05 0.0162096)
(1.15401e-05 -2.93411e-05 0.0162225)
(7.85641e-06 -1.65717e-05 0.0161629)
(8.14726e-06 -1.9049e-05 0.0161941)
(8.34117e-06 -2.06993e-05 0.0162132)
(8.40965e-06 -2.1493e-05 0.0162243)
(5.68086e-06 -1.20693e-05 0.0161678)
(5.90149e-06 -1.3893e-05 0.016198)
(6.0568e-06 -1.5115e-05 0.0162158)
(6.12553e-06 -1.57096e-05 0.0162256)
(4.09856e-06 -8.76246e-06 0.0161714)
(4.26506e-06 -1.00975e-05 0.0162007)
(4.3874e-06 -1.09965e-05 0.0162176)
(4.44946e-06 -1.14384e-05 0.0162265)
(2.94114e-06 -6.32083e-06 0.016174)
(3.06546e-06 -7.29005e-06 0.0162027)
(3.15989e-06 -7.94557e-06 0.0162189)
(3.21223e-06 -8.27058e-06 0.0162271)
(2.08882e-06 -4.50419e-06 0.0161758)
(2.18011e-06 -5.19822e-06 0.0162041)
(2.25124e-06 -5.66934e-06 0.0162198)
(2.29315e-06 -5.90479e-06 0.0162275)
(1.45923e-06 -3.14031e-06 0.0161771)
(1.52472e-06 -3.62587e-06 0.016205)
(1.57677e-06 -3.95649e-06 0.0162205)
(1.60881e-06 -4.12299e-06 0.0162278)
(1.00184e-06 -2.11236e-06 0.016178)
(1.04779e-06 -2.43974e-06 0.0162057)
(1.08489e-06 -2.66332e-06 0.0162209)
(1.10852e-06 -2.7768e-06 0.0162279)
(6.97489e-07 -1.35669e-06 0.0161785)
(7.29877e-07 -1.56735e-06 0.0162061)
(7.56392e-07 -1.7117e-06 0.0162212)
(7.73801e-07 -1.78562e-06 0.0162281)
(5.49988e-07 -8.83407e-07 0.016179)
(5.76936e-07 -1.01977e-06 0.0162065)
(5.98793e-07 -1.1142e-06 0.0162214)
(6.13298e-07 -1.16299e-06 0.0162282)
(0.00820456 0.00264266 -0.00379442)
(-0.00260363 -0.000846639 0.0129544)
(-0.00127882 -0.00045939 0.01413)
(0.00233712 0.000813197 0.00647482)
(-0.00171854 -0.00133881 0.015038)
(-0.00184194 -0.0021608 0.0166682)
(-0.00178595 -0.000139714 0.0176786)
(-0.00137419 0.0010736 0.0184046)
(-0.000222705 -0.000422311 0.0112065)
(-0.000239533 -0.000826347 0.0126591)
(-0.000335705 -0.000606955 0.0135268)
(-0.000335948 -0.000518372 0.0137397)
(0.000313625 -0.000189741 0.0134506)
(0.000236777 -0.000500938 0.0139232)
(0.000146969 -0.000607876 0.0143965)
(0.000103267 -0.000726539 0.0147792)
(0.000232845 -0.000103671 0.0143113)
(0.000194268 -0.000314547 0.0145998)
(0.000158444 -0.00045034 0.0149095)
(0.000144936 -0.000559839 0.0152138)
(0.00014241 -6.49604e-05 0.0148267)
(0.00013232 -0.000205743 0.015037)
(0.000126934 -0.000312738 0.0152558)
(0.00013123 -0.000393675 0.0154695)
(9.70139e-05 -4.21302e-05 0.0151656)
(9.81358e-05 -0.000136882 0.0153409)
(0.000103048 -0.000213763 0.015511)
(0.000111802 -0.000272818 0.0156683)
(7.19694e-05 -2.7355e-05 0.0153843)
(7.569e-05 -9.18644e-05 0.0155424)
(8.21305e-05 -0.000146295 0.0156859)
(9.00429e-05 -0.000189681 0.0158104)
(5.42608e-05 -1.79221e-05 0.0155255)
(5.7759e-05 -6.23907e-05 0.0156742)
(6.31474e-05 -0.000101065 0.0158026)
(6.90903e-05 -0.000133066 0.015908)
(4.05628e-05 -1.19667e-05 0.0156183)
(4.32312e-05 -4.30239e-05 0.0157616)
(4.72021e-05 -7.06835e-05 0.0158812)
(5.13833e-05 -9.42959e-05 0.0159751)
(3.00056e-05 -8.15803e-06 0.0156807)
(3.18983e-05 -3.01066e-05 0.0158206)
(3.46938e-05 -5.00179e-05 0.0159348)
(3.75779e-05 -6.74246e-05 0.0160216)
(2.20328e-05 -5.6647e-06 0.0157233)
(2.33393e-05 -2.13247e-05 0.0158611)
(2.52792e-05 -3.57311e-05 0.0159719)
(2.72698e-05 -4.85455e-05 0.016054)
(1.61044e-05 -3.99089e-06 0.0157529)
(1.69999e-05 -1.52433e-05 0.0158894)
(1.8345e-05 -2.57027e-05 0.0159979)
(1.97307e-05 -3.51226e-05 0.0160768)
(1.17381e-05 -2.84188e-06 0.0157738)
(1.23529e-05 -1.09669e-05 0.0159093)
(1.32904e-05 -1.85767e-05 0.0160163)
(1.42653e-05 -2.54918e-05 0.0160931)
(8.53979e-06 -2.03873e-06 0.0157886)
(8.96415e-06 -7.9239e-06 0.0159235)
(9.6219e-06 -1.34664e-05 0.0160294)
(1.03146e-05 -1.85361e-05 0.0161046)
(6.20357e-06 -1.46937e-06 0.0157991)
(6.49819e-06 -5.73899e-06 0.0159337)
(6.96254e-06 -9.77627e-06 0.0160388)
(7.45835e-06 -1.34871e-05 0.0161129)
(4.49804e-06 -1.06123e-06 0.0158067)
(4.70358e-06 -4.15868e-06 0.015941)
(5.03283e-06 -7.09628e-06 0.0160455)
(5.38929e-06 -9.80624e-06 0.0161189)
(3.25099e-06 -7.65878e-07 0.0158122)
(3.39479e-06 -3.00799e-06 0.0159462)
(3.62862e-06 -5.13902e-06 0.0160503)
(3.88511e-06 -7.11043e-06 0.0161232)
(2.33571e-06 -5.50127e-07 0.0158161)
(2.43623e-06 -2.16389e-06 0.0159499)
(2.60191e-06 -3.70008e-06 0.0160538)
(2.78579e-06 -5.12426e-06 0.0161262)
(1.66024e-06 -3.90823e-07 0.0158189)
(1.73017e-06 -1.53906e-06 0.0159526)
(1.84659e-06 -2.6331e-06 0.0160563)
(1.97712e-06 -3.64898e-06 0.0161284)
(1.16054e-06 -2.71726e-07 0.0158208)
(1.20881e-06 -1.07181e-06 0.0159545)
(1.2894e-06 -1.83418e-06 0.016058)
(1.38048e-06 -2.54282e-06 0.01613)
(7.96869e-07 -1.81726e-07 0.0158222)
(8.30291e-07 -7.20394e-07 0.0159558)
(8.85172e-07 -1.23292e-06 0.0160592)
(9.47473e-07 -1.7097e-06 0.016131)
(5.5526e-07 -1.14949e-07 0.015823)
(5.79512e-07 -4.6269e-07 0.0159566)
(6.17112e-07 -7.90771e-07 0.01606)
(6.59875e-07 -1.09688e-06 0.0161317)
(4.32702e-07 -6.35843e-08 0.0158237)
(4.55097e-07 -2.89487e-07 0.0159572)
(4.85431e-07 -5.12853e-07 0.0160606)
(5.18891e-07 -7.14523e-07 0.0161322)
)
;
    }
    procBoundary0to2
    {
        type            processor;
        value           nonuniform List<vector> 
192
(
(0.000391739 -0.00181258 0.00658892)
(-0.000249113 -0.000922629 0.00827676)
(0.00388612 -0.00203018 0.00234721)
(0.000422677 -7.66096e-05 0.00127887)
(-0.00103046 -2.76532e-05 0.0249967)
(-0.000645206 0.000914262 0.0262076)
(-0.00025918 0.0010907 0.0279953)
(-0.00183566 0.00071399 0.0260566)
(-0.000681124 -0.000390057 0.0154493)
(-0.000555912 -5.23513e-05 0.0158824)
(-0.000318691 0.000162228 0.0156574)
(-0.000522743 0.000163532 0.0151005)
(-0.000282755 -0.00042317 0.0167471)
(-0.000209013 -0.000363458 0.0168632)
(-4.73667e-05 -0.000264865 0.0166912)
(3.81019e-06 -0.000198773 0.0163502)
(-2.93465e-05 -0.000395259 0.01674)
(3.97972e-05 -0.000408428 0.0167496)
(0.000134421 -0.000382278 0.0166257)
(0.000180579 -0.000350402 0.0164007)
(8.69296e-05 -0.000333921 0.0165179)
(0.000144259 -0.000360009 0.0164965)
(0.00019544 -0.000363473 0.0164085)
(0.000213414 -0.000356435 0.0162734)
(0.000115517 -0.00026172 0.016398)
(0.000153591 -0.000284482 0.0163792)
(0.000179472 -0.000295979 0.0163211)
(0.000181817 -0.000300123 0.0162392)
(0.0001026 -0.000198733 0.0163257)
(0.000126131 -0.00021553 0.0163169)
(0.000138801 -0.000226917 0.0162828)
(0.00013552 -0.000233685 0.0162346)
(7.8931e-05 -0.000149172 0.0162787)
(9.32034e-05 -0.000160992 0.0162799)
(9.95639e-05 -0.000170103 0.0162625)
(9.57341e-05 -0.00017635 0.0162349)
(5.71527e-05 -0.00011156 0.0162483)
(6.59439e-05 -0.000119783 0.0162574)
(6.94261e-05 -0.000126513 0.0162509)
(6.65914e-05 -0.000131394 0.0162357)
(4.04039e-05 -8.32926e-05 0.0162283)
(4.60181e-05 -8.90114e-05 0.016243)
(4.81793e-05 -9.38148e-05 0.0162435)
(4.64416e-05 -9.73648e-05 0.0162357)
(2.83592e-05 -6.20861e-05 0.0162147)
(3.21012e-05 -6.60774e-05 0.0162332)
(3.36112e-05 -6.94551e-05 0.0162383)
(3.26863e-05 -7.19508e-05 0.0162352)
(1.99075e-05 -4.61892e-05 0.0162052)
(2.24989e-05 -4.89881e-05 0.0162264)
(2.36393e-05 -5.13506e-05 0.0162344)
(2.32297e-05 -5.30777e-05 0.0162342)
(1.40157e-05 -3.42889e-05 0.0161986)
(1.58623e-05 -3.62613e-05 0.0162215)
(1.67556e-05 -3.7913e-05 0.0162315)
(1.66411e-05 -3.9101e-05 0.0162333)
(9.90419e-06 -2.53956e-05 0.0161938)
(1.12446e-05 -2.67918e-05 0.016218)
(1.19513e-05 -2.79491e-05 0.0162293)
(1.19891e-05 -2.87653e-05 0.0162323)
(7.02279e-06 -1.87591e-05 0.0161904)
(8.00577e-06 -1.97512e-05 0.0162154)
(8.56245e-06 -2.05644e-05 0.0162276)
(8.66761e-06 -2.11263e-05 0.0162315)
(4.99146e-06 -1.38101e-05 0.016188)
(5.71512e-06 -1.45167e-05 0.0162135)
(6.14904e-06 -1.50896e-05 0.0162264)
(6.27414e-06 -1.54776e-05 0.0162309)
(3.54914e-06 -1.01166e-05 0.0161862)
(4.08118e-06 -1.06201e-05 0.0162122)
(4.41477e-06 -1.10241e-05 0.0162254)
(4.53536e-06 -1.12927e-05 0.0162304)
(2.51628e-06 -7.35211e-06 0.0161849)
(2.90494e-06 -7.70957e-06 0.0162112)
(3.15719e-06 -7.99387e-06 0.0162247)
(3.26193e-06 -8.1796e-06 0.01623)
(1.76972e-06 -5.27099e-06 0.016184)
(2.0501e-06 -5.52237e-06 0.0162104)
(2.23694e-06 -5.72075e-06 0.0162242)
(2.3218e-06 -5.8484e-06 0.0162297)
(1.22707e-06 -3.69308e-06 0.0161834)
(1.42544e-06 -3.86637e-06 0.0162099)
(1.56028e-06 -4.00227e-06 0.0162238)
(1.62526e-06 -4.08857e-06 0.0162294)
(8.38418e-07 -2.49468e-06 0.0161829)
(9.75886e-07 -2.61005e-06 0.0162096)
(1.07067e-06 -2.70008e-06 0.0162236)
(1.11813e-06 -2.75659e-06 0.0162293)
(5.8315e-07 -1.60991e-06 0.0161826)
(6.79306e-07 -1.68277e-06 0.0162093)
(7.46037e-07 -1.7395e-06 0.0162234)
(7.80122e-07 -1.77473e-06 0.0162292)
(4.63852e-07 -1.04995e-06 0.0161824)
(5.39152e-07 -1.09737e-06 0.0162091)
(5.91592e-07 -1.13429e-06 0.0162232)
(6.1856e-07 -1.15703e-06 0.0162291)
(-0.00179867 0.000250735 0.0126966)
(-0.00486346 0.000151974 0.00645)
(-0.00068313 -0.000282156 0.00148367)
(-1.31638e-05 -0.000399436 0.00105431)
(0.000751275 -0.00158452 0.0258032)
(0.00171081 -0.00065804 0.0259006)
(0.00174887 -0.00040002 0.0242618)
(0.00029061 -0.000279378 0.0245755)
(0.000414017 -0.000398298 0.0154026)
(0.000818327 -0.000232158 0.0151147)
(0.000433998 -0.00027765 0.0146079)
(-0.000231048 -0.000439382 0.0147869)
(4.59584e-05 -0.000102047 0.0160506)
(9.26272e-05 -8.50263e-05 0.0160423)
(-5.12448e-06 -0.000172515 0.0161763)
(-0.000177253 -0.00033508 0.0164534)
(-1.71971e-05 -0.000147381 0.0160969)
(-2.67174e-05 -0.00015662 0.016276)
(-4.10364e-05 -0.000216219 0.0164635)
(-4.99772e-05 -0.000316356 0.01663)
(-1.6648e-05 -0.00017243 0.0160736)
(-1.50103e-05 -0.000185352 0.016237)
(1.84125e-06 -0.00022304 0.0163788)
(3.67025e-05 -0.000281544 0.0164769)
(-9.71002e-06 -0.000160916 0.0160464)
(5.66018e-06 -0.000172208 0.0161885)
(3.37468e-05 -0.000195591 0.0163021)
(7.26018e-05 -0.000229005 0.0163726)
(-4.47492e-06 -0.00013421 0.0160048)
(1.48771e-05 -0.000143084 0.0161386)
(4.12924e-05 -0.000158173 0.0162405)
(7.21581e-05 -0.000178282 0.0163018)
(-2.05155e-06 -0.000106374 0.015963)
(1.56048e-05 -0.000113093 0.0160935)
(3.6492e-05 -0.00012326 0.0161913)
(5.86411e-05 -0.000136029 0.0162512)
(-1.12644e-06 -8.2297e-05 0.015928)
(1.30442e-05 -8.72924e-05 0.0160577)
(2.84722e-05 -9.43627e-05 0.016155)
(4.38247e-05 -0.000102843 0.0162164)
(-8.00199e-07 -6.28109e-05 0.0159008)
(9.9172e-06 -6.65092e-05 0.0160309)
(2.0999e-05 -7.15393e-05 0.0161289)
(3.15671e-05 -7.73606e-05 0.0161924)
(-6.72165e-07 -4.75273e-05 0.0158805)
(7.19794e-06 -5.02606e-05 0.0160112)
(1.50759e-05 -5.38896e-05 0.0161104)
(2.23867e-05 -5.79737e-05 0.0161758)
(-5.93887e-07 -3.57409e-05 0.0158657)
(5.09898e-06 -3.77578e-05 0.015997)
(1.06857e-05 -4.03961e-05 0.0160972)
(1.57877e-05 -4.33012e-05 0.0161642)
(-5.20599e-07 -2.6747e-05 0.0158549)
(3.56654e-06 -2.82325e-05 0.0159868)
(7.53203e-06 -3.01581e-05 0.0160878)
(1.11243e-05 -3.22424e-05 0.016156)
(-4.44751e-07 -1.99332e-05 0.0158472)
(2.47951e-06 -2.10253e-05 0.0159795)
(5.30013e-06 -2.2433e-05 0.0160811)
(7.84839e-06 -2.39361e-05 0.0161502)
(-3.69479e-07 -1.47967e-05 0.0158416)
(1.7199e-06 -1.55977e-05 0.0159743)
(3.73054e-06 -1.66268e-05 0.0160763)
(5.54825e-06 -1.77138e-05 0.016146)
(-2.99094e-07 -1.0936e-05 0.0158376)
(1.19262e-06 -1.1522e-05 0.0159705)
(2.62786e-06 -1.22732e-05 0.0160728)
(3.92876e-06 -1.30599e-05 0.016143)
(-2.36389e-07 -8.03693e-06 0.0158348)
(8.26949e-07 -8.46377e-06 0.0159678)
(1.85106e-06 -9.01018e-06 0.0160704)
(2.78259e-06 -9.57851e-06 0.0161409)
(-1.82378e-07 -5.85605e-06 0.0158328)
(5.72516e-07 -6.16468e-06 0.0159659)
(1.30064e-06 -6.5594e-06 0.0160686)
(1.96544e-06 -6.96772e-06 0.0161393)
(-1.36738e-07 -4.20756e-06 0.0158314)
(3.94537e-07 -4.42787e-06 0.0159646)
(9.07656e-07 -4.70937e-06 0.0160674)
(1.37782e-06 -4.99932e-06 0.0161382)
(-9.83477e-08 -2.95368e-06 0.0158304)
(2.70039e-07 -3.10743e-06 0.0159636)
(6.25956e-07 -3.3036e-06 0.0160665)
(9.5308e-07 -3.50505e-06 0.0161375)
(-6.57381e-08 -1.99965e-06 0.0158297)
(1.854e-07 -2.10287e-06 0.015963)
(4.27575e-07 -2.23427e-06 0.0160659)
(6.50789e-07 -2.36914e-06 0.0161369)
(-3.71167e-08 -1.2973e-06 0.0158292)
(1.36013e-07 -1.36223e-06 0.0159625)
(3.00917e-07 -1.44486e-06 0.0160655)
(4.53925e-07 -1.5304e-06 0.0161366)
(-1.8935e-08 -8.50005e-07 0.0158288)
(1.13427e-07 -8.91799e-07 0.0159622)
(2.46781e-07 -9.43511e-07 0.0160652)
(3.66055e-07 -9.97727e-07 0.0161363)
)
;
    }
}


// ************************************************************************* //
