/*--------------------------------*- C++ -*----------------------------------*\
  =========                 |
  \\      /  F ield         | OpenFOAM: The Open Source CFD Toolbox
   \\    /   O peration     | Website:  https://openfoam.org
    \\  /    A nd           | Version:  6
     \\/     M anipulation  |
\*---------------------------------------------------------------------------*/
FoamFile
{
    version     2.0;
    format      ascii;
    class       volScalarField;
    location    "0.06";
    object      p;
}
// * * * * * * * * * * * * * * * * * * * * * * * * * * * * * * * * * * * * * //

dimensions      [0 2 -2 0 0 0 0];

internalField   nonuniform List<scalar> 
1152
(
1.00914
1.01027
1.01342
1.01547
1.00893
1.01374
1.01567
1.01279
1.00474
1.01566
1.01588
1.01371
1.00971
1.01346
1.01923
1.0138
1.00619
1.00674
1.0069
1.00705
1.00546
1.00626
1.00698
1.00741
1.00505
1.00639
1.00731
1.00779
1.00789
1.00776
1.00831
1.00866
1.00859
1.00868
1.00876
1.00878
1.00866
1.00878
1.00894
1.009
1.00904
1.00914
1.00927
1.0093
1.00999
1.00976
1.00973
1.00972
1.00857
1.00856
1.00858
1.00859
1.00873
1.00873
1.00874
1.00873
1.00902
1.00899
1.00897
1.00894
1.00938
1.00929
1.00924
1.00919
1.00826
1.00824
1.00823
1.00822
1.00839
1.00837
1.00835
1.00833
1.00857
1.00853
1.00851
1.00848
1.00876
1.00872
1.00868
1.00864
1.0079
1.00788
1.00787
1.00785
1.00799
1.00797
1.00796
1.00794
1.0081
1.00808
1.00806
1.00804
1.00821
1.00819
1.00817
1.00814
1.00749
1.00748
1.00747
1.00745
1.00756
1.00754
1.00753
1.00752
1.00763
1.00761
1.0076
1.00758
1.00769
1.00768
1.00767
1.00765
1.00707
1.00706
1.00705
1.00704
1.00711
1.0071
1.0071
1.00708
1.00716
1.00715
1.00714
1.00713
1.0072
1.0072
1.00719
1.00718
1.00664
1.00663
1.00663
1.00662
1.00667
1.00666
1.00666
1.00665
1.0067
1.0067
1.00669
1.00668
1.00673
1.00673
1.00672
1.00671
1.00621
1.0062
1.0062
1.00619
1.00623
1.00623
1.00622
1.00622
1.00625
1.00625
1.00624
1.00624
1.00627
1.00627
1.00627
1.00626
1.00578
1.00577
1.00577
1.00577
1.00579
1.00579
1.00579
1.00578
1.00581
1.00581
1.0058
1.0058
1.00582
1.00582
1.00582
1.00581
1.00535
1.00534
1.00534
1.00534
1.00536
1.00536
1.00535
1.00535
1.00537
1.00537
1.00536
1.00536
1.00538
1.00538
1.00538
1.00537
1.00492
1.00491
1.00491
1.00491
1.00492
1.00492
1.00492
1.00492
1.00493
1.00493
1.00493
1.00493
1.00494
1.00494
1.00494
1.00494
1.00449
1.00449
1.00448
1.00448
1.00449
1.00449
1.00449
1.00449
1.0045
1.0045
1.0045
1.0045
1.0045
1.0045
1.0045
1.0045
1.00406
1.00406
1.00406
1.00406
1.00406
1.00406
1.00406
1.00406
1.00407
1.00407
1.00407
1.00406
1.00407
1.00407
1.00407
1.00407
1.00363
1.00363
1.00363
1.00363
1.00363
1.00363
1.00363
1.00363
1.00364
1.00364
1.00364
1.00363
1.00364
1.00364
1.00364
1.00364
1.0032
1.0032
1.0032
1.0032
1.00321
1.0032
1.0032
1.0032
1.00321
1.00321
1.00321
1.00321
1.00321
1.00321
1.00321
1.00321
1.00278
1.00278
1.00277
1.00277
1.00278
1.00278
1.00278
1.00278
1.00278
1.00278
1.00278
1.00278
1.00278
1.00278
1.00278
1.00278
1.00235
1.00235
1.00235
1.00235
1.00235
1.00235
1.00235
1.00235
1.00235
1.00235
1.00235
1.00235
1.00235
1.00235
1.00235
1.00235
1.00192
1.00192
1.00192
1.00192
1.00192
1.00192
1.00192
1.00192
1.00192
1.00192
1.00192
1.00192
1.00192
1.00192
1.00192
1.00192
1.00149
1.00149
1.00149
1.00149
1.00149
1.00149
1.00149
1.00149
1.0015
1.0015
1.00149
1.00149
1.0015
1.0015
1.0015
1.0015
1.00107
1.00107
1.00107
1.00107
1.00107
1.00107
1.00107
1.00107
1.00107
1.00107
1.00107
1.00107
1.00107
1.00107
1.00107
1.00107
1.00064
1.00064
1.00064
1.00064
1.00064
1.00064
1.00064
1.00064
1.00064
1.00064
1.00064
1.00064
1.00064
1.00064
1.00064
1.00064
1.00021
1.00021
1.00021
1.00021
1.00021
1.00021
1.00021
1.00021
1.00021
1.00021
1.00021
1.00021
1.00021
1.00021
1.00021
1.00021
1.01764
1.01641
1.01756
1.01384
1.02017
1.0191
1.01473
1.01408
1.01876
1.01597
1.01358
1.0137
1.01785
1.01838
1.01532
1.01649
1.01006
1.00922
1.0098
1.01021
1.01198
1.01035
1.01017
1.011
1.01284
1.01118
1.01106
1.01135
1.01269
1.01044
1.01143
1.01169
1.01077
1.01035
1.01024
1.01018
1.01125
1.01073
1.01051
1.01053
1.01153
1.01101
1.01079
1.01079
1.01167
1.01109
1.01099
1.01101
1.00965
1.00956
1.00951
1.00944
1.00984
1.00977
1.00971
1.00967
1.00998
1.00991
1.00986
1.00984
1.01004
1.00996
1.00994
1.00995
1.00891
1.00888
1.00885
1.0088
1.00901
1.009
1.00898
1.00895
1.00908
1.00908
1.00908
1.00906
1.00912
1.00913
1.00913
1.00912
1.0083
1.00829
1.00827
1.00824
1.00835
1.00836
1.00835
1.00833
1.00838
1.00841
1.00841
1.0084
1.0084
1.00843
1.00845
1.00843
1.00775
1.00774
1.00774
1.00772
1.00777
1.00779
1.00779
1.00777
1.00779
1.00782
1.00783
1.00781
1.0078
1.00783
1.00785
1.00784
1.00724
1.00724
1.00723
1.00722
1.00725
1.00726
1.00727
1.00726
1.00726
1.00728
1.00729
1.00728
1.00727
1.00729
1.0073
1.0073
1.00675
1.00675
1.00675
1.00674
1.00676
1.00677
1.00677
1.00677
1.00677
1.00678
1.00679
1.00678
1.00677
1.00679
1.0068
1.00679
1.00629
1.00629
1.00629
1.00628
1.00629
1.0063
1.0063
1.0063
1.0063
1.00631
1.00631
1.00631
1.0063
1.00631
1.00632
1.00631
1.00583
1.00583
1.00583
1.00583
1.00584
1.00584
1.00584
1.00584
1.00584
1.00585
1.00585
1.00585
1.00584
1.00585
1.00585
1.00585
1.00538
1.00539
1.00538
1.00538
1.00539
1.00539
1.00539
1.00539
1.00539
1.00539
1.0054
1.0054
1.00539
1.0054
1.0054
1.0054
1.00494
1.00494
1.00494
1.00494
1.00495
1.00495
1.00495
1.00495
1.00495
1.00495
1.00495
1.00495
1.00495
1.00495
1.00495
1.00495
1.00451
1.00451
1.00451
1.00451
1.00451
1.00451
1.00451
1.00451
1.00451
1.00451
1.00451
1.00451
1.00451
1.00451
1.00451
1.00451
1.00407
1.00407
1.00407
1.00407
1.00407
1.00408
1.00408
1.00407
1.00407
1.00408
1.00408
1.00408
1.00408
1.00408
1.00408
1.00408
1.00364
1.00364
1.00364
1.00364
1.00364
1.00364
1.00364
1.00364
1.00364
1.00364
1.00364
1.00364
1.00364
1.00364
1.00364
1.00364
1.00321
1.00321
1.00321
1.00321
1.00321
1.00321
1.00321
1.00321
1.00321
1.00321
1.00321
1.00321
1.00321
1.00321
1.00321
1.00321
1.00278
1.00278
1.00278
1.00278
1.00278
1.00278
1.00278
1.00278
1.00278
1.00278
1.00278
1.00278
1.00278
1.00278
1.00278
1.00278
1.00235
1.00235
1.00235
1.00235
1.00235
1.00235
1.00235
1.00235
1.00235
1.00235
1.00235
1.00235
1.00235
1.00235
1.00235
1.00235
1.00192
1.00192
1.00192
1.00192
1.00192
1.00192
1.00192
1.00192
1.00192
1.00192
1.00192
1.00192
1.00192
1.00192
1.00192
1.00192
1.0015
1.0015
1.0015
1.0015
1.0015
1.0015
1.0015
1.0015
1.0015
1.0015
1.0015
1.0015
1.0015
1.0015
1.0015
1.0015
1.00107
1.00107
1.00107
1.00107
1.00107
1.00107
1.00107
1.00107
1.00107
1.00107
1.00107
1.00107
1.00107
1.00107
1.00107
1.00107
1.00064
1.00064
1.00064
1.00064
1.00064
1.00064
1.00064
1.00064
1.00064
1.00064
1.00064
1.00064
1.00064
1.00064
1.00064
1.00064
1.00021
1.00021
1.00021
1.00021
1.00021
1.00021
1.00021
1.00021
1.00021
1.00021
1.00021
1.00021
1.00021
1.00021
1.00021
1.00021
1.01072
1.01317
1.01295
1.01437
1.01401
1.01862
1.00839
1.00484
1.01701
1.01775
1.01082
0.993209
1.02216
1.0265
1.03707
1.05006
1.00822
1.00776
1.00668
1.006
1.00874
1.00817
1.0069
1.00541
1.01033
1.0101
1.00847
1.00499
1.01444
1.01458
1.0141
1.01169
1.0092
1.00901
1.00875
1.00861
1.00977
1.00945
1.00913
1.00878
1.01063
1.01039
1.00996
1.00928
1.01174
1.01158
1.01128
1.01071
1.00876
1.00876
1.00871
1.00864
1.0091
1.00906
1.00894
1.00882
1.00949
1.00945
1.0093
1.00914
1.00988
1.00982
1.00967
1.00949
1.00836
1.00835
1.00833
1.0083
1.00856
1.00854
1.0085
1.00844
1.00878
1.00876
1.0087
1.00863
1.00898
1.00895
1.00889
1.00881
1.00795
1.00794
1.00793
1.00792
1.00807
1.00806
1.00804
1.00802
1.0082
1.00819
1.00816
1.00813
1.00831
1.0083
1.00827
1.00823
1.00752
1.00752
1.00751
1.0075
1.0076
1.00759
1.00759
1.00757
1.00767
1.00767
1.00766
1.00764
1.00774
1.00774
1.00772
1.0077
1.00708
1.00708
1.00708
1.00708
1.00714
1.00714
1.00713
1.00712
1.00719
1.00719
1.00718
1.00717
1.00723
1.00723
1.00722
1.00721
1.00665
1.00665
1.00665
1.00664
1.00668
1.00668
1.00668
1.00668
1.00672
1.00672
1.00671
1.00671
1.00675
1.00675
1.00674
1.00673
1.00622
1.00622
1.00621
1.00621
1.00624
1.00624
1.00624
1.00623
1.00626
1.00626
1.00626
1.00625
1.00628
1.00628
1.00628
1.00627
1.00578
1.00578
1.00578
1.00578
1.0058
1.0058
1.0058
1.00579
1.00582
1.00581
1.00581
1.00581
1.00583
1.00583
1.00583
1.00582
1.00535
1.00535
1.00535
1.00535
1.00536
1.00536
1.00536
1.00536
1.00537
1.00537
1.00537
1.00537
1.00538
1.00538
1.00538
1.00538
1.00492
1.00492
1.00492
1.00492
1.00493
1.00493
1.00493
1.00493
1.00494
1.00494
1.00493
1.00493
1.00494
1.00494
1.00494
1.00494
1.00449
1.00449
1.00449
1.00449
1.0045
1.0045
1.0045
1.00449
1.0045
1.0045
1.0045
1.0045
1.00451
1.00451
1.00451
1.0045
1.00406
1.00406
1.00406
1.00406
1.00406
1.00406
1.00406
1.00406
1.00407
1.00407
1.00407
1.00407
1.00407
1.00407
1.00407
1.00407
1.00363
1.00363
1.00363
1.00363
1.00364
1.00364
1.00363
1.00363
1.00364
1.00364
1.00364
1.00364
1.00364
1.00364
1.00364
1.00364
1.0032
1.0032
1.0032
1.0032
1.00321
1.00321
1.00321
1.00321
1.00321
1.00321
1.00321
1.00321
1.00321
1.00321
1.00321
1.00321
1.00278
1.00278
1.00278
1.00278
1.00278
1.00278
1.00278
1.00278
1.00278
1.00278
1.00278
1.00278
1.00278
1.00278
1.00278
1.00278
1.00235
1.00235
1.00235
1.00235
1.00235
1.00235
1.00235
1.00235
1.00235
1.00235
1.00235
1.00235
1.00235
1.00235
1.00235
1.00235
1.00192
1.00192
1.00192
1.00192
1.00192
1.00192
1.00192
1.00192
1.00192
1.00192
1.00192
1.00192
1.00192
1.00192
1.00192
1.00192
1.00149
1.00149
1.00149
1.00149
1.00149
1.00149
1.00149
1.00149
1.0015
1.0015
1.0015
1.0015
1.0015
1.0015
1.0015
1.0015
1.00107
1.00107
1.00107
1.00107
1.00107
1.00107
1.00107
1.00107
1.00107
1.00107
1.00107
1.00107
1.00107
1.00107
1.00107
1.00107
1.00064
1.00064
1.00064
1.00064
1.00064
1.00064
1.00064
1.00064
1.00064
1.00064
1.00064
1.00064
1.00064
1.00064
1.00064
1.00064
1.00021
1.00021
1.00021
1.00021
1.00021
1.00021
1.00021
1.00021
1.00021
1.00021
1.00021
1.00021
1.00021
1.00021
1.00021
1.00021
)
;

boundaryField
{
    inlet
    {
        type            zeroGradient;
    }
    outlet
    {
        type            fixedValue;
        value           uniform 1;
    }
    wall
    {
        type            zeroGradient;
    }
    procBoundary2to0
    {
        type            processor;
        value           nonuniform List<scalar> 
192
(
1.0116
1.01253
1.01369
1.01366
1.00664
1.00702
1.00718
1.00721
1.00862
1.00865
1.00871
1.00873
1.0085
1.00848
1.00849
1.0085
1.00818
1.00816
1.00815
1.00814
1.00783
1.00781
1.0078
1.00778
1.00744
1.00742
1.00741
1.0074
1.00703
1.00702
1.00701
1.007
1.00661
1.0066
1.0066
1.00659
1.00619
1.00618
1.00618
1.00617
1.00576
1.00576
1.00575
1.00575
1.00533
1.00533
1.00533
1.00533
1.00491
1.00491
1.0049
1.0049
1.00448
1.00448
1.00448
1.00448
1.00405
1.00405
1.00405
1.00405
1.00363
1.00363
1.00363
1.00363
1.0032
1.0032
1.0032
1.0032
1.00277
1.00277
1.00277
1.00277
1.00235
1.00235
1.00235
1.00235
1.00192
1.00192
1.00192
1.00192
1.00149
1.00149
1.00149
1.00149
1.00107
1.00107
1.00107
1.00107
1.00064
1.00064
1.00064
1.00064
1.00021
1.00021
1.00021
1.00021
1.01581
1.01562
1.01216
1.01436
1.00723
1.00778
1.00758
1.00672
1.00907
1.00893
1.00884
1.00866
1.00867
1.00865
1.0086
1.00855
1.00826
1.00825
1.00823
1.00821
1.00786
1.00786
1.00785
1.00784
1.00746
1.00746
1.00745
1.00745
1.00704
1.00704
1.00704
1.00703
1.00662
1.00662
1.00662
1.00661
1.00619
1.00619
1.00619
1.00619
1.00577
1.00577
1.00576
1.00576
1.00534
1.00534
1.00534
1.00534
1.00491
1.00491
1.00491
1.00491
1.00448
1.00448
1.00448
1.00448
1.00406
1.00406
1.00406
1.00405
1.00363
1.00363
1.00363
1.00363
1.0032
1.0032
1.0032
1.0032
1.00277
1.00277
1.00277
1.00277
1.00235
1.00235
1.00235
1.00235
1.00192
1.00192
1.00192
1.00192
1.00149
1.00149
1.00149
1.00149
1.00107
1.00107
1.00107
1.00107
1.00064
1.00064
1.00064
1.00064
1.00021
1.00021
1.00021
1.00021
)
;
    }
    procBoundary2to3
    {
        type            processor;
        value           nonuniform List<scalar> 
192
(
1.01251
1.01139
1.01366
1.01646
1.00744
1.00781
1.00782
1.00882
1.00879
1.00901
1.00926
1.00966
1.00856
1.0087
1.00891
1.00914
1.0082
1.00831
1.00845
1.0086
1.00784
1.00792
1.00801
1.00811
1.00744
1.0075
1.00756
1.00763
1.00703
1.00707
1.00712
1.00716
1.00661
1.00664
1.00667
1.0067
1.00619
1.00621
1.00623
1.00625
1.00576
1.00578
1.00579
1.00581
1.00534
1.00535
1.00536
1.00537
1.00491
1.00492
1.00493
1.00493
1.00448
1.00449
1.00449
1.0045
1.00405
1.00406
1.00406
1.00407
1.00363
1.00363
1.00363
1.00364
1.0032
1.0032
1.00321
1.00321
1.00277
1.00278
1.00278
1.00278
1.00235
1.00235
1.00235
1.00235
1.00192
1.00192
1.00192
1.00192
1.00149
1.00149
1.00149
1.0015
1.00107
1.00107
1.00107
1.00107
1.00064
1.00064
1.00064
1.00064
1.00021
1.00021
1.00021
1.00021
1.01338
1.01417
1.01659
1.0228
1.01021
1.01119
1.01159
1.01189
1.0101
1.0105
1.01083
1.01118
1.00936
1.00959
1.0098
1.00996
1.00875
1.00888
1.009
1.00908
1.0082
1.00828
1.00835
1.00839
1.00769
1.00774
1.00778
1.0078
1.0072
1.00724
1.00726
1.00727
1.00673
1.00675
1.00677
1.00678
1.00627
1.00629
1.0063
1.0063
1.00582
1.00583
1.00584
1.00584
1.00538
1.00539
1.00539
1.00539
1.00494
1.00494
1.00495
1.00495
1.0045
1.00451
1.00451
1.00451
1.00407
1.00407
1.00408
1.00408
1.00364
1.00364
1.00364
1.00364
1.00321
1.00321
1.00321
1.00321
1.00278
1.00278
1.00278
1.00278
1.00235
1.00235
1.00235
1.00235
1.00192
1.00192
1.00192
1.00192
1.0015
1.0015
1.0015
1.0015
1.00107
1.00107
1.00107
1.00107
1.00064
1.00064
1.00064
1.00064
1.00021
1.00021
1.00021
1.00021
)
;
    }
}


// ************************************************************************* //
