/*--------------------------------*- C++ -*----------------------------------*\
  =========                 |
  \\      /  F ield         | OpenFOAM: The Open Source CFD Toolbox
   \\    /   O peration     | Website:  https://openfoam.org
    \\  /    A nd           | Version:  6
     \\/     M anipulation  |
\*---------------------------------------------------------------------------*/
FoamFile
{
    version     2.0;
    format      ascii;
    class       surfaceScalarField;
    location    "0.06";
    object      phi;
}
// * * * * * * * * * * * * * * * * * * * * * * * * * * * * * * * * * * * * * //

dimensions      [0 3 -1 0 0 0 0];

internalField   nonuniform List<scalar> 
3120
(
-1.07498e-09
-5.57923e-09
4.97254e-08
-5.94753e-09
-3.9436e-09
1.67658e-09
4.83955e-08
-2.18669e-09
5.6206e-09
3.94106e-08
7.50549e-10
3.72337e-08
-3.96126e-09
-9.2406e-09
4.68596e-08
-1.36848e-09
-2.73695e-09
-4.40969e-09
4.28853e-08
-8.78438e-10
-3.85503e-10
4.23075e-08
-3.85837e-09
4.15463e-08
-7.38725e-10
-1.4428e-08
4.94421e-08
-6.11537e-09
2.13845e-09
-1.10036e-08
4.01988e-08
2.52922e-09
-1.08645e-09
3.81651e-08
-1.36596e-09
3.83775e-08
2.28106e-09
3.79346e-08
-5.57263e-09
-1.30572e-08
3.13208e-09
3.6219e-08
-1.06619e-08
4.01582e-09
3.37803e-08
1.51456e-09
3.40151e-08
8.32225e-09
7.37451e-10
2.53779e-09
4.69742e-08
-4.04297e-10
1.57354e-09
5.13419e-09
4.44051e-08
-2.13081e-09
4.83963e-09
4.32344e-08
3.27406e-09
4.19206e-08
1.34579e-09
1.49782e-09
4.88032e-08
-2.24941e-09
-1.14847e-09
3.88502e-09
4.66287e-08
-4.28861e-09
5.48314e-09
4.48041e-08
5.48144e-09
4.29483e-08
1.45885e-09
2.94753e-09
4.87286e-08
-2.19504e-09
-2.15279e-09
1.94056e-09
4.57549e-08
-5.69647e-09
3.66334e-09
4.35286e-08
4.65929e-09
4.06256e-08
-2.64346e-09
3.98946e-08
1.63545e-10
3.46746e-09
-5.34708e-09
4.09717e-08
-1.0847e-10
-7.16241e-09
3.893e-08
3.29e-10
3.77481e-08
1.62644e-09
1.40567e-09
7.96757e-11
4.38068e-08
-3.59009e-10
1.25706e-09
4.09491e-10
4.23731e-08
9.97414e-10
1.14857e-09
4.16684e-08
1.57308e-09
4.06057e-08
1.40684e-09
2.70348e-09
4.53332e-08
-5.60656e-10
1.14414e-09
3.12535e-09
4.41755e-08
4.65062e-10
3.89238e-09
4.27394e-08
4.53228e-09
4.07273e-08
9.14096e-10
5.45958e-09
4.46691e-08
3.8938e-10
4.90547e-10
5.52553e-09
4.37782e-08
-4.35613e-10
6.31859e-09
4.20286e-08
6.57895e-09
3.99322e-08
-1.36867e-09
4.09502e-08
3.71895e-09
2.05371e-09
-1.0788e-09
4.06526e-08
5.55475e-09
-2.11434e-09
3.95809e-08
6.70325e-09
3.80023e-08
7.29333e-09
1.50548e-09
-6.92891e-10
4.16236e-08
-8.34509e-10
1.62904e-09
-7.95986e-10
4.08255e-08
1.87178e-09
-3.69761e-10
4.00266e-08
7.18567e-11
3.89811e-08
1.3707e-09
1.49612e-09
4.22667e-08
-4.93177e-10
1.75724e-09
1.40916e-09
4.15838e-08
1.91264e-09
1.65626e-09
4.0558e-08
1.7823e-09
3.92173e-08
9.07022e-10
3.35023e-09
4.17714e-08
1.36541e-10
1.41192e-09
3.39224e-09
4.12903e-08
1.4039e-09
3.45735e-09
4.02355e-08
3.37558e-09
3.89467e-08
8.8832e-11
4.02067e-08
2.91696e-09
1.08798e-09
5.73142e-10
3.98771e-08
3.68344e-09
5.32219e-10
3.90635e-08
4.01559e-09
3.80187e-08
3.97546e-09
1.54506e-09
-7.921e-10
4.0231e-08
-1.00406e-09
1.80603e-09
-8.82802e-10
3.97487e-08
1.94736e-09
-7.71259e-10
3.91343e-08
-6.33921e-10
3.83964e-08
1.4563e-09
3.45191e-10
4.04904e-08
-8.1728e-10
1.83963e-09
2.54811e-10
4.00629e-08
1.97378e-09
2.59319e-10
3.93933e-08
2.11418e-10
3.85801e-08
1.24461e-09
1.21868e-09
4.02288e-08
-5.75485e-10
1.66727e-09
1.22358e-09
3.98988e-08
1.73998e-09
1.16021e-09
3.92619e-08
1.01177e-09
3.84947e-08
9.87171e-10
3.95645e-08
1.15141e-09
-2.77703e-10
1.35335e-09
3.92995e-08
1.43493e-09
1.3696e-09
3.87488e-08
1.45871e-09
3.80935e-08
1.32582e-09
1.34052e-09
-6.65097e-10
3.93934e-08
-9.66223e-10
1.54333e-09
-7.2686e-10
3.9101e-08
1.58156e-09
-7.21564e-10
3.8704e-08
-7.00622e-10
3.82514e-08
1.27624e-09
-9.54106e-11
3.95109e-08
-8.66473e-10
1.52765e-09
-1.62538e-10
3.92472e-08
1.5717e-09
-2.13213e-10
3.88409e-08
-2.81871e-10
3.83691e-08
1.16732e-09
3.38557e-10
3.93815e-08
-7.54047e-10
1.42679e-09
3.0602e-10
3.91708e-08
1.4532e-09
2.28692e-10
3.87936e-08
1.12887e-10
3.83499e-08
1.05118e-09
3.90621e-08
4.05377e-10
-6.15613e-10
1.28834e-09
3.88984e-08
4.69935e-10
1.28893e-09
3.85676e-08
4.09276e-10
3.81755e-08
2.99413e-10
1.01742e-09
-5.13505e-10
3.89096e-08
-7.92302e-10
1.13434e-09
-5.55408e-10
3.87385e-08
1.12667e-09
-5.73807e-10
3.84976e-08
-5.83376e-10
3.82302e-08
9.70068e-10
-2.12677e-10
3.89696e-08
-7.29541e-10
1.10806e-09
-2.62787e-10
3.88165e-08
1.10699e-09
-3.1065e-10
3.85788e-08
-3.63328e-10
3.83088e-08
9.02739e-10
2.81063e-11
3.88991e-08
-6.61125e-10
1.04471e-09
-1.40365e-11
3.87801e-08
1.04032e-09
-7.72046e-11
3.85645e-08
-1.52667e-10
3.83125e-08
8.31671e-10
3.87154e-08
1.19056e-10
-5.75936e-10
9.67958e-10
3.86367e-08
1.11372e-10
9.572e-10
3.84539e-08
4.72417e-11
3.82298e-08
-2.79097e-11
7.19621e-10
-3.88819e-10
3.86287e-08
-5.88744e-10
7.82006e-10
-4.18059e-10
3.85353e-08
7.63273e-10
-4.38309e-10
3.83934e-08
-4.53406e-10
3.82355e-08
6.8546e-10
-2.19221e-10
3.86616e-08
-5.47091e-10
7.57833e-10
-2.55707e-10
3.85818e-08
7.44001e-10
-2.91999e-10
3.84463e-08
-3.28422e-10
3.8291e-08
6.40863e-10
-7.37451e-11
3.86145e-08
-5.0165e-10
7.15969e-10
-1.11158e-10
3.85604e-08
7.02983e-10
-1.5725e-10
3.84428e-08
-2.05447e-10
3.83001e-08
5.92836e-10
3.8485e-08
8.67534e-12
-4.44868e-10
6.67578e-10
3.84678e-08
-1.6914e-11
6.55069e-10
3.83764e-08
-6.72173e-11
3.8252e-08
-1.17068e-10
4.95354e-10
-2.93794e-10
3.84613e-08
-4.18094e-10
5.2918e-10
-3.14835e-10
3.84176e-08
5.12634e-10
-3.31932e-10
3.83364e-08
-3.45601e-10
3.82423e-08
4.70853e-10
-1.92316e-10
3.84788e-08
-3.89515e-10
5.1e-10
-2.18819e-10
3.84467e-08
4.97059e-10
-2.45073e-10
3.83724e-08
-2.6993e-10
3.8282e-08
4.40334e-10
-9.90596e-11
3.8439e-08
-3.58114e-10
4.81588e-10
-1.28571e-10
3.84289e-08
4.70565e-10
-1.6119e-10
3.83699e-08
-1.9271e-10
3.82892e-08
4.07077e-10
3.83309e-08
-3.26653e-11
-3.19417e-10
4.49402e-10
3.83554e-08
-5.85487e-11
4.40546e-10
3.83192e-08
-9.51316e-11
3.82524e-08
-1.28705e-10
3.39232e-10
-2.21762e-10
3.83579e-08
-2.91815e-10
3.58954e-10
-2.37191e-10
3.83463e-08
3.47653e-10
-2.50491e-10
3.83024e-08
-2.61244e-10
3.82458e-08
3.21564e-10
-1.58051e-10
3.83651e-08
-2.71611e-10
3.4455e-10
-1.77431e-10
3.83639e-08
3.36024e-10
-1.96266e-10
3.83267e-08
-2.13345e-10
3.82738e-08
3.00143e-10
-9.59239e-11
3.83259e-08
-2.49243e-10
3.24898e-10
-1.18225e-10
3.8345e-08
3.18413e-10
-1.41272e-10
3.83214e-08
-1.62466e-10
3.82765e-08
2.76749e-10
3.82258e-08
-4.51425e-11
-2.22351e-10
3.02853e-10
3.82778e-08
-6.67014e-11
2.98652e-10
3.8275e-08
-9.28251e-11
3.82417e-08
-1.15918e-10
2.33203e-10
-1.66994e-10
3.82918e-08
-2.02692e-10
2.45902e-10
-1.78362e-10
3.83011e-08
2.3931e-10
-1.88342e-10
3.82804e-08
-1.9634e-10
3.82465e-08
2.20401e-10
-1.25573e-10
3.82914e-08
-1.88143e-10
2.35329e-10
-1.39762e-10
3.83104e-08
2.30917e-10
-1.53267e-10
3.8296e-08
-1.65103e-10
3.82656e-08
2.05126e-10
-8.32011e-11
3.82504e-08
-1.71941e-10
2.21552e-10
-9.97034e-11
3.82885e-08
2.18976e-10
-1.16046e-10
3.82867e-08
-1.30594e-10
3.82632e-08
1.8849e-10
3.81524e-08
-4.53721e-11
-1.52968e-10
2.0618e-10
3.82224e-08
-6.20634e-11
2.05571e-10
3.82402e-08
-8.06492e-11
3.82269e-08
-9.67775e-11
1.61377e-10
-1.25344e-10
3.82481e-08
-1.4086e-10
1.70328e-10
-1.33708e-10
3.82712e-08
1.6708e-10
-1.41061e-10
3.82653e-08
-1.46861e-10
3.82456e-08
1.52077e-10
-9.77425e-11
3.8242e-08
-1.30284e-10
1.62645e-10
-1.08112e-10
3.82742e-08
1.61107e-10
-1.17804e-10
3.82743e-08
-1.26071e-10
3.82577e-08
1.41088e-10
-6.8407e-11
3.81984e-08
-1.1846e-10
1.52894e-10
-8.04817e-11
3.82491e-08
1.52887e-10
-9.21171e-11
3.82611e-08
-1.02247e-10
3.82507e-08
1.29165e-10
3.81004e-08
-4.06042e-11
-1.04925e-10
1.42042e-10
3.81822e-08
-5.3097e-11
1.43611e-10
3.82128e-08
-6.63316e-11
3.82119e-08
-7.77116e-11
1.12459e-10
-9.37587e-11
3.82186e-08
-9.81776e-11
1.1916e-10
-9.98927e-11
3.82508e-08
1.18002e-10
-1.05259e-10
3.82545e-08
-1.09418e-10
3.82439e-08
1.05697e-10
-7.50421e-11
3.82081e-08
-9.04569e-11
1.13602e-10
-8.26019e-11
3.8249e-08
1.1377e-10
-8.95638e-11
3.82584e-08
-9.53771e-11
3.82507e-08
9.7755e-11
-5.45242e-11
3.8162e-08
-8.18068e-11
1.06654e-10
-6.33027e-11
3.82209e-08
1.08045e-10
-7.16147e-11
3.82417e-08
-7.87409e-11
3.82398e-08
8.91677e-11
3.8063e-08
-3.42283e-11
-7.2081e-11
9.8928e-11
3.81525e-08
-4.34164e-11
1.0154e-10
3.81915e-08
-5.2861e-11
3.81985e-08
-6.09475e-11
7.88866e-11
-6.98987e-11
3.81982e-08
-6.87031e-11
8.40547e-11
-7.4385e-11
3.82365e-08
8.40697e-11
-7.82813e-11
3.82466e-08
-8.1249e-11
3.82421e-08
7.39677e-11
-5.70459e-11
3.81843e-08
-6.30582e-11
8.00407e-11
-6.25451e-11
3.82311e-08
8.10726e-11
-6.75518e-11
3.82467e-08
-7.16625e-11
3.82448e-08
6.82159e-11
-4.25893e-11
3.8136e-08
-5.67279e-11
7.50671e-11
-4.89485e-11
3.82004e-08
7.70485e-11
-5.49031e-11
3.82271e-08
-5.99537e-11
3.82307e-08
6.20112e-11
3.80359e-08
-2.78208e-11
-4.97076e-11
6.95359e-11
3.81306e-08
-3.45157e-11
7.24435e-11
3.81749e-08
-4.12722e-11
3.81871e-08
-4.70477e-11
5.56559e-11
-5.19425e-11
3.81839e-08
-4.82839e-11
5.96798e-11
-5.52159e-11
3.82263e-08
6.02706e-11
-5.80374e-11
3.82408e-08
-6.01531e-11
3.82403e-08
5.20788e-11
-4.30331e-11
3.81675e-08
-4.41563e-11
5.67825e-11
-4.70267e-11
3.82182e-08
5.81444e-11
-5.0631e-11
3.82379e-08
-5.35516e-11
3.824e-08
4.79088e-11
-3.27911e-11
3.81174e-08
-3.95268e-11
5.32109e-11
-3.73889e-11
3.81855e-08
5.52961e-11
-4.16644e-11
3.8216e-08
-4.52638e-11
3.82234e-08
4.34172e-11
3.80162e-08
-2.20605e-11
-3.44455e-11
4.92357e-11
3.81143e-08
-2.69147e-11
5.2014e-11
3.81622e-08
-3.1759e-11
3.81779e-08
-3.58994e-11
3.94488e-11
-3.84693e-11
3.81738e-08
-3.40674e-11
4.25762e-11
-4.08528e-11
3.82191e-08
4.3385e-11
-4.28928e-11
3.82364e-08
-4.4402e-11
3.82388e-08
3.68493e-11
-3.225e-11
3.81555e-08
-3.1052e-11
4.04852e-11
-3.51461e-11
3.82089e-08
4.18731e-11
-3.77427e-11
3.82314e-08
-3.98256e-11
3.82362e-08
3.38255e-11
-2.49653e-11
3.81039e-08
-2.76708e-11
3.79153e-11
-2.82857e-11
3.81745e-08
3.98465e-11
-3.13603e-11
3.82077e-08
-3.39353e-11
3.82177e-08
3.05714e-11
3.80018e-08
-1.71758e-11
-2.39881e-11
3.50518e-11
3.81022e-08
-2.06855e-11
3.74969e-11
3.81526e-08
-2.41646e-11
3.81707e-08
-2.71404e-11
2.80475e-11
-2.83775e-11
3.81666e-08
-2.41068e-11
3.04594e-11
-3.01087e-11
3.82138e-08
3.12885e-11
-3.15814e-11
3.82332e-08
-3.26585e-11
3.82375e-08
2.61612e-11
-2.40152e-11
3.81469e-08
-2.19084e-11
2.89514e-11
-2.61115e-11
3.82021e-08
3.02116e-11
-2.79818e-11
3.82265e-08
-2.94706e-11
3.82332e-08
2.39707e-11
-1.88219e-11
3.80942e-08
-1.94441e-11
2.71012e-11
-2.12166e-11
3.81665e-08
2.87652e-11
-2.34285e-11
3.82015e-08
-2.52745e-11
3.82132e-08
2.16141e-11
3.79914e-08
-1.31752e-11
-1.67753e-11
2.50371e-11
3.80933e-08
-1.57072e-11
2.70793e-11
3.81453e-08
-1.82073e-11
3.81651e-08
-2.03483e-11
1.99553e-11
-2.08182e-11
3.81615e-08
-1.70737e-11
2.17943e-11
-2.20706e-11
3.82101e-08
2.25447e-11
-2.31304e-11
3.82308e-08
-2.38979e-11
3.82365e-08
1.85913e-11
-1.77519e-11
3.81407e-08
-1.54771e-11
2.07097e-11
-1.92644e-11
3.81972e-08
2.17782e-11
-2.06087e-11
3.82229e-08
-2.16724e-11
3.82309e-08
1.70088e-11
-1.40499e-11
3.80872e-08
-1.36879e-11
1.93799e-11
-1.57721e-11
3.81606e-08
2.07457e-11
-1.73609e-11
3.81969e-08
-1.86836e-11
3.82099e-08
1.53064e-11
3.79837e-08
-9.96836e-12
-1.17581e-11
1.78943e-11
3.80867e-08
-1.17892e-11
1.95367e-11
3.81399e-08
-1.35834e-11
3.81608e-08
-1.51221e-11
1.41532e-11
-1.51416e-11
3.81579e-08
-1.20594e-11
1.55341e-11
-1.6041e-11
3.82073e-08
1.61638e-11
-1.67986e-11
3.82291e-08
-1.73427e-11
3.82357e-08
1.31735e-11
-1.29902e-11
3.81363e-08
-1.09082e-11
1.47588e-11
-1.40744e-11
3.81936e-08
1.56209e-11
-1.50353e-11
3.82203e-08
-1.57919e-11
3.82292e-08
1.20373e-11
-1.03612e-11
3.80822e-08
-9.61814e-12
1.38081e-11
-1.15926e-11
3.81564e-08
1.48871e-11
-1.27279e-11
3.81935e-08
-1.36716e-11
3.82074e-08
1.08146e-11
3.79782e-08
-7.42943e-12
-8.2308e-12
1.27446e-11
3.80819e-08
-8.73094e-12
1.4024e-11
3.81359e-08
-1.00123e-11
3.81577e-08
-1.11128e-11
9.94158e-12
-1.08549e-11
3.81554e-08
-8.4407e-12
1.09571e-11
-1.14927e-11
3.82054e-08
1.14561e-11
-1.20277e-11
3.82279e-08
-1.24092e-11
3.82352e-08
9.2466e-12
-9.35806e-12
3.81331e-08
-7.62139e-12
1.04095e-11
-1.01258e-11
3.81911e-08
1.10756e-11
-1.08048e-11
3.82184e-08
-1.13371e-11
3.8228e-08
8.44083e-12
-7.51026e-12
3.80786e-08
-6.70325e-12
9.73756e-12
-8.38042e-12
3.81533e-08
1.05596e-11
-9.18258e-12
3.81911e-08
-9.8484e-12
3.82055e-08
7.57326e-12
3.79743e-08
-5.4303e-12
-5.71783e-12
8.98493e-12
3.80785e-08
-6.34963e-12
9.95036e-12
3.8133e-08
-7.25463e-12
3.81554e-08
-8.03276e-12
6.84413e-12
-7.60033e-12
3.81536e-08
-5.79387e-12
7.56906e-12
-8.04272e-12
3.82041e-08
7.9443e-12
-8.41269e-12
3.8227e-08
-8.67504e-12
3.82348e-08
6.36195e-12
-6.57851e-12
3.8131e-08
-5.22393e-12
7.19033e-12
-7.11019e-12
3.81893e-08
7.68276e-12
-7.57971e-12
3.82171e-08
-7.94675e-12
3.82271e-08
5.80318e-12
-5.30635e-12
3.80761e-08
-4.58538e-12
6.72558e-12
-5.90791e-12
3.81512e-08
7.32722e-12
-6.46253e-12
3.81893e-08
-6.92244e-12
3.82042e-08
5.20138e-12
3.79715e-08
-3.86315e-12
-3.90125e-12
6.2046e-12
3.8076e-08
-4.49848e-12
6.90629e-12
3.8131e-08
-5.12405e-12
3.81537e-08
-5.66243e-12
4.55868e-12
-5.1591e-12
3.81524e-08
-3.84959e-12
5.05611e-12
-5.45657e-12
3.82032e-08
5.32414e-12
-5.70449e-12
3.82264e-08
-5.87933e-12
3.82345e-08
4.23475e-12
-4.48254e-12
3.81295e-08
-3.46579e-12
4.80245e-12
-4.83941e-12
3.81881e-08
5.14993e-12
-5.15375e-12
3.82162e-08
-5.3987e-12
3.82265e-08
3.85977e-12
-3.63311e-12
3.80744e-08
-3.03597e-12
4.4914e-12
-4.03647e-12
3.81498e-08
4.91277e-12
-4.4076e-12
3.81882e-08
-4.71487e-12
3.82034e-08
3.45571e-12
3.79697e-08
-2.66186e-12
-2.57594e-12
4.14255e-12
3.80744e-08
-3.08847e-12
4.63151e-12
3.81296e-08
-3.50706e-12
3.81526e-08
-3.86716e-12
2.94501e-12
-3.47557e-12
3.81517e-08
-2.47893e-12
3.27723e-12
-3.67071e-12
3.82026e-08
3.46351e-12
-3.8318e-12
3.8226e-08
-3.94381e-12
3.82343e-08
2.73334e-12
-3.04082e-12
3.81286e-08
-2.22675e-12
3.11274e-12
-3.27293e-12
3.81873e-08
3.35204e-12
-3.4764e-12
3.82156e-08
-3.63379e-12
3.82261e-08
2.49006e-12
-2.4873e-12
3.80733e-08
-1.94784e-12
2.91174e-12
-2.74758e-12
3.81488e-08
3.19983e-12
-2.98697e-12
3.81874e-08
-3.18477e-12
3.82028e-08
2.23022e-12
3.79685e-08
-1.84659e-12
-1.65293e-12
2.68732e-12
3.80733e-08
-2.12088e-12
3.01893e-12
3.81287e-08
-2.38912e-12
3.81518e-08
-2.62128e-12
1.99133e-12
-2.54936e-12
-1.66994e-12
2.22807e-12
-2.69244e-12
2.36883e-12
-2.80599e-12
-2.88078e-12
1.8385e-12
-2.24076e-12
-1.48327e-12
2.11295e-12
-2.4152e-12
2.29461e-12
-2.56107e-12
-2.66905e-12
1.65869e-12
-1.83775e-12
-1.26858e-12
1.96938e-12
-2.03889e-12
2.19015e-12
-2.21437e-12
-2.35323e-12
1.45934e-12
-1.36259e-12
-1.03795e-12
1.80383e-12
-1.58125e-12
2.0624e-12
-1.78474e-12
-1.95149e-12
1.87572e-09
6.39089e-09
1.8787e-08
-9.70667e-09
3.35926e-09
-9.01386e-09
2.78067e-08
1.90814e-08
-1.95751e-08
4.22784e-08
1.63186e-08
4.81831e-08
-4.00431e-09
3.34887e-09
2.52738e-08
9.44074e-09
1.22882e-08
-1.56288e-08
2.58135e-08
2.26427e-08
-1.05921e-08
2.48402e-08
2.9403e-08
4.95471e-08
-2.17976e-09
-1.33575e-09
3.34268e-08
5.85429e-09
1.6979e-08
-3.78098e-08
4.39946e-08
6.21754e-09
7.70253e-09
3.99053e-08
5.66771e-08
4.52281e-08
2.0629e-08
3.10812e-08
-2.5925e-10
2.60233e-08
2.85287e-08
-1.51877e-09
5.31882e-08
5.24487e-08
-3.67232e-09
-2.25495e-09
2.31947e-08
1.68315e-09
-7.1661e-09
6.56181e-10
3.05358e-08
-6.86828e-09
6.58131e-09
3.57283e-08
9.39308e-09
3.76963e-08
-4.18483e-09
-2.26842e-09
2.66467e-08
2.82546e-09
-5.89314e-09
-3.26511e-09
3.14431e-08
-8.9751e-09
6.31747e-10
3.38717e-08
1.42787e-08
3.96093e-08
-5.47357e-09
2.55762e-09
3.08966e-08
3.1777e-09
-7.55376e-09
5.67944e-09
3.71302e-08
-8.71713e-09
1.77908e-09
3.99213e-08
1.07468e-08
4.46212e-08
-5.19206e-09
3.5726e-08
3.10486e-09
-1.27067e-08
4.17228e-08
-9.27817e-09
5.15387e-08
5.51744e-08
5.35619e-10
3.6139e-09
2.33423e-08
-5.7823e-10
-3.71479e-10
5.68535e-09
3.13123e-08
-2.00752e-09
7.95555e-09
3.6112e-08
8.15028e-09
3.78525e-08
-2.84969e-10
2.23649e-09
2.77863e-08
5.22799e-10
-1.37035e-09
3.08132e-09
3.51325e-08
-3.5726e-09
4.80555e-09
3.9224e-08
6.07067e-09
4.16118e-08
-1.71342e-09
7.03713e-10
3.27439e-08
1.39883e-09
-2.98436e-09
1.26413e-09
4.02184e-08
-4.25187e-09
1.05789e-09
4.49365e-08
2.01868e-09
4.75159e-08
-2.71536e-09
3.73918e-08
1.75321e-09
-4.80432e-09
4.50759e-08
-4.44734e-09
5.22396e-08
5.47882e-08
9.60268e-10
2.30676e-09
2.36851e-08
-6.92866e-10
9.73396e-10
3.14873e-09
3.18338e-08
3.85946e-10
3.81389e-09
3.69012e-08
3.77344e-09
3.89204e-08
5.09473e-10
1.36187e-09
2.84063e-08
-1.84614e-10
4.02144e-10
1.93377e-09
3.64548e-08
-2.93796e-10
2.30646e-09
4.14273e-08
2.28532e-09
4.35604e-08
-5.64494e-11
6.75588e-10
3.32413e-08
2.45371e-10
-2.79289e-10
9.28953e-10
4.1446e-08
-6.22687e-10
6.87238e-10
4.68991e-08
6.50245e-10
4.90689e-08
-4.37369e-10
3.80553e-08
4.49476e-10
-8.01018e-10
4.63685e-08
-5.85417e-10
5.27113e-08
5.48689e-08
1.05643e-09
8.11034e-10
2.35477e-08
-5.78669e-10
1.35144e-09
1.11318e-09
3.18606e-08
1.23749e-09
1.24592e-09
3.72279e-08
1.18824e-09
3.95582e-08
8.74205e-10
3.81748e-10
2.83121e-08
-3.50703e-10
1.13535e-09
6.01065e-10
3.67058e-08
1.01026e-09
6.15847e-10
4.21825e-08
5.89017e-10
4.4546e-08
6.43241e-10
7.24225e-11
3.30487e-08
-1.41298e-10
8.83942e-10
2.07758e-10
4.15986e-08
9.24558e-10
7.98032e-11
4.73945e-08
5.95214e-11
4.97836e-08
4.87308e-10
3.76643e-08
-2.3877e-11
7.39238e-10
4.63243e-08
9.96804e-10
5.25335e-08
5.49368e-08
8.21943e-10
2.17419e-10
2.3336e-08
-4.22285e-10
1.13531e-09
3.01445e-10
3.17157e-08
1.18319e-09
2.95485e-10
3.72938e-08
2.57795e-10
3.98819e-08
7.35458e-10
4.06259e-11
2.80714e-08
-3.17964e-10
1.04428e-09
1.07505e-10
3.65909e-08
1.10754e-09
7.0309e-11
4.23444e-08
6.73781e-11
4.49903e-08
6.21663e-10
-4.1333e-11
3.27233e-08
-2.14279e-10
9.34391e-10
3.65435e-12
4.13898e-08
1.08104e-09
-6.47768e-11
4.7383e-08
-6.26528e-11
5.00848e-08
5.36325e-10
3.72346e-08
-1.47935e-10
8.72101e-10
4.59922e-08
1.11574e-09
5.22251e-08
5.49674e-08
5.69997e-10
1.08394e-11
2.31629e-08
-2.88584e-10
8.02585e-10
2.58102e-11
3.15687e-08
8.73015e-10
-7.18115e-13
3.72713e-08
-2.30781e-11
4.00327e-08
5.252e-10
-6.35061e-11
2.78602e-08
-2.3967e-10
7.58492e-10
-4.13774e-11
3.64248e-08
8.4195e-10
-6.63948e-11
4.23266e-08
-6.20701e-11
4.51794e-08
4.64305e-10
-7.16438e-11
3.24541e-08
-1.87038e-10
7.04197e-10
-5.03953e-11
4.11589e-08
8.29416e-10
-7.77156e-11
4.72691e-08
-6.76462e-11
5.02053e-08
4.15124e-10
3.68971e-08
-1.49244e-10
6.69796e-10
4.56871e-08
8.40767e-10
5.19764e-08
5.49755e-08
3.75537e-10
-5.31472e-11
2.30375e-08
-1.88339e-10
5.30994e-10
-5.75401e-11
3.14539e-08
5.89481e-10
-8.08051e-11
3.72264e-08
-9.55338e-11
4.00909e-08
3.51636e-10
-8.29342e-11
2.77035e-08
-1.65201e-10
5.07609e-10
-7.50326e-11
3.62863e-08
5.72589e-10
-8.83924e-11
4.22693e-08
-8.37578e-11
4.52484e-08
3.1772e-10
-6.67642e-11
3.22582e-08
-1.37939e-10
4.77555e-10
-5.53929e-11
4.09794e-08
5.63293e-10
-6.52118e-11
4.71601e-08
-5.59754e-11
5.02421e-08
2.88436e-10
3.66582e-08
-1.16302e-10
4.57014e-10
4.54632e-08
5.65669e-10
5.18025e-08
5.49637e-08
2.42447e-10
-6.78233e-11
2.29492e-08
-1.19028e-10
3.451e-10
-7.65001e-11
3.13692e-08
3.902e-10
-9.40427e-11
3.71803e-08
-1.0496e-10
4.01031e-08
2.29394e-10
-7.75461e-11
2.75919e-08
-1.08031e-10
3.31876e-10
-7.49159e-11
3.61823e-08
3.79072e-10
-8.217e-11
4.22102e-08
-7.97272e-11
4.52617e-08
2.10097e-10
-5.54293e-11
3.21196e-08
-9.36503e-11
3.14562e-10
-4.89383e-11
4.0849e-08
3.71811e-10
-5.20076e-11
4.70727e-08
-4.58984e-11
5.02394e-08
1.92429e-10
3.64915e-08
-8.11427e-11
3.01619e-10
4.5305e-08
3.70868e-10
5.16813e-08
5.49376e-08
1.55658e-10
-6.50805e-11
2.2887e-08
-7.35358e-11
2.24968e-10
-7.38561e-11
3.1307e-08
2.60268e-10
-8.69265e-11
3.71391e-08
-9.54277e-11
4.00947e-08
1.48161e-10
-6.57639e-11
2.75127e-08
-6.82587e-11
2.16878e-10
-6.56957e-11
3.61054e-08
2.52195e-10
-7.03562e-11
4.21583e-08
-6.98041e-11
4.52506e-08
1.36824e-10
-4.40974e-11
3.20216e-08
-6.05026e-11
2.0634e-10
-4.06168e-11
4.07544e-08
2.4641e-10
-4.15666e-11
4.70039e-08
-3.81218e-11
5.02188e-08
1.25954e-10
3.63746e-08
-5.31727e-11
1.97883e-10
4.51925e-08
2.44407e-10
5.15932e-08
5.49042e-08
1.0016e-10
-5.65981e-11
2.28427e-08
-4.46382e-11
1.48332e-10
-6.42666e-11
3.1261e-08
1.76443e-10
-7.4073e-11
3.71044e-08
-8.07159e-11
4.00787e-08
9.5565e-11
-5.34795e-11
2.74561e-08
-4.20589e-11
1.42983e-10
-5.4683e-11
3.60484e-08
1.70355e-10
-5.81937e-11
4.2115e-08
-5.87197e-11
4.52305e-08
8.86427e-11
-3.4487e-11
3.19518e-08
-3.77651e-11
1.36197e-10
-3.2866e-11
4.0685e-08
1.65744e-10
-3.33271e-11
4.69495e-08
-3.16045e-11
5.01919e-08
8.1793e-11
3.62917e-08
-3.34028e-11
1.30488e-10
4.51109e-08
1.63572e-10
5.15268e-08
5.48691e-08
6.48138e-11
-4.68438e-11
2.28108e-08
-2.66756e-11
9.91182e-11
-5.31471e-11
3.12268e-08
1.21601e-10
-6.05349e-11
3.70761e-08
-6.56626e-11
4.00613e-08
6.1814e-11
-4.24529e-11
2.74152e-08
-2.53804e-11
9.5363e-11
-4.41795e-11
3.60059e-08
1.16957e-10
-4.70349e-11
4.20799e-08
-4.80085e-11
4.52088e-08
5.74226e-11
-2.66733e-11
3.19015e-08
-2.29375e-11
9.07814e-11
-2.61408e-11
4.06336e-08
1.13315e-10
-2.65824e-11
4.69065e-08
-2.5837e-11
5.01649e-08
5.30037e-11
3.62323e-08
-2.03027e-11
8.68236e-11
4.5051e-08
1.11317e-10
5.14757e-08
5.48362e-08
4.22493e-11
-3.76247e-11
2.27877e-08
-1.56893e-11
6.70918e-11
-4.26307e-11
3.12011e-08
8.49761e-11
-4.8193e-11
3.70535e-08
-5.20952e-11
4.00452e-08
4.01912e-11
-3.31582e-11
2.73856e-08
-1.50158e-11
6.43573e-11
-3.49722e-11
3.5974e-08
8.14355e-11
-3.73283e-11
4.2052e-08
-3.83845e-11
4.51888e-08
3.7312e-11
-2.04596e-11
3.18651e-08
-1.35886e-11
6.11575e-11
-2.0506e-11
4.05953e-08
7.85935e-11
-2.09948e-11
4.68727e-08
-2.07541e-11
5.01405e-08
3.44026e-11
3.61894e-08
-1.19761e-11
5.83626e-11
4.50065e-08
7.68908e-11
5.14362e-08
5.48074e-08
2.77654e-11
-2.96094e-11
2.27708e-08
-9.06277e-12
4.59416e-11
-3.34982e-11
3.1182e-08
6.00278e-11
-3.76725e-11
3.70358e-08
-4.06073e-11
4.00315e-08
2.63055e-11
-2.55877e-11
2.73639e-08
-8.69756e-12
4.39133e-11
-2.72636e-11
3.59502e-08
5.73424e-11
-2.91853e-11
4.20301e-08
-3.01512e-11
4.51718e-08
2.43674e-11
-1.55842e-11
3.18385e-08
-7.8429e-12
4.163e-11
-1.58989e-11
4.05667e-08
5.51521e-11
-1.63983e-11
4.68464e-08
-1.63951e-11
5.01199e-08
2.2419e-11
3.61583e-08
-6.84439e-12
3.96326e-11
4.49734e-08
5.3763e-11
5.14056e-08
5.47833e-08
1.84019e-11
-2.2953e-11
2.27584e-08
-5.12018e-12
3.1773e-11
-2.59279e-11
3.11676e-08
4.27444e-11
-2.90469e-11
3.70222e-08
-3.1234e-11
4.00203e-08
1.73453e-11
-1.95559e-11
2.73481e-08
-4.91266e-12
3.02578e-11
-2.09982e-11
3.59324e-08
4.07209e-11
-2.25367e-11
4.20131e-08
-2.33494e-11
4.51578e-08
1.60144e-11
-1.17969e-11
3.18192e-08
-4.38902e-12
2.86081e-11
-1.22038e-11
4.05453e-08
3.90515e-11
-1.26709e-11
4.68261e-08
-1.27645e-11
5.01031e-08
1.46913e-11
3.61356e-08
-3.7641e-12
2.71704e-11
4.49487e-08
3.79504e-11
5.13822e-08
5.47638e-08
1.2298e-11
-1.75799e-11
2.27493e-08
-2.80917e-12
2.21533e-11
-1.98295e-11
3.11569e-08
3.06042e-11
-2.21489e-11
3.70117e-08
-2.37675e-11
4.00115e-08
1.15253e-11
-1.48216e-11
2.73365e-08
-2.68539e-12
2.10209e-11
-1.60084e-11
3.5919e-08
2.90895e-11
-1.72174e-11
4.20001e-08
-1.78692e-11
4.51467e-08
1.05978e-11
-8.87713e-12
3.1805e-08
-2.35784e-12
1.98213e-11
-9.28375e-12
4.05293e-08
2.78296e-11
-9.6927e-12
4.68105e-08
-9.81367e-12
5.00898e-08
9.68941e-12
3.6119e-08
-1.96286e-12
1.87824e-11
4.49303e-08
2.69747e-11
5.13643e-08
5.47484e-08
8.2812e-12
-1.33223e-11
2.27426e-08
-1.47841e-12
1.55389e-11
-1.50071e-11
3.11489e-08
2.19775e-11
-1.67229e-11
3.70038e-08
-1.79137e-11
4.00046e-08
7.71401e-12
-1.11438e-11
2.7328e-08
-1.40114e-12
1.46953e-11
-1.209e-11
3.59091e-08
2.08514e-11
-1.30243e-11
4.19903e-08
-1.35313e-11
4.51381e-08
7.06123e-12
-6.63823e-12
3.17946e-08
-1.1925e-12
1.38213e-11
-7.00161e-12
4.05175e-08
1.9909e-11
-7.34273e-12
4.67988e-08
-7.45979e-12
5.00795e-08
6.43237e-12
3.61068e-08
-9.4057e-13
1.30696e-11
4.49167e-08
1.92558e-11
5.13508e-08
5.47364e-08
5.60914e-12
-9.988e-12
2.27378e-08
-7.29621e-13
1.09339e-11
-1.1238e-11
3.1143e-08
1.57833e-11
-1.24991e-11
3.69978e-08
-1.33697e-11
3.99994e-08
5.19343e-12
-8.3049e-12
2.73218e-08
-6.79533e-13
1.03094e-11
-9.04087e-12
3.59018e-08
1.49525e-11
-9.75166e-12
4.19829e-08
-1.01374e-11
4.51315e-08
4.73164e-12
-4.92672e-12
3.1787e-08
-5.44651e-13
9.67367e-12
-5.23113e-12
4.05087e-08
1.42541e-11
-5.5054e-12
4.67899e-08
-5.6063e-12
5.00716e-08
4.29404e-12
3.6098e-08
-3.82706e-13
9.13068e-12
4.49066e-08
1.37622e-11
5.13406e-08
5.47273e-08
3.80868e-12
-7.39285e-12
2.27342e-08
-3.21931e-13
7.68528e-12
-8.30958e-12
3.11387e-08
1.12877e-11
-9.22804e-12
3.69934e-08
-9.85898e-12
3.99955e-08
3.50611e-12
-6.11925e-12
2.73173e-08
-2.88601e-13
7.22764e-12
-6.67896e-12
3.58965e-08
1.06812e-11
-7.21081e-12
4.19774e-08
-7.49868e-12
4.51266e-08
3.17958e-12
-3.61879e-12
3.17816e-08
-2.00528e-13
6.76812e-12
-3.86247e-12
4.05023e-08
1.01696e-11
-4.07625e-12
4.67834e-08
-4.15778e-12
5.00656e-08
2.87486e-12
3.60916e-08
-9.59034e-14
6.37801e-12
4.48992e-08
9.80493e-12
5.13331e-08
5.47205e-08
2.57627e-12
-5.37557e-12
2.27317e-08
-1.11003e-13
5.35901e-12
-6.03696e-12
3.11356e-08
7.98511e-12
-6.696e-12
3.69903e-08
-7.14674e-12
3.99926e-08
2.35917e-12
-4.43447e-12
2.73141e-08
-8.85702e-14
5.02906e-12
-4.84986e-12
3.58926e-08
7.54942e-12
-5.23974e-12
4.19734e-08
-5.44995e-12
4.5123e-08
2.13015e-12
-2.61638e-12
3.17776e-08
-3.09612e-14
4.70122e-12
-2.80415e-12
4.04977e-08
7.18102e-12
-2.96583e-12
4.67787e-08
-3.02869e-12
5.00613e-08
1.91924e-12
3.6087e-08
3.65541e-14
4.42421e-12
4.48939e-08
6.91579e-12
5.13277e-08
5.47155e-08
1.71653e-12
-3.80927e-12
2.273e-08
-9.59987e-15
3.66659e-12
-4.27447e-12
3.11335e-08
5.52866e-12
-4.73589e-12
3.6988e-08
-5.05019e-12
3.99906e-08
1.56487e-12
-3.13502e-12
2.73119e-08
5.2163e-15
3.43502e-12
-3.43379e-12
3.58899e-08
5.22365e-12
-3.7115e-12
4.19706e-08
-3.86051e-12
4.51204e-08
1.40745e-12
-1.84752e-12
3.17749e-08
4.22775e-14
3.20656e-12
-1.98637e-12
4.04945e-08
4.96514e-12
-2.10426e-12
4.67753e-08
-2.15049e-12
5.00582e-08
1.26411e-12
3.60838e-08
8.51086e-14
3.01415e-12
4.48902e-08
4.77747e-12
5.13238e-08
5.47119e-08
1.10215e-12
-2.61458e-12
2.27288e-08
3.99358e-14
2.42312e-12
-2.93272e-12
3.1132e-08
3.69727e-12
-3.24528e-12
3.69865e-08
-3.45699e-12
3.99892e-08
1.00062e-12
-2.14691e-12
2.73104e-08
4.86615e-14
2.26687e-12
-2.35609e-12
3.58881e-08
3.49153e-12
-2.54777e-12
4.19687e-08
-2.64972e-12
4.51186e-08
8.96019e-13
-1.26179e-12
3.1773e-08
7.09141e-14
2.11298e-12
-1.36329e-12
4.04922e-08
3.31633e-12
-1.44794e-12
4.6773e-08
-1.48114e-12
5.00561e-08
8.01625e-13
3.60817e-08
9.64597e-14
1.98322e-12
4.48876e-08
3.18783e-12
5.13211e-08
5.47094e-08
6.69347e-13
-1.79479e-12
2.2728e-08
8.29908e-14
1.54391e-12
-2.00496e-12
3.1131e-08
2.39734e-12
-2.21056e-12
3.69854e-08
-2.34877e-12
3.99883e-08
6.07045e-13
-1.47072e-12
2.73093e-08
8.60675e-14
1.44428e-12
-1.61204e-12
3.58868e-08
2.26379e-12
-1.74036e-12
4.19674e-08
-1.80737e-12
4.51174e-08
5.40737e-13
-8.78852e-13
3.17718e-08
9.68246e-14
1.34441e-12
-9.49678e-13
4.04908e-08
2.14858e-12
-1.00567e-12
4.67714e-08
-1.02514e-12
5.00546e-08
4.81313e-13
3.60802e-08
1.09771e-13
1.26135e-12
4.48859e-08
2.06481e-12
5.13193e-08
5.47077e-08
3.48187e-13
-1.32074e-12
1.36511e-13
9.702e-13
-1.50166e-12
1.60657e-12
-1.65955e-12
-1.75967e-12
3.04164e-13
-1.06576e-12
1.35092e-13
8.98077e-13
-1.19128e-12
1.51388e-12
-1.29565e-12
-1.34814e-12
2.61337e-13
-5.86317e-13
1.37743e-13
8.3065e-13
-6.43891e-13
1.43452e-12
-6.92999e-13
-7.16647e-13
2.27672e-13
1.42797e-13
7.76654e-13
1.37707e-12
8.12746e-09
-2.97459e-08
5.40836e-08
8.10138e-09
-9.44904e-09
5.57512e-08
3.59249e-11
2.97797e-09
4.76018e-08
-1.23964e-08
4.59685e-08
1.367e-08
-1.31004e-08
5.95355e-08
6.08084e-09
-4.10396e-09
4.93654e-08
-1.46147e-09
-5.9103e-09
5.8769e-08
-2.17693e-08
4.50995e-08
8.22782e-09
7.08254e-09
3.29428e-08
2.32847e-09
8.57204e-09
3.40447e-08
-1.92688e-08
1.15413e-08
4.0344e-08
-5.89367e-08
4.42546e-08
1.15422e-08
3.24591e-08
3.33892e-08
2.4996e-08
7.1009e-08
1.10101e-08
1.2062e-08
2.50572e-09
-2.09396e-10
5.08805e-08
5.95869e-09
2.76043e-09
5.25588e-08
4.03609e-09
3.91071e-09
5.28402e-08
7.49891e-10
5.16383e-08
1.61795e-09
2.1161e-09
5.5592e-08
9.04354e-10
3.75034e-09
4.9089e-08
5.79836e-09
5.90191e-09
5.18838e-08
7.39694e-10
4.86586e-08
-3.96744e-09
-1.85423e-09
4.08806e-08
-3.88665e-09
6.08356e-10
3.71059e-08
-4.01182e-10
4.44893e-09
3.83115e-08
4.71143e-09
3.76867e-08
1.94202e-09
3.17678e-08
4.68938e-09
2.60347e-08
7.58806e-10
2.2215e-08
2.26829e-08
-1.78883e-09
-1.63351e-10
5.41212e-08
-2.22772e-09
1.32162e-09
5.31455e-08
-1.84444e-09
1.43626e-09
5.24431e-08
5.62731e-10
4.78502e-08
3.73429e-11
1.39176e-09
5.39996e-08
-2.90669e-09
2.46713e-09
5.08876e-08
-1.28045e-09
3.62458e-09
4.80692e-08
3.12222e-09
4.4258e-08
-1.65783e-09
7.39165e-11
4.38563e-08
-4.15193e-09
1.2364e-09
4.08307e-08
-2.7326e-09
2.50535e-09
3.80114e-08
2.96718e-09
3.54985e-08
-1.26018e-09
3.48551e-08
-3.20457e-09
3.06143e-08
-4.26275e-09
2.63014e-08
2.28628e-08
-2.03181e-09
-4.31561e-10
5.64668e-08
-2.29995e-09
1.45071e-10
5.30153e-08
-8.35615e-10
5.34728e-10
4.95168e-08
1.01484e-10
4.43188e-08
-1.2996e-09
8.69963e-10
5.39977e-08
-1.72532e-09
1.52694e-09
4.99314e-08
-9.25901e-10
1.98325e-09
4.58213e-08
1.82666e-09
4.11138e-08
-1.48784e-09
3.5057e-10
4.58635e-08
-1.95348e-09
1.00368e-09
4.18196e-08
-1.50558e-09
1.68392e-09
3.78628e-08
2.17407e-09
3.37821e-08
-1.13879e-09
3.67939e-08
-1.6389e-09
3.23635e-08
-1.7935e-09
2.79553e-08
2.36385e-08
-6.16059e-10
-5.1674e-10
5.68613e-08
-5.73808e-10
-2.7707e-10
5.24798e-08
2.29126e-10
-1.46957e-10
4.78168e-08
-3.31626e-10
4.24887e-08
-3.78015e-10
2.29288e-10
5.36297e-08
-3.83918e-10
5.27879e-10
4.91324e-08
1.19748e-10
7.04057e-10
4.44666e-08
6.7542e-10
3.94092e-08
-3.69903e-10
1.5056e-10
4.63121e-08
-4.23612e-10
4.40059e-10
4.19611e-08
-8.27058e-11
7.30098e-10
3.74959e-08
9.70031e-10
3.28292e-08
-2.24291e-10
3.71449e-08
-2.92426e-10
3.27304e-08
-1.55069e-10
2.81973e-08
2.35971e-08
-1.99875e-12
-4.21818e-10
5.65312e-08
1.90426e-10
-3.22614e-10
5.18601e-08
5.97996e-10
-2.99059e-10
4.68652e-08
-3.83932e-10
4.15083e-08
4.85859e-11
4.01919e-11
5.31191e-08
2.00828e-10
1.64535e-10
4.8493e-08
5.22705e-10
2.28492e-10
4.36172e-08
2.16955e-10
3.84645e-08
2.26837e-11
1.22986e-10
4.62067e-08
1.56809e-10
2.52182e-10
4.17394e-08
4.24002e-10
3.73494e-10
3.70837e-08
4.74561e-10
3.22416e-08
4.78323e-11
3.70721e-08
1.73512e-10
3.26426e-08
3.57034e-10
2.80693e-08
2.33908e-08
1.65641e-10
-3.27689e-10
5.60841e-08
3.70127e-10
-2.81856e-10
5.13368e-08
6.08452e-10
-2.80334e-10
4.62699e-08
-3.24396e-10
4.0941e-08
1.6504e-10
-2.90454e-11
5.26554e-08
3.4735e-10
3.04005e-11
4.79984e-08
5.57143e-10
5.63151e-11
4.30707e-08
4.81414e-11
3.79196e-08
1.41102e-10
8.84827e-11
4.5948e-08
3.06382e-10
1.52643e-10
4.14518e-08
4.9294e-10
2.07536e-10
3.67459e-08
2.50688e-10
3.18709e-08
1.35247e-10
3.68761e-08
2.83471e-10
3.246e-08
4.30557e-10
2.78901e-08
2.32075e-08
1.79859e-10
-2.53379e-10
5.57001e-08
3.47406e-10
-2.30358e-10
5.09482e-08
4.95247e-10
-2.32957e-10
4.58864e-08
-2.58659e-10
4.06016e-08
1.69997e-10
-5.35043e-11
5.22855e-08
3.25162e-10
-2.29503e-11
4.76358e-08
4.60569e-10
-1.21295e-11
4.27145e-08
-1.95027e-11
3.75939e-08
1.5082e-10
5.66007e-11
4.56871e-08
2.91644e-10
8.94928e-11
4.11986e-08
4.15179e-10
1.14855e-10
3.64954e-08
1.32297e-10
3.16326e-08
1.34898e-10
3.66815e-08
2.59665e-10
3.22868e-08
3.6347e-10
2.7736e-08
2.30701e-08
1.49974e-10
-1.95136e-10
5.54088e-08
2.74913e-10
-1.83277e-10
5.06737e-08
3.69046e-10
-1.86698e-10
4.56365e-08
-2.03309e-10
4.03927e-08
1.40934e-10
-5.83813e-11
5.20078e-08
2.58183e-10
-4.24334e-11
4.73777e-08
3.45552e-10
-3.84944e-11
4.24789e-08
-4.52993e-11
3.7392e-08
1.26138e-10
3.13061e-11
4.54713e-08
2.32563e-10
4.85107e-11
4.10012e-08
3.13113e-10
6.00902e-11
3.63162e-08
6.61477e-11
3.14761e-08
1.10004e-10
3.65216e-08
2.03581e-10
3.21481e-08
2.73719e-10
2.76179e-08
2.29715e-08
1.13619e-10
-1.49362e-10
5.51984e-08
2.03341e-10
-1.43343e-10
5.04831e-08
2.64783e-10
-1.46739e-10
4.54712e-08
-1.5829e-10
4.026e-08
1.06995e-10
-5.45203e-11
5.1806e-08
1.91565e-10
-4.62407e-11
4.71961e-08
2.48617e-10
-4.55117e-11
4.23207e-08
-5.15295e-11
3.72622e-08
9.60265e-11
1.41093e-11
4.53066e-08
1.72673e-10
2.31857e-11
4.08551e-08
2.25348e-10
2.82576e-11
3.61898e-08
2.94749e-11
3.13712e-08
8.2752e-11
3.63998e-08
1.49829e-10
3.20437e-08
1.9655e-10
2.75312e-08
2.29016e-08
8.2485e-11
-1.13696e-10
5.50496e-08
1.45853e-10
-1.10794e-10
5.03514e-08
1.8685e-10
-1.13854e-10
4.53604e-08
-1.22195e-10
4.01734e-08
7.79447e-11
-4.73805e-11
5.16617e-08
1.37719e-10
-4.31907e-11
4.70687e-08
1.75566e-10
-4.38569e-11
4.22128e-08
-4.88933e-11
3.71763e-08
7.00347e-11
3.56536e-12
4.51856e-08
1.2408e-10
8.35791e-12
4.07495e-08
1.58878e-10
1.03778e-11
3.61008e-08
9.73347e-12
3.12996e-08
6.00556e-11
3.63099e-08
1.07187e-10
3.19671e-08
1.38275e-10
2.74684e-08
2.2852e-08
5.86766e-11
-8.61256e-11
5.49454e-08
1.03119e-10
-8.48749e-11
5.02602e-08
1.30967e-10
-8.74806e-11
4.5285e-08
-9.35913e-11
4.01155e-08
5.56258e-11
-3.95037e-11
5.15595e-08
9.75224e-11
-3.74934e-11
4.69794e-08
1.23017e-10
-3.86491e-11
4.21385e-08
-4.26781e-11
3.71181e-08
5.00239e-11
-2.22051e-12
4.50983e-08
8.78107e-11
2.88658e-13
4.0674e-08
1.11074e-10
9.1101e-13
3.60379e-08
-2.90806e-13
3.12498e-08
4.28501e-11
3.62445e-08
7.57181e-11
3.19116e-08
9.64933e-11
2.74231e-08
2.28166e-08
4.13476e-11
-6.49582e-11
5.48725e-08
7.24592e-11
-6.45557e-11
5.01969e-08
9.16447e-11
-6.66879e-11
4.52332e-08
-7.11792e-11
4.00762e-08
3.93075e-11
-3.20499e-11
5.14873e-08
6.86048e-11
-3.11817e-11
4.69167e-08
8.60113e-11
-3.23956e-11
4.20868e-08
-3.55142e-11
3.7078e-08
3.5392e-11
-4.93213e-12
4.50358e-08
6.17536e-11
-3.64536e-12
4.06201e-08
7.74852e-11
-3.62882e-12
3.59934e-08
-4.85373e-12
3.12148e-08
3.03591e-11
3.61973e-08
5.32464e-11
3.18715e-08
6.72191e-11
2.73905e-08
2.27912e-08
2.90332e-11
-4.87979e-11
5.48216e-08
5.08332e-11
-4.88054e-11
5.01529e-08
6.41994e-11
-5.04999e-11
4.51974e-08
-5.37973e-11
4.00491e-08
2.76686e-11
-2.54907e-11
5.14363e-08
4.8174e-11
-2.52023e-11
4.68726e-08
6.01942e-11
-2.62913e-11
4.20506e-08
-2.86504e-11
3.705e-08
2.49556e-11
-5.80847e-12
4.49912e-08
4.33684e-11
-5.17473e-12
4.05816e-08
5.41172e-11
-5.39068e-12
3.59618e-08
-6.4491e-12
3.119e-08
2.14701e-11
3.61632e-08
3.74357e-11
3.18425e-08
4.69011e-11
2.7367e-08
2.27729e-08
2.03808e-11
-3.65169e-11
5.4786e-08
3.56927e-11
-3.67004e-11
5.01222e-08
4.50861e-11
-3.8018e-11
4.51724e-08
-4.04324e-11
4.00301e-08
1.94663e-11
-1.99601e-11
5.14003e-08
3.38544e-11
-1.99496e-11
4.68415e-08
4.22325e-11
-2.08548e-11
4.2025e-08
-2.26115e-11
3.70303e-08
1.7596e-11
-5.68006e-12
4.49593e-08
3.04935e-11
-5.39133e-12
4.05542e-08
3.79043e-11
-5.6691e-12
3.59392e-08
-6.51857e-12
3.11723e-08
1.51971e-11
3.61385e-08
2.63712e-11
3.18216e-08
3.283e-11
2.73499e-08
2.27596e-08
1.43255e-11
-2.72173e-11
5.4761e-08
2.51111e-11
-2.7456e-11
5.01006e-08
3.17557e-11
-2.84634e-11
4.51549e-08
-3.02258e-11
4.00168e-08
1.37114e-11
-1.54267e-11
5.13747e-08
2.38377e-11
-1.55351e-11
4.68194e-08
2.972e-11
-1.62551e-11
4.20069e-08
-1.75489e-11
3.70163e-08
1.24251e-11
-5.06615e-12
4.49365e-08
2.14895e-11
-4.95541e-12
4.05345e-08
2.66378e-11
-5.22202e-12
3.5923e-08
-5.87723e-12
3.11596e-08
1.07775e-11
3.61207e-08
1.86271e-11
3.18064e-08
2.30644e-11
2.73376e-08
2.275e-08
1.00849e-11
-2.01916e-11
5.47434e-08
1.77001e-11
-2.0427e-11
5.00854e-08
2.24202e-11
-2.11867e-11
4.51425e-08
-2.24688e-11
4.00075e-08
9.67163e-12
-1.17829e-11
5.13567e-08
1.68165e-11
-1.19292e-11
4.68038e-08
2.09676e-11
-1.24858e-11
4.19941e-08
-1.34308e-11
3.70063e-08
8.78746e-12
-4.27114e-12
4.49202e-08
1.5176e-11
-4.2482e-12
4.05205e-08
1.87731e-11
-4.47676e-12
3.59114e-08
-4.97002e-12
3.11504e-08
7.65581e-12
3.61078e-08
1.31869e-11
3.17954e-08
1.6253e-11
2.73286e-08
2.2743e-08
7.10259e-12
-1.48873e-11
5.4731e-08
1.24831e-11
-1.50939e-11
5.00747e-08
1.58408e-11
-1.56597e-11
4.51338e-08
-1.6588e-11
4.00008e-08
6.82398e-12
-8.89297e-12
5.13438e-08
1.18696e-11
-9.03815e-12
4.67927e-08
1.48056e-11
-9.45947e-12
4.19849e-08
-1.01445e-11
3.69992e-08
6.21637e-12
-3.46005e-12
4.49086e-08
1.0724e-11
-3.47677e-12
4.05104e-08
1.32452e-11
-3.66125e-12
3.59031e-08
-4.02624e-12
3.11439e-08
5.43878e-12
3.60986e-08
9.34115e-12
3.17875e-08
1.14676e-11
2.73222e-08
2.2738e-08
4.98938e-12
-1.08752e-11
5.47223e-08
8.78075e-12
-1.10445e-11
5.00672e-08
1.11626e-11
-1.146e-11
4.51277e-08
-1.21271e-11
3.99961e-08
4.80163e-12
-6.61864e-12
5.13348e-08
8.35564e-12
-6.7456e-12
4.67848e-08
1.04282e-11
-7.05847e-12
4.19785e-08
-7.55048e-12
3.69941e-08
4.38485e-12
-2.71235e-12
4.49003e-08
7.55783e-12
-2.74358e-12
4.05032e-08
9.32347e-12
-2.8866e-12
3.58971e-08
-3.1525e-12
3.11392e-08
3.85128e-12
3.60919e-08
6.59829e-12
3.17818e-08
8.073e-12
2.73175e-08
2.27344e-08
3.4757e-12
-7.8251e-12
5.47162e-08
6.12353e-12
-7.9571e-12
5.0062e-08
7.79685e-12
-8.2569e-12
4.51234e-08
-8.72992e-12
3.99928e-08
3.34985e-12
-4.83313e-12
5.13284e-08
5.83126e-12
-4.93617e-12
4.67793e-08
7.28141e-12
-5.1637e-12
4.19739e-08
-5.51212e-12
3.69905e-08
3.06581e-12
-2.05827e-12
4.48945e-08
5.28019e-12
-2.0915e-12
4.04981e-08
6.50716e-12
-2.19878e-12
3.58929e-08
-2.38898e-12
3.11359e-08
2.70186e-12
3.60872e-08
4.61919e-12
3.17778e-08
5.63517e-12
2.73142e-08
2.27318e-08
2.37792e-12
-5.49457e-12
5.47121e-08
4.19167e-12
-5.59349e-12
5.00584e-08
5.34306e-12
-5.80483e-12
4.51205e-08
-6.1331e-12
3.99906e-08
2.29512e-12
-3.4339e-12
5.13241e-08
3.99458e-12
-3.51336e-12
4.67756e-08
4.98893e-12
-3.67484e-12
4.19708e-08
-3.91626e-12
3.69881e-08
2.105e-12
-1.50577e-12
4.48904e-08
3.62109e-12
-1.53561e-12
4.04947e-08
4.45748e-12
-1.61373e-12
3.589e-08
-1.74644e-12
3.11336e-08
1.86107e-12
3.60839e-08
3.17398e-12
3.1775e-08
3.86126e-12
2.73119e-08
2.273e-08
1.57889e-12
-3.73432e-12
5.47093e-08
2.78085e-12
-3.80797e-12
5.0056e-08
3.54604e-12
-3.95474e-12
4.51186e-08
-4.17708e-12
3.99891e-08
1.52605e-12
-2.35829e-12
5.13212e-08
2.6526e-12
-2.41935e-12
4.6773e-08
3.31084e-12
-2.53272e-12
4.19687e-08
-2.69631e-12
3.69865e-08
1.40138e-12
-1.06029e-12
4.48877e-08
2.40735e-12
-1.08657e-12
4.04923e-08
2.95794e-12
-1.14348e-12
3.58881e-08
-1.23421e-12
3.1132e-08
1.24059e-12
3.60817e-08
2.11322e-12
3.17731e-08
2.56233e-12
2.73104e-08
2.27288e-08
1.02793e-12
-2.52055e-12
5.47076e-08
1.79092e-12
-2.57649e-12
5.00545e-08
2.28154e-12
-2.68177e-12
4.51173e-08
-2.83273e-12
3.99881e-08
1.00114e-12
-1.6257e-12
5.13193e-08
1.71298e-12
-1.6736e-12
4.67714e-08
2.1308e-12
-1.75633e-12
4.19674e-08
-1.86705e-12
3.69854e-08
9.27901e-13
-7.66415e-13
4.48859e-08
1.56064e-12
-7.91174e-13
4.04908e-08
1.90557e-12
-8.35482e-13
3.58868e-08
-8.97017e-13
3.1131e-08
8.29869e-13
3.60802e-08
1.37861e-12
3.17718e-08
1.65616e-12
2.73094e-08
2.2728e-08
6.47514e-13
-1.84467e-12
1.20053e-12
-1.89318e-12
1.54067e-12
-1.97754e-12
-2.09174e-12
6.23433e-13
-1.20495e-12
1.1489e-12
-1.24617e-12
1.43622e-12
-1.31396e-12
-1.40282e-12
5.70787e-13
-5.92442e-13
1.04208e-12
-6.13003e-13
1.27439e-12
-6.52119e-13
-7.0438e-13
5.05533e-13
9.06253e-13
1.0812e-12
)
;

boundaryField
{
    inlet
    {
        type            calculated;
        value           nonuniform List<scalar> 
48
(
-3.80516e-08
-3.78685e-08
-3.74006e-08
-3.6014e-08
-3.80997e-08
-3.80233e-08
-3.64821e-08
-3.74117e-08
-3.81727e-08
-3.81599e-08
-3.7855e-08
-3.7265e-08
-3.78268e-08
-3.81491e-08
-3.80461e-08
-3.79625e-08
-2.29196e-08
-2.76682e-08
-3.24167e-08
-3.51106e-08
-3.09383e-08
-3.5491e-08
-4.09724e-08
-2.32202e-08
-3.69109e-08
-4.41778e-08
-4.74384e-08
-5.23753e-08
-4.00105e-08
-4.5365e-08
-5.0495e-08
-5.52301e-08
-5.66383e-08
-5.47247e-08
-4.4508e-08
-3.7178e-08
-5.18081e-08
-4.71213e-08
-4.08213e-08
-3.24167e-08
-4.58929e-08
-4.23384e-08
-3.61983e-08
-2.76478e-08
-3.98797e-08
-3.85566e-08
-3.24714e-08
-2.27536e-08
)
;
    }
    outlet
    {
        type            calculated;
        value           nonuniform List<scalar> 
48
(
3.81511e-08
3.81279e-08
3.80725e-08
3.79676e-08
3.82022e-08
3.81868e-08
3.81481e-08
3.80725e-08
3.82257e-08
3.82151e-08
3.81868e-08
3.8128e-08
3.82342e-08
3.82258e-08
3.82023e-08
3.81513e-08
2.27274e-08
2.73087e-08
3.17709e-08
3.60792e-08
3.11303e-08
3.58859e-08
4.04897e-08
4.48847e-08
3.69847e-08
4.19664e-08
4.67702e-08
5.1318e-08
3.99876e-08
4.51165e-08
5.00535e-08
5.47065e-08
5.47064e-08
5.1318e-08
4.48847e-08
3.60792e-08
5.00534e-08
4.67703e-08
4.04897e-08
3.17709e-08
4.51165e-08
4.19664e-08
3.5886e-08
2.73087e-08
3.99875e-08
3.69847e-08
3.11303e-08
2.27274e-08
)
;
    }
    wall
    {
        type            calculated;
        value           nonuniform List<scalar> 
192
(
-1.76761e-08
4.54441e-26
-3.43958e-25
-1.56853e-25
-1.41488e-25
4.89308e-26
9.68992e-27
2.6625e-26
6.51471e-27
-5.26472e-26
3.42529e-28
4.84255e-27
-4.83501e-28
-1.51898e-27
4.72455e-27
1.55669e-27
-3.06805e-27
-6.08469e-28
-9.10056e-28
2.37857e-28
-1.05895e-29
-1.3799e-28
8.14141e-29
-5.25667e-29
-4.85125e-08
-2.28101e-24
-2.14273e-25
4.35521e-26
2.07302e-26
2.05537e-25
1.24697e-25
-3.60174e-27
8.86313e-26
-1.70991e-26
4.88379e-27
1.12711e-26
7.113e-28
-4.30377e-27
-1.31417e-26
-5.47457e-28
-1.88898e-28
1.26016e-27
-9.71727e-28
-1.12078e-28
-3.53161e-29
-9.58512e-29
-2.10671e-29
1.11367e-28
3.44318e-08
3.14058e-25
3.72493e-25
-2.86667e-26
-1.95189e-26
-2.20772e-25
-9.82055e-26
-7.35336e-27
-8.15471e-26
-1.19408e-26
-1.76005e-26
-6.22308e-27
2.5811e-27
-6.93916e-27
6.68911e-27
-2.4364e-27
5.31139e-29
-1.93568e-27
6.39668e-28
4.33382e-28
-5.40684e-29
-6.19617e-31
2.81341e-28
-8.47642e-29
7.67821e-08
-1.47724e-24
2.4142e-25
2.10659e-26
-8.25089e-26
3.0465e-27
-4.43648e-26
8.94139e-27
1.75052e-26
9.27288e-27
-1.32462e-26
-2.339e-27
3.35016e-27
-2.04967e-27
1.43238e-27
-1.1499e-28
-6.48606e-28
-3.63939e-28
-1.05065e-27
-3.09119e-28
-2.58837e-28
-1.06022e-28
3.49124e-29
-4.80058e-29
-1.21544e-08
-3.51262e-08
-1.68456e-08
3.25066e-24
-1.36942e-25
1.11e-24
4.67204e-25
9.74902e-25
2.84562e-25
-8.18567e-26
4.29645e-25
3.78304e-25
5.985e-26
9.61057e-26
1.1158e-26
-2.04546e-25
6.15288e-26
-2.53621e-26
1.06029e-26
1.56165e-26
-7.92695e-27
-2.2335e-26
4.97827e-26
3.02174e-26
5.1388e-26
-2.40251e-26
1.39009e-26
3.48382e-27
4.01107e-26
-1.73301e-26
-1.06773e-26
2.32572e-26
2.99545e-26
1.16374e-26
1.43895e-26
1.10639e-26
1.43636e-26
9.69564e-27
-7.14971e-27
6.726e-27
-9.59524e-27
-2.80702e-27
7.21682e-27
-3.23235e-27
1.97075e-27
1.14319e-26
8.39111e-28
8.25979e-27
4.50704e-27
1.17794e-26
4.54403e-27
-6.52155e-28
3.56638e-27
3.49285e-27
-4.80484e-27
1.14402e-27
2.85996e-28
-3.03037e-27
-3.45466e-27
-2.22072e-27
2.98945e-27
1.94227e-27
-1.18209e-27
1.18652e-27
-1.81386e-27
2.47591e-27
-7.63945e-28
4.69729e-28
2.35524e-27
6.41234e-28
3.57735e-28
-2.54173e-28
-5.83449e-28
-5.0989e-28
-2.14683e-27
-2.45614e-28
-5.72129e-29
-5.79909e-28
9.75875e-29
5.61332e-28
1.07995e-28
1.57118e-28
4.31595e-28
-5.88021e-29
1.27834e-28
4.53161e-28
-1.93838e-28
9.13087e-29
6.71329e-29
-2.02325e-28
2.31507e-29
-1.29031e-28
4.8436e-29
-3.87236e-28
3.17199e-28
1.37709e-29
)
;
    }
    procBoundary2to0
    {
        type            processor;
        value           nonuniform List<scalar> 
192
(
9.27962e-10
-9.10378e-09
-8.61537e-09
-9.0051e-10
-1.19747e-10
-1.97986e-09
-4.95909e-09
-4.27989e-09
2.04106e-09
1.77112e-09
6.77114e-10
-8.73489e-11
2.20514e-09
2.22002e-09
1.76879e-09
1.22109e-09
1.64368e-09
1.69863e-09
1.52222e-09
1.2491e-09
1.12842e-09
1.17173e-09
1.11364e-09
1.00368e-09
7.72218e-10
8.01035e-10
7.87906e-10
7.49403e-10
5.38824e-10
5.58857e-10
5.61268e-10
5.51263e-10
3.83953e-10
3.98686e-10
4.05453e-10
4.05598e-10
2.77701e-10
2.88761e-10
2.95804e-10
2.98886e-10
2.02603e-10
2.10903e-10
2.16913e-10
2.20309e-10
1.48479e-10
1.54667e-10
1.59404e-10
1.62298e-10
1.09034e-10
1.13618e-10
1.1721e-10
1.19458e-10
8.01155e-11
8.34949e-11
8.61631e-11
8.78348e-11
5.88482e-11
6.1329e-11
6.3288e-11
6.45044e-11
4.3177e-11
4.49917e-11
4.64194e-11
4.72933e-11
3.16081e-11
3.29307e-11
3.39656e-11
3.45877e-11
2.30446e-11
2.40044e-11
2.4751e-11
2.51923e-11
1.66766e-11
1.73679e-11
1.79036e-11
1.8217e-11
1.19067e-11
1.2398e-11
1.27776e-11
1.29992e-11
8.30871e-12
8.64971e-12
8.91239e-12
9.06497e-12
5.62163e-12
5.85108e-12
6.0266e-12
6.12676e-12
3.76622e-12
3.91798e-12
4.03204e-12
4.09432e-12
2.7473e-12
2.85676e-12
2.93612e-12
2.97568e-12
3.63276e-08
5.53208e-09
3.37858e-09
3.96094e-10
9.0675e-10
-3.02102e-09
-7.22652e-09
-2.78791e-09
-1.28854e-09
-1.4694e-09
-1.42236e-09
1.02194e-09
1.17746e-10
2.53208e-10
9.27154e-10
1.75972e-09
7.38343e-10
7.70298e-10
1.04408e-09
1.38686e-09
7.53917e-10
7.49925e-10
8.4309e-10
9.96099e-10
6.09146e-10
6.00674e-10
6.37277e-10
7.07826e-10
4.57498e-10
4.51447e-10
4.68665e-10
5.04541e-10
3.36503e-10
3.3277e-10
3.42435e-10
3.63226e-10
2.46119e-10
2.44211e-10
2.5054e-10
2.63927e-10
1.79961e-10
1.79216e-10
1.83755e-10
1.92954e-10
1.31701e-10
1.31608e-10
1.34996e-10
1.41542e-10
9.64591e-11
9.66845e-11
9.92476e-11
1.03988e-10
7.06756e-11
7.10259e-11
7.29672e-11
7.64282e-11
5.17795e-11
5.21503e-11
5.36154e-11
5.61499e-11
3.79069e-11
3.82476e-11
3.93472e-11
4.12037e-11
2.77006e-11
2.79909e-11
2.88106e-11
3.0168e-11
2.0168e-11
2.04034e-11
2.10094e-11
2.19978e-11
1.45802e-11
1.47641e-11
1.5207e-11
1.59212e-11
1.04027e-11
1.05415e-11
1.08599e-11
1.1369e-11
7.25429e-12
7.35579e-12
7.5797e-12
7.93468e-12
4.89867e-12
4.97246e-12
5.12742e-12
5.36881e-12
3.26536e-12
3.32053e-12
3.43135e-12
3.5963e-12
2.36599e-12
2.41261e-12
2.5004e-12
2.62176e-12
)
;
    }
    procBoundary2to3
    {
        type            processor;
        value           nonuniform List<scalar> 
192
(
-1.44372e-09
3.3332e-10
-2.94574e-10
-1.72502e-09
-5.81184e-09
-7.89796e-09
-7.1224e-09
-7.86256e-09
8.26586e-10
-2.73205e-10
-1.78885e-09
-3.08289e-09
2.20341e-09
1.71227e-09
7.96144e-10
-8.40208e-11
1.91689e-09
1.76561e-09
1.39159e-09
9.8076e-10
1.42348e-09
1.36396e-09
1.20329e-09
1.0204e-09
9.81894e-10
9.47164e-10
8.67008e-10
7.78152e-10
6.60058e-10
6.36851e-10
5.9242e-10
5.44467e-10
4.45903e-10
4.30389e-10
4.04207e-10
3.76116e-10
3.06514e-10
2.96293e-10
2.80229e-10
2.62804e-10
2.14627e-10
2.07935e-10
1.97766e-10
1.86509e-10
1.52563e-10
1.48172e-10
1.41564e-10
1.34068e-10
1.09628e-10
1.06724e-10
1.02332e-10
9.72242e-11
7.93456e-11
7.74048e-11
7.44298e-11
7.08895e-11
5.76787e-11
5.63688e-11
5.43234e-11
5.18384e-11
4.20151e-11
4.11238e-11
3.97017e-11
3.79421e-11
3.0603e-11
2.99929e-11
2.89967e-11
2.77444e-11
2.22351e-11
2.18139e-11
2.1113e-11
2.02201e-11
1.60558e-11
1.57622e-11
1.52684e-11
1.46334e-11
1.14475e-11
1.12434e-11
1.08977e-11
1.04503e-11
7.97417e-12
7.83598e-12
7.59884e-12
7.29023e-12
5.36094e-12
5.27187e-12
5.11529e-12
4.90979e-12
3.49855e-12
3.44495e-12
3.34661e-12
3.21528e-12
2.40806e-12
2.37702e-12
2.31404e-12
2.2267e-12
2.91235e-09
5.37618e-09
-1.57897e-08
-1.88424e-08
-4.14805e-09
-3.92288e-09
-4.57833e-09
-1.25712e-09
-3.02068e-09
-3.49545e-09
-3.0945e-09
-2.04239e-09
-4.7994e-10
-7.54303e-10
-5.40666e-10
-1.58913e-11
7.37337e-10
6.23851e-10
7.39396e-10
9.8843e-10
9.0103e-10
8.53736e-10
9.09828e-10
1.02249e-09
7.17452e-10
6.91774e-10
7.14517e-10
7.64957e-10
5.09744e-10
4.91849e-10
4.98746e-10
5.21554e-10
3.54194e-10
3.4053e-10
3.40698e-10
3.51e-10
2.48156e-10
2.37649e-10
2.35326e-10
2.39725e-10
1.76414e-10
1.68431e-10
1.65479e-10
1.67047e-10
1.26983e-10
1.20985e-10
1.18167e-10
1.18405e-10
9.21935e-11
8.7724e-11
8.5306e-11
8.49639e-11
6.72897e-11
6.39781e-11
6.20138e-11
6.14651e-11
4.92491e-11
4.68057e-11
4.52606e-11
4.46856e-11
3.60741e-11
3.42777e-11
3.3088e-11
3.25664e-11
2.63954e-11
2.50797e-11
2.41781e-11
2.37384e-11
1.92476e-11
1.82889e-11
1.76148e-11
1.72611e-11
1.3936e-11
1.3243e-11
1.27464e-11
1.24718e-11
9.95603e-12
9.46211e-12
9.10306e-12
8.89676e-12
6.94766e-12
6.60383e-12
6.35112e-12
6.20164e-12
4.68051e-12
4.44933e-12
4.27743e-12
4.17315e-12
3.06689e-12
2.91602e-12
2.80156e-12
2.73165e-12
2.12592e-12
2.02483e-12
1.94501e-12
1.89598e-12
)
;
    }
}


// ************************************************************************* //
