/*--------------------------------*- C++ -*----------------------------------*\
  =========                 |
  \\      /  F ield         | OpenFOAM: The Open Source CFD Toolbox
   \\    /   O peration     | Website:  https://openfoam.org
    \\  /    A nd           | Version:  6
     \\/     M anipulation  |
\*---------------------------------------------------------------------------*/
FoamFile
{
    version     2.0;
    format      ascii;
    class       volVectorField;
    location    "0.05";
    object      stored_U;
}
// * * * * * * * * * * * * * * * * * * * * * * * * * * * * * * * * * * * * * //

dimensions      [0 1 -1 0 0 0 0];

internalField   nonuniform List<vector> 
1152
(
(0.00251924 -0.000914244 0.00415213)
(0.000915559 -0.000501478 0.00483608)
(0.0019652 0.00189398 0.00170026)
(-0.000766028 0.000533763 0.000846715)
(0.00077905 -0.000954345 0.00286173)
(-0.000101485 -0.000517408 0.00207527)
(-0.000552785 -4.2361e-05 0.00158844)
(-0.000905074 1.75111e-05 0.00289306)
(0.000247167 -0.00416814 0.00219495)
(0.00062973 -0.00380906 0.000698472)
(0.000487721 -0.000217381 0.00138865)
(-0.000973975 0.000934698 0.00270705)
(-0.000464878 -0.00247313 0.000203162)
(0.000783127 -0.00264577 0.00117554)
(0.000381553 0.000203822 0.000440721)
(-0.000556087 0.00137704 0.00257639)
(0.000255296 -0.000323281 0.0198268)
(9.62166e-05 0.000222225 0.0186208)
(-0.000211818 0.000899331 0.0210564)
(-0.00140205 0.00111272 0.0213553)
(0.000775543 0.000626473 0.0246615)
(0.000334439 0.000847628 0.0226428)
(-0.000570282 0.00126753 0.0223094)
(-0.00154029 0.00182122 0.0204521)
(0.000159983 0.000909945 0.0232036)
(-1.97997e-06 0.000797532 0.0244952)
(-0.000901982 0.00161526 0.0226905)
(-0.00170412 0.00266349 0.0200824)
(-0.000348038 0.000225243 0.0192806)
(-0.000680825 0.000648016 0.0192918)
(-0.00148846 0.00144644 0.0186999)
(-0.00207601 0.00221048 0.0163679)
(-8.40912e-05 -0.0009851 0.0109911)
(-5.21916e-05 -0.00073368 0.0107808)
(5.10907e-05 -0.000309409 0.0107596)
(0.000163379 2.96023e-05 0.010294)
(0.000121046 -0.000316604 0.0120905)
(0.000268399 -0.000162534 0.0115625)
(0.000261173 0.00018397 0.0111496)
(0.000274691 0.000518803 0.0104778)
(4.19662e-05 0.000258166 0.0116117)
(0.00026062 0.000486216 0.0116311)
(0.000180192 0.000876202 0.0112132)
(0.000106649 0.00116911 0.0105077)
(0.00021072 0.000137019 0.0106698)
(0.000281707 0.000783475 0.0104353)
(-5.13038e-05 0.00127202 0.0100669)
(-0.000341126 0.00145703 0.00968422)
(0.000118491 -0.000790017 0.0115556)
(0.000234034 -0.000692678 0.0113727)
(0.000399226 -0.000489495 0.011103)
(0.000564541 -0.000280424 0.0106067)
(0.000165055 -0.000455468 0.0120298)
(0.00039525 -0.000399143 0.0117787)
(0.000564966 -0.000246817 0.0113851)
(0.000678794 -0.000112527 0.0107963)
(0.000126502 -9.51586e-05 0.0120062)
(0.000423124 1.43073e-05 0.0118292)
(0.000571443 0.000140971 0.0114364)
(0.000618762 0.000184355 0.0108621)
(0.000231024 -4.26821e-05 0.0118112)
(0.000477541 0.000241742 0.0114815)
(0.000488073 0.000404895 0.0110371)
(0.000408924 0.000398397 0.0105849)
(0.000248823 -0.000519125 0.0113235)
(0.000369009 -0.00047471 0.0111782)
(0.000474168 -0.000383189 0.0109616)
(0.000526514 -0.000277188 0.0106423)
(0.000263533 -0.000384626 0.0115439)
(0.000438792 -0.000356182 0.0113852)
(0.000557163 -0.000294334 0.0111183)
(0.000595812 -0.000237613 0.0107507)
(0.000257596 -0.000231837 0.0115697)
(0.000464093 -0.000181424 0.0114356)
(0.000575669 -0.000137942 0.0111632)
(0.000588043 -0.000129448 0.0108014)
(0.000305484 -0.000190037 0.0115001)
(0.000498308 -7.65636e-05 0.0113235)
(0.000560111 -2.67821e-05 0.0110386)
(0.000523707 -4.01816e-05 0.0107174)
(0.000242304 -0.00033282 0.0110912)
(0.000326729 -0.000309126 0.0109933)
(0.00038091 -0.000265359 0.0108493)
(0.000384918 -0.000212926 0.0106663)
(0.000247695 -0.000275792 0.011201)
(0.000356921 -0.000260913 0.0110973)
(0.000420183 -0.000233788 0.0109333)
(0.000421562 -0.000206577 0.0107285)
(0.00024594 -0.000206837 0.0112368)
(0.000370295 -0.000188443 0.0111406)
(0.000433468 -0.000172413 0.0109737)
(0.000426582 -0.000167306 0.0107675)
(0.000256412 -0.000172 0.0112277)
(0.000381704 -0.000136088 0.011122)
(0.000432858 -0.000123331 0.0109526)
(0.000411092 -0.000129392 0.0107566)
(0.000187779 -0.00021784 0.0109656)
(0.000238212 -0.000204984 0.0109055)
(0.000264631 -0.000182988 0.0108166)
(0.000257865 -0.000156322 0.0107121)
(0.000189379 -0.000190423 0.0110262)
(0.000252043 -0.000183386 0.0109637)
(0.000283891 -0.000170547 0.0108664)
(0.000276988 -0.000156263 0.0107516)
(0.00018686 -0.000154461 0.0110539)
(0.000257644 -0.000149274 0.0109952)
(0.000291293 -0.000143562 0.0108972)
(0.000282241 -0.000139857 0.0107809)
(0.00018583 -0.000126943 0.0110529)
(0.00025933 -0.000117868 0.0109974)
(0.00029135 -0.00011664 0.0109017)
(0.000278687 -0.000119616 0.0107888)
(0.000133939 -0.000146219 0.0108948)
(0.000162961 -0.000139629 0.0108599)
(0.000176112 -0.000128459 0.0108069)
(0.000169476 -0.000114625 0.0107462)
(0.000133782 -0.000131207 0.0109302)
(0.000169395 -0.000128429 0.0108951)
(0.000185806 -0.000122381 0.0108385)
(0.000179704 -0.000114814 0.0107729)
(0.000130962 -0.000109855 0.0109469)
(0.000171187 -0.000109688 0.0109159)
(0.00018946 -0.000108179 0.0108603)
(0.000183256 -0.000106138 0.010794)
(0.000127442 -8.88894e-05 0.0109414)
(0.000169706 -8.86549e-05 0.010918)
(0.000188776 -9.0681e-05 0.0108667)
(0.000182354 -9.29266e-05 0.0108025)
(9.3126e-05 -0.000100279 0.0108521)
(0.000110153 -9.72006e-05 0.0108336)
(0.000117205 -9.15943e-05 0.0108022)
(0.000112706 -8.43068e-05 0.0107662)
(9.21405e-05 -9.1033e-05 0.0108731)
(0.000112981 -9.04245e-05 0.0108556)
(0.000122088 -8.77936e-05 0.0108232)
(0.000118293 -8.38759e-05 0.0107848)
(8.94546e-05 -7.71631e-05 0.0108807)
(0.000113029 -7.87126e-05 0.0108678)
(0.00012363 -7.89523e-05 0.0108374)
(0.000120364 -7.81596e-05 0.0107991)
(8.59469e-05 -6.16027e-05 0.010869)
(0.000110803 -6.39273e-05 0.0108653)
(0.000122503 -6.65966e-05 0.0108399)
(0.000119888 -6.86083e-05 0.0108038)
(6.45097e-05 -6.98595e-05 0.0108253)
(7.49422e-05 -6.8639e-05 0.0108173)
(7.91504e-05 -6.591e-05 0.0107992)
(7.65471e-05 -6.20429e-05 0.0107772)
(6.32097e-05 -6.36486e-05 0.0108375)
(7.59775e-05 -6.4045e-05 0.0108312)
(8.15447e-05 -6.31217e-05 0.0108131)
(7.96194e-05 -6.11872e-05 0.0107902)
(6.08323e-05 -5.41344e-05 0.0108383)
(7.52874e-05 -5.60947e-05 0.0108371)
(8.1971e-05 -5.70004e-05 0.0108216)
(8.06883e-05 -5.69454e-05 0.0107993)
(5.78764e-05 -4.27723e-05 0.0108214)
(7.31129e-05 -4.55082e-05 0.0108299)
(8.07202e-05 -4.80109e-05 0.0108198)
(8.0188e-05 -4.98064e-05 0.0107998)
(4.48548e-05 -4.92089e-05 0.0108078)
(5.15708e-05 -4.89109e-05 0.0108066)
(5.4364e-05 -4.76637e-05 0.0107965)
(5.30458e-05 -4.5618e-05 0.0107829)
(4.35377e-05 -4.48251e-05 0.0108143)
(5.17422e-05 -4.56003e-05 0.0108151)
(5.54631e-05 -4.54911e-05 0.0108058)
(5.47223e-05 -4.46184e-05 0.0107919)
(4.15397e-05 -3.81136e-05 0.0108103)
(5.08171e-05 -3.99692e-05 0.0108164)
(5.53474e-05 -4.10401e-05 0.01081)
(5.51833e-05 -4.13487e-05 0.0107971)
(3.91885e-05 -2.98994e-05 0.0107896)
(4.89423e-05 -3.23442e-05 0.0108055)
(5.41617e-05 -3.44514e-05 0.0108046)
(5.46356e-05 -3.59875e-05 0.0107941)
(3.13757e-05 -3.49403e-05 0.0107959)
(3.58948e-05 -3.50634e-05 0.0107991)
(3.79016e-05 -3.45681e-05 0.0107941)
(3.73559e-05 -3.35041e-05 0.0107856)
(3.01887e-05 -3.17721e-05 0.0107985)
(3.56834e-05 -3.26164e-05 0.010804)
(3.83345e-05 -3.28603e-05 0.0108001)
(3.82495e-05 -3.25414e-05 0.0107917)
(2.85708e-05 -2.69733e-05 0.0107912)
(3.47618e-05 -2.85512e-05 0.0108021)
(3.79909e-05 -2.95675e-05 0.0108012)
(3.837e-05 -3.00146e-05 0.0107941)
(2.67492e-05 -2.10638e-05 0.0107678)
(3.32336e-05 -2.30487e-05 0.0107885)
(3.69549e-05 -2.47376e-05 0.0107931)
(3.78253e-05 -2.60038e-05 0.0107884)
(2.2088e-05 -2.49576e-05 0.0107876)
(2.52343e-05 -2.52438e-05 0.0107937)
(2.67429e-05 -2.51179e-05 0.010792)
(2.66213e-05 -2.45848e-05 0.0107868)
(2.10858e-05 -2.26461e-05 0.0107875)
(2.48844e-05 -2.34222e-05 0.010796)
(2.68445e-05 -2.3788e-05 0.0107956)
(2.70767e-05 -2.37446e-05 0.0107907)
(1.98097e-05 -1.91932e-05 0.0107779)
(2.40669e-05 -2.04654e-05 0.0107919)
(2.64364e-05 -2.13436e-05 0.0107945)
(2.7023e-05 -2.18085e-05 0.010791)
(1.84195e-05 -1.49493e-05 0.0107527)
(2.28594e-05 -1.64908e-05 0.0107764)
(2.55741e-05 -1.78083e-05 0.0107845)
(2.65232e-05 -1.88237e-05 0.0107834)
(1.56442e-05 -1.79082e-05 0.0107816)
(1.78869e-05 -1.82311e-05 0.0107897)
(1.90433e-05 -1.82751e-05 0.0107902)
(1.91311e-05 -1.80269e-05 0.0107871)
(1.48316e-05 -1.62175e-05 0.0107798)
(1.75168e-05 -1.68761e-05 0.0107903)
(1.89914e-05 -1.72531e-05 0.0107921)
(1.93445e-05 -1.73353e-05 0.0107895)
(1.38437e-05 -1.37254e-05 0.0107686)
(1.68346e-05 -1.47204e-05 0.0107845)
(1.85978e-05 -1.54418e-05 0.0107894)
(1.92142e-05 -1.58671e-05 0.0107882)
(1.2793e-05 -1.06776e-05 0.0107421)
(1.58988e-05 -1.18473e-05 0.0107677)
(1.79025e-05 -1.28582e-05 0.010778)
(1.8781e-05 -1.36561e-05 0.0107793)
(1.11393e-05 -1.28933e-05 0.0107773)
(1.27617e-05 -1.31956e-05 0.0107867)
(1.3652e-05 -1.3307e-05 0.0107886)
(1.38255e-05 -1.32086e-05 0.010787)
(1.04979e-05 -1.16572e-05 0.0107742)
(1.24239e-05 -1.21914e-05 0.0107861)
(1.35391e-05 -1.25315e-05 0.0107894)
(1.39089e-05 -1.26603e-05 0.0107883)
(9.74343e-06 -9.85589e-06 0.010762)
(1.18751e-05 -1.06195e-05 0.0107792)
(1.31936e-05 -1.11938e-05 0.0107856)
(1.3756e-05 -1.15573e-05 0.0107859)
(8.95487e-06 -7.66542e-06 0.0107345)
(1.11595e-05 -8.5412e-06 0.0107614)
(1.26453e-05 -9.30807e-06 0.0107732)
(1.33953e-05 -9.92585e-06 0.010776)
(7.96479e-06 -9.30312e-06 0.0107742)
(9.14792e-06 -9.56266e-06 0.0107845)
(9.83085e-06 -9.6905e-06 0.0107874)
(1.00243e-05 -9.66787e-06 0.0107868)
(7.46827e-06 -8.40087e-06 0.0107703)
(8.86152e-06 -8.82178e-06 0.010783)
(9.70385e-06 -9.10838e-06 0.0107873)
(1.00409e-05 -9.24394e-06 0.0107872)
(6.89796e-06 -7.09829e-06 0.0107572)
(8.43082e-06 -7.67665e-06 0.0107753)
(9.41642e-06 -8.12413e-06 0.0107827)
(9.89314e-06 -8.42206e-06 0.0107841)
(6.30949e-06 -5.5226e-06 0.0107292)
(7.88917e-06 -6.17286e-06 0.0107569)
(8.99122e-06 -6.74972e-06 0.0107697)
(9.6017e-06 -7.22232e-06 0.0107734)
(5.70943e-06 -6.71722e-06 0.0107719)
(6.57487e-06 -6.92922e-06 0.0107829)
(7.09464e-06 -7.04983e-06 0.0107865)
(7.27605e-06 -7.06273e-06 0.0107865)
(5.33078e-06 -6.06048e-06 0.0107674)
(6.34259e-06 -6.38534e-06 0.0107808)
(6.97557e-06 -6.61695e-06 0.0107857)
(7.2611e-06 -6.74071e-06 0.0107864)
(4.90353e-06 -5.11916e-06 0.0107538)
(6.01077e-06 -5.55278e-06 0.0107725)
(6.7448e-06 -5.89584e-06 0.0107806)
(7.13094e-06 -6.13283e-06 0.0107826)
(4.46681e-06 -3.98558e-06 0.0107253)
(5.60433e-06 -4.46533e-06 0.0107536)
(6.41962e-06 -4.89605e-06 0.010767)
(6.90089e-06 -5.25383e-06 0.0107715)
(4.09302e-06 -4.84257e-06 0.0107703)
(4.72523e-06 -5.00988e-06 0.0107817)
(5.11677e-06 -5.11359e-06 0.0107857)
(5.27237e-06 -5.14042e-06 0.0107863)
(3.80808e-06 -4.36659e-06 0.0107653)
(4.54263e-06 -4.61313e-06 0.0107791)
(5.01457e-06 -4.79481e-06 0.0107845)
(5.24527e-06 -4.89964e-06 0.0107857)
(3.49088e-06 -3.68804e-06 0.0107513)
(4.29099e-06 -4.01003e-06 0.0107705)
(4.83417e-06 -4.2693e-06 0.010779)
(5.137e-06 -4.45345e-06 0.0107815)
(3.16891e-06 -2.87387e-06 0.0107226)
(3.98874e-06 -3.22554e-06 0.0107512)
(4.58871e-06 -3.5446e-06 0.0107651)
(4.95905e-06 -3.81262e-06 0.01077)
(2.92269e-06 -3.4726e-06 0.0107691)
(3.38163e-06 -3.60096e-06 0.0107808)
(3.67271e-06 -3.68505e-06 0.0107852)
(3.79828e-06 -3.71445e-06 0.0107861)
(2.71133e-06 -3.1302e-06 0.0107638)
(3.24176e-06 -3.31417e-06 0.0107779)
(3.58969e-06 -3.45314e-06 0.0107837)
(3.76933e-06 -3.53767e-06 0.0107852)
(2.47848e-06 -2.64396e-06 0.0107496)
(3.05401e-06 -2.8803e-06 0.010769)
(3.45197e-06 -3.07328e-06 0.0107778)
(3.68307e-06 -3.21334e-06 0.0107807)
(2.24337e-06 -2.06222e-06 0.0107206)
(2.83181e-06 -2.3177e-06 0.0107495)
(3.26938e-06 -2.55158e-06 0.0107637)
(3.54819e-06 -2.74984e-06 0.0107689)
(2.06448e-06 -2.46072e-06 0.0107682)
(2.39311e-06 -2.55639e-06 0.0107802)
(2.60542e-06 -2.62147e-06 0.0107848)
(2.70193e-06 -2.64793e-06 0.0107859)
(1.91071e-06 -2.21772e-06 0.0107627)
(2.28889e-06 -2.35214e-06 0.010777)
(2.54095e-06 -2.4556e-06 0.010783)
(2.67604e-06 -2.52096e-06 0.0107848)
(1.74265e-06 -1.87359e-06 0.0107483)
(2.15168e-06 -2.04414e-06 0.0107679)
(2.43854e-06 -2.18494e-06 0.010777)
(2.60996e-06 -2.28886e-06 0.0107801)
(1.57362e-06 -1.46277e-06 0.0107192)
(1.99111e-06 -1.64564e-06 0.0107483)
(2.30535e-06 -1.8143e-06 0.0107626)
(2.51019e-06 -1.95834e-06 0.0107681)
(1.426e-06 -1.70469e-06 0.0107676)
(1.65533e-06 -1.77353e-06 0.0107797)
(1.80557e-06 -1.82162e-06 0.0107845)
(1.87643e-06 -1.84304e-06 0.0107858)
(1.31738e-06 -1.53641e-06 0.010762)
(1.5804e-06 -1.63169e-06 0.0107764)
(1.75784e-06 -1.70604e-06 0.0107826)
(1.85545e-06 -1.75431e-06 0.0107845)
(1.19937e-06 -1.29854e-06 0.0107474)
(1.48313e-06 -1.41828e-06 0.0107671)
(1.68429e-06 -1.51798e-06 0.0107764)
(1.80695e-06 -1.59252e-06 0.0107797)
(1.08105e-06 -1.01501e-06 0.0107182)
(1.37027e-06 -1.14258e-06 0.0107474)
(1.59e-06 -1.26095e-06 0.0107619)
(1.73557e-06 -1.36263e-06 0.0107676)
(9.4851e-07 -1.14364e-06 0.0107672)
(1.102e-06 -1.19128e-06 0.0107794)
(1.20357e-06 -1.22522e-06 0.0107843)
(1.25293e-06 -1.24141e-06 0.0107857)
(8.74822e-07 -1.03133e-06 0.0107615)
(1.05037e-06 -1.09632e-06 0.010776)
(1.16998e-06 -1.14753e-06 0.0107823)
(1.23711e-06 -1.18139e-06 0.0107843)
(7.95065e-07 -8.72632e-07 0.0107468)
(9.84107e-07 -9.53611e-07 0.0107666)
(1.11942e-06 -1.02142e-06 0.010776)
(1.20322e-06 -1.07254e-06 0.0107794)
(7.1521e-07 -6.83527e-07 0.0107175)
(9.07784e-07 -7.6945e-07 0.0107468)
(1.05537e-06 -8.493e-07 0.0107614)
(1.15436e-06 -9.18101e-07 0.0107672)
(6.0925e-07 -7.70849e-07 0.010767)
(7.08035e-07 -8.03869e-07 0.0107792)
(7.73994e-07 -8.27695e-07 0.0107841)
(8.06829e-07 -8.39753e-07 0.0107856)
(5.60421e-07 -6.97851e-07 0.0107611)
(6.72977e-07 -7.41511e-07 0.0107757)
(7.50769e-07 -7.76091e-07 0.0107821)
(7.95319e-07 -7.9922e-07 0.0107841)
(5.08118e-07 -5.94265e-07 0.0107464)
(6.28977e-07 -6.47348e-07 0.0107663)
(7.16942e-07 -6.92075e-07 0.0107757)
(7.72437e-07 -7.26016e-07 0.0107792)
(4.5649e-07 -4.70293e-07 0.0107171)
(5.79207e-07 -5.25868e-07 0.0107464)
(6.74867e-07 -5.77608e-07 0.0107611)
(7.40175e-07 -6.22293e-07 0.0107669)
(4.28159e-07 -6.24141e-07 0.0107668)
(4.97251e-07 -6.52762e-07 0.010779)
(5.44706e-07 -6.73206e-07 0.010784)
(5.69144e-07 -6.8385e-07 0.0107856)
(3.89114e-07 -5.6755e-07 0.0107609)
(4.68103e-07 -6.045e-07 0.0107755)
(5.25379e-07 -6.329e-07 0.0107819)
(5.59585e-07 -6.51526e-07 0.010784)
(3.45136e-07 -4.85155e-07 0.0107461)
(4.31751e-07 -5.29983e-07 0.010766)
(4.98261e-07 -5.66281e-07 0.0107755)
(5.41916e-07 -5.92844e-07 0.010779)
(2.99022e-07 -3.84834e-07 0.0107167)
(3.89861e-07 -4.33873e-07 0.0107461)
(4.64488e-07 -4.7634e-07 0.0107608)
(5.17344e-07 -5.10417e-07 0.0107667)
(0.000653328 0.00138209 0.000696431)
(0.00102031 -0.00174215 0.000718522)
(0.00172191 0.00498338 0.00500408)
(-0.00129167 0.00561264 0.00822963)
(-0.00172873 0.00225986 0.00643924)
(0.000775306 -0.00145295 0.000704526)
(0.00761545 2.81966e-05 -0.00091783)
(-0.00396489 0.00568076 0.00855559)
(-0.0024356 -0.00175785 0.0112302)
(-0.00384041 -0.00238364 0.00996306)
(0.00233608 0.00725642 0.00572882)
(0.000351974 0.0156304 0.00508228)
(-0.00506574 -0.00580858 0.0117366)
(-0.00681593 -0.00953337 0.0082578)
(-0.00266455 0.000978472 0.0118546)
(0.000624593 0.00623525 0.00837526)
(-1.77794e-06 -0.00117162 0.0186549)
(-0.00110115 7.63304e-05 0.0165851)
(-0.00229565 0.00197244 0.013641)
(-0.00287622 0.00237102 0.0126822)
(9.56768e-05 -0.00210228 0.0166528)
(-0.00100301 -0.000958377 0.0137036)
(-0.00220539 0.00134558 0.00958252)
(-0.00378474 0.0026155 0.0111956)
(-0.000732346 -0.00234038 0.0166792)
(-0.00285822 -0.00169822 0.0141449)
(-0.00238106 0.000406309 0.0125062)
(-0.00203291 0.00272396 0.012038)
(-0.001736 -0.00195752 0.017519)
(-0.00532607 -0.00273437 0.0157836)
(-0.00366147 -0.00101233 0.0157773)
(-0.000397507 0.000600098 0.0144722)
(0.000517912 -0.000168513 0.0108396)
(0.000352194 0.000631846 0.00992075)
(-0.000329925 0.00125201 0.00926389)
(-0.000823767 0.00139949 0.00924971)
(0.00047191 -0.000568341 0.0114709)
(0.000365806 8.11409e-05 0.0100926)
(-0.000413819 0.000694289 0.00896786)
(-0.00105075 0.00104107 0.00927509)
(0.000150622 -0.00079297 0.012336)
(-0.000129132 -0.00043065 0.0110813)
(-0.000454764 -5.03139e-05 0.0106565)
(-0.000471058 0.000491222 0.0100003)
(-0.000292996 -0.000614223 0.012845)
(-0.000797022 -0.00055846 0.0113459)
(-0.000708374 -0.000317244 0.0120125)
(0.000218228 5.09276e-05 0.0109606)
(0.000418465 -0.000154079 0.0119135)
(0.000538814 0.000150973 0.0113383)
(0.000409154 0.000328363 0.0107593)
(0.000228988 0.000349221 0.0103582)
(0.000367132 -0.00031105 0.0121616)
(0.000539542 -3.66667e-05 0.0115012)
(0.00040233 6.28286e-05 0.0108418)
(0.000209944 0.000153229 0.0103927)
(0.000200306 -0.000332082 0.0124391)
(0.000369243 -0.000109419 0.011851)
(0.000379205 -0.000119325 0.0114202)
(0.000435296 3.9035e-06 0.0107202)
(-1.75434e-05 -0.000204797 0.0126227)
(0.000152315 -2.09776e-05 0.0120235)
(0.000294345 -2.68204e-05 0.0118979)
(0.000706146 1.83112e-05 0.0110583)
(0.000373859 -0.000186955 0.0115145)
(0.000525243 -8.36697e-05 0.0112784)
(0.000547477 -4.78567e-05 0.0109586)
(0.000476503 -4.95144e-05 0.0106364)
(0.000308634 -0.000210966 0.0115885)
(0.000498934 -0.000100982 0.0113601)
(0.000545255 -0.000108277 0.0110418)
(0.00048993 -9.75298e-05 0.0106709)
(0.000197407 -0.000177675 0.0116466)
(0.000403262 -5.62644e-05 0.0114618)
(0.000518953 -9.65781e-05 0.0112524)
(0.000575365 -8.96788e-05 0.0107965)
(6.03445e-05 -7.92116e-05 0.0116443)
(0.000287618 5.86192e-05 0.0114663)
(0.000467651 4.32639e-05 0.0113723)
(0.000673853 8.38086e-06 0.0108648)
(0.00027315 -0.000138491 0.011235)
(0.000383947 -0.00011462 0.0111207)
(0.000431516 -0.000115055 0.0109449)
(0.000401888 -0.000119752 0.0107402)
(0.000216423 -0.00012398 0.0112508)
(0.000351157 -8.58514e-05 0.0111517)
(0.000423719 -0.00010509 0.0109874)
(0.000411978 -0.000113657 0.0107547)
(0.000140383 -8.69214e-05 0.0112389)
(0.000288218 -3.0113e-05 0.0111593)
(0.000398009 -5.6617e-05 0.0110417)
(0.00043971 -7.51064e-05 0.0107766)
(5.65318e-05 -2.67822e-05 0.0111819)
(0.000217707 5.244e-05 0.0111025)
(0.000362317 4.53155e-05 0.0110285)
(0.000470591 5.23689e-06 0.010738)
(0.000186777 -9.35609e-05 0.0110441)
(0.000254337 -9.27569e-05 0.0109955)
(0.000289218 -0.000100124 0.0109036)
(0.000276826 -0.000104561 0.0107861)
(0.000147035 -7.35544e-05 0.0110272)
(0.000228878 -5.99864e-05 0.0109911)
(0.000280464 -7.47482e-05 0.0109086)
(0.000280132 -8.51317e-05 0.0107779)
(9.82965e-05 -4.42214e-05 0.0109798)
(0.000189285 -1.63212e-05 0.0109536)
(0.000262096 -3.1785e-05 0.0108913)
(0.000287392 -4.97092e-05 0.0107465)
(4.69398e-05 -5.62994e-06 0.0108908)
(0.00014682 3.80245e-05 0.0108631)
(0.000239787 3.35029e-05 0.0108169)
(0.000297469 3.55733e-06 0.01066)
(0.000124475 -6.231e-05 0.0109203)
(0.000164009 -6.73867e-05 0.0109074)
(0.00018607 -7.44565e-05 0.0108627)
(0.000181346 -7.84527e-05 0.0107977)
(9.81335e-05 -4.49192e-05 0.0108862)
(0.00014647 -4.05851e-05 0.010882)
(0.000178562 -5.06007e-05 0.0108446)
(0.000181188 -5.91172e-05 0.0107743)
(6.70768e-05 -2.34402e-05 0.010822)
(0.00012175 -9.55028e-06 0.0108223)
(0.000166008 -1.886e-05 0.0107941)
(0.00018174 -3.22676e-05 0.0107181)
(3.5234e-05 1.72409e-06 0.0107182)
(9.59691e-05 2.58383e-05 0.0107143)
(0.000152245 2.23854e-05 0.010691)
(0.00018461 2.04972e-06 0.0106085)
(8.25902e-05 -4.19925e-05 0.0108395)
(0.000106015 -4.7678e-05 0.0108468)
(0.00011983 -5.3244e-05 0.0108287)
(0.000118782 -5.66415e-05 0.0107939)
(6.52585e-05 -2.86431e-05 0.0107955)
(9.42372e-05 -2.77089e-05 0.0108091)
(0.000113943 -3.4419e-05 0.0107973)
(0.000117325 -4.08821e-05 0.0107613)
(4.52723e-05 -1.34118e-05 0.0107224)
(7.85889e-05 -6.20472e-06 0.0107379)
(0.000105399 -1.20427e-05 0.010731)
(0.00011588 -2.15402e-05 0.0106931)
(2.51052e-05 3.3305e-06 0.0106107)
(6.25916e-05 1.71418e-05 0.0106205)
(9.6728e-05 1.45064e-05 0.0106138)
(0.000116283 9.83716e-07 0.0105722)
(5.50165e-05 -2.87548e-05 0.0107864)
(6.93903e-05 -3.36207e-05 0.0108056)
(7.8367e-05 -3.77846e-05 0.0108029)
(7.90245e-05 -4.05499e-05 0.0107853)
(4.34728e-05 -1.89916e-05 0.0107367)
(6.14025e-05 -1.92452e-05 0.0107607)
(7.38881e-05 -2.38035e-05 0.0107636)
(7.72891e-05 -2.85881e-05 0.010747)
(3.03709e-05 -8.32568e-06 0.0106585)
(5.12295e-05 -4.40546e-06 0.0106831)
(6.79804e-05 -8.18381e-06 0.0106893)
(7.54708e-05 -1.48256e-05 0.0106726)
(1.73105e-05 2.96688e-06 0.0105422)
(4.10096e-05 1.12395e-05 0.0105604)
(6.23302e-05 9.34304e-06 0.0105649)
(7.50785e-05 3.53861e-07 0.0105457)
(3.69473e-05 -1.99969e-05 0.010751)
(4.61233e-05 -2.37998e-05 0.0107773)
(5.22111e-05 -2.68658e-05 0.0107836)
(5.35389e-05 -2.90477e-05 0.0107761)
(2.91278e-05 -1.29951e-05 0.0106977)
(4.06079e-05 -1.35726e-05 0.0107279)
(4.8841e-05 -1.6721e-05 0.0107397)
(5.19304e-05 -2.02265e-05 0.0107342)
(2.03717e-05 -5.55117e-06 0.0106165)
(3.3812e-05 -3.29793e-06 0.0106466)
(4.46835e-05 -5.79977e-06 0.010661)
(5.02666e-05 -1.04386e-05 0.0106563)
(1.17332e-05 2.1577e-06 0.0104974)
(2.70951e-05 7.34339e-06 0.0105207)
(4.08811e-05 6.04151e-06 0.0105327)
(4.9677e-05 2.4485e-08 0.0105262)
(2.50494e-05 -1.40864e-05 0.0107269)
(3.11202e-05 -1.69436e-05 0.0107575)
(3.53931e-05 -1.919e-05 0.0107693)
(3.6866e-05 -2.0876e-05 0.0107679)
(1.96663e-05 -9.09951e-06 0.0106714)
(2.72477e-05 -9.68375e-06 0.0107054)
(3.28702e-05 -1.18877e-05 0.0107225)
(3.55118e-05 -1.44439e-05 0.0107237)
(1.37105e-05 -3.89619e-06 0.0105883)
(2.26014e-05 -2.52594e-06 0.0106219)
(2.99034e-05 -4.20989e-06 0.0106414)
(3.41388e-05 -7.45917e-06 0.0106437)
(7.89003e-06 1.42063e-06 0.0104675)
(1.8078e-05 4.80558e-06 0.010494)
(2.72785e-05 3.94026e-06 0.0105108)
(3.35642e-05 -1.25101e-07 0.0105117)
(1.71492e-05 -1.00244e-05 0.0107103)
(2.12825e-05 -1.21311e-05 0.0107436)
(2.4351e-05 -1.37746e-05 0.0107588)
(2.57235e-05 -1.50598e-05 0.0107611)
(1.33922e-05 -6.4762e-06 0.0106533)
(1.85282e-05 -6.96779e-06 0.0106897)
(2.24688e-05 -8.52603e-06 0.0107102)
(2.46363e-05 -1.03867e-05 0.0107154)
(9.27997e-06 -2.82474e-06 0.010569)
(1.52938e-05 -1.94658e-06 0.0106048)
(2.03314e-05 -3.09408e-06 0.0106275)
(2.35548e-05 -5.38015e-06 0.0106341)
(5.29578e-06 8.76142e-07 0.0104472)
(1.21873e-05 3.16043e-06 0.0104757)
(1.84856e-05 2.59708e-06 0.0104955)
(2.30626e-05 -1.77098e-07 0.0105009)
(1.18506e-05 -7.18922e-06 0.0106986)
(1.47258e-05 -8.72835e-06 0.0107337)
(1.69591e-05 -9.93071e-06 0.010751)
(1.81353e-05 -1.09015e-05 0.0107557)
(9.19962e-06 -4.66037e-06 0.0106408)
(1.27487e-05 -5.04378e-06 0.0106787)
(1.55589e-05 -6.15365e-06 0.0107012)
(1.7286e-05 -7.50779e-06 0.0107089)
(6.325e-06 -2.0854e-06 0.0105557)
(1.04666e-05 -1.49759e-06 0.0105929)
(1.40095e-05 -2.2872e-06 0.0106176)
(1.6455e-05 -3.90369e-06 0.0106269)
(3.56152e-06 5.11615e-07 0.0104332)
(8.30031e-06 2.09295e-06 0.010463)
(1.26948e-05 1.7309e-06 0.0104848)
(1.60573e-05 -1.80574e-07 0.0104928)
(8.25847e-06 -5.18472e-06 0.0106904)
(1.02892e-05 -6.30441e-06 0.0107266)
(1.19258e-05 -7.18415e-06 0.0107453)
(1.28858e-05 -7.91253e-06 0.0107516)
(6.37213e-06 -3.37762e-06 0.0106319)
(8.8612e-06 -3.66575e-06 0.0106709)
(1.0887e-05 -4.46056e-06 0.0106947)
(1.22338e-05 -5.44645e-06 0.0107041)
(4.34292e-06 -1.55291e-06 0.0105464)
(7.23535e-06 -1.14641e-06 0.0105845)
(9.75955e-06 -1.69417e-06 0.0106105)
(1.16047e-05 -2.84276e-06 0.0106215)
(2.40551e-06 2.82084e-07 0.0104234)
(5.7071e-06 1.39706e-06 0.010454)
(8.81507e-06 1.16614e-06 0.0104771)
(1.12934e-05 -1.62557e-07 0.0104869)
(5.79634e-06 -3.7524e-06 0.0106846)
(7.24515e-06 -4.56525e-06 0.0107215)
(8.44742e-06 -5.20876e-06 0.0107411)
(9.20642e-06 -5.75236e-06 0.0107484)
(4.44604e-06 -2.45782e-06 0.0106257)
(6.20994e-06 -2.67013e-06 0.0106652)
(7.67891e-06 -3.24145e-06 0.01069)
(8.71209e-06 -3.95941e-06 0.0107004)
(3.0031e-06 -1.15937e-06 0.0105398)
(5.04398e-06 -8.71936e-07 0.0105785)
(6.85704e-06 -1.25447e-06 0.0106054)
(8.24055e-06 -2.07393e-06 0.0106174)
(1.63362e-06 1.44281e-07 0.0104165)
(3.95686e-06 9.40127e-07 0.0104477)
(6.17489e-06 7.934e-07 0.0104716)
(8.00173e-06 -1.37093e-07 0.0104825)
(4.08985e-06 -2.71959e-06 0.0106804)
(5.12939e-06 -3.30871e-06 0.0107178)
(6.01196e-06 -3.77883e-06 0.010738)
(6.59856e-06 -4.1824e-06 0.010746)
(3.11989e-06 -1.79079e-06 0.0106213)
(4.37795e-06 -1.94549e-06 0.0106612)
(5.44546e-06 -2.35694e-06 0.0106865)
(6.2275e-06 -2.87946e-06 0.0106976)
(2.08899e-06 -8.64265e-07 0.0105352)
(3.53873e-06 -6.58275e-07 0.0105742)
(4.84637e-06 -9.26781e-07 0.0106016)
(5.87687e-06 -1.51298e-06 0.0106144)
(1.11552e-06 6.52444e-08 0.0104116)
(2.76137e-06 6.3736e-07 0.0104431)
(4.35249e-06 5.44242e-07 0.0104676)
(5.69626e-06 -1.11017e-07 0.0104792)
(2.89329e-06 -1.9685e-06 0.0106774)
(3.64028e-06 -2.39429e-06 0.0107151)
(4.28579e-06 -2.73664e-06 0.0107358)
(4.73086e-06 -3.03433e-06 0.0107442)
(2.19622e-06 -1.30253e-06 0.0106181)
(3.09565e-06 -1.41436e-06 0.0106583)
(3.87034e-06 -1.71052e-06 0.010684)
(4.45502e-06 -2.08981e-06 0.0106956)
(1.45855e-06 -6.41096e-07 0.0105318)
(2.49135e-06 -4.92605e-07 0.0105711)
(3.43475e-06 -6.81582e-07 0.0105989)
(4.1964e-06 -1.10106e-06 0.0106122)
(7.64939e-07 2.22962e-08 0.0104081)
(1.93454e-06 4.34529e-07 0.0104399)
(3.07743e-06 3.75425e-07 0.0104648)
(4.06149e-06 -8.73171e-08 0.0104769)
(2.04345e-06 -1.41728e-06 0.0106753)
(2.57831e-06 -1.72319e-06 0.0107132)
(3.0468e-06 -1.97082e-06 0.0107342)
(3.37851e-06 -2.18836e-06 0.0107429)
(1.54447e-06 -9.41825e-07 0.0106158)
(2.18578e-06 -1.02201e-06 0.0106562)
(2.74471e-06 -1.23423e-06 0.0106822)
(3.17588e-06 -1.50785e-06 0.0106941)
(1.01817e-06 -4.71272e-07 0.0105295)
(1.75243e-06 -3.64403e-07 0.0105689)
(2.43002e-06 -4.97255e-07 0.010597)
(2.98709e-06 -7.96335e-07 0.0106106)
(5.2503e-07 7.24163e-10 0.0104056)
(1.35474e-06 2.96808e-07 0.0104376)
(2.17278e-06 2.59298e-07 0.0104627)
(2.88768e-06 -6.70148e-08 0.0104751)
(1.43069e-06 -1.00828e-06 0.0106738)
(1.80942e-06 -1.22539e-06 0.0107119)
(2.14459e-06 -1.40213e-06 0.010733)
(2.38651e-06 -1.55864e-06 0.010742)
(1.07743e-06 -6.72543e-07 0.0106142)
(1.53006e-06 -7.29328e-07 0.0106547)
(1.92815e-06 -8.79703e-07 0.0106809)
(2.24022e-06 -1.07459e-06 0.0106931)
(7.05733e-07 -3.41179e-07 0.0105278)
(1.22277e-06 -2.6513e-07 0.0105673)
(1.70377e-06 -3.57804e-07 0.0105956)
(2.10461e-06 -5.68816e-07 0.0106094)
(3.58379e-07 -8.64806e-09 0.0104039)
(9.41556e-07 2.01656e-07 0.0104359)
(1.52073e-06 1.77929e-07 0.0104612)
(2.03266e-06 -5.02024e-08 0.0104739)
(9.8129e-07 -7.01752e-07 0.0106727)
(1.24339e-06 -8.5218e-07 0.0107109)
(1.47707e-06 -9.75254e-07 0.0107321)
(1.64808e-06 -1.08491e-06 0.0107413)
(7.36887e-07 -4.69807e-07 0.0106131)
(1.04933e-06 -5.09092e-07 0.0106537)
(1.32595e-06 -6.13249e-07 0.01068)
(1.54535e-06 -7.48726e-07 0.0106923)
(4.8014e-07 -2.41288e-07 0.0105266)
(8.36375e-07 -1.88469e-07 0.0105662)
(1.1698e-06 -2.51887e-07 0.0105946)
(1.45048e-06 -3.97486e-07 0.0106086)
(2.40497e-07 -1.15908e-08 0.0104027)
(6.41672e-07 1.34335e-07 0.0104348)
(1.04239e-06 1.19494e-07 0.0104602)
(1.39968e-06 -3.6718e-08 0.010473)
(6.47362e-07 -4.74959e-07 0.010672)
(8.22351e-07 -5.75263e-07 0.0107102)
(9.79127e-07 -6.57707e-07 0.0107316)
(1.09503e-06 -7.31504e-07 0.0107408)
(4.84587e-07 -3.19772e-07 0.0106123)
(6.92518e-07 -3.46151e-07 0.010653)
(8.77634e-07 -4.15544e-07 0.0106794)
(1.02573e-06 -5.06011e-07 0.0106918)
(3.13749e-07 -1.66811e-07 0.0105258)
(5.50278e-07 -1.31878e-07 0.0105655)
(7.72953e-07 -1.73705e-07 0.0105939)
(9.61818e-07 -2.70315e-07 0.010608)
(1.5426e-07 -1.27889e-08 0.0104018)
(4.1979e-07 8.45039e-08 0.010434)
(6.86895e-07 7.5812e-08 0.0104594)
(9.26781e-07 -2.69552e-08 0.0104724)
(4.08393e-07 -3.32283e-07 0.0106715)
(5.23354e-07 -3.94804e-07 0.0107098)
(6.25017e-07 -4.48152e-07 0.0107312)
(7.01246e-07 -4.96338e-07 0.0107405)
(3.03815e-07 -2.28341e-07 0.0106118)
(4.39092e-07 -2.43604e-07 0.0106525)
(5.58774e-07 -2.87797e-07 0.0106789)
(6.55798e-07 -3.45775e-07 0.0106914)
(1.94661e-07 -1.26107e-07 0.0105253)
(3.4724e-07 -1.0187e-07 0.010565)
(4.90562e-07 -1.27473e-07 0.0105935)
(6.13716e-07 -1.88437e-07 0.0106077)
(9.04949e-08 -2.0585e-08 0.0104013)
(2.60963e-07 4.42263e-08 0.0104335)
(4.32743e-07 4.06685e-08 0.010459)
(5.88827e-07 -2.33076e-08 0.010472)
(2.54011e-07 -2.84117e-07 0.0106711)
(3.41823e-07 -3.31913e-07 0.0107095)
(4.233e-07 -3.73091e-07 0.0107309)
(4.87354e-07 -4.09433e-07 0.0107403)
(1.7954e-07 -2.04389e-07 0.0106114)
(2.77391e-07 -2.18159e-07 0.0106521)
(3.72494e-07 -2.4815e-07 0.0106786)
(4.53462e-07 -2.88091e-07 0.0106911)
(1.01184e-07 -1.20691e-07 0.0105249)
(2.07948e-07 -1.02186e-07 0.0105646)
(3.19867e-07 -1.14609e-07 0.0105931)
(4.20856e-07 -1.54704e-07 0.0106073)
(2.92658e-08 -4.00097e-08 0.0104008)
(1.44609e-07 1.004e-08 0.010433)
(2.74217e-07 1.65312e-08 0.0104586)
(3.97429e-07 -2.26038e-08 0.0104716)
(0.00137147 0.000342066 0.00408726)
(0.00193496 0.00129636 0.00116074)
(0.00491661 0.00874955 0.00064251)
(0.00245818 0.00127047 0.00169322)
(0.0032209 -0.00411696 0.00131302)
(0.00211939 -0.00429826 0.00193728)
(0.00159637 0.00874573 0.00638811)
(0.00557309 -0.00694247 0.000119861)
(-0.00324047 -0.00394814 0.00310059)
(-0.00119154 -0.00101188 0.00241611)
(-0.000310144 0.00039188 0.00121167)
(0.00405516 -0.00443297 -0.000113933)
(-0.001074 -0.000924416 0.0111799)
(-0.000616235 9.42372e-05 0.00953025)
(-0.00182524 0.00228375 0.0044866)
(0.00107007 0.000880914 -0.000296444)
(-0.000301207 -0.000277538 0.0118711)
(-0.000661725 0.00054232 0.0147419)
(2.92601e-05 0.00126218 0.0302486)
(0.000705745 0.00010063 0.026578)
(6.38207e-05 0.000243783 0.0169742)
(1.7861e-05 0.000351448 0.018772)
(0.00069234 0.00206894 0.0218359)
(0.00186445 0.00082158 0.0276694)
(-0.00120722 -0.00203953 0.0161254)
(-0.000256585 -0.000899059 0.0154977)
(0.000769914 0.000737008 0.0161589)
(0.00123014 0.00115329 0.0193967)
(-0.00150006 -0.00236621 0.015153)
(-0.000401262 -0.00221431 0.0149471)
(0.000417899 -0.00128521 0.0151707)
(0.00054324 -0.000247239 0.0177905)
(-0.000361569 -0.00110607 0.00933611)
(-0.000789512 -0.000719741 0.0100008)
(-0.000776209 -0.000575597 0.0119269)
(-0.000289875 -0.000835047 0.0117131)
(-0.000220614 -0.000602644 0.0101034)
(-0.000408224 -0.000369998 0.0105269)
(-0.000448585 1.39546e-05 0.0114676)
(-1.59382e-05 -0.000119549 0.0122141)
(-0.000456967 -0.001041 0.00983708)
(-0.000274532 -0.00073017 0.00985205)
(-0.000256058 -0.000134888 0.0100757)
(-2.74605e-05 0.000176641 0.0106896)
(-0.00078634 -0.00118349 0.0112878)
(-0.000434478 -0.00110681 0.0110609)
(-0.000191452 -0.000748822 0.0106513)
(5.76947e-05 -0.000298456 0.0105054)
(-0.000204979 -0.000826797 0.0107966)
(-0.000404487 -0.000683729 0.0110753)
(-0.000339988 -0.000638843 0.0115379)
(-6.5339e-05 -0.000721339 0.0116737)
(-0.000186925 -0.000434396 0.0111096)
(-0.000274965 -0.000343627 0.0112984)
(-0.000250186 -0.000256314 0.0117017)
(-3.27586e-05 -0.00033103 0.0119944)
(-0.000260289 -0.000487509 0.0111636)
(-0.000190696 -0.000379245 0.0112485)
(-0.000131137 -0.000213523 0.0114829)
(9.23002e-06 -0.000107734 0.0117882)
(-0.000386086 -0.00055587 0.0118157)
(-0.000199757 -0.000523781 0.011816)
(-4.07266e-05 -0.00042162 0.0117911)
(9.21345e-05 -0.000258393 0.0117949)
(-7.4795e-05 -0.000524765 0.0108962)
(-0.000104369 -0.000477585 0.0111115)
(-3.74851e-05 -0.000467649 0.0113246)
(0.000111505 -0.000497743 0.0113895)
(-9.81408e-05 -0.000311061 0.0110061)
(-8.84179e-05 -0.000291912 0.0112066)
(-2.92208e-05 -0.000292654 0.0114175)
(0.000113399 -0.000339268 0.0115474)
(-0.000140252 -0.000306391 0.0110225)
(-6.41788e-05 -0.00028105 0.0111822)
(1.37046e-05 -0.000249965 0.0113466)
(0.0001383 -0.000234581 0.0114927)
(-0.00017145 -0.000292336 0.0112638)
(-4.19768e-05 -0.000304831 0.0113575)
(6.94949e-05 -0.000294543 0.0114149)
(0.000178146 -0.000261725 0.0114581)
(-2.4377e-05 -0.000331394 0.010822)
(-3.77519e-07 -0.000316504 0.0109813)
(5.7721e-05 -0.000317871 0.0110963)
(0.00014905 -0.000329808 0.0111304)
(-5.00014e-05 -0.000211772 0.0108846)
(-1.0035e-05 -0.000214433 0.0110426)
(5.20879e-05 -0.00023173 0.0111622)
(0.000149866 -0.000259725 0.0112194)
(-7.06679e-05 -0.000180406 0.0109158)
(-5.38203e-06 -0.000182769 0.011053)
(6.48562e-05 -0.000190159 0.011158)
(0.000159921 -0.000202077 0.0112237)
(-7.08664e-05 -0.00014152 0.0110189)
(1.11172e-05 -0.000161333 0.0111176)
(8.73971e-05 -0.000178511 0.0111795)
(0.0001663 -0.000188406 0.0112137)
(-7.10272e-06 -0.000214683 0.0107343)
(2.55261e-05 -0.000209708 0.0108728)
(7.10208e-05 -0.000212936 0.0109568)
(0.00012989 -0.000218614 0.0109853)
(-2.74195e-05 -0.000146884 0.0107756)
(1.43072e-05 -0.000152481 0.010914)
(6.49441e-05 -0.000166821 0.011002)
(0.000130161 -0.0001834 0.0110385)
(-3.63991e-05 -0.00011126 0.0107953)
(1.52154e-05 -0.000119895 0.0109231)
(6.84266e-05 -0.000133608 0.0110074)
(0.000133118 -0.000148386 0.0110508)
(-2.63345e-05 -7.09177e-05 0.0108257)
(2.73047e-05 -8.95159e-05 0.0109329)
(7.72606e-05 -0.000109522 0.0110013)
(0.000129471 -0.00012709 0.0110387)
(-1.11768e-06 -0.000142042 0.0106628)
(2.76195e-05 -0.00014019 0.0107952)
(6.09362e-05 -0.000143181 0.0108713)
(9.90361e-05 -0.000146765 0.0109013)
(-1.57879e-05 -0.000101651 0.0106892)
(1.87534e-05 -0.000106538 0.0108206)
(5.59683e-05 -0.000116621 0.0108989)
(9.86178e-05 -0.000127069 0.0109327)
(-1.94647e-05 -7.05713e-05 0.0106958)
(1.85718e-05 -7.94321e-05 0.0108205)
(5.60834e-05 -9.19014e-05 0.0108988)
(9.85548e-05 -0.000104343 0.0109389)
(-8.44575e-06 -3.71111e-05 0.0106942)
(2.67191e-05 -5.20501e-05 0.0108058)
(5.92069e-05 -6.89694e-05 0.0108785)
(9.30564e-05 -8.49471e-05 0.0109208)
(8.07907e-07 -9.57126e-05 0.0106089)
(2.3242e-05 -9.49206e-05 0.0107399)
(4.6912e-05 -9.73428e-05 0.0108152)
(7.18254e-05 -0.000100074 0.0108489)
(-9.47647e-06 -7.01929e-05 0.0106237)
(1.66864e-05 -7.39363e-05 0.0107533)
(4.29439e-05 -8.09267e-05 0.0108301)
(7.09198e-05 -8.79778e-05 0.0108666)
(-1.10081e-05 -4.60059e-05 0.0106195)
(1.60419e-05 -5.33514e-05 0.0107443)
(4.18096e-05 -6.30995e-05 0.0108227)
(6.96841e-05 -7.26036e-05 0.0108654)
(-1.88082e-06 -2.07601e-05 0.0106028)
(2.1382e-05 -3.19645e-05 0.0107179)
(4.26297e-05 -4.48226e-05 0.0107945)
(6.46807e-05 -5.72966e-05 0.0108415)
(1.2296e-06 -6.54869e-05 0.0105697)
(1.78826e-05 -6.50938e-05 0.0107011)
(3.45344e-05 -6.69766e-05 0.0107776)
(5.11127e-05 -6.91808e-05 0.0108152)
(-5.93203e-06 -4.85174e-05 0.0105758)
(1.309e-05 -5.12766e-05 0.0107057)
(3.1379e-05 -5.61839e-05 0.0107837)
(4.99891e-05 -6.11757e-05 0.010824)
(-6.62655e-06 -3.06583e-05 0.0105643)
(1.22799e-05 -3.626e-05 0.0106903)
(2.98906e-05 -4.34788e-05 0.0107704)
(4.84154e-05 -5.04987e-05 0.0108167)
(1.79569e-07 -1.24514e-05 0.0105404)
(1.57058e-05 -2.05593e-05 0.0106581)
(2.97753e-05 -2.99095e-05 0.0107376)
(4.43545e-05 -3.91151e-05 0.0107884)
(1.13714e-06 -4.53744e-05 0.0105414)
(1.32076e-05 -4.515e-05 0.0106737)
(2.49005e-05 -4.65835e-05 0.0107519)
(3.61343e-05 -4.83571e-05 0.0107927)
(-3.86929e-06 -3.37063e-05 0.0105415)
(9.69949e-06 -3.57058e-05 0.0106723)
(2.24158e-05 -3.91887e-05 0.010752)
(3.50022e-05 -4.28077e-05 0.0107957)
(-4.24349e-06 -2.08494e-05 0.0105251)
(8.89243e-06 -2.49569e-05 0.0106524)
(2.09679e-05 -3.01777e-05 0.0107345)
(3.34762e-05 -3.52868e-05 0.010784)
(6.01222e-07 -7.9754e-06 0.0104976)
(1.10717e-05 -1.37442e-05 0.0106172)
(2.05193e-05 -2.04122e-05 0.0106989)
(3.03251e-05 -2.70477e-05 0.0107526)
(9.08226e-07 -3.17619e-05 0.0105212)
(9.5576e-06 -3.16183e-05 0.0106543)
(1.77824e-05 -3.26955e-05 0.0107341)
(2.5518e-05 -3.4098e-05 0.0107772)
(-2.61831e-06 -2.35839e-05 0.0105171)
(6.98274e-06 -2.50196e-05 0.0106488)
(1.5851e-05 -2.75071e-05 0.0107301)
(2.4496e-05 -3.01549e-05 0.0107763)
(-2.86552e-06 -1.44301e-05 0.0104975)
(6.26189e-06 -1.73851e-05 0.0106261)
(1.45977e-05 -2.11218e-05 0.0107097)
(2.31726e-05 -2.4815e-05 0.0107616)
(5.11078e-07 -5.3878e-06 0.0104682)
(7.64641e-06 -9.46398e-06 0.0105892)
(1.40779e-05 -1.41839e-05 0.0106724)
(2.07796e-05 -1.89227e-05 0.010728)
(6.79395e-07 -2.24178e-05 0.0105068)
(6.84758e-06 -2.23182e-05 0.0106406)
(1.26531e-05 -2.31203e-05 0.0107215)
(1.80517e-05 -2.42103e-05 0.0107665)
(-1.82479e-06 -1.66268e-05 0.0104998)
(4.95467e-06 -1.76519e-05 0.0106323)
(1.11704e-05 -1.94343e-05 0.0107148)
(1.71874e-05 -2.13757e-05 0.0107629)
(-2.01394e-06 -1.01338e-05 0.0104782)
(4.34994e-06 -1.22413e-05 0.0106077)
(1.01493e-05 -1.4905e-05 0.0106925)
(1.61056e-05 -1.75666e-05 0.0107461)
(3.20504e-07 -3.78326e-06 0.0104478)
(5.23317e-06 -6.65975e-06 0.0105698)
(9.66644e-06 -9.99587e-06 0.0106541)
(1.431e-05 -1.33712e-05 0.010711)
(4.91629e-07 -1.5928e-05 0.0104965)
(4.88572e-06 -1.58556e-05 0.0106308)
(9.00091e-06 -1.6449e-05 0.0107126)
(1.28091e-05 -1.72841e-05 0.0107588)
(-1.29915e-06 -1.18042e-05 0.0104876)
(3.49354e-06 -1.25339e-05 0.0106206)
(7.8748e-06 -1.38135e-05 0.0107041)
(1.21079e-05 -1.52363e-05 0.0107535)
(-1.45363e-06 -7.1984e-06 0.0104647)
(3.00565e-06 -8.69674e-06 0.0105948)
(7.07152e-06 -1.05943e-05 0.0106804)
(1.12541e-05 -1.25107e-05 0.0107352)
(1.58306e-07 -2.72477e-06 0.0104337)
(3.57307e-06 -4.75813e-06 0.0105563)
(6.66238e-06 -7.1198e-06 0.0106413)
(9.91654e-06 -9.52524e-06 0.0106991)
(3.4976e-07 -1.13758e-05 0.0104891)
(3.48287e-06 -1.13218e-05 0.0106239)
(6.41219e-06 -1.17587e-05 0.0107063)
(9.12081e-06 -1.23915e-05 0.0107534)
(-9.37894e-07 -8.42936e-06 0.0104789)
(2.45941e-06 -8.94841e-06 0.0106124)
(5.56433e-06 -9.86805e-06 0.0106965)
(8.56762e-06 -1.09095e-05 0.0107468)
(-1.06573e-06 -5.15649e-06 0.0104551)
(2.07584e-06 -6.22169e-06 0.0105857)
(4.94624e-06 -7.57474e-06 0.010672)
(7.90852e-06 -8.95484e-06 0.0107275)
(4.98387e-08 -1.99208e-06 0.0104237)
(2.44347e-06 -3.43378e-06 0.0105468)
(4.61592e-06 -5.11031e-06 0.0106323)
(6.91693e-06 -6.82784e-06 0.0106907)
(2.46819e-07 -8.15472e-06 0.0104838)
(2.4844e-06 -8.11405e-06 0.0106189)
(4.57707e-06 -8.43455e-06 0.0107017)
(6.515e-06 -8.90972e-06 0.0107495)
(-6.82494e-07 -6.04541e-06 0.0104727)
(1.73294e-06 -6.41461e-06 0.0106065)
(3.94335e-06 -7.07608e-06 0.0106911)
(6.0872e-06 -7.83702e-06 0.010742)
(-7.87273e-07 -3.71459e-06 0.0104484)
(1.43685e-06 -4.47273e-06 0.0105792)
(3.47478e-06 -5.43898e-06 0.0106659)
(5.58613e-06 -6.43326e-06 0.0107221)
(-1.23187e-08 -1.46741e-06 0.0104167)
(1.67714e-06 -2.49286e-06 0.0105401)
(3.21575e-06 -3.68648e-06 0.0106259)
(4.85369e-06 -4.9154e-06 0.0106848)
(1.73581e-07 -5.85716e-06 0.0104801)
(1.77351e-06 -5.8264e-06 0.0106153)
(3.2719e-06 -6.06062e-06 0.0106985)
(4.66322e-06 -6.41462e-06 0.0107467)
(-4.98227e-07 -4.34605e-06 0.0104683)
(1.22302e-06 -4.60868e-06 0.0106024)
(2.80141e-06 -5.08441e-06 0.0106872)
(4.33744e-06 -5.63912e-06 0.0107386)
(-5.82605e-07 -2.68353e-06 0.0104436)
(9.97701e-07 -3.22369e-06 0.0105747)
(2.45016e-06 -3.91439e-06 0.0106616)
(3.96093e-06 -4.63063e-06 0.0107182)
(-4.22431e-08 -1.08321e-06 0.0104117)
(1.15606e-06 -1.81428e-06 0.0105353)
(2.25103e-06 -2.66585e-06 0.0106214)
(3.4219e-06 -3.54631e-06 0.0106805)
(1.21856e-07 -4.20486e-06 0.0104774)
(1.26533e-06 -4.18165e-06 0.0106128)
(2.33822e-06 -4.35196e-06 0.0106961)
(3.33754e-06 -4.61351e-06 0.0107446)
(-3.63313e-07 -3.12361e-06 0.0104652)
(8.63704e-07 -3.31022e-06 0.0105994)
(1.99148e-06 -3.65173e-06 0.0106844)
(3.0928e-06 -4.05454e-06 0.0107361)
(-4.29908e-07 -1.93806e-06 0.0104402)
(6.94404e-07 -2.32274e-06 0.0105714)
(1.73084e-06 -2.81613e-06 0.0106586)
(2.81287e-06 -3.33115e-06 0.0107154)
(-5.22637e-08 -7.97718e-07 0.0104082)
(7.99458e-07 -1.31907e-06 0.0105319)
(1.58014e-06 -1.92666e-06 0.0106182)
(2.41812e-06 -2.5571e-06 0.0106775)
(8.52912e-08 -3.00538e-06 0.0104754)
(8.99331e-07 -2.988e-06 0.0106109)
(1.66455e-06 -3.11085e-06 0.0106945)
(2.3795e-06 -3.30205e-06 0.0107432)
(-2.63328e-07 -2.23535e-06 0.0104629)
(6.08484e-07 -2.36739e-06 0.0105973)
(1.41155e-06 -2.61125e-06 0.0106825)
(2.1983e-06 -2.90167e-06 0.0107344)
(-3.14749e-07 -1.39314e-06 0.0104377)
(4.83015e-07 -1.66607e-06 0.0105691)
(1.22038e-06 -2.01705e-06 0.0106564)
(1.99269e-06 -2.38542e-06 0.0107134)
(-5.11359e-08 -5.8322e-07 0.0104057)
(5.52927e-07 -9.53763e-07 0.0105295)
(1.10809e-06 -1.38572e-06 0.0106159)
(1.70591e-06 -1.83522e-06 0.0106753)
(5.92695e-08 -2.12417e-06 0.0104741)
(6.32805e-07 -2.11142e-06 0.0106096)
(1.17274e-06 -2.19883e-06 0.0106933)
(1.67855e-06 -2.33634e-06 0.0107421)
(-1.88268e-07 -1.58186e-06 0.0104614)
(4.25044e-07 -1.67441e-06 0.0105958)
(9.90989e-07 -1.84656e-06 0.0106811)
(1.54697e-06 -2.05317e-06 0.0107331)
(-2.2695e-07 -9.8977e-07 0.010436)
(3.33741e-07 -1.18154e-06 0.0105674)
(8.53092e-07 -1.42858e-06 0.0106548)
(1.39853e-06 -1.68901e-06 0.0107119)
(-4.43861e-08 -4.20309e-07 0.0104039)
(3.80088e-07 -6.81102e-07 0.0105278)
(7.71048e-07 -9.85092e-07 0.0106142)
(1.19312e-06 -1.30213e-06 0.0106738)
(4.05819e-08 -1.46799e-06 0.0104731)
(4.36101e-07 -1.45934e-06 0.0106087)
(8.08611e-07 -1.52024e-06 0.0106924)
(1.15828e-06 -1.61663e-06 0.0107414)
(-1.31138e-07 -1.09455e-06 0.0104603)
(2.9126e-07 -1.15852e-06 0.0105947)
(6.81367e-07 -1.27752e-06 0.0106801)
(1.0654e-06 -1.42107e-06 0.0107322)
(-1.59283e-07 -6.87339e-07 0.0104348)
(2.26611e-07 -8.19674e-07 0.0105663)
(5.84489e-07 -9.89996e-07 0.0106538)
(9.6108e-07 -1.17002e-06 0.0107109)
(-3.52976e-08 -2.95495e-07 0.0104027)
(2.56906e-07 -4.75534e-07 0.0105266)
(5.26342e-07 -6.85054e-07 0.0106131)
(8.17713e-07 -9.03819e-07 0.0106727)
(2.70312e-08 -9.79747e-07 0.0104725)
(2.90083e-07 -9.75915e-07 0.0106081)
(5.37358e-07 -1.01787e-06 0.0106919)
(7.69787e-07 -1.08345e-06 0.0107409)
(-8.7925e-08 -7.31725e-07 0.0104595)
(1.92456e-07 -7.76203e-07 0.010594)
(4.5126e-07 -8.56597e-07 0.0106794)
(7.06338e-07 -9.53243e-07 0.0107316)
(-1.07759e-07 -4.61259e-07 0.010434)
(1.48061e-07 -5.51037e-07 0.0105655)
(3.85488e-07 -6.65385e-07 0.010653)
(6.35482e-07 -7.86001e-07 0.0107103)
(-2.69566e-08 -2.01031e-07 0.0104018)
(1.66815e-07 -3.22065e-07 0.0105258)
(3.45865e-07 -4.62257e-07 0.0106123)
(5.3928e-07 -6.08371e-07 0.010672)
(1.70787e-08 -6.48781e-07 0.010472)
(1.86631e-07 -6.52419e-07 0.0106077)
(3.4449e-07 -6.83898e-07 0.0106915)
(4.93221e-07 -7.29452e-07 0.0107406)
(-5.9623e-08 -4.89722e-07 0.010459)
(1.20729e-07 -5.24259e-07 0.0105935)
(2.85856e-07 -5.80079e-07 0.010679)
(4.48908e-07 -6.45314e-07 0.0107313)
(-7.54703e-08 -3.15331e-07 0.0104335)
(8.93966e-08 -3.78791e-07 0.010565)
(2.40893e-07 -4.5601e-07 0.0106526)
(4.00591e-07 -5.3648e-07 0.0107098)
(-2.52971e-08 -1.44809e-07 0.0104013)
(1.00876e-07 -2.27867e-07 0.0105253)
(2.16037e-07 -3.20794e-07 0.0106118)
(3.39728e-07 -4.17205e-07 0.0106715)
(5.4852e-09 -5.00894e-07 0.0104717)
(1.23445e-07 -5.16987e-07 0.0106074)
(2.39837e-07 -5.49233e-07 0.0106912)
(3.45019e-07 -5.88285e-07 0.0107403)
(-5.46844e-08 -3.81377e-07 0.0104586)
(6.94684e-08 -4.17301e-07 0.0105932)
(1.91749e-07 -4.67358e-07 0.0106787)
(3.05463e-07 -5.21559e-07 0.0107309)
(-6.94676e-08 -2.48763e-07 0.0104331)
(4.30784e-08 -3.02144e-07 0.0105646)
(1.54519e-07 -3.67438e-07 0.0106522)
(2.62838e-07 -4.33453e-07 0.0107095)
(-3.98808e-08 -1.24981e-07 0.0104008)
(4.62957e-08 -1.88484e-07 0.0105249)
(1.31356e-07 -2.62007e-07 0.0106114)
(2.13735e-07 -3.35969e-07 0.0106711)
)
;

boundaryField
{
    inlet
    {
        type            calculated;
        value           uniform (0 0 0.01091);
    }
    outlet
    {
        type            calculated;
        value           nonuniform List<vector> 
48
(
(4.28159e-07 -6.24141e-07 0.0107668)
(3.89114e-07 -5.6755e-07 0.0107609)
(3.45136e-07 -4.85155e-07 0.0107461)
(2.99022e-07 -3.84834e-07 0.0107167)
(4.97251e-07 -6.52762e-07 0.010779)
(4.68103e-07 -6.045e-07 0.0107755)
(4.31751e-07 -5.29983e-07 0.010766)
(3.89861e-07 -4.33873e-07 0.0107461)
(5.44706e-07 -6.73206e-07 0.010784)
(5.25379e-07 -6.329e-07 0.0107819)
(4.98261e-07 -5.66281e-07 0.0107755)
(4.64488e-07 -4.7634e-07 0.0107608)
(5.69144e-07 -6.8385e-07 0.0107856)
(5.59585e-07 -6.51526e-07 0.010784)
(5.41916e-07 -5.92844e-07 0.010779)
(5.17344e-07 -5.10417e-07 0.0107667)
(2.54011e-07 -2.84117e-07 0.0106711)
(1.7954e-07 -2.04389e-07 0.0106114)
(1.01184e-07 -1.20691e-07 0.0105249)
(2.92658e-08 -4.00097e-08 0.0104008)
(3.41823e-07 -3.31913e-07 0.0107095)
(2.77391e-07 -2.18159e-07 0.0106521)
(2.07948e-07 -1.02186e-07 0.0105646)
(1.44609e-07 1.004e-08 0.010433)
(4.233e-07 -3.73091e-07 0.0107309)
(3.72494e-07 -2.4815e-07 0.0106786)
(3.19867e-07 -1.14609e-07 0.0105931)
(2.74217e-07 1.65312e-08 0.0104586)
(4.87354e-07 -4.09433e-07 0.0107403)
(4.53462e-07 -2.88091e-07 0.0106911)
(4.20856e-07 -1.54704e-07 0.0106073)
(3.97429e-07 -2.26038e-08 0.0104716)
(5.4852e-09 -5.00894e-07 0.0104717)
(-5.46844e-08 -3.81377e-07 0.0104586)
(-6.94676e-08 -2.48763e-07 0.0104331)
(-3.98808e-08 -1.24981e-07 0.0104008)
(1.23445e-07 -5.16987e-07 0.0106074)
(6.94684e-08 -4.17301e-07 0.0105932)
(4.30784e-08 -3.02144e-07 0.0105646)
(4.62957e-08 -1.88484e-07 0.0105249)
(2.39837e-07 -5.49233e-07 0.0106912)
(1.91749e-07 -4.67358e-07 0.0106787)
(1.54519e-07 -3.67438e-07 0.0106522)
(1.31356e-07 -2.62007e-07 0.0106114)
(3.45019e-07 -5.88285e-07 0.0107403)
(3.05463e-07 -5.21559e-07 0.0107309)
(2.62838e-07 -4.33453e-07 0.0107095)
(2.13735e-07 -3.35969e-07 0.0106711)
)
;
    }
    wall
    {
        type            calculated;
        value           nonuniform List<vector> 
192
(
(-0.00587549 -0.00482189 0.0117366)
(-0.00199729 -0.00163914 0.017519)
(-0.000476289 -0.00039088 0.012845)
(-0.000110914 -9.10249e-05 0.0126227)
(-2.7862e-06 -2.28658e-06 0.0116443)
(2.06465e-05 1.69442e-05 0.0111819)
(2.52878e-05 2.07531e-05 0.0108908)
(2.18994e-05 1.79724e-05 0.0107182)
(1.66347e-05 1.36518e-05 0.0106107)
(1.17988e-05 9.68299e-06 0.0105422)
(8.06926e-06 6.62227e-06 0.0104974)
(5.41132e-06 4.44095e-06 0.0104675)
(3.59412e-06 2.94962e-06 0.0104472)
(2.37906e-06 1.95244e-06 0.0104332)
(1.57574e-06 1.29317e-06 0.0104234)
(1.04692e-06 8.59181e-07 0.0104165)
(6.98572e-07 5.73303e-07 0.0104116)
(4.68019e-07 3.84094e-07 0.0104081)
(3.14084e-07 2.57762e-07 0.0104056)
(2.09907e-07 1.72266e-07 0.0104039)
(1.38024e-07 1.13273e-07 0.0104027)
(8.59057e-08 7.0501e-08 0.0104018)
(4.39801e-08 3.60935e-08 0.0104013)
(-2.13283e-09 -1.75037e-09 0.0104008)
(-0.00926468 -0.00495207 0.0082578)
(-0.00527931 -0.00282185 0.0157836)
(-0.000852083 -0.000455448 0.0113459)
(0.000109747 5.8661e-05 0.0120235)
(0.000248075 0.000132599 0.0114663)
(0.00019113 0.000102161 0.0111025)
(0.000130003 6.94879e-05 0.0108631)
(8.53852e-05 4.56393e-05 0.0107143)
(5.58092e-05 2.98306e-05 0.0106205)
(3.65693e-05 1.95467e-05 0.0105604)
(2.41271e-05 1.28962e-05 0.0105207)
(1.60586e-05 8.58352e-06 0.010494)
(1.0793e-05 5.76896e-06 0.0104757)
(7.32597e-06 3.91581e-06 0.010463)
(5.0197e-06 2.68309e-06 0.010454)
(3.46843e-06 1.85391e-06 0.0104477)
(2.41273e-06 1.28963e-06 0.0104431)
(1.6853e-06 9.00812e-07 0.0104399)
(1.17709e-06 6.29169e-07 0.0104376)
(8.16164e-07 4.36249e-07 0.0104359)
(5.5493e-07 2.96616e-07 0.0104348)
(3.61638e-07 1.93299e-07 0.010434)
(2.21359e-07 1.18319e-07 0.0104335)
(1.16649e-07 6.23501e-08 0.010433)
(-0.00216821 -0.00065772 0.0118546)
(-0.00363415 -0.00110241 0.0157773)
(-0.000736808 -0.000223508 0.0120125)
(0.000262092 7.95047e-05 0.0118979)
(0.000440262 0.000133552 0.0113723)
(0.000344374 0.000104465 0.0110285)
(0.000228888 6.94324e-05 0.0108169)
(0.000145634 4.41777e-05 0.010691)
(9.26068e-05 2.8092e-05 0.0106138)
(5.96733e-05 1.81017e-05 0.0105649)
(3.91145e-05 1.18653e-05 0.0105327)
(2.60744e-05 7.90958e-06 0.0105108)
(1.76493e-05 5.35386e-06 0.0104955)
(1.21059e-05 3.67228e-06 0.0104848)
(8.3962e-06 2.54696e-06 0.0104771)
(5.87496e-06 1.78215e-06 0.0104716)
(4.13691e-06 1.25492e-06 0.0104676)
(2.92239e-06 8.86499e-07 0.0104648)
(2.06172e-06 6.25417e-07 0.0104627)
(1.44201e-06 4.3743e-07 0.0104612)
(9.87749e-07 2.9963e-07 0.0104602)
(6.50073e-07 1.97198e-07 0.0104594)
(4.07575e-07 1.23636e-07 0.010459)
(2.55702e-07 7.75663e-08 0.0104586)
(0.00122681 0.00012083 0.00837526)
(-0.000335152 -3.30095e-05 0.0144722)
(0.000221099 2.17764e-05 0.0109606)
(0.000701148 6.90571e-05 0.0110583)
(0.000668197 6.58116e-05 0.0108648)
(0.000466581 4.59542e-05 0.010738)
(0.000294958 2.90508e-05 0.01066)
(0.000183036 1.80275e-05 0.0106085)
(0.000115262 1.13523e-05 0.0105722)
(7.43917e-05 7.32694e-06 0.0105457)
(4.92021e-05 4.84599e-06 0.0105262)
(3.32296e-05 3.27283e-06 0.0105117)
(2.28238e-05 2.24795e-06 0.0105009)
(1.58854e-05 1.56458e-06 0.0104928)
(1.11691e-05 1.10006e-06 0.0104869)
(7.91148e-06 7.79213e-07 0.0104825)
(5.6307e-06 5.54576e-07 0.0104792)
(4.01395e-06 3.9534e-07 0.0104769)
(2.8534e-06 2.81036e-07 0.0104751)
(2.00823e-06 1.97794e-07 0.0104739)
(1.38265e-06 1.36179e-07 0.010473)
(9.15248e-07 9.0144e-08 0.0104724)
(5.80896e-07 5.72133e-08 0.010472)
(3.91406e-07 3.85501e-08 0.0104716)
(4.65431e-05 0.00047256 0.00408726)
(-0.000872221 -0.00287533 0.00131302)
(-0.00236146 -0.00441798 0.00310059)
(-0.000885565 -0.00107906 0.0111799)
(-2.99663e-05 -0.000304253 0.0118711)
(7.3097e-05 0.000240969 0.0169742)
(-0.00111617 -0.0020882 0.0161254)
(-0.00176408 -0.00214953 0.015153)
(-0.000111366 -0.00113071 0.00933611)
(-0.000185996 -0.000613145 0.0101034)
(-0.000534325 -0.000999651 0.00983708)
(-0.000896842 -0.00109281 0.0112878)
(-8.26194e-05 -0.000838848 0.0107966)
(-0.00013642 -0.000449717 0.0111096)
(-0.000260515 -0.000487389 0.0111636)
(-0.000427977 -0.000521492 0.0118157)
(-5.19068e-05 -0.000527019 0.0108962)
(-9.46781e-05 -0.000312112 0.0110061)
(-0.000158543 -0.000296614 0.0110225)
(-0.00021236 -0.000258762 0.0112638)
(-3.256e-05 -0.000330588 0.010822)
(-6.30405e-05 -0.000207817 0.0108846)
(-9.07047e-05 -0.000169696 0.0109158)
(-9.79211e-05 -0.000119317 0.0110189)
(-2.10095e-05 -0.000213313 0.0107343)
(-4.31127e-05 -0.000142123 0.0107756)
(-5.4343e-05 -0.000101669 0.0107953)
(-4.5376e-05 -5.52908e-05 0.0108257)
(-1.38662e-05 -0.000140786 0.0106628)
(-2.95675e-05 -9.74711e-05 0.0106892)
(-3.36643e-05 -6.29815e-05 0.0106958)
(-2.1598e-05 -2.63173e-05 0.0106942)
(-9.32854e-06 -9.47143e-05 0.0106089)
(-2.02971e-05 -6.69105e-05 0.0106237)
(-2.15724e-05 -4.03592e-05 0.0106195)
(-1.09376e-05 -1.33275e-05 0.0106028)
(-6.37612e-06 -6.47378e-05 0.0105697)
(-1.39773e-05 -4.60769e-05 0.0105758)
(-1.42183e-05 -2.66005e-05 0.0105643)
(-6.0338e-06 -7.35221e-06 0.0105404)
(-4.41513e-06 -4.48276e-05 0.0105414)
(-9.68915e-06 -3.19408e-05 0.0105415)
(-9.61081e-06 -1.79806e-05 0.0105251)
(-3.66911e-06 -4.47083e-06 0.0104976)
(-3.08949e-06 -3.13682e-05 0.0105212)
(-6.77189e-06 -2.23239e-05 0.0105171)
(-6.63586e-06 -1.24148e-05 0.0104975)
(-2.43645e-06 -2.96882e-06 0.0104682)
(-2.18022e-06 -2.21361e-05 0.0105068)
(-4.77244e-06 -1.57326e-05 0.0104998)
(-4.66051e-06 -8.7192e-06 0.0104782)
(-1.72629e-06 -2.1035e-06 0.0104478)
(-1.54898e-06 -1.5727e-05 0.0104965)
(-3.38849e-06 -1.11704e-05 0.0104876)
(-3.31564e-06 -6.20313e-06 0.0104647)
(-1.2725e-06 -1.55054e-06 0.0104337)
(-1.10629e-06 -1.12323e-05 0.0104891)
(-2.42058e-06 -7.97959e-06 0.0104789)
(-2.38055e-06 -4.4537e-06 0.0104551)
(-9.56842e-07 -1.16591e-06 0.0104237)
(-7.93082e-07 -8.0523e-06 0.0104838)
(-1.73684e-06 -5.72558e-06 0.0104727)
(-1.71923e-06 -3.21645e-06 0.0104484)
(-7.24563e-07 -8.82883e-07 0.0104167)
(-5.6967e-07 -5.78396e-06 0.0104801)
(-1.24925e-06 -4.11823e-06 0.0104683)
(-1.2451e-06 -2.32942e-06 0.0104436)
(-5.48201e-07 -6.67985e-07 0.0104117)
(-4.08993e-07 -4.15258e-06 0.0104774)
(-8.98308e-07 -2.96132e-06 0.0104652)
(-9.0125e-07 -1.68612e-06 0.0104402)
(-4.12229e-07 -5.02302e-07 0.0104082)
(-2.92341e-07 -2.96819e-06 0.0104754)
(-6.43137e-07 -2.12014e-06 0.0104629)
(-6.4912e-07 -1.21442e-06 0.0104377)
(-3.06587e-07 -3.73577e-07 0.0104057)
(-2.06633e-07 -2.09798e-06 0.0104741)
(-4.55281e-07 -1.50086e-06 0.0104614)
(-4.61914e-07 -8.6418e-07 0.010436)
(-2.2398e-07 -2.7292e-07 0.0104039)
(-1.42806e-07 -1.44993e-06 0.0104731)
(-3.151e-07 -1.03875e-06 0.0104603)
(-3.21146e-07 -6.00822e-07 0.0104348)
(-1.59114e-07 -1.93881e-07 0.0104027)
(-9.53099e-08 -9.67697e-07 0.0104725)
(-2.10671e-07 -6.9449e-07 0.0104595)
(-2.15707e-07 -4.03559e-07 0.010434)
(-1.09433e-07 -1.33345e-07 0.0104018)
(-6.31213e-08 -6.40882e-07 0.010472)
(-1.41062e-07 -4.65018e-07 0.010459)
(-1.47865e-07 -2.76635e-07 0.0104335)
(-8.11942e-08 -9.89355e-08 0.0104013)
(-4.88071e-08 -4.95546e-07 0.0104717)
(-1.10549e-07 -3.6443e-07 0.0104586)
(-1.18856e-07 -2.22364e-07 0.0104331)
(-7.734e-08 -9.42391e-08 0.0104008)
)
;
    }
    procBoundary2to0
    {
        type            processor;
        value           nonuniform List<vector> 
192
(
(-0.00242085 -0.00257171 0.00103136)
(-0.000610762 -0.00051463 0.00196084)
(-0.00217563 0.000871379 0.00214775)
(0.000464606 0.000523369 0.00158608)
(-0.000668683 -0.000292596 0.0180781)
(-0.000868056 0.00045557 0.0172586)
(-0.00107904 0.00123984 0.0194177)
(-0.00117482 0.000862549 0.0212366)
(-0.000366229 -0.00104421 0.0101522)
(-0.000458826 -0.000837184 0.0101404)
(-0.000351573 -0.000413175 0.0103409)
(-5.23411e-05 -0.000135648 0.0100458)
(1.66186e-05 -0.000824047 0.0110448)
(5.14391e-05 -0.000757744 0.0109303)
(0.000173715 -0.000545877 0.0107844)
(0.000354496 -0.000295354 0.0104119)
(0.000207211 -0.00052289 0.011054)
(0.000283361 -0.000487273 0.0109433)
(0.000358338 -0.000382982 0.0107887)
(0.00040441 -0.000243908 0.0105446)
(0.000222289 -0.000334701 0.0109519)
(0.000283591 -0.000310167 0.010873)
(0.000321887 -0.000256153 0.0107595)
(0.000321578 -0.000184892 0.0106131)
(0.000178075 -0.0002202 0.0108877)
(0.000216328 -0.000204678 0.0108374)
(0.000234645 -0.000176323 0.0107638)
(0.000225541 -0.000139942 0.0106772)
(0.000129664 -0.000148714 0.010848)
(0.000151879 -0.000139798 0.0108182)
(0.00016068 -0.000124839 0.0107727)
(0.000152567 -0.000105895 0.010721)
(9.16569e-05 -0.000102599 0.0108223)
(0.000104629 -9.78126e-05 0.0108065)
(0.000109154 -8.9896e-05 0.010779)
(0.000103588 -7.97805e-05 0.0107474)
(6.43906e-05 -7.18792e-05 0.0108057)
(7.22846e-05 -6.94502e-05 0.010799)
(7.49167e-05 -6.52603e-05 0.0107828)
(7.14991e-05 -5.97351e-05 0.0107632)
(4.53131e-05 -5.08868e-05 0.0107944)
(5.03822e-05 -4.97418e-05 0.0107938)
(5.21417e-05 -4.75406e-05 0.0107848)
(5.01972e-05 -4.44706e-05 0.0107724)
(3.20232e-05 -3.62875e-05 0.0107866)
(3.54462e-05 -3.58182e-05 0.0107901)
(3.67522e-05 -3.46841e-05 0.0107857)
(3.57291e-05 -3.29591e-05 0.0107779)
(2.27416e-05 -2.60122e-05 0.010781)
(2.5145e-05 -2.58838e-05 0.0107873)
(2.61684e-05 -2.53219e-05 0.0107858)
(2.56868e-05 -2.43472e-05 0.010781)
(1.62269e-05 -1.87182e-05 0.010777)
(1.7959e-05 -1.87501e-05 0.0107851)
(1.87752e-05 -1.84921e-05 0.0107857)
(1.8594e-05 -1.79413e-05 0.0107828)
(1.16266e-05 -1.35067e-05 0.010774)
(1.28943e-05 -1.36039e-05 0.0107834)
(1.35438e-05 -1.35037e-05 0.0107854)
(1.35184e-05 -1.31939e-05 0.0107839)
(8.35679e-06 -9.76224e-06 0.0107718)
(9.29165e-06 -9.8768e-06 0.0107821)
(9.80347e-06 -9.85515e-06 0.0107851)
(9.85015e-06 -9.68285e-06 0.0107845)
(6.01657e-06 -7.05761e-06 0.0107702)
(6.70729e-06 -7.16676e-06 0.0107812)
(7.10537e-06 -7.18116e-06 0.0107847)
(7.1783e-06 -7.08726e-06 0.0107848)
(4.32866e-06 -5.09257e-06 0.010769)
(4.83758e-06 -5.18685e-06 0.0107804)
(5.14264e-06 -5.2149e-06 0.0107845)
(5.21861e-06 -5.16523e-06 0.010785)
(3.0999e-06 -3.65418e-06 0.0107682)
(3.4719e-06 -3.7308e-06 0.0107799)
(3.70154e-06 -3.7611e-06 0.0107842)
(3.77007e-06 -3.73583e-06 0.0107851)
(2.19471e-06 -2.59046e-06 0.0107676)
(2.46251e-06 -2.64982e-06 0.0107795)
(2.63142e-06 -2.67701e-06 0.0107841)
(2.68821e-06 -2.66484e-06 0.0107852)
(1.51875e-06 -1.79494e-06 0.0107671)
(1.70642e-06 -1.83883e-06 0.0107792)
(1.82666e-06 -1.86082e-06 0.0107839)
(1.87026e-06 -1.85556e-06 0.0107852)
(1.01186e-06 -1.20392e-06 0.0107668)
(1.13799e-06 -1.23505e-06 0.010779)
(1.21966e-06 -1.25168e-06 0.0107838)
(1.25044e-06 -1.25011e-06 0.0107853)
(6.51686e-07 -8.095e-07 0.0107666)
(7.33335e-07 -8.32099e-07 0.0107788)
(7.86296e-07 -8.44899e-07 0.0107838)
(8.06401e-07 -8.45581e-07 0.0107853)
(4.61099e-07 -6.52517e-07 0.0107665)
(5.18868e-07 -6.73206e-07 0.0107787)
(5.56082e-07 -6.85644e-07 0.0107837)
(5.70304e-07 -6.88164e-07 0.0107853)
(0.00122742 0.000457986 0.000568646)
(0.00865684 0.00256926 0.00128067)
(-0.00057215 -0.0084922 0.00622685)
(-0.00199432 -0.0027236 0.0019605)
(-0.000458944 0.000358945 0.0127351)
(-0.00073265 0.00124805 0.013908)
(-0.000666213 -0.0004878 0.0170364)
(-0.000322683 -0.00082341 0.0217693)
(-0.000323646 -4.04432e-05 0.00759266)
(-0.000840872 -4.15062e-05 0.00875545)
(-0.000847551 -0.00054164 0.0101494)
(-0.000480996 -0.000985101 0.0105851)
(-0.000160756 -0.000395075 0.00981293)
(-0.00041724 -0.000429118 0.0103122)
(-0.00035974 -0.000592487 0.0108858)
(-0.000128443 -0.000755968 0.0111052)
(-3.35608e-05 -0.000404528 0.0103792)
(-0.000110147 -0.000411585 0.010692)
(-4.78925e-05 -0.000453238 0.0109673)
(8.70889e-05 -0.000500485 0.0110869)
(1.18652e-05 -0.000316582 0.0105538)
(4.1508e-06 -0.000313486 0.0107573)
(5.54125e-05 -0.00032215 0.0109067)
(0.000137874 -0.000333586 0.0109715)
(2.20895e-05 -0.000225023 0.010593)
(3.52729e-05 -0.000220499 0.0107509)
(7.33367e-05 -0.000221727 0.0108525)
(0.000124523 -0.000223737 0.0108968)
(2.09899e-05 -0.000155562 0.0105849)
(3.78964e-05 -0.000151538 0.0107257)
(6.49929e-05 -0.000151367 0.0108102)
(9.69394e-05 -0.000151581 0.0108487)
(1.70081e-05 -0.000107416 0.0105634)
(3.20821e-05 -0.00010423 0.0106982)
(5.11247e-05 -0.000103943 0.0107776)
(7.14708e-05 -0.000104108 0.0108159)
(1.29169e-05 -7.47072e-05 0.0105416)
(2.48592e-05 -7.22907e-05 0.0106748)
(3.82399e-05 -7.21052e-05 0.0107535)
(5.1557e-05 -7.24362e-05 0.0107936)
(9.51612e-06 -5.23793e-05 0.0105234)
(1.84927e-05 -5.0584e-05 0.0106565)
(2.79208e-05 -5.04972e-05 0.0107359)
(3.68646e-05 -5.09202e-05 0.0107782)
(6.90738e-06 -3.69853e-05 0.0105092)
(1.34824e-05 -3.56663e-05 0.0106428)
(2.01489e-05 -3.56431e-05 0.0107232)
(2.62844e-05 -3.60771e-05 0.0107673)
(4.97945e-06 -2.62694e-05 0.0104986)
(9.73454e-06 -2.53062e-05 0.0106327)
(1.44668e-05 -2.53178e-05 0.010714)
(1.8746e-05 -2.57152e-05 0.0107596)
(3.58041e-06 -1.8748e-05 0.0104908)
(7.00002e-06 -1.80471e-05 0.0106254)
(1.03725e-05 -1.80744e-05 0.0107074)
(1.33947e-05 -1.84148e-05 0.010754)
(2.57348e-06 -1.34311e-05 0.0104851)
(5.0281e-06 -1.29218e-05 0.01062)
(7.44051e-06 -1.29538e-05 0.0107026)
(9.59442e-06 -1.32333e-05 0.01075)
(1.8505e-06 -9.64784e-06 0.010481)
(3.61217e-06 -9.27818e-06 0.0106162)
(5.34297e-06 -9.30902e-06 0.0106991)
(6.88774e-06 -9.53173e-06 0.010747)
(1.33074e-06 -6.93872e-06 0.0104781)
(2.59512e-06 -6.67069e-06 0.0106134)
(3.83899e-06 -6.69772e-06 0.0106966)
(4.95075e-06 -6.87125e-06 0.0107449)
(9.55548e-07 -4.98527e-06 0.0104759)
(1.86184e-06 -4.7914e-06 0.0106114)
(2.75528e-06 -4.81372e-06 0.0106948)
(3.55562e-06 -4.94641e-06 0.0107434)
(6.82815e-07 -3.56473e-06 0.0104744)
(1.3295e-06 -3.42529e-06 0.0106099)
(1.96839e-06 -3.44291e-06 0.0106935)
(2.5421e-06 -3.54251e-06 0.0107422)
(4.82486e-07 -2.52e-06 0.0104733)
(9.38963e-07 -2.42096e-06 0.0106089)
(1.39071e-06 -2.43435e-06 0.0106925)
(1.79725e-06 -2.50745e-06 0.0107414)
(3.3346e-07 -1.74151e-06 0.0104725)
(6.48819e-07 -1.67321e-06 0.0106082)
(9.61013e-07 -1.68319e-06 0.0106919)
(1.24241e-06 -1.73531e-06 0.0107409)
(2.2238e-07 -1.16148e-06 0.010472)
(4.32734e-07 -1.11794e-06 0.0106077)
(6.40248e-07 -1.1262e-06 0.0106914)
(8.27544e-07 -1.16251e-06 0.0107405)
(1.45071e-07 -7.64296e-07 0.0104717)
(2.81522e-07 -7.42694e-07 0.0106074)
(4.14046e-07 -7.52903e-07 0.0106911)
(5.34156e-07 -7.79935e-07 0.0107402)
(1.02863e-07 -5.8428e-07 0.0104714)
(1.99231e-07 -5.83737e-07 0.0106071)
(2.95961e-07 -6.00697e-07 0.0106909)
(3.81596e-07 -6.26249e-07 0.0107401)
)
;
    }
    procBoundary2to3
    {
        type            processor;
        value           nonuniform List<vector> 
192
(
(0.00105747 -0.000627348 0.00946982)
(-0.00140047 -0.00148488 0.00768361)
(-0.00356862 -0.00650578 -5.5811e-05)
(-0.00273421 -0.00335189 0.000171944)
(-0.000464462 0.00143676 0.0166266)
(-0.00105442 0.00284174 0.017232)
(-0.00200536 0.00331562 0.0187441)
(-0.00196489 0.0024468 0.017035)
(0.000521447 0.00035647 0.00968025)
(0.000424433 0.000822783 0.00962881)
(8.27688e-05 0.00126788 0.00963125)
(-0.000371684 0.00141367 0.00941127)
(0.00061181 -8.89081e-05 0.0101064)
(0.000644941 -3.10968e-05 0.0101744)
(0.000532392 0.000130837 0.0102578)
(0.000287484 0.000287717 0.0102108)
(0.000471021 -0.000178083 0.0103265)
(0.000508045 -0.00020352 0.0103885)
(0.000477202 -0.000160395 0.0104569)
(0.000389486 -9.78053e-05 0.0104541)
(0.000324179 -0.000163351 0.0104934)
(0.000346946 -0.000187545 0.010536)
(0.000340563 -0.000176235 0.0105803)
(0.000313223 -0.000151875 0.0105942)
(0.000215015 -0.000131061 0.0106164)
(0.000228169 -0.000145122 0.0106468)
(0.000228401 -0.000141002 0.0106766)
(0.000220175 -0.000128322 0.0106916)
(0.000143003 -0.000101153 0.0106909)
(0.000150908 -0.000108158 0.0107131)
(0.000152655 -0.000105404 0.0107336)
(0.000150399 -9.68405e-05 0.0107441)
(9.71704e-05 -7.68213e-05 0.0107328)
(0.000102075 -7.9907e-05 0.0107489)
(0.000103773 -7.73639e-05 0.0107626)
(0.000103257 -7.08409e-05 0.0107677)
(6.76183e-05 -5.77636e-05 0.0107561)
(7.06894e-05 -5.88604e-05 0.0107677)
(7.19422e-05 -5.6477e-05 0.0107763)
(7.18276e-05 -5.1363e-05 0.0107769)
(4.79638e-05 -4.31308e-05 0.010769)
(4.98785e-05 -4.32911e-05 0.0107772)
(5.0685e-05 -4.11819e-05 0.0107821)
(5.05922e-05 -3.71909e-05 0.0107791)
(3.44814e-05 -3.20473e-05 0.0107762)
(3.56627e-05 -3.18137e-05 0.0107818)
(3.61306e-05 -3.00437e-05 0.010784)
(3.59873e-05 -2.69669e-05 0.0107783)
(2.50048e-05 -2.37302e-05 0.0107802)
(2.57241e-05 -2.33691e-05 0.0107839)
(2.59662e-05 -2.19413e-05 0.010784)
(2.57854e-05 -1.9597e-05 0.0107765)
(1.82282e-05 -1.75275e-05 0.0107824)
(1.86598e-05 -1.71608e-05 0.0107847)
(1.87636e-05 -1.60409e-05 0.0107833)
(1.85721e-05 -1.42717e-05 0.0107744)
(1.33256e-05 -1.29191e-05 0.0107837)
(1.35803e-05 -1.2596e-05 0.0107849)
(1.3606e-05 -1.1735e-05 0.0107825)
(1.34241e-05 -1.04101e-05 0.0107726)
(9.75079e-06 -9.50188e-06 0.0107844)
(9.89815e-06 -9.23682e-06 0.0107848)
(9.88375e-06 -8.58452e-06 0.0107816)
(9.72288e-06 -7.5986e-06 0.010771)
(7.12884e-06 -6.9687e-06 0.0107848)
(7.21189e-06 -6.76056e-06 0.0107846)
(7.18007e-06 -6.27204e-06 0.0107808)
(7.04469e-06 -5.54276e-06 0.0107697)
(5.19502e-06 -5.0882e-06 0.010785)
(5.24034e-06 -4.92936e-06 0.0107844)
(5.20389e-06 -4.56749e-06 0.0107802)
(5.0942e-06 -4.03172e-06 0.0107687)
(3.75904e-06 -3.68673e-06 0.0107851)
(3.78289e-06 -3.56792e-06 0.0107842)
(3.74854e-06 -3.30331e-06 0.0107797)
(3.66253e-06 -2.91352e-06 0.010768)
(2.68301e-06 -2.63432e-06 0.0107852)
(2.69495e-06 -2.54737e-06 0.010784)
(2.66584e-06 -2.35729e-06 0.0107794)
(2.60062e-06 -2.07813e-06 0.0107674)
(1.86793e-06 -1.83691e-06 0.0107852)
(1.87338e-06 -1.77544e-06 0.0107839)
(1.85057e-06 -1.6425e-06 0.0107791)
(1.80305e-06 -1.44765e-06 0.010767)
(1.24947e-06 -1.23887e-06 0.0107853)
(1.25149e-06 -1.19723e-06 0.0107838)
(1.23484e-06 -1.10733e-06 0.0107789)
(1.20192e-06 -9.7579e-07 0.0107668)
(8.0568e-07 -8.38999e-07 0.0107853)
(8.06143e-07 -8.10522e-07 0.0107838)
(7.9474e-07 -7.4926e-07 0.0107788)
(7.7297e-07 -6.59645e-07 0.0107666)
(5.69814e-07 -6.84105e-07 0.0107853)
(5.70097e-07 -6.60229e-07 0.0107837)
(5.62055e-07 -6.09909e-07 0.0107787)
(5.46836e-07 -5.36373e-07 0.0107664)
(-0.00193989 0.00241714 0.00624566)
(0.00016563 -9.18381e-05 0.00814138)
(-0.00062604 -0.00302383 0.00510137)
(0.00572539 -0.00364756 0.00344633)
(-0.00156255 0.0023658 0.01312)
(-0.0012152 0.00197069 0.0116689)
(3.10517e-05 0.00102306 0.0115561)
(0.00211009 4.25168e-05 0.0108859)
(-0.000724974 0.00141474 0.00911868)
(-0.000857383 0.00115639 0.00909167)
(-0.000378479 0.000686902 0.00885061)
(0.000308778 0.000181981 0.00823209)
(7.96954e-05 0.000314353 0.0100836)
(2.81833e-07 0.000242088 0.0100614)
(0.00016948 0.000181838 0.0100092)
(0.000441167 4.89898e-05 0.00984963)
(0.000310143 -7.31544e-05 0.0104042)
(0.000278908 -7.45776e-05 0.0103964)
(0.000334416 -4.38553e-05 0.0103738)
(0.000433775 -3.18558e-05 0.010263)
(0.000285858 -0.000130192 0.0105825)
(0.000273557 -0.000114235 0.0105711)
(0.00029112 -7.76045e-05 0.0105348)
(0.000329781 -4.2057e-05 0.0104335)
(0.000210259 -0.000109603 0.0106873)
(0.000204563 -9.17082e-05 0.010665)
(0.000210043 -6.31441e-05 0.0106107)
(0.000227 -3.33607e-05 0.0105008)
(0.000146397 -8.16265e-05 0.010737)
(0.000143269 -6.61054e-05 0.010706)
(0.000144756 -4.53541e-05 0.01064)
(0.000153051 -2.39417e-05 0.0105213)
(0.000101313 -5.90477e-05 0.0107561)
(9.93182e-05 -4.68003e-05 0.0107192)
(9.94493e-05 -3.1925e-05 0.0106465)
(0.000103845 -1.68751e-05 0.0105217)
(7.06476e-05 -4.2485e-05 0.0107612)
(6.92372e-05 -3.32256e-05 0.0107204)
(6.89225e-05 -2.25494e-05 0.0106438)
(7.13866e-05 -1.19152e-05 0.0105151)
(4.97405e-05 -3.06099e-05 0.0107603)
(4.86817e-05 -2.37461e-05 0.010717)
(4.82501e-05 -1.60562e-05 0.0106379)
(4.96828e-05 -8.46689e-06 0.0105068)
(3.53166e-05 -2.2124e-05 0.0107573)
(3.45001e-05 -1.70786e-05 0.0107122)
(3.40762e-05 -1.15184e-05 0.0106316)
(3.49305e-05 -6.05539e-06 0.010499)
(2.52429e-05 -1.60441e-05 0.0107539)
(2.4609e-05 -1.2347e-05 0.0107075)
(2.42377e-05 -8.31219e-06 0.0106259)
(2.47576e-05 -4.35421e-06 0.0104924)
(1.8134e-05 -1.16685e-05 0.0107507)
(1.76431e-05 -8.96165e-06 0.0107035)
(1.73364e-05 -6.02514e-06 0.0106212)
(1.76588e-05 -3.14439e-06 0.010487)
(1.30745e-05 -8.50388e-06 0.010748)
(1.2697e-05 -6.5224e-06 0.0107003)
(1.24525e-05 -4.38071e-06 0.0106175)
(1.26562e-05 -2.27783e-06 0.0104829)
(9.4479e-06 -6.20386e-06 0.0107459)
(9.16001e-06 -4.75395e-06 0.0106977)
(8.96972e-06 -3.19033e-06 0.0106146)
(9.10078e-06 -1.65317e-06 0.0104797)
(6.83155e-06 -4.52391e-06 0.0107442)
(6.61398e-06 -3.46443e-06 0.0106957)
(6.4686e-06 -2.32339e-06 0.0106124)
(6.55443e-06 -1.20017e-06 0.0104772)
(4.93143e-06 -3.29008e-06 0.0107429)
(4.76866e-06 -2.51846e-06 0.0106942)
(4.65935e-06 -1.68808e-06 0.0106108)
(4.71643e-06 -8.69568e-07 0.0104754)
(3.54031e-06 -2.37747e-06 0.010742)
(3.42011e-06 -1.81941e-06 0.0106931)
(3.33924e-06 -1.21903e-06 0.0106096)
(3.37763e-06 -6.26425e-07 0.0104741)
(2.51084e-06 -1.69592e-06 0.0107413)
(2.4237e-06 -1.29777e-06 0.0106923)
(2.3651e-06 -8.69367e-07 0.0106087)
(2.39099e-06 -4.45785e-07 0.0104731)
(1.73916e-06 -1.18172e-06 0.0107408)
(1.67776e-06 -9.04513e-07 0.0106917)
(1.6365e-06 -6.06071e-07 0.010608)
(1.65364e-06 -3.10062e-07 0.0104724)
(1.15844e-06 -7.96986e-07 0.0107404)
(1.11691e-06 -6.10357e-07 0.0106913)
(1.08889e-06 -4.09332e-07 0.0106076)
(1.09934e-06 -2.08373e-07 0.0104719)
(7.44574e-07 -5.39363e-07 0.0107402)
(7.17421e-07 -4.13011e-07 0.0106911)
(6.98573e-07 -2.77353e-07 0.0106073)
(7.03109e-07 -1.38545e-07 0.0104716)
(5.2746e-07 -4.40943e-07 0.01074)
(5.0887e-07 -3.35221e-07 0.0106908)
(4.94566e-07 -2.17418e-07 0.010607)
(4.91884e-07 -1.01693e-07 0.0104713)
)
;
    }
}


// ************************************************************************* //
