FoamFile
{version 2.0; format ascii;class vectorField; location 0;object  v;}
19
(
( -5.18484e-05 -0.0028303 -0.00212831 )  
( -0.00181919 -0.000142315 -0.000259459 )  
( -0.00186175 0.00404108 1.59562e-05 )  
( -0.000467726 -0.000707647 6.3447e-06 )  
( 0.00287217 0.00290237 -0.000824978 )  
( 0.0072448 0.0036387 -0.000787522 )  
( -0.000691148 -0.000463392 2.13882e-06 )  
( -0.00527859 0.0027086 -0.000390774 )  
( -0.0122996 2.33682e-05 0.00368451 )  
( 0.0195346 0.00279724 0.0146516 )  
( 0.0112711 0.000869974 -0.00182798 )  
( 0.00299067 0.00305947 -0.000440343 )  
( 0.0068036 -0.0103781 0.00297601 )  
( -0.0111501 -0.00682272 -0.00357305 )  
( -0.00416233 0.0120573 -0.000227 )  
( 0.00581672 -0.00323452 2.60562e-05 )  
( 0.00407784 0.00057317 0.000468645 )  
( 0.00398739 0.00403558 0.000519844 )  
( 0.00188371 0.00320764 0.000582641 )  
)
