FoamFile
{version 2.0; format ascii;class vectorField; location 0;object  v;}
28
(
( 0.000380894 -0.000197689 1.51484e-05 )  
( -0.00977219 0.0167065 -0.00149121 )  
( 0.000182808 0.00028119 2.44774e-05 )  
( 0.00158807 -0.00302367 7.15249e-05 )  
( -0.00300226 -2.2981e-05 8.75379e-05 )  
( 0.000245351 -0.00169241 5.48878e-06 )  
( -0.00113571 -0.000233984 4.50517e-05 )  
( 0.00108371 0.0096889 -0.000511152 )  
( 0.0033353 -0.000204525 0.000266204 )  
( 0.00747435 0.0204514 -0.000302999 )  
( 0.000174832 -4.6049e-05 -6.86067e-05 )  
( -0.00149261 -0.00559168 -0.0021825 )  
( 0.0294557 0.0021223 0.021894 )  
( 0.00260479 0.00132339 -2.84239e-05 )  
( -0.00702975 -0.00205956 0.00181592 )  
( 0.00239714 -0.0022627 -0.00135134 )  
( -0.000117576 0.00227434 -9.1402e-05 )  
( -0.000339112 -0.000386917 -1.03093e-07 )  
( -0.000210814 -0.000518535 2.23273e-05 )  
( 1.17208e-08 4.1924e-06 -1.53466e-06 )  
( -0.00335864 -0.00406885 -0.00117193 )  
( -0.000708117 0.000758718 0.000219816 )  
( 0.00730309 -0.00429645 9.4008e-05 )  
( 0.000104785 -5.35571e-06 2.95229e-05 )  
( 0.00579452 -0.00278095 -0.000160691 )  
( -0.00114004 0.0156282 -0.00302767 )  
( -0.000458428 0.0056377 -0.0017016 )  
( -0.000329015 0.000356351 -6.83136e-07 )  
)
