FoamFile
{version 2.0; format ascii;class vectorField; location 0;object  v;}
20
(
( -1.21532e-05 -0.00183291 -0.00137486 )  
( 0.00429945 0.00143909 0.000341707 )  
( -0.00159519 0.00324899 1.85343e-05 )  
( -0.00845877 0.00172996 -0.00214234 )  
( 2.42077e-05 -0.00141976 -6.55946e-06 )  
( -0.0107451 0.0056573 0.00158897 )  
( 0.00727051 0.00359783 -0.000825417 )  
( -0.000374827 -0.000694038 -2.20606e-06 )  
( 0.00132571 0.00395341 0.00030884 )  
( -0.0190422 -0.00625995 -0.00309811 )  
( 0.0432062 0.00922786 -0.00543175 )  
( -0.00225336 -0.000649624 0.000840477 )  
( -0.0033342 0.000137495 0.000408433 )  
( 0.00434107 -0.00966706 -0.00336098 )  
( -0.000920306 -0.00639437 -0.0036615 )  
( 0.00167356 0.0112595 0.000182147 )  
( 0.0048114 -0.00595481 -3.84766e-05 )  
( 0.0043793 0.00034017 -0.000507114 )  
( 0.00236162 0.00294346 -0.000562927 )  
( 0.00284917 0.00587233 -0.000501878 )  
)
