/*--------------------------------*- C++ -*----------------------------------*\
  =========                 |
  \\      /  F ield         | OpenFOAM: The Open Source CFD Toolbox
   \\    /   O peration     | Website:  https://openfoam.org
    \\  /    A nd           | Version:  6
     \\/     M anipulation  |
\*---------------------------------------------------------------------------*/
FoamFile
{
    version     2.0;
    format      ascii;
    class       volScalarField;
    location    "0.01";
    object      p;
}
// * * * * * * * * * * * * * * * * * * * * * * * * * * * * * * * * * * * * * //

dimensions      [0 2 -2 0 0 0 0];

internalField   nonuniform List<scalar> 
1152
(
1.00364
1.00515
1.00412
0.987215
1.00287
1.00629
1.00619
1.00335
1.00927
1.01298
1.0047
1.00615
1.01505
1.00463
1.00763
1.00684
1.00344
1.00383
1.00407
1.00372
1.0037
1.00423
1.00432
1.00411
1.00477
1.00469
1.00457
1.00456
1.00547
1.00507
1.0051
1.00497
1.00348
1.00365
1.00374
1.00385
1.00385
1.00399
1.00403
1.00403
1.00426
1.0043
1.00436
1.00435
1.00443
1.00457
1.00461
1.00464
1.00339
1.0035
1.00357
1.00363
1.00363
1.00373
1.00378
1.00382
1.00385
1.00394
1.00398
1.00402
1.00396
1.00406
1.00414
1.00418
1.00326
1.00333
1.00339
1.00345
1.00341
1.00348
1.00353
1.00358
1.00354
1.00361
1.00366
1.00371
1.00362
1.0037
1.00377
1.00382
1.00311
1.00316
1.0032
1.00325
1.00321
1.00325
1.0033
1.00334
1.00329
1.00334
1.00339
1.00343
1.00336
1.00341
1.00346
1.0035
1.00295
1.00298
1.00302
1.00305
1.00301
1.00305
1.00308
1.00311
1.00307
1.00311
1.00314
1.00317
1.00312
1.00316
1.00319
1.00322
1.00278
1.00281
1.00283
1.00285
1.00283
1.00285
1.00288
1.0029
1.00287
1.0029
1.00292
1.00294
1.00291
1.00293
1.00296
1.00298
1.00262
1.00263
1.00265
1.00266
1.00265
1.00266
1.00268
1.0027
1.00268
1.0027
1.00271
1.00273
1.0027
1.00272
1.00274
1.00275
1.00245
1.00246
1.00247
1.00248
1.00247
1.00248
1.00249
1.0025
1.00249
1.0025
1.00251
1.00252
1.00251
1.00252
1.00253
1.00254
1.00228
1.00228
1.00229
1.0023
1.00229
1.0023
1.00231
1.00232
1.00231
1.00232
1.00233
1.00233
1.00232
1.00233
1.00234
1.00235
1.00211
1.00211
1.00212
1.00212
1.00212
1.00212
1.00213
1.00214
1.00213
1.00214
1.00214
1.00215
1.00214
1.00215
1.00215
1.00216
1.00194
1.00194
1.00194
1.00195
1.00195
1.00195
1.00195
1.00196
1.00196
1.00196
1.00196
1.00197
1.00196
1.00197
1.00197
1.00197
1.00177
1.00177
1.00177
1.00178
1.00177
1.00178
1.00178
1.00178
1.00178
1.00178
1.00179
1.00179
1.00179
1.00179
1.00179
1.00179
1.0016
1.0016
1.0016
1.0016
1.0016
1.00161
1.00161
1.00161
1.00161
1.00161
1.00161
1.00161
1.00161
1.00161
1.00162
1.00162
1.00143
1.00143
1.00143
1.00143
1.00143
1.00144
1.00144
1.00144
1.00144
1.00144
1.00144
1.00144
1.00144
1.00144
1.00144
1.00144
1.00126
1.00126
1.00126
1.00126
1.00126
1.00127
1.00127
1.00127
1.00127
1.00127
1.00127
1.00127
1.00127
1.00127
1.00127
1.00127
1.00109
1.00109
1.00109
1.0011
1.0011
1.0011
1.0011
1.0011
1.0011
1.0011
1.0011
1.0011
1.0011
1.0011
1.0011
1.0011
1.00092
1.00093
1.00093
1.00093
1.00093
1.00093
1.00093
1.00093
1.00093
1.00093
1.00093
1.00093
1.00093
1.00093
1.00093
1.00093
1.00076
1.00076
1.00076
1.00076
1.00076
1.00076
1.00076
1.00076
1.00076
1.00076
1.00076
1.00076
1.00076
1.00076
1.00076
1.00076
1.00059
1.00059
1.00059
1.00059
1.00059
1.00059
1.00059
1.00059
1.00059
1.00059
1.00059
1.00059
1.00059
1.00059
1.00059
1.00059
1.00042
1.00042
1.00042
1.00042
1.00042
1.00042
1.00042
1.00042
1.00042
1.00042
1.00042
1.00042
1.00042
1.00042
1.00042
1.00042
1.00025
1.00025
1.00025
1.00025
1.00025
1.00025
1.00025
1.00025
1.00025
1.00025
1.00025
1.00025
1.00025
1.00025
1.00025
1.00025
1.00008
1.00008
1.00008
1.00008
1.00008
1.00008
1.00008
1.00008
1.00008
1.00008
1.00008
1.00008
1.00008
1.00008
1.00008
1.00008
1.00616
1.00175
1.01315
1.00729
1.00468
1.00535
1.00362
1.00764
1.00565
1.01012
1.0118
1.00495
1.01109
1.02123
1.01713
0.990766
1.00535
1.00519
1.00554
1.00505
1.00507
1.00567
1.00578
1.00478
1.00522
1.00637
1.00602
1.00435
1.00573
1.00701
1.00621
1.00375
1.00451
1.00468
1.00478
1.00478
1.00459
1.00496
1.00511
1.0048
1.00475
1.00537
1.00529
1.00474
1.00495
1.00578
1.00554
1.00466
1.00402
1.00417
1.00426
1.00428
1.00412
1.00433
1.00439
1.00432
1.00424
1.00453
1.00451
1.00433
1.00434
1.00471
1.00458
1.00429
1.00369
1.00379
1.00386
1.00389
1.00377
1.00389
1.00393
1.00393
1.00384
1.00399
1.004
1.00395
1.00389
1.00406
1.00404
1.00396
1.00341
1.00348
1.00352
1.00355
1.00347
1.00354
1.00357
1.00358
1.00351
1.00359
1.00361
1.0036
1.00354
1.00362
1.00363
1.00361
1.00316
1.00321
1.00324
1.00326
1.0032
1.00325
1.00327
1.00328
1.00323
1.00328
1.0033
1.0033
1.00325
1.00329
1.00331
1.0033
1.00294
1.00297
1.00299
1.003
1.00296
1.00299
1.00301
1.00302
1.00298
1.00301
1.00303
1.00303
1.00299
1.00302
1.00303
1.00303
1.00273
1.00275
1.00276
1.00277
1.00275
1.00276
1.00278
1.00278
1.00276
1.00278
1.00279
1.00279
1.00276
1.00278
1.00279
1.00279
1.00253
1.00254
1.00255
1.00256
1.00254
1.00255
1.00256
1.00256
1.00255
1.00256
1.00257
1.00257
1.00255
1.00257
1.00257
1.00257
1.00234
1.00234
1.00235
1.00235
1.00235
1.00235
1.00236
1.00236
1.00235
1.00236
1.00236
1.00236
1.00235
1.00236
1.00237
1.00237
1.00215
1.00216
1.00216
1.00216
1.00216
1.00216
1.00217
1.00217
1.00216
1.00217
1.00217
1.00217
1.00216
1.00217
1.00217
1.00217
1.00197
1.00197
1.00198
1.00198
1.00197
1.00198
1.00198
1.00198
1.00198
1.00198
1.00198
1.00198
1.00198
1.00198
1.00198
1.00198
1.00179
1.00179
1.0018
1.0018
1.0018
1.0018
1.0018
1.0018
1.0018
1.0018
1.0018
1.0018
1.0018
1.0018
1.0018
1.0018
1.00162
1.00162
1.00162
1.00162
1.00162
1.00162
1.00162
1.00162
1.00162
1.00162
1.00162
1.00162
1.00162
1.00162
1.00162
1.00162
1.00144
1.00144
1.00144
1.00145
1.00144
1.00145
1.00145
1.00145
1.00145
1.00145
1.00145
1.00145
1.00145
1.00145
1.00145
1.00145
1.00127
1.00127
1.00127
1.00127
1.00127
1.00127
1.00127
1.00127
1.00127
1.00127
1.00127
1.00127
1.00127
1.00127
1.00127
1.00127
1.0011
1.0011
1.0011
1.0011
1.0011
1.0011
1.0011
1.0011
1.0011
1.0011
1.0011
1.0011
1.0011
1.0011
1.0011
1.0011
1.00093
1.00093
1.00093
1.00093
1.00093
1.00093
1.00093
1.00093
1.00093
1.00093
1.00093
1.00093
1.00093
1.00093
1.00093
1.00093
1.00076
1.00076
1.00076
1.00076
1.00076
1.00076
1.00076
1.00076
1.00076
1.00076
1.00076
1.00076
1.00076
1.00076
1.00076
1.00076
1.00059
1.00059
1.00059
1.00059
1.00059
1.00059
1.00059
1.00059
1.00059
1.00059
1.00059
1.00059
1.00059
1.00059
1.00059
1.00059
1.00042
1.00042
1.00042
1.00042
1.00042
1.00042
1.00042
1.00042
1.00042
1.00042
1.00042
1.00042
1.00042
1.00042
1.00042
1.00042
1.00025
1.00025
1.00025
1.00025
1.00025
1.00025
1.00025
1.00025
1.00025
1.00025
1.00025
1.00025
1.00025
1.00025
1.00025
1.00025
1.00008
1.00008
1.00008
1.00008
1.00008
1.00008
1.00008
1.00008
1.00008
1.00008
1.00008
1.00008
1.00008
1.00008
1.00008
1.00008
1.00596
1.00653
1.0102
1.0091
1.00206
1.00858
1.01089
1.0095
1.00499
1.00822
1.00854
1.01251
1.00662
1.00627
1.00785
1.00631
1.00391
1.00398
1.00442
1.00482
1.0039
1.00437
1.00501
1.00532
1.0042
1.0044
1.00464
1.00437
1.00466
1.00444
1.0042
1.00381
1.0039
1.00417
1.00442
1.00462
1.00419
1.00445
1.00471
1.0049
1.00447
1.00465
1.00484
1.00499
1.00471
1.00476
1.00475
1.00476
1.00376
1.00393
1.00407
1.00415
1.00395
1.00411
1.00424
1.00431
1.00412
1.00423
1.00432
1.00437
1.00424
1.00428
1.00429
1.00428
1.00354
1.00363
1.00371
1.00375
1.00366
1.00375
1.00383
1.00386
1.00378
1.00385
1.0039
1.00392
1.00386
1.0039
1.00392
1.00393
1.00331
1.00336
1.00341
1.00343
1.0034
1.00345
1.00349
1.00352
1.00347
1.00352
1.00355
1.00357
1.00354
1.00356
1.00358
1.00359
1.00309
1.00312
1.00315
1.00316
1.00315
1.00319
1.00321
1.00322
1.0032
1.00323
1.00326
1.00327
1.00325
1.00327
1.00328
1.00329
1.00288
1.0029
1.00292
1.00293
1.00292
1.00295
1.00296
1.00297
1.00296
1.00298
1.003
1.003
1.00299
1.00301
1.00302
1.00302
1.00268
1.0027
1.00271
1.00271
1.00271
1.00273
1.00274
1.00274
1.00274
1.00275
1.00276
1.00277
1.00276
1.00277
1.00278
1.00278
1.00249
1.0025
1.00251
1.00251
1.00251
1.00252
1.00253
1.00253
1.00253
1.00254
1.00255
1.00255
1.00255
1.00256
1.00256
1.00257
1.00231
1.00231
1.00232
1.00232
1.00232
1.00233
1.00234
1.00234
1.00234
1.00235
1.00235
1.00235
1.00235
1.00236
1.00236
1.00236
1.00213
1.00213
1.00214
1.00214
1.00214
1.00215
1.00215
1.00215
1.00215
1.00216
1.00216
1.00216
1.00216
1.00216
1.00217
1.00217
1.00195
1.00195
1.00196
1.00196
1.00196
1.00196
1.00197
1.00197
1.00197
1.00197
1.00197
1.00197
1.00198
1.00198
1.00198
1.00198
1.00178
1.00178
1.00178
1.00178
1.00178
1.00179
1.00179
1.00179
1.00179
1.00179
1.00179
1.00179
1.0018
1.0018
1.0018
1.0018
1.00161
1.00161
1.00161
1.00161
1.00161
1.00161
1.00161
1.00161
1.00162
1.00162
1.00162
1.00162
1.00162
1.00162
1.00162
1.00162
1.00144
1.00144
1.00144
1.00144
1.00144
1.00144
1.00144
1.00144
1.00144
1.00144
1.00144
1.00144
1.00144
1.00145
1.00145
1.00145
1.00127
1.00127
1.00127
1.00127
1.00127
1.00127
1.00127
1.00127
1.00127
1.00127
1.00127
1.00127
1.00127
1.00127
1.00127
1.00127
1.0011
1.0011
1.0011
1.0011
1.0011
1.0011
1.0011
1.0011
1.0011
1.0011
1.0011
1.0011
1.0011
1.0011
1.0011
1.0011
1.00093
1.00093
1.00093
1.00093
1.00093
1.00093
1.00093
1.00093
1.00093
1.00093
1.00093
1.00093
1.00093
1.00093
1.00093
1.00093
1.00076
1.00076
1.00076
1.00076
1.00076
1.00076
1.00076
1.00076
1.00076
1.00076
1.00076
1.00076
1.00076
1.00076
1.00076
1.00076
1.00059
1.00059
1.00059
1.00059
1.00059
1.00059
1.00059
1.00059
1.00059
1.00059
1.00059
1.00059
1.00059
1.00059
1.00059
1.00059
1.00042
1.00042
1.00042
1.00042
1.00042
1.00042
1.00042
1.00042
1.00042
1.00042
1.00042
1.00042
1.00042
1.00042
1.00042
1.00042
1.00025
1.00025
1.00025
1.00025
1.00025
1.00025
1.00025
1.00025
1.00025
1.00025
1.00025
1.00025
1.00025
1.00025
1.00025
1.00025
1.00008
1.00008
1.00008
1.00008
1.00008
1.00008
1.00008
1.00008
1.00008
1.00008
1.00008
1.00008
1.00008
1.00008
1.00008
1.00008
)
;

boundaryField
{
    inlet
    {
        type            zeroGradient;
    }
    outlet
    {
        type            fixedValue;
        value           uniform 1;
    }
    wall
    {
        type            zeroGradient;
    }
    procBoundary3to1
    {
        type            processor;
        value           nonuniform List<scalar> 
192
(
1.0035
1.00317
1.00518
1.00979
1.00319
1.00353
1.004
1.0043
1.00318
1.00342
1.00359
1.00368
1.00319
1.00331
1.00343
1.00352
1.00313
1.0032
1.00327
1.00335
1.00302
1.00306
1.00311
1.00317
1.00288
1.00291
1.00295
1.00298
1.00274
1.00276
1.00278
1.00281
1.00258
1.0026
1.00261
1.00263
1.00242
1.00243
1.00244
1.00245
1.00226
1.00226
1.00227
1.00228
1.00209
1.0021
1.0021
1.00211
1.00193
1.00193
1.00193
1.00194
1.00176
1.00176
1.00177
1.00177
1.00159
1.0016
1.0016
1.0016
1.00143
1.00143
1.00143
1.00143
1.00126
1.00126
1.00126
1.00126
1.00109
1.00109
1.00109
1.00109
1.00092
1.00092
1.00092
1.00092
1.00076
1.00076
1.00076
1.00076
1.00059
1.00059
1.00059
1.00059
1.00042
1.00042
1.00042
1.00042
1.00025
1.00025
1.00025
1.00025
1.00008
1.00008
1.00008
1.00008
1.00396
1.00211
1.0109
1.00855
1.00406
1.00368
1.00408
1.00409
1.00388
1.00399
1.00417
1.00432
1.00364
1.00376
1.00388
1.00395
1.00343
1.00351
1.00357
1.00361
1.00322
1.00327
1.00331
1.00333
1.00302
1.00305
1.00307
1.00309
1.00283
1.00285
1.00286
1.00287
1.00264
1.00266
1.00267
1.00267
1.00246
1.00247
1.00248
1.00248
1.00229
1.00229
1.0023
1.0023
1.00211
1.00212
1.00212
1.00212
1.00194
1.00194
1.00195
1.00195
1.00177
1.00177
1.00177
1.00177
1.0016
1.0016
1.0016
1.0016
1.00143
1.00143
1.00143
1.00143
1.00126
1.00126
1.00126
1.00126
1.00109
1.00109
1.00109
1.00109
1.00093
1.00093
1.00093
1.00093
1.00076
1.00076
1.00076
1.00076
1.00059
1.00059
1.00059
1.00059
1.00042
1.00042
1.00042
1.00042
1.00025
1.00025
1.00025
1.00025
1.00008
1.00008
1.00008
1.00008
)
;
    }
    procBoundary3to2
    {
        type            processor;
        value           nonuniform List<scalar> 
192
(
1.00297
1.00607
1.00903
1.00778
1.00302
1.00378
1.00462
1.00512
1.00327
1.0037
1.00408
1.00423
1.00328
1.00352
1.00371
1.00379
1.0032
1.00334
1.00345
1.00352
1.00307
1.00316
1.00324
1.00329
1.00293
1.00298
1.00304
1.00308
1.00277
1.00281
1.00285
1.00288
1.0026
1.00263
1.00266
1.00269
1.00244
1.00246
1.00248
1.0025
1.00227
1.00229
1.0023
1.00232
1.0021
1.00211
1.00213
1.00214
1.00193
1.00194
1.00195
1.00196
1.00177
1.00177
1.00178
1.00178
1.0016
1.0016
1.00161
1.00161
1.00143
1.00143
1.00144
1.00144
1.00126
1.00126
1.00127
1.00127
1.00109
1.00109
1.0011
1.0011
1.00092
1.00093
1.00093
1.00093
1.00076
1.00076
1.00076
1.00076
1.00059
1.00059
1.00059
1.00059
1.00042
1.00042
1.00042
1.00042
1.00025
1.00025
1.00025
1.00025
1.00008
1.00008
1.00008
1.00008
1.00922
1.00463
1.0063
1.00624
1.00485
1.00415
1.00416
1.00437
1.00419
1.00415
1.00416
1.00429
1.00382
1.00389
1.00396
1.00402
1.00357
1.00363
1.00368
1.00371
1.00334
1.00338
1.00342
1.00344
1.00312
1.00315
1.00317
1.00319
1.00291
1.00293
1.00295
1.00296
1.00271
1.00272
1.00273
1.00274
1.00251
1.00253
1.00253
1.00254
1.00233
1.00234
1.00234
1.00234
1.00214
1.00215
1.00215
1.00216
1.00196
1.00197
1.00197
1.00197
1.00179
1.00179
1.00179
1.0018
1.00161
1.00162
1.00162
1.00162
1.00144
1.00144
1.00144
1.00145
1.00127
1.00127
1.00127
1.00127
1.0011
1.0011
1.0011
1.0011
1.00093
1.00093
1.00093
1.00093
1.00076
1.00076
1.00076
1.00076
1.00059
1.00059
1.00059
1.00059
1.00042
1.00042
1.00042
1.00042
1.00025
1.00025
1.00025
1.00025
1.00008
1.00008
1.00008
1.00008
)
;
    }
}


// ************************************************************************* //
