# Region type : patch outlet
# Faces  :    4
# Area   :    1.156000e-03
# Time        	sum(phi)
0.0005        	5.780000e-05
0.001         	5.780000e-05
0.0015        	5.780000e-05
0.002         	5.780000e-05
0.0025        	5.780000e-05
0.003         	5.780000e-05
0.0035        	5.780000e-05
0.004         	5.780000e-05
0.0045        	5.780000e-05
0.005         	5.780000e-05
0.0055        	5.780000e-05
0.006         	5.780000e-05
0.0065        	5.780000e-05
0.007         	5.780000e-05
0.0075        	5.780000e-05
0.008         	5.780000e-05
0.0085        	5.780000e-05
0.009         	5.780000e-05
0.0095        	5.780000e-05
0.01          	5.780000e-05
0.0105        	5.780000e-05
0.011         	5.780000e-05
0.0115        	5.780000e-05
0.012         	5.780000e-05
0.0125        	5.780000e-05
0.013         	5.780000e-05
0.0135        	5.780000e-05
0.014         	5.780000e-05
0.0145        	5.780000e-05
0.015         	5.780000e-05
0.0155        	5.780000e-05
0.016         	5.780000e-05
0.0165        	5.780000e-05
0.017         	5.780000e-05
0.0175        	5.780000e-05
0.018         	5.780000e-05
0.0185        	5.780000e-05
0.019         	5.780000e-05
0.0195        	5.780000e-05
0.02          	5.780000e-05
0.0205        	5.780000e-05
0.021         	5.780000e-05
0.0215        	5.780000e-05
0.022         	5.780000e-05
0.0225        	5.780000e-05
0.023         	5.780000e-05
0.0235        	5.780000e-05
0.024         	5.780000e-05
0.0245        	5.780000e-05
0.025         	5.780000e-05
0.0255        	5.780000e-05
0.026         	5.780000e-05
0.0265        	5.780000e-05
0.027         	5.780000e-05
0.0275        	5.780000e-05
0.028         	5.780000e-05
0.0285        	5.780000e-05
0.029         	5.780000e-05
0.0295        	5.780000e-05
0.03          	5.780000e-05
0.0305        	5.780000e-05
0.031         	5.780000e-05
0.0315        	5.780000e-05
0.032         	5.780000e-05
0.0325        	5.780000e-05
0.033         	5.780000e-05
0.0335        	5.780000e-05
0.034         	5.780000e-05
0.0345        	5.780000e-05
0.035         	5.780000e-05
0.0355        	5.780000e-05
0.036         	5.780000e-05
0.0365        	5.780000e-05
0.037         	5.780000e-05
0.0375        	5.780000e-05
0.038         	5.780000e-05
0.0385        	5.780000e-05
0.039         	5.780000e-05
0.0395        	5.780000e-05
0.04          	5.780000e-05
0.0405        	5.780000e-05
0.041         	5.780000e-05
0.0415        	5.780000e-05
0.042         	5.780000e-05
0.0425        	5.780000e-05
0.043         	5.780000e-05
0.0435        	5.780000e-05
0.044         	5.780000e-05
0.0445        	5.780000e-05
0.045         	5.780000e-05
0.0455        	5.780000e-05
0.046         	5.780000e-05
0.0465        	5.780000e-05
0.047         	5.780000e-05
0.0475        	5.780000e-05
0.048         	5.780000e-05
0.0485        	5.780000e-05
0.049         	5.780000e-05
0.0495        	5.780000e-05
0.05          	5.780000e-05
0.0505        	5.780000e-05
0.051         	5.780000e-05
0.0515        	5.780000e-05
0.052         	5.780000e-05
0.0525        	5.780000e-05
0.053         	5.780000e-05
0.0535        	5.780000e-05
0.054         	5.780000e-05
0.0545        	5.780000e-05
0.055         	5.780000e-05
0.0555        	5.780000e-05
0.056         	5.780000e-05
0.0565        	5.780000e-05
0.057         	5.780000e-05
0.0575        	5.780000e-05
0.058         	5.780000e-05
0.0585        	5.780000e-05
0.059         	5.780000e-05
0.0595        	5.780000e-05
0.06          	5.780000e-05
0.0605        	5.780000e-05
0.061         	5.780000e-05
0.0615        	5.780000e-05
0.062         	5.780000e-05
0.0625        	5.780000e-05
0.063         	5.780000e-05
0.0635        	5.780000e-05
0.064         	5.780000e-05
0.0645        	5.780000e-05
0.065         	5.780000e-05
0.0655        	5.780000e-05
0.066         	5.780000e-05
0.0665        	5.780000e-05
0.067         	5.780000e-05
0.0675        	5.780000e-05
0.068         	5.780000e-05
0.0685        	5.780000e-05
0.069         	5.780000e-05
0.0695        	5.780000e-05
0.07          	5.780000e-05
0.0705        	5.780000e-05
0.071         	5.780000e-05
0.0715        	5.780000e-05
0.072         	5.780000e-05
0.0725        	5.780000e-05
0.073         	5.780000e-05
0.0735        	5.780000e-05
0.074         	5.780000e-05
0.0745        	5.780000e-05
0.075         	5.780000e-05
0.0755        	5.780000e-05
0.076         	5.780000e-05
0.0765        	5.780000e-05
0.077         	5.780000e-05
0.0775        	5.780000e-05
0.078         	5.780000e-05
0.0785        	5.780000e-05
0.079         	5.780000e-05
0.0795        	5.780000e-05
0.08          	5.780000e-05
0.0805        	5.780000e-05
0.081         	5.780000e-05
0.0815        	5.780000e-05
0.082         	5.780000e-05
0.0825        	5.780000e-05
0.083         	5.780000e-05
0.0835        	5.780000e-05
0.084         	5.780000e-05
0.0845        	5.780000e-05
0.085         	5.780000e-05
0.0855        	5.780000e-05
0.086         	5.780000e-05
0.0865        	5.780000e-05
0.087         	5.780000e-05
0.0875        	5.780000e-05
0.088         	5.780000e-05
0.0885        	5.780000e-05
0.089         	5.780000e-05
0.0895        	5.780000e-05
0.09          	5.780000e-05
0.0905        	5.780000e-05
0.091         	5.780000e-05
0.0915        	5.780000e-05
0.092         	5.780000e-05
0.0925        	5.780000e-05
0.093         	5.780000e-05
0.0935        	5.780000e-05
0.094         	5.780000e-05
0.0945        	5.780000e-05
0.095         	5.780000e-05
0.0955        	5.780000e-05
0.096         	5.780000e-05
0.0965        	5.780000e-05
0.097         	5.780000e-05
0.0975        	5.780000e-05
0.098         	5.780000e-05
0.0985        	5.780000e-05
0.099         	5.780000e-05
0.0995        	5.780000e-05
0.1           	5.780000e-05
0.1005        	5.780000e-05
0.101         	5.780000e-05
0.1015        	5.780000e-05
0.102         	5.780000e-05
0.1025        	5.780000e-05
0.103         	5.780000e-05
0.1035        	5.780000e-05
0.104         	5.780000e-05
0.1045        	5.780000e-05
0.105         	5.780000e-05
0.1055        	5.780000e-05
0.106         	5.780000e-05
0.1065        	5.780000e-05
0.107         	5.780000e-05
0.1075        	5.780000e-05
0.108         	5.780000e-05
0.1085        	5.780000e-05
0.109         	5.780000e-05
0.1095        	5.780000e-05
0.11          	5.780000e-05
0.1105        	5.780000e-05
0.111         	5.780000e-05
0.1115        	5.780000e-05
0.112         	5.780000e-05
0.1125        	5.780000e-05
0.113         	5.780000e-05
0.1135        	5.780000e-05
0.114         	5.780000e-05
0.1145        	5.780000e-05
0.115         	5.780000e-05
0.1155        	5.780000e-05
0.116         	5.780000e-05
0.1165        	5.780000e-05
0.117         	5.780000e-05
0.1175        	5.780000e-05
0.118         	5.780000e-05
0.1185        	5.780000e-05
0.119         	5.780000e-05
0.1195        	5.780000e-05
0.12          	5.780000e-05
0.1205        	5.780000e-05
0.121         	5.780000e-05
0.1215        	5.780000e-05
0.122         	5.780000e-05
0.1225        	5.780000e-05
0.123         	5.780000e-05
0.1235        	5.780000e-05
0.124         	5.780000e-05
0.1245        	5.780000e-05
0.125         	5.780000e-05
0.1255        	5.780000e-05
0.126         	5.780000e-05
0.1265        	5.780000e-05
0.127         	5.780000e-05
0.1275        	5.780000e-05
0.128         	5.780000e-05
0.1285        	5.780000e-05
0.129         	5.780000e-05
0.1295        	5.780000e-05
0.13          	5.780000e-05
0.1305        	5.780000e-05
0.131         	5.780000e-05
0.1315        	5.780000e-05
0.132         	5.780000e-05
0.1325        	5.780000e-05
0.133         	5.780000e-05
0.1335        	5.780000e-05
0.134         	5.780000e-05
0.1345        	5.780000e-05
0.135         	5.780000e-05
0.1355        	5.780000e-05
0.136         	5.780000e-05
0.1365        	5.780000e-05
0.137         	5.780000e-05
0.1375        	5.780000e-05
0.138         	5.780000e-05
0.1385        	5.780000e-05
0.139         	5.780000e-05
0.1395        	5.780000e-05
0.14          	5.780000e-05
0.1405        	5.780000e-05
0.141         	5.780000e-05
0.1415        	5.780000e-05
0.142         	5.780000e-05
0.1425        	5.780000e-05
0.143         	5.780000e-05
0.1435        	5.780000e-05
0.144         	5.780000e-05
0.1445        	5.780000e-05
0.145         	5.780000e-05
0.1455        	5.780000e-05
0.146         	5.780000e-05
0.1465        	5.780000e-05
0.147         	5.780000e-05
0.1475        	5.780000e-05
0.148         	5.780000e-05
0.1485        	5.780000e-05
0.149         	5.780000e-05
0.1495        	5.780000e-05
0.15          	5.780000e-05
0.1505        	5.780000e-05
0.151         	5.780000e-05
0.1515        	5.780000e-05
0.152         	5.780000e-05
0.1525        	5.780000e-05
0.153         	5.780000e-05
0.1535        	5.780000e-05
0.154         	5.780000e-05
0.1545        	5.780000e-05
0.155         	5.780000e-05
0.1555        	5.780000e-05
0.156         	5.780000e-05
0.1565        	5.780000e-05
0.157         	5.780000e-05
0.1575        	5.780000e-05
0.158         	5.780000e-05
0.1585        	5.780000e-05
0.159         	5.780000e-05
0.1595        	5.780000e-05
0.16          	5.780000e-05
0.1605        	5.780000e-05
0.161         	5.780000e-05
0.1615        	5.780000e-05
0.162         	5.780000e-05
0.1625        	5.780000e-05
0.163         	5.780000e-05
0.1635        	5.780000e-05
0.164         	5.780000e-05
0.1645        	5.780000e-05
0.165         	5.780000e-05
0.1655        	5.780000e-05
0.166         	5.780000e-05
0.1665        	5.780000e-05
0.167         	5.780000e-05
0.1675        	5.780000e-05
0.168         	5.780000e-05
0.1685        	5.780000e-05
0.169         	5.780000e-05
0.1695        	5.780000e-05
0.17          	5.780000e-05
0.1705        	5.780000e-05
0.171         	5.780000e-05
0.1715        	5.780000e-05
0.172         	5.780000e-05
0.1725        	5.780000e-05
0.173         	5.780000e-05
0.1735        	5.780000e-05
0.174         	5.780000e-05
0.1745        	5.780000e-05
0.175         	5.780000e-05
0.1755        	5.780000e-05
0.176         	5.780000e-05
0.1765        	5.780000e-05
0.177         	5.780000e-05
0.1775        	5.780000e-05
0.178         	5.780000e-05
0.1785        	5.780000e-05
0.179         	5.780000e-05
0.1795        	5.780000e-05
0.18          	5.780000e-05
0.1805        	5.780000e-05
0.181         	5.780000e-05
0.1815        	5.780000e-05
0.182         	5.780000e-05
0.1825        	5.780000e-05
0.183         	5.780000e-05
0.1835        	5.780000e-05
0.184         	5.780000e-05
0.1845        	5.780000e-05
0.185         	5.780000e-05
0.1855        	5.780000e-05
0.186         	5.780000e-05
0.1865        	5.780000e-05
0.187         	5.780000e-05
0.1875        	5.780000e-05
0.188         	5.780000e-05
0.1885        	5.780000e-05
0.189         	5.780000e-05
0.1895        	5.780000e-05
0.19          	5.780000e-05
0.1905        	5.780000e-05
0.191         	5.780000e-05
0.1915        	5.780000e-05
0.192         	5.780000e-05
0.1925        	5.780000e-05
0.193         	5.780000e-05
0.1935        	5.780000e-05
0.194         	5.780000e-05
0.1945        	5.780000e-05
0.195         	5.780000e-05
0.1955        	5.780000e-05
0.196         	5.780000e-05
0.1965        	5.780000e-05
0.197         	5.780000e-05
0.1975        	5.780000e-05
0.198         	5.780000e-05
0.1985        	5.780000e-05
0.199         	5.780000e-05
0.1995        	5.780000e-05
0.2           	5.780000e-05
0.2005        	5.780000e-05
0.201         	5.780000e-05
0.2015        	5.780000e-05
0.202         	5.780000e-05
0.2025        	5.780000e-05
0.203         	5.780000e-05
0.2035        	5.780000e-05
0.204         	5.780000e-05
0.2045        	5.780000e-05
0.205         	5.780000e-05
0.2055        	5.780000e-05
0.206         	5.780000e-05
0.2065        	5.780000e-05
0.207         	5.780000e-05
0.2075        	5.780000e-05
0.208         	5.780000e-05
0.2085        	5.780000e-05
0.209         	5.780000e-05
0.2095        	5.780000e-05
0.21          	5.780000e-05
0.2105        	5.780000e-05
0.211         	5.780000e-05
0.2115        	5.780000e-05
0.212         	5.780000e-05
0.2125        	5.780000e-05
0.213         	5.780000e-05
0.2135        	5.780000e-05
0.214         	5.780000e-05
0.2145        	5.780000e-05
0.215         	5.780000e-05
0.2155        	5.780000e-05
0.216         	5.780000e-05
0.2165        	5.780000e-05
0.217         	5.780000e-05
0.2175        	5.780000e-05
0.218         	5.780000e-05
0.2185        	5.780000e-05
0.219         	5.780000e-05
0.2195        	5.780000e-05
0.22          	5.780000e-05
0.2205        	5.780000e-05
0.221         	5.780000e-05
0.2215        	5.780000e-05
0.222         	5.780000e-05
0.2225        	5.780000e-05
0.223         	5.780000e-05
0.2235        	5.780000e-05
0.224         	5.780000e-05
0.2245        	5.780000e-05
0.225         	5.780000e-05
0.2255        	5.780000e-05
0.226         	5.780000e-05
0.2265        	5.780000e-05
0.227         	5.780000e-05
0.2275        	5.780000e-05
0.228         	5.780000e-05
0.2285        	5.780000e-05
0.229         	5.780000e-05
0.2295        	5.780000e-05
0.23          	5.780000e-05
0.2305        	5.780000e-05
0.231         	5.780000e-05
0.2315        	5.780000e-05
0.232         	5.780000e-05
0.2325        	5.780000e-05
0.233         	5.780000e-05
0.2335        	5.780000e-05
0.234         	5.780000e-05
0.2345        	5.780000e-05
0.235         	5.780000e-05
0.2355        	5.780000e-05
0.236         	5.780000e-05
0.2365        	5.780000e-05
0.237         	5.780000e-05
0.2375        	5.780000e-05
0.238         	5.780000e-05
0.2385        	5.780000e-05
0.239         	5.780000e-05
0.2395        	5.780000e-05
0.24          	5.780000e-05
0.2405        	5.780000e-05
0.241         	5.780000e-05
0.2415        	5.780000e-05
0.242         	5.780000e-05
0.2425        	5.780000e-05
0.243         	5.780000e-05
0.2435        	5.780000e-05
0.244         	5.780000e-05
0.2445        	5.780000e-05
0.245         	5.780000e-05
0.2455        	5.780000e-05
0.246         	5.780000e-05
0.2465        	5.780000e-05
0.247         	5.780000e-05
0.2475        	5.780000e-05
0.248         	5.780000e-05
0.2485        	5.780000e-05
0.249         	5.780000e-05
0.2495        	5.780000e-05
0.25          	5.780000e-05
0.2505        	5.780000e-05
0.251         	5.780000e-05
0.2515        	5.780000e-05
0.252         	5.780000e-05
0.2525        	5.780000e-05
0.253         	5.780000e-05
0.2535        	5.780000e-05
0.254         	5.780000e-05
0.2545        	5.780000e-05
0.255         	5.780000e-05
0.2555        	5.780000e-05
0.256         	5.780000e-05
0.2565        	5.780000e-05
0.257         	5.780000e-05
0.2575        	5.780000e-05
0.258         	5.780000e-05
0.2585        	5.780000e-05
0.259         	5.780000e-05
0.2595        	5.780000e-05
0.26          	5.780000e-05
0.2605        	5.780000e-05
0.261         	5.780000e-05
0.2615        	5.780000e-05
0.262         	5.780000e-05
0.2625        	5.780000e-05
0.263         	5.780000e-05
0.2635        	5.780000e-05
0.264         	5.780000e-05
0.2645        	5.780000e-05
0.265         	5.780000e-05
0.2655        	5.780000e-05
0.266         	5.780000e-05
0.2665        	5.780000e-05
0.267         	5.780000e-05
0.2675        	5.780000e-05
0.268         	5.780000e-05
0.2685        	5.780000e-05
0.269         	5.780000e-05
0.2695        	5.780000e-05
0.27          	5.780000e-05
0.2705        	5.780000e-05
0.271         	5.780000e-05
0.2715        	5.780000e-05
0.272         	5.780000e-05
0.2725        	5.780000e-05
0.273         	5.780000e-05
0.2735        	5.780000e-05
0.274         	5.780000e-05
0.2745        	5.780000e-05
0.275         	5.780000e-05
0.2755        	5.780000e-05
0.276         	5.780000e-05
0.2765        	5.780000e-05
0.277         	5.780000e-05
0.2775        	5.780000e-05
0.278         	5.780000e-05
0.2785        	5.780000e-05
0.279         	5.780000e-05
0.2795        	5.780000e-05
0.28          	5.780000e-05
0.2805        	5.780000e-05
0.281         	5.780000e-05
0.2815        	5.780000e-05
0.282         	5.780000e-05
0.2825        	5.780000e-05
0.283         	5.780000e-05
0.2835        	5.780000e-05
0.284         	5.780000e-05
0.2845        	5.780000e-05
0.285         	5.780000e-05
0.2855        	5.780000e-05
0.286         	5.780000e-05
0.2865        	5.780000e-05
0.287         	5.780000e-05
0.2875        	5.780000e-05
0.288         	5.780000e-05
0.2885        	5.780000e-05
0.289         	5.780000e-05
0.2895        	5.780000e-05
0.29          	5.780000e-05
0.2905        	5.780000e-05
0.291         	5.780000e-05
0.2915        	5.780000e-05
0.292         	5.780000e-05
0.2925        	5.780000e-05
0.293         	5.780000e-05
0.2935        	5.780000e-05
0.294         	5.780000e-05
0.2945        	5.780000e-05
0.295         	5.780000e-05
0.2955        	5.780000e-05
0.296         	5.780000e-05
0.2965        	5.780000e-05
0.297         	5.780000e-05
0.2975        	5.780000e-05
0.298         	5.780000e-05
0.2985        	5.780000e-05
0.299         	5.780000e-05
0.2995        	5.780000e-05
0.3           	5.780000e-05
0.3005        	5.780000e-05
0.301         	5.780000e-05
0.3015        	5.780000e-05
0.302         	5.780000e-05
0.3025        	5.780000e-05
0.303         	5.780000e-05
0.3035        	5.780000e-05
0.304         	5.780000e-05
0.3045        	5.780000e-05
0.305         	5.780000e-05
0.3055        	5.780000e-05
0.306         	5.780000e-05
0.3065        	5.780000e-05
0.307         	5.780000e-05
0.3075        	5.780000e-05
0.308         	5.780000e-05
0.3085        	5.780000e-05
0.309         	5.780000e-05
0.3095        	5.780000e-05
0.31          	5.780000e-05
0.3105        	5.780000e-05
0.311         	5.780000e-05
0.3115        	5.780000e-05
0.312         	5.780000e-05
0.3125        	5.780000e-05
0.313         	5.780000e-05
0.3135        	5.780000e-05
0.314         	5.780000e-05
0.3145        	5.780000e-05
0.315         	5.780000e-05
0.3155        	5.780000e-05
0.316         	5.780000e-05
0.3165        	5.780000e-05
0.317         	5.780000e-05
0.3175        	5.780000e-05
0.318         	5.780000e-05
0.3185        	5.780000e-05
0.319         	5.780000e-05
0.3195        	5.780000e-05
0.32          	5.780000e-05
0.3205        	5.780000e-05
0.321         	5.780000e-05
0.3215        	5.780000e-05
0.322         	5.780000e-05
0.3225        	5.780000e-05
0.323         	5.780000e-05
0.3235        	5.780000e-05
0.324         	5.780000e-05
0.3245        	5.780000e-05
0.325         	5.780000e-05
0.3255        	5.780000e-05
0.326         	5.780000e-05
0.3265        	5.780000e-05
0.327         	5.780000e-05
0.3275        	5.780000e-05
0.328         	5.780000e-05
0.3285        	5.780000e-05
0.329         	5.780000e-05
0.3295        	5.780000e-05
0.33          	5.780000e-05
0.3305        	5.780000e-05
0.331         	5.780000e-05
0.3315        	5.780000e-05
0.332         	5.780000e-05
0.3325        	5.780000e-05
0.333         	5.780000e-05
0.3335        	5.780000e-05
0.334         	5.780000e-05
0.3345        	5.780000e-05
0.335         	5.780000e-05
0.3355        	5.780000e-05
0.336         	5.780000e-05
0.3365        	5.780000e-05
0.337         	5.780000e-05
0.3375        	5.780000e-05
0.338         	5.780000e-05
0.3385        	5.780000e-05
0.339         	5.780000e-05
0.3395        	5.780000e-05
0.34          	5.780000e-05
0.3405        	5.780000e-05
0.341         	5.780000e-05
0.3415        	5.780000e-05
0.342         	5.780000e-05
0.3425        	5.780000e-05
0.343         	5.780000e-05
0.3435        	5.780000e-05
0.344         	5.780000e-05
0.3445        	5.780000e-05
0.345         	5.780000e-05
0.3455        	5.780000e-05
0.346         	5.780000e-05
0.3465        	5.780000e-05
0.347         	5.780000e-05
0.3475        	5.780000e-05
0.348         	5.780000e-05
0.3485        	5.780000e-05
0.349         	5.780000e-05
0.3495        	5.780000e-05
0.35          	5.780000e-05
0.3505        	5.780000e-05
0.351         	5.780000e-05
0.3515        	5.780000e-05
0.352         	5.780000e-05
0.3525        	5.780000e-05
0.353         	5.780000e-05
0.3535        	5.780000e-05
0.354         	5.780000e-05
0.3545        	5.780000e-05
0.355         	5.780000e-05
0.3555        	5.780000e-05
0.356         	5.780000e-05
0.3565        	5.780000e-05
0.357         	5.780000e-05
0.3575        	5.780000e-05
0.358         	5.780000e-05
0.3585        	5.780000e-05
0.359         	5.780000e-05
0.3595        	5.780000e-05
0.36          	5.780000e-05
0.3605        	5.780000e-05
0.361         	5.780000e-05
0.3615        	5.780000e-05
0.362         	5.780000e-05
0.3625        	5.780000e-05
0.363         	5.780000e-05
0.3635        	5.780000e-05
0.364         	5.780000e-05
0.3645        	5.780000e-05
0.365         	5.780000e-05
0.3655        	5.780000e-05
0.366         	5.780000e-05
0.3665        	5.780000e-05
0.367         	5.780000e-05
0.3675        	5.780000e-05
0.368         	5.780000e-05
0.3685        	5.780000e-05
0.369         	5.780000e-05
0.3695        	5.780000e-05
0.37          	5.780000e-05
0.3705        	5.780000e-05
0.371         	5.780000e-05
0.3715        	5.780000e-05
0.372         	5.780000e-05
0.3725        	5.780000e-05
0.373         	5.780000e-05
0.3735        	5.780000e-05
0.374         	5.780000e-05
0.3745        	5.780000e-05
0.375         	5.780000e-05
0.3755        	5.780000e-05
0.376         	5.780000e-05
0.3765        	5.780000e-05
0.377         	5.780000e-05
0.3775        	5.780000e-05
0.378         	5.780000e-05
0.3785        	5.780000e-05
0.379         	5.780000e-05
0.3795        	5.780000e-05
0.38          	5.780000e-05
0.3805        	5.780000e-05
0.381         	5.780000e-05
0.3815        	5.780000e-05
0.382         	5.780000e-05
0.3825        	5.780000e-05
0.383         	5.780000e-05
0.3835        	5.780000e-05
0.384         	5.780000e-05
0.3845        	5.780000e-05
0.385         	5.780000e-05
0.3855        	5.780000e-05
0.386         	5.780000e-05
0.3865        	5.780000e-05
0.387         	5.780000e-05
0.3875        	5.780000e-05
0.388         	5.780000e-05
0.3885        	5.780000e-05
0.389         	5.780000e-05
0.3895        	5.780000e-05
0.39          	5.780000e-05
0.3905        	5.780000e-05
0.391         	5.780000e-05
0.3915        	5.780000e-05
0.392         	5.780000e-05
0.3925        	5.780000e-05
0.393         	5.780000e-05
0.3935        	5.780000e-05
0.394         	5.780000e-05
0.3945        	5.780000e-05
0.395         	5.780000e-05
0.3955        	5.780000e-05
0.396         	5.780000e-05
0.3965        	5.780000e-05
0.397         	5.780000e-05
0.3975        	5.780000e-05
0.398         	5.780000e-05
0.3985        	5.780000e-05
0.399         	5.780000e-05
0.3995        	5.780000e-05
0.4           	5.780000e-05
0.4005        	5.780000e-05
0.401         	5.780000e-05
0.4015        	5.780000e-05
0.402         	5.780000e-05
0.4025        	5.780000e-05
0.403         	5.780000e-05
0.4035        	5.780000e-05
0.404         	5.780000e-05
0.4045        	5.780000e-05
0.405         	5.780000e-05
0.4055        	5.780000e-05
0.406         	5.780000e-05
0.4065        	5.780000e-05
0.407         	5.780000e-05
0.4075        	5.780000e-05
0.408         	5.780000e-05
0.4085        	5.780000e-05
0.409         	5.780000e-05
0.4095        	5.780000e-05
0.41          	5.780000e-05
0.4105        	5.780000e-05
0.411         	5.780000e-05
0.4115        	5.780000e-05
0.412         	5.780000e-05
0.4125        	5.780000e-05
0.413         	5.780000e-05
0.4135        	5.780000e-05
0.414         	5.780000e-05
0.4145        	5.780000e-05
0.415         	5.780000e-05
0.4155        	5.780000e-05
0.416         	5.780000e-05
0.4165        	5.780000e-05
0.417         	5.780000e-05
0.4175        	5.780000e-05
0.418         	5.780000e-05
0.4185        	5.780000e-05
0.419         	5.780000e-05
0.4195        	5.780000e-05
0.42          	5.780000e-05
0.4205        	5.780000e-05
0.421         	5.780000e-05
0.4215        	5.780000e-05
0.422         	5.780000e-05
0.4225        	5.780000e-05
0.423         	5.780000e-05
0.4235        	5.780000e-05
0.424         	5.780000e-05
0.4245        	5.780000e-05
0.425         	5.780000e-05
0.4255        	5.780000e-05
0.426         	5.780000e-05
0.4265        	5.780000e-05
0.427         	5.780000e-05
0.4275        	5.780000e-05
0.428         	5.780000e-05
0.4285        	5.780000e-05
0.429         	5.780000e-05
0.4295        	5.780000e-05
0.43          	5.780000e-05
0.4305        	5.780000e-05
0.431         	5.780000e-05
0.4315        	5.780000e-05
0.432         	5.780000e-05
0.4325        	5.780000e-05
0.433         	5.780000e-05
0.4335        	5.780000e-05
0.434         	5.780000e-05
0.4345        	5.780000e-05
0.435         	5.780000e-05
0.4355        	5.780000e-05
0.436         	5.780000e-05
0.4365        	5.780000e-05
0.437         	5.780000e-05
0.4375        	5.780000e-05
0.438         	5.780000e-05
0.4385        	5.780000e-05
0.439         	5.780000e-05
0.4395        	5.780000e-05
0.44          	5.780000e-05
0.4405        	5.780000e-05
0.441         	5.780000e-05
0.4415        	5.780000e-05
0.442         	5.780000e-05
0.4425        	5.780000e-05
0.443         	5.780000e-05
0.4435        	5.780000e-05
0.444         	5.780000e-05
0.4445        	5.780000e-05
0.445         	5.780000e-05
0.4455        	5.780000e-05
0.446         	5.780000e-05
0.4465        	5.780000e-05
0.447         	5.780000e-05
0.4475        	5.780000e-05
0.448         	5.780000e-05
0.4485        	5.780000e-05
0.449         	5.780000e-05
0.4495        	5.780000e-05
0.45          	5.780000e-05
0.4505        	5.780000e-05
0.451         	5.780000e-05
0.4515        	5.780000e-05
0.452         	5.780000e-05
0.4525        	5.780000e-05
0.453         	5.780000e-05
0.4535        	5.780000e-05
0.454         	5.780000e-05
0.4545        	5.780000e-05
0.455         	5.780000e-05
0.4555        	5.780000e-05
0.456         	5.780000e-05
0.4565        	5.780000e-05
0.457         	5.780000e-05
0.4575        	5.780000e-05
0.458         	5.780000e-05
0.4585        	5.780000e-05
0.459         	5.780000e-05
0.4595        	5.780000e-05
0.46          	5.780000e-05
0.4605        	5.780000e-05
0.461         	5.780000e-05
0.4615        	5.780000e-05
0.462         	5.780000e-05
0.4625        	5.780000e-05
0.463         	5.780000e-05
0.4635        	5.780000e-05
0.464         	5.780000e-05
0.4645        	5.780000e-05
0.465         	5.780000e-05
0.4655        	5.780000e-05
0.466         	5.780000e-05
0.4665        	5.780000e-05
0.467         	5.780000e-05
0.4675        	5.780000e-05
0.468         	5.780000e-05
0.4685        	5.780000e-05
0.469         	5.780000e-05
0.4695        	5.780000e-05
0.47          	5.780000e-05
0.4705        	5.780000e-05
0.471         	5.780000e-05
0.4715        	5.780000e-05
0.472         	5.780000e-05
0.4725        	5.780000e-05
0.473         	5.780000e-05
0.4735        	5.780000e-05
0.474         	5.780000e-05
0.4745        	5.780000e-05
0.475         	5.780000e-05
0.4755        	5.780000e-05
0.476         	5.780000e-05
0.4765        	5.780000e-05
0.477         	5.780000e-05
0.4775        	5.780000e-05
0.478         	5.780000e-05
0.4785        	5.780000e-05
0.479         	5.780000e-05
0.4795        	5.780000e-05
0.48          	5.780000e-05
0.4805        	5.780000e-05
0.481         	5.780000e-05
0.4815        	5.780000e-05
0.482         	5.780000e-05
0.4825        	5.780000e-05
0.483         	5.780000e-05
0.4835        	5.780000e-05
0.484         	5.780000e-05
0.4845        	5.780000e-05
0.485         	5.780000e-05
0.4855        	5.780000e-05
0.486         	5.780000e-05
0.4865        	5.780000e-05
0.487         	5.780000e-05
0.4875        	5.780000e-05
0.488         	5.780000e-05
0.4885        	5.780000e-05
0.489         	5.780000e-05
0.4895        	5.780000e-05
0.49          	5.780000e-05
0.4905        	5.780000e-05
0.491         	5.780000e-05
0.4915        	5.780000e-05
0.492         	5.780000e-05
0.4925        	5.780000e-05
0.493         	5.780000e-05
0.4935        	5.780000e-05
0.494         	5.780000e-05
0.4945        	5.780000e-05
0.495         	5.780000e-05
0.4955        	5.780000e-05
0.496         	5.780000e-05
0.4965        	5.780000e-05
0.497         	5.780000e-05
0.4975        	5.780000e-05
0.498         	5.780000e-05
0.4985        	5.780000e-05
0.499         	5.780000e-05
0.4995        	5.780000e-05
0.5           	5.780000e-05
0.5005        	5.780000e-05
0.501         	5.780000e-05
0.5015        	5.780000e-05
0.502         	5.780000e-05
0.5025        	5.780000e-05
0.503         	5.780000e-05
0.5035        	5.780000e-05
0.504         	5.780000e-05
0.5045        	5.780000e-05
0.505         	5.780000e-05
0.5055        	5.780000e-05
0.506         	5.780000e-05
0.5065        	5.780000e-05
0.507         	5.780000e-05
0.5075        	5.780000e-05
0.508         	5.780000e-05
0.5085        	5.780000e-05
0.509         	5.780000e-05
0.5095        	5.780000e-05
0.51          	5.780000e-05
0.5105        	5.780000e-05
0.511         	5.780000e-05
0.5115        	5.780000e-05
0.512         	5.780000e-05
0.5125        	5.780000e-05
0.513         	5.780000e-05
0.5135        	5.780000e-05
0.514         	5.780000e-05
0.5145        	5.780000e-05
0.515         	5.780000e-05
0.5155        	5.780000e-05
0.516         	5.780000e-05
0.5165        	5.780000e-05
0.517         	5.780000e-05
0.5175        	5.780000e-05
0.518         	5.780000e-05
0.5185        	5.780000e-05
0.519         	5.780000e-05
0.5195        	5.780000e-05
0.52          	5.780000e-05
0.5205        	5.780000e-05
0.521         	5.780000e-05
0.5215        	5.780000e-05
0.522         	5.780000e-05
0.5225        	5.780000e-05
0.523         	5.780000e-05
0.5235        	5.780000e-05
0.524         	5.780000e-05
0.5245        	5.780000e-05
0.525         	5.780000e-05
0.5255        	5.780000e-05
0.526         	5.780000e-05
0.5265        	5.780000e-05
0.527         	5.780000e-05
0.5275        	5.780000e-05
0.528         	5.780000e-05
0.5285        	5.780000e-05
0.529         	5.780000e-05
0.5295        	5.780000e-05
0.53          	5.780000e-05
0.5305        	5.780000e-05
0.531         	5.780000e-05
0.5315        	5.780000e-05
0.532         	5.780000e-05
0.5325        	5.780000e-05
0.533         	5.780000e-05
0.5335        	5.780000e-05
0.534         	5.780000e-05
0.5345        	5.780000e-05
0.535         	5.780000e-05
0.5355        	5.780000e-05
0.536         	5.780000e-05
0.5365        	5.780000e-05
0.537         	5.780000e-05
0.5375        	5.780000e-05
0.538         	5.780000e-05
0.5385        	5.780000e-05
0.539         	5.780000e-05
0.5395        	5.780000e-05
0.54          	5.780000e-05
0.5405        	5.780000e-05
0.541         	5.780000e-05
0.5415        	5.780000e-05
0.542         	5.780000e-05
0.5425        	5.780000e-05
0.543         	5.780000e-05
0.5435        	5.780000e-05
0.544         	5.780000e-05
0.5445        	5.780000e-05
0.545         	5.780000e-05
0.5455        	5.780000e-05
0.546         	5.780000e-05
0.5465        	5.780000e-05
0.547         	5.780000e-05
0.5475        	5.780000e-05
0.548         	5.780000e-05
0.5485        	5.780000e-05
0.549         	5.780000e-05
0.5495        	5.780000e-05
0.55          	5.780000e-05
0.5505        	5.780000e-05
0.551         	5.780000e-05
0.5515        	5.780000e-05
0.552         	5.780000e-05
0.5525        	5.780000e-05
0.553         	5.780000e-05
0.5535        	5.780000e-05
0.554         	5.780000e-05
0.5545        	5.780000e-05
0.555         	5.780000e-05
0.5555        	5.780000e-05
0.556         	5.780000e-05
0.5565        	5.780000e-05
0.557         	5.780000e-05
0.5575        	5.780000e-05
0.558         	5.780000e-05
0.5585        	5.780000e-05
0.559         	5.780000e-05
0.5595        	5.780000e-05
0.56          	5.780000e-05
0.5605        	5.780000e-05
0.561         	5.780000e-05
0.5615        	5.780000e-05
0.562         	5.780000e-05
0.5625        	5.780000e-05
0.563         	5.780000e-05
0.5635        	5.780000e-05
0.564         	5.780000e-05
0.5645        	5.780000e-05
0.565         	5.780000e-05
0.5655        	5.780000e-05
0.566         	5.780000e-05
0.5665        	5.780000e-05
0.567         	5.780000e-05
0.5675        	5.780000e-05
0.568         	5.780000e-05
0.5685        	5.780000e-05
0.569         	5.780000e-05
0.5695        	5.780000e-05
0.57          	5.780000e-05
0.5705        	5.780000e-05
0.571         	5.780000e-05
0.5715        	5.780000e-05
0.572         	5.780000e-05
0.5725        	5.780000e-05
0.573         	5.780000e-05
0.5735        	5.780000e-05
0.574         	5.780000e-05
0.5745        	5.780000e-05
0.575         	5.780000e-05
0.5755        	5.780000e-05
0.576         	5.780000e-05
0.5765        	5.780000e-05
0.577         	5.780000e-05
0.5775        	5.780000e-05
0.578         	5.780000e-05
0.5785        	5.780000e-05
0.579         	5.780000e-05
0.5795        	5.780000e-05
0.58          	5.780000e-05
0.5805        	5.780000e-05
0.581         	5.780000e-05
0.5815        	5.780000e-05
0.582         	5.780000e-05
0.5825        	5.780000e-05
0.583         	5.780000e-05
0.5835        	5.780000e-05
0.584         	5.780000e-05
0.5845        	5.780000e-05
0.585         	5.780000e-05
0.5855        	5.780000e-05
0.586         	5.780000e-05
0.5865        	5.780000e-05
0.587         	5.780000e-05
0.5875        	5.780000e-05
0.588         	5.780000e-05
0.5885        	5.780000e-05
0.589         	5.780000e-05
0.5895        	5.780000e-05
0.59          	5.780000e-05
0.5905        	5.780000e-05
0.591         	5.780000e-05
0.5915        	5.780000e-05
0.592         	5.780000e-05
0.5925        	5.780000e-05
0.593         	5.780000e-05
0.5935        	5.780000e-05
0.594         	5.780000e-05
0.5945        	5.780000e-05
0.595         	5.780000e-05
0.5955        	5.780000e-05
0.596         	5.780000e-05
0.5965        	5.780000e-05
0.597         	5.780000e-05
0.5975        	5.780000e-05
0.598         	5.780000e-05
0.5985        	5.780000e-05
0.599         	5.780000e-05
0.5995        	5.780000e-05
0.6           	5.780000e-05
0.6005        	5.780000e-05
0.601         	5.780000e-05
0.6015        	5.780000e-05
0.602         	5.780000e-05
0.6025        	5.780000e-05
0.603         	5.780000e-05
0.6035        	5.780000e-05
0.604         	5.780000e-05
0.6045        	5.780000e-05
0.605         	5.780000e-05
0.6055        	5.780000e-05
0.606         	5.780000e-05
0.6065        	5.780000e-05
0.607         	5.780000e-05
0.6075        	5.780000e-05
0.608         	5.780000e-05
0.6085        	5.780000e-05
0.609         	5.780000e-05
0.6095        	5.780000e-05
0.61          	5.780000e-05
0.6105        	5.780000e-05
0.611         	5.780000e-05
0.6115        	5.780000e-05
0.612         	5.780000e-05
0.6125        	5.780000e-05
0.613         	5.780000e-05
0.6135        	5.780000e-05
0.614         	5.780000e-05
0.6145        	5.780000e-05
0.615         	5.780000e-05
0.6155        	5.780000e-05
0.616         	5.780000e-05
0.6165        	5.780000e-05
0.617         	5.780000e-05
0.6175        	5.780000e-05
0.618         	5.780000e-05
0.6185        	5.780000e-05
0.619         	5.780000e-05
0.6195        	5.780000e-05
0.62          	5.780000e-05
0.6205        	5.780000e-05
0.621         	5.780000e-05
0.6215        	5.780000e-05
0.622         	5.780000e-05
0.6225        	5.780000e-05
0.623         	5.780000e-05
0.6235        	5.780000e-05
0.624         	5.780000e-05
0.6245        	5.780000e-05
0.625         	5.780000e-05
0.6255        	5.780000e-05
0.626         	5.780000e-05
0.6265        	5.780000e-05
0.627         	5.780000e-05
0.6275        	5.780000e-05
0.628         	5.780000e-05
0.6285        	5.780000e-05
0.629         	5.780000e-05
0.6295        	5.780000e-05
0.63          	5.780000e-05
0.6305        	5.780000e-05
0.631         	5.780000e-05
0.6315        	5.780000e-05
0.632         	5.780000e-05
0.6325        	5.780000e-05
0.633         	5.780000e-05
0.6335        	5.780000e-05
0.634         	5.780000e-05
0.6345        	5.780000e-05
0.635         	5.780000e-05
0.6355        	5.780000e-05
0.636         	5.780000e-05
0.6365        	5.780000e-05
0.637         	5.780000e-05
0.6375        	5.780000e-05
0.638         	5.780000e-05
0.6385        	5.780000e-05
0.639         	5.780000e-05
0.6395        	5.780000e-05
0.64          	5.780000e-05
0.6405        	5.780000e-05
0.641         	5.780000e-05
0.6415        	5.780000e-05
0.642         	5.780000e-05
0.6425        	5.780000e-05
0.643         	5.780000e-05
0.6435        	5.780000e-05
0.644         	5.780000e-05
0.6445        	5.780000e-05
0.645         	5.780000e-05
0.6455        	5.780000e-05
0.646         	5.780000e-05
0.6465        	5.780000e-05
0.647         	5.780000e-05
0.6475        	5.780000e-05
0.648         	5.780000e-05
0.6485        	5.780000e-05
0.649         	5.780000e-05
0.6495        	5.780000e-05
0.65          	5.780000e-05
0.6505        	5.780000e-05
0.651         	5.780000e-05
0.6515        	5.780000e-05
0.652         	5.780000e-05
0.6525        	5.780000e-05
0.653         	5.780000e-05
0.6535        	5.780000e-05
0.654         	5.780000e-05
0.6545        	5.780000e-05
0.655         	5.780000e-05
0.6555        	5.780000e-05
0.656         	5.780000e-05
0.6565        	5.780000e-05
0.657         	5.780000e-05
0.6575        	5.780000e-05
0.658         	5.780000e-05
0.6585        	5.780000e-05
0.659         	5.780000e-05
0.6595        	5.780000e-05
0.66          	5.780000e-05
0.6605        	5.780000e-05
0.661         	5.780000e-05
0.6615        	5.780000e-05
0.662         	5.780000e-05
0.6625        	5.780000e-05
0.663         	5.780000e-05
0.6635        	5.780000e-05
0.664         	5.780000e-05
0.6645        	5.780000e-05
0.665         	5.780000e-05
0.6655        	5.780000e-05
0.666         	5.780000e-05
0.6665        	5.780000e-05
0.667         	5.780000e-05
0.6675        	5.780000e-05
0.668         	5.780000e-05
0.6685        	5.780000e-05
0.669         	5.780000e-05
0.6695        	5.780000e-05
0.67          	5.780000e-05
0.6705        	5.780000e-05
0.671         	5.780000e-05
0.6715        	5.780000e-05
0.672         	5.780000e-05
0.6725        	5.780000e-05
0.673         	5.780000e-05
0.6735        	5.780000e-05
0.674         	5.780000e-05
0.6745        	5.780000e-05
0.675         	5.780000e-05
0.6755        	5.780000e-05
0.676         	5.780000e-05
0.6765        	5.780000e-05
0.677         	5.780000e-05
0.6775        	5.780000e-05
0.678         	5.780000e-05
0.6785        	5.780000e-05
0.679         	5.780000e-05
0.6795        	5.780000e-05
0.68          	5.780000e-05
0.6805        	5.780000e-05
0.681         	5.780000e-05
0.6815        	5.780000e-05
0.682         	5.780000e-05
0.6825        	5.780000e-05
0.683         	5.780000e-05
0.6835        	5.780000e-05
0.684         	5.780000e-05
0.6845        	5.780000e-05
0.685         	5.780000e-05
0.6855        	5.780000e-05
0.686         	5.780000e-05
0.6865        	5.780000e-05
0.687         	5.780000e-05
0.6875        	5.780000e-05
0.688         	5.780000e-05
0.6885        	5.780000e-05
0.689         	5.780000e-05
0.6895        	5.780000e-05
0.69          	5.780000e-05
0.6905        	5.780000e-05
0.691         	5.780000e-05
0.6915        	5.780000e-05
0.692         	5.780000e-05
0.6925        	5.780000e-05
0.693         	5.780000e-05
0.6935        	5.780000e-05
0.694         	5.780000e-05
0.6945        	5.780000e-05
0.695         	5.780000e-05
0.6955        	5.780000e-05
0.696         	5.780000e-05
0.6965        	5.780000e-05
0.697         	5.780000e-05
0.6975        	5.780000e-05
0.698         	5.780000e-05
0.6985        	5.780000e-05
0.699         	5.780000e-05
0.6995        	5.780000e-05
0.7           	5.780000e-05
0.7005        	5.780000e-05
0.701         	5.780000e-05
0.7015        	5.780000e-05
0.702         	5.780000e-05
0.7025        	5.780000e-05
0.703         	5.780000e-05
0.7035        	5.780000e-05
0.704         	5.780000e-05
0.7045        	5.780000e-05
0.705         	5.780000e-05
0.7055        	5.780000e-05
0.706         	5.780000e-05
0.7065        	5.780000e-05
0.707         	5.780000e-05
0.7075        	5.780000e-05
0.708         	5.780000e-05
0.7085        	5.780000e-05
0.709         	5.780000e-05
0.7095        	5.780000e-05
0.71          	5.780000e-05
0.7105        	5.780000e-05
0.711         	5.780000e-05
0.7115        	5.780000e-05
0.712         	5.780000e-05
0.7125        	5.780000e-05
0.713         	5.780000e-05
0.7135        	5.780000e-05
0.714         	5.780000e-05
0.7145        	5.780000e-05
0.715         	5.780000e-05
0.7155        	5.780000e-05
0.716         	5.780000e-05
0.7165        	5.780000e-05
0.717         	5.780000e-05
0.7175        	5.780000e-05
0.718         	5.780000e-05
0.7185        	5.780000e-05
0.719         	5.780000e-05
0.7195        	5.780000e-05
0.72          	5.780000e-05
0.7205        	5.780000e-05
0.721         	5.780000e-05
0.7215        	5.780000e-05
0.722         	5.780000e-05
0.7225        	5.780000e-05
0.723         	5.780000e-05
0.7235        	5.780000e-05
0.724         	5.780000e-05
0.7245        	5.780000e-05
0.725         	5.780000e-05
0.7255        	5.780000e-05
0.726         	5.780000e-05
0.7265        	5.780000e-05
0.727         	5.780000e-05
0.7275        	5.780000e-05
0.728         	5.780000e-05
0.7285        	5.780000e-05
0.729         	5.780000e-05
0.7295        	5.780000e-05
0.73          	5.780000e-05
0.7305        	5.780000e-05
0.731         	5.780000e-05
0.7315        	5.780000e-05
0.732         	5.780000e-05
0.7325        	5.780000e-05
0.733         	5.780000e-05
0.7335        	5.780000e-05
0.734         	5.780000e-05
0.7345        	5.780000e-05
0.735         	5.780000e-05
0.7355        	5.780000e-05
0.736         	5.780000e-05
0.7365        	5.780000e-05
0.737         	5.780000e-05
0.7375        	5.780000e-05
0.738         	5.780000e-05
0.7385        	5.780000e-05
0.739         	5.780000e-05
0.7395        	5.780000e-05
0.74          	5.780000e-05
0.7405        	5.780000e-05
0.741         	5.780000e-05
0.7415        	5.780000e-05
0.742         	5.780000e-05
0.7425        	5.780000e-05
0.743         	5.780000e-05
0.7435        	5.780000e-05
0.744         	5.780000e-05
0.7445        	5.780000e-05
0.745         	5.780000e-05
0.7455        	5.780000e-05
0.746         	5.780000e-05
0.7465        	5.780000e-05
0.747         	5.780000e-05
0.7475        	5.780000e-05
0.748         	5.780000e-05
0.7485        	5.780000e-05
0.749         	5.780000e-05
0.7495        	5.780000e-05
0.75          	5.780000e-05
0.7505        	5.780000e-05
0.751         	5.780000e-05
0.7515        	5.780000e-05
0.752         	5.780000e-05
0.7525        	5.780000e-05
0.753         	5.780000e-05
0.7535        	5.780000e-05
0.754         	5.780000e-05
0.7545        	5.780000e-05
0.755         	5.780000e-05
0.7555        	5.780000e-05
0.756         	5.780000e-05
0.7565        	5.780000e-05
0.757         	5.780000e-05
0.7575        	5.780000e-05
0.758         	5.780000e-05
0.7585        	5.780000e-05
0.759         	5.780000e-05
0.7595        	5.780000e-05
0.76          	5.780000e-05
0.7605        	5.780000e-05
0.761         	5.780000e-05
0.7615        	5.780000e-05
0.762         	5.780000e-05
0.7625        	5.780000e-05
0.763         	5.780000e-05
0.7635        	5.780000e-05
0.764         	5.780000e-05
0.7645        	5.780000e-05
0.765         	5.780000e-05
0.7655        	5.780000e-05
0.766         	5.780000e-05
0.7665        	5.780000e-05
0.767         	5.780000e-05
0.7675        	5.780000e-05
0.768         	5.780000e-05
0.7685        	5.780000e-05
0.769         	5.780000e-05
0.7695        	5.780000e-05
0.77          	5.780000e-05
0.7705        	5.780000e-05
0.771         	5.780000e-05
0.7715        	5.780000e-05
0.772         	5.780000e-05
0.7725        	5.780000e-05
0.773         	5.780000e-05
0.7735        	5.780000e-05
0.774         	5.780000e-05
0.7745        	5.780000e-05
0.775         	5.780000e-05
0.7755        	5.780000e-05
0.776         	5.780000e-05
0.7765        	5.780000e-05
0.777         	5.780000e-05
0.7775        	5.780000e-05
0.778         	5.780000e-05
0.7785        	5.780000e-05
0.779         	5.780000e-05
0.7795        	5.780000e-05
0.78          	5.780000e-05
0.7805        	5.780000e-05
0.781         	5.780000e-05
0.7815        	5.780000e-05
0.782         	5.780000e-05
0.7825        	5.780000e-05
0.783         	5.780000e-05
0.7835        	5.780000e-05
0.784         	5.780000e-05
0.7845        	5.780000e-05
0.785         	5.780000e-05
0.7855        	5.780000e-05
0.786         	5.780000e-05
0.7865        	5.780000e-05
0.787         	5.780000e-05
0.7875        	5.780000e-05
0.788         	5.780000e-05
0.7885        	5.780000e-05
0.789         	5.780000e-05
0.7895        	5.780000e-05
0.79          	5.780000e-05
0.7905        	5.780000e-05
0.791         	5.780000e-05
0.7915        	5.780000e-05
0.792         	5.780000e-05
0.7925        	5.780000e-05
0.793         	5.780000e-05
0.7935        	5.780000e-05
0.794         	5.780000e-05
0.7945        	5.780000e-05
0.795         	5.780000e-05
0.7955        	5.780000e-05
0.796         	5.780000e-05
0.7965        	5.780000e-05
0.797         	5.780000e-05
0.7975        	5.780000e-05
0.798         	5.780000e-05
0.7985        	5.780000e-05
0.799         	5.780000e-05
0.7995        	5.780000e-05
0.8           	5.780000e-05
0.8005        	5.780000e-05
0.801         	5.780000e-05
0.8015        	5.780000e-05
0.802         	5.780000e-05
0.8025        	5.780000e-05
0.803         	5.780000e-05
0.8035        	5.780000e-05
0.804         	5.780000e-05
0.8045        	5.780000e-05
0.805         	5.780000e-05
0.8055        	5.780000e-05
0.806         	5.780000e-05
0.8065        	5.780000e-05
0.807         	5.780000e-05
0.8075        	5.780000e-05
0.808         	5.780000e-05
0.8085        	5.780000e-05
0.809         	5.780000e-05
0.8095        	5.780000e-05
0.81          	5.780000e-05
0.8105        	5.780000e-05
0.811         	5.780000e-05
0.8115        	5.780000e-05
0.812         	5.780000e-05
0.8125        	5.780000e-05
0.813         	5.780000e-05
0.8135        	5.780000e-05
0.814         	5.780000e-05
0.8145        	5.780000e-05
0.815         	5.780000e-05
0.8155        	5.780000e-05
0.816         	5.780000e-05
0.8165        	5.780000e-05
0.817         	5.780000e-05
0.8175        	5.780000e-05
0.818         	5.780000e-05
0.8185        	5.780000e-05
0.819         	5.780000e-05
0.8195        	5.780000e-05
0.82          	5.780000e-05
0.8205        	5.780000e-05
0.821         	5.780000e-05
0.8215        	5.780000e-05
0.822         	5.780000e-05
0.8225        	5.780000e-05
0.823         	5.780000e-05
0.8235        	5.780000e-05
0.824         	5.780000e-05
0.8245        	5.780000e-05
0.825         	5.780000e-05
0.8255        	5.780000e-05
0.826         	5.780000e-05
0.8265        	5.780000e-05
0.827         	5.780000e-05
0.8275        	5.780000e-05
0.828         	5.780000e-05
0.8285        	5.780000e-05
0.829         	5.780000e-05
0.8295        	5.780000e-05
0.83          	5.780000e-05
0.8305        	5.780000e-05
0.831         	5.780000e-05
0.8315        	5.780000e-05
0.832         	5.780000e-05
0.8325        	5.780000e-05
0.833         	5.780000e-05
0.8335        	5.780000e-05
0.834         	5.780000e-05
0.8345        	5.780000e-05
0.835         	5.780000e-05
0.8355        	5.780000e-05
0.836         	5.780000e-05
0.8365        	5.780000e-05
0.837         	5.780000e-05
0.8375        	5.780000e-05
0.838         	5.780000e-05
0.8385        	5.780000e-05
0.839         	5.780000e-05
0.8395        	5.780000e-05
0.84          	5.780000e-05
0.8405        	5.780000e-05
0.841         	5.780000e-05
0.8415        	5.780000e-05
0.842         	5.780000e-05
0.8425        	5.780000e-05
0.843         	5.780000e-05
0.8435        	5.780000e-05
0.844         	5.780000e-05
0.8445        	5.780000e-05
0.845         	5.780000e-05
0.8455        	5.780000e-05
0.846         	5.780000e-05
0.8465        	5.780000e-05
0.847         	5.780000e-05
0.8475        	5.780000e-05
0.848         	5.780000e-05
0.8485        	5.780000e-05
0.849         	5.780000e-05
0.8495        	5.780000e-05
0.85          	5.780000e-05
0.8505        	5.780000e-05
0.851         	5.780000e-05
0.8515        	5.780000e-05
0.852         	5.780000e-05
0.8525        	5.780000e-05
0.853         	5.780000e-05
0.8535        	5.780000e-05
0.854         	5.780000e-05
0.8545        	5.780000e-05
0.855         	5.780000e-05
0.8555        	5.780000e-05
0.856         	5.780000e-05
0.8565        	5.780000e-05
0.857         	5.780000e-05
0.8575        	5.780000e-05
0.858         	5.780000e-05
0.8585        	5.780000e-05
0.859         	5.780000e-05
0.8595        	5.780000e-05
0.86          	5.780000e-05
0.8605        	5.780000e-05
0.861         	5.780000e-05
0.8615        	5.780000e-05
0.862         	5.780000e-05
0.8625        	5.780000e-05
0.863         	5.780000e-05
0.8635        	5.780000e-05
0.864         	5.780000e-05
0.8645        	5.780000e-05
0.865         	5.780000e-05
0.8655        	5.780000e-05
0.866         	5.780000e-05
0.8665        	5.780000e-05
0.867         	5.780000e-05
0.8675        	5.780000e-05
0.868         	5.780000e-05
0.8685        	5.780000e-05
0.869         	5.780000e-05
0.8695        	5.780000e-05
0.87          	5.780000e-05
0.8705        	5.780000e-05
0.871         	5.780000e-05
0.8715        	5.780000e-05
0.872         	5.780000e-05
0.8725        	5.780000e-05
0.873         	5.780000e-05
0.8735        	5.780000e-05
0.874         	5.780000e-05
0.8745        	5.780000e-05
0.875         	5.780000e-05
0.8755        	5.780000e-05
0.876         	5.780000e-05
0.8765        	5.780000e-05
0.877         	5.780000e-05
0.8775        	5.780000e-05
0.878         	5.780000e-05
0.8785        	5.780000e-05
0.879         	5.780000e-05
0.8795        	5.780000e-05
0.88          	5.780000e-05
0.8805        	5.780000e-05
0.881         	5.780000e-05
0.8815        	5.780000e-05
0.882         	5.780000e-05
0.8825        	5.780000e-05
0.883         	5.780000e-05
0.8835        	5.780000e-05
0.884         	5.780000e-05
0.8845        	5.780000e-05
0.885         	5.780000e-05
0.8855        	5.780000e-05
0.886         	5.780000e-05
0.8865        	5.780000e-05
0.887         	5.780000e-05
0.8875        	5.780000e-05
0.888         	5.780000e-05
0.8885        	5.780000e-05
0.889         	5.780000e-05
0.8895        	5.780000e-05
0.89          	5.780000e-05
0.8905        	5.780000e-05
0.891         	5.780000e-05
0.8915        	5.780000e-05
0.892         	5.780000e-05
0.8925        	5.780000e-05
0.893         	5.780000e-05
0.8935        	5.780000e-05
0.894         	5.780000e-05
0.8945        	5.780000e-05
0.895         	5.780000e-05
0.8955        	5.780000e-05
0.896         	5.780000e-05
0.8965        	5.780000e-05
0.897         	5.780000e-05
0.8975        	5.780000e-05
0.898         	5.780000e-05
0.8985        	5.780000e-05
0.899         	5.780000e-05
0.8995        	5.780000e-05
0.9           	5.780000e-05
0.9005        	5.780000e-05
0.901         	5.780000e-05
0.9015        	5.780000e-05
0.902         	5.780000e-05
0.9025        	5.780000e-05
0.903         	5.780000e-05
0.9035        	5.780000e-05
0.904         	5.780000e-05
0.9045        	5.780000e-05
0.905         	5.780000e-05
0.9055        	5.780000e-05
0.906         	5.780000e-05
0.9065        	5.780000e-05
0.907         	5.780000e-05
0.9075        	5.780000e-05
0.908         	5.780000e-05
0.9085        	5.780000e-05
0.909         	5.780000e-05
0.9095        	5.780000e-05
0.91          	5.780000e-05
0.9105        	5.780000e-05
0.911         	5.780000e-05
0.9115        	5.780000e-05
0.912         	5.780000e-05
0.9125        	5.780000e-05
0.913         	5.780000e-05
0.9135        	5.780000e-05
0.914         	5.780000e-05
0.9145        	5.780000e-05
0.915         	5.780000e-05
0.9155        	5.780000e-05
0.916         	5.780000e-05
0.9165        	5.780000e-05
0.917         	5.780000e-05
0.9175        	5.780000e-05
0.918         	5.780000e-05
0.9185        	5.780000e-05
0.919         	5.780000e-05
0.9195        	5.780000e-05
0.92          	5.780000e-05
0.9205        	5.780000e-05
0.921         	5.780000e-05
0.9215        	5.780000e-05
0.922         	5.780000e-05
0.9225        	5.780000e-05
0.923         	5.780000e-05
0.9235        	5.780000e-05
0.924         	5.780000e-05
0.9245        	5.780000e-05
0.925         	5.780000e-05
0.9255        	5.780000e-05
0.926         	5.780000e-05
0.9265        	5.780000e-05
0.927         	5.780000e-05
0.9275        	5.780000e-05
0.928         	5.780000e-05
0.9285        	5.780000e-05
0.929         	5.780000e-05
0.9295        	5.780000e-05
0.93          	5.780000e-05
0.9305        	5.780000e-05
0.931         	5.780000e-05
0.9315        	5.780000e-05
0.932         	5.780000e-05
0.9325        	5.780000e-05
0.933         	5.780000e-05
0.9335        	5.780000e-05
0.934         	5.780000e-05
0.9345        	5.780000e-05
0.935         	5.780000e-05
0.9355        	5.780000e-05
0.936         	5.780000e-05
0.9365        	5.780000e-05
0.937         	5.780000e-05
0.9375        	5.780000e-05
0.938         	5.780000e-05
0.9385        	5.780000e-05
0.939         	5.780000e-05
0.9395        	5.780000e-05
0.94          	5.780000e-05
0.9405        	5.780000e-05
0.941         	5.780000e-05
0.9415        	5.780000e-05
0.942         	5.780000e-05
0.9425        	5.780000e-05
0.943         	5.780000e-05
0.9435        	5.780000e-05
0.944         	5.780000e-05
0.9445        	5.780000e-05
0.945         	5.780000e-05
0.9455        	5.780000e-05
0.946         	5.780000e-05
0.9465        	5.780000e-05
0.947         	5.780000e-05
0.9475        	5.780000e-05
0.948         	5.780000e-05
0.9485        	5.780000e-05
0.949         	5.780000e-05
0.9495        	5.780000e-05
0.95          	5.780000e-05
0.9505        	5.780000e-05
0.951         	5.780000e-05
0.9515        	5.780000e-05
0.952         	5.780000e-05
0.9525        	5.780000e-05
0.953         	5.780000e-05
0.9535        	5.780000e-05
0.954         	5.780000e-05
0.9545        	5.780000e-05
0.955         	5.780000e-05
0.9555        	5.780000e-05
0.956         	5.780000e-05
0.9565        	5.780000e-05
0.957         	5.780000e-05
0.9575        	5.780000e-05
0.958         	5.780000e-05
0.9585        	5.780000e-05
0.959         	5.780000e-05
0.9595        	5.780000e-05
0.96          	5.780000e-05
0.9605        	5.780000e-05
0.961         	5.780000e-05
0.9615        	5.780000e-05
0.962         	5.780000e-05
0.9625        	5.780000e-05
0.963         	5.780000e-05
0.9635        	5.780000e-05
0.964         	5.780000e-05
0.9645        	5.780000e-05
0.965         	5.780000e-05
0.9655        	5.780000e-05
0.966         	5.780000e-05
0.9665        	5.780000e-05
0.967         	5.780000e-05
0.9675        	5.780000e-05
0.968         	5.780000e-05
0.9685        	5.780000e-05
0.969         	5.780000e-05
0.9695        	5.780000e-05
0.97          	5.780000e-05
0.9705        	5.780000e-05
0.971         	5.780000e-05
0.9715        	5.780000e-05
0.972         	5.780000e-05
0.9725        	5.780000e-05
0.973         	5.780000e-05
0.9735        	5.780000e-05
0.974         	5.780000e-05
0.9745        	5.780000e-05
0.975         	5.780000e-05
0.9755        	5.780000e-05
0.976         	5.780000e-05
0.9765        	5.780000e-05
0.977         	5.780000e-05
0.9775        	5.780000e-05
0.978         	5.780000e-05
0.9785        	5.780000e-05
0.979         	5.780000e-05
0.9795        	5.780000e-05
0.98          	5.780000e-05
0.9805        	5.780000e-05
0.981         	5.780000e-05
0.9815        	5.780000e-05
0.982         	5.780000e-05
0.9825        	5.780000e-05
0.983         	5.780000e-05
0.9835        	5.780000e-05
0.984         	5.780000e-05
0.9845        	5.780000e-05
0.985         	5.780000e-05
0.9855        	5.780000e-05
0.986         	5.780000e-05
0.9865        	5.780000e-05
0.987         	5.780000e-05
0.9875        	5.780000e-05
0.988         	5.780000e-05
0.9885        	5.780000e-05
0.989         	5.780000e-05
0.9895        	5.780000e-05
0.99          	5.780000e-05
0.9905        	5.780000e-05
0.991         	5.780000e-05
0.9915        	5.780000e-05
0.992         	5.780000e-05
0.9925        	5.780000e-05
0.993         	5.780000e-05
0.9935        	5.780000e-05
0.994         	5.780000e-05
0.9945        	5.780000e-05
0.995         	5.780000e-05
0.9955        	5.780000e-05
0.996         	5.780000e-05
0.9965        	5.780000e-05
0.997         	5.780000e-05
0.9975        	5.780000e-05
0.998         	5.780000e-05
0.9985        	5.780000e-05
0.999         	5.780000e-05
0.9995        	5.780000e-05
1             	5.780000e-05
