/*--------------------------------*- C++ -*----------------------------------*\
  =========                 |
  \\      /  F ield         | OpenFOAM: The Open Source CFD Toolbox
   \\    /   O peration     | Website:  https://openfoam.org
    \\  /    A nd           | Version:  6
     \\/     M anipulation  |
\*---------------------------------------------------------------------------*/
FoamFile
{
    version     2.0;
    format      ascii;
    class       surfaceScalarField;
    location    "0.03";
    object      phi;
}
// * * * * * * * * * * * * * * * * * * * * * * * * * * * * * * * * * * * * * //

dimensions      [0 3 -1 0 0 0 0];

internalField   nonuniform List<scalar> 
3120
(
-2.16386e-09
2.76636e-08
1.4279e-08
1.51869e-08
5.73741e-09
1.00223e-08
5.86408e-08
-3.14942e-09
7.10156e-09
1.96277e-08
-6.33558e-09
6.47307e-08
-9.59632e-09
5.68558e-08
7.89517e-09
-6.62431e-09
1.62131e-08
8.4762e-09
-3.43718e-09
5.77083e-09
9.63559e-09
1.87559e-08
1.11924e-08
8.28537e-09
-7.10053e-09
5.56221e-08
1.32776e-08
-7.23435e-09
3.49789e-08
8.84908e-09
-1.09377e-08
1.93793e-08
1.20055e-08
2.7722e-08
1.76177e-08
-1.54177e-08
-1.15002e-09
2.22834e-08
4.92289e-08
-1.07454e-09
3.16552e-08
2.82053e-08
-5.2876e-09
9.70108e-09
3.2903e-08
1.08592e-08
3.49771e-08
-1.38234e-09
-1.98221e-09
6.407e-09
1.0362e-08
1.79889e-09
4.04865e-09
1.02363e-08
8.25048e-09
3.45158e-09
9.57614e-09
1.78638e-09
9.71944e-09
2.75991e-09
-2.01472e-09
4.86634e-09
1.16967e-08
-5.13905e-10
1.5438e-09
9.48023e-09
1.80865e-09
5.64114e-10
1.02005e-08
3.74054e-09
9.96975e-09
1.07718e-09
-1.2397e-09
1.77612e-09
1.44338e-08
1.15859e-09
-5.21822e-09
1.32128e-08
2.03891e-09
-7.78297e-10
1.24676e-08
5.705e-09
1.34174e-08
4.27479e-09
-3.10178e-09
1.94454e-08
-1.79131e-09
9.6064e-09
1.95936e-08
-5.86486e-09
7.39286e-09
1.40772e-08
-2.94083e-09
1.21939e-08
4.57349e-09
7.18967e-09
7.80193e-11
-2.45285e-09
1.42117e-08
-5.23843e-10
-9.33825e-10
1.4126e-08
-8.91798e-10
5.39314e-10
1.41845e-08
1.8903e-09
1.38506e-08
-1.45376e-09
1.81878e-09
-4.27197e-09
1.53398e-08
4.40963e-10
-4.33367e-09
1.42579e-08
-6.32929e-10
-2.65548e-09
1.44692e-08
-5.05506e-10
1.47901e-08
-3.05748e-09
2.31223e-09
-5.65157e-09
1.71117e-08
2.14566e-09
-6.79124e-09
1.58369e-08
1.02775e-09
-4.82444e-09
1.57545e-08
-1.0311e-09
1.60962e-08
-1.1255e-09
2.1358e-09
1.87493e-08
-5.48725e-09
4.55801e-09
1.84904e-08
-8.11022e-09
4.42398e-09
1.70484e-08
-7.66167e-09
1.61542e-08
-1.97517e-09
1.40783e-09
7.7071e-10
-2.61127e-09
1.72759e-08
-4.5931e-10
-1.6105e-09
1.71099e-08
-1.41168e-09
-7.09814e-10
1.72557e-08
-4.93963e-11
1.7514e-08
-2.75006e-09
1.79266e-09
-3.65785e-09
1.79286e-08
2.92806e-10
-3.21395e-09
1.73612e-08
-1.0693e-09
-2.27031e-09
1.73918e-08
-1.09585e-09
1.77882e-08
-3.02095e-09
2.30388e-09
-4.15957e-09
1.88344e-08
1.1538e-09
-4.36039e-09
1.81335e-08
-7.29718e-11
-3.32328e-09
1.80342e-08
-1.44837e-09
1.82962e-08
-1.92038e-09
2.31787e-09
1.95568e-08
-4.20961e-09
2.19973e-09
1.92e-08
-4.95191e-09
1.50572e-09
1.87311e-08
-4.3119e-09
1.84832e-08
-1.77343e-09
-4.98255e-10
7.66148e-10
-1.90428e-09
1.89993e-08
-1.62371e-10
-1.39697e-09
1.88608e-08
-9.55101e-10
-9.06478e-10
1.89702e-08
-5.39257e-10
1.92725e-08
-1.74507e-09
1.26599e-09
-2.43124e-09
1.93717e-08
2.72638e-10
-2.10685e-09
1.90644e-08
-6.93451e-10
-1.61456e-09
1.9066e-08
-1.0234e-09
1.93411e-08
-1.76218e-09
1.59098e-09
-2.68723e-09
1.98629e-08
7.26908e-10
-2.59872e-09
1.94894e-08
-1.70133e-10
-2.08021e-09
1.93969e-08
-1.21219e-09
1.95518e-08
-1.23701e-09
1.72196e-09
2.0313e-08
-2.80558e-09
1.21671e-09
2.0003e-08
-2.89642e-09
5.60919e-10
1.9787e-08
-2.48036e-09
1.96923e-08
-1.32395e-09
-5.36466e-10
5.96167e-10
-1.36506e-09
1.99051e-08
2.8936e-11
-1.10214e-09
1.98071e-08
-4.72984e-10
-8.28944e-10
1.98638e-08
-6.04946e-10
2.00481e-08
-8.78754e-10
8.52321e-10
-1.62807e-09
2.01345e-08
2.79906e-10
-1.42452e-09
1.99592e-08
-2.86466e-10
-1.14624e-09
1.99496e-08
-8.22507e-10
2.00949e-08
-8.22747e-10
1.05145e-09
-1.76591e-09
2.04315e-08
5.42335e-10
-1.63855e-09
2.02126e-08
8.69591e-12
-1.35537e-09
2.01397e-08
-9.18273e-10
2.02024e-08
-5.46073e-10
1.18607e-09
2.07344e-08
-1.82078e-09
8.08878e-10
2.0508e-08
-1.76634e-09
3.85926e-10
2.03656e-08
-1.51104e-09
2.02891e-08
-9.51782e-10
-1.77287e-10
4.41979e-10
-9.94482e-10
2.03767e-08
1.18519e-10
-8.50013e-10
2.03078e-08
-1.72325e-10
-6.93149e-10
2.0327e-08
-5.53499e-10
2.0417e-08
-3.91772e-10
5.82584e-10
-1.12238e-09
2.05312e-08
2.66004e-10
-9.97513e-10
2.04233e-08
-4.68716e-11
-8.34734e-10
2.04041e-08
-6.48872e-10
2.04643e-08
-3.20852e-10
7.04596e-10
-1.18471e-09
2.07234e-08
4.2175e-10
-1.08808e-09
2.0586e-08
1.25746e-10
-9.24469e-10
2.05254e-08
-6.91888e-10
2.05317e-08
-1.60535e-10
8.02076e-10
2.09248e-08
-1.18544e-09
5.77325e-10
2.07679e-08
-1.12329e-09
3.30957e-10
2.066e-08
-9.72447e-10
2.05813e-08
-6.92542e-10
3.93657e-11
3.2731e-10
-7.30818e-10
2.06229e-08
1.45777e-10
-6.47999e-10
2.05732e-08
-2.03889e-11
-5.55121e-10
2.05717e-08
-4.66722e-10
2.06063e-08
-1.45524e-10
4.08034e-10
-7.88528e-10
2.0733e-08
2.34403e-10
-7.13042e-10
2.0662e-08
6.22606e-11
-6.164e-10
2.06375e-08
-5.06829e-10
2.06508e-08
-8.41163e-11
4.8192e-10
-8.07126e-10
2.0862e-08
3.27682e-10
-7.4448e-10
2.07716e-08
1.65381e-10
-6.48722e-10
2.07201e-08
-5.20347e-10
2.0697e-08
1.35502e-11
5.44345e-10
2.09936e-08
-7.8164e-10
4.19412e-10
2.08858e-08
-7.37411e-10
2.80155e-10
2.08007e-08
-6.50249e-10
2.07208e-08
-5.0504e-10
1.25338e-10
2.4371e-10
-5.38606e-10
2.07523e-08
1.41275e-10
-4.89869e-10
2.07155e-08
4.51871e-11
-4.33525e-10
2.07044e-08
-3.76955e-10
2.07097e-08
-2.93504e-11
2.91302e-10
-5.60833e-10
2.08327e-08
1.95541e-10
-5.15703e-10
2.07836e-08
9.92685e-11
-4.57878e-10
2.07581e-08
-3.92044e-10
2.0748e-08
1.70658e-11
3.35534e-10
-5.57571e-10
2.09209e-08
2.51659e-10
-5.19552e-10
2.08594e-08
1.61801e-10
-4.63607e-10
2.08157e-08
-3.9082e-10
2.07796e-08
7.79474e-11
3.73249e-10
2.10056e-08
-5.23995e-10
3.05429e-10
2.09308e-08
-4.96778e-10
2.27069e-10
2.08627e-08
-4.47171e-10
2.07846e-08
-3.69448e-10
1.41954e-10
1.81965e-10
-3.97105e-10
2.08206e-08
1.23403e-10
-3.67933e-10
2.0793e-08
6.67165e-11
-3.33125e-10
2.07785e-08
-2.9659e-10
2.07694e-08
2.06064e-11
2.10498e-10
-4.02365e-10
2.08796e-08
1.57118e-10
-3.75556e-10
2.08446e-08
1.0209e-10
-3.40709e-10
2.08207e-08
-3.00465e-10
2.08003e-08
5.37349e-11
2.36796e-10
-3.90143e-10
2.09407e-08
1.91055e-10
-3.67881e-10
2.08974e-08
1.40527e-10
-3.35223e-10
2.08607e-08
-2.92936e-10
2.08204e-08
9.22815e-11
2.58849e-10
2.09943e-08
-3.57441e-10
2.22467e-10
2.09413e-08
-3.41913e-10
1.78208e-10
2.08856e-08
-3.13923e-10
2.08111e-08
-2.7105e-10
1.29744e-10
1.35884e-10
-2.92687e-10
2.08565e-08
1.01854e-10
-2.75015e-10
2.08357e-08
6.76452e-11
-2.53198e-10
2.0821e-08
-2.2939e-10
2.08055e-08
3.81923e-11
1.53188e-10
-2.90554e-10
2.08999e-08
1.23053e-10
-2.74682e-10
2.08744e-08
9.08609e-11
-2.53515e-10
2.08533e-08
-2.28513e-10
2.0829e-08
6.1263e-11
1.68765e-10
-2.76106e-10
2.09423e-08
1.43713e-10
-2.63376e-10
2.09112e-08
1.14801e-10
-2.44277e-10
2.08804e-08
-2.19152e-10
2.08398e-08
8.59922e-11
1.81386e-10
2.09753e-08
-2.47836e-10
1.6207e-10
2.09367e-08
-2.39468e-10
1.36878e-10
2.08903e-08
-2.23758e-10
2.08199e-08
-1.99435e-10
1.08364e-10
1.01344e-10
-2.15644e-10
2.08754e-08
8.12067e-11
-2.04835e-10
2.08595e-08
6.00705e-11
-1.90986e-10
2.08459e-08
-1.75323e-10
2.08282e-08
4.07412e-11
1.11932e-10
-2.10857e-10
2.09072e-08
9.46831e-11
-2.01474e-10
2.08883e-08
7.54023e-11
-1.88498e-10
2.08701e-08
-1.72719e-10
2.08451e-08
5.667e-11
1.21142e-10
-1.97271e-10
2.09365e-08
1.07365e-10
-1.90132e-10
2.09136e-08
9.05164e-11
-1.78915e-10
2.08876e-08
-1.63665e-10
2.08485e-08
7.27442e-11
1.28243e-10
2.09557e-08
-1.74283e-10
1.18129e-10
2.09267e-08
-1.70037e-10
1.03648e-10
2.08871e-08
-1.61247e-10
2.08206e-08
-1.47079e-10
8.63686e-11
7.54391e-11
-1.5883e-10
2.08852e-08
6.32911e-11
-1.52162e-10
2.0873e-08
4.99222e-11
-1.43264e-10
2.0861e-08
-1.32855e-10
2.08429e-08
3.69433e-11
8.19689e-11
-1.53595e-10
2.09084e-08
7.19511e-11
-1.4805e-10
2.08942e-08
6.01304e-11
-1.40013e-10
2.08786e-08
-1.29899e-10
2.08544e-08
4.79385e-11
8.74103e-11
-1.42022e-10
2.09285e-08
7.98125e-11
-1.38097e-10
2.09113e-08
6.98073e-11
-1.31468e-10
2.08891e-08
-1.22021e-10
2.08519e-08
5.8529e-11
9.13383e-11
2.09383e-08
-1.23977e-10
8.61587e-11
2.09158e-08
-1.22001e-10
7.77407e-11
2.08812e-08
-1.17095e-10
2.0818e-08
-1.08634e-10
6.69915e-11
5.60345e-11
-1.16944e-10
2.08901e-08
4.85589e-11
-1.12795e-10
2.08808e-08
3.99113e-11
-1.07011e-10
2.08704e-08
-1.0002e-10
2.08527e-08
3.10297e-11
6.0092e-11
-1.12187e-10
2.0907e-08
5.41848e-11
-1.08909e-10
2.08962e-08
4.67717e-11
-1.03873e-10
2.08829e-08
-9.72918e-11
2.08598e-08
3.86501e-11
6.33065e-11
-1.0284e-10
2.09206e-08
5.91112e-11
-1.00734e-10
2.09073e-08
5.30565e-11
-9.6786e-11
2.08881e-08
-9.08163e-11
2.08528e-08
4.57232e-11
6.54354e-11
2.09239e-08
-8.89812e-11
6.28797e-11
2.09058e-08
-8.8202e-11
5.79275e-11
2.08748e-08
-8.5471e-11
2.08143e-08
-8.02971e-11
5.10834e-11
4.15244e-11
-8.60543e-11
2.08925e-08
3.68314e-11
-8.34524e-11
2.08853e-08
3.11218e-11
-7.96485e-11
2.08763e-08
-7.49048e-11
2.08593e-08
2.49509e-11
4.40647e-11
-8.208e-11
2.09048e-08
4.05263e-11
-8.01415e-11
2.08964e-08
3.57768e-11
-7.69485e-11
2.08849e-08
-7.26024e-11
2.0863e-08
3.02633e-11
4.59637e-11
-7.47706e-11
2.09137e-08
4.36499e-11
-7.36788e-11
2.09031e-08
3.99166e-11
-7.13061e-11
2.08862e-08
-6.74628e-11
2.08525e-08
3.50496e-11
4.70855e-11
2.09124e-08
-6.42784e-11
4.59066e-11
2.08974e-08
-6.40975e-11
4.29568e-11
2.0869e-08
-6.25824e-11
2.08106e-08
-5.93465e-11
3.85098e-11
3.06887e-11
-6.32565e-11
2.08937e-08
2.76862e-11
-6.16105e-11
2.0888e-08
2.38484e-11
-5.90811e-11
2.08802e-08
-5.58312e-11
2.0864e-08
1.9511e-11
3.2292e-11
-6.0088e-11
2.09025e-08
3.01388e-11
-5.89409e-11
2.08959e-08
2.70363e-11
-5.68911e-11
2.08859e-08
-5.3982e-11
2.08649e-08
2.32371e-11
3.34141e-11
-5.4491e-11
2.0908e-08
3.21436e-11
-5.39547e-11
2.08994e-08
2.97998e-11
-5.25144e-11
2.08841e-08
-4.99967e-11
2.08518e-08
2.65148e-11
3.39807e-11
2.09035e-08
-4.6628e-11
3.35078e-11
2.08906e-08
-4.67209e-11
3.17285e-11
2.08642e-08
-4.58844e-11
2.08074e-08
-4.38176e-11
2.87883e-11
2.26011e-11
-4.64032e-11
2.08941e-08
2.0647e-11
-4.53525e-11
2.08897e-08
1.803e-11
-4.36536e-11
2.08828e-08
-4.14088e-11
2.08672e-08
1.49572e-11
2.36217e-11
-4.39509e-11
2.09004e-08
2.22913e-11
-4.32715e-11
2.08951e-08
2.02305e-11
-4.19396e-11
2.08862e-08
-3.99693e-11
2.08661e-08
1.7584e-11
2.4285e-11
-3.97297e-11
2.09035e-08
2.35935e-11
-3.94901e-11
2.08963e-08
2.20973e-11
-3.86063e-11
2.08823e-08
-3.69314e-11
2.0851e-08
1.98507e-11
2.45519e-11
2.08967e-08
-3.3885e-11
2.44266e-11
2.08853e-08
-3.40822e-11
2.33401e-11
2.08603e-08
-3.36236e-11
2.08047e-08
-3.22782e-11
2.1368e-11
1.65599e-11
-3.39055e-11
2.08943e-08
1.52694e-11
-3.32298e-11
2.08907e-08
1.34665e-11
-3.20796e-11
2.08845e-08
-3.05203e-11
2.08695e-08
1.12811e-11
1.72142e-11
-3.20487e-11
2.08987e-08
1.63806e-11
-3.16462e-11
2.08944e-08
1.4994e-11
-3.07714e-11
2.08863e-08
-2.94247e-11
2.08669e-08
1.31381e-11
1.76062e-11
-2.89058e-11
2.09e-08
1.72353e-11
-2.88188e-11
2.08939e-08
1.62666e-11
-2.82706e-11
2.08807e-08
-2.71424e-11
2.08503e-08
1.47164e-11
1.77162e-11
2.08916e-08
-2.45965e-11
1.77494e-11
2.08813e-08
-2.48136e-11
1.70784e-11
2.08572e-08
-2.45646e-11
2.08026e-08
-2.36746e-11
1.57416e-11
1.20317e-11
-2.45872e-11
2.08943e-08
1.11708e-11
-2.41508e-11
2.08913e-08
9.92284e-12
-2.33691e-11
2.08857e-08
-2.22844e-11
2.08711e-08
8.37061e-12
1.24529e-11
-2.32089e-11
2.08974e-08
1.19245e-11
-2.29707e-11
2.08937e-08
1.09845e-11
-2.23919e-11
2.08862e-08
-2.14671e-11
2.08674e-08
9.68153e-12
1.26842e-11
-2.09008e-11
2.08974e-08
1.24897e-11
-2.08873e-11
2.0892e-08
1.18561e-11
-2.05439e-11
2.08795e-08
-1.97781e-11
2.08497e-08
1.07826e-11
1.27161e-11
2.08878e-08
-1.77565e-11
1.28098e-11
2.08783e-08
-1.79547e-11
1.23918e-11
2.08549e-08
-1.78211e-11
2.08009e-08
-1.72257e-11
1.14804e-11
8.61001e-12
-1.75745e-11
2.08942e-08
8.03496e-12
-1.72925e-11
2.08917e-08
7.17477e-12
-1.67629e-11
2.08865e-08
-1.6013e-11
2.08722e-08
6.08268e-12
8.88126e-12
-1.65742e-11
2.08963e-08
8.54466e-12
-1.64337e-11
2.08932e-08
7.90805e-12
-1.60503e-11
2.08862e-08
-1.54172e-11
2.08677e-08
6.99988e-12
9.01723e-12
-1.49106e-11
2.08954e-08
8.91866e-12
-1.49282e-11
2.08906e-08
8.50327e-12
-1.47119e-11
2.08786e-08
-1.41919e-11
2.08492e-08
7.7634e-12
9.01377e-12
2.08851e-08
-1.26541e-11
9.11897e-12
2.08761e-08
-1.28177e-11
8.85759e-12
2.08532e-08
-1.27472e-11
2.07997e-08
-1.23474e-11
8.23771e-12
5.98916e-12
-1.22137e-11
2.08941e-08
5.61051e-12
-1.20332e-11
2.0892e-08
5.02899e-12
-1.16803e-11
2.0887e-08
-1.11725e-11
2.0873e-08
4.27877e-12
6.16216e-12
-1.15115e-11
2.08956e-08
5.94948e-12
-1.14294e-11
2.08928e-08
5.52518e-12
-1.11786e-11
2.08861e-08
-1.07528e-11
2.08679e-08
4.90568e-12
6.2413e-12
-1.03494e-11
2.08941e-08
6.19379e-12
-1.03757e-11
2.08896e-08
5.92443e-12
-1.02403e-11
2.08779e-08
-9.89251e-12
2.08488e-08
5.4241e-12
6.22521e-12
2.08831e-08
-8.77738e-12
6.31818e-12
2.08745e-08
-8.90248e-12
6.15589e-12
2.0852e-08
-8.86607e-12
2.07988e-08
-8.60064e-12
5.74098e-12
3.95732e-12
-8.02908e-12
2.08941e-08
3.71726e-12
-7.91815e-12
2.08921e-08
3.34093e-12
-7.69371e-12
2.08874e-08
-7.3664e-12
2.08735e-08
2.84959e-12
4.06335e-12
-7.56466e-12
2.08951e-08
3.93244e-12
-7.51868e-12
2.08926e-08
3.66039e-12
-7.36173e-12
2.0886e-08
-7.08875e-12
2.0868e-08
3.25632e-12
4.10745e-12
-6.79857e-12
2.08932e-08
4.08503e-12
-6.82343e-12
2.08889e-08
3.91551e-12
-6.74209e-12
2.08775e-08
-6.52008e-12
2.08486e-08
3.59078e-12
4.08948e-12
2.08819e-08
-5.76411e-12
4.15883e-12
2.08735e-08
-5.85275e-12
4.05964e-12
2.08512e-08
-5.83557e-12
2.07982e-08
-5.66678e-12
3.79164e-12
2.4379e-12
-4.78307e-12
2.0894e-08
2.2928e-12
-4.72239e-12
2.08922e-08
2.0633e-12
-4.59386e-12
2.08876e-08
-4.40316e-12
2.08738e-08
1.76176e-12
2.49561e-12
-4.50491e-12
2.08948e-08
2.4157e-12
-4.48383e-12
2.08924e-08
2.249e-12
-4.39641e-12
2.0886e-08
-4.23892e-12
2.08681e-08
2.00051e-12
2.51547e-12
-4.04768e-12
2.08926e-08
2.50028e-12
-4.06937e-12
2.08885e-08
2.39527e-12
-4.02773e-12
2.08772e-08
-3.90124e-12
2.08484e-08
2.19495e-12
2.49765e-12
2.08811e-08
-3.43163e-12
2.53686e-12
2.08728e-08
-3.49181e-12
2.47377e-12
2.08507e-08
-3.48911e-12
2.07979e-08
-3.3935e-12
2.30616e-12
1.559e-12
-2.7344e-12
1.46312e-12
-2.7073e-12
1.31436e-12
-2.64076e-12
-2.53779e-12
1.12163e-12
1.58417e-12
-2.57126e-12
1.52606e-12
-2.56831e-12
1.41384e-12
-2.52667e-12
-2.44417e-12
1.25221e-12
1.58586e-12
-2.30763e-12
1.56541e-12
-2.32976e-12
1.48918e-12
-2.31433e-12
-2.24917e-12
1.35609e-12
1.56527e-12
-1.95759e-12
1.57739e-12
-2.00116e-12
1.5261e-12
-2.00639e-12
-1.95404e-12
1.40926e-12
-3.68983e-08
3.06418e-08
3.93161e-08
-1.90728e-08
-4.9082e-09
3.6135e-08
-1.37389e-08
3.90489e-08
1.00113e-09
5.00291e-08
-1.59402e-09
-1.39612e-08
-5.94289e-08
2.30843e-08
4.44325e-08
-1.3366e-07
2.51802e-08
6.84677e-08
-1.41344e-07
2.28943e-08
4.25624e-08
-3.72138e-08
-1.27862e-08
-2.50356e-08
-2.36139e-08
7.35813e-09
3.16966e-08
-3.77261e-08
1.47935e-08
5.15261e-08
-1.46083e-08
-1.14278e-08
4.0711e-08
-2.26065e-08
-1.67849e-09
-8.86464e-09
-6.29115e-09
2.83325e-08
-8.44938e-09
2.97034e-08
-5.4662e-09
4.26352e-08
6.62313e-09
-8.48118e-09
-4.0661e-09
2.24844e-09
2.29475e-08
1.22421e-08
-9.77399e-09
2.37359e-08
8.18438e-09
-1.36895e-08
1.58075e-08
4.81684e-09
5.15892e-09
1.18808e-09
-1.23507e-08
1.08219e-08
2.80987e-08
3.13979e-09
6.7562e-09
3.6447e-08
1.24332e-08
-1.19899e-09
2.07785e-08
-2.1931e-09
5.18739e-09
1.46948e-09
-8.92755e-09
7.41485e-09
3.13832e-08
-2.23873e-09
1.21779e-08
3.94156e-08
8.25894e-09
-5.48074e-10
2.95624e-08
-2.30955e-09
4.69052e-09
2.00639e-09
-2.98525e-09
3.653e-08
-5.36037e-09
4.42564e-08
4.35264e-09
3.23742e-08
6.37758e-09
2.28865e-09
2.00221e-09
-5.42264e-09
2.04389e-08
6.65001e-09
-8.99944e-09
1.99774e-08
6.74741e-09
-7.11758e-09
1.5166e-08
-7.7858e-10
9.2269e-09
1.48284e-09
3.5202e-10
-3.70172e-09
2.48873e-08
6.95894e-09
-5.57402e-09
2.64147e-08
7.41101e-09
-6.74432e-09
1.99532e-08
1.31546e-10
1.04794e-08
1.20888e-09
6.93891e-10
-2.67988e-09
3.05217e-08
5.24044e-09
-3.4541e-09
3.27491e-08
7.52583e-09
-3.08437e-09
2.36171e-08
1.89528e-10
1.14434e-08
7.14962e-10
1.39082e-09
3.56023e-08
4.65574e-09
3.75374e-08
6.52483e-09
2.74207e-08
1.26349e-08
4.57028e-10
2.59262e-09
-4.82686e-09
2.11477e-08
3.66271e-09
-5.68358e-09
1.9639e-08
3.10327e-09
-4.57696e-09
1.59905e-08
-1.0959e-09
1.10719e-08
5.80757e-10
2.32626e-09
-4.64164e-09
2.51175e-08
4.12956e-09
-5.04931e-09
2.39771e-08
3.71021e-09
-3.59553e-09
1.93911e-08
-3.20891e-10
1.3105e-08
3.09563e-10
2.32905e-09
-2.87708e-09
2.97115e-08
4.35615e-09
-3.03684e-09
2.87095e-08
3.96077e-09
-2.11841e-09
2.25354e-08
1.13835e-10
1.49211e-08
4.83074e-11
2.55711e-09
3.3888e-08
4.23462e-09
3.28231e-08
3.78023e-09
2.57567e-08
1.66387e-08
-1.09769e-10
2.06081e-09
-3.17011e-09
2.18125e-08
2.04094e-09
-3.22169e-09
1.99841e-08
1.49727e-09
-2.51928e-09
1.65731e-08
-9.61598e-10
1.18525e-08
3.54352e-10
2.04973e-09
-3.04733e-09
2.53933e-08
2.32112e-09
-2.99939e-09
2.34834e-08
1.75329e-09
-2.05516e-09
1.94948e-08
-5.05419e-10
1.41962e-08
2.05933e-10
2.03353e-09
-1.9272e-09
2.91313e-08
2.53462e-09
-1.90196e-09
2.7111e-08
1.9221e-09
-1.2793e-09
2.2372e-08
-1.26946e-10
1.63957e-08
6.90308e-11
2.05469e-09
3.25325e-08
2.51952e-09
3.04563e-08
1.89333e-09
2.51036e-08
1.84402e-08
-3.50243e-11
1.45202e-09
-1.96328e-09
2.21077e-08
1.27929e-09
-1.85248e-09
2.0243e-08
9.0449e-10
-1.4455e-09
1.68824e-08
-7.33361e-10
1.22047e-08
3.33856e-10
1.47641e-09
-1.80568e-09
2.54074e-08
1.40878e-09
-1.67525e-09
2.33738e-08
9.93947e-10
-1.18296e-09
1.96471e-08
-4.53519e-10
1.46561e-08
2.54237e-10
1.46193e-09
-1.13613e-09
2.86632e-08
1.49749e-09
-1.07107e-09
2.64713e-08
1.06458e-09
-7.0953e-10
2.23315e-08
-1.68588e-10
1.69966e-08
1.78815e-10
1.43743e-09
3.16114e-08
1.49102e-09
2.93316e-08
1.04001e-09
2.4845e-08
1.91993e-08
1.12292e-10
9.83908e-10
-1.21905e-09
2.21881e-08
8.53455e-10
-1.11288e-09
2.0363e-08
6.17254e-10
-8.86035e-10
1.70321e-08
-5.42918e-10
1.23634e-08
3.08867e-10
1.00192e-09
-1.07159e-09
2.53069e-08
9.05063e-10
-9.59676e-10
2.33175e-08
6.41773e-10
-7.01789e-10
1.97261e-08
-3.58866e-10
1.48507e-08
2.63088e-10
9.8944e-10
-6.59635e-10
2.83032e-08
9.33083e-10
-5.97557e-10
2.61655e-08
6.59539e-10
-4.08171e-10
2.23114e-08
-1.59989e-10
1.72385e-08
2.18692e-10
9.64084e-10
3.10117e-08
9.17541e-10
2.87806e-08
6.32843e-10
2.47216e-08
1.94966e-08
1.75547e-10
6.62776e-10
-7.71891e-10
2.21766e-08
5.85641e-10
-6.97141e-10
2.03999e-08
4.41682e-10
-5.69999e-10
1.70958e-08
-3.96256e-10
1.24327e-08
2.63589e-10
6.71323e-10
-6.52596e-10
2.51834e-08
6.03009e-10
-5.74248e-10
2.32629e-08
4.42844e-10
-4.35869e-10
1.97522e-08
-2.68465e-10
1.49302e-08
2.3554e-10
6.60627e-10
-3.91985e-10
2.80389e-08
6.06792e-10
-3.44878e-10
2.599e-08
4.40872e-10
-2.46057e-10
2.22875e-08
-1.28396e-10
1.73312e-08
2.08135e-10
6.41176e-10
3.0621e-08
5.89726e-10
2.84872e-08
4.18177e-10
2.46471e-08
1.96063e-08
1.80067e-10
4.49209e-10
-5.00955e-10
2.21346e-08
4.08116e-10
-4.53156e-10
2.03973e-08
3.21207e-10
-3.80869e-10
1.71165e-08
-2.88775e-10
1.24604e-08
2.1293e-10
4.51323e-10
-4.10545e-10
2.50723e-08
4.11268e-10
-3.59767e-10
2.32095e-08
3.15087e-10
-2.83387e-10
1.97509e-08
-1.97406e-10
1.49591e-08
1.94822e-10
4.42113e-10
-2.41334e-10
2.78491e-08
4.06708e-10
-2.09311e-10
2.58749e-08
3.07633e-10
-1.56245e-10
2.22595e-08
-9.76953e-11
1.73618e-08
1.77291e-10
4.2795e-10
3.03623e-08
3.92306e-10
2.83135e-08
2.90508e-10
2.45926e-08
1.96401e-08
1.59027e-10
3.07669e-10
-3.33274e-10
2.20879e-08
2.87664e-10
-3.03891e-10
2.03793e-08
2.35132e-10
-2.62049e-10
1.71171e-08
-2.10953e-10
1.24689e-08
1.66517e-10
3.06348e-10
-2.66698e-10
2.49824e-08
2.85402e-10
-2.34845e-10
2.31614e-08
2.27729e-10
-1.91288e-10
1.97378e-08
-1.44567e-10
1.49661e-08
1.54361e-10
2.98576e-10
-1.54025e-10
2.77134e-08
2.78883e-10
-1.33328e-10
2.57931e-08
2.1994e-10
-1.03713e-10
2.22308e-08
-7.27346e-11
1.73671e-08
1.42832e-10
2.88446e-10
3.01873e-08
2.67968e-10
2.82006e-08
2.07738e-10
2.45491e-08
1.96442e-08
1.30913e-10
2.13116e-10
-2.26754e-10
2.20459e-08
2.04603e-10
-2.08986e-10
2.03573e-08
1.72622e-10
-1.84285e-10
1.71096e-08
-1.54694e-10
1.2469e-08
1.2773e-10
2.10342e-10
-1.78279e-10
2.49127e-08
2.00698e-10
-1.58533e-10
2.31206e-08
1.65949e-10
-1.32872e-10
1.97211e-08
-1.06053e-10
1.49641e-08
1.19341e-10
2.03977e-10
-1.01569e-10
2.76159e-08
1.94522e-10
-8.84775e-11
2.57325e-08
1.59358e-10
-7.12978e-11
2.22044e-08
-5.38316e-11
1.73627e-08
1.11587e-10
1.96795e-10
3.00664e-08
1.86643e-10
2.81223e-08
1.50888e-10
2.45136e-08
1.96375e-08
1.03764e-10
1.49189e-10
-1.57246e-10
2.20111e-08
1.46586e-10
-1.46548e-10
2.03365e-08
1.26908e-10
-1.31655e-10
1.70997e-08
-1.1384e-10
1.24659e-08
9.68092e-11
1.46072e-10
-1.22057e-10
2.48599e-08
1.42588e-10
-1.09817e-10
2.30874e-08
1.2147e-10
-9.42229e-11
1.97048e-08
-7.80439e-11
1.49588e-08
9.091e-11
1.41002e-10
-6.88473e-11
2.75455e-08
1.37433e-10
-6.06115e-11
2.56869e-08
1.16312e-10
-5.02704e-11
2.21816e-08
-3.98255e-11
1.73552e-08
8.55991e-11
1.35941e-10
2.99813e-08
1.31877e-10
2.80658e-08
1.10495e-10
2.44847e-08
1.96277e-08
8.04107e-11
1.05401e-10
-1.10732e-10
2.19836e-08
1.05622e-10
-1.0427e-10
2.03185e-08
9.33607e-11
-9.50937e-11
1.709e-08
-8.39928e-11
1.24618e-08
7.27991e-11
1.02483e-10
-8.51748e-11
2.48202e-08
1.02105e-10
-7.7529e-11
2.3061e-08
8.9128e-11
-6.77744e-11
1.96905e-08
-5.7592e-11
1.4953e-08
6.85978e-11
9.85364e-11
-4.77043e-11
2.74943e-08
9.80385e-11
-4.24994e-11
2.56523e-08
8.52325e-11
-3.60617e-11
2.21627e-08
-2.9496e-11
1.73474e-08
6.49092e-11
9.49819e-11
2.99205e-08
9.41622e-11
2.80241e-08
8.12463e-11
2.44615e-08
1.96181e-08
6.14349e-11
7.50316e-11
-7.89056e-11
2.19622e-08
7.64366e-11
-7.49709e-11
2.03039e-08
6.86921e-11
-6.91909e-11
1.70814e-08
-6.20654e-11
1.24578e-08
5.4443e-11
7.25283e-11
-6.03105e-11
2.47906e-08
7.35497e-11
-5.54757e-11
2.30405e-08
6.54758e-11
-4.92102e-11
1.96786e-08
-4.2577e-11
1.49475e-08
5.14253e-11
6.95088e-11
-3.36135e-11
2.74569e-08
7.04362e-11
-3.02889e-11
2.56262e-08
6.25836e-11
-2.61601e-11
2.21475e-08
-2.18673e-11
1.73404e-08
4.88351e-11
6.70169e-11
2.98766e-08
6.77425e-11
2.79931e-08
5.98475e-11
2.44433e-08
1.96095e-08
4.64846e-11
5.37292e-11
-5.67147e-11
2.19459e-08
5.54855e-11
-5.42913e-11
2.02923e-08
5.05256e-11
-5.05723e-11
1.70744e-08
-4.58822e-11
1.24543e-08
4.05424e-11
5.16873e-11
-4.31612e-11
2.47685e-08
5.32051e-11
-4.00582e-11
2.30248e-08
4.81149e-11
-3.5938e-11
1.9669e-08
-3.14974e-11
1.49429e-08
3.83629e-11
4.94067e-11
-2.3976e-11
2.74294e-08
5.08617e-11
-2.18226e-11
2.56065e-08
4.59866e-11
-1.91059e-11
2.21355e-08
-1.62147e-11
1.73346e-08
3.65287e-11
4.76603e-11
2.98446e-08
4.89906e-11
2.79699e-08
4.41015e-11
2.44291e-08
1.96025e-08
3.49231e-11
3.86354e-11
-4.09998e-11
2.19337e-08
4.03469e-11
-3.9487e-11
2.02834e-08
3.71274e-11
-3.70463e-11
1.70688e-08
-3.38946e-11
1.24515e-08
3.00764e-11
3.70226e-11
-3.11104e-11
2.47522e-08
3.85883e-11
-2.90875e-11
2.30128e-08
3.53364e-11
-2.63228e-11
1.96615e-08
-2.32874e-11
1.49391e-08
2.84972e-11
3.53172e-11
-1.72438e-11
2.74093e-08
3.68438e-11
-1.58281e-11
2.55918e-08
3.37783e-11
-1.4002e-11
2.21263e-08
-1.20123e-11
1.73299e-08
2.71905e-11
3.40928e-11
2.98213e-08
3.55426e-11
2.79526e-08
3.2474e-11
2.44181e-08
1.95969e-08
2.60844e-11
2.78416e-11
-2.97258e-11
2.19245e-08
2.93419e-11
-2.87679e-11
2.02765e-08
2.72266e-11
-2.71383e-11
1.70644e-08
-2.49856e-11
1.24492e-08
2.22199e-11
2.65966e-11
-2.25119e-11
2.47401e-08
2.80084e-11
-2.11733e-11
2.30038e-08
2.5905e-11
-1.9288e-11
1.96558e-08
-1.71815e-11
1.49361e-08
2.10744e-11
2.53321e-11
-1.246e-11
2.73945e-08
2.67205e-11
-1.15159e-11
2.55807e-08
2.47689e-11
-1.02679e-11
2.21192e-08
-8.87807e-12
1.73262e-08
2.01402e-11
2.44733e-11
2.98042e-08
2.58142e-11
2.79398e-08
2.3863e-11
2.44098e-08
1.95925e-08
1.93731e-11
2.00526e-11
-2.15444e-11
2.19177e-08
2.12908e-11
-2.09296e-11
2.02714e-08
1.98871e-11
-1.98267e-11
1.70611e-08
-1.83394e-11
1.24474e-08
1.63244e-11
1.91091e-11
-1.62954e-11
2.47312e-08
2.02939e-11
-1.53985e-11
2.29971e-08
1.89187e-11
-1.4098e-11
1.96514e-08
-1.26222e-11
1.49339e-08
1.54949e-11
1.81794e-11
-9.01107e-12
2.73837e-08
1.93504e-11
-8.37406e-12
2.55725e-08
1.80941e-11
-7.51124e-12
2.21139e-08
-6.53187e-12
1.73234e-08
1.48266e-11
1.75775e-11
2.97918e-08
1.8719e-11
2.79303e-08
1.74637e-11
2.44036e-08
1.95891e-08
1.42925e-11
1.43747e-11
-1.5538e-11
2.19127e-08
1.53541e-11
-1.51392e-11
2.02676e-08
1.4417e-11
-1.43867e-11
1.70586e-08
-1.33536e-11
1.24461e-08
1.18878e-11
1.36724e-11
-1.17432e-11
2.47247e-08
1.46197e-11
-1.11375e-11
2.29921e-08
1.37142e-11
-1.02355e-11
1.96482e-08
-9.19811e-12
1.49321e-08
1.12906e-11
1.29961e-11
-6.4903e-12
2.73758e-08
1.39355e-11
-6.05742e-12
2.55665e-08
1.31203e-11
-5.45774e-12
2.21099e-08
-4.766e-12
1.73213e-08
1.08143e-11
1.25758e-11
2.97827e-08
1.34967e-11
2.79233e-08
1.26823e-11
2.43989e-08
1.95866e-08
1.04425e-11
1.0181e-11
-1.10667e-11
2.19091e-08
1.09268e-11
-1.08068e-11
2.02649e-08
1.03019e-11
-1.02937e-11
1.70567e-08
-9.57847e-12
1.24451e-08
8.52414e-12
9.66976e-12
-8.36034e-12
2.472e-08
1.03963e-11
-7.95128e-12
2.29885e-08
9.79984e-12
-7.3278e-12
1.96458e-08
-6.60263e-12
1.49308e-08
8.09973e-12
9.18595e-12
-4.6195e-12
2.73702e-08
9.90804e-12
-4.32559e-12
2.55621e-08
9.37814e-12
-3.91028e-12
2.2107e-08
-3.42482e-12
1.73197e-08
7.7641e-12
8.89538e-12
2.97762e-08
9.60586e-12
2.79183e-08
9.0763e-12
2.43955e-08
1.95848e-08
7.5073e-12
7.02734e-12
-7.67432e-12
2.19066e-08
7.56973e-12
-7.50654e-12
2.02629e-08
7.15863e-12
-7.16204e-12
1.70554e-08
-6.67597e-12
1.24444e-08
5.93834e-12
6.6674e-12
-5.79708e-12
2.47167e-08
7.19849e-12
-5.52476e-12
2.2986e-08
6.81024e-12
-5.10158e-12
1.96441e-08
-4.60485e-12
1.49299e-08
5.64475e-12
6.33117e-12
-3.20361e-12
2.73663e-08
6.8598e-12
-3.00697e-12
2.55591e-08
6.5188e-12
-2.72446e-12
2.2105e-08
-2.39073e-12
1.73186e-08
5.41406e-12
6.13465e-12
2.97717e-08
6.65602e-12
2.79147e-08
6.31501e-12
2.43931e-08
1.95834e-08
5.24027e-12
4.61113e-12
-5.03972e-12
2.19049e-08
4.97689e-12
-4.9357e-12
2.02616e-08
4.71463e-12
-4.71496e-12
1.70546e-08
-4.39993e-12
1.24439e-08
3.91601e-12
4.37123e-12
-3.80875e-12
2.47146e-08
4.73079e-12
-3.6349e-12
2.29844e-08
4.48524e-12
-3.36063e-12
1.9643e-08
-3.03607e-12
1.49293e-08
3.72312e-12
4.14886e-12
-2.10793e-12
2.73637e-08
4.5071e-12
-1.98119e-12
2.55571e-08
4.29313e-12
-1.7968e-12
2.21036e-08
-1.57728e-12
1.73179e-08
3.57172e-12
4.02074e-12
2.97687e-08
4.37444e-12
2.79124e-08
4.16024e-12
2.43916e-08
1.95826e-08
3.45825e-12
2.79916e-12
-3.00029e-12
2.19039e-08
3.01069e-12
-2.94292e-12
2.02609e-08
2.8455e-12
-2.81594e-12
1.70541e-08
-2.6312e-12
1.24436e-08
2.35938e-12
2.64986e-12
-2.27108e-12
2.47133e-08
2.85868e-12
-2.16965e-12
2.29834e-08
2.70511e-12
-2.00783e-12
1.96424e-08
-1.81404e-12
1.4929e-08
2.24202e-12
2.51046e-12
-1.26657e-12
2.73622e-08
2.71843e-12
-1.19049e-12
2.55559e-08
2.58415e-12
-1.07904e-12
2.21028e-08
-9.44787e-13
1.73174e-08
2.14733e-12
2.42748e-12
2.9767e-08
2.63215e-12
2.7911e-08
2.49792e-12
2.43906e-08
1.9582e-08
2.0743e-12
1.72295e-12
-1.71166e-12
1.82346e-12
-1.68274e-12
1.69916e-12
-1.613e-12
-1.50696e-12
1.39204e-12
1.62728e-12
-1.29098e-12
1.72777e-12
-1.23422e-12
1.61189e-12
-1.14221e-12
-1.0282e-12
1.3176e-12
1.53168e-12
-6.94386e-13
1.63062e-12
-6.54097e-13
1.52564e-12
-5.94405e-13
-5.21163e-13
1.25011e-12
1.46742e-12
1.56262e-12
1.45877e-12
1.19564e-12
2.71826e-08
2.18693e-08
2.46691e-08
-1.28331e-08
1.70796e-08
3.81377e-08
-7.4406e-08
3.98672e-08
4.44199e-09
5.82826e-09
9.59127e-10
1.23093e-08
1.41555e-08
2.51347e-08
1.82544e-08
4.8467e-09
3.07033e-08
2.97343e-08
1.12546e-08
4.43541e-08
1.08485e-08
5.51412e-08
-9.63838e-10
1.0955e-08
8.42938e-09
7.41621e-09
2.68207e-10
1.51273e-08
2.35829e-08
-4.3398e-09
2.11029e-08
6.98695e-09
1.2154e-08
3.43441e-09
5.41261e-09
-1.01721e-08
4.70676e-09
-1.3326e-08
7.18651e-09
1.22075e-08
7.7447e-09
5.03685e-09
1.5122e-08
1.26387e-08
5.94073e-09
2.84158e-08
1.9729e-09
8.6285e-11
2.32891e-08
-4.96482e-09
2.43293e-08
5.35042e-09
8.06852e-09
1.78298e-08
5.92697e-09
6.93608e-09
2.91314e-08
4.18287e-09
6.03734e-09
4.01472e-08
3.69614e-09
5.06631e-08
5.37505e-09
2.14733e-09
1.32503e-08
8.31747e-09
5.64585e-10
1.85564e-08
1.1322e-08
-6.61688e-10
2.47974e-08
-1.55381e-09
2.87259e-08
8.08287e-09
7.85482e-09
5.17938e-09
9.64431e-09
2.11049e-09
1.16001e-08
1.50528e-08
-1.62393e-09
1.62793e-09
1.85058e-08
2.67709e-09
5.824e-10
2.5847e-08
1.2793e-09
-2.86426e-09
2.91179e-08
-4.86362e-09
3.13638e-08
-3.77408e-09
2.12306e-09
1.80512e-08
-3.09735e-09
2.98897e-09
2.60481e-08
-2.95306e-09
2.69507e-09
3.44436e-08
1.97559e-09
4.08708e-08
-1.27434e-09
6.14705e-10
1.49075e-08
-7.45808e-10
1.37656e-09
1.96403e-08
4.3463e-11
1.86933e-09
2.48339e-08
2.18629e-09
2.85587e-08
1.16358e-09
1.01966e-08
7.36615e-10
1.26567e-08
-2.42421e-10
1.51634e-08
1.74537e-08
-3.14817e-09
3.57469e-10
2.01862e-08
-1.60425e-09
-3.35193e-10
2.50253e-08
-3.75264e-10
-1.72172e-09
2.89508e-08
-2.48616e-09
3.19923e-08
-4.2713e-09
6.53004e-10
1.9006e-08
-4.08383e-09
1.35506e-09
2.41704e-08
-2.56319e-09
1.61509e-09
2.95861e-08
1.60309e-09
3.42184e-08
-2.69015e-09
3.57711e-10
1.59726e-08
-2.48231e-09
1.0937e-09
1.96938e-08
-1.20316e-09
1.63995e-09
2.35299e-08
2.06301e-09
2.68956e-08
-8.34423e-10
1.14713e-08
-8.01208e-10
1.40268e-08
-4.78092e-10
1.65286e-08
1.89288e-08
-2.13908e-09
-2.25532e-10
2.10212e-08
-1.67289e-09
-4.585e-10
2.47445e-08
-7.92467e-10
-9.14183e-10
2.81967e-08
-1.19146e-09
3.11899e-08
-2.52064e-09
-4.57898e-11
1.95848e-08
-2.51611e-09
3.39351e-10
2.3368e-08
-1.63212e-09
5.78599e-10
2.72093e-08
6.85074e-10
3.07097e-08
-1.76061e-09
-5.76961e-11
1.65081e-08
-1.70918e-09
3.53775e-10
1.9628e-08
-1.01912e-09
6.86679e-10
2.27318e-08
9.62451e-10
2.55991e-08
-7.70125e-10
1.20016e-08
-7.33726e-10
1.45501e-08
-4.75202e-10
1.70258e-08
1.9381e-08
-1.13219e-09
-3.91591e-10
2.14132e-08
-1.00237e-09
-4.26635e-10
2.46425e-08
-5.67924e-10
-5.43335e-10
2.77179e-08
-6.24494e-10
3.04812e-08
-1.2142e-09
-2.96213e-10
1.98808e-08
-1.24584e-09
-8.98548e-11
2.30628e-08
-8.39165e-10
6.44822e-11
2.61949e-08
1.5957e-10
2.90865e-08
-8.42038e-10
-2.61107e-10
1.67689e-08
-8.52645e-10
-4.9285e-11
1.9598e-08
-5.42019e-10
1.32543e-10
2.23531e-08
2.88831e-10
2.49278e-08
-3.47394e-10
1.22444e-08
-3.62766e-10
1.47704e-08
-2.39973e-10
1.72143e-08
1.95422e-08
-5.40935e-10
-4.09339e-10
2.16031e-08
-5.12889e-10
-3.80049e-10
2.46064e-08
-3.12875e-10
-3.88981e-10
2.74674e-08
-4.02897e-10
3.00642e-08
-5.26789e-10
-3.59095e-10
2.00365e-08
-5.62107e-10
-2.40505e-10
2.29586e-08
-3.87735e-10
-1.46227e-10
2.57777e-08
-8.25929e-11
2.83784e-08
-3.34002e-10
-3.20955e-10
1.69043e-08
-3.68584e-10
-2.08401e-10
1.96005e-08
-2.47462e-10
-1.09287e-10
2.2195e-08
-2.22383e-11
2.462e-08
-8.8305e-11
1.236e-08
-1.33158e-10
1.48699e-08
-1.01121e-10
1.72917e-08
1.95944e-08
-2.34603e-10
-3.72228e-10
2.17042e-08
-2.39139e-10
-3.30648e-10
2.46004e-08
-1.53641e-10
-3.0983e-10
2.73493e-08
-3.02741e-10
2.98498e-08
-2.00417e-10
-3.4194e-10
2.01225e-08
-2.34004e-10
-2.69082e-10
2.29306e-08
-1.67244e-10
-2.09562e-10
2.56107e-08
-1.68261e-10
2.80767e-08
-9.55658e-11
-3.04643e-10
1.69761e-08
-1.35701e-10
-2.40799e-10
1.96123e-08
-9.96131e-11
-1.83783e-10
2.21331e-08
-1.33321e-10
2.44854e-08
2.90962e-11
1.24152e-08
-2.19711e-11
1.49158e-08
-2.98306e-11
1.73239e-08
1.96113e-08
-8.44917e-11
-3.16416e-10
2.17641e-08
-9.89753e-11
-2.79362e-10
2.46088e-08
-6.80569e-11
-2.54275e-10
2.73012e-08
-2.4237e-10
2.97498e-08
-5.38681e-11
-2.95164e-10
2.01722e-08
-8.39119e-11
-2.48283e-10
2.29296e-08
-6.55688e-11
-2.09217e-10
2.55473e-08
-1.82073e-10
2.79508e-08
4.86937e-12
-2.6021e-10
1.70142e-08
-3.27674e-11
-2.21676e-10
1.96234e-08
-3.21888e-11
-1.87011e-10
2.21104e-08
-1.56554e-10
2.44277e-08
6.94085e-11
1.24405e-08
2.26217e-11
1.49357e-08
7.15543e-13
1.73361e-08
1.96145e-08
-1.47614e-11
-2.58165e-10
2.18026e-08
-3.09159e-11
-2.29227e-10
2.46229e-08
-2.48914e-11
-2.07348e-10
2.72875e-08
-1.95972e-10
2.97095e-08
7.62362e-12
-2.41799e-10
2.0202e-08
-1.80001e-11
-2.10658e-10
2.29366e-08
-2.00647e-11
-1.84239e-10
2.55262e-08
-1.66074e-10
2.79009e-08
4.11434e-11
-2.10647e-10
1.70342e-08
8.95503e-12
-1.86167e-10
1.96311e-08
-3.37935e-12
-1.64089e-10
2.21025e-08
-1.45049e-10
2.44033e-08
7.51544e-11
1.24509e-08
3.60376e-11
1.4943e-08
1.18837e-11
1.7339e-08
1.96122e-08
1.48078e-11
-2.05008e-10
2.18289e-08
1.65602e-14
-1.8356e-10
2.46379e-08
-4.45341e-12
-1.66323e-10
2.72894e-08
-1.56918e-10
2.96984e-08
2.9895e-11
-1.91985e-10
2.02203e-08
8.82037e-12
-1.70841e-10
2.2945e-08
-7.36099e-13
-1.52598e-10
2.55221e-08
-1.40247e-10
2.78835e-08
4.92394e-11
-1.65443e-10
1.70444e-08
2.3027e-11
-1.4928e-10
1.96357e-08
7.54662e-12
-1.34702e-10
2.21001e-08
-1.22468e-10
2.43931e-08
6.7382e-11
1.24542e-08
3.61594e-11
1.49443e-08
1.43551e-11
1.73377e-08
1.96079e-08
2.48881e-11
-1.59763e-10
2.18473e-08
1.24086e-11
-1.44211e-10
2.46518e-08
4.30654e-12
-1.31186e-10
2.72975e-08
-1.23849e-10
2.97006e-08
3.46818e-11
-1.4938e-10
2.02319e-08
1.7819e-11
-1.34789e-10
2.29524e-08
6.56027e-12
-1.22004e-10
2.55242e-08
-1.13483e-10
2.78797e-08
4.59313e-11
-1.27548e-10
1.70494e-08
2.52139e-11
-1.16569e-10
1.96382e-08
1.05546e-11
-1.06679e-10
2.20995e-08
-9.8621e-11
2.43888e-08
5.56793e-11
1.24541e-08
3.14103e-11
1.49429e-08
1.33316e-11
1.73347e-08
1.9603e-08
2.59776e-11
-1.22826e-10
2.18606e-08
1.59013e-11
-1.11643e-10
2.46635e-08
7.31292e-12
-1.01982e-10
2.73071e-08
-9.64109e-11
2.97078e-08
3.22292e-11
-1.14627e-10
2.02394e-08
1.90135e-11
-1.0443e-10
2.29584e-08
8.47831e-12
-9.5371e-11
2.55281e-08
-8.94218e-11
2.78812e-08
3.88131e-11
-9.71386e-11
1.70516e-08
2.27586e-11
-8.95263e-11
1.96393e-08
1.028e-11
-8.26792e-11
2.20992e-08
-7.72716e-11
2.43869e-08
4.40676e-11
1.24527e-08
2.55148e-11
1.49405e-08
1.11805e-11
1.73312e-08
1.95984e-08
2.33251e-11
-9.34778e-11
2.18702e-08
1.54072e-11
-8.54501e-11
2.46731e-08
7.64677e-12
-7.8344e-11
2.73162e-08
-7.4171e-11
2.97163e-08
2.72943e-11
-8.70808e-11
2.02444e-08
1.70984e-11
-7.98832e-11
2.29631e-08
8.13889e-12
-7.34104e-11
2.55321e-08
-6.92152e-11
2.78843e-08
3.11727e-11
-7.33495e-11
1.70524e-08
1.89024e-11
-6.79922e-11
1.96397e-08
8.83709e-12
-6.31811e-11
2.20991e-08
-5.94943e-11
2.4386e-08
3.40022e-11
1.24509e-08
1.99752e-11
1.4938e-08
8.90372e-12
1.7328e-08
1.95942e-08
1.94741e-11
-7.05792e-11
2.18772e-08
1.33656e-11
-6.4811e-11
2.46806e-08
6.86466e-12
-5.96035e-11
2.7324e-08
-5.65013e-11
2.97242e-08
2.19979e-11
-6.56467e-11
2.02477e-08
1.42266e-11
-6.0526e-11
2.29666e-08
6.98529e-12
-5.58728e-11
2.55356e-08
-5.28911e-11
2.78877e-08
2.42991e-11
-5.50296e-11
1.70526e-08
1.50165e-11
-5.12193e-11
1.96397e-08
7.14889e-12
-4.78024e-11
2.20989e-08
-4.52564e-11
2.43855e-08
2.58144e-11
1.24491e-08
1.52929e-11
1.49356e-08
6.88287e-12
1.73251e-08
1.95908e-08
1.55864e-11
-5.2933e-11
2.18824e-08
1.09372e-11
-4.87813e-11
2.46864e-08
5.72345e-12
-4.49723e-11
2.73304e-08
-4.26774e-11
2.9731e-08
1.72003e-11
-4.91701e-11
2.025e-08
1.13347e-11
-4.55058e-11
2.29691e-08
5.66145e-12
-4.21467e-11
2.55385e-08
-4.00151e-11
2.78907e-08
1.85769e-11
-4.10611e-11
1.70524e-08
1.16115e-11
-3.83316e-11
1.96395e-08
5.58533e-12
-3.5887e-11
2.20986e-08
-3.41112e-11
2.43852e-08
1.93793e-11
1.24475e-08
1.15366e-11
1.49336e-08
5.22146e-12
1.73227e-08
1.9588e-08
1.21318e-11
-3.94434e-11
2.18862e-08
8.63219e-12
-3.6452e-11
2.46909e-08
4.5686e-12
-3.36712e-11
2.73354e-08
-3.19806e-11
2.97364e-08
1.3172e-11
-3.66011e-11
2.02516e-08
8.78289e-12
-3.39698e-11
2.29711e-08
4.43218e-12
-3.15399e-11
2.55407e-08
-3.00107e-11
2.78932e-08
1.40028e-11
-3.04732e-11
1.70521e-08
8.81435e-12
-2.85101e-11
1.96392e-08
4.26603e-12
-2.67537e-11
2.20984e-08
-2.5506e-11
2.4385e-08
1.44199e-11
1.24462e-08
8.6079e-12
1.4932e-08
3.90856e-12
1.73208e-08
1.95858e-08
9.24503e-12
-2.91749e-11
2.18889e-08
6.63857e-12
-2.70212e-11
2.46942e-08
3.53911e-12
-2.49978e-11
2.73393e-08
-2.3759e-11
2.97407e-08
9.92111e-12
-2.70497e-11
2.02526e-08
6.66615e-12
-2.5159e-11
2.29724e-08
3.38586e-12
-2.34026e-11
2.55424e-08
-2.23049e-11
2.78951e-08
1.04272e-11
-2.24678e-11
1.70518e-08
6.59274e-12
-2.10548e-11
1.96389e-08
3.20273e-12
-1.97918e-11
2.20982e-08
-1.8912e-11
2.43848e-08
1.06377e-11
1.24452e-08
6.35944e-12
1.49307e-08
2.89283e-12
1.73193e-08
1.9584e-08
6.90893e-12
-2.13589e-11
2.1891e-08
4.99186e-12
-1.98156e-11
2.46967e-08
2.67416e-12
-1.83533e-11
2.73422e-08
-1.74531e-11
2.9744e-08
7.35117e-12
-1.97897e-11
2.02534e-08
4.96457e-12
-1.84362e-11
2.29734e-08
2.53224e-12
-1.71729e-11
2.55436e-08
-1.63881e-11
2.78966e-08
7.66212e-12
-1.64071e-11
1.70515e-08
4.85794e-12
-1.53941e-11
1.96387e-08
2.3653e-12
-1.44894e-11
2.2098e-08
-1.38696e-11
2.43846e-08
7.76363e-12
1.24444e-08
4.64437e-12
1.49297e-08
2.11464e-12
1.73182e-08
1.95827e-08
5.04554e-12
-1.53784e-11
2.18924e-08
3.66108e-12
-1.42855e-11
2.46985e-08
1.96786e-12
-1.32431e-11
2.73443e-08
-1.25989e-11
2.97464e-08
5.33501e-12
-1.42408e-11
2.02539e-08
3.6153e-12
-1.32828e-11
2.29742e-08
1.84924e-12
-1.23855e-11
2.55445e-08
-1.18309e-11
2.78977e-08
5.52698e-12
-1.17898e-11
1.70513e-08
3.51025e-12
-1.10719e-11
1.96385e-08
1.71147e-12
-1.04313e-11
2.20978e-08
-9.99862e-12
2.43845e-08
5.57248e-12
1.24438e-08
3.33424e-12
1.4929e-08
1.51876e-12
1.73173e-08
1.95818e-08
3.56179e-12
-1.07454e-11
2.18934e-08
2.59248e-12
-9.9912e-12
2.46998e-08
1.39716e-12
-9.26827e-12
2.73458e-08
-8.82014e-12
2.97482e-08
3.7488e-12
-9.94663e-12
2.02543e-08
2.5466e-12
-9.28562e-12
2.29747e-08
1.30539e-12
-8.66485e-12
2.55452e-08
-8.28271e-12
2.78984e-08
3.86645e-12
-8.22605e-12
1.70512e-08
2.45849e-12
-7.73035e-12
1.96384e-08
1.19987e-12
-7.28816e-12
2.20977e-08
-6.99279e-12
2.43844e-08
3.88411e-12
1.24433e-08
2.32404e-12
1.49285e-08
1.05882e-12
1.73167e-08
1.95811e-08
2.37886e-12
-7.09403e-12
2.18941e-08
1.73645e-12
-6.60046e-12
2.47006e-08
9.39061e-13
-6.12523e-12
2.73468e-08
-5.82898e-12
2.97493e-08
2.49437e-12
-6.56687e-12
2.02545e-08
1.69858e-12
-6.13417e-12
2.2975e-08
8.73032e-13
-5.72641e-12
2.55456e-08
-5.47501e-12
2.78989e-08
2.56334e-12
-5.42868e-12
1.70511e-08
1.63224e-12
-5.10385e-12
1.96383e-08
7.97637e-13
-4.81338e-12
2.20976e-08
-4.61983e-12
2.43844e-08
2.56684e-12
1.2443e-08
1.5365e-12
1.49281e-08
7.0028e-13
1.73163e-08
1.95806e-08
1.47594e-12
-4.25118e-12
2.18945e-08
1.08207e-12
-3.95702e-12
2.47011e-08
5.91438e-13
-3.67052e-12
2.73474e-08
-3.48634e-12
2.975e-08
1.53956e-12
-3.94253e-12
2.02547e-08
1.05353e-12
-3.68374e-12
2.29752e-08
5.46149e-13
-3.43646e-12
2.55459e-08
-3.27891e-12
2.78993e-08
1.57402e-12
-3.26494e-12
1.7051e-08
1.00659e-12
-3.06972e-12
1.96382e-08
4.94004e-13
-2.89149e-12
2.20976e-08
-2.76891e-12
2.43843e-08
1.56736e-12
1.24429e-08
9.40894e-13
1.49279e-08
4.28406e-13
1.73161e-08
1.95803e-08
9.45794e-13
-2.46869e-12
6.93156e-13
-2.30028e-12
3.63404e-13
-2.12701e-12
-2.00054e-12
9.73127e-13
-2.29999e-12
6.68834e-13
-2.14926e-12
3.37655e-13
-1.99584e-12
-1.88462e-12
9.81399e-13
-1.90998e-12
6.3182e-13
-1.79288e-12
3.07379e-13
-1.67674e-12
-1.5891e-12
9.6547e-13
5.83173e-13
2.6925e-13
)
;

boundaryField
{
    inlet
    {
        type            calculated;
        value           nonuniform List<scalar> 
48
(
-2.20196e-08
-2.15406e-08
-1.98604e-08
-3.1784e-08
-2.22543e-08
-2.19239e-08
-2.7481e-08
-2.49571e-08
-2.20633e-08
-2.1743e-08
-2.19107e-08
-1.90117e-08
-2.53739e-08
-2.20431e-08
-2.21039e-08
-2.20196e-08
-2.42325e-08
-2.14448e-08
-1.96827e-08
-1.32356e-08
-2.64209e-08
-2.44156e-08
-1.89289e-08
-1.58676e-08
2.89917e-08
-2.72215e-08
-2.16752e-08
-1.72371e-08
-2.35333e-08
-3.04271e-08
-1.63512e-08
-2.12801e-08
-2.35245e-08
-2.62032e-08
-2.8659e-08
-3.34595e-08
-2.08469e-08
-2.43252e-08
-2.70273e-08
-2.98409e-08
-1.24809e-08
-1.87237e-08
-2.95068e-08
-2.95603e-08
-1.32356e-08
-1.62792e-08
-1.86724e-08
-1.9674e-08
)
;
    }
    outlet
    {
        type            calculated;
        value           nonuniform List<scalar> 
48
(
2.0894e-08
2.08947e-08
2.08923e-08
2.08807e-08
2.08923e-08
2.08923e-08
2.08883e-08
2.08725e-08
2.08877e-08
2.0886e-08
2.08771e-08
2.08505e-08
2.08741e-08
2.08682e-08
2.08484e-08
2.07977e-08
2.18947e-08
2.02548e-08
1.7051e-08
1.24428e-08
2.47015e-08
2.29754e-08
1.96382e-08
1.49278e-08
2.73479e-08
2.55461e-08
2.20976e-08
1.73159e-08
2.97505e-08
2.78995e-08
2.43844e-08
1.95802e-08
2.19034e-08
2.47126e-08
2.73613e-08
2.9766e-08
2.02605e-08
2.29828e-08
2.55552e-08
2.79102e-08
1.70538e-08
1.9642e-08
2.21024e-08
2.43901e-08
1.24435e-08
1.49288e-08
1.73172e-08
1.95818e-08
)
;
    }
    wall
    {
        type            calculated;
        value           nonuniform List<scalar> 
192
(
5.47034e-09
-1.38958e-24
1.67349e-25
-1.47212e-25
-1.65182e-25
2.8533e-26
-6.21436e-26
1.2975e-26
-4.50086e-28
-1.18448e-26
4.66873e-27
2.86315e-27
4.95986e-27
1.43882e-27
-4.69098e-27
-2.2827e-27
7.34114e-28
-4.37649e-28
5.71878e-28
4.69658e-28
1.37677e-28
1.67354e-29
-1.91292e-28
-1.07075e-28
1.70893e-08
7.77383e-25
-6.44129e-26
-1.31898e-25
5.61314e-25
-1.4846e-25
4.66607e-26
1.24822e-26
2.36647e-26
1.24963e-26
6.83161e-27
1.1565e-26
-4.41211e-27
-5.23202e-27
-3.79127e-27
-2.64946e-27
6.44779e-27
-2.77509e-27
-9.66988e-28
-1.20033e-27
-2.62897e-28
-8.1708e-28
5.0599e-29
-1.10549e-28
-2.74859e-08
3.62955e-26
-1.51579e-24
2.26515e-25
1.73074e-25
3.33014e-25
-6.89995e-26
-9.15698e-26
-2.14788e-26
-3.14559e-26
-1.03911e-26
1.41434e-26
7.99353e-27
-2.09293e-26
-5.86664e-27
1.58681e-26
-9.09823e-27
-3.2718e-28
-2.40458e-27
-1.38413e-27
7.5617e-28
-2.18808e-28
2.43524e-28
-4.43506e-28
-6.54069e-09
-3.16372e-25
1.08515e-24
1.0765e-25
1.23553e-25
-4.14038e-26
-5.43838e-26
-1.00835e-25
2.38965e-26
1.37527e-26
4.88088e-27
6.84905e-27
3.76223e-27
2.79693e-26
7.35368e-27
-8.49171e-27
8.57197e-27
-3.99688e-27
-1.93686e-28
4.95274e-27
-1.3799e-27
-1.08042e-27
-1.26013e-27
-1.15355e-27
-2.18124e-08
1.6108e-24
3.16418e-08
-5.74754e-09
-8.31982e-25
-1.10516e-24
6.02905e-25
7.87392e-25
1.7305e-25
-1.04433e-25
2.85238e-25
2.44195e-24
-1.24679e-25
-4.02474e-25
-2.9486e-26
-1.69881e-25
1.72392e-25
1.09554e-25
2.48723e-25
9.28984e-26
6.28201e-26
1.23021e-25
6.39221e-27
1.10489e-26
5.9959e-26
1.00528e-25
-2.59106e-26
3.04066e-27
-8.15256e-27
-8.16268e-27
-2.79764e-26
3.01068e-26
1.78649e-26
5.4738e-26
-9.77213e-27
-4.95866e-26
1.09524e-26
1.89651e-26
3.72952e-26
-2.52475e-26
-6.32338e-27
-2.31268e-27
2.28451e-26
1.95365e-26
7.5542e-27
2.00995e-26
-9.50475e-27
1.04436e-26
-2.48778e-27
1.54597e-27
1.69369e-26
-8.06437e-27
1.71341e-27
1.73113e-26
-1.94259e-26
9.16003e-27
-2.43682e-27
-8.71323e-27
4.52964e-27
-2.46627e-26
1.70212e-27
-8.06477e-27
-8.02906e-27
6.29257e-27
3.95662e-28
2.65535e-27
-3.35219e-27
4.38062e-27
1.36245e-27
-7.77725e-27
3.72535e-27
-4.56702e-27
-5.08482e-28
-1.56284e-27
1.55969e-27
-4.37357e-27
-7.97066e-28
-9.77315e-28
1.63765e-27
2.29896e-27
-3.99388e-28
-2.54323e-27
1.80951e-27
-2.7851e-27
-1.5277e-28
-1.59536e-27
-1.00727e-27
-6.25011e-28
-8.94276e-29
1.34595e-27
1.04774e-27
-4.61845e-28
-3.03522e-29
-4.73028e-28
5.95055e-28
-5.23703e-28
)
;
    }
    procBoundary3to1
    {
        type            processor;
        value           nonuniform List<scalar> 
192
(
-1.82211e-08
-1.08561e-08
-2.53427e-08
5.99185e-09
-5.44891e-09
-8.04381e-09
-1.23777e-08
-1.23508e-08
1.57557e-10
-2.35394e-09
-4.77975e-09
-5.45954e-09
1.13398e-09
-1.43475e-10
-1.40898e-09
-2.27563e-09
1.15875e-09
5.74633e-10
-1.52838e-11
-4.29193e-10
1.006e-09
7.23034e-10
4.37275e-10
2.35107e-10
8.21704e-10
6.72865e-10
5.20763e-10
4.0402e-10
6.47532e-10
5.64118e-10
4.76617e-10
4.02581e-10
4.98795e-10
4.49917e-10
3.96856e-10
3.48032e-10
3.78609e-10
3.49059e-10
3.15746e-10
2.8298e-10
2.84628e-10
2.66359e-10
2.44954e-10
2.22755e-10
2.12608e-10
2.01123e-10
1.87138e-10
1.71992e-10
1.58114e-10
1.50797e-10
1.41539e-10
1.31139e-10
1.17216e-10
1.12499e-10
1.063e-10
9.91116e-11
8.66786e-11
8.3603e-11
7.941e-11
7.44084e-11
6.39372e-11
6.19124e-11
5.90503e-11
5.55496e-11
4.70139e-11
4.56708e-11
4.37033e-11
4.12417e-11
3.44083e-11
3.35108e-11
3.21514e-11
3.04164e-11
2.49832e-11
2.43795e-11
2.34387e-11
2.22173e-11
1.7874e-11
1.74688e-11
1.68212e-11
1.59689e-11
1.24273e-11
1.21609e-11
1.17245e-11
1.11433e-11
8.16982e-12
8.00301e-12
7.7234e-12
7.34693e-12
4.8672e-12
4.7727e-12
4.61049e-12
4.3896e-12
2.7875e-12
2.73853e-12
2.65014e-12
2.52689e-12
1.52422e-08
1.12194e-08
-1.17279e-08
-3.58477e-08
-4.74452e-10
-1.11287e-09
-8.26756e-09
-1.64324e-08
-4.84165e-09
-2.31459e-09
-1.56673e-09
-8.9159e-10
-1.63972e-09
-3.87008e-10
6.59833e-10
1.48236e-09
-2.15413e-10
2.73125e-10
7.87824e-10
1.20144e-09
2.52962e-10
3.98793e-10
5.87671e-10
7.65268e-10
3.68644e-10
3.88133e-10
4.39471e-10
5.0701e-10
3.6018e-10
3.41151e-10
3.42418e-10
3.63501e-10
3.11675e-10
2.85404e-10
2.71484e-10
2.74306e-10
2.54991e-10
2.31319e-10
2.15045e-10
2.11402e-10
2.02172e-10
1.83317e-10
1.6887e-10
1.63533e-10
1.5716e-10
1.42881e-10
1.31222e-10
1.26015e-10
1.20538e-10
1.09969e-10
1.00955e-10
9.64842e-11
9.15531e-11
8.3811e-11
7.69912e-11
7.33719e-11
6.9015e-11
6.3371e-11
5.82726e-11
5.54351e-11
5.16945e-11
4.75892e-11
4.38059e-11
4.16254e-11
3.84825e-11
3.55017e-11
3.27103e-11
3.10585e-11
2.84424e-11
2.62844e-11
2.42373e-11
2.30013e-11
2.08107e-11
1.9258e-11
1.77699e-11
1.68575e-11
1.49776e-11
1.38748e-11
1.28093e-11
1.21484e-11
1.0462e-11
9.69939e-12
8.95806e-12
8.4941e-12
6.90295e-12
6.40341e-12
5.91515e-12
5.60663e-12
4.12732e-12
3.83012e-12
3.53646e-12
3.34522e-12
2.37827e-12
2.20905e-12
2.03373e-12
1.90405e-12
)
;
    }
    procBoundary3to2
    {
        type            processor;
        value           nonuniform List<scalar> 
192
(
4.62004e-10
-5.95044e-09
1.4917e-08
1.70438e-08
4.94107e-09
-2.46165e-10
3.17377e-09
9.50724e-09
-1.63243e-09
-3.64271e-09
-3.61057e-09
-1.60399e-09
-2.35755e-09
-3.33488e-09
-3.52484e-09
-3.07536e-09
-1.74407e-09
-2.18213e-09
-2.36353e-09
-2.35979e-09
-1.1429e-09
-1.35214e-09
-1.48219e-09
-1.55261e-09
-7.40743e-10
-8.51413e-10
-9.34125e-10
-9.91778e-10
-4.9029e-10
-5.5215e-10
-6.01947e-10
-6.38549e-10
-3.33297e-10
-3.68698e-10
-3.97762e-10
-4.18897e-10
-2.31714e-10
-2.52165e-10
-2.68731e-10
-2.80192e-10
-1.63796e-10
-1.75634e-10
-1.84853e-10
-1.90669e-10
-1.1716e-10
-1.23991e-10
-1.28973e-10
-1.31645e-10
-8.44907e-11
-8.8402e-11
-9.0983e-11
-9.19789e-11
-6.12645e-11
-6.34775e-11
-6.47259e-11
-6.48794e-11
-4.45715e-11
-4.58032e-11
-4.63335e-11
-4.6103e-11
-3.24806e-11
-3.31486e-11
-3.33074e-11
-3.29355e-11
-2.36682e-11
-2.40152e-11
-2.39942e-11
-2.36024e-11
-1.72014e-11
-1.73707e-11
-1.72747e-11
-1.69192e-11
-1.24172e-11
-1.24925e-11
-1.23769e-11
-1.20799e-11
-8.84116e-12
-8.86866e-12
-8.76067e-12
-8.52683e-12
-6.12869e-12
-6.13267e-12
-6.04382e-12
-5.86996e-12
-4.04159e-12
-4.03561e-12
-3.96947e-12
-3.84877e-12
-2.48865e-12
-2.47925e-12
-2.43348e-12
-2.35502e-12
-1.59487e-12
-1.58158e-12
-1.54522e-12
-1.48828e-12
3.96938e-08
4.87571e-08
3.63025e-08
1.33059e-08
1.6395e-08
2.0111e-08
1.2648e-08
2.20268e-09
4.41734e-10
1.13846e-09
-8.54205e-10
-3.14303e-09
-2.68417e-09
-2.74161e-09
-3.28339e-09
-3.71987e-09
-2.36103e-09
-2.44837e-09
-2.57343e-09
-2.6264e-09
-1.6048e-09
-1.64812e-09
-1.66338e-09
-1.65247e-09
-1.03067e-09
-1.04882e-09
-1.04139e-09
-1.02404e-09
-6.60995e-10
-6.67096e-10
-6.56956e-10
-6.42458e-10
-4.30263e-10
-4.30654e-10
-4.21537e-10
-4.10594e-10
-2.85128e-10
-2.83011e-10
-2.75496e-10
-2.67488e-10
-1.92172e-10
-1.89192e-10
-1.8322e-10
-1.77445e-10
-1.31466e-10
-1.28435e-10
-1.23794e-10
-1.19666e-10
-9.10842e-11
-8.83644e-11
-8.48136e-11
-8.18785e-11
-6.37714e-11
-6.14864e-11
-5.88019e-11
-5.67212e-11
-4.50248e-11
-4.31807e-11
-4.11694e-11
-3.96962e-11
-3.199e-11
-3.05415e-11
-2.90455e-11
-2.80027e-11
-2.28203e-11
-2.17049e-11
-2.05995e-11
-1.98617e-11
-1.62969e-11
-1.54524e-11
-1.46414e-11
-1.41202e-11
-1.16002e-11
-1.09716e-11
-1.03824e-11
-1.0016e-11
-8.16854e-12
-7.71073e-12
-7.28965e-12
-7.03477e-12
-5.61294e-12
-5.29044e-12
-4.99793e-12
-4.82464e-12
-3.67496e-12
-3.4597e-12
-3.26609e-12
-3.15253e-12
-2.24497e-12
-2.11034e-12
-1.98852e-12
-1.9152e-12
-1.41286e-12
-1.32467e-12
-1.24061e-12
-1.18451e-12
)
;
    }
}


// ************************************************************************* //
