/*--------------------------------*- C++ -*----------------------------------*\
  =========                 |
  \\      /  F ield         | OpenFOAM: The Open Source CFD Toolbox
   \\    /   O peration     | Website:  https://openfoam.org
    \\  /    A nd           | Version:  6
     \\/     M anipulation  |
\*---------------------------------------------------------------------------*/
FoamFile
{
    version     2.0;
    format      ascii;
    class       volVectorField;
    location    "0.05";
    object      stored_U;
}
// * * * * * * * * * * * * * * * * * * * * * * * * * * * * * * * * * * * * * //

dimensions      [0 1 -1 0 0 0 0];

internalField   nonuniform List<vector> 
1152
(
(-0.00666026 0.0026062 -0.00250273)
(-0.00165875 0.000505112 0.00112503)
(-0.00276734 -0.00631974 0.0110021)
(0.00433689 -0.00587945 0.0102092)
(0.00756381 0.00570796 0.000196425)
(0.0108424 0.00401746 0.00183635)
(0.00491612 -0.00349545 0.00979137)
(0.00830485 -0.00238184 0.00568097)
(0.00522317 -0.00321616 0.00907404)
(0.00160743 -0.00663273 0.00807423)
(0.000894775 -0.000262062 0.00874656)
(-1.82536e-05 0.000259306 0.000716972)
(-0.00242085 -0.00257171 0.00103136)
(-0.000610762 -0.00051463 0.00196084)
(-0.00217563 0.000871379 0.00214775)
(0.000464606 0.000523369 0.00158608)
(-0.000404527 -0.000926209 0.00619069)
(-0.00238738 0.000296879 0.00671474)
(-0.00214493 -0.000922726 0.0144966)
(0.000298398 -0.0010305 0.0189429)
(0.000902573 -0.00188765 0.0122017)
(-0.000124092 -0.00104257 0.0055826)
(-0.000251654 -0.000652407 0.0159392)
(0.000713612 0.000317563 0.0200591)
(-0.000564163 -0.00155297 0.0168341)
(-0.000444875 -0.00117914 0.0148504)
(-3.46313e-05 0.00055582 0.0160885)
(-0.000549009 0.000932918 0.0157693)
(-0.000668683 -0.000292596 0.0180781)
(-0.000868056 0.00045557 0.0172586)
(-0.00107904 0.00123984 0.0194177)
(-0.00117482 0.000862549 0.0212366)
(0.000654983 -0.000345408 0.0076982)
(-0.000762624 -0.000169223 0.00791091)
(-0.00124166 -0.000314811 0.0100129)
(-0.000664751 -0.000266823 0.0109724)
(0.000326192 -0.00112362 0.00868066)
(-0.000554098 -0.000884128 0.00796344)
(-0.000856713 -0.000388525 0.00988679)
(-0.00042645 0.000160478 0.0105796)
(-0.000273691 -0.00126678 0.0102018)
(-0.000468029 -0.00108917 0.00980929)
(-0.000456395 -0.000444015 0.0100107)
(-0.000250978 6.90997e-05 0.00950052)
(-0.000366229 -0.00104421 0.0101522)
(-0.000458826 -0.000837184 0.0101404)
(-0.000351573 -0.000413175 0.0103409)
(-5.23411e-05 -0.000135648 0.0100458)
(0.000411213 -0.000344804 0.0101393)
(-0.000112614 -0.000304495 0.00999294)
(-0.000389607 -0.000290175 0.0104011)
(-0.000303812 -0.000202132 0.0106433)
(0.000247344 -0.000655155 0.0103058)
(-9.21304e-05 -0.000583004 0.0101156)
(-0.000271245 -0.000341926 0.0104325)
(-0.00013929 -4.93568e-05 0.0105579)
(7.35718e-05 -0.000802824 0.0107922)
(-1.45076e-05 -0.000755912 0.0106056)
(-1.5449e-05 -0.000473564 0.0105594)
(0.000105869 -0.000145794 0.0103279)
(1.66186e-05 -0.000824047 0.0110448)
(5.14391e-05 -0.000757744 0.0109303)
(0.000173715 -0.000545877 0.0107844)
(0.000354496 -0.000295354 0.0104119)
(0.000315267 -0.000262105 0.0105233)
(0.000163811 -0.000265485 0.0104416)
(4.89516e-05 -0.00024083 0.0105077)
(1.04015e-05 -0.000173745 0.0105504)
(0.000258624 -0.000381631 0.0106392)
(0.000175365 -0.000363481 0.0105458)
(0.000110937 -0.000262399 0.0105763)
(0.000111719 -0.000120843 0.0105604)
(0.000219687 -0.00047165 0.0108557)
(0.000227841 -0.000449514 0.0107474)
(0.000239506 -0.000327466 0.0106587)
(0.000256957 -0.000163082 0.010509)
(0.000207211 -0.00052289 0.011054)
(0.000283361 -0.000487273 0.0109433)
(0.000358338 -0.000382982 0.0107887)
(0.00040441 -0.000243908 0.0105446)
(0.000226952 -0.000207874 0.010642)
(0.000194111 -0.000206076 0.0105947)
(0.000149613 -0.000181725 0.0105793)
(0.000105213 -0.000136124 0.0105629)
(0.000217773 -0.00025701 0.0107242)
(0.00021128 -0.000243929 0.0106697)
(0.000190808 -0.000194789 0.0106356)
(0.000166115 -0.000123387 0.0105898)
(0.000217629 -0.000302476 0.0108354)
(0.000246149 -0.000283286 0.0107679)
(0.000256573 -0.000224594 0.0106888)
(0.000244258 -0.00014392 0.0105888)
(0.000222289 -0.000334701 0.0109519)
(0.000283591 -0.000310167 0.010873)
(0.000321887 -0.000256153 0.0107595)
(0.000321578 -0.000184892 0.0106131)
(0.000162078 -0.000155575 0.0106755)
(0.000157586 -0.000150198 0.0106552)
(0.000138222 -0.000131369 0.0106333)
(0.00010735 -0.000102207 0.0106105)
(0.000165286 -0.000180559 0.0107442)
(0.000172443 -0.000169758 0.0107143)
(0.00016474 -0.000142801 0.010679)
(0.000143339 -0.000104772 0.0106392)
(0.000171695 -0.000203793 0.0108153)
(0.000194056 -0.000189702 0.0107745)
(0.000199861 -0.000159217 0.0107188)
(0.000185298 -0.000118292 0.0106548)
(0.000178075 -0.0002202 0.0108877)
(0.000216328 -0.000204678 0.0108374)
(0.000234645 -0.000176323 0.0107638)
(0.000225541 -0.000139942 0.0106772)
(0.000115134 -0.000113464 0.0106898)
(0.000116001 -0.000107822 0.0106863)
(0.000106428 -9.47625e-05 0.0106723)
(8.73291e-05 -7.66063e-05 0.0106549)
(0.00012002 -0.000128341 0.0107483)
(0.000126559 -0.000120435 0.0107341)
(0.00012283 -0.000104799 0.0107097)
(0.000108269 -8.36525e-05 0.0106818)
(0.000125334 -0.000140844 0.0107998)
(0.000139372 -0.000131815 0.0107768)
(0.000142116 -0.000115319 0.010741)
(0.000131203 -9.3731e-05 0.0107007)
(0.000129664 -0.000148714 0.010848)
(0.000151879 -0.000139798 0.0108182)
(0.00016068 -0.000124839 0.0107727)
(0.000152567 -0.000105895 0.010721)
(8.21347e-05 -8.19829e-05 0.0106979)
(8.3493e-05 -7.75444e-05 0.0107051)
(7.83281e-05 -6.89701e-05 0.0106992)
(6.68483e-05 -5.7747e-05 0.0106878)
(8.60228e-05 -9.16415e-05 0.0107486)
(9.03663e-05 -8.63938e-05 0.010745)
(8.8292e-05 -7.71598e-05 0.0107306)
(7.9104e-05 -6.50553e-05 0.0107122)
(8.93558e-05 -9.88489e-05 0.0107884)
(9.77942e-05 -9.34779e-05 0.0107774)
(9.91088e-05 -8.43603e-05 0.0107556)
(9.19271e-05 -7.25659e-05 0.0107302)
(9.16569e-05 -0.000102599 0.0108223)
(0.000104629 -9.78126e-05 0.0108065)
(0.000109154 -8.9896e-05 0.010779)
(0.000103588 -7.97805e-05 0.0107474)
(5.88945e-05 -5.91879e-05 0.0107036)
(6.00283e-05 -5.60843e-05 0.0107177)
(5.71605e-05 -5.05784e-05 0.0107178)
(5.02901e-05 -4.35957e-05 0.0107112)
(6.15427e-05 -6.56958e-05 0.0107483)
(6.43432e-05 -6.2395e-05 0.0107519)
(6.32091e-05 -5.68946e-05 0.0107448)
(5.7582e-05 -4.97939e-05 0.0107331)
(6.34084e-05 -7.00915e-05 0.0107806)
(6.86129e-05 -6.70271e-05 0.0107776)
(6.93949e-05 -6.19211e-05 0.0107651)
(6.49479e-05 -5.52862e-05 0.010749)
(6.43906e-05 -7.18792e-05 0.0108057)
(7.22846e-05 -6.94502e-05 0.010799)
(7.49167e-05 -6.52603e-05 0.0107828)
(7.14991e-05 -5.97351e-05 0.0107632)
(4.24309e-05 -4.27904e-05 0.0107075)
(4.33455e-05 -4.07501e-05 0.0107262)
(4.17693e-05 -3.72374e-05 0.0107306)
(3.76403e-05 -3.28365e-05 0.0107275)
(4.41172e-05 -4.72494e-05 0.0107479)
(4.60106e-05 -4.52439e-05 0.0107565)
(4.54678e-05 -4.19466e-05 0.0107545)
(4.20737e-05 -3.76908e-05 0.0107473)
(4.5067e-05 -5.00428e-05 0.0107751)
(4.84511e-05 -4.83528e-05 0.0107777)
(4.90671e-05 -4.54717e-05 0.0107712)
(4.64201e-05 -4.16496e-05 0.0107611)
(4.53131e-05 -5.08868e-05 0.0107944)
(5.03822e-05 -4.97418e-05 0.0107938)
(5.21417e-05 -4.75406e-05 0.0107848)
(5.01972e-05 -4.44706e-05 0.0107724)
(3.06835e-05 -3.09955e-05 0.0107101)
(3.14431e-05 -2.97002e-05 0.010732)
(3.0612e-05 -2.74536e-05 0.0107394)
(2.81143e-05 -2.46347e-05 0.0107387)
(3.17199e-05 -3.40781e-05 0.0107476)
(3.30797e-05 -3.28896e-05 0.0107595)
(3.28994e-05 -3.09002e-05 0.0107609)
(3.08729e-05 -2.82984e-05 0.0107569)
(3.21419e-05 -3.59035e-05 0.0107712)
(3.44649e-05 -3.50073e-05 0.0107775)
(3.50258e-05 -3.33766e-05 0.0107751)
(3.35028e-05 -3.11313e-05 0.0107688)
(3.20232e-05 -3.62875e-05 0.0107866)
(3.54462e-05 -3.58182e-05 0.0107901)
(3.67522e-05 -3.46841e-05 0.0107857)
(3.57291e-05 -3.29591e-05 0.0107779)
(2.22527e-05 -2.24917e-05 0.0107119)
(2.28924e-05 -2.16865e-05 0.010736)
(2.24882e-05 -2.0239e-05 0.0107455)
(2.09668e-05 -1.84021e-05 0.0107466)
(2.2876e-05 -2.46363e-05 0.0107471)
(2.38973e-05 -2.39469e-05 0.0107615)
(2.39219e-05 -2.27379e-05 0.0107653)
(2.27222e-05 -2.11174e-05 0.0107634)
(2.30123e-05 -2.58529e-05 0.0107683)
(2.46759e-05 -2.54039e-05 0.0107772)
(2.51953e-05 -2.44817e-05 0.0107774)
(2.43501e-05 -2.31407e-05 0.0107737)
(2.27416e-05 -2.60122e-05 0.010781)
(2.5145e-05 -2.58838e-05 0.0107873)
(2.61684e-05 -2.53219e-05 0.0107858)
(2.56868e-05 -2.43472e-05 0.010781)
(1.61737e-05 -1.63436e-05 0.010713)
(1.67098e-05 -1.58497e-05 0.0107386)
(1.65433e-05 -1.49074e-05 0.0107496)
(1.56103e-05 -1.36902e-05 0.0107521)
(1.65432e-05 -1.78439e-05 0.0107467)
(1.7329e-05 -1.74524e-05 0.0107627)
(1.74549e-05 -1.67118e-05 0.0107682)
(1.67506e-05 -1.56846e-05 0.0107679)
(1.65362e-05 -1.86668e-05 0.0107661)
(1.77605e-05 -1.84629e-05 0.0107767)
(1.82271e-05 -1.79439e-05 0.0107789)
(1.77789e-05 -1.71313e-05 0.0107769)
(1.62269e-05 -1.87182e-05 0.010777)
(1.7959e-05 -1.87501e-05 0.0107851)
(1.87752e-05 -1.84921e-05 0.0107857)
(1.8594e-05 -1.79413e-05 0.0107828)
(1.1773e-05 -1.18864e-05 0.0107138)
(1.22154e-05 -1.15859e-05 0.0107405)
(1.21751e-05 -1.09654e-05 0.0107525)
(1.1599e-05 -1.01464e-05 0.0107559)
(1.19897e-05 -1.29412e-05 0.0107463)
(1.25993e-05 -1.2724e-05 0.0107635)
(1.27632e-05 -1.22664e-05 0.0107701)
(1.23534e-05 -1.16046e-05 0.0107709)
(1.19196e-05 -1.35044e-05 0.0107645)
(1.28336e-05 -1.34298e-05 0.0107763)
(1.32369e-05 -1.31404e-05 0.0107798)
(1.30147e-05 -1.26418e-05 0.010779)
(1.16266e-05 -1.35067e-05 0.010774)
(1.28943e-05 -1.36039e-05 0.0107834)
(1.35438e-05 -1.35037e-05 0.0107854)
(1.35184e-05 -1.31939e-05 0.0107839)
(8.5752e-06 -8.64584e-06 0.0107142)
(8.93351e-06 -8.46402e-06 0.0107417)
(8.95498e-06 -8.05065e-06 0.0107545)
(8.59674e-06 -7.4923e-06 0.0107586)
(8.70118e-06 -9.39052e-06 0.0107459)
(9.17343e-06 -9.27378e-06 0.0107639)
(9.33965e-06 -8.98841e-06 0.0107714)
(9.10353e-06 -8.55567e-06 0.010773)
(8.61076e-06 -9.7798e-06 0.0107633)
(9.29685e-06 -9.76975e-06 0.0107759)
(9.63348e-06 -9.61072e-06 0.0107803)
(9.53537e-06 -9.30121e-06 0.0107804)
(8.35679e-06 -9.76224e-06 0.0107718)
(9.29165e-06 -9.8768e-06 0.0107821)
(9.80347e-06 -9.85515e-06 0.0107851)
(9.85015e-06 -9.68285e-06 0.0107845)
(6.24218e-06 -6.2824e-06 0.0107145)
(6.52692e-06 -6.17278e-06 0.0107425)
(6.57396e-06 -5.89451e-06 0.0107559)
(6.34955e-06 -5.50977e-06 0.0107606)
(6.31481e-06 -6.80974e-06 0.0107456)
(6.67812e-06 -6.74967e-06 0.0107642)
(6.82866e-06 -6.57004e-06 0.0107723)
(6.69418e-06 -6.28346e-06 0.0107745)
(6.22546e-06 -7.08084e-06 0.0107623)
(6.74011e-06 -7.09982e-06 0.0107756)
(7.01281e-06 -7.01438e-06 0.0107806)
(6.97981e-06 -6.82011e-06 0.0107813)
(6.01657e-06 -7.05761e-06 0.0107702)
(6.70729e-06 -7.16676e-06 0.0107812)
(7.10537e-06 -7.18116e-06 0.0107847)
(7.1783e-06 -7.08726e-06 0.0107848)
(4.53165e-06 -4.55162e-06 0.0107147)
(4.75362e-06 -4.48571e-06 0.0107431)
(4.80686e-06 -4.29682e-06 0.0107569)
(4.66531e-06 -4.02984e-06 0.0107619)
(4.57314e-06 -4.92535e-06 0.0107454)
(4.84969e-06 -4.89651e-06 0.0107644)
(4.97714e-06 -4.78247e-06 0.0107729)
(4.90167e-06 -4.5908e-06 0.0107755)
(4.4944e-06 -5.11504e-06 0.0107616)
(4.8784e-06 -5.14429e-06 0.0107753)
(5.09358e-06 -5.09994e-06 0.0107807)
(5.09246e-06 -4.97687e-06 0.0107819)
(4.32866e-06 -5.09257e-06 0.010769)
(4.83758e-06 -5.18685e-06 0.0107804)
(5.14264e-06 -5.2149e-06 0.0107845)
(5.21861e-06 -5.16523e-06 0.010785)
(3.26894e-06 -3.27652e-06 0.0107148)
(3.43842e-06 -3.23699e-06 0.0107435)
(3.48814e-06 -3.10821e-06 0.0107576)
(3.3984e-06 -2.92255e-06 0.0107629)
(3.29243e-06 -3.5406e-06 0.0107452)
(3.49986e-06 -3.52836e-06 0.0107645)
(3.60263e-06 -3.45548e-06 0.0107733)
(3.56109e-06 -3.32658e-06 0.0107762)
(3.22759e-06 -3.67336e-06 0.0107611)
(3.51118e-06 -3.70338e-06 0.0107751)
(3.67669e-06 -3.68158e-06 0.0107809)
(3.6893e-06 -3.60321e-06 0.0107824)
(3.0999e-06 -3.65418e-06 0.0107682)
(3.4719e-06 -3.7308e-06 0.0107799)
(3.70154e-06 -3.7611e-06 0.0107842)
(3.77007e-06 -3.73583e-06 0.0107851)
(2.32768e-06 -2.32862e-06 0.0107148)
(2.45383e-06 -2.305e-06 0.0107438)
(2.49572e-06 -2.21743e-06 0.0107581)
(2.43876e-06 -2.08903e-06 0.0107636)
(2.34087e-06 -2.51341e-06 0.010745)
(2.49322e-06 -2.50949e-06 0.0107645)
(2.5726e-06 -2.46281e-06 0.0107736)
(2.55028e-06 -2.37627e-06 0.0107767)
(2.29021e-06 -2.60563e-06 0.0107607)
(2.49602e-06 -2.63201e-06 0.0107749)
(2.61976e-06 -2.62221e-06 0.0107809)
(2.63633e-06 -2.57234e-06 0.0107827)
(2.19471e-06 -2.59046e-06 0.0107676)
(2.46251e-06 -2.64982e-06 0.0107795)
(2.63142e-06 -2.67701e-06 0.0107841)
(2.68821e-06 -2.66484e-06 0.0107852)
(1.61783e-06 -1.61662e-06 0.0107149)
(1.70852e-06 -1.60273e-06 0.010744)
(1.74114e-06 -1.5441e-06 0.0107584)
(1.70523e-06 -1.4569e-06 0.0107641)
(1.62517e-06 -1.74332e-06 0.0107449)
(1.7336e-06 -1.74322e-06 0.0107646)
(1.7921e-06 -1.71359e-06 0.0107738)
(1.78038e-06 -1.65626e-06 0.010777)
(1.58758e-06 -1.80619e-06 0.0107604)
(1.73271e-06 -1.82724e-06 0.0107748)
(1.82187e-06 -1.82353e-06 0.0107809)
(1.83731e-06 -1.79212e-06 0.0107828)
(1.51875e-06 -1.79494e-06 0.0107671)
(1.70642e-06 -1.83883e-06 0.0107792)
(1.82666e-06 -1.86082e-06 0.0107839)
(1.87026e-06 -1.85556e-06 0.0107852)
(1.08203e-06 -1.08496e-06 0.0107149)
(1.14426e-06 -1.07747e-06 0.0107441)
(1.1675e-06 -1.03975e-06 0.0107586)
(1.14498e-06 -9.82752e-07 0.0107644)
(1.08587e-06 -1.1697e-06 0.0107449)
(1.15967e-06 -1.1714e-06 0.0107646)
(1.20016e-06 -1.15331e-06 0.0107739)
(1.19388e-06 -1.11659e-06 0.0107773)
(1.05932e-06 -1.21152e-06 0.0107602)
(1.15738e-06 -1.22742e-06 0.0107747)
(1.21833e-06 -1.2268e-06 0.010781)
(1.23026e-06 -1.20761e-06 0.010783)
(1.01186e-06 -1.20392e-06 0.0107668)
(1.13799e-06 -1.23505e-06 0.010779)
(1.21966e-06 -1.25168e-06 0.0107838)
(1.25044e-06 -1.25011e-06 0.0107853)
(7.01708e-07 -7.26157e-07 0.0107149)
(7.42661e-07 -7.23216e-07 0.0107442)
(7.57262e-07 -7.00518e-07 0.0107588)
(7.42151e-07 -6.65164e-07 0.0107646)
(7.02773e-07 -7.84502e-07 0.0107448)
(7.51203e-07 -7.87784e-07 0.0107646)
(7.77087e-07 -7.77895e-07 0.010774)
(7.72683e-07 -7.55615e-07 0.0107774)
(6.83979e-07 -8.13371e-07 0.0107601)
(7.47884e-07 -8.26081e-07 0.0107747)
(7.87193e-07 -8.27676e-07 0.010781)
(7.94847e-07 -8.16837e-07 0.0107831)
(6.51686e-07 -8.095e-07 0.0107666)
(7.33335e-07 -8.32099e-07 0.0107788)
(7.86296e-07 -8.44899e-07 0.0107838)
(8.06401e-07 -8.45581e-07 0.0107853)
(5.06134e-07 -5.70838e-07 0.0107149)
(5.36124e-07 -5.73639e-07 0.0107442)
(5.43502e-07 -5.62382e-07 0.0107589)
(5.28669e-07 -5.408e-07 0.0107648)
(5.02519e-07 -6.24688e-07 0.0107448)
(5.38311e-07 -6.31464e-07 0.0107646)
(5.54709e-07 -6.28071e-07 0.0107741)
(5.4905e-07 -6.14564e-07 0.0107776)
(4.86358e-07 -6.52306e-07 0.01076)
(5.32582e-07 -6.65711e-07 0.0107746)
(5.59295e-07 -6.70171e-07 0.010781)
(5.63464e-07 -6.64545e-07 0.0107831)
(4.61099e-07 -6.52517e-07 0.0107665)
(5.18868e-07 -6.73206e-07 0.0107787)
(5.56082e-07 -6.85644e-07 0.0107837)
(5.70304e-07 -6.88164e-07 0.0107853)
(-0.00276107 -0.000719045 0.0142274)
(-0.00538441 -0.00103776 0.0112486)
(-0.02449 -0.00829871 -0.00759136)
(-0.00252993 -0.0033102 -0.000236762)
(-0.000154274 0.00104491 0.002044)
(8.14096e-05 0.00554161 0.00787493)
(0.000376976 0.00320891 0.00788658)
(0.00373746 -0.00604499 0.00635509)
(4.20824e-05 8.09456e-05 0.000798785)
(0.00280866 0.00229556 0.00424063)
(0.00991835 0.00514855 -0.000560876)
(0.005631 -0.0073447 0.00021015)
(0.00122742 0.000457986 0.000568646)
(0.00865684 0.00256926 0.00128067)
(-0.00057215 -0.0084922 0.00622685)
(-0.00199432 -0.0027236 0.0019605)
(0.00061335 0.000336581 0.0213984)
(0.00205157 0.000577938 0.0219611)
(0.00166333 -0.00027106 0.0181982)
(0.00135836 -0.00111509 0.0115158)
(-0.00160627 0.00216463 0.0178722)
(-0.00107745 0.00166752 0.0165618)
(0.000487396 8.55968e-05 0.0147473)
(0.00110516 -0.00182947 0.0132726)
(-0.000920744 0.000911504 0.0147864)
(-0.00105283 0.000942976 0.0142661)
(-0.000224936 -0.000147048 0.0160854)
(-0.000934828 -0.00182153 0.0199659)
(-0.000458944 0.000358945 0.0127351)
(-0.00073265 0.00124805 0.013908)
(-0.000666213 -0.0004878 0.0170364)
(-0.000322683 -0.00082341 0.0217693)
(0.000552895 0.000127469 0.0122218)
(0.00130841 0.000372917 0.011821)
(0.00153661 0.0001861 0.0103562)
(0.00138312 -0.000172735 0.00905236)
(-0.000380035 0.00101845 0.00991789)
(1.2454e-05 0.000820323 0.0103162)
(0.00043762 0.000149475 0.0100266)
(0.000588027 -0.000622116 0.00944739)
(-0.000330051 0.000884832 0.00875717)
(-0.00042968 0.00055969 0.0093197)
(-0.00042927 -0.000223866 0.00984786)
(-0.000374484 -0.000964968 0.010299)
(-0.000323646 -4.04432e-05 0.00759266)
(-0.000840872 -4.15062e-05 0.00875545)
(-0.000847551 -0.00054164 0.0101494)
(-0.000480996 -0.000985101 0.0105851)
(0.000312892 -0.000126787 0.0115033)
(0.000578746 -5.08449e-05 0.0113621)
(0.000722985 -9.46789e-05 0.0109936)
(0.000682516 -0.000228976 0.0106139)
(-3.51119e-05 0.000140674 0.0107231)
(0.000111557 6.28615e-05 0.0108264)
(0.000297416 -0.000157664 0.010776)
(0.000358479 -0.000444399 0.0106004)
(-9.25976e-05 0.000144389 0.0103178)
(-0.000135364 -2.14843e-05 0.0105044)
(-7.89796e-05 -0.000330846 0.0107364)
(2.86471e-05 -0.00063831 0.0108565)
(-0.000160756 -0.000395075 0.00981293)
(-0.00041724 -0.000429118 0.0103122)
(-0.00035974 -0.000592487 0.0108858)
(-0.000128443 -0.000755968 0.0111052)
(0.000214816 -0.000159069 0.0106857)
(0.000316847 -0.000134628 0.010743)
(0.000373235 -0.000158337 0.0107098)
(0.000371762 -0.000212067 0.0106437)
(7.70423e-05 -0.000105167 0.0104952)
(0.000138042 -0.000131628 0.0106456)
(0.00021427 -0.000205808 0.0107122)
(0.000256872 -0.000304982 0.0107097)
(3.22389e-05 -0.000141968 0.0104708)
(3.31262e-05 -0.000201131 0.0106596)
(8.19425e-05 -0.000304791 0.0108155)
(0.00015807 -0.000410805 0.01089)
(-3.35608e-05 -0.000404528 0.0103792)
(-0.000110147 -0.000411585 0.010692)
(-4.78925e-05 -0.000453238 0.0109673)
(8.70889e-05 -0.000500485 0.0110869)
(0.000161971 -0.000164604 0.0105005)
(0.000196461 -0.000158563 0.010599)
(0.000219387 -0.000169802 0.0106461)
(0.00022506 -0.00019089 0.0106646)
(9.9415e-05 -0.000171003 0.0104799)
(0.000123944 -0.000178323 0.0106174)
(0.000159825 -0.000203062 0.0106998)
(0.000189877 -0.00023551 0.0107372)
(6.36626e-05 -0.000205081 0.0105296)
(7.56674e-05 -0.000221699 0.0106852)
(0.000111736 -0.00025461 0.0107952)
(0.000162541 -0.000287455 0.0108488)
(1.18652e-05 -0.000316582 0.0105538)
(4.1508e-06 -0.000313486 0.0107573)
(5.54125e-05 -0.00032215 0.0109067)
(0.000137874 -0.000333586 0.0109715)
(0.00012423 -0.000140062 0.0104262)
(0.000136272 -0.000137966 0.0105424)
(0.000146138 -0.000143036 0.0106162)
(0.00015048 -0.000151568 0.0106625)
(8.91315e-05 -0.00015758 0.0104713)
(0.000101689 -0.000158223 0.0106045)
(0.00012072 -0.000166032 0.0106891)
(0.000139718 -0.000176562 0.0107368)
(6.00934e-05 -0.000181063 0.0105391)
(7.3787e-05 -0.000183757 0.01068)
(9.94103e-05 -0.000193167 0.0107706)
(0.000132335 -0.000202652 0.0108164)
(2.20895e-05 -0.000225023 0.010593)
(3.52729e-05 -0.000220499 0.0107509)
(7.33367e-05 -0.000221727 0.0108525)
(0.000124523 -0.000223737 0.0108968)
(9.35877e-05 -0.000109967 0.0104061)
(9.76599e-05 -0.000108447 0.0105274)
(0.000102313 -0.000110362 0.010609)
(0.000104752 -0.000113779 0.0106635)
(7.09797e-05 -0.000125655 0.0104666)
(7.85434e-05 -0.000123716 0.0105973)
(8.99137e-05 -0.000125757 0.0106814)
(0.000101503 -0.000128978 0.0107318)
(4.8075e-05 -0.000139502 0.0105313)
(6.03089e-05 -0.000137688 0.010666)
(7.84293e-05 -0.000140008 0.0107493)
(9.94339e-05 -0.000142482 0.010793)
(2.09899e-05 -0.000155562 0.0105849)
(3.78964e-05 -0.000151538 0.0107257)
(6.49929e-05 -0.000151367 0.0108102)
(9.69394e-05 -0.000151581 0.0108487)
(6.94394e-05 -8.28403e-05 0.0104003)
(7.07667e-05 -8.13677e-05 0.0105233)
(7.31739e-05 -8.19159e-05 0.0106077)
(7.43545e-05 -8.33101e-05 0.010665)
(5.38261e-05 -9.48016e-05 0.0104602)
(5.89011e-05 -9.21815e-05 0.0105902)
(6.61531e-05 -9.21935e-05 0.0106744)
(7.32568e-05 -9.30096e-05 0.0107263)
(3.63366e-05 -0.00010274 0.0105174)
(4.6241e-05 -9.9852e-05 0.01065)
(5.90005e-05 -9.98872e-05 0.0107313)
(7.25049e-05 -0.000100365 0.0107755)
(1.70081e-05 -0.000107416 0.0105634)
(3.20821e-05 -0.00010423 0.0106982)
(5.11247e-05 -0.000103943 0.0107776)
(7.14708e-05 -0.000104108 0.0108159)
(5.10047e-05 -6.11902e-05 0.0103993)
(5.1369e-05 -5.98387e-05 0.0105229)
(5.27427e-05 -5.98553e-05 0.0106083)
(5.32446e-05 -6.04553e-05 0.0106667)
(3.98494e-05 -6.9837e-05 0.0104542)
(4.33901e-05 -6.73451e-05 0.0105841)
(4.82424e-05 -6.67572e-05 0.0106688)
(5.27121e-05 -6.6833e-05 0.0107219)
(2.67729e-05 -7.43978e-05 0.0105038)
(3.43705e-05 -7.16269e-05 0.010636)
(4.33831e-05 -7.10492e-05 0.0107173)
(5.22493e-05 -7.10388e-05 0.010763)
(1.29169e-05 -7.47072e-05 0.0105416)
(2.48592e-05 -7.22907e-05 0.0106748)
(3.82399e-05 -7.21052e-05 0.0107535)
(5.1557e-05 -7.24362e-05 0.0107936)
(3.72491e-05 -4.47576e-05 0.0103994)
(3.72865e-05 -4.36049e-05 0.0105233)
(3.81391e-05 -4.34528e-05 0.0106091)
(3.83101e-05 -4.37418e-05 0.010668)
(2.91435e-05 -5.08727e-05 0.0104489)
(3.16476e-05 -4.8784e-05 0.0105791)
(3.49941e-05 -4.81218e-05 0.0106645)
(3.7899e-05 -4.80185e-05 0.0107186)
(1.94849e-05 -5.35252e-05 0.0104923)
(2.51377e-05 -5.12247e-05 0.0106248)
(3.15258e-05 -5.05932e-05 0.0107068)
(3.7483e-05 -5.05256e-05 0.010754)
(9.51612e-06 -5.23793e-05 0.0105234)
(1.84927e-05 -5.0584e-05 0.0106565)
(2.79208e-05 -5.04972e-05 0.0107359)
(3.68646e-05 -5.09202e-05 0.0107782)
(2.71234e-05 -3.25908e-05 0.0103996)
(2.70595e-05 -3.16571e-05 0.0105236)
(2.7624e-05 -3.1477e-05 0.0106097)
(2.76468e-05 -3.16402e-05 0.0106689)
(2.1186e-05 -3.68743e-05 0.0104446)
(2.2965e-05 -3.52267e-05 0.0105752)
(2.53182e-05 -3.46574e-05 0.0106611)
(2.72643e-05 -3.45482e-05 0.0107161)
(1.40974e-05 -3.84357e-05 0.0104832)
(1.82306e-05 -3.66425e-05 0.0106161)
(2.27746e-05 -3.61172e-05 0.0106989)
(2.68612e-05 -3.60911e-05 0.0107475)
(6.90738e-06 -3.69853e-05 0.0105092)
(1.34824e-05 -3.56663e-05 0.0106428)
(2.01489e-05 -3.56431e-05 0.0107232)
(2.62844e-05 -3.60771e-05 0.0107673)
(1.97263e-05 -2.36887e-05 0.0103997)
(1.96413e-05 -2.29566e-05 0.0105237)
(2.00319e-05 -2.27964e-05 0.01061)
(1.99965e-05 -2.29038e-05 0.0106694)
(1.53606e-05 -2.66782e-05 0.0104413)
(1.66279e-05 -2.54205e-05 0.0105721)
(1.83039e-05 -2.49772e-05 0.0106585)
(1.96413e-05 -2.49028e-05 0.0107142)
(1.01746e-05 -2.76073e-05 0.0104763)
(1.31685e-05 -2.62535e-05 0.0106096)
(1.64131e-05 -2.58573e-05 0.0106931)
(1.92646e-05 -2.5876e-05 0.0107427)
(4.97945e-06 -2.62694e-05 0.0104986)
(9.73454e-06 -2.53062e-05 0.0106327)
(1.44668e-05 -2.53178e-05 0.010714)
(1.8746e-05 -2.57152e-05 0.0107596)
(1.43425e-05 -1.72103e-05 0.0103997)
(1.42634e-05 -1.66479e-05 0.0105237)
(1.45417e-05 -1.65187e-05 0.0106101)
(1.44895e-05 -1.65968e-05 0.0106696)
(1.11277e-05 -1.92959e-05 0.0104387)
(1.20331e-05 -1.83536e-05 0.0105697)
(1.32372e-05 -1.80238e-05 0.0106565)
(1.41747e-05 -1.79834e-05 0.0107126)
(7.33935e-06 -1.98539e-05 0.0104711)
(9.49833e-06 -1.88493e-05 0.0106047)
(1.1824e-05 -1.85634e-05 0.0106889)
(1.38403e-05 -1.86095e-05 0.0107393)
(3.58041e-06 -1.8748e-05 0.0104908)
(7.00002e-06 -1.80471e-05 0.0106254)
(1.03725e-05 -1.80744e-05 0.0107074)
(1.33947e-05 -1.84148e-05 0.010754)
(1.04287e-05 -1.25041e-05 0.0103996)
(1.03631e-05 -1.20776e-05 0.0105237)
(1.05648e-05 -1.19777e-05 0.0106101)
(1.05138e-05 -1.20371e-05 0.0106697)
(8.06118e-06 -1.39613e-05 0.0104367)
(8.7099e-06 -1.32627e-05 0.0105679)
(9.58027e-06 -1.30228e-05 0.0106549)
(1.02471e-05 -1.30063e-05 0.0107115)
(5.296e-06 -1.42991e-05 0.0104673)
(6.85055e-06 -1.35607e-05 0.0106012)
(8.52334e-06 -1.33586e-05 0.0106857)
(9.96317e-06 -1.34158e-05 0.0107367)
(2.57348e-06 -1.34311e-05 0.0104851)
(5.0281e-06 -1.29218e-05 0.01062)
(7.44051e-06 -1.29538e-05 0.0107026)
(9.59442e-06 -1.32333e-05 0.01075)
(7.58166e-06 -9.08371e-06 0.0103995)
(7.53013e-06 -8.76315e-06 0.0105235)
(7.67793e-06 -8.68743e-06 0.0106101)
(7.63455e-06 -8.73294e-06 0.0106697)
(5.83989e-06 -1.01043e-05 0.0104353)
(6.30601e-06 -9.58982e-06 0.0105666)
(6.93753e-06 -9.41711e-06 0.0106538)
(7.41671e-06 -9.41462e-06 0.0107106)
(3.82327e-06 -1.03103e-05 0.0104645)
(4.94242e-06 -9.7704e-06 0.0105986)
(6.14878e-06 -9.62891e-06 0.0106834)
(7.18391e-06 -9.68635e-06 0.0107348)
(1.8505e-06 -9.64784e-06 0.010481)
(3.61217e-06 -9.27818e-06 0.0106162)
(5.34297e-06 -9.30902e-06 0.0106991)
(6.88774e-06 -9.53173e-06 0.010747)
(5.50637e-06 -6.59273e-06 0.0103993)
(5.4671e-06 -6.35344e-06 0.0105234)
(5.5759e-06 -6.29651e-06 0.01061)
(5.54145e-06 -6.33116e-06 0.0106697)
(4.22781e-06 -7.30898e-06 0.0104342)
(4.56329e-06 -6.9319e-06 0.0105656)
(5.02222e-06 -6.80814e-06 0.0106529)
(5.36857e-06 -6.81275e-06 0.0107099)
(2.75944e-06 -7.43544e-06 0.0104624)
(3.565e-06 -7.04221e-06 0.0105967)
(4.43609e-06 -6.94342e-06 0.0106817)
(5.18305e-06 -6.99527e-06 0.0107334)
(1.33074e-06 -6.93872e-06 0.0104781)
(2.59512e-06 -6.67069e-06 0.0106134)
(3.83899e-06 -6.69772e-06 0.0106966)
(4.95075e-06 -6.87125e-06 0.0107449)
(3.98793e-06 -4.77174e-06 0.0103992)
(3.95862e-06 -4.59439e-06 0.0105233)
(4.03868e-06 -4.55187e-06 0.0106099)
(4.0124e-06 -4.57787e-06 0.0106696)
(3.05332e-06 -5.27478e-06 0.0104334)
(3.29468e-06 -4.99976e-06 0.0105648)
(3.62776e-06 -4.91134e-06 0.0106523)
(3.87847e-06 -4.91872e-06 0.0107093)
(1.9877e-06 -5.35282e-06 0.0104609)
(2.56664e-06 -5.0676e-06 0.0105953)
(3.19499e-06 -4.99866e-06 0.0106805)
(3.73414e-06 -5.04246e-06 0.0107324)
(9.55548e-07 -4.98527e-06 0.0104759)
(1.86184e-06 -4.7914e-06 0.0106114)
(2.75528e-06 -4.81372e-06 0.0106948)
(3.55562e-06 -4.94641e-06 0.0107434)
(2.87018e-06 -3.4324e-06 0.0103991)
(2.84868e-06 -3.30227e-06 0.0105232)
(2.90722e-06 -3.27077e-06 0.0106098)
(2.88768e-06 -3.28994e-06 0.0106695)
(2.19225e-06 -3.78484e-06 0.0104328)
(2.36514e-06 -3.58579e-06 0.0105643)
(2.60555e-06 -3.52289e-06 0.0106518)
(2.78628e-06 -3.53062e-06 0.0107089)
(1.42408e-06 -3.83317e-06 0.0104598)
(1.83813e-06 -3.62768e-06 0.0105943)
(2.28913e-06 -3.57965e-06 0.0106796)
(2.67656e-06 -3.6149e-06 0.0107316)
(6.82815e-07 -3.56473e-06 0.0104744)
(1.3295e-06 -3.42529e-06 0.0106099)
(1.96839e-06 -3.44291e-06 0.0106935)
(2.5421e-06 -3.54251e-06 0.0107422)
(2.03958e-06 -2.43795e-06 0.010399)
(2.02419e-06 -2.34406e-06 0.0105231)
(2.06638e-06 -2.32114e-06 0.0106097)
(2.05219e-06 -2.33497e-06 0.0106695)
(1.5548e-06 -2.68278e-06 0.0104323)
(1.67736e-06 -2.54075e-06 0.0105639)
(1.84869e-06 -2.49649e-06 0.0106514)
(1.97739e-06 -2.50338e-06 0.0107087)
(1.00827e-06 -2.7127e-06 0.0104591)
(1.30115e-06 -2.56659e-06 0.0105935)
(1.62104e-06 -2.53339e-06 0.0106789)
(1.89615e-06 -2.56058e-06 0.0107311)
(4.82486e-07 -2.52e-06 0.0104733)
(9.38963e-07 -2.42096e-06 0.0106089)
(1.39071e-06 -2.43435e-06 0.0106925)
(1.79725e-06 -2.50745e-06 0.0107414)
(1.41487e-06 -1.69065e-06 0.0103989)
(1.40447e-06 -1.62522e-06 0.010523)
(1.43419e-06 -1.60929e-06 0.0106097)
(1.42428e-06 -1.61914e-06 0.0106694)
(1.07708e-06 -1.8576e-06 0.010432)
(1.16234e-06 -1.75919e-06 0.0105636)
(1.28156e-06 -1.72901e-06 0.0106512)
(1.37104e-06 -1.73469e-06 0.0107084)
(6.97646e-07 -1.87603e-06 0.0104585)
(9.00471e-07 -1.77503e-06 0.010593)
(1.12212e-06 -1.75277e-06 0.0106784)
(1.31288e-06 -1.77296e-06 0.0107307)
(3.3346e-07 -1.74151e-06 0.0104725)
(6.48819e-07 -1.67321e-06 0.0106082)
(9.61013e-07 -1.68319e-06 0.0106919)
(1.24241e-06 -1.73531e-06 0.0107409)
(9.43986e-07 -1.12816e-06 0.0103989)
(9.38317e-07 -1.0864e-06 0.010523)
(9.58719e-07 -1.07724e-06 0.0106096)
(9.5273e-07 -1.08498e-06 0.0106694)
(7.18364e-07 -1.23911e-06 0.0104318)
(7.76443e-07 -1.17557e-06 0.0105634)
(8.56371e-07 -1.15717e-06 0.010651)
(9.16468e-07 -1.16241e-06 0.0107083)
(4.6518e-07 -1.25103e-06 0.0104581)
(6.01185e-07 -1.18577e-06 0.0105927)
(7.48914e-07 -1.17267e-06 0.0106781)
(8.76183e-07 -1.18772e-06 0.0107304)
(2.2238e-07 -1.16148e-06 0.010472)
(4.32734e-07 -1.11794e-06 0.0106077)
(6.40248e-07 -1.1262e-06 0.0106914)
(8.27544e-07 -1.16251e-06 0.0107405)
(6.11965e-07 -7.34073e-07 0.0103989)
(6.11009e-07 -7.14168e-07 0.010523)
(6.2486e-07 -7.13687e-07 0.0106096)
(6.23142e-07 -7.22901e-07 0.0106694)
(4.67024e-07 -8.0921e-07 0.0104317)
(5.07138e-07 -7.75308e-07 0.0105633)
(5.58803e-07 -7.69071e-07 0.0106509)
(5.98461e-07 -7.76651e-07 0.0107082)
(3.03018e-07 -8.19588e-07 0.0104579)
(3.92562e-07 -7.84394e-07 0.0105924)
(4.87101e-07 -7.81293e-07 0.0106779)
(5.69179e-07 -7.94953e-07 0.0107302)
(1.45071e-07 -7.64296e-07 0.0104717)
(2.81522e-07 -7.42694e-07 0.0106074)
(4.14046e-07 -7.52903e-07 0.0106911)
(5.34156e-07 -7.79935e-07 0.0107402)
(4.40706e-07 -5.34577e-07 0.0103989)
(4.45465e-07 -5.35586e-07 0.010523)
(4.56255e-07 -5.47009e-07 0.0106096)
(4.61582e-07 -5.62638e-07 0.0106694)
(3.3916e-07 -6.00196e-07 0.0104316)
(3.71544e-07 -5.92015e-07 0.0105632)
(4.08904e-07 -5.98864e-07 0.0106508)
(4.40292e-07 -6.12655e-07 0.0107082)
(2.20377e-07 -6.18158e-07 0.0104577)
(2.85602e-07 -6.08944e-07 0.0105923)
(3.53851e-07 -6.16998e-07 0.0106778)
(4.13365e-07 -6.33765e-07 0.0107301)
(1.02863e-07 -5.8428e-07 0.0104714)
(1.99231e-07 -5.83737e-07 0.0106071)
(2.95961e-07 -6.00697e-07 0.0106909)
(3.81596e-07 -6.26249e-07 0.0107401)
(0.000183198 -0.000833698 0.00323269)
(-0.0016442 0.00201597 0.00178089)
(0.00914184 -0.00854952 0.00167066)
(0.00527342 -0.00476147 0.00599056)
(-0.000387611 0.00144059 0.00325487)
(0.00180405 0.000893631 0.00411373)
(0.00191279 -0.00492758 0.00364223)
(-0.00465246 0.00129508 0.00354296)
(-0.00596479 0.00497822 0.000923725)
(-0.00166928 0.00214179 0.00804859)
(-0.0025774 -0.00195991 0.00913618)
(-0.0036125 0.000906281 0.00243056)
(-0.00862187 0.00496868 -0.00219072)
(-0.00353868 0.00379142 0.00741714)
(-0.00533594 -0.00186624 0.0102107)
(-0.000229576 0.00247645 0.0027292)
(0.00145391 -0.00130743 0.0164315)
(-0.0001778 -0.00055092 0.0123517)
(-0.00115152 -0.00123337 0.00479241)
(-0.000751033 0.000205633 0.0160379)
(0.00098809 -0.000645583 0.0150568)
(-0.000788332 -0.000948293 0.0120655)
(-0.00157414 -0.00213137 0.0105128)
(-0.00191441 0.000601887 0.0126314)
(-0.000313398 0.000249213 0.0122434)
(-0.00185011 -3.57119e-06 0.0111107)
(-0.00171941 -0.0014147 0.0119976)
(-0.0012493 -0.000303435 0.0131577)
(-0.00101274 0.00025634 0.00964214)
(-0.00244303 0.00101417 0.00969805)
(-0.00191999 -0.000753265 0.0131166)
(-3.94053e-05 -0.000733287 0.0168318)
(0.00105678 -0.000598009 0.00980044)
(0.000598369 -0.000349403 0.00888564)
(-0.000429428 -0.000286821 0.00760184)
(-0.000862298 0.000169892 0.0089573)
(0.00114468 -0.000261452 0.00963202)
(0.000357807 -0.000299493 0.00907261)
(-0.000564425 -0.000642384 0.00860745)
(-0.00100311 5.07496e-05 0.00858484)
(0.000920182 -4.38144e-05 0.00901461)
(-3.67057e-05 -0.000104508 0.00901109)
(-0.000690569 -0.000571014 0.00923594)
(-0.000872384 -0.000409886 0.00900164)
(0.000627221 -2.20162e-05 0.00838549)
(-0.000442402 7.64358e-05 0.00865278)
(-0.000934059 -0.000384084 0.00965522)
(-0.000666085 -0.00055198 0.010051)
(0.000524053 -0.000377602 0.0107702)
(0.000402012 -0.00024387 0.0101852)
(8.07094e-05 -0.000182517 0.00948917)
(-0.000278703 -1.98631e-05 0.00939398)
(0.000571132 -0.00028662 0.0107088)
(0.000325119 -0.000231192 0.0102042)
(-1.73633e-05 -0.000315233 0.00973123)
(-0.000333368 -0.000156568 0.00948407)
(0.000552584 -0.000203283 0.0105221)
(0.000200449 -0.000177346 0.010162)
(-0.000124487 -0.000318583 0.00996462)
(-0.000342973 -0.0003262 0.00978914)
(0.000449525 -0.000208301 0.0103029)
(2.45545e-05 -0.000172406 0.0100754)
(-0.000273786 -0.000294257 0.0101891)
(-0.000328331 -0.000352833 0.0102519)
(0.000353076 -0.000260856 0.0104134)
(0.000359852 -0.000200872 0.0101785)
(0.000258806 -0.000135735 0.00989323)
(1.6666e-05 -5.03234e-05 0.00974702)
(0.000373511 -0.000227989 0.0105002)
(0.000327072 -0.000200174 0.0102917)
(0.000199742 -0.000191713 0.0100775)
(-1.71686e-05 -0.000137812 0.00993263)
(0.000369187 -0.000208769 0.0105128)
(0.000277387 -0.000200414 0.0103482)
(0.00013767 -0.000222287 0.0102292)
(-3.38754e-05 -0.000216183 0.0101438)
(0.0003345 -0.000215359 0.0104951)
(0.000210052 -0.00021406 0.0103838)
(7.41446e-05 -0.000234248 0.0103714)
(-2.81382e-05 -0.000229673 0.0103729)
(0.000237578 -0.000188958 0.010378)
(0.00026151 -0.000149702 0.010252)
(0.000221419 -9.46462e-05 0.0101211)
(8.23571e-05 -4.11799e-05 0.010023)
(0.000241523 -0.000182826 0.0104872)
(0.000244127 -0.000159404 0.0103806)
(0.000191859 -0.00012823 0.0102758)
(6.58359e-05 -9.42776e-05 0.010195)
(0.000240389 -0.000181253 0.0105495)
(0.000223721 -0.000169345 0.0104655)
(0.000164313 -0.000155505 0.0103942)
(6.04339e-05 -0.000136361 0.0103426)
(0.000230843 -0.000186047 0.0105848)
(0.000201344 -0.000180671 0.0105273)
(0.000144015 -0.000170766 0.0104929)
(7.13394e-05 -0.000149705 0.0104709)
(0.000165306 -0.000135447 0.0103566)
(0.000180256 -0.000104914 0.0102985)
(0.000157384 -6.3675e-05 0.0102426)
(8.01502e-05 -2.84217e-05 0.0101919)
(0.000164146 -0.000135604 0.0104781)
(0.000169854 -0.000115179 0.0104343)
(0.000142823 -8.60998e-05 0.0103892)
(7.29652e-05 -6.11087e-05 0.0103496)
(0.000162845 -0.000138182 0.0105589)
(0.000160984 -0.000125225 0.0105274)
(0.000131802 -0.000106118 0.0104936)
(7.32854e-05 -8.67575e-05 0.0104656)
(0.000160231 -0.000141166 0.0106129)
(0.000154333 -0.000133765 0.0105939)
(0.000127438 -0.000119239 0.0105715)
(8.37378e-05 -9.96399e-05 0.0105519)
(0.00011611 -9.67588e-05 0.0103601)
(0.000123474 -7.25903e-05 0.0103367)
(0.00010845 -4.30916e-05 0.0103152)
(6.52734e-05 -1.92206e-05 0.0102918)
(0.000113724 -9.81405e-05 0.0104848)
(0.000116921 -8.08999e-05 0.0104734)
(0.000100987 -5.86154e-05 0.0104582)
(6.22738e-05 -4.02842e-05 0.0104407)
(0.000112539 -0.000100904 0.0105708)
(0.000112812 -8.90464e-05 0.010567)
(9.68679e-05 -7.29706e-05 0.0105554)
(6.42476e-05 -5.75763e-05 0.0105417)
(0.000111916 -0.000102619 0.01063)
(0.000111323 -9.55842e-05 0.0106321)
(9.74049e-05 -8.35312e-05 0.0106227)
(7.22121e-05 -6.90768e-05 0.0106101)
(8.2575e-05 -6.93281e-05 0.0103678)
(8.6028e-05 -5.07543e-05 0.0103644)
(7.59795e-05 -2.98899e-05 0.0103606)
(5.10949e-05 -1.33092e-05 0.0103515)
(8.02541e-05 -7.05148e-05 0.0104935)
(8.17319e-05 -5.68975e-05 0.0105005)
(7.18482e-05 -4.08251e-05 0.0105012)
(4.98342e-05 -2.75849e-05 0.0104954)
(7.92468e-05 -7.26858e-05 0.0105809)
(7.96478e-05 -6.31299e-05 0.0105929)
(7.03936e-05 -5.12389e-05 0.0105945)
(5.18689e-05 -4.00127e-05 0.0105892)
(7.91386e-05 -7.36817e-05 0.0106416)
(7.96813e-05 -6.81638e-05 0.0106561)
(7.19798e-05 -5.9536e-05 0.0106563)
(5.74233e-05 -4.96863e-05 0.0106495)
(5.92478e-05 -4.99178e-05 0.0103758)
(6.0999e-05 -3.60055e-05 0.0103843)
(5.43938e-05 -2.1236e-05 0.0103902)
(3.95424e-05 -9.48716e-06 0.0103888)
(5.73144e-05 -5.07321e-05 0.0105015)
(5.80844e-05 -4.04245e-05 0.0105194)
(5.19098e-05 -2.90459e-05 0.0105293)
(3.89885e-05 -1.95545e-05 0.0105299)
(5.6511e-05 -5.22987e-05 0.0105892)
(5.69259e-05 -4.50851e-05 0.0106106)
(5.14407e-05 -3.66753e-05 0.0106201)
(4.06475e-05 -2.87528e-05 0.0106199)
(5.65213e-05 -5.28952e-05 0.01065)
(5.73188e-05 -4.893e-05 0.0106723)
(5.29348e-05 -4.30764e-05 0.0106788)
(4.44028e-05 -3.65437e-05 0.0106763)
(4.27831e-05 -3.60939e-05 0.0103823)
(4.38473e-05 -2.58557e-05 0.0103982)
(3.95722e-05 -1.53465e-05 0.0104101)
(3.04049e-05 -6.90467e-06 0.0104131)
(4.12667e-05 -3.66052e-05 0.0105077)
(4.18136e-05 -2.90079e-05 0.0105324)
(3.79667e-05 -2.09763e-05 0.010548)
(3.01376e-05 -1.41829e-05 0.0105526)
(4.0647e-05 -3.7708e-05 0.0105954)
(4.11119e-05 -3.24563e-05 0.0106228)
(3.78447e-05 -2.65947e-05 0.0106373)
(3.13851e-05 -2.10604e-05 0.0106406)
(4.06732e-05 -3.80763e-05 0.0106561)
(4.15134e-05 -3.53561e-05 0.0106832)
(3.90023e-05 -3.14607e-05 0.0106941)
(3.39104e-05 -2.715e-05 0.0106948)
(3.10249e-05 -2.6182e-05 0.0103871)
(3.18037e-05 -1.87257e-05 0.0104079)
(2.9065e-05 -1.12059e-05 0.0104238)
(2.32367e-05 -5.08515e-06 0.0104296)
(2.98679e-05 -2.64887e-05 0.0105123)
(3.03552e-05 -2.09724e-05 0.0105415)
(2.79698e-05 -1.5288e-05 0.0105608)
(2.30883e-05 -1.04173e-05 0.010568)
(2.94008e-05 -2.72607e-05 0.0105998)
(2.99009e-05 -2.35081e-05 0.0106311)
(2.79605e-05 -1.94313e-05 0.010649)
(2.39972e-05 -1.55652e-05 0.0106547)
(2.94221e-05 -2.74935e-05 0.0106603)
(3.02262e-05 -2.56709e-05 0.0106907)
(2.87991e-05 -2.30884e-05 0.0107046)
(2.57062e-05 -2.02296e-05 0.0107076)
(2.25618e-05 -1.90359e-05 0.0103906)
(2.31967e-05 -1.36363e-05 0.0104147)
(2.14515e-05 -8.22913e-06 0.0104333)
(1.7653e-05 -3.76593e-06 0.010441)
(2.1692e-05 -1.92133e-05 0.0105155)
(2.21506e-05 -1.52392e-05 0.0105478)
(2.06771e-05 -1.11985e-05 0.0105697)
(1.75571e-05 -7.69536e-06 0.0105786)
(2.13451e-05 -1.97543e-05 0.0106028)
(2.18426e-05 -1.70964e-05 0.0106369)
(2.06978e-05 -1.42522e-05 0.0106572)
(1.82118e-05 -1.15393e-05 0.0106646)
(2.13606e-05 -1.99037e-05 0.0106632)
(2.20869e-05 -1.86956e-05 0.0106959)
(2.12906e-05 -1.69774e-05 0.0107119)
(1.93812e-05 -1.50632e-05 0.0107165)
(1.64374e-05 -1.38622e-05 0.0103931)
(1.69727e-05 -9.9624e-06 0.0104194)
(1.58626e-05 -6.05919e-06 0.0104399)
(1.33362e-05 -2.79361e-06 0.010449)
(1.57891e-05 -1.39608e-05 0.0105178)
(1.62106e-05 -1.11074e-05 0.0105521)
(1.53028e-05 -8.22239e-06 0.0105758)
(1.32667e-05 -5.69424e-06 0.0105862)
(1.55343e-05 -1.43409e-05 0.0106049)
(1.59958e-05 -1.24638e-05 0.0106408)
(1.53267e-05 -1.04694e-05 0.0106628)
(1.37372e-05 -8.55424e-06 0.0106716)
(1.55461e-05 -1.44375e-05 0.0106651)
(1.61743e-05 -1.3639e-05 0.0106995)
(1.57431e-05 -1.24875e-05 0.010717)
(1.45468e-05 -1.11913e-05 0.0107229)
(1.19878e-05 -1.0104e-05 0.0103948)
(1.24371e-05 -7.28999e-06 0.0104227)
(1.17307e-05 -4.46458e-06 0.0104446)
(1.00229e-05 -2.07112e-06 0.0104547)
(1.15074e-05 -1.01556e-05 0.0105193)
(1.18794e-05 -8.10877e-06 0.0105552)
(1.13212e-05 -6.04084e-06 0.0105802)
(9.96932e-06 -4.21099e-06 0.0105916)
(1.13218e-05 -1.04233e-05 0.0106063)
(1.17271e-05 -9.09715e-06 0.0106436)
(1.1341e-05 -7.69107e-06 0.0106668)
(1.03077e-05 -6.33094e-06 0.0106766)
(1.13316e-05 -1.04858e-05 0.0106665)
(1.18565e-05 -9.95679e-06 0.0107019)
(1.16339e-05 -9.17831e-06 0.0107205)
(1.08743e-05 -8.29083e-06 0.0107273)
(8.74421e-06 -7.3656e-06 0.010396)
(9.11465e-06 -5.33573e-06 0.0104251)
(8.66419e-06 -3.28718e-06 0.010448)
(7.49492e-06 -1.53237e-06 0.0104589)
(8.38986e-06 -7.38986e-06 0.0105204)
(8.70576e-06 -5.92145e-06 0.0105573)
(8.36299e-06 -4.4349e-06 0.0105833)
(7.45268e-06 -3.10786e-06 0.0105954)
(8.25539e-06 -7.57871e-06 0.0106073)
(8.59698e-06 -6.64016e-06 0.0106455)
(8.37782e-06 -5.64398e-06 0.0106696)
(7.69641e-06 -4.67324e-06 0.0106802)
(8.26407e-06 -7.61879e-06 0.0106673)
(8.69075e-06 -7.26662e-06 0.0107036)
(8.58475e-06 -6.73568e-06 0.010723)
(8.09647e-06 -6.12198e-06 0.0107305)
(6.3716e-06 -5.36381e-06 0.0103968)
(6.6706e-06 -3.90048e-06 0.0104267)
(6.38252e-06 -2.41497e-06 0.0104503)
(5.57441e-06 -1.12999e-06 0.0104619)
(6.11138e-06 -5.37273e-06 0.0105211)
(6.37105e-06 -4.31925e-06 0.0105588)
(6.16075e-06 -3.24909e-06 0.0105855)
(5.54104e-06 -2.28623e-06 0.0105982)
(6.01451e-06 -5.50595e-06 0.010608)
(6.29312e-06 -4.84052e-06 0.0106469)
(6.17145e-06 -4.13227e-06 0.0106716)
(5.71677e-06 -3.43719e-06 0.0106828)
(6.02224e-06 -5.53129e-06 0.0106679)
(6.36122e-06 -5.29536e-06 0.0107048)
(6.31828e-06 -4.93042e-06 0.0107248)
(6.00089e-06 -4.5027e-06 0.0107328)
(4.62866e-06 -3.89431e-06 0.0103973)
(4.86479e-06 -2.84164e-06 0.0104279)
(4.67999e-06 -1.76666e-06 0.010452)
(4.11822e-06 -8.28956e-07 0.010464)
(4.43859e-06 -3.89511e-06 0.0105216)
(4.64608e-06 -3.14041e-06 0.0105599)
(4.51717e-06 -2.37066e-06 0.0105871)
(4.0921e-06 -1.67331e-06 0.0106002)
(4.36918e-06 -3.98893e-06 0.0106084)
(4.59028e-06 -3.51696e-06 0.0106478)
(4.52476e-06 -3.01284e-06 0.0106731)
(4.21863e-06 -2.51485e-06 0.0106846)
(4.37594e-06 -4.0046e-06 0.0106683)
(4.63975e-06 -3.84563e-06 0.0107056)
(4.62916e-06 -3.5934e-06 0.010726)
(4.42092e-06 -3.29386e-06 0.0107345)
(3.34029e-06 -2.8089e-06 0.0103977)
(3.52249e-06 -2.05574e-06 0.0104287)
(3.40373e-06 -1.28237e-06 0.0104533)
(3.0128e-06 -6.02975e-07 0.0104655)
(3.20262e-06 -2.80589e-06 0.0105219)
(3.36395e-06 -2.26779e-06 0.0105606)
(3.28505e-06 -1.71675e-06 0.0105882)
(2.99266e-06 -1.2146e-06 0.0106017)
(3.15323e-06 -2.87164e-06 0.0106087)
(3.32419e-06 -2.53789e-06 0.0106485)
(3.29038e-06 -2.1801e-06 0.0106741)
(3.0833e-06 -1.82463e-06 0.0106859)
(3.15892e-06 -2.88104e-06 0.0106686)
(3.35995e-06 -2.7736e-06 0.0107062)
(3.36446e-06 -2.599e-06 0.0107269)
(3.22699e-06 -2.3892e-06 0.0107357)
(2.37898e-06 -1.99966e-06 0.010398)
(2.51575e-06 -1.46719e-06 0.0104293)
(2.4396e-06 -9.17743e-07 0.0104541)
(2.1693e-06 -4.3226e-07 0.0104666)
(2.28072e-06 -1.99544e-06 0.0105222)
(2.40242e-06 -1.61612e-06 0.0105611)
(2.35433e-06 -1.22621e-06 0.010589)
(2.15416e-06 -8.69158e-07 0.0106027)
(2.24603e-06 -2.04107e-06 0.0106089)
(2.37442e-06 -1.80736e-06 0.010649)
(2.35804e-06 -1.55596e-06 0.0106748)
(2.21832e-06 -1.30494e-06 0.0106869)
(2.25063e-06 -2.04653e-06 0.0106688)
(2.39999e-06 -1.97412e-06 0.0107066)
(2.41013e-06 -1.85397e-06 0.0107275)
(2.31942e-06 -1.7081e-06 0.0107365)
(1.65318e-06 -1.38926e-06 0.0103981)
(1.7522e-06 -1.02157e-06 0.0104297)
(1.70397e-06 -6.40564e-07 0.0104547)
(1.52053e-06 -3.02321e-07 0.0104674)
(1.58509e-06 -1.3857e-06 0.0105223)
(1.67342e-06 -1.12447e-06 0.0105615)
(1.64443e-06 -8.55e-07 0.0105895)
(1.50968e-06 -6.07234e-07 0.0106034)
(1.56144e-06 -1.417e-06 0.010609)
(1.65429e-06 -1.2569e-06 0.0106493)
(1.64706e-06 -1.08411e-06 0.0106753)
(1.55411e-06 -9.10874e-07 0.0106875)
(1.56504e-06 -1.42029e-06 0.0106689)
(1.67217e-06 -1.37225e-06 0.0107069)
(1.68296e-06 -1.29103e-06 0.010728)
(1.62375e-06 -1.19159e-06 0.0107371)
(1.10435e-06 -9.28319e-07 0.0103983)
(1.1728e-06 -6.84287e-07 0.01043)
(1.14286e-06 -4.30387e-07 0.0104551)
(1.02216e-06 -2.04167e-07 0.0104679)
(1.06001e-06 -9.27771e-07 0.0105224)
(1.12091e-06 -7.55035e-07 0.0105617)
(1.10351e-06 -5.7604e-07 0.0105899)
(1.01527e-06 -4.10871e-07 0.0106039)
(1.04498e-06 -9.49934e-07 0.0106091)
(1.10868e-06 -8.44658e-07 0.0106495)
(1.10555e-06 -7.30381e-07 0.0106756)
(1.04508e-06 -6.15373e-07 0.010688)
(1.04776e-06 -9.53436e-07 0.010669)
(1.1207e-06 -9.2277e-07 0.010707)
(1.12941e-06 -8.69732e-07 0.0107282)
(1.09135e-06 -8.04304e-07 0.0107375)
(7.15024e-07 -6.0368e-07 0.0103983)
(7.59515e-07 -4.46278e-07 0.0104301)
(7.40214e-07 -2.8257e-07 0.0104554)
(6.61538e-07 -1.36696e-07 0.0104683)
(6.88858e-07 -6.11286e-07 0.0105225)
(7.27898e-07 -5.00689e-07 0.0105619)
(7.16473e-07 -3.85639e-07 0.0105901)
(6.58738e-07 -2.79245e-07 0.0106042)
(6.80622e-07 -6.31097e-07 0.0106092)
(7.20998e-07 -5.64104e-07 0.0106496)
(7.1844e-07 -4.90976e-07 0.0106758)
(6.78485e-07 -4.17239e-07 0.0106883)
(6.82647e-07 -6.39993e-07 0.010669)
(7.28451e-07 -6.20701e-07 0.0107072)
(7.33526e-07 -5.86948e-07 0.0107284)
(7.0819e-07 -5.45092e-07 0.0107377)
(5.15558e-07 -4.37202e-07 0.0103984)
(5.49602e-07 -3.24159e-07 0.0104303)
(5.32862e-07 -2.05528e-07 0.0104556)
(4.68527e-07 -1.00773e-07 0.0104686)
(5.03528e-07 -4.58349e-07 0.0105226)
(5.32818e-07 -3.79759e-07 0.010562)
(5.21171e-07 -2.96039e-07 0.0105904)
(4.71419e-07 -2.18845e-07 0.0106045)
(4.99535e-07 -4.85929e-07 0.0106092)
(5.27701e-07 -4.4113e-07 0.0106498)
(5.22046e-07 -3.90301e-07 0.0106761)
(4.85968e-07 -3.3855e-07 0.0106885)
(5.00732e-07 -5.08035e-07 0.0106691)
(5.30266e-07 -4.96334e-07 0.0107073)
(5.30229e-07 -4.74227e-07 0.0107286)
(5.06018e-07 -4.45379e-07 0.010738)
)
;

boundaryField
{
    inlet
    {
        type            calculated;
        value           uniform (0 0 0.01091);
    }
    outlet
    {
        type            calculated;
        value           nonuniform List<vector> 
48
(
(5.06134e-07 -5.70838e-07 0.0107149)
(5.02519e-07 -6.24688e-07 0.0107448)
(4.86358e-07 -6.52306e-07 0.01076)
(4.61099e-07 -6.52517e-07 0.0107665)
(5.36124e-07 -5.73639e-07 0.0107442)
(5.38311e-07 -6.31464e-07 0.0107646)
(5.32582e-07 -6.65711e-07 0.0107746)
(5.18868e-07 -6.73206e-07 0.0107787)
(5.43502e-07 -5.62382e-07 0.0107589)
(5.54709e-07 -6.28071e-07 0.0107741)
(5.59295e-07 -6.70171e-07 0.010781)
(5.56082e-07 -6.85644e-07 0.0107837)
(5.28669e-07 -5.408e-07 0.0107648)
(5.4905e-07 -6.14564e-07 0.0107776)
(5.63464e-07 -6.64545e-07 0.0107831)
(5.70304e-07 -6.88164e-07 0.0107853)
(4.40706e-07 -5.34577e-07 0.0103989)
(3.3916e-07 -6.00196e-07 0.0104316)
(2.20377e-07 -6.18158e-07 0.0104577)
(1.02863e-07 -5.8428e-07 0.0104714)
(4.45465e-07 -5.35586e-07 0.010523)
(3.71544e-07 -5.92015e-07 0.0105632)
(2.85602e-07 -6.08944e-07 0.0105923)
(1.99231e-07 -5.83737e-07 0.0106071)
(4.56255e-07 -5.47009e-07 0.0106096)
(4.08904e-07 -5.98864e-07 0.0106508)
(3.53851e-07 -6.16998e-07 0.0106778)
(2.95961e-07 -6.00697e-07 0.0106909)
(4.61582e-07 -5.62638e-07 0.0106694)
(4.40292e-07 -6.12655e-07 0.0107082)
(4.13365e-07 -6.33765e-07 0.0107301)
(3.81596e-07 -6.26249e-07 0.0107401)
(5.15558e-07 -4.37202e-07 0.0103984)
(5.03528e-07 -4.58349e-07 0.0105226)
(4.99535e-07 -4.85929e-07 0.0106092)
(5.00732e-07 -5.08035e-07 0.0106691)
(5.49602e-07 -3.24159e-07 0.0104303)
(5.32818e-07 -3.79759e-07 0.010562)
(5.27701e-07 -4.4113e-07 0.0106498)
(5.30266e-07 -4.96334e-07 0.0107073)
(5.32862e-07 -2.05528e-07 0.0104556)
(5.21171e-07 -2.96039e-07 0.0105904)
(5.22046e-07 -3.90301e-07 0.0106761)
(5.30229e-07 -4.74227e-07 0.0107286)
(4.68527e-07 -1.00773e-07 0.0104686)
(4.71419e-07 -2.18845e-07 0.0106045)
(4.85968e-07 -3.3855e-07 0.0106885)
(5.06018e-07 -4.45379e-07 0.010738)
)
;
    }
    wall
    {
        type            calculated;
        value           nonuniform List<vector> 
192
(
(-0.00075859 0.000924345 0.0142274)
(-0.000468686 0.000876849 0.002044)
(-1.89394e-05 6.24349e-05 0.000798785)
(-3.28821e-05 0.000333857 0.000568646)
(8.17888e-05 -9.96599e-05 0.0213984)
(-0.00125685 0.0023514 0.0178722)
(-0.000330789 0.00109046 0.0147864)
(-3.94226e-05 0.000400265 0.0127351)
(0.000160005 -0.000194967 0.0122218)
(-0.000507853 0.000950126 0.00991789)
(-0.000273605 0.000901954 0.00875717)
(8.35655e-07 -8.48455e-06 0.00759266)
(0.0001881 -0.000229201 0.0115033)
(-6.62854e-05 0.000124011 0.0107231)
(-4.79118e-05 0.000157944 0.0103178)
(3.69932e-05 -0.000375599 0.00981293)
(0.00016446 -0.000200395 0.0106857)
(6.08414e-05 -0.000113826 0.0104952)
(4.21531e-05 -0.00013896 0.0104708)
(3.91373e-05 -0.000397367 0.0103792)
(0.000145907 -0.000177788 0.0105005)
(9.31836e-05 -0.000174334 0.0104799)
(6.2333e-05 -0.000205484 0.0105296)
(3.0995e-05 -0.000314698 0.0105538)
(0.000118682 -0.000144615 0.0104262)
(8.5318e-05 -0.000159619 0.0104713)
(5.53605e-05 -0.000182499 0.0105391)
(2.21621e-05 -0.000225016 0.010593)
(9.15916e-05 -0.000111605 0.0104061)
(6.80119e-05 -0.000127241 0.0104666)
(4.28026e-05 -0.000141101 0.0105313)
(1.5376e-05 -0.000156115 0.0105849)
(6.85705e-05 -8.35534e-05 0.0104003)
(5.13733e-05 -9.61127e-05 0.0104602)
(3.16017e-05 -0.000104177 0.0105174)
(1.06413e-05 -0.000108043 0.0105634)
(5.05343e-05 -6.15762e-05 0.0103993)
(3.78888e-05 -7.08849e-05 0.0104542)
(2.29226e-05 -7.55658e-05 0.0105038)
(7.41142e-06 -7.52494e-05 0.0105416)
(3.69399e-05 -4.50114e-05 0.0103994)
(2.76257e-05 -5.1684e-05 0.0104489)
(1.65104e-05 -5.44275e-05 0.0104923)
(5.20077e-06 -5.28043e-05 0.0105234)
(2.68983e-05 -3.27756e-05 0.0103996)
(2.00378e-05 -3.7488e-05 0.0104446)
(1.18648e-05 -3.9113e-05 0.0104832)
(3.6741e-06 -3.73037e-05 0.0105092)
(1.95557e-05 -2.38287e-05 0.0103997)
(1.45044e-05 -2.71358e-05 0.0104413)
(8.52626e-06 -2.81073e-05 0.0104763)
(2.61029e-06 -2.65027e-05 0.0104986)
(1.4212e-05 -1.73174e-05 0.0103997)
(1.04947e-05 -1.96343e-05 0.0104387)
(6.13357e-06 -2.02197e-05 0.0104711)
(1.86318e-06 -1.89172e-05 0.0104908)
(1.0329e-05 -1.25859e-05 0.0103996)
(7.59552e-06 -1.42102e-05 0.0104367)
(4.41836e-06 -1.45654e-05 0.0104673)
(1.33486e-06 -1.35531e-05 0.0104851)
(7.50586e-06 -9.14592e-06 0.0103995)
(5.49841e-06 -1.02868e-05 0.0104353)
(3.18622e-06 -1.05036e-05 0.0104645)
(9.58879e-07 -9.73566e-06 0.010481)
(5.44909e-06 -6.63974e-06 0.0103993)
(3.97808e-06 -7.44246e-06 0.0104342)
(2.29798e-06 -7.57542e-06 0.0104624)
(6.89623e-07 -7.00186e-06 0.0104781)
(3.94499e-06 -4.80698e-06 0.0103992)
(2.8714e-06 -5.37202e-06 0.0104334)
(1.65443e-06 -5.45392e-06 0.0104609)
(4.95469e-07 -5.03058e-06 0.0104759)
(2.83834e-06 -3.45853e-06 0.0103991)
(2.06064e-06 -3.85518e-06 0.0104328)
(1.1848e-06 -3.90576e-06 0.0104598)
(3.54282e-07 -3.59708e-06 0.0104744)
(2.01639e-06 -2.45698e-06 0.010399)
(1.46083e-06 -2.73301e-06 0.0104323)
(8.38509e-07 -2.76419e-06 0.0104591)
(2.50449e-07 -2.54285e-06 0.0104733)
(1.39851e-06 -1.70409e-06 0.0103989)
(1.01161e-06 -1.89259e-06 0.010432)
(5.79919e-07 -1.91174e-06 0.0104585)
(1.73079e-07 -1.7573e-06 0.0104725)
(9.33152e-07 -1.13705e-06 0.0103989)
(6.74772e-07 -1.26241e-06 0.0104318)
(3.86716e-07 -1.27483e-06 0.0104581)
(1.15433e-07 -1.17202e-06 0.010472)
(6.06272e-07 -7.38745e-07 0.0103989)
(4.40196e-07 -8.2355e-07 0.0104317)
(2.53203e-07 -8.34699e-07 0.0104579)
(7.59471e-08 -7.71104e-07 0.0104717)
(4.39517e-07 -5.35553e-07 0.0103989)
(3.24889e-07 -6.07824e-07 0.0104316)
(1.90285e-07 -6.27286e-07 0.0104577)
(5.79819e-08 -5.88701e-07 0.0104714)
(0.000518308 -0.000425365 0.00323269)
(0.00150993 -0.00123917 0.0164315)
(0.000924733 -0.000758909 0.00980044)
(0.000498318 -0.000408959 0.0107702)
(0.000338901 -0.000278128 0.0104134)
(0.000234627 -0.000192554 0.010378)
(0.0001652 -0.000135576 0.0103566)
(0.000116831 -9.58808e-05 0.0103601)
(8.33403e-05 -6.83956e-05 0.0103678)
(5.98826e-05 -4.91444e-05 0.0103758)
(4.3265e-05 -3.55067e-05 0.0103823)
(3.13782e-05 -2.57514e-05 0.0103871)
(2.28167e-05 -1.87252e-05 0.0103906)
(1.662e-05 -1.36397e-05 0.0103931)
(1.21182e-05 -9.94514e-06 0.0103948)
(8.8371e-06 -7.25242e-06 0.010396)
(6.43769e-06 -5.28328e-06 0.0103968)
(4.67558e-06 -3.83715e-06 0.0103973)
(3.37344e-06 -2.76851e-06 0.0103977)
(2.40217e-06 -1.97141e-06 0.010398)
(1.66913e-06 -1.36982e-06 0.0103981)
(1.11514e-06 -9.1517e-07 0.0103983)
(7.233e-07 -5.93597e-07 0.0103983)
(5.2247e-07 -4.2878e-07 0.0103984)
(-0.00211695 0.00113153 0.00178089)
(9.07466e-05 -4.85051e-05 0.0123517)
(0.000610662 -0.000326406 0.00888564)
(0.000414064 -0.000221322 0.0101852)
(0.000363397 -0.00019424 0.0101785)
(0.000265634 -0.000141985 0.010252)
(0.000183817 -9.82521e-05 0.0102985)
(0.000126215 -6.74631e-05 0.0103367)
(8.80116e-05 -4.70432e-05 0.0103644)
(6.24129e-05 -3.33604e-05 0.0103843)
(4.48529e-05 -2.39743e-05 0.0103982)
(3.25214e-05 -1.7383e-05 0.0104079)
(2.37111e-05 -1.26739e-05 0.0104147)
(1.73428e-05 -9.26992e-06 0.0104194)
(1.27041e-05 -6.79049e-06 0.0104227)
(9.30749e-06 -4.97496e-06 0.0104251)
(6.80986e-06 -3.63995e-06 0.0104267)
(4.96513e-06 -2.65392e-06 0.0104279)
(3.59439e-06 -1.92124e-06 0.0104287)
(2.56667e-06 -1.37192e-06 0.0104293)
(1.78754e-06 -9.55458e-07 0.0104297)
(1.19667e-06 -6.39632e-07 0.01043)
(7.76273e-07 -4.14926e-07 0.0104301)
(5.62237e-07 -3.00522e-07 0.0104303)
(0.0107464 -0.0032599 0.00167066)
(-0.000711874 0.000215944 0.00479241)
(-0.000313568 9.51197e-05 0.00760184)
(0.000124609 -3.77997e-05 0.00948917)
(0.000274703 -8.33301e-05 0.00989323)
(0.000229053 -6.94823e-05 0.0101211)
(0.00016181 -4.90845e-05 0.0102426)
(0.000111282 -3.3757e-05 0.0103152)
(7.78801e-05 -2.36247e-05 0.0103606)
(5.57093e-05 -1.68992e-05 0.0103902)
(4.05007e-05 -1.22858e-05 0.0104101)
(2.97287e-05 -9.0181e-06 0.0104238)
(2.19298e-05 -6.65233e-06 0.0104333)
(1.62091e-05 -4.91697e-06 0.0104399)
(1.19824e-05 -3.63482e-06 0.0104446)
(8.84723e-06 -2.68378e-06 0.010448)
(6.51554e-06 -1.97647e-06 0.0104503)
(4.77638e-06 -1.4489e-06 0.010452)
(3.47314e-06 -1.05356e-06 0.0104533)
(2.48896e-06 -7.55017e-07 0.0104541)
(1.73832e-06 -5.27314e-07 0.0104547)
(1.16611e-06 -3.53736e-07 0.0104551)
(7.56334e-07 -2.29431e-07 0.0104554)
(5.45053e-07 -1.6534e-07 0.0104556)
(0.00568721 -0.000560141 0.00599056)
(-0.000763876 7.52352e-05 0.0160379)
(-0.000870586 8.57452e-05 0.0089573)
(-0.000274088 2.69953e-05 0.00939398)
(2.14147e-05 -2.10917e-06 0.00974702)
(8.55828e-05 -8.42917e-06 0.010023)
(8.21526e-05 -8.09132e-06 0.0101919)
(6.65212e-05 -6.55177e-06 0.0102918)
(5.19023e-05 -5.11193e-06 0.0103515)
(4.00879e-05 -3.94832e-06 0.0103888)
(3.07863e-05 -3.03219e-06 0.0104131)
(2.35095e-05 -2.31548e-06 0.0104296)
(1.78507e-05 -1.75814e-06 0.010441)
(1.34806e-05 -1.32772e-06 0.010449)
(1.01286e-05 -9.97581e-07 0.0104547)
(7.57239e-06 -7.45816e-07 0.0104589)
(5.63108e-06 -5.54613e-07 0.0104619)
(4.15952e-06 -4.09676e-07 0.010464)
(3.04267e-06 -2.99677e-07 0.0104655)
(2.19062e-06 -2.15757e-07 0.0104666)
(1.53541e-06 -1.51225e-07 0.0104674)
(1.03226e-06 -1.01668e-07 0.0104679)
(6.68516e-07 -6.58431e-08 0.0104683)
(4.73856e-07 -4.66707e-08 0.0104686)
)
;
    }
    procBoundary0to1
    {
        type            processor;
        value           nonuniform List<vector> 
192
(
(-0.00763363 0.00275453 -0.00163598)
(0.00178191 0.00553313 0.00486863)
(0.00212015 0.00222235 0.00962037)
(0.00219897 0.0015373 0.00702275)
(-0.000625362 9.04301e-05 0.0221812)
(0.000471385 0.000925755 0.0177684)
(-0.000348495 0.00118178 0.0144709)
(-0.000182176 0.00117948 0.0153347)
(-0.00024639 0.000110256 0.0115104)
(7.46968e-05 0.000602163 0.0107896)
(0.00013797 0.000528467 0.00982989)
(0.000409384 0.00027665 0.00957562)
(-0.00014206 6.19896e-06 0.010797)
(5.52243e-05 0.000242748 0.0106009)
(0.000231656 0.000177344 0.010238)
(0.000459818 -1.03251e-05 0.0100789)
(-1.02405e-05 -5.41656e-05 0.0105883)
(0.00011294 3.60251e-05 0.0105249)
(0.000240121 6.13948e-06 0.0103833)
(0.000373874 -9.48079e-05 0.0103113)
(5.36281e-05 -6.80635e-05 0.0105605)
(0.000126069 -4.14534e-05 0.0105485)
(0.000201195 -5.91892e-05 0.0105019)
(0.000272181 -0.000111349 0.0104778)
(6.70033e-05 -6.35564e-05 0.0105977)
(0.000108245 -6.09437e-05 0.0106065)
(0.00015016 -7.48086e-05 0.0105991)
(0.000187718 -0.000102889 0.010599)
(6.12439e-05 -5.43982e-05 0.0106416)
(8.44954e-05 -5.96184e-05 0.0106577)
(0.000107748 -7.05958e-05 0.010665)
(0.00012812 -8.64437e-05 0.0106742)
(5.07565e-05 -4.4718e-05 0.0106764)
(6.40807e-05 -5.14594e-05 0.0106949)
(7.72371e-05 -5.97866e-05 0.0107067)
(8.86787e-05 -6.91312e-05 0.0107184)
(4.04083e-05 -3.57428e-05 0.010702)
(4.82614e-05 -4.18585e-05 0.0107207)
(5.59357e-05 -4.79729e-05 0.0107332)
(6.25945e-05 -5.36902e-05 0.0107444)
(3.15063e-05 -2.79631e-05 0.0107203)
(3.62894e-05 -3.29156e-05 0.0107383)
(4.09147e-05 -3.73304e-05 0.0107501)
(4.49158e-05 -4.09392e-05 0.0107598)
(2.42461e-05 -2.15227e-05 0.0107332)
(2.72555e-05 -2.53414e-05 0.0107503)
(3.01304e-05 -2.85093e-05 0.010761)
(3.26004e-05 -3.08495e-05 0.0107692)
(1.84858e-05 -1.63626e-05 0.0107423)
(2.04351e-05 -1.92384e-05 0.0107585)
(2.2271e-05 -2.15109e-05 0.0107681)
(2.38302e-05 -2.30646e-05 0.0107749)
(1.39927e-05 -1.23237e-05 0.0107488)
(1.52866e-05 -1.44634e-05 0.0107642)
(1.6486e-05 -1.60974e-05 0.0107729)
(1.74883e-05 -1.71505e-05 0.0107784)
(1.05281e-05 -9.21408e-06 0.0107535)
(1.14039e-05 -1.07956e-05 0.0107682)
(1.22022e-05 -1.19743e-05 0.010776)
(1.28563e-05 -1.27008e-05 0.0107807)
(7.87807e-06 -6.84725e-06 0.0107568)
(8.47983e-06 -8.01139e-06 0.010771)
(9.01895e-06 -8.86408e-06 0.0107782)
(9.45116e-06 -9.37212e-06 0.0107822)
(5.86172e-06 -5.05906e-06 0.0107592)
(6.27958e-06 -5.9129e-06 0.0107729)
(6.64772e-06 -6.53072e-06 0.0107797)
(6.93597e-06 -6.8893e-06 0.0107831)
(4.33137e-06 -3.71308e-06 0.0107609)
(4.62336e-06 -4.33638e-06 0.0107743)
(4.87659e-06 -4.78361e-06 0.0107807)
(5.07018e-06 -5.03822e-06 0.0107838)
(3.16894e-06 -2.69979e-06 0.0107621)
(3.37318e-06 -3.15122e-06 0.0107753)
(3.54784e-06 -3.4732e-06 0.0107815)
(3.67849e-06 -3.65447e-06 0.0107842)
(2.2817e-06 -1.93355e-06 0.010763)
(2.42358e-06 -2.25589e-06 0.010776)
(2.54347e-06 -2.48479e-06 0.010782)
(2.63153e-06 -2.61309e-06 0.0107845)
(1.5994e-06 -1.35059e-06 0.0107636)
(1.69606e-06 -1.57511e-06 0.0107765)
(1.77689e-06 -1.73405e-06 0.0107823)
(1.83536e-06 -1.82288e-06 0.0107847)
(1.07551e-06 -9.12806e-07 0.010764)
(1.13904e-06 -1.06383e-06 0.0107769)
(1.19168e-06 -1.17055e-06 0.0107825)
(1.22916e-06 -1.2298e-06 0.0107848)
(6.96659e-07 -6.21142e-07 0.0107643)
(7.3694e-07 -7.22653e-07 0.0107771)
(7.70026e-07 -7.94194e-07 0.0107827)
(7.93234e-07 -8.33438e-07 0.0107849)
(4.91535e-07 -5.10794e-07 0.0107645)
(5.20862e-07 -5.91737e-07 0.0107773)
(5.44588e-07 -6.49107e-07 0.0107828)
(5.61091e-07 -6.8034e-07 0.010785)
(-0.0164801 -0.00160797 -0.0105359)
(-0.000816622 0.00295515 0.00859799)
(0.000530248 -0.00115186 0.00984675)
(-0.00351404 -0.00261739 0.00370385)
(0.00125465 -0.000662624 0.0152)
(0.0005269 -0.000917352 0.0133807)
(-0.000229902 -0.000493818 0.0135872)
(-0.000199572 -0.000207263 0.0164342)
(-0.00030888 -0.000150224 0.00845674)
(-0.000616672 -0.000280818 0.00912301)
(-0.000691464 -0.000355595 0.00972269)
(-0.000423223 -0.000290995 0.0104867)
(-0.000554197 -0.000114098 0.00952064)
(-0.000556297 -0.00019136 0.00978007)
(-0.000468935 -0.000250783 0.0100911)
(-0.000294963 -0.000224861 0.0104636)
(-0.000322919 -6.77363e-05 0.00986789)
(-0.00028472 -0.00011667 0.010068)
(-0.000212525 -0.000154058 0.0102574)
(-0.000113137 -0.000146431 0.0104473)
(-0.000131026 -3.56397e-05 0.0100867)
(-0.000106014 -6.82046e-05 0.0102547)
(-6.44138e-05 -9.24299e-05 0.0103862)
(-8.99129e-06 -9.6281e-05 0.0104922)
(-3.59862e-05 -1.81593e-05 0.0102199)
(-2.26705e-05 -4.05625e-05 0.0103733)
(-6.40436e-08 -5.80922e-05 0.0104798)
(3.08002e-05 -6.71008e-05 0.0105533)
(3.30861e-06 -9.50653e-06 0.0103011)
(1.04102e-05 -2.57074e-05 0.0104474)
(2.29781e-05 -3.93391e-05 0.0105431)
(4.04824e-05 -4.95243e-05 0.0106047)
(1.69697e-05 -5.26301e-06 0.010352)
(2.1022e-05 -1.74385e-05 0.0104945)
(2.83921e-05 -2.83407e-05 0.0105855)
(3.86648e-05 -3.78328e-05 0.0106423)
(1.97898e-05 -3.1142e-06 0.0103858)
(2.22915e-05 -1.24376e-05 0.0105262)
(2.6875e-05 -2.11331e-05 0.0106148)
(3.31575e-05 -2.92077e-05 0.0106694)
(1.83573e-05 -1.95773e-06 0.0104091)
(2.00052e-05 -9.12394e-06 0.0105481)
(2.30054e-05 -1.59675e-05 0.0106354)
(2.70082e-05 -2.24933e-05 0.0106887)
(1.55414e-05 -1.29003e-06 0.0104256)
(1.66757e-05 -6.77743e-06 0.0105638)
(1.87178e-05 -1.20846e-05 0.0106502)
(2.13616e-05 -1.71963e-05 0.0107026)
(1.25537e-05 -8.7819e-07 0.0104375)
(1.33557e-05 -5.05292e-06 0.0105751)
(1.47841e-05 -9.1159e-06 0.0106609)
(1.65812e-05 -1.30401e-05 0.0107126)
(9.86388e-06 -6.10337e-07 0.0104461)
(1.04395e-05 -3.76444e-06 0.0105833)
(1.14565e-05 -6.8425e-06 0.0106686)
(1.27047e-05 -9.81469e-06 0.0107198)
(7.61241e-06 -4.29409e-07 0.0104525)
(8.0287e-06 -2.7968e-06 0.0105892)
(8.76073e-06 -5.10917e-06 0.0106743)
(9.64091e-06 -7.339e-06 0.010725)
(5.79968e-06 -3.04128e-07 0.0104571)
(6.10169e-06 -2.07014e-06 0.0105936)
(6.63171e-06 -3.79513e-06 0.0106784)
(7.25866e-06 -5.4559e-06 0.0107287)
(4.37253e-06 -2.16009e-07 0.0104605)
(4.59166e-06 -1.5253e-06 0.0105968)
(4.97625e-06 -2.80373e-06 0.0106814)
(5.42538e-06 -4.03274e-06 0.0107315)
(3.26312e-06 -1.53375e-07 0.0104629)
(3.42168e-06 -1.11717e-06 0.0105991)
(3.70038e-06 -2.05779e-06 0.0106835)
(4.02261e-06 -2.96092e-06 0.0107334)
(2.4055e-06 -1.08483e-07 0.0104647)
(2.51947e-06 -8.1105e-07 0.0106008)
(2.72026e-06 -1.49631e-06 0.0106851)
(2.95065e-06 -2.15359e-06 0.0107349)
(1.74203e-06 -7.605e-08 0.010466)
(1.82295e-06 -5.80399e-07 0.010602)
(1.96578e-06 -1.07188e-06 0.0106862)
(2.12871e-06 -1.54286e-06 0.0107359)
(1.22629e-06 -5.25854e-08 0.0104669)
(1.28254e-06 -4.05813e-07 0.0106029)
(1.38175e-06 -7.4931e-07 0.010687)
(1.4944e-06 -1.07816e-06 0.0107366)
(8.26247e-07 -3.64501e-08 0.0104675)
(8.64491e-07 -2.76047e-07 0.0106035)
(9.3096e-07 -5.07744e-07 0.0106876)
(1.00603e-06 -7.29261e-07 0.0107371)
(5.33386e-07 -2.88882e-08 0.0104679)
(5.60003e-07 -1.92584e-07 0.0106039)
(6.03519e-07 -3.4823e-07 0.0106879)
(6.5216e-07 -4.96895e-07 0.0107374)
(3.65153e-07 -2.59209e-08 0.0104683)
(3.89027e-07 -1.5752e-07 0.0106042)
(4.22363e-07 -2.90343e-07 0.0106882)
(4.58197e-07 -4.10837e-07 0.0107377)
)
;
    }
    procBoundary0to2
    {
        type            processor;
        value           nonuniform List<vector> 
192
(
(0.00251924 -0.000914244 0.00415213)
(0.000915559 -0.000501478 0.00483608)
(0.0019652 0.00189398 0.00170026)
(-0.000766028 0.000533763 0.000846715)
(0.000255296 -0.000323281 0.0198268)
(9.62166e-05 0.000222225 0.0186208)
(-0.000211818 0.000899331 0.0210564)
(-0.00140205 0.00111272 0.0213553)
(-8.40912e-05 -0.0009851 0.0109911)
(-5.21916e-05 -0.00073368 0.0107808)
(5.10907e-05 -0.000309409 0.0107596)
(0.000163379 2.96023e-05 0.010294)
(0.000118491 -0.000790017 0.0115556)
(0.000234034 -0.000692678 0.0113727)
(0.000399226 -0.000489495 0.011103)
(0.000564541 -0.000280424 0.0106067)
(0.000248823 -0.000519125 0.0113235)
(0.000369009 -0.00047471 0.0111782)
(0.000474168 -0.000383189 0.0109616)
(0.000526514 -0.000277188 0.0106423)
(0.000242304 -0.00033282 0.0110912)
(0.000326729 -0.000309126 0.0109933)
(0.00038091 -0.000265359 0.0108493)
(0.000384918 -0.000212926 0.0106663)
(0.000187779 -0.00021784 0.0109656)
(0.000238212 -0.000204984 0.0109055)
(0.000264631 -0.000182988 0.0108166)
(0.000257865 -0.000156322 0.0107121)
(0.000133939 -0.000146219 0.0108948)
(0.000162961 -0.000139629 0.0108599)
(0.000176112 -0.000128459 0.0108069)
(0.000169476 -0.000114625 0.0107462)
(9.3126e-05 -0.000100279 0.0108521)
(0.000110153 -9.72006e-05 0.0108336)
(0.000117205 -9.15943e-05 0.0108022)
(0.000112706 -8.43068e-05 0.0107662)
(6.45097e-05 -6.98595e-05 0.0108253)
(7.49422e-05 -6.8639e-05 0.0108173)
(7.91504e-05 -6.591e-05 0.0107992)
(7.65471e-05 -6.20429e-05 0.0107772)
(4.48548e-05 -4.92089e-05 0.0108078)
(5.15708e-05 -4.89109e-05 0.0108066)
(5.4364e-05 -4.76637e-05 0.0107965)
(5.30458e-05 -4.5618e-05 0.0107829)
(3.13757e-05 -3.49403e-05 0.0107959)
(3.58948e-05 -3.50634e-05 0.0107991)
(3.79016e-05 -3.45681e-05 0.0107941)
(3.73559e-05 -3.35041e-05 0.0107856)
(2.2088e-05 -2.49576e-05 0.0107876)
(2.52343e-05 -2.52438e-05 0.0107937)
(2.67429e-05 -2.51179e-05 0.010792)
(2.66213e-05 -2.45848e-05 0.0107868)
(1.56442e-05 -1.79082e-05 0.0107816)
(1.78869e-05 -1.82311e-05 0.0107897)
(1.90433e-05 -1.82751e-05 0.0107902)
(1.91311e-05 -1.80269e-05 0.0107871)
(1.11393e-05 -1.28933e-05 0.0107773)
(1.27617e-05 -1.31956e-05 0.0107867)
(1.3652e-05 -1.3307e-05 0.0107886)
(1.38255e-05 -1.32086e-05 0.010787)
(7.96479e-06 -9.30312e-06 0.0107742)
(9.14792e-06 -9.56266e-06 0.0107845)
(9.83085e-06 -9.6905e-06 0.0107874)
(1.00243e-05 -9.66787e-06 0.0107868)
(5.70943e-06 -6.71722e-06 0.0107719)
(6.57487e-06 -6.92922e-06 0.0107829)
(7.09464e-06 -7.04983e-06 0.0107865)
(7.27605e-06 -7.06273e-06 0.0107865)
(4.09302e-06 -4.84257e-06 0.0107703)
(4.72523e-06 -5.00988e-06 0.0107817)
(5.11677e-06 -5.11359e-06 0.0107857)
(5.27237e-06 -5.14042e-06 0.0107863)
(2.92269e-06 -3.4726e-06 0.0107691)
(3.38163e-06 -3.60096e-06 0.0107808)
(3.67271e-06 -3.68505e-06 0.0107852)
(3.79828e-06 -3.71445e-06 0.0107861)
(2.06448e-06 -2.46072e-06 0.0107682)
(2.39311e-06 -2.55639e-06 0.0107802)
(2.60542e-06 -2.62147e-06 0.0107848)
(2.70193e-06 -2.64793e-06 0.0107859)
(1.426e-06 -1.70469e-06 0.0107676)
(1.65533e-06 -1.77353e-06 0.0107797)
(1.80557e-06 -1.82162e-06 0.0107845)
(1.87643e-06 -1.84304e-06 0.0107858)
(9.4851e-07 -1.14364e-06 0.0107672)
(1.102e-06 -1.19128e-06 0.0107794)
(1.20357e-06 -1.22522e-06 0.0107843)
(1.25293e-06 -1.24141e-06 0.0107857)
(6.0925e-07 -7.70849e-07 0.010767)
(7.08035e-07 -8.03869e-07 0.0107792)
(7.73994e-07 -8.27695e-07 0.0107841)
(8.06829e-07 -8.39753e-07 0.0107856)
(4.28159e-07 -6.24141e-07 0.0107668)
(4.97251e-07 -6.52762e-07 0.010779)
(5.44706e-07 -6.73206e-07 0.010784)
(5.69144e-07 -6.8385e-07 0.0107856)
(0.00137147 0.000342066 0.00408726)
(0.00193496 0.00129636 0.00116074)
(0.00491661 0.00874955 0.00064251)
(0.00245818 0.00127047 0.00169322)
(-0.000301207 -0.000277538 0.0118711)
(-0.000661725 0.00054232 0.0147419)
(2.92601e-05 0.00126218 0.0302486)
(0.000705745 0.00010063 0.026578)
(-0.000361569 -0.00110607 0.00933611)
(-0.000789512 -0.000719741 0.0100008)
(-0.000776209 -0.000575597 0.0119269)
(-0.000289875 -0.000835047 0.0117131)
(-0.000204979 -0.000826797 0.0107966)
(-0.000404487 -0.000683729 0.0110753)
(-0.000339988 -0.000638843 0.0115379)
(-6.5339e-05 -0.000721339 0.0116737)
(-7.4795e-05 -0.000524765 0.0108962)
(-0.000104369 -0.000477585 0.0111115)
(-3.74851e-05 -0.000467649 0.0113246)
(0.000111505 -0.000497743 0.0113895)
(-2.4377e-05 -0.000331394 0.010822)
(-3.77519e-07 -0.000316504 0.0109813)
(5.7721e-05 -0.000317871 0.0110963)
(0.00014905 -0.000329808 0.0111304)
(-7.10272e-06 -0.000214683 0.0107343)
(2.55261e-05 -0.000209708 0.0108728)
(7.10208e-05 -0.000212936 0.0109568)
(0.00012989 -0.000218614 0.0109853)
(-1.11768e-06 -0.000142042 0.0106628)
(2.76195e-05 -0.00014019 0.0107952)
(6.09362e-05 -0.000143181 0.0108713)
(9.90361e-05 -0.000146765 0.0109013)
(8.07907e-07 -9.57126e-05 0.0106089)
(2.3242e-05 -9.49206e-05 0.0107399)
(4.6912e-05 -9.73428e-05 0.0108152)
(7.18254e-05 -0.000100074 0.0108489)
(1.2296e-06 -6.54869e-05 0.0105697)
(1.78826e-05 -6.50938e-05 0.0107011)
(3.45344e-05 -6.69766e-05 0.0107776)
(5.11127e-05 -6.91808e-05 0.0108152)
(1.13714e-06 -4.53744e-05 0.0105414)
(1.32076e-05 -4.515e-05 0.0106737)
(2.49005e-05 -4.65835e-05 0.0107519)
(3.61343e-05 -4.83571e-05 0.0107927)
(9.08226e-07 -3.17619e-05 0.0105212)
(9.5576e-06 -3.16183e-05 0.0106543)
(1.77824e-05 -3.26955e-05 0.0107341)
(2.5518e-05 -3.4098e-05 0.0107772)
(6.79395e-07 -2.24178e-05 0.0105068)
(6.84758e-06 -2.23182e-05 0.0106406)
(1.26531e-05 -2.31203e-05 0.0107215)
(1.80517e-05 -2.42103e-05 0.0107665)
(4.91629e-07 -1.5928e-05 0.0104965)
(4.88572e-06 -1.58556e-05 0.0106308)
(9.00091e-06 -1.6449e-05 0.0107126)
(1.28091e-05 -1.72841e-05 0.0107588)
(3.4976e-07 -1.13758e-05 0.0104891)
(3.48287e-06 -1.13218e-05 0.0106239)
(6.41219e-06 -1.17587e-05 0.0107063)
(9.12081e-06 -1.23915e-05 0.0107534)
(2.46819e-07 -8.15472e-06 0.0104838)
(2.4844e-06 -8.11405e-06 0.0106189)
(4.57707e-06 -8.43455e-06 0.0107017)
(6.515e-06 -8.90972e-06 0.0107495)
(1.73581e-07 -5.85716e-06 0.0104801)
(1.77351e-06 -5.8264e-06 0.0106153)
(3.2719e-06 -6.06062e-06 0.0106985)
(4.66322e-06 -6.41462e-06 0.0107467)
(1.21856e-07 -4.20486e-06 0.0104774)
(1.26533e-06 -4.18165e-06 0.0106128)
(2.33822e-06 -4.35196e-06 0.0106961)
(3.33754e-06 -4.61351e-06 0.0107446)
(8.52912e-08 -3.00538e-06 0.0104754)
(8.99331e-07 -2.988e-06 0.0106109)
(1.66455e-06 -3.11085e-06 0.0106945)
(2.3795e-06 -3.30205e-06 0.0107432)
(5.92695e-08 -2.12417e-06 0.0104741)
(6.32805e-07 -2.11142e-06 0.0106096)
(1.17274e-06 -2.19883e-06 0.0106933)
(1.67855e-06 -2.33634e-06 0.0107421)
(4.05819e-08 -1.46799e-06 0.0104731)
(4.36101e-07 -1.45934e-06 0.0106087)
(8.08611e-07 -1.52024e-06 0.0106924)
(1.15828e-06 -1.61663e-06 0.0107414)
(2.70312e-08 -9.79747e-07 0.0104725)
(2.90083e-07 -9.75915e-07 0.0106081)
(5.37358e-07 -1.01787e-06 0.0106919)
(7.69787e-07 -1.08345e-06 0.0107409)
(1.70787e-08 -6.48781e-07 0.010472)
(1.86631e-07 -6.52419e-07 0.0106077)
(3.4449e-07 -6.83898e-07 0.0106915)
(4.93221e-07 -7.29452e-07 0.0107406)
(5.4852e-09 -5.00894e-07 0.0104717)
(1.23445e-07 -5.16987e-07 0.0106074)
(2.39837e-07 -5.49233e-07 0.0106912)
(3.45019e-07 -5.88285e-07 0.0107403)
)
;
    }
}


// ************************************************************************* //
