/*--------------------------------*- C++ -*----------------------------------*\
  =========                 |
  \\      /  F ield         | OpenFOAM: The Open Source CFD Toolbox
   \\    /   O peration     | Website:  https://openfoam.org
    \\  /    A nd           | Version:  6
     \\/     M anipulation  |
\*---------------------------------------------------------------------------*/
FoamFile
{
    version     2.0;
    format      ascii;
    class       volScalarField;
    location    "0.08";
    object      p;
}
// * * * * * * * * * * * * * * * * * * * * * * * * * * * * * * * * * * * * * //

dimensions      [0 2 -2 0 0 0 0];

internalField   nonuniform List<scalar> 
1152
(
1.01653
1.01134
1.01074
1.01019
1.01192
1.01104
1.0119
1.01032
1.01094
1.0114
1.01279
1.01244
1.0115
1.01506
1.01312
1.01341
1.00677
1.00749
1.00683
1.00613
1.0068
1.00736
1.00676
1.00636
1.00681
1.00705
1.00695
1.00613
1.00595
1.00513
1.00696
1.00661
1.00744
1.00761
1.00758
1.00759
1.00744
1.00755
1.00751
1.0075
1.00743
1.00748
1.0075
1.0074
1.00737
1.00732
1.00753
1.00748
1.00709
1.00714
1.00715
1.00714
1.00708
1.00712
1.00713
1.00713
1.00707
1.00711
1.00713
1.00713
1.00708
1.0071
1.00714
1.00713
1.0067
1.00673
1.00675
1.00676
1.00669
1.00672
1.00674
1.00674
1.0067
1.00672
1.00674
1.00673
1.0067
1.00673
1.00674
1.00673
1.00635
1.00637
1.00638
1.00639
1.00635
1.00637
1.00638
1.00638
1.00635
1.00637
1.00638
1.00638
1.00636
1.00637
1.00638
1.00638
1.006
1.00601
1.00603
1.00603
1.006
1.00602
1.00603
1.00603
1.006
1.00602
1.00603
1.00603
1.00601
1.00602
1.00603
1.00603
1.00565
1.00567
1.00567
1.00568
1.00566
1.00567
1.00567
1.00568
1.00566
1.00567
1.00568
1.00568
1.00566
1.00567
1.00568
1.00568
1.00531
1.00532
1.00533
1.00533
1.00531
1.00532
1.00533
1.00533
1.00532
1.00532
1.00533
1.00533
1.00532
1.00533
1.00533
1.00533
1.00497
1.00497
1.00498
1.00498
1.00497
1.00498
1.00498
1.00498
1.00497
1.00498
1.00498
1.00499
1.00497
1.00498
1.00498
1.00499
1.00463
1.00463
1.00463
1.00464
1.00463
1.00463
1.00464
1.00464
1.00463
1.00463
1.00464
1.00464
1.00463
1.00464
1.00464
1.00464
1.00428
1.00429
1.00429
1.00429
1.00429
1.00429
1.00429
1.00429
1.00429
1.00429
1.00429
1.00429
1.00429
1.00429
1.00429
1.0043
1.00394
1.00394
1.00395
1.00395
1.00394
1.00394
1.00395
1.00395
1.00394
1.00395
1.00395
1.00395
1.00394
1.00395
1.00395
1.00395
1.0036
1.0036
1.0036
1.0036
1.0036
1.0036
1.0036
1.0036
1.0036
1.0036
1.0036
1.0036
1.0036
1.0036
1.0036
1.00361
1.00326
1.00326
1.00326
1.00326
1.00326
1.00326
1.00326
1.00326
1.00326
1.00326
1.00326
1.00326
1.00326
1.00326
1.00326
1.00326
1.00291
1.00292
1.00292
1.00292
1.00291
1.00292
1.00292
1.00292
1.00291
1.00292
1.00292
1.00292
1.00292
1.00292
1.00292
1.00292
1.00257
1.00257
1.00257
1.00257
1.00257
1.00257
1.00257
1.00257
1.00257
1.00257
1.00257
1.00257
1.00257
1.00257
1.00257
1.00257
1.00223
1.00223
1.00223
1.00223
1.00223
1.00223
1.00223
1.00223
1.00223
1.00223
1.00223
1.00223
1.00223
1.00223
1.00223
1.00223
1.00189
1.00189
1.00189
1.00189
1.00189
1.00189
1.00189
1.00189
1.00189
1.00189
1.00189
1.00189
1.00189
1.00189
1.00189
1.00189
1.00154
1.00154
1.00154
1.00154
1.00154
1.00154
1.00154
1.00154
1.00154
1.00154
1.00154
1.00154
1.00154
1.00154
1.00154
1.00154
1.0012
1.0012
1.0012
1.0012
1.0012
1.0012
1.0012
1.0012
1.0012
1.0012
1.0012
1.0012
1.0012
1.0012
1.0012
1.0012
1.00086
1.00086
1.00086
1.00086
1.00086
1.00086
1.00086
1.00086
1.00086
1.00086
1.00086
1.00086
1.00086
1.00086
1.00086
1.00086
1.00051
1.00051
1.00051
1.00051
1.00051
1.00051
1.00051
1.00051
1.00051
1.00051
1.00051
1.00051
1.00051
1.00051
1.00051
1.00051
1.00017
1.00017
1.00017
1.00017
1.00017
1.00017
1.00017
1.00017
1.00017
1.00017
1.00017
1.00017
1.00017
1.00017
1.00017
1.00017
1.01093
1.01612
1.01174
1.02072
1.01015
1.0124
1.01412
1.01793
1.01027
1.01108
1.01236
1.01408
1.01092
1.01111
1.01266
1.0121
1.00618
1.00697
1.00746
1.00573
1.00719
1.00744
1.00715
1.00631
1.00749
1.00786
1.00752
1.00656
1.00713
1.00771
1.00702
1.0063
1.0073
1.00776
1.00803
1.0083
1.00743
1.00771
1.00786
1.00809
1.00752
1.00774
1.00784
1.00799
1.0075
1.00769
1.0077
1.00783
1.00701
1.0072
1.00727
1.00726
1.00706
1.0072
1.00726
1.00726
1.00709
1.00719
1.00723
1.00723
1.00709
1.00716
1.00718
1.00718
1.00668
1.00677
1.00682
1.00683
1.0067
1.00677
1.00681
1.00682
1.0067
1.00676
1.00679
1.0068
1.0067
1.00674
1.00677
1.00678
1.00634
1.00639
1.00642
1.00642
1.00635
1.00639
1.00641
1.00642
1.00635
1.00638
1.0064
1.00641
1.00635
1.00637
1.00639
1.0064
1.006
1.00602
1.00604
1.00605
1.006
1.00602
1.00604
1.00605
1.006
1.00602
1.00604
1.00604
1.006
1.00602
1.00603
1.00604
1.00566
1.00567
1.00568
1.00569
1.00566
1.00567
1.00568
1.00569
1.00565
1.00567
1.00568
1.00568
1.00565
1.00567
1.00568
1.00568
1.00531
1.00532
1.00533
1.00533
1.00531
1.00532
1.00533
1.00533
1.00531
1.00532
1.00533
1.00533
1.00531
1.00532
1.00533
1.00533
1.00497
1.00497
1.00498
1.00498
1.00497
1.00497
1.00498
1.00498
1.00497
1.00497
1.00498
1.00498
1.00497
1.00497
1.00498
1.00498
1.00463
1.00463
1.00463
1.00464
1.00463
1.00463
1.00463
1.00464
1.00463
1.00463
1.00463
1.00464
1.00463
1.00463
1.00463
1.00464
1.00428
1.00429
1.00429
1.00429
1.00428
1.00429
1.00429
1.00429
1.00428
1.00429
1.00429
1.00429
1.00428
1.00429
1.00429
1.00429
1.00394
1.00394
1.00395
1.00395
1.00394
1.00394
1.00395
1.00395
1.00394
1.00394
1.00395
1.00395
1.00394
1.00394
1.00395
1.00395
1.0036
1.0036
1.0036
1.0036
1.0036
1.0036
1.0036
1.0036
1.0036
1.0036
1.0036
1.0036
1.0036
1.0036
1.0036
1.0036
1.00326
1.00326
1.00326
1.00326
1.00326
1.00326
1.00326
1.00326
1.00326
1.00326
1.00326
1.00326
1.00326
1.00326
1.00326
1.00326
1.00291
1.00291
1.00292
1.00292
1.00291
1.00291
1.00292
1.00292
1.00291
1.00291
1.00292
1.00292
1.00291
1.00291
1.00292
1.00292
1.00257
1.00257
1.00257
1.00257
1.00257
1.00257
1.00257
1.00257
1.00257
1.00257
1.00257
1.00257
1.00257
1.00257
1.00257
1.00257
1.00223
1.00223
1.00223
1.00223
1.00223
1.00223
1.00223
1.00223
1.00223
1.00223
1.00223
1.00223
1.00223
1.00223
1.00223
1.00223
1.00189
1.00189
1.00189
1.00189
1.00189
1.00189
1.00189
1.00189
1.00189
1.00189
1.00189
1.00189
1.00189
1.00189
1.00189
1.00189
1.00154
1.00154
1.00154
1.00154
1.00154
1.00154
1.00154
1.00154
1.00154
1.00154
1.00154
1.00154
1.00154
1.00154
1.00154
1.00154
1.0012
1.0012
1.0012
1.0012
1.0012
1.0012
1.0012
1.0012
1.0012
1.0012
1.0012
1.0012
1.0012
1.0012
1.0012
1.0012
1.00086
1.00086
1.00086
1.00086
1.00086
1.00086
1.00086
1.00086
1.00086
1.00086
1.00086
1.00086
1.00086
1.00086
1.00086
1.00086
1.00051
1.00051
1.00051
1.00051
1.00051
1.00051
1.00051
1.00051
1.00051
1.00051
1.00051
1.00051
1.00051
1.00051
1.00051
1.00051
1.00017
1.00017
1.00017
1.00017
1.00017
1.00017
1.00017
1.00017
1.00017
1.00017
1.00017
1.00017
1.00017
1.00017
1.00017
1.00017
1.01143
1.01351
1.01476
1.01386
1.00969
1.01158
1.01006
1.00963
1.00937
1.01041
1.01504
1.01244
1.01221
1.01213
1.00522
1.00685
1.00583
1.00627
1.00614
1.00584
1.00617
1.00569
1.00647
1.00685
1.00599
1.00545
1.00563
1.00594
1.00612
1.00567
1.00545
1.00579
1.00768
1.00779
1.00784
1.00798
1.0075
1.00744
1.00753
1.00761
1.00739
1.00727
1.00721
1.0074
1.00733
1.00713
1.00702
1.00702
1.00711
1.00713
1.00714
1.00711
1.0071
1.00709
1.00707
1.00703
1.00709
1.00707
1.00704
1.00702
1.00707
1.007
1.00691
1.00685
1.00675
1.00676
1.00676
1.00677
1.00673
1.00672
1.00671
1.00671
1.00672
1.0067
1.00669
1.00668
1.00671
1.00667
1.00664
1.00661
1.00639
1.00639
1.0064
1.0064
1.00638
1.00638
1.00637
1.00637
1.00637
1.00637
1.00636
1.00636
1.00637
1.00636
1.00634
1.00633
1.00603
1.00604
1.00604
1.00604
1.00603
1.00603
1.00603
1.00603
1.00603
1.00603
1.00602
1.00602
1.00603
1.00602
1.00602
1.00601
1.00568
1.00568
1.00568
1.00568
1.00568
1.00568
1.00568
1.00568
1.00568
1.00568
1.00568
1.00568
1.00568
1.00568
1.00568
1.00568
1.00533
1.00533
1.00533
1.00533
1.00533
1.00533
1.00533
1.00533
1.00533
1.00533
1.00533
1.00533
1.00534
1.00534
1.00533
1.00533
1.00498
1.00498
1.00499
1.00499
1.00499
1.00499
1.00499
1.00499
1.00499
1.00499
1.00499
1.00499
1.00499
1.00499
1.00499
1.00499
1.00464
1.00464
1.00464
1.00464
1.00464
1.00464
1.00464
1.00464
1.00464
1.00464
1.00464
1.00464
1.00464
1.00464
1.00464
1.00464
1.00429
1.00429
1.00429
1.00429
1.00429
1.00429
1.0043
1.0043
1.0043
1.0043
1.0043
1.0043
1.0043
1.0043
1.0043
1.0043
1.00395
1.00395
1.00395
1.00395
1.00395
1.00395
1.00395
1.00395
1.00395
1.00395
1.00395
1.00395
1.00395
1.00395
1.00395
1.00395
1.0036
1.0036
1.0036
1.0036
1.00361
1.00361
1.00361
1.00361
1.00361
1.00361
1.00361
1.00361
1.00361
1.00361
1.00361
1.00361
1.00326
1.00326
1.00326
1.00326
1.00326
1.00326
1.00326
1.00326
1.00326
1.00326
1.00326
1.00326
1.00326
1.00326
1.00326
1.00326
1.00292
1.00292
1.00292
1.00292
1.00292
1.00292
1.00292
1.00292
1.00292
1.00292
1.00292
1.00292
1.00292
1.00292
1.00292
1.00292
1.00257
1.00257
1.00257
1.00257
1.00257
1.00257
1.00257
1.00257
1.00257
1.00257
1.00257
1.00257
1.00257
1.00257
1.00258
1.00258
1.00223
1.00223
1.00223
1.00223
1.00223
1.00223
1.00223
1.00223
1.00223
1.00223
1.00223
1.00223
1.00223
1.00223
1.00223
1.00223
1.00189
1.00189
1.00189
1.00189
1.00189
1.00189
1.00189
1.00189
1.00189
1.00189
1.00189
1.00189
1.00189
1.00189
1.00189
1.00189
1.00154
1.00154
1.00154
1.00154
1.00154
1.00154
1.00154
1.00154
1.00154
1.00154
1.00154
1.00154
1.00154
1.00154
1.00154
1.00154
1.0012
1.0012
1.0012
1.0012
1.0012
1.0012
1.0012
1.0012
1.0012
1.0012
1.0012
1.0012
1.0012
1.0012
1.0012
1.0012
1.00086
1.00086
1.00086
1.00086
1.00086
1.00086
1.00086
1.00086
1.00086
1.00086
1.00086
1.00086
1.00086
1.00086
1.00086
1.00086
1.00051
1.00051
1.00051
1.00051
1.00051
1.00051
1.00051
1.00051
1.00051
1.00051
1.00051
1.00051
1.00051
1.00051
1.00051
1.00051
1.00017
1.00017
1.00017
1.00017
1.00017
1.00017
1.00017
1.00017
1.00017
1.00017
1.00017
1.00017
1.00017
1.00017
1.00017
1.00017
)
;

boundaryField
{
    inlet
    {
        type            zeroGradient;
    }
    outlet
    {
        type            fixedValue;
        value           uniform 1;
    }
    wall
    {
        type            zeroGradient;
    }
    procBoundary1to0
    {
        type            processor;
        value           nonuniform List<scalar> 
192
(
1.01159
1.01347
1.01382
1.0127
1.00702
1.00616
1.00572
1.00547
1.00742
1.00733
1.00728
1.0073
1.00703
1.00703
1.00704
1.00705
1.00666
1.00666
1.00666
1.00667
1.00632
1.00632
1.00632
1.00633
1.00598
1.00598
1.00599
1.00599
1.00564
1.00564
1.00565
1.00565
1.0053
1.0053
1.00531
1.00531
1.00496
1.00496
1.00497
1.00497
1.00462
1.00462
1.00462
1.00463
1.00428
1.00428
1.00428
1.00428
1.00394
1.00394
1.00394
1.00394
1.0036
1.0036
1.0036
1.0036
1.00326
1.00326
1.00326
1.00326
1.00291
1.00291
1.00291
1.00291
1.00257
1.00257
1.00257
1.00257
1.00223
1.00223
1.00223
1.00223
1.00189
1.00189
1.00189
1.00189
1.00154
1.00154
1.00154
1.00154
1.0012
1.0012
1.0012
1.0012
1.00086
1.00086
1.00086
1.00086
1.00051
1.00051
1.00051
1.00051
1.00017
1.00017
1.00017
1.00017
1.0067
1.00955
1.01091
1.01105
1.00575
1.00633
1.00669
1.00664
1.00713
1.00717
1.00727
1.00733
1.0069
1.00695
1.00699
1.00702
1.00662
1.00663
1.00665
1.00665
1.00631
1.00631
1.00631
1.00632
1.00598
1.00598
1.00598
1.00598
1.00564
1.00564
1.00564
1.00564
1.0053
1.0053
1.0053
1.0053
1.00496
1.00496
1.00496
1.00496
1.00462
1.00462
1.00462
1.00462
1.00428
1.00428
1.00428
1.00428
1.00394
1.00394
1.00394
1.00394
1.0036
1.0036
1.0036
1.0036
1.00325
1.00325
1.00326
1.00326
1.00291
1.00291
1.00291
1.00291
1.00257
1.00257
1.00257
1.00257
1.00223
1.00223
1.00223
1.00223
1.00189
1.00189
1.00189
1.00189
1.00154
1.00154
1.00154
1.00154
1.0012
1.0012
1.0012
1.0012
1.00086
1.00086
1.00086
1.00086
1.00051
1.00051
1.00051
1.00051
1.00017
1.00017
1.00017
1.00017
)
;
    }
    procBoundary1to3
    {
        type            processor;
        value           nonuniform List<scalar> 
192
(
1.01042
1.01282
1.01396
1.01541
1.0072
1.00693
1.00657
1.00643
1.0076
1.00757
1.00757
1.00752
1.00714
1.00717
1.00718
1.00715
1.00672
1.00675
1.00675
1.00674
1.00637
1.00638
1.00639
1.00639
1.00602
1.00603
1.00604
1.00604
1.00567
1.00568
1.00568
1.00569
1.00532
1.00533
1.00533
1.00534
1.00498
1.00498
1.00499
1.00499
1.00463
1.00464
1.00464
1.00464
1.00429
1.00429
1.00429
1.0043
1.00395
1.00395
1.00395
1.00395
1.0036
1.0036
1.00361
1.00361
1.00326
1.00326
1.00326
1.00326
1.00292
1.00292
1.00292
1.00292
1.00257
1.00257
1.00257
1.00257
1.00223
1.00223
1.00223
1.00223
1.00189
1.00189
1.00189
1.00189
1.00154
1.00154
1.00154
1.00154
1.0012
1.0012
1.0012
1.0012
1.00086
1.00086
1.00086
1.00086
1.00051
1.00051
1.00051
1.00051
1.00017
1.00017
1.00017
1.00017
1.01376
1.01046
1.00833
1.00854
1.00618
1.00613
1.00613
1.00584
1.00738
1.00725
1.00714
1.00711
1.00709
1.00702
1.00695
1.0069
1.00672
1.00669
1.00666
1.00664
1.00638
1.00637
1.00635
1.00635
1.00603
1.00603
1.00602
1.00602
1.00569
1.00569
1.00568
1.00568
1.00534
1.00534
1.00534
1.00534
1.00499
1.00499
1.00499
1.00499
1.00464
1.00465
1.00465
1.00465
1.0043
1.0043
1.0043
1.0043
1.00395
1.00395
1.00395
1.00395
1.00361
1.00361
1.00361
1.00361
1.00326
1.00326
1.00326
1.00326
1.00292
1.00292
1.00292
1.00292
1.00257
1.00258
1.00258
1.00258
1.00223
1.00223
1.00223
1.00223
1.00189
1.00189
1.00189
1.00189
1.00154
1.00154
1.00154
1.00154
1.0012
1.0012
1.0012
1.0012
1.00086
1.00086
1.00086
1.00086
1.00051
1.00051
1.00051
1.00051
1.00017
1.00017
1.00017
1.00017
)
;
    }
}


// ************************************************************************* //
