/*--------------------------------*- C++ -*----------------------------------*\
  =========                 |
  \\      /  F ield         | OpenFOAM: The Open Source CFD Toolbox
   \\    /   O peration     | Website:  https://openfoam.org
    \\  /    A nd           | Version:  6
     \\/     M anipulation  |
\*---------------------------------------------------------------------------*/
FoamFile
{
    version     2.0;
    format      ascii;
    class       volVectorField;
    location    "0.08";
    object      stored_U;
}
// * * * * * * * * * * * * * * * * * * * * * * * * * * * * * * * * * * * * * //

dimensions      [0 1 -1 0 0 0 0];

internalField   nonuniform List<vector> 
1152
(
(0.0012205 0.00173392 0.000258382)
(0.00369436 0.00228937 0.013657)
(0.00482961 0.0105487 0.00924825)
(-0.00184869 0.0038553 0.00582126)
(-0.000608213 0.00125753 0.0076162)
(-0.00120965 0.00124973 0.0151497)
(-0.000516207 0.00835827 0.00909908)
(-0.00118936 0.00310927 0.0118891)
(0.00350686 1.63535e-05 0.0148166)
(-0.00264488 -0.000634723 0.016555)
(-0.00447158 0.00502692 0.0129558)
(-0.00370931 0.00541234 0.00260344)
(0.00380794 -0.00187081 0.0146672)
(-0.000869759 -0.0058615 0.0161574)
(-0.0025374 -0.00140796 0.0150111)
(-0.00179318 0.000786164 0.00408071)
(-0.00106887 0.000358362 0.0211415)
(0.000106006 2.22368e-06 0.01928)
(0.00215272 0.00093287 0.0187092)
(0.00159915 -0.000460655 0.0211787)
(-0.00224199 -0.000497224 0.0217684)
(-0.000709225 -0.000806447 0.0211542)
(0.00113965 0.000170697 0.0226729)
(0.000941591 -0.000455275 0.0251737)
(-0.00222598 5.74028e-05 0.0231897)
(-0.000850588 -0.000190959 0.0228131)
(0.00112768 0.00052198 0.0251668)
(0.00206132 0.00100722 0.028404)
(-0.00206788 0.00143239 0.0234319)
(-0.000550858 0.00129512 0.0237287)
(0.00137739 0.00156209 0.0243139)
(0.00267216 0.000794161 0.0248815)
(-0.000209747 -0.000851641 0.0142487)
(-0.000147555 -0.000949909 0.0146198)
(-1.02765e-05 -0.000633748 0.0141081)
(-0.00016989 -0.000329152 0.0144626)
(-0.000443668 -0.000979489 0.0152725)
(-0.00022518 -0.00112013 0.0156175)
(6.71172e-05 -0.000868679 0.01539)
(0.00019455 -0.000465283 0.0158444)
(-0.000520432 -0.000467331 0.0161465)
(-0.000136798 -0.000565048 0.0163411)
(0.000430785 -0.00033461 0.0161571)
(0.000849549 0.000223011 0.0159323)
(-0.000545641 0.000262696 0.0159596)
(-1.608e-05 0.000245423 0.0161357)
(0.00071218 0.000342088 0.0156808)
(0.001261 0.000432839 0.0146961)
(0.000130645 -0.000876283 0.0151928)
(5.30027e-05 -0.000849218 0.0153262)
(-3.11008e-05 -0.000679904 0.0153735)
(-3.16464e-05 -0.000430562 0.0157687)
(0.000105588 -0.000846045 0.0157525)
(8.81646e-05 -0.000815332 0.0158004)
(8.69344e-05 -0.000663411 0.0157617)
(0.000170415 -0.000390003 0.0159582)
(0.000108037 -0.00056583 0.0161588)
(0.000166151 -0.000528109 0.0160839)
(0.000263221 -0.000376306 0.0159055)
(0.000400995 -9.25583e-05 0.0157583)
(8.0531e-05 -0.000251421 0.0161927)
(0.000220833 -0.000240733 0.0160346)
(0.00040419 -0.000156958 0.0157133)
(0.000548545 -3.60921e-05 0.0153007)
(0.000164993 -0.000630449 0.0154693)
(6.5213e-05 -0.000573861 0.0154852)
(-3.39639e-05 -0.000451909 0.0155374)
(-5.97138e-05 -0.000286029 0.0156882)
(0.000181201 -0.000609572 0.0157744)
(0.00012819 -0.000538777 0.0157392)
(7.78661e-05 -0.000418894 0.0157248)
(8.05904e-05 -0.000255976 0.0157783)
(0.000205247 -0.000498621 0.0159866)
(0.000192002 -0.000433848 0.0158828)
(0.000179661 -0.000332331 0.0157881)
(0.000189282 -0.000198397 0.0157255)
(0.000212702 -0.000383977 0.0160681)
(0.000227445 -0.000352716 0.0159118)
(0.000239201 -0.000307875 0.0157446)
(0.000235954 -0.000266865 0.0155937)
(0.000150907 -0.000437785 0.015606)
(6.08724e-05 -0.000397427 0.0155955)
(-2.23483e-05 -0.000327736 0.0156194)
(-6.02261e-05 -0.000242128 0.0156746)
(0.000170321 -0.000439121 0.015786)
(0.000108689 -0.000389991 0.0157485)
(4.93629e-05 -0.000319294 0.0157339)
(1.93024e-05 -0.000236817 0.0157419)
(0.000193499 -0.000406425 0.015916)
(0.000151981 -0.000363323 0.015844)
(0.000107453 -0.000308481 0.0157895)
(7.55563e-05 -0.000249842 0.0157524)
(0.000207599 -0.000371351 0.0159953)
(0.000176097 -0.000349679 0.0158949)
(0.000135268 -0.000329241 0.0158095)
(9.43969e-05 -0.000320163 0.015745)
(0.000127619 -0.000306667 0.015739)
(5.77411e-05 -0.00028385 0.0157174)
(-6.38954e-06 -0.000248482 0.0157144)
(-4.46094e-05 -0.000208047 0.015718)
(0.0001414 -0.000319398 0.0158585)
(8.65422e-05 -0.000293235 0.0158243)
(3.36376e-05 -0.000257525 0.0158042)
(-2.07e-06 -0.000219066 0.0157902)
(0.000156112 -0.000316315 0.0159508)
(0.000111522 -0.00029454 0.015901)
(6.49689e-05 -0.000268209 0.0158638)
(2.76397e-05 -0.000242905 0.0158342)
(0.000165523 -0.000309476 0.0160199)
(0.000125254 -0.000299149 0.0159575)
(7.93416e-05 -0.000290348 0.015909)
(3.79771e-05 -0.000288597 0.0158725)
(0.000101256 -0.000217035 0.0158445)
(5.23416e-05 -0.000204765 0.0158198)
(6.59533e-06 -0.000187147 0.0158016)
(-2.52421e-05 -0.000167839 0.0157794)
(0.000109445 -0.000232879 0.0159316)
(6.82968e-05 -0.000220108 0.0159022)
(2.81023e-05 -0.000202801 0.0158787)
(-2.59119e-06 -0.000184452 0.0158538)
(0.000117109 -0.000239105 0.0160018)
(8.15344e-05 -0.000229364 0.0159661)
(4.47254e-05 -0.00021717 0.0159369)
(1.39271e-05 -0.000205489 0.0159083)
(0.000121081 -0.000240194 0.0160593)
(8.84599e-05 -0.0002367 0.0160188)
(5.26005e-05 -0.000233091 0.015986)
(2.08896e-05 -0.000232087 0.0159569)
(7.6653e-05 -0.000154932 0.015921)
(4.42649e-05 -0.000148073 0.0158972)
(1.31198e-05 -0.000138799 0.0158719)
(-1.08215e-05 -0.000128851 0.0158368)
(8.12583e-05 -0.000169938 0.015989)
(5.30693e-05 -0.000163626 0.0159643)
(2.49557e-05 -0.000154867 0.0159395)
(1.84086e-06 -0.00014534 0.0159083)
(8.4931e-05 -0.000178133 0.016044)
(6.00554e-05 -0.000173861 0.0160176)
(3.41737e-05 -0.000167845 0.0159923)
(1.172e-05 -0.000161532 0.0159627)
(8.61869e-05 -0.000181242 0.0160901)
(6.35586e-05 -0.000180348 0.0160623)
(3.89601e-05 -0.000178521 0.0160367)
(1.70189e-05 -0.000177039 0.0160085)
(5.6445e-05 -0.000111385 0.0159753)
(3.54524e-05 -0.000107255 0.0159536)
(1.46526e-05 -0.000101898 0.0159256)
(-2.51614e-06 -9.61625e-05 0.0158843)
(5.90737e-05 -0.000124083 0.016031)
(4.05287e-05 -0.000120716 0.0160104)
(2.15896e-05 -0.000115842 0.0159856)
(5.1345e-06 -0.000110259 0.0159512)
(6.08315e-05 -0.000131706 0.0160753)
(4.44195e-05 -0.000129697 0.0160549)
(2.71145e-05 -0.000126323 0.0160319)
(1.1559e-05 -0.000122287 0.0160012)
(6.10344e-05 -0.000134914 0.0161117)
(4.63647e-05 -0.000134794 0.0160914)
(3.03746e-05 -0.000133527 0.0160693)
(1.57842e-05 -0.000131721 0.0160407)
(4.10113e-05 -8.05159e-05 0.0160134)
(2.74125e-05 -7.78316e-05 0.0159941)
(1.35536e-05 -7.44243e-05 0.0159654)
(1.50955e-06 -7.07364e-05 0.0159213)
(4.2601e-05 -9.06569e-05 0.016061)
(3.05424e-05 -8.86557e-05 0.0160435)
(1.79285e-05 -8.5629e-05 0.0160192)
(6.48343e-06 -8.1977e-05 0.0159834)
(4.3516e-05 -9.69949e-05 0.0160973)
(3.29115e-05 -9.58924e-05 0.0160809)
(2.15294e-05 -9.37156e-05 0.0160595)
(1.09417e-05 -9.0823e-05 0.0160283)
(4.34339e-05 -9.97641e-05 0.0161261)
(3.41664e-05 -9.97656e-05 0.0161103)
(2.39409e-05 -9.87011e-05 0.0160903)
(1.43231e-05 -9.68841e-05 0.0160614)
(2.96471e-05 -5.84281e-05 0.0160403)
(2.07526e-05 -5.65729e-05 0.0160229)
(1.14573e-05 -5.42353e-05 0.0159943)
(3.06807e-06 -5.16685e-05 0.015949)
(3.06827e-05 -6.6269e-05 0.0160821)
(2.28179e-05 -6.49471e-05 0.0160669)
(1.43982e-05 -6.2889e-05 0.0160434)
(6.48777e-06 -6.03127e-05 0.016007)
(3.12366e-05 -7.12766e-05 0.0161125)
(2.43981e-05 -7.05519e-05 0.0160989)
(1.69062e-05 -6.8996e-05 0.0160786)
(9.70914e-06 -6.68083e-05 0.0160473)
(3.11468e-05 -7.35162e-05 0.0161355)
(2.53189e-05 -7.34664e-05 0.0161226)
(1.87634e-05 -7.25347e-05 0.0161039)
(1.23835e-05 -7.09007e-05 0.016075)
(2.14101e-05 -4.25078e-05 0.0160593)
(1.55144e-05 -4.1171e-05 0.0160434)
(9.21714e-06 -3.94873e-05 0.0160153)
(3.37165e-06 -3.76156e-05 0.0159695)
(2.21316e-05 -4.84558e-05 0.016097)
(1.69527e-05 -4.75121e-05 0.0160835)
(1.12864e-05 -4.60275e-05 0.0160608)
(5.80948e-06 -4.41327e-05 0.0160242)
(2.25218e-05 -5.23083e-05 0.0161231)
(1.80812e-05 -5.17654e-05 0.0161113)
(1.31079e-05 -5.05909e-05 0.016092)
(8.18646e-06 -4.8907e-05 0.0160608)
(2.2491e-05 -5.40644e-05 0.0161416)
(1.88052e-05 -5.39521e-05 0.0161307)
(1.45554e-05 -5.31515e-05 0.0161131)
(1.02711e-05 -5.17769e-05 0.0160843)
(1.54705e-05 -3.09728e-05 0.0160728)
(1.15088e-05 -2.99856e-05 0.016058)
(7.19742e-06 -2.87401e-05 0.0160304)
(3.10961e-06 -2.73439e-05 0.0159845)
(1.59974e-05 -3.54324e-05 0.0161075)
(1.2547e-05 -3.47277e-05 0.0160953)
(8.69502e-06 -3.36223e-05 0.0160732)
(4.88384e-06 -3.22021e-05 0.0160367)
(1.63002e-05 -3.83514e-05 0.0161304)
(1.33859e-05 -3.79189e-05 0.01612)
(1.00475e-05 -3.70132e-05 0.0161015)
(6.6536e-06 -3.57154e-05 0.0160705)
(1.63231e-05 -3.97051e-05 0.0161457)
(1.39677e-05 -3.95576e-05 0.0161361)
(1.11738e-05 -3.88896e-05 0.0161193)
(8.25766e-06 -3.77799e-05 0.0160908)
(1.1189e-05 -2.25841e-05 0.0160824)
(8.4933e-06 -2.1846e-05 0.0160685)
(5.51279e-06 -2.09135e-05 0.0160413)
(2.64069e-06 -1.9863e-05 0.0159955)
(1.15841e-05 -2.59024e-05 0.016115)
(9.25804e-06 -2.53652e-05 0.0161037)
(6.61328e-06 -2.45309e-05 0.0160821)
(3.94544e-06 -2.346e-05 0.0160458)
(1.18283e-05 -2.80928e-05 0.0161356)
(9.89331e-06 -2.7743e-05 0.0161261)
(7.62667e-06 -2.70418e-05 0.0161082)
(5.26625e-06 -2.60468e-05 0.0160774)
(1.18836e-05 -2.91252e-05 0.0161484)
(1.03601e-05 -2.89693e-05 0.0161398)
(8.4969e-06 -2.84267e-05 0.0161235)
(6.48741e-06 -2.75547e-05 0.0160954)
(8.09685e-06 -1.64654e-05 0.0160893)
(6.24291e-06 -1.59112e-05 0.016076)
(4.16548e-06 -1.52107e-05 0.0160492)
(2.13841e-06 -1.44198e-05 0.0160035)
(8.39647e-06 -1.89209e-05 0.0161203)
(6.81148e-06 -1.85091e-05 0.0161097)
(4.9795e-06 -1.78775e-05 0.0160886)
(3.10168e-06 -1.70704e-05 0.0160524)
(8.59436e-06 -2.05534e-05 0.0161392)
(7.29502e-06 -2.02719e-05 0.0161304)
(5.74012e-06 -1.97315e-05 0.0161129)
(4.08619e-06 -1.89742e-05 0.0160824)
(8.66301e-06 -2.13343e-05 0.0161502)
(7.66532e-06 -2.11876e-05 0.0161423)
(6.40665e-06 -2.07567e-05 0.0161266)
(5.00762e-06 -2.00841e-05 0.0160987)
(5.85664e-06 -1.19893e-05 0.0160943)
(4.57093e-06 -1.15737e-05 0.0160814)
(3.11398e-06 -1.10486e-05 0.0160549)
(1.67844e-06 -1.04553e-05 0.0160093)
(6.0841e-06 -1.37975e-05 0.0161241)
(4.99446e-06 -1.34826e-05 0.016114)
(3.71665e-06 -1.3006e-05 0.0160932)
(2.38935e-06 -1.24004e-05 0.0160572)
(6.24273e-06 -1.5007e-05 0.0161418)
(5.3616e-06 -1.47836e-05 0.0161335)
(4.28596e-06 -1.43704e-05 0.0161163)
(3.12057e-06 -1.37988e-05 0.016086)
(6.31199e-06 -1.55933e-05 0.0161515)
(5.65127e-06 -1.54649e-05 0.016144)
(4.79173e-06 -1.51291e-05 0.0161287)
(3.81025e-06 -1.46177e-05 0.016101)
(4.22662e-06 -8.70279e-06 0.0160978)
(3.33023e-06 -8.39278e-06 0.0160853)
(2.30496e-06 -8.00139e-06 0.016059)
(1.28702e-06 -7.55946e-06 0.0160135)
(4.39837e-06 -1.00267e-05 0.0161268)
(3.64464e-06 -9.78796e-06 0.0161171)
(2.74962e-06 -9.43075e-06 0.0160965)
(1.80969e-06 -8.97958e-06 0.0160607)
(4.52341e-06 -1.09169e-05 0.0161436)
(3.92135e-06 -1.07427e-05 0.0161357)
(3.17314e-06 -1.04301e-05 0.0161188)
(2.34962e-06 -1.00028e-05 0.0160887)
(4.58624e-06 -1.13537e-05 0.0161523)
(4.14442e-06 -1.12468e-05 0.0161453)
(3.55297e-06 -1.09895e-05 0.0161302)
(2.86148e-06 -1.06056e-05 0.0161028)
(3.03374e-06 -6.27681e-06 0.0161004)
(2.40818e-06 -6.04776e-06 0.0160881)
(1.68718e-06 -5.75897e-06 0.016062)
(9.67028e-07 -5.43322e-06 0.0160166)
(3.16201e-06 -7.23803e-06 0.0161288)
(2.63961e-06 -7.05929e-06 0.0161193)
(2.01265e-06 -6.79452e-06 0.0160989)
(1.34829e-06 -6.46199e-06 0.0160632)
(3.25858e-06 -7.88729e-06 0.0161449)
(2.84572e-06 -7.75399e-06 0.0161372)
(2.32461e-06 -7.5208e-06 0.0161206)
(1.74336e-06 -7.20507e-06 0.0160906)
(3.31185e-06 -8.20939e-06 0.0161529)
(3.01449e-06 -8.12381e-06 0.0161461)
(2.60625e-06 -7.93e-06 0.0161313)
(2.11917e-06 -7.64574e-06 0.016104)
(2.15477e-06 -4.47221e-06 0.0161022)
(1.72068e-06 -4.30554e-06 0.0160901)
(1.21719e-06 -4.09577e-06 0.0160641)
(7.11875e-07 -3.85946e-06 0.0160187)
(2.24895e-06 -5.16055e-06 0.0161302)
(1.88854e-06 -5.02909e-06 0.0161209)
(1.45209e-06 -4.83607e-06 0.0161006)
(9.86169e-07 -4.59489e-06 0.016065)
(2.3217e-06 -5.62721e-06 0.0161458)
(2.03944e-06 -5.5276e-06 0.0161383)
(1.67832e-06 -5.35679e-06 0.0161218)
(1.27104e-06 -5.12749e-06 0.0160919)
(2.36448e-06 -5.86096e-06 0.0161534)
(2.16442e-06 -5.79495e-06 0.0161467)
(1.88353e-06 -5.65207e-06 0.016132)
(1.54267e-06 -5.44535e-06 0.0161049)
(1.50476e-06 -3.11759e-06 0.0161035)
(1.20821e-06 -2.99909e-06 0.0160915)
(8.62343e-07 -2.85032e-06 0.0160655)
(5.13683e-07 -2.68305e-06 0.0160203)
(1.57228e-06 -3.59919e-06 0.0161312)
(1.32719e-06 -3.50488e-06 0.016122)
(1.02799e-06 -3.36761e-06 0.0161018)
(7.06501e-07 -3.19697e-06 0.0160662)
(1.62546e-06 -3.92675e-06 0.0161465)
(1.43491e-06 -3.85443e-06 0.0161391)
(1.18812e-06 -3.73257e-06 0.0161227)
(9.0713e-07 -3.57023e-06 0.0160929)
(1.65813e-06 -4.09201e-06 0.0161536)
(1.52489e-06 -4.04311e-06 0.0161472)
(1.33386e-06 -3.94079e-06 0.0161326)
(1.09877e-06 -3.79439e-06 0.0161055)
(1.03122e-06 -2.09677e-06 0.0161043)
(8.34038e-07 -2.01486e-06 0.0160925)
(6.02541e-07 -1.9125e-06 0.0160666)
(3.67679e-07 -1.79767e-06 0.0160213)
(1.0785e-06 -2.42149e-06 0.0161318)
(9.15974e-07 -2.35572e-06 0.0161227)
(7.15816e-07 -2.2611e-06 0.0161026)
(4.99088e-07 -2.14427e-06 0.0160671)
(1.11632e-06 -2.64309e-06 0.0161469)
(9.90522e-07 -2.59221e-06 0.0161396)
(8.25511e-07 -2.50816e-06 0.0161233)
(6.35782e-07 -2.39723e-06 0.0160935)
(1.14027e-06 -2.75552e-06 0.0161538)
(1.05313e-06 -2.72076e-06 0.0161475)
(9.25501e-07 -2.65019e-06 0.016133)
(7.66411e-07 -2.55038e-06 0.016106)
(7.13486e-07 -1.34644e-06 0.0161049)
(5.86548e-07 -1.29091e-06 0.0160931)
(4.35886e-07 -1.22293e-06 0.0160672)
(2.80812e-07 -1.14799e-06 0.016022)
(7.46631e-07 -1.55539e-06 0.0161323)
(6.41581e-07 -1.51014e-06 0.0161232)
(5.10315e-07 -1.4469e-06 0.0161032)
(3.65977e-07 -1.37045e-06 0.0160677)
(7.73533e-07 -1.69853e-06 0.0161472)
(6.91922e-07 -1.66334e-06 0.01614)
(5.82821e-07 -1.60725e-06 0.0161237)
(4.55248e-07 -1.5347e-06 0.016094)
(7.9105e-07 -1.77166e-06 0.016154)
(7.3426e-07 -1.74755e-06 0.0161476)
(6.4898e-07 -1.70077e-06 0.0161332)
(5.40905e-07 -1.63584e-06 0.0161062)
(5.55258e-07 -8.76722e-07 0.0161053)
(4.65588e-07 -8.33176e-07 0.0160936)
(3.5566e-07 -7.78984e-07 0.0160677)
(2.38151e-07 -7.17859e-07 0.0160225)
(5.82501e-07 -1.01201e-06 0.0161326)
(5.08768e-07 -9.76363e-07 0.0161236)
(4.13518e-07 -9.27908e-07 0.0161036)
(3.05261e-07 -8.69691e-07 0.0160681)
(6.04503e-07 -1.1057e-06 0.0161474)
(5.46861e-07 -1.07855e-06 0.0161403)
(4.67285e-07 -1.03754e-06 0.016124)
(3.71736e-07 -9.85543e-07 0.0160943)
(6.19032e-07 -1.15403e-06 0.0161541)
(5.77959e-07 -1.13587e-06 0.0161478)
(5.14462e-07 -1.10311e-06 0.0161334)
(4.32623e-07 -1.05901e-06 0.0161065)
(0.00702048 0.00241967 -0.00291253)
(0.00507427 0.00336176 0.00259954)
(-0.00255803 -0.0020178 0.0131342)
(-0.00482749 -0.000284823 0.00141615)
(-0.00271626 -0.000970399 0.0129617)
(0.00134294 0.0071715 0.00808334)
(0.00308759 0.00689813 0.00529942)
(-0.00217983 0.00355023 0.00389665)
(-0.00129489 -0.000454577 0.0140329)
(-0.00224168 0.0021458 0.0147356)
(-0.00314673 0.00349939 0.0127588)
(-0.000717074 0.00396636 0.00702661)
(0.00220848 0.00103333 0.00640583)
(-0.0012361 0.000994476 0.0137616)
(-0.00748673 -0.00196654 0.00504666)
(-0.00417375 -0.00110161 0.00379557)
(-0.00177367 -0.00132288 0.0148847)
(-0.000309036 -0.000636699 0.0178831)
(0.00032422 0.000580278 0.0201246)
(0.00184234 0.000679416 0.0308572)
(-0.0017867 -0.00210164 0.0164915)
(0.000569056 -0.000839855 0.0177288)
(0.0014616 0.0012257 0.0214235)
(0.00218627 0.000239744 0.0285537)
(-0.00172467 -0.000109133 0.0174866)
(1.5999e-05 -0.000327205 0.0183466)
(0.00138983 0.00144018 0.0207189)
(0.00201709 0.000815486 0.0250215)
(-0.00135604 0.00107521 0.0181934)
(-3.89936e-05 0.000564101 0.0185897)
(0.00124178 0.00140062 0.0193878)
(0.00151803 0.000654197 0.0220736)
(-0.000152033 -0.000403785 0.0111738)
(-0.000716517 -0.000489862 0.0111437)
(-0.00136281 -0.000555317 0.0136219)
(-0.000345587 8.25566e-05 0.01489)
(-0.000169761 -0.000797945 0.0125786)
(-0.000371451 -0.000863973 0.0124953)
(-0.000938472 -0.000355957 0.013878)
(-0.000408553 0.00028097 0.0150485)
(-0.000277688 -0.00059769 0.0134199)
(-0.00031388 -0.000840828 0.0137669)
(-0.000568743 -0.00028306 0.0142867)
(-0.000314107 0.0002376 0.0148795)
(-0.000293984 -0.000533872 0.0136285)
(-0.000252214 -0.000681982 0.0141663)
(-0.000326766 -0.000295808 0.0139653)
(-0.00029096 8.0622e-05 0.0144259)
(0.000353322 -0.000181517 0.0133905)
(-0.000316993 -0.000328026 0.0133975)
(-0.000778859 -0.000471066 0.0149178)
(-0.000297733 -0.000213454 0.016375)
(0.000272644 -0.000490359 0.0138471)
(-0.000189369 -0.000638766 0.0139494)
(-0.000585171 -0.000494221 0.0150456)
(-0.000277733 -0.000177482 0.0162608)
(0.000177386 -0.000605285 0.0143099)
(-0.000107855 -0.000707285 0.0145541)
(-0.000380217 -0.000475194 0.0152131)
(-0.000246059 -0.000176094 0.0160897)
(0.000128337 -0.000733061 0.0146916)
(-2.43444e-05 -0.000745743 0.0149321)
(-0.000193772 -0.000538644 0.0152225)
(-0.00018028 -0.000277722 0.0158567)
(0.000249371 -0.000100812 0.0142407)
(-0.000228169 -0.000202569 0.0142571)
(-0.000519608 -0.000316814 0.0149352)
(-0.000305323 -0.000222362 0.015571)
(0.000210297 -0.000311114 0.014524)
(-0.000155911 -0.000393485 0.0145928)
(-0.000414183 -0.000351566 0.0151173)
(-0.000284634 -0.000195129 0.0156456)
(0.000173226 -0.000449623 0.0148303)
(-8.45486e-05 -0.000479595 0.0149271)
(-0.000288306 -0.000371148 0.0152643)
(-0.000241391 -0.000199765 0.0156548)
(0.000158215 -0.000561893 0.0151342)
(-6.13005e-06 -0.000538378 0.015202)
(-0.000156876 -0.000416424 0.0153683)
(-0.000173934 -0.000246658 0.0156294)
(0.00015029 -6.39434e-05 0.0147538)
(-0.000138502 -0.000120906 0.0147789)
(-0.000305681 -0.000196595 0.0151024)
(-0.000228314 -0.000185338 0.0154154)
(0.000140677 -0.000204653 0.0149626)
(-9.48514e-05 -0.000242799 0.0150017)
(-0.000248518 -0.000238417 0.0152541)
(-0.000208746 -0.00018413 0.0155061)
(0.000135283 -0.000312524 0.0151803)
(-4.50771e-05 -0.000317921 0.0152174)
(-0.00017725 -0.00027009 0.0153818)
(-0.000176841 -0.000194347 0.0155638)
(0.000139202 -0.000394193 0.0153937)
(1.0986e-05 -0.0003725 0.0154082)
(-9.74676e-05 -0.000308413 0.0154878)
(-0.000129745 -0.000223113 0.0155982)
(0.000101514 -4.16846e-05 0.0150923)
(-7.01536e-05 -7.08242e-05 0.0151011)
(-0.000172227 -0.00011919 0.0152402)
(-0.000157233 -0.000136953 0.0153816)
(0.000103159 -0.000136452 0.0152673)
(-4.2475e-05 -0.000152427 0.0152767)
(-0.000138359 -0.000158919 0.0153814)
(-0.000140201 -0.000148117 0.0154873)
(0.000108296 -0.000213589 0.0154371)
(-9.75363e-06 -0.000212003 0.01544)
(-9.65734e-05 -0.000192587 0.015503)
(-0.000116338 -0.000164067 0.0155706)
(0.000116995 -0.000272754 0.0155942)
(2.66702e-05 -0.000258716 0.0155838)
(-4.91992e-05 -0.00022753 0.0156057)
(-8.4309e-05 -0.00018792 0.0156337)
(7.47862e-05 -2.71053e-05 0.0153111)
(-2.80572e-05 -4.11507e-05 0.0153066)
(-9.35439e-05 -7.16658e-05 0.0153587)
(-0.000102275 -9.51521e-05 0.0154174)
(7.89044e-05 -9.16092e-05 0.0154694)
(-1.02128e-05 -9.76617e-05 0.0154613)
(-7.19859e-05 -0.000105714 0.0154939)
(-8.80212e-05 -0.000110492 0.0155281)
(8.55652e-05 -0.000146076 0.0156127)
(1.08535e-05 -0.000143111 0.0155992)
(-4.63206e-05 -0.000135908 0.0156107)
(-7.01838e-05 -0.000127492 0.0156213)
(9.35171e-05 -0.000189394 0.015737)
(3.37365e-05 -0.000180919 0.0157165)
(-1.77043e-05 -0.000165909 0.0157082)
(-4.81597e-05 -0.000147631 0.0156955)
(5.61048e-05 -1.77558e-05 0.0154523)
(-6.79106e-06 -2.42236e-05 0.0154403)
(-5.01521e-05 -4.35e-05 0.0154514)
(-6.50183e-05 -6.42306e-05 0.0154689)
(5.98827e-05 -6.21912e-05 0.0156013)
(4.93953e-06 -6.40438e-05 0.015585)
(-3.56714e-05 -7.07336e-05 0.0155831)
(-5.35535e-05 -7.90862e-05 0.0155814)
(6.54465e-05 -0.000100826 0.0157297)
(1.86e-05 -9.80052e-05 0.0157097)
(-1.90937e-05 -9.55111e-05 0.0156963)
(-4.01772e-05 -9.43932e-05 0.0156783)
(7.14518e-05 -0.00013272 0.0158348)
(3.30406e-05 -0.000127465 0.0158118)
(-1.16229e-06 -0.000119846 0.015789)
(-2.47493e-05 -0.000110882 0.0157563)
(4.18111e-05 -1.18454e-05 0.0155452)
(2.30214e-06 -1.46792e-05 0.0155298)
(-2.7005e-05 -2.70054e-05 0.0155217)
(-4.13582e-05 -4.31696e-05 0.0155181)
(4.46732e-05 -4.28555e-05 0.0156888)
(1.01604e-05 -4.30452e-05 0.0156692)
(-1.69666e-05 -4.79591e-05 0.0156511)
(-3.24402e-05 -5.5801e-05 0.015631)
(4.87761e-05 -7.04553e-05 0.0158084)
(1.91719e-05 -6.81324e-05 0.0157865)
(-5.84617e-06 -6.7312e-05 0.0157614)
(-2.24745e-05 -6.8415e-05 0.0157289)
(5.30184e-05 -9.39673e-05 0.015902)
(2.84759e-05 -9.05417e-05 0.0158793)
(5.82996e-06 -8.63038e-05 0.0158501)
(-1.15006e-05 -8.14405e-05 0.0158077)
(3.08733e-05 -8.06596e-06 0.0156075)
(5.33716e-06 -9.21086e-06 0.0155909)
(-1.47776e-05 -1.72285e-05 0.0155737)
(-2.66243e-05 -2.9189e-05 0.0155591)
(3.29008e-05 -2.99648e-05 0.0157478)
(1.06917e-05 -2.95706e-05 0.0157273)
(-7.69497e-06 -3.30023e-05 0.0157015)
(-1.98486e-05 -3.92681e-05 0.0156718)
(3.57938e-05 -4.98169e-05 0.015862)
(1.67547e-05 -4.8001e-05 0.0158401)
(-3.16684e-08 -4.77144e-05 0.0158097)
(-1.24686e-05 -4.91829e-05 0.0157696)
(3.87301e-05 -6.71398e-05 0.0159485)
(2.29061e-05 -6.48004e-05 0.0159271)
(7.82525e-06 -6.2189e-05 0.0158952)
(-4.58608e-06 -5.92245e-05 0.015848)
(2.26477e-05 -5.59396e-06 0.0156501)
(5.7093e-06 -5.97568e-06 0.0156334)
(-8.26273e-06 -1.12835e-05 0.0156118)
(-1.74164e-05 -1.99312e-05 0.0155912)
(2.40487e-05 -2.12078e-05 0.0157883)
(9.40993e-06 -2.06681e-05 0.015768)
(-3.21534e-06 -2.30146e-05 0.0157384)
(-1.23476e-05 -2.77052e-05 0.0157035)
(2.60603e-05 -3.55624e-05 0.015899)
(1.3564e-05 -3.41722e-05 0.0158778)
(2.16181e-06 -3.40284e-05 0.0158449)
(-6.90996e-06 -3.52922e-05 0.0158009)
(2.80929e-05 -4.83103e-05 0.0159809)
(1.77321e-05 -4.6654e-05 0.0159608)
(7.58275e-06 -4.49002e-05 0.0159281)
(-1.21439e-06 -4.29089e-05 0.0158785)
(1.65457e-05 -3.93652e-06 0.0156797)
(5.06725e-06 -3.98788e-06 0.0156633)
(-4.72817e-06 -7.55752e-06 0.0156395)
(-1.15776e-05 -1.37473e-05 0.0156155)
(1.75081e-05 -1.51489e-05 0.0158166)
(7.65471e-06 -1.46292e-05 0.0157967)
(-1.1096e-06 -1.62206e-05 0.0157653)
(-7.82418e-06 -1.96274e-05 0.0157274)
(1.89058e-05 -2.55654e-05 0.015925)
(1.05445e-05 -2.45095e-05 0.0159046)
(2.70895e-06 -2.4391e-05 0.0158706)
(-3.83269e-06 -2.5341e-05 0.0158243)
(2.03243e-05 -3.49339e-05 0.0160037)
(1.34274e-05 -3.37313e-05 0.0159848)
(6.51686e-06 -3.24824e-05 0.0159519)
(2.97506e-07 -3.10564e-05 0.0159011)
(1.20573e-05 -2.80026e-06 0.0157005)
(4.1485e-06 -2.72109e-06 0.0156845)
(-2.76756e-06 -5.15379e-06 0.0156597)
(-7.80859e-06 -9.56787e-06 0.0156337)
(1.27199e-05 -1.0892e-05 0.0158365)
(5.97418e-06 -1.04461e-05 0.0158171)
(-1.63645e-07 -1.15234e-05 0.0157848)
(-5.04751e-06 -1.39627e-05 0.0157452)
(1.36959e-05 -1.84675e-05 0.0159433)
(8.00845e-06 -1.76682e-05 0.0159236)
(2.56944e-06 -1.75502e-05 0.0158892)
(-2.12544e-06 -1.82224e-05 0.0158417)
(1.46961e-05 -2.53434e-05 0.0160198)
(1.00343e-05 -2.44563e-05 0.016002)
(5.27735e-06 -2.35367e-05 0.0159691)
(8.75875e-07 -2.24796e-05 0.0159178)
(8.77201e-06 -2.00706e-06 0.0157152)
(3.2544e-06 -1.88787e-06 0.0156996)
(-1.65494e-06 -3.56384e-06 0.0156743)
(-5.33244e-06 -6.70963e-06 0.015647)
(9.23061e-06 -7.86555e-06 0.0158506)
(4.55133e-06 -7.50288e-06 0.0158317)
(2.23123e-07 -8.23344e-06 0.015799)
(-3.31035e-06 -9.96891e-06 0.0157583)
(9.91657e-06 -1.33812e-05 0.0159564)
(5.99595e-06 -1.27776e-05 0.0159373)
(2.18907e-06 -1.26619e-05 0.0159027)
(-1.17555e-06 -1.31235e-05 0.0158544)
(1.06283e-05 -1.84211e-05 0.0160314)
(7.43575e-06 -1.77611e-05 0.0160142)
(4.13029e-06 -1.7073e-05 0.0159816)
(1.00767e-06 -1.62777e-05 0.0159299)
(6.37291e-06 -1.44543e-06 0.0157258)
(2.48891e-06 -1.32544e-06 0.0157105)
(-1.00942e-06 -2.49011e-06 0.0156849)
(-3.679e-06 -4.73347e-06 0.0156568)
(6.69218e-06 -5.69406e-06 0.0158607)
(3.41453e-06 -5.40802e-06 0.0158421)
(3.46641e-07 -5.90516e-06 0.0158093)
(-2.20302e-06 -7.13714e-06 0.0157679)
(7.17716e-06 -9.71059e-06 0.0159657)
(4.44653e-06 -9.25621e-06 0.0159471)
(1.76477e-06 -9.14948e-06 0.0159124)
(-6.46302e-07 -9.46166e-06 0.0158637)
(7.68729e-06 -1.33991e-05 0.0160396)
(5.47756e-06 -1.29065e-05 0.016023)
(3.16307e-06 -1.2389e-05 0.0159906)
(9.4194e-07 -1.17886e-05 0.0159388)
(4.62156e-06 -1.04327e-06 0.0157333)
(1.87152e-06 -9.3779e-07 0.0157184)
(-6.26897e-07 -1.75232e-06 0.0156925)
(-2.55821e-06 -3.35312e-06 0.015664)
(4.84487e-06 -4.12451e-06 0.015868)
(2.53377e-06 -3.90349e-06 0.0158497)
(3.52065e-07 -4.24317e-06 0.0158167)
(-1.48428e-06 -5.11716e-06 0.0157749)
(5.18919e-06 -7.04631e-06 0.0159725)
(3.27341e-06 -6.70582e-06 0.0159541)
(1.37586e-06 -6.61261e-06 0.0159195)
(-3.51728e-07 -6.82232e-06 0.0158705)
(5.55631e-06 -9.73964e-06 0.0160456)
(4.01473e-06 -9.37242e-06 0.0160294)
(2.38516e-06 -8.98379e-06 0.0159971)
(8.02396e-07 -8.53177e-06 0.0159453)
(3.34086e-06 -7.525e-07 0.0157388)
(1.38881e-06 -6.65935e-07 0.015724)
(-3.95458e-07 -1.23762e-06 0.0156981)
(-1.78746e-06 -2.37906e-06 0.0156692)
(3.49744e-06 -2.98227e-06 0.0158732)
(1.86259e-06 -2.81429e-06 0.0158551)
(3.0978e-07 -3.04715e-06 0.0158221)
(-1.0093e-06 -3.66653e-06 0.01578)
(3.74224e-06 -5.10144e-06 0.0159773)
(2.39283e-06 -4.84799e-06 0.0159592)
(1.04775e-06 -4.7702e-06 0.0159246)
(-1.88375e-07 -4.91071e-06 0.0158754)
(4.00659e-06 -7.06055e-06 0.0160499)
(2.9261e-06 -6.78806e-06 0.016034)
(1.77562e-06 -6.49789e-06 0.0160018)
(6.47805e-07 -6.15988e-06 0.01595)
(2.40063e-06 -5.40269e-07 0.0157427)
(1.01753e-06 -4.72249e-07 0.015728)
(-2.52178e-07 -8.73243e-07 0.0157021)
(-1.24937e-06 -1.68401e-06 0.015673)
(2.51032e-06 -2.14479e-06 0.0158769)
(1.35522e-06 -2.01913e-06 0.015859)
(2.53201e-07 -2.17881e-06 0.015826)
(-6.89307e-07 -2.61618e-06 0.0157837)
(2.68389e-06 -3.67217e-06 0.0159808)
(1.7339e-06 -3.48536e-06 0.0159629)
(7.82437e-07 -3.4229e-06 0.0159282)
(-9.81386e-08 -3.51683e-06 0.0158789)
(2.8735e-06 -5.08734e-06 0.0160529)
(2.11603e-06 -4.8869e-06 0.0160372)
(1.30484e-06 -4.67242e-06 0.0160051)
(5.0396e-07 -4.42236e-06 0.0159533)
(1.70643e-06 -3.83674e-07 0.0157454)
(7.34526e-07 -3.31911e-07 0.0157309)
(-1.60543e-07 -6.11043e-07 0.0157049)
(-8.67015e-07 -1.18128e-06 0.0156757)
(1.78285e-06 -1.52509e-06 0.0158796)
(9.73037e-07 -1.43273e-06 0.0158618)
(1.97841e-07 -1.54149e-06 0.0158287)
(-4.68583e-07 -1.8474e-06 0.0157863)
(1.90489e-06 -2.61271e-06 0.0159832)
(1.24086e-06 -2.47699e-06 0.0159655)
(5.73357e-07 -2.42852e-06 0.0159309)
(-4.78006e-08 -2.49087e-06 0.0158815)
(2.03953e-06 -3.62208e-06 0.0160551)
(1.51192e-06 -3.47672e-06 0.0160396)
(9.44283e-07 -3.32061e-06 0.0160076)
(3.80743e-07 -3.13855e-06 0.0159558)
(1.19239e-06 -2.66682e-07 0.0157474)
(5.21683e-07 -2.2804e-07 0.0157329)
(-9.76687e-08 -4.18415e-07 0.0157069)
(-5.88743e-07 -8.11495e-07 0.0156776)
(1.24512e-06 -1.06185e-06 0.0158815)
(6.87382e-07 -9.95143e-07 0.0158638)
(1.51909e-07 -1.06756e-06 0.0158307)
(-3.10615e-07 -1.27731e-06 0.0157882)
(1.3296e-06 -1.81962e-06 0.015985)
(8.73407e-07 -1.72291e-06 0.0159673)
(4.13325e-07 -1.68634e-06 0.0159327)
(-1.69636e-08 -1.72696e-06 0.0158833)
(1.42353e-06 -2.52367e-06 0.0160566)
(1.06205e-06 -2.42037e-06 0.0160412)
(6.71588e-07 -2.3092e-06 0.0160092)
(2.81998e-07 -2.17981e-06 0.0159575)
(8.17331e-07 -1.78346e-07 0.0157487)
(3.68011e-07 -1.48954e-07 0.0157343)
(-4.85981e-08 -2.73314e-07 0.0157083)
(-3.80531e-07 -5.34297e-07 0.0156789)
(8.53654e-07 -7.13583e-07 0.0158827)
(4.80716e-07 -6.65441e-07 0.0158651)
(1.20953e-07 -7.10678e-07 0.015832)
(-1.91602e-07 -8.48727e-07 0.0157895)
(9.11062e-07 -1.22292e-06 0.0159861)
(6.06687e-07 -1.15505e-06 0.0159685)
(2.98158e-07 -1.1275e-06 0.015934)
(7.81293e-09 -1.15226e-06 0.0158845)
(9.75226e-07 -1.69655e-06 0.0160577)
(7.34499e-07 -1.62456e-06 0.0160423)
(4.72999e-07 -1.54714e-06 0.0160104)
(2.10516e-07 -1.45764e-06 0.0159586)
(5.66239e-07 -1.12897e-07 0.0157496)
(2.76513e-07 -8.73121e-08 0.0157352)
(5.34692e-09 -1.61281e-07 0.0157092)
(-2.1584e-07 -3.26268e-07 0.0156797)
(5.92125e-07 -4.58312e-07 0.0158836)
(3.52387e-07 -4.2134e-07 0.015866)
(1.18963e-07 -4.45123e-07 0.0158329)
(-8.86756e-08 -5.31849e-07 0.0157903)
(6.31144e-07 -7.84257e-07 0.0159869)
(4.35845e-07 -7.35338e-07 0.0159693)
(2.35898e-07 -7.12932e-07 0.0159348)
(4.30551e-08 -7.2763e-07 0.0158853)
(6.74949e-07 -1.08828e-06 0.0160584)
(5.20566e-07 -1.03738e-06 0.0160431)
(3.51067e-07 -9.835e-07 0.0160112)
(1.7695e-07 -9.24713e-07 0.0159594)
(4.36019e-07 -6.25897e-08 0.0157502)
(2.33145e-07 -3.67543e-08 0.0157359)
(4.12136e-08 -8.04793e-08 0.0157099)
(-1.09607e-07 -1.81864e-07 0.0156804)
(4.59083e-07 -2.86914e-07 0.0158842)
(2.88308e-07 -2.53221e-07 0.0158666)
(1.19729e-07 -2.63342e-07 0.0158335)
(-2.37266e-08 -3.13365e-07 0.015791)
(4.89956e-07 -5.08735e-07 0.0159875)
(3.50629e-07 -4.68116e-07 0.01597)
(2.05549e-07 -4.45787e-07 0.0159354)
(7.08937e-08 -4.45307e-07 0.015886)
(5.23804e-07 -7.08977e-07 0.0160589)
(4.13395e-07 -6.66384e-07 0.0160436)
(2.89559e-07 -6.20644e-07 0.0160117)
(1.65353e-07 -5.7026e-07 0.01596)
(0.0043641 -0.00100417 0.00223272)
(0.000784509 0.00112812 0.00779726)
(0.000612458 0.00159806 0.00386011)
(0.000668771 -0.000148873 0.00209063)
(-0.00508832 0.00173221 0.0135818)
(-0.00760446 0.00254506 0.00386724)
(0.00400909 -0.00337359 0.0106846)
(0.00132632 0.000492419 0.0126036)
(-0.000242553 0.000769697 0.0078178)
(-0.00194947 -0.000102982 0.00389078)
(8.99092e-05 -0.00201945 0.000732486)
(0.00139938 0.00285896 0.00480845)
(0.00155425 -0.00162829 0.0036417)
(0.00181669 -0.00234599 0.00325591)
(-0.00104314 -0.00194844 0.00284193)
(-0.00118092 0.00365481 0.00924787)
(0.00140705 -0.000784304 0.0244875)
(0.00157831 -0.000210331 0.0257072)
(0.00164614 -0.000593994 0.0257151)
(0.000471961 -0.000653637 0.025101)
(0.00124065 -0.000827201 0.0273058)
(0.00123434 -4.65248e-05 0.0273166)
(0.00105064 -8.08493e-05 0.0207022)
(0.000297225 0.000450224 0.0184257)
(0.0024834 0.000640182 0.0269946)
(0.00240602 0.000415758 0.0280748)
(0.0016398 0.00119703 0.0273155)
(0.0010013 0.00254002 0.0210298)
(0.00304657 0.000646413 0.0244364)
(0.00303011 0.000500813 0.022667)
(0.00153564 0.00120766 0.0129216)
(0.000258713 0.00290267 0.0111203)
(0.000228407 -7.64076e-05 0.0149973)
(0.000512888 0.000314265 0.0151649)
(0.000595623 0.000616824 0.0149005)
(0.000571044 0.000770781 0.0145016)
(0.00090746 -4.64062e-05 0.016129)
(0.00137094 0.000418176 0.015371)
(0.00126992 0.000912469 0.0142409)
(0.00089623 0.00133693 0.0138241)
(0.00142863 0.000664383 0.0156854)
(0.00186502 0.0010056 0.0150223)
(0.00152426 0.00162685 0.0137471)
(0.000889675 0.00221315 0.0124007)
(0.00172666 0.000679615 0.0140635)
(0.00208312 0.000832848 0.0129124)
(0.00155617 0.00108259 0.0103749)
(0.000589992 0.00146374 0.00953403)
(0.000128935 -0.000207129 0.0160919)
(0.000207239 -2.31221e-05 0.0162504)
(0.000288432 0.000126367 0.0163182)
(0.000259559 0.000239504 0.0163383)
(0.000420758 -0.000131205 0.0160686)
(0.000645665 0.000105605 0.0159143)
(0.000703039 0.000363595 0.0156479)
(0.000505278 0.000611074 0.0154856)
(0.00064427 0.000166171 0.0156645)
(0.000884298 0.00043041 0.0153473)
(0.000866958 0.00073634 0.0148025)
(0.000526648 0.000994281 0.0144361)
(0.000750721 5.49335e-05 0.0149908)
(0.000977176 0.000112723 0.0144429)
(0.000859379 0.000160098 0.0135759)
(0.000350707 0.00020907 0.0131048)
(-1.2e-05 -0.000157737 0.0157576)
(-6.19532e-06 -6.60556e-05 0.0157785)
(1.61745e-05 4.07594e-06 0.0157552)
(2.41435e-05 3.80408e-05 0.0156681)
(0.000145159 -0.000115515 0.0157786)
(0.000203638 1.20812e-05 0.0157217)
(0.000229475 0.000135542 0.0155863)
(0.000178833 0.000237619 0.015417)
(0.000249186 -8.22129e-05 0.0156572)
(0.000314173 4.83164e-05 0.0155208)
(0.000309773 0.000183534 0.0152741)
(0.000183178 0.000288119 0.0150186)
(0.000275537 -0.000262105 0.0154675)
(0.000342516 -0.000269429 0.015244)
(0.00030597 -0.00027944 0.0148821)
(0.000113859 -0.000286599 0.014572)
(-6.01069e-05 -0.00017863 0.0156787)
(-7.30977e-05 -0.000132868 0.0156547)
(-7.24725e-05 -0.000101499 0.015604)
(-7.36144e-05 -8.82608e-05 0.0155189)
(1.98388e-05 -0.00017092 0.0157189)
(2.25839e-05 -0.000106358 0.015671)
(2.68104e-05 -5.04213e-05 0.0155801)
(1.08466e-05 -1.23794e-05 0.0154561)
(7.15921e-05 -0.000202501 0.015704)
(7.71307e-05 -0.00014444 0.0156218)
(6.80797e-05 -8.76228e-05 0.0154835)
(2.23306e-05 -4.77943e-05 0.0153158)
(8.15549e-05 -0.00033203 0.0156858)
(8.99194e-05 -0.000348504 0.0155807)
(7.69937e-05 -0.00036321 0.0154065)
(1.56987e-05 -0.000373177 0.0152161)
(-6.06104e-05 -0.000176192 0.0156887)
(-7.67397e-05 -0.000148229 0.0156365)
(-8.48398e-05 -0.000127716 0.0155621)
(-9.16139e-05 -0.000116941 0.0154636)
(-2.00083e-05 -0.000187341 0.0157536)
(-3.25924e-05 -0.000152893 0.0156947)
(-3.80198e-05 -0.000123668 0.015606)
(-4.71793e-05 -0.000105251 0.0154888)
(7.58725e-06 -0.000222547 0.0157911)
(-2.82829e-06 -0.000195144 0.0157209)
(-1.16922e-05 -0.000168892 0.0156137)
(-3.00835e-05 -0.000151373 0.0154769)
(1.51727e-05 -0.000296741 0.0158319)
(8.73881e-06 -0.000305854 0.0157613)
(4.26743e-06 -0.000312911 0.0156468)
(-1.28944e-05 -0.000317452 0.0155011)
(-4.40434e-05 -0.000150773 0.0157327)
(-5.8936e-05 -0.000131621 0.0156663)
(-6.95661e-05 -0.000115798 0.0155802)
(-7.88678e-05 -0.000105176 0.0154752)
(-2.25171e-05 -0.000167911 0.0158078)
(-3.77001e-05 -0.000147654 0.0157395)
(-4.69736e-05 -0.000129723 0.0156459)
(-5.57341e-05 -0.000117948 0.0155277)
(-6.54066e-06 -0.000195092 0.015864)
(-1.98658e-05 -0.00018011 0.0157946)
(-2.87328e-05 -0.000165564 0.0156941)
(-3.88398e-05 -0.000155832 0.0155647)
(5.19165e-07 -0.00023488 0.015918)
(-8.74625e-06 -0.000237115 0.0158537)
(-1.20689e-05 -0.000237797 0.0157535)
(-1.69144e-05 -0.000238011 0.01562)
(-2.73561e-05 -0.00011842 0.0157816)
(-3.9467e-05 -0.00010415 0.0157091)
(-4.9653e-05 -9.13766e-05 0.015617)
(-5.89728e-05 -8.15578e-05 0.0155084)
(-1.51926e-05 -0.00013547 0.0158568)
(-2.88941e-05 -0.000122174 0.0157832)
(-3.87705e-05 -0.000109774 0.0156854)
(-4.74125e-05 -0.000100972 0.0155649)
(-5.00605e-06 -0.000154946 0.0159157)
(-1.72671e-05 -0.000145329 0.0158443)
(-2.58415e-05 -0.000135734 0.0157439)
(-3.34821e-05 -0.000129045 0.0156154)
(1.45269e-06 -0.000176566 0.0159669)
(-7.37799e-06 -0.000175138 0.015901)
(-1.13149e-05 -0.000172662 0.0158024)
(-1.38925e-05 -0.000170714 0.0156711)
(-1.57478e-05 -8.91776e-05 0.0158248)
(-2.51743e-05 -7.83977e-05 0.0157497)
(-3.38035e-05 -6.82528e-05 0.015655)
(-4.19562e-05 -5.98607e-05 0.0155448)
(-8.17554e-06 -0.000103672 0.0158966)
(-1.93559e-05 -9.43171e-05 0.0158202)
(-2.82295e-05 -8.5212e-05 0.0157198)
(-3.60909e-05 -7.82739e-05 0.0155977)
(-1.10701e-06 -0.00011748 0.0159521)
(-1.12494e-05 -0.000110624 0.0158789)
(-1.8944e-05 -0.000103643 0.0157772)
(-2.5489e-05 -9.85263e-05 0.0156481)
(4.50635e-06 -0.000129849 0.0159964)
(-2.98234e-06 -0.000127076 0.015928)
(-7.25857e-06 -0.000123634 0.0158279)
(-9.93979e-06 -0.00012102 0.0156961)
(-8.60093e-06 -6.57724e-05 0.0158596)
(-1.57567e-05 -5.76276e-05 0.0157837)
(-2.26453e-05 -4.97368e-05 0.015688)
(-2.92922e-05 -4.29322e-05 0.0155771)
(-3.51804e-06 -7.7277e-05 0.0159273)
(-1.22294e-05 -7.0456e-05 0.0158497)
(-1.95898e-05 -6.36218e-05 0.015748)
(-2.62654e-05 -5.81381e-05 0.0156249)
(1.63519e-06 -8.71248e-05 0.0159779)
(-6.35771e-06 -8.2013e-05 0.0159037)
(-1.28653e-05 -7.67409e-05 0.015801)
(-1.84849e-05 -7.27114e-05 0.0156711)
(6.28543e-06 -9.46833e-05 0.0160153)
(2.59934e-07 -9.17639e-05 0.0159452)
(-3.84673e-06 -8.84239e-05 0.0158436)
(-6.75161e-06 -8.58946e-05 0.0157109)
(-4.48115e-06 -4.80288e-05 0.0158864)
(-9.83086e-06 -4.19015e-05 0.0158105)
(-1.51478e-05 -3.58638e-05 0.0157145)
(-2.0351e-05 -3.05256e-05 0.0156034)
(-8.94554e-07 -5.68465e-05 0.0159503)
(-7.5158e-06 -5.1795e-05 0.0158724)
(-1.33547e-05 -4.66407e-05 0.0157701)
(-1.8763e-05 -4.23556e-05 0.0156465)
(2.94829e-06 -6.39363e-05 0.0159965)
(-3.18884e-06 -6.00734e-05 0.0159218)
(-8.46834e-06 -5.6062e-05 0.0158184)
(-1.31526e-05 -5.28978e-05 0.0156881)
(6.66463e-06 -6.88566e-05 0.0160281)
(1.95449e-06 -6.62784e-05 0.0159569)
(-1.66837e-06 -6.34376e-05 0.0158543)
(-4.50582e-06 -6.12781e-05 0.0157209)
(-2.19956e-06 -3.49102e-05 0.0159066)
(-6.16232e-06 -3.03239e-05 0.0158309)
(-1.0184e-05 -2.5759e-05 0.0157349)
(-1.41569e-05 -2.16594e-05 0.0156238)
(4.03815e-07 -4.1542e-05 0.0159673)
(-4.55784e-06 -3.77804e-05 0.0158895)
(-9.06666e-06 -3.38997e-05 0.015787)
(-1.33127e-05 -3.05944e-05 0.0156632)
(3.2911e-06 -4.66885e-05 0.0160098)
(-1.34993e-06 -4.37673e-05 0.0159351)
(-5.51244e-06 -4.07242e-05 0.0158314)
(-9.301e-06 -3.82677e-05 0.0157008)
(6.18731e-06 -5.00573e-05 0.0160371)
(2.57026e-06 -4.79536e-05 0.0159654)
(-4.54299e-07 -4.56861e-05 0.0158623)
(-2.99993e-06 -4.39531e-05 0.0157285)
(-9.77074e-07 -2.53243e-05 0.0159216)
(-3.89573e-06 -2.19074e-05 0.0158462)
(-6.89953e-06 -1.8486e-05 0.0157504)
(-9.88577e-06 -1.53818e-05 0.0156393)
(9.39274e-07 -3.02587e-05 0.0159799)
(-2.74707e-06 -2.74562e-05 0.0159023)
(-6.16978e-06 -2.45457e-05 0.0157999)
(-9.43356e-06 -2.20252e-05 0.015676)
(3.10937e-06 -3.40168e-05 0.0160196)
(-3.66886e-07 -3.18159e-05 0.015945)
(-3.58433e-06 -2.95208e-05 0.0158412)
(-6.57484e-06 -2.76367e-05 0.0157104)
(5.32764e-06 -3.64055e-05 0.0160436)
(2.58266e-06 -3.4759e-05 0.0159717)
(1.4785e-07 -3.30101e-05 0.0158683)
(-2.00667e-06 -3.16667e-05 0.0157343)
(-3.47183e-07 -1.8356e-05 0.0159326)
(-2.48872e-06 -1.58208e-05 0.0158575)
(-4.71385e-06 -1.32733e-05 0.0157619)
(-6.93529e-06 -1.0946e-05 0.015651)
(1.07148e-06 -2.20037e-05 0.0159892)
(-1.65216e-06 -1.99192e-05 0.0159118)
(-4.22082e-06 -1.77463e-05 0.0158095)
(-6.69311e-06 -1.58424e-05 0.0156856)
(2.69806e-06 -2.47574e-05 0.0160267)
(1.11227e-07 -2.31074e-05 0.0159523)
(-2.34061e-06 -2.13871e-05 0.0158485)
(-4.65742e-06 -1.99573e-05 0.0157177)
(4.37651e-06 -2.6488e-05 0.0160483)
(2.31112e-06 -2.52299e-05 0.0159764)
(3.99561e-07 -2.39077e-05 0.015873)
(-1.35275e-06 -2.28877e-05 0.0157389)
(-4.12765e-08 -1.32985e-05 0.0159407)
(-1.60802e-06 -1.14248e-05 0.0158659)
(-3.24666e-06 -9.5381e-06 0.0157704)
(-4.88708e-06 -7.80637e-06 0.0156596)
(1.0099e-06 -1.59828e-05 0.0159959)
(-9.94095e-07 -1.44371e-05 0.0159189)
(-2.90587e-06 -1.28224e-05 0.0158166)
(-4.75861e-06 -1.13959e-05 0.0156928)
(2.22406e-06 -1.80032e-05 0.0160319)
(3.08883e-07 -1.67726e-05 0.0159577)
(-1.53941e-06 -1.54908e-05 0.015854)
(-3.30827e-06 -1.44156e-05 0.0157232)
(3.48253e-06 -1.92714e-05 0.0160517)
(1.93919e-06 -1.83244e-05 0.01598)
(4.65615e-07 -1.73374e-05 0.0158765)
(-9.19846e-07 -1.65734e-05 0.0157424)
(9.19943e-08 -9.62467e-06 0.0159466)
(-1.0508e-06 -8.24573e-06 0.015872)
(-2.2515e-06 -6.85548e-06 0.0157767)
(-3.45562e-06 -5.57527e-06 0.0156659)
(8.69202e-07 -1.15921e-05 0.0160009)
(-5.99495e-07 -1.04505e-05 0.0159241)
(-2.01254e-06 -9.25681e-06 0.0158219)
(-3.38892e-06 -8.19593e-06 0.0156981)
(1.77088e-06 -1.30732e-05 0.0160358)
(3.59806e-07 -1.21606e-05 0.0159617)
(-1.02083e-06 -1.12112e-05 0.0158581)
(-2.35504e-06 -1.04094e-05 0.0157273)
(2.70722e-06 -1.40066e-05 0.0160543)
(1.56137e-06 -1.33015e-05 0.0159827)
(4.41737e-07 -1.25714e-05 0.0158792)
(-6.30516e-07 -1.20046e-05 0.0157452)
(1.36531e-07 -6.94801e-06 0.0159509)
(-6.93563e-07 -5.93868e-06 0.0158765)
(-1.56849e-06 -4.92035e-06 0.0157813)
(-2.44687e-06 -3.98046e-06 0.0156706)
(7.0841e-07 -8.38285e-06 0.0160045)
(-3.62674e-07 -7.54455e-06 0.0159279)
(-1.39968e-06 -6.6676e-06 0.0158258)
(-2.41355e-06 -5.88482e-06 0.015702)
(1.37361e-06 -9.46501e-06 0.0160386)
(3.39946e-07 -8.79282e-06 0.0159647)
(-6.82067e-07 -8.09441e-06 0.0158612)
(-1.67708e-06 -7.50164e-06 0.0157304)
(2.06481e-06 -1.01513e-05 0.0160562)
(1.22015e-06 -9.63112e-06 0.0159847)
(3.80411e-07 -9.09545e-06 0.0158813)
(-4.34782e-07 -8.67881e-06 0.0157472)
(1.38185e-07 -4.98728e-06 0.015954)
(-4.60632e-07 -4.25455e-06 0.0158797)
(-1.09316e-06 -3.51498e-06 0.0157846)
(-1.72863e-06 -2.83119e-06 0.015674)
(5.55474e-07 -6.02567e-06 0.0160071)
(-2.19751e-07 -5.41543e-06 0.0159306)
(-9.7382e-07 -4.77695e-06 0.0158286)
(-1.71313e-06 -4.20514e-06 0.0157049)
(1.04159e-06 -6.81083e-06 0.0160406)
(2.90682e-07 -6.3204e-06 0.0159668)
(-4.5771e-07 -5.8115e-06 0.0158634)
(-1.19052e-06 -5.37788e-06 0.0157327)
(1.54669e-06 -7.31214e-06 0.0160575)
(9.29974e-07 -6.93259e-06 0.0159861)
(3.088e-07 -6.54346e-06 0.0158828)
(-3.00391e-07 -6.2403e-06 0.0157488)
(1.21915e-07 -3.53893e-06 0.0159563)
(-3.0496e-07 -3.01418e-06 0.0158821)
(-7.56492e-07 -2.48434e-06 0.015787)
(-1.21037e-06 -1.99375e-06 0.0156764)
(4.22149e-07 -4.28065e-06 0.016009)
(-1.31951e-07 -3.84265e-06 0.0159326)
(-6.72796e-07 -3.38434e-06 0.0158307)
(-1.20425e-06 -2.97273e-06 0.015707)
(7.72153e-07 -4.84301e-06 0.0160421)
(2.33805e-07 -4.49045e-06 0.0159684)
(-3.06024e-07 -4.12503e-06 0.015865)
(-8.37065e-07 -3.81262e-06 0.0157343)
(1.13569e-06 -5.20445e-06 0.0160585)
(6.91728e-07 -4.93176e-06 0.0159872)
(2.40096e-07 -4.65324e-06 0.0158839)
(-2.0637e-07 -4.4359e-06 0.01575)
(1.02355e-07 -2.45786e-06 0.0159578)
(-1.96111e-07 -2.09049e-06 0.0158837)
(-5.12005e-07 -1.71938e-06 0.0157887)
(-8.29891e-07 -1.37511e-06 0.0156781)
(3.13315e-07 -2.97604e-06 0.0160104)
(-7.4873e-08 -2.6689e-06 0.015934)
(-4.54759e-07 -2.34744e-06 0.0158321)
(-8.28979e-07 -2.05785e-06 0.0157085)
(5.59315e-07 -3.36997e-06 0.0160431)
(1.81144e-07 -3.12251e-06 0.0159695)
(-1.99886e-07 -2.86628e-06 0.0158662)
(-5.76384e-07 -2.64645e-06 0.0157355)
(8.14673e-07 -3.62482e-06 0.0160592)
(5.01604e-07 -3.43367e-06 0.015988)
(1.80644e-07 -3.2391e-06 0.0158848)
(-1.38908e-07 -3.087e-06 0.0157508)
(8.96136e-08 -1.64439e-06 0.0159589)
(-1.13761e-07 -1.39597e-06 0.0158849)
(-3.28838e-07 -1.1448e-06 0.0157899)
(-5.45288e-07 -9.11334e-07 0.0156793)
(2.32967e-07 -1.99424e-06 0.0160113)
(-3.18122e-08 -1.78626e-06 0.015935)
(-2.91446e-07 -1.56853e-06 0.0158332)
(-5.47946e-07 -1.37148e-06 0.0157095)
(3.99678e-07 -2.26128e-06 0.0160438)
(1.40782e-07 -2.09377e-06 0.0159703)
(-1.21101e-07 -1.92064e-06 0.015867)
(-3.81289e-07 -1.77133e-06 0.0157363)
(5.72506e-07 -2.43548e-06 0.0160597)
(3.569e-07 -2.30655e-06 0.0159885)
(1.34446e-07 -2.17601e-06 0.0158853)
(-8.88314e-08 -2.0737e-06 0.0157514)
(9.68815e-08 -1.04636e-06 0.0159596)
(-4.04348e-08 -8.85554e-07 0.0158856)
(-1.83645e-07 -7.23277e-07 0.0157906)
(-3.30556e-07 -5.69834e-07 0.0156801)
(1.88735e-07 -1.27353e-06 0.0160119)
(1.04138e-08 -1.13891e-06 0.0159356)
(-1.6345e-07 -9.98268e-07 0.0158338)
(-3.38574e-07 -8.6893e-07 0.0157102)
(2.96705e-07 -1.4468e-06 0.0160443)
(1.21173e-07 -1.33861e-06 0.0159708)
(-5.62187e-08 -1.22758e-06 0.0158675)
(-2.35725e-07 -1.13077e-06 0.0157369)
(4.08541e-07 -1.56176e-06 0.0160601)
(2.60255e-07 -1.47928e-06 0.0159889)
(1.0684e-07 -1.39706e-06 0.0158857)
(-4.9939e-08 -1.33259e-06 0.0157518)
(1.17246e-07 -6.461e-07 0.0159602)
(1.99704e-08 -5.3907e-07 0.0158862)
(-8.45024e-08 -4.29586e-07 0.0157912)
(-1.85235e-07 -3.29817e-07 0.0156807)
(1.8541e-07 -7.98827e-07 0.0160124)
(5.75613e-08 -7.06788e-07 0.0159362)
(-7.36628e-08 -6.10894e-07 0.0158344)
(-1.98721e-07 -5.24748e-07 0.0157108)
(2.59278e-07 -9.23039e-07 0.0160447)
(1.28645e-07 -8.50213e-07 0.0159712)
(-9.88646e-09 -7.76212e-07 0.015868)
(-1.42759e-07 -7.11481e-07 0.0157373)
(3.33773e-07 -1.00915e-06 0.0160603)
(2.18874e-07 -9.56342e-07 0.0159892)
(9.4652e-08 -9.04777e-07 0.015886)
(-2.62154e-08 -8.62902e-07 0.0157522)
)
;

boundaryField
{
    inlet
    {
        type            calculated;
        value           uniform (0 0 0.01631);
    }
    outlet
    {
        type            calculated;
        value           nonuniform List<vector> 
48
(
(5.55258e-07 -8.76722e-07 0.0161053)
(5.82501e-07 -1.01201e-06 0.0161326)
(6.04503e-07 -1.1057e-06 0.0161474)
(6.19032e-07 -1.15403e-06 0.0161541)
(4.65588e-07 -8.33176e-07 0.0160936)
(5.08768e-07 -9.76363e-07 0.0161236)
(5.46861e-07 -1.07855e-06 0.0161403)
(5.77959e-07 -1.13587e-06 0.0161478)
(3.5566e-07 -7.78984e-07 0.0160677)
(4.13518e-07 -9.27908e-07 0.0161036)
(4.67285e-07 -1.03754e-06 0.016124)
(5.14462e-07 -1.10311e-06 0.0161334)
(2.38151e-07 -7.17859e-07 0.0160225)
(3.05261e-07 -8.69691e-07 0.0160681)
(3.71736e-07 -9.85543e-07 0.0160943)
(4.32623e-07 -1.05901e-06 0.0161065)
(1.17246e-07 -6.461e-07 0.0159602)
(1.8541e-07 -7.98827e-07 0.0160124)
(2.59278e-07 -9.23039e-07 0.0160447)
(3.33773e-07 -1.00915e-06 0.0160603)
(1.99704e-08 -5.3907e-07 0.0158862)
(5.75613e-08 -7.06788e-07 0.0159362)
(1.28645e-07 -8.50213e-07 0.0159712)
(2.18874e-07 -9.56342e-07 0.0159892)
(-8.45024e-08 -4.29586e-07 0.0157912)
(-7.36628e-08 -6.10894e-07 0.0158344)
(-9.88646e-09 -7.76212e-07 0.015868)
(9.4652e-08 -9.04777e-07 0.015886)
(-1.85235e-07 -3.29817e-07 0.0156807)
(-1.98721e-07 -5.24748e-07 0.0157108)
(-1.42759e-07 -7.11481e-07 0.0157373)
(-2.62154e-08 -8.62902e-07 0.0157522)
(4.36019e-07 -6.25897e-08 0.0157502)
(4.59083e-07 -2.86914e-07 0.0158842)
(4.89956e-07 -5.08735e-07 0.0159875)
(5.23804e-07 -7.08977e-07 0.0160589)
(2.33145e-07 -3.67543e-08 0.0157359)
(2.88308e-07 -2.53221e-07 0.0158666)
(3.50629e-07 -4.68116e-07 0.01597)
(4.13395e-07 -6.66384e-07 0.0160436)
(4.12136e-08 -8.04793e-08 0.0157099)
(1.19729e-07 -2.63342e-07 0.0158335)
(2.05549e-07 -4.45787e-07 0.0159354)
(2.89559e-07 -6.20644e-07 0.0160117)
(-1.09607e-07 -1.81864e-07 0.0156804)
(-2.37266e-08 -3.13365e-07 0.015791)
(7.08937e-08 -4.45307e-07 0.015886)
(1.65353e-07 -5.7026e-07 0.01596)
)
;
    }
    wall
    {
        type            calculated;
        value           nonuniform List<vector> 
192
(
(0.00718906 0.00070806 -0.00291253)
(-0.00188567 -0.000185722 0.0148847)
(-0.000189959 -1.87094e-05 0.0111738)
(0.000332221 3.27209e-05 0.0133905)
(0.000237142 2.33564e-05 0.0142407)
(0.000142609 1.40458e-05 0.0147538)
(9.64729e-05 9.50176e-06 0.0150923)
(7.14237e-05 7.03462e-06 0.0153111)
(5.38338e-05 5.30217e-06 0.0154523)
(4.02539e-05 3.96466e-06 0.0155452)
(2.97899e-05 2.93405e-06 0.0156075)
(2.18844e-05 2.15543e-06 0.0156501)
(1.60027e-05 1.57613e-06 0.0156797)
(1.16684e-05 1.14923e-06 0.0157005)
(8.49195e-06 8.36384e-07 0.0157152)
(6.17069e-06 6.0776e-07 0.0157258)
(4.47539e-06 4.40788e-07 0.0157333)
(3.23536e-06 3.18655e-07 0.0157388)
(2.32486e-06 2.28979e-07 0.0157427)
(1.65261e-06 1.62768e-07 0.0157454)
(1.15492e-06 1.1375e-07 0.0157474)
(7.92081e-07 7.80132e-08 0.0157487)
(5.49787e-07 5.41492e-08 0.0157496)
(4.25725e-07 4.19302e-08 0.0157502)
(0.00558053 0.00169284 0.00259954)
(-0.00045986 -0.000139497 0.0178831)
(-0.000792216 -0.000240316 0.0111437)
(-0.000381402 -0.000115697 0.0133975)
(-0.000265213 -8.04516e-05 0.0142571)
(-0.000160417 -4.8662e-05 0.0147789)
(-8.3916e-05 -2.54556e-05 0.0151011)
(-3.7124e-05 -1.12615e-05 0.0153066)
(-1.29478e-05 -3.92766e-06 0.0154403)
(-1.96952e-06 -5.97448e-07 0.0155298)
(2.32878e-06 7.06427e-07 0.0155909)
(3.56825e-06 1.08242e-06 0.0156334)
(3.53248e-06 1.07157e-06 0.0156633)
(3.04305e-06 9.23099e-07 0.0156845)
(2.45574e-06 7.44942e-07 0.0156996)
(1.911e-06 5.79695e-07 0.0157105)
(1.45331e-06 4.40857e-07 0.0157184)
(1.08679e-06 3.29676e-07 0.015724)
(8.00601e-07 2.4286e-07 0.015728)
(5.80431e-07 1.76072e-07 0.0157309)
(4.14377e-07 1.257e-07 0.0157329)
(2.95624e-07 8.96765e-08 0.0157343)
(2.28958e-07 6.94538e-08 0.0157352)
(2.03289e-07 6.16671e-08 0.0157359)
(-0.00282846 -0.00151185 0.0131342)
(0.000493415 0.000263736 0.0201246)
(-0.00129084 -0.000689969 0.0136219)
(-0.000801624 -0.000428477 0.0149178)
(-0.000535854 -0.00028642 0.0149352)
(-0.000319486 -0.000170769 0.0151024)
(-0.000183507 -9.80866e-05 0.0152402)
(-0.000102551 -5.48147e-05 0.0153587)
(-5.7092e-05 -3.05163e-05 0.0154514)
(-3.22311e-05 -1.72279e-05 0.0155217)
(-1.86563e-05 -9.97202e-06 0.0155737)
(-1.11176e-05 -5.94247e-06 0.0156118)
(-6.81942e-06 -3.64506e-06 0.0156395)
(-4.29517e-06 -2.29582e-06 0.0156597)
(-2.7688e-06 -1.47996e-06 0.0156743)
(-1.82034e-06 -9.72991e-07 0.0156849)
(-1.21609e-06 -6.50014e-07 0.0156925)
(-8.22102e-07 -4.39423e-07 0.0156981)
(-5.59178e-07 -2.98887e-07 0.0157021)
(-3.78899e-07 -2.02526e-07 0.0157049)
(-2.49915e-07 -1.33582e-07 0.0157069)
(-1.51425e-07 -8.09384e-08 0.0157083)
(-6.28915e-08 -3.36162e-08 0.0157092)
(-1.40274e-09 -7.49779e-10 0.0157099)
(-0.00302432 -0.00248199 0.00141615)
(0.00143406 0.00117691 0.0308572)
(-0.000166019 -0.000136248 0.01489)
(-0.000282586 -0.000231912 0.016375)
(-0.000291489 -0.000239219 0.015571)
(-0.000227317 -0.000186554 0.0154154)
(-0.000161114 -0.000132223 0.0153816)
(-0.000107776 -8.84495e-05 0.0154174)
(-7.03496e-05 -5.77344e-05 0.0154689)
(-4.58834e-05 -3.76556e-05 0.0155181)
(-3.02233e-05 -2.48036e-05 0.0155591)
(-2.01812e-05 -1.65622e-05 0.0155912)
(-1.36597e-05 -1.12103e-05 0.0156155)
(-9.358e-06 -7.67991e-06 0.0156337)
(-6.47673e-06 -5.31532e-06 0.015647)
(-4.51963e-06 -3.70916e-06 0.0156568)
(-3.17299e-06 -2.60401e-06 0.015664)
(-2.23476e-06 -1.83402e-06 0.0156692)
(-1.57238e-06 -1.29042e-06 0.015673)
(-1.09737e-06 -9.0059e-07 0.0156757)
(-7.49752e-07 -6.15305e-07 0.0156776)
(-4.89399e-07 -4.0164e-07 0.0156789)
(-2.88974e-07 -2.37154e-07 0.0156797)
(-1.54679e-07 -1.26942e-07 0.0156804)
(0.000196144 0.000239002 0.00209063)
(0.000499445 0.000934395 0.0126036)
(0.000912095 0.00300677 0.00480845)
(0.000345163 0.0035045 0.00924787)
(-0.000130596 -0.000159131 0.025101)
(0.000253221 0.000473744 0.0184257)
(0.000789955 0.00260413 0.0210298)
(0.000285627 0.00290002 0.0111203)
(0.000607805 0.000740612 0.0145016)
(0.000754965 0.00141244 0.0138241)
(0.00068975 0.0022738 0.0124007)
(0.000148449 0.00150723 0.00953403)
(0.000221912 0.0002704 0.0163383)
(0.000366325 0.000685346 0.0154856)
(0.000320575 0.00105679 0.0144361)
(2.37631e-05 0.000241271 0.0131048)
(2.83716e-05 3.45709e-05 0.0156681)
(0.000138526 0.000259163 0.015417)
(9.54707e-05 0.000314725 0.0150186)
(-2.68624e-05 -0.000272739 0.014572)
(-7.2909e-05 -8.88398e-05 0.0155189)
(-2.73629e-06 -5.11924e-06 0.0154561)
(-1.13949e-05 -3.75638e-05 0.0153158)
(-3.62508e-05 -0.000368061 0.0152161)
(-9.42176e-05 -0.000114804 0.0154636)
(-5.42404e-05 -0.000101477 0.0154888)
(-4.45841e-05 -0.000146974 0.0154769)
(-3.10898e-05 -0.00031566 0.0155011)
(-8.3318e-05 -0.000101523 0.0154752)
(-6.142e-05 -0.000114909 0.0155277)
(-4.65606e-05 -0.00015349 0.0155647)
(-2.33794e-05 -0.000237375 0.01562)
(-6.37292e-05 -7.76543e-05 0.0155084)
(-5.25132e-05 -9.82454e-05 0.0155649)
(-3.8668e-05 -0.000127471 0.0156154)
(-1.67858e-05 -0.000170429 0.0156711)
(-4.62407e-05 -5.63445e-05 0.0155448)
(-4.05611e-05 -7.58846e-05 0.0155977)
(-2.9517e-05 -9.73044e-05 0.0156481)
(-1.19004e-05 -0.000120827 0.0156961)
(-3.28424e-05 -4.00186e-05 0.0155771)
(-3.00066e-05 -5.61384e-05 0.0156249)
(-2.17558e-05 -7.17192e-05 0.0156711)
(-8.44347e-06 -8.5728e-05 0.0157109)
(-2.31599e-05 -2.82204e-05 0.0156034)
(-2.17781e-05 -4.0744e-05 0.0156465)
(-1.58025e-05 -5.2094e-05 0.0156881)
(-6.02067e-06 -6.11289e-05 0.0157209)
(-1.63191e-05 -1.98849e-05 0.0156238)
(-1.56774e-05 -2.93304e-05 0.0156632)
(-1.1414e-05 -3.76268e-05 0.0157008)
(-4.31624e-06 -4.38235e-05 0.0157285)
(-1.15217e-05 -1.40392e-05 0.0156393)
(-1.12529e-05 -2.10527e-05 0.015676)
(-8.23108e-06 -2.71343e-05 0.0157104)
(-3.10821e-06 -3.15582e-05 0.0157343)
(-8.15898e-06 -9.94175e-06 0.015651)
(-8.07356e-06 -1.51046e-05 0.0156856)
(-5.93629e-06 -1.95693e-05 0.0157177)
(-2.24558e-06 -2.27998e-05 0.0157389)
(-5.79501e-06 -7.06124e-06 0.0156596)
(-5.79512e-06 -1.08419e-05 0.0156928)
(-4.28322e-06 -1.41199e-05 0.0157232)
(-1.62549e-06 -1.65039e-05 0.0157424)
(-4.1248e-06 -5.02609e-06 0.0156659)
(-4.1604e-06 -7.78356e-06 0.0156981)
(-3.09002e-06 -1.01864e-05 0.0157273)
(-1.17705e-06 -1.19508e-05 0.0157452)
(-2.93674e-06 -3.57843e-06 0.0156706)
(-2.98285e-06 -5.58053e-06 0.015702)
(-2.22516e-06 -7.33538e-06 0.0157304)
(-8.50753e-07 -8.63784e-06 0.0157472)
(-2.08409e-06 -2.53948e-06 0.015674)
(-2.12891e-06 -3.98291e-06 0.0157049)
(-1.59421e-06 -5.25542e-06 0.0157327)
(-6.11597e-07 -6.20965e-06 0.0157488)
(-1.46484e-06 -1.78491e-06 0.0156764)
(-1.50347e-06 -2.8128e-06 0.015707)
(-1.12962e-06 -3.72387e-06 0.0157343)
(-4.34683e-07 -4.41341e-06 0.01575)
(-1.00834e-06 -1.22866e-06 0.0156781)
(-1.03973e-06 -1.9452e-06 0.0157085)
(-7.83713e-07 -2.58355e-06 0.0157355)
(-3.02456e-07 -3.07089e-06 0.0157508)
(-6.66365e-07 -8.11968e-07 0.0156793)
(-6.91934e-07 -1.29452e-06 0.0157095)
(-5.24177e-07 -1.72798e-06 0.0157363)
(-2.03133e-07 -2.06245e-06 0.0157514)
(-4.12476e-07 -5.02604e-07 0.0156801)
(-4.36481e-07 -8.16598e-07 0.0157102)
(-3.33975e-07 -1.10097e-06 0.0157369)
(-1.30467e-07 -1.32466e-06 0.0157518)
(-2.36289e-07 -2.87919e-07 0.0156807)
(-2.62315e-07 -4.90756e-07 0.0157108)
(-2.09669e-07 -6.91185e-07 0.0157373)
(-8.44237e-08 -8.57169e-07 0.0157522)
)
;
    }
    procBoundary1to0
    {
        type            processor;
        value           nonuniform List<vector> 
192
(
(-0.00213516 -0.000521625 0.0125387)
(-0.00247441 0.00173217 0.00531845)
(0.00100062 -0.000384187 0.000883872)
(0.000409626 -9.14344e-05 0.00168742)
(-0.000650163 0.000990762 0.0219314)
(-0.00198172 0.00230033 0.0246218)
(-0.0018491 0.00171647 0.0269125)
(-0.0022811 0.00165341 0.0265529)
(2.88758e-06 -0.000552692 0.0148111)
(-0.000304092 -0.00026543 0.0153684)
(-0.000397731 -1.48564e-06 0.0158234)
(-0.000569595 0.000327337 0.0154836)
(0.00020188 -0.000814857 0.015319)
(0.000128762 -0.000757013 0.0158202)
(8.82344e-05 -0.000522312 0.0162024)
(3.76799e-05 -0.000263547 0.0162707)
(0.000242663 -0.000636184 0.0155295)
(0.000215321 -0.000634544 0.0158536)
(0.000206981 -0.00053405 0.016108)
(0.000201269 -0.000415844 0.0162331)
(0.000228036 -0.00045129 0.015657)
(0.000219001 -0.000463937 0.0158502)
(0.000221229 -0.000434829 0.0160061)
(0.000224962 -0.000392248 0.0161118)
(0.000189262 -0.000316585 0.0157823)
(0.000186958 -0.000333139 0.0159085)
(0.000189229 -0.000329983 0.0160131)
(0.000191063 -0.000316818 0.0160947)
(0.000144506 -0.000223267 0.0158782)
(0.000144035 -0.000239334 0.0159686)
(0.000144599 -0.000244238 0.0160441)
(0.000143732 -0.000241345 0.0161066)
(0.000105077 -0.000158842 0.0159456)
(0.000104933 -0.000172845 0.0160152)
(0.000104463 -0.000179551 0.0160724)
(0.000102514 -0.00018013 0.0161202)
(7.46568e-05 -0.00011394 0.0159928)
(7.45389e-05 -0.000125455 0.0160493)
(7.37618e-05 -0.000131823 0.0160944)
(7.17888e-05 -0.000133411 0.0161313)
(5.26564e-05 -8.22634e-05 0.0160258)
(5.2552e-05 -9.13917e-05 0.0160737)
(5.18314e-05 -9.6782e-05 0.0161103)
(5.02343e-05 -9.8499e-05 0.0161391)
(3.71627e-05 -5.96701e-05 0.016049)
(3.7091e-05 -6.67345e-05 0.016091)
(3.65409e-05 -7.10613e-05 0.0161215)
(3.53755e-05 -7.26053e-05 0.0161443)
(2.63273e-05 -4.34154e-05 0.0160654)
(2.6292e-05 -4.87957e-05 0.0161032)
(2.59122e-05 -5.21691e-05 0.0161293)
(2.51076e-05 -5.34581e-05 0.0161478)
(1.87345e-05 -3.16478e-05 0.0160771)
(1.87283e-05 -3.57012e-05 0.0161119)
(1.84823e-05 -3.82852e-05 0.0161348)
(1.79438e-05 -3.93201e-05 0.01615)
(1.33851e-05 -2.30908e-05 0.0160855)
(1.33977e-05 -2.61209e-05 0.0161181)
(1.32456e-05 -2.80772e-05 0.0161387)
(1.28917e-05 -2.88886e-05 0.0161515)
(9.59188e-06 -1.6847e-05 0.0160915)
(9.61423e-06 -1.90985e-05 0.0161225)
(9.52391e-06 -2.05668e-05 0.0161415)
(9.29364e-06 -2.11928e-05 0.0161524)
(6.88413e-06 -1.22762e-05 0.0160958)
(6.90971e-06 -1.39401e-05 0.0161257)
(6.85823e-06 -1.5034e-05 0.0161434)
(6.70915e-06 -1.55109e-05 0.0161531)
(4.9374e-06 -8.91735e-06 0.016099)
(4.9622e-06 -1.01392e-05 0.016128)
(4.93426e-06 -1.0948e-05 0.0161448)
(4.83806e-06 -1.1307e-05 0.0161535)
(3.52648e-06 -6.43574e-06 0.0161012)
(3.54836e-06 -7.32511e-06 0.0161297)
(3.53419e-06 -7.91709e-06 0.0161458)
(3.47236e-06 -8.18353e-06 0.0161538)
(2.49478e-06 -4.58812e-06 0.0161028)
(2.51285e-06 -5.22626e-06 0.0161308)
(2.50642e-06 -5.65299e-06 0.0161465)
(2.46692e-06 -5.84726e-06 0.016154)
(1.73581e-06 -3.20026e-06 0.0161039)
(1.75011e-06 -3.64736e-06 0.0161317)
(1.74793e-06 -3.94741e-06 0.0161469)
(1.72308e-06 -4.08546e-06 0.0161541)
(1.1837e-06 -2.15438e-06 0.0161047)
(1.19511e-06 -2.45606e-06 0.0161322)
(1.19557e-06 -2.65899e-06 0.0161473)
(1.18074e-06 -2.75328e-06 0.0161542)
(8.10085e-07 -1.3867e-06 0.0161052)
(8.20294e-07 -1.58077e-06 0.0161326)
(8.23191e-07 -1.71126e-06 0.0161475)
(8.15756e-07 -1.77222e-06 0.0161543)
(6.20729e-07 -9.08365e-07 0.0161056)
(6.31622e-07 -1.0337e-06 0.0161328)
(6.37252e-07 -1.11779e-06 0.0161476)
(6.3508e-07 -1.15658e-06 0.0161543)
(-0.0115927 -0.00655316 0.00839579)
(-0.00513642 -0.00146142 0.00573726)
(0.000913156 -0.000202525 0.0044846)
(0.0116112 -0.00100687 4.71157e-05)
(-0.00214681 -0.000955026 0.0160163)
(-0.00167281 -0.000750381 0.0173646)
(-0.000810052 0.000197496 0.0182011)
(0.000251194 0.000365515 0.0188645)
(0.000937855 -0.00020059 0.0124757)
(0.000598119 -0.000208579 0.012841)
(0.00036657 -0.000285647 0.0132051)
(0.000233121 -0.000493712 0.0135583)
(0.000839524 -0.000163142 0.0141094)
(0.000665061 -0.000283511 0.014164)
(0.000477201 -0.000439337 0.0143703)
(0.000317123 -0.000654634 0.0147125)
(0.000536244 -0.000119344 0.014592)
(0.000467859 -0.000246151 0.0147427)
(0.000382544 -0.000387957 0.014938)
(0.000299597 -0.000534194 0.015191)
(0.000351215 -8.76749e-05 0.0149321)
(0.000323593 -0.000191234 0.0150931)
(0.000288716 -0.000296539 0.0152645)
(0.000252165 -0.000389715 0.0154498)
(0.000240068 -6.36754e-05 0.0151893)
(0.000227655 -0.000140721 0.0153463)
(0.000213618 -0.000214044 0.0154971)
(0.00019838 -0.000275179 0.0156408)
(0.000165428 -4.50734e-05 0.0153675)
(0.000159314 -0.000100302 0.015519)
(0.000153784 -0.000151232 0.0156545)
(0.00014768 -0.000193172 0.0157724)
(0.00011398 -3.14924e-05 0.0154871)
(0.000110655 -7.06213e-05 0.0156335)
(0.000108501 -0.000106426 0.0157586)
(0.000106112 -0.000136185 0.0158605)
(7.8778e-05 -2.19984e-05 0.0155676)
(7.67664e-05 -4.97357e-05 0.0157102)
(7.58998e-05 -7.52015e-05 0.0158283)
(7.49641e-05 -9.67329e-05 0.0159202)
(5.48294e-05 -1.54546e-05 0.0156225)
(5.34927e-05 -3.52166e-05 0.0157623)
(5.31018e-05 -5.35007e-05 0.0158758)
(5.27232e-05 -6.92341e-05 0.0159612)
(3.84739e-05 -1.09378e-05 0.0156603)
(3.75288e-05 -2.51021e-05 0.0157984)
(3.7314e-05 -3.83195e-05 0.0159087)
(3.71502e-05 -4.98653e-05 0.0159898)
(2.72016e-05 -7.79495e-06 0.0156868)
(2.65104e-05 -1.80009e-05 0.0158236)
(2.6367e-05 -2.75985e-05 0.0159317)
(2.6289e-05 -3.60825e-05 0.01601)
(1.93515e-05 -5.5868e-06 0.0157055)
(1.8838e-05 -1.29704e-05 0.0158414)
(1.873e-05 -1.99583e-05 0.0159481)
(1.86892e-05 -2.6192e-05 0.0160243)
(1.38321e-05 -4.02104e-06 0.0157188)
(1.34485e-05 -9.37734e-06 0.0158541)
(1.33634e-05 -1.44724e-05 0.0159598)
(1.33403e-05 -1.90489e-05 0.0160346)
(9.91916e-06 -2.90189e-06 0.0157283)
(9.63256e-06 -6.79298e-06 0.0158632)
(9.56493e-06 -1.05087e-05 0.0159682)
(9.55125e-06 -1.38637e-05 0.0160419)
(7.12437e-06 -2.09623e-06 0.0157351)
(6.91088e-06 -4.92247e-06 0.0158698)
(6.85757e-06 -7.62941e-06 0.0159742)
(6.84914e-06 -1.00831e-05 0.0160472)
(5.11344e-06 -1.51219e-06 0.0157401)
(4.95527e-06 -3.5602e-06 0.0158745)
(4.9138e-06 -5.52614e-06 0.0159785)
(4.90846e-06 -7.3135e-06 0.016051)
(3.65467e-06 -1.0855e-06 0.0157436)
(3.53856e-06 -2.56097e-06 0.0158779)
(3.50684e-06 -3.97957e-06 0.0159817)
(3.50337e-06 -5.27221e-06 0.0160538)
(2.58669e-06 -7.70887e-07 0.0157461)
(2.50281e-06 -1.82155e-06 0.0158803)
(2.47912e-06 -2.83265e-06 0.0159839)
(2.47691e-06 -3.75545e-06 0.0160557)
(1.79911e-06 -5.36809e-07 0.0157479)
(1.74028e-06 -1.26929e-06 0.015882)
(1.72339e-06 -1.97412e-06 0.0159855)
(1.72227e-06 -2.6181e-06 0.0160571)
(1.22254e-06 -3.62552e-07 0.0157491)
(1.18361e-06 -8.55688e-07 0.0158831)
(1.17276e-06 -1.32924e-06 0.0159865)
(1.1731e-06 -1.76234e-06 0.0160581)
(8.25385e-07 -2.38057e-07 0.0157499)
(8.02473e-07 -5.55807e-07 0.0158839)
(7.97492e-07 -8.57921e-07 0.0159872)
(8.00321e-07 -1.13531e-06 0.0160587)
(6.13626e-07 -1.56856e-07 0.0157505)
(6.04949e-07 -3.62555e-07 0.0158845)
(6.04992e-07 -5.65893e-07 0.0159877)
(6.10319e-07 -7.47699e-07 0.0160591)
)
;
    }
    procBoundary1to3
    {
        type            processor;
        value           nonuniform List<vector> 
192
(
(0.00499632 -0.00269487 0.00703066)
(0.00276002 -0.00227649 0.00286846)
(0.000219487 -0.00137049 0.00289672)
(0.00249677 -0.00111855 0.00356269)
(-0.000745469 0.000991207 0.0238853)
(0.000439383 0.0015751 0.0271264)
(0.00096181 0.00188579 0.0252256)
(0.00173726 0.000898534 0.0236524)
(-0.000365462 0.000273074 0.0152443)
(0.000102489 0.00035986 0.015371)
(0.00053643 0.000394876 0.0146056)
(0.000799821 0.000133947 0.0137236)
(4.94449e-05 -0.00016683 0.0160774)
(0.000187378 -0.000179644 0.0158564)
(0.000323412 -0.000209961 0.0154749)
(0.000331723 -0.000319789 0.0151222)
(0.000194435 -0.000334526 0.0161145)
(0.000202281 -0.000345742 0.0159355)
(0.000188456 -0.000380209 0.0157498)
(0.000125862 -0.000461716 0.0156259)
(0.000203 -0.000349782 0.0160612)
(0.000165141 -0.000356471 0.0159496)
(0.000109288 -0.000378086 0.0158609)
(4.38931e-05 -0.000426314 0.0158167)
(0.000163584 -0.000300717 0.0160813)
(0.000121022 -0.000305474 0.0160141)
(6.85418e-05 -0.000316713 0.0159666)
(1.81185e-05 -0.000339912 0.0159426)
(0.000118889 -0.000236209 0.0161103)
(8.65104e-05 -0.000240207 0.0160684)
(4.8868e-05 -0.000245799 0.0160369)
(1.47491e-05 -0.000255398 0.0160141)
(8.40534e-05 -0.000179002 0.0161302)
(6.26126e-05 -0.000181866 0.0161023)
(3.83323e-05 -0.000184317 0.0160775)
(1.65509e-05 -0.000187406 0.0160522)
(5.93347e-05 -0.000133492 0.0161423)
(4.60213e-05 -0.000135333 0.0161223)
(3.10412e-05 -0.000136142 0.0161006)
(1.74006e-05 -0.000136395 0.0160731)
(4.22458e-05 -9.88269e-05 0.0161491)
(3.41936e-05 -9.9916e-05 0.0161336)
(2.50547e-05 -9.99297e-05 0.0161137)
(1.64739e-05 -9.91103e-05 0.0160851)
(3.03862e-05 -7.28997e-05 0.0161526)
(2.55452e-05 -7.34949e-05 0.0161399)
(1.9932e-05 -7.31708e-05 0.0161213)
(1.4443e-05 -7.20708e-05 0.0160923)
(2.20362e-05 -5.3665e-05 0.0161543)
(1.91126e-05 -5.39602e-05 0.0161435)
(1.5612e-05 -5.35312e-05 0.0161258)
(1.20261e-05 -5.24748e-05 0.0160969)
(1.60679e-05 -3.94514e-05 0.016155)
(1.4286e-05 -3.95748e-05 0.0161455)
(1.20624e-05 -3.91505e-05 0.0161286)
(9.67106e-06 -3.82488e-05 0.0160999)
(1.17507e-05 -2.89675e-05 0.0161553)
(1.06526e-05 -2.89985e-05 0.0161467)
(9.214e-06 -2.8624e-05 0.0161304)
(7.59049e-06 -2.78969e-05 0.016102)
(8.60135e-06 -2.12386e-05 0.0161553)
(7.91664e-06 -2.12241e-05 0.0161474)
(6.9701e-06 -2.09127e-05 0.0161316)
(5.85181e-06 -2.03451e-05 0.0161035)
(6.28981e-06 -1.55368e-05 0.0161552)
(5.85779e-06 -1.55033e-05 0.0161478)
(5.22599e-06 -1.52539e-05 0.0161324)
(4.44743e-06 -1.48198e-05 0.0161046)
(4.58419e-06 -1.13215e-05 0.0161551)
(4.30886e-06 -1.1283e-05 0.016148)
(3.88241e-06 -1.10886e-05 0.0161329)
(3.33683e-06 -1.07619e-05 0.0161054)
(3.31867e-06 -8.19189e-06 0.016155)
(3.14198e-06 -8.15555e-06 0.0161482)
(2.85226e-06 -8.00749e-06 0.0161333)
(2.46939e-06 -7.76524e-06 0.0161059)
(2.37423e-06 -5.8521e-06 0.0161549)
(2.26044e-06 -5.82122e-06 0.0161483)
(2.06367e-06 -5.71121e-06 0.0161336)
(1.7964e-06 -5.53499e-06 0.0161064)
(1.66794e-06 -4.08808e-06 0.0161548)
(1.59466e-06 -4.06381e-06 0.0161484)
(1.46215e-06 -3.98466e-06 0.0161337)
(1.27802e-06 -3.85994e-06 0.0161066)
(1.14891e-06 -2.75436e-06 0.0161548)
(1.10173e-06 -2.73652e-06 0.0161484)
(1.01346e-06 -2.68197e-06 0.0161339)
(8.88532e-07 -2.59719e-06 0.0161068)
(7.98252e-07 -1.77206e-06 0.0161547)
(7.66916e-07 -1.75962e-06 0.0161484)
(7.0689e-07 -1.72391e-06 0.016134)
(6.2084e-07 -1.66932e-06 0.016107)
(6.25272e-07 -1.15501e-06 0.0161547)
(6.01068e-07 -1.14617e-06 0.0161485)
(5.54171e-07 -1.12246e-06 0.0161341)
(4.87127e-07 -1.0873e-06 0.0161071)
(0.00230279 -0.000560646 0.00375255)
(0.000284004 0.00200963 0.00627403)
(0.00115605 0.00592985 0.00952185)
(-0.00302996 0.0307937 0.00567195)
(0.00172901 0.000852305 0.0229648)
(0.00113607 0.0017334 0.0203167)
(0.00070493 0.00337937 0.0173843)
(-0.000322701 0.0065705 0.0168851)
(0.00090192 -4.13304e-06 0.0135369)
(0.000845648 -0.000122023 0.0132928)
(0.00049568 -0.000261271 0.0127665)
(0.000166944 -0.000417864 0.0124738)
(0.000318272 -0.000502831 0.0150352)
(0.000344267 -0.000812192 0.0149885)
(0.000320911 -0.00118901 0.014867)
(0.000238497 -0.0014886 0.014814)
(7.93323e-05 -0.000607159 0.0156178)
(8.52697e-05 -0.000823447 0.0156375)
(0.00011828 -0.00105715 0.0155948)
(0.000140365 -0.00122886 0.0154919)
(2.149e-06 -0.000509157 0.0158212)
(-1.00073e-07 -0.000621013 0.0158332)
(3.14784e-05 -0.000731034 0.0157977)
(7.23628e-05 -0.00080904 0.0156997)
(-1.26395e-05 -0.000378711 0.0159344)
(-1.63177e-05 -0.000427895 0.0159195)
(5.66302e-06 -0.000472593 0.0158651)
(3.82951e-05 -0.000502762 0.0157593)
(-6.25319e-06 -0.000270897 0.0159911)
(-1.03495e-05 -0.000289349 0.0159532)
(1.85534e-06 -0.000304362 0.0158795)
(2.22192e-05 -0.000313561 0.0157631)
(2.58389e-06 -0.000192198 0.0160183)
(-1.54373e-06 -0.000197324 0.0159652)
(3.79734e-06 -0.000200285 0.0158784)
(1.45797e-05 -0.000201398 0.0157544)
(8.10444e-06 -0.000136778 0.0160326)
(4.29646e-06 -0.000136764 0.0159707)
(5.74206e-06 -0.000135484 0.015876)
(1.05241e-05 -0.000133985 0.0157473)
(1.01985e-05 -9.79458e-05 0.016041)
(6.90747e-06 -9.62965e-05 0.0159742)
(6.46016e-06 -9.39335e-05 0.0158752)
(7.96114e-06 -9.19262e-05 0.0157438)
(1.01292e-05 -7.05582e-05 0.0160465)
(7.41132e-06 -6.86507e-05 0.0159771)
(6.20911e-06 -6.6348e-05 0.0158758)
(6.11126e-06 -6.45381e-05 0.015743)
(9.01019e-06 -5.10657e-05 0.0160503)
(6.83466e-06 -4.93736e-05 0.0159797)
(5.45574e-06 -4.74655e-05 0.0158772)
(4.69008e-06 -4.60228e-05 0.0157436)
(7.53423e-06 -3.7078e-05 0.0160531)
(5.83055e-06 -3.57156e-05 0.0159819)
(4.53761e-06 -3.42369e-05 0.0158789)
(3.57911e-06 -3.31465e-05 0.0157449)
(6.0617e-06 -2.69749e-05 0.0160552)
(4.74864e-06 -2.59266e-05 0.0159838)
(3.64084e-06 -2.48173e-05 0.0158805)
(2.71186e-06 -2.4014e-05 0.0157464)
(4.75113e-06 -1.96395e-05 0.0160567)
(3.75159e-06 -1.88523e-05 0.0159853)
(2.84917e-06 -1.80341e-05 0.015882)
(2.03989e-06 -1.745e-05 0.0157479)
(3.65249e-06 -1.42894e-05 0.0160579)
(2.89962e-06 -1.37066e-05 0.0159865)
(2.18809e-06 -1.31092e-05 0.0158832)
(1.52321e-06 -1.26876e-05 0.0157491)
(2.76277e-06 -1.03684e-05 0.0160588)
(2.20157e-06 -9.94136e-06 0.0159875)
(1.65392e-06 -9.50849e-06 0.0158842)
(1.12816e-06 -9.20577e-06 0.0157501)
(2.05662e-06 -7.47708e-06 0.0160595)
(1.6433e-06 -7.16756e-06 0.0159882)
(1.23059e-06 -6.85655e-06 0.015885)
(8.26893e-07 -6.6407e-06 0.0157509)
(1.50255e-06 -5.32747e-06 0.01606)
(1.20297e-06 -5.10647e-06 0.0159888)
(8.98726e-07 -4.886e-06 0.0158855)
(5.96997e-07 -4.73389e-06 0.0157516)
(1.07223e-06 -3.7143e-06 0.0160604)
(8.59597e-07 -3.56033e-06 0.0159892)
(6.40839e-07 -3.40773e-06 0.015886)
(4.21385e-07 -3.30295e-06 0.015752)
(7.46652e-07 -2.49904e-06 0.0160606)
(5.98608e-07 -2.39613e-06 0.0159895)
(4.44703e-07 -2.29508e-06 0.0158863)
(2.88469e-07 -2.22615e-06 0.0157523)
(5.21032e-07 -1.60686e-06 0.0160608)
(4.16303e-07 -1.54248e-06 0.0159897)
(3.06781e-07 -1.48076e-06 0.0158865)
(1.93339e-07 -1.43959e-06 0.0157526)
(4.07162e-07 -1.04821e-06 0.016061)
(3.21116e-07 -1.01037e-06 0.0159899)
(2.27217e-07 -9.75585e-07 0.0158867)
(1.34285e-07 -9.5115e-07 0.0157528)
)
;
    }
}


// ************************************************************************* //
