/*--------------------------------*- C++ -*----------------------------------*\
  =========                 |
  \\      /  F ield         | OpenFOAM: The Open Source CFD Toolbox
   \\    /   O peration     | Website:  https://openfoam.org
    \\  /    A nd           | Version:  6
     \\/     M anipulation  |
\*---------------------------------------------------------------------------*/
FoamFile
{
    version     2.0;
    format      ascii;
    class       volVectorField;
    location    "0.08";
    object      U;
}
// * * * * * * * * * * * * * * * * * * * * * * * * * * * * * * * * * * * * * //

dimensions      [0 1 -1 0 0 0 0];

internalField   nonuniform List<vector> 
1152
(
(0.00130192 0.00172961 0.000280413)
(0.00397905 0.00229891 0.0139068)
(0.0047251 0.0101899 0.00967352)
(-0.00189638 0.0037175 0.00606201)
(-0.000531356 0.00137903 0.00770572)
(-0.00107777 0.00125611 0.0153326)
(-0.000764753 0.00785523 0.00899797)
(-0.00086914 0.00343485 0.011807)
(0.00323883 -1.47176e-05 0.0149526)
(-0.00258165 -0.00104196 0.0167483)
(-0.00425025 0.00462398 0.0128329)
(-0.00421179 0.00554242 0.00259915)
(0.00334494 -0.00174169 0.0137914)
(0.000592195 -0.00470273 0.0133402)
(-0.00203833 -0.00127688 0.0151944)
(-0.00186353 0.000996754 0.00477726)
(-0.00109 0.000415887 0.0215908)
(0.000144065 0.000105054 0.0195657)
(0.0022313 0.00102953 0.0190045)
(0.00166887 -0.000329185 0.0212748)
(-0.00228693 -0.000388881 0.0219945)
(-0.000683016 -0.000640084 0.0213844)
(0.00120814 0.000261417 0.0228134)
(0.00103997 -0.00033393 0.0250933)
(-0.00224751 0.000209171 0.0233647)
(-0.000861161 0.00012539 0.0230867)
(0.00113643 0.000569748 0.0253238)
(0.00206106 0.000974558 0.0281036)
(-0.00186757 0.00127731 0.0236697)
(-0.000630642 0.00118215 0.0242928)
(0.00109818 0.00150901 0.0246472)
(0.00263418 0.00076419 0.0250597)
(-0.000245272 -0.000814378 0.0143691)
(-0.000157927 -0.000899887 0.0147396)
(1.37554e-05 -0.000578352 0.0142183)
(-0.000136194 -0.000266415 0.0145282)
(-0.000480498 -0.000934054 0.0153633)
(-0.000233523 -0.00106181 0.0157196)
(9.20164e-05 -0.000816923 0.0154804)
(0.000231243 -0.000420451 0.0158889)
(-0.000547429 -0.000433424 0.0162103)
(-0.000152713 -0.000509072 0.0164096)
(0.000436333 -0.000310789 0.0162532)
(0.000876899 0.000220845 0.0159858)
(-0.000539226 0.000230799 0.0159588)
(-4.13392e-05 0.000221046 0.0160503)
(0.000674798 0.000327295 0.0157827)
(0.00127327 0.000409502 0.0148267)
(0.000109026 -0.000863504 0.0152771)
(4.13739e-05 -0.00083386 0.0154158)
(-2.90177e-05 -0.000663508 0.0154618)
(-2.06478e-05 -0.000411745 0.0158477)
(8.43362e-05 -0.000833265 0.0158312)
(7.67373e-05 -0.000802608 0.0158843)
(8.92582e-05 -0.000652403 0.0158451)
(0.000182146 -0.000380133 0.016032)
(8.87465e-05 -0.000560123 0.0162319)
(0.00015325 -0.000521712 0.016161)
(0.000262481 -0.000373891 0.0159908)
(0.000413062 -9.41731e-05 0.0158384)
(6.54217e-05 -0.00025858 0.0162599)
(0.000207225 -0.00024682 0.016097)
(0.000397754 -0.000162126 0.0158024)
(0.000558838 -4.27912e-05 0.0153941)
(0.000153002 -0.000627214 0.0155478)
(5.75988e-05 -0.00056963 0.0155667)
(-3.5739e-05 -0.000447085 0.0156192)
(-5.61022e-05 -0.000279679 0.0157677)
(0.00016943 -0.00060741 0.0158514)
(0.000120809 -0.000536836 0.015819)
(7.64515e-05 -0.000417261 0.015805)
(8.47301e-05 -0.000253954 0.0158558)
(0.000193661 -0.000498836 0.0160631)
(0.000184362 -0.00043426 0.0159621)
(0.000178027 -0.000333294 0.0158691)
(0.000194016 -0.000199271 0.0158038)
(0.000201632 -0.000387065 0.0161457)
(0.000219793 -0.000355597 0.0159914)
(0.000236976 -0.000310269 0.0158277)
(0.000240908 -0.000268892 0.0156754)
(0.000143407 -0.000437278 0.0156814)
(5.56854e-05 -0.000396257 0.0156729)
(-2.45519e-05 -0.000325979 0.0156973)
(-5.93273e-05 -0.000239373 0.0157519)
(0.000162994 -0.000439474 0.0158613)
(0.000103842 -0.000390091 0.0158254)
(4.75963e-05 -0.000319073 0.0158111)
(2.05931e-05 -0.000235947 0.0158181)
(0.000186235 -0.000407842 0.0159917)
(0.000147262 -0.000364543 0.0159211)
(0.000105937 -0.000309468 0.015867)
(7.73046e-05 -0.000250285 0.0158286)
(0.000200357 -0.000373609 0.0160719)
(0.000171394 -0.000351739 0.0159729)
(0.000133912 -0.000331015 0.0158879)
(9.64878e-05 -0.000321484 0.0158221)
(0.000122594 -0.000306942 0.0158131)
(5.3993e-05 -0.000283735 0.0157927)
(-8.51588e-06 -0.000247966 0.0157903)
(-4.49661e-05 -0.000207003 0.0157938)
(0.000136495 -0.00032026 0.0159328)
(8.30615e-05 -0.000293827 0.0158997)
(3.18568e-05 -0.000257781 0.0158799)
(-2.09472e-06 -0.000218893 0.0158655)
(0.000151318 -0.000317805 0.0160256)
(0.000108249 -0.000295809 0.0159767)
(6.34641e-05 -0.00026918 0.0159397)
(2.78876e-05 -0.000243488 0.0159094)
(0.00016085 -0.000311507 0.0160953)
(0.000122168 -0.00030098 0.0160337)
(7.80584e-05 -0.000291904 0.0159853)
(3.84821e-05 -0.000289873 0.0159481)
(9.78256e-05 -0.000217521 0.0159181)
(4.96024e-05 -0.000205057 0.0158942)
(4.74136e-06 -0.000187224 0.0158764)
(-2.60862e-05 -0.000167649 0.0158542)
(0.000106081 -0.000233752 0.0160056)
(6.57173e-05 -0.000220813 0.0159768)
(2.64615e-05 -0.000203298 0.0159536)
(-3.23067e-06 -0.000184714 0.0159284)
(0.000113837 -0.000240383 0.0160761)
(7.91056e-05 -0.000230481 0.016041)
(4.3274e-05 -0.000218099 0.016012)
(1.34626e-05 -0.000206207 0.0159831)
(0.000117916 -0.000241827 0.016134)
(8.61691e-05 -0.000238188 0.016094)
(5.13185e-05 -0.000234424 0.0160614)
(2.0593e-05 -0.000233269 0.0160319)
(7.42849e-05 -0.000155434 0.0159944)
(4.22718e-05 -0.00014849 0.0159711)
(1.16177e-05 -0.000139116 0.0159461)
(-1.17347e-05 -0.000129045 0.015911)
(7.89137e-05 -0.000170699 0.0160627)
(5.11557e-05 -0.000164303 0.0160385)
(2.35678e-05 -0.000155435 0.0160139)
(1.04206e-06 -0.00014579 0.0159826)
(8.26423e-05 -0.000179162 0.0161181)
(5.82331e-05 -0.000174799 0.0160921)
(3.29011e-05 -0.000168677 0.0160669)
(1.10245e-05 -0.000162254 0.0160371)
(8.39704e-05 -0.000182512 0.0161645)
(6.18293e-05 -0.000181531 0.0161371)
(3.77994e-05 -0.000179611 0.0161115)
(1.64262e-05 -0.000178044 0.0160832)
(5.47849e-05 -0.000111831 0.0160487)
(3.40017e-05 -0.000107669 0.0160274)
(1.34828e-05 -0.000102272 0.0159995)
(-3.33134e-06 -9.64826e-05 0.0159582)
(5.74129e-05 -0.000124705 0.0161047)
(3.91107e-05 -0.000121302 0.0160844)
(2.04759e-05 -0.000116376 0.0160597)
(4.38115e-06 -0.000110736 0.0160252)
(5.91977e-05 -0.000132507 0.0161493)
(4.30507e-05 -0.000130451 0.0161292)
(2.60663e-05 -0.000127021 0.0161062)
(1.08637e-05 -0.000122927 0.0160754)
(5.94434e-05 -0.000135877 0.016186)
(4.50527e-05 -0.000135706 0.0161659)
(2.93959e-05 -0.000134383 0.0161439)
(1.51509e-05 -0.000132526 0.0161152)
(3.98299e-05 -8.08873e-05 0.0160868)
(2.63521e-05 -7.81946e-05 0.0160677)
(1.26601e-05 -7.47738e-05 0.016039)
(8.38127e-07 -7.10647e-05 0.0159949)
(4.14077e-05 -9.11505e-05 0.0161347)
(2.9491e-05 -8.91365e-05 0.0161174)
(1.70603e-05 -8.60868e-05 0.0160932)
(5.84442e-06 -8.24072e-05 0.0160572)
(4.23324e-05 -9.76083e-05 0.0161713)
(3.18844e-05 -9.64829e-05 0.0161551)
(2.06972e-05 -9.42763e-05 0.0161336)
(1.03348e-05 -9.13523e-05 0.0161023)
(4.22734e-05 -0.000100485 0.0162003)
(3.31726e-05 -0.000100456 0.0161847)
(2.31515e-05 -9.93576e-05 0.0161646)
(1.37541e-05 -9.75087e-05 0.0161356)
(2.87967e-05 -5.8727e-05 0.0161138)
(1.99739e-05 -5.68732e-05 0.0160964)
(1.07813e-05 -5.45339e-05 0.0160679)
(2.53603e-06 -5.19601e-05 0.0160225)
(2.98169e-05 -6.66535e-05 0.0161558)
(2.20375e-05 -6.53294e-05 0.0161408)
(1.3732e-05 -6.32623e-05 0.0161173)
(5.97238e-06 -6.0673e-05 0.0160807)
(3.03715e-05 -7.17419e-05 0.0161865)
(2.36286e-05 -7.10066e-05 0.016173)
(1.62596e-05 -6.9435e-05 0.0161527)
(9.21141e-06 -6.72297e-05 0.0161213)
(3.02932e-05 -7.40515e-05 0.0162097)
(2.45688e-05 -7.39841e-05 0.0161969)
(1.81434e-05 -7.30313e-05 0.0161782)
(1.19095e-05 -7.13766e-05 0.0161491)
(2.07932e-05 -4.27432e-05 0.0161328)
(1.49407e-05 -4.14115e-05 0.0161169)
(8.70832e-06 -3.97306e-05 0.0160888)
(2.95899e-06 -3.7858e-05 0.0160429)
(2.14996e-05 -4.87515e-05 0.0161707)
(1.63732e-05 -4.78103e-05 0.0161574)
(1.07802e-05 -4.63231e-05 0.0161346)
(5.40514e-06 -4.44225e-05 0.0160979)
(2.18866e-05 -5.2659e-05 0.0161971)
(1.75058e-05 -5.21117e-05 0.0161854)
(1.26122e-05 -5.0929e-05 0.016166)
(7.7918e-06 -4.92349e-05 0.0161347)
(2.18612e-05 -5.44609e-05 0.0162158)
(1.8241e-05 -5.43381e-05 0.0162049)
(1.40766e-05 -5.3524e-05 0.0161872)
(9.89168e-06 -5.21356e-05 0.0161583)
(1.50209e-05 -3.11555e-05 0.0161463)
(1.10855e-05 -3.01741e-05 0.0161316)
(6.81597e-06 -2.89329e-05 0.0161039)
(2.79384e-06 -2.7538e-05 0.0160579)
(1.55345e-05 -3.56578e-05 0.0161813)
(1.21169e-05 -3.49571e-05 0.0161691)
(8.31296e-06 -3.3852e-05 0.016147)
(4.57202e-06 -3.24295e-05 0.0161103)
(1.58328e-05 -3.86143e-05 0.0162044)
(1.29566e-05 -3.81805e-05 0.016194)
(9.67098e-06 -3.72705e-05 0.0161754)
(6.34705e-06 -3.59669e-05 0.0161442)
(1.58579e-05 -3.9998e-05 0.0162198)
(1.3545e-05 -3.98442e-05 0.0162103)
(1.08082e-05 -3.91674e-05 0.0161933)
(7.96105e-06 -3.80484e-05 0.0161647)
(1.08604e-05 -2.27242e-05 0.016156)
(8.18085e-06 -2.19916e-05 0.0161421)
(5.22783e-06 -2.10633e-05 0.0161148)
(2.40136e-06 -2.00149e-05 0.0160688)
(1.12445e-05 -2.60729e-05 0.0161888)
(8.93926e-06 -2.55398e-05 0.0161775)
(6.32649e-06 -2.4707e-05 0.0161558)
(3.70779e-06 -2.36354e-05 0.0161193)
(1.14842e-05 -2.82891e-05 0.0162096)
(9.57383e-06 -2.79393e-05 0.0162001)
(7.3428e-06 -2.7236e-05 0.0161821)
(5.03142e-06 -2.62375e-05 0.0161511)
(1.15401e-05 -2.93411e-05 0.0162225)
(1.00446e-05 -2.91814e-05 0.0162139)
(8.22019e-06 -2.86331e-05 0.0161976)
(6.25917e-06 -2.77547e-05 0.0161692)
(7.85641e-06 -1.65717e-05 0.0161629)
(6.01247e-06 -1.60222e-05 0.0161496)
(3.95339e-06 -1.53255e-05 0.0161226)
(1.95841e-06 -1.45367e-05 0.0160768)
(8.14726e-06 -1.9049e-05 0.0161941)
(6.57562e-06 -1.86408e-05 0.0161835)
(4.76529e-06 -1.8011e-05 0.0161622)
(2.92221e-06 -1.7204e-05 0.0161259)
(8.34117e-06 -2.06993e-05 0.0162132)
(7.05796e-06 -2.04184e-05 0.0162044)
(5.52738e-06 -1.9877e-05 0.0161868)
(3.90819e-06 -1.91175e-05 0.0161561)
(8.40965e-06 -2.1493e-05 0.0162243)
(7.43068e-06 -2.13441e-05 0.0162164)
(6.19867e-06 -2.09094e-05 0.0162006)
(4.83401e-06 -2.02325e-05 0.0161725)
(5.68086e-06 -1.20693e-05 0.0161678)
(4.40137e-06 -1.16575e-05 0.016155)
(2.95683e-06 -1.11355e-05 0.0161283)
(1.54402e-06 -1.05441e-05 0.0160826)
(5.90149e-06 -1.3893e-05 0.016198)
(4.8205e-06 -1.35812e-05 0.0161878)
(3.5575e-06 -1.31063e-05 0.0161669)
(2.25492e-06 -1.25011e-05 0.0161307)
(6.0568e-06 -1.5115e-05 0.0162158)
(5.18638e-06 -1.48923e-05 0.0162075)
(4.1275e-06 -1.44787e-05 0.0161902)
(2.98686e-06 -1.39058e-05 0.0161597)
(6.12553e-06 -1.57096e-05 0.0162256)
(5.47753e-06 -1.558e-05 0.0162181)
(4.63646e-06 -1.52416e-05 0.0162027)
(3.67949e-06 -1.47273e-05 0.0161748)
(4.09856e-06 -8.76246e-06 0.0161714)
(3.20607e-06 -8.45537e-06 0.0161589)
(2.18924e-06 -8.06648e-06 0.0161324)
(1.18744e-06 -7.62609e-06 0.0160868)
(4.26506e-06 -1.00975e-05 0.0162007)
(3.51702e-06 -9.86116e-06 0.0161909)
(2.63218e-06 -9.50538e-06 0.0161702)
(1.70989e-06 -9.05472e-06 0.0161341)
(4.3874e-06 -1.09965e-05 0.0162176)
(3.79262e-06 -1.08229e-05 0.0162096)
(3.05598e-06 -1.05102e-05 0.0161927)
(2.25013e-06 -1.0082e-05 0.0161623)
(4.44946e-06 -1.14384e-05 0.0162265)
(4.01668e-06 -1.1331e-05 0.0162193)
(3.438e-06 -1.1072e-05 0.0162041)
(2.76399e-06 -1.06861e-05 0.0161765)
(2.94114e-06 -6.32083e-06 0.016174)
(2.31803e-06 -6.094e-06 0.0161617)
(1.60278e-06 -5.80712e-06 0.0161354)
(8.94064e-07 -5.48259e-06 0.0160898)
(3.06546e-06 -7.29005e-06 0.0162027)
(2.54682e-06 -7.11311e-06 0.0161931)
(1.92687e-06 -6.84949e-06 0.0161726)
(1.27505e-06 -6.51743e-06 0.0161366)
(3.15989e-06 -7.94557e-06 0.0162189)
(2.75204e-06 -7.81273e-06 0.0162112)
(2.2389e-06 -7.57949e-06 0.0161944)
(1.67023e-06 -7.26328e-06 0.0161642)
(3.21223e-06 -8.27058e-06 0.0162271)
(2.92153e-06 -8.18493e-06 0.0162202)
(2.52209e-06 -7.99012e-06 0.0162052)
(2.04743e-06 -7.70447e-06 0.0161777)
(2.08882e-06 -4.50419e-06 0.0161758)
(1.65625e-06 -4.33918e-06 0.0161637)
(1.15666e-06 -4.13083e-06 0.0161375)
(6.59323e-07 -3.89544e-06 0.016092)
(2.18011e-06 -5.19822e-06 0.0162041)
(1.82214e-06 -5.06811e-06 0.0161947)
(1.39048e-06 -4.87598e-06 0.0161743)
(9.33376e-07 -4.63518e-06 0.0161384)
(2.25124e-06 -5.66934e-06 0.0162198)
(1.97234e-06 -5.57007e-06 0.0162123)
(1.6167e-06 -5.39927e-06 0.0161956)
(1.21827e-06 -5.16965e-06 0.0161655)
(2.29315e-06 -5.90479e-06 0.0162275)
(2.09783e-06 -5.83886e-06 0.0162208)
(1.823e-06 -5.69535e-06 0.016206)
(1.49087e-06 -5.48769e-06 0.0161786)
(1.45923e-06 -3.14031e-06 0.0161771)
(1.16358e-06 -3.02301e-06 0.0161651)
(8.20264e-07 -2.87525e-06 0.016139)
(4.77015e-07 -2.70862e-06 0.0160935)
(1.52472e-06 -3.62587e-06 0.016205)
(1.28112e-06 -3.53256e-06 0.0161958)
(9.85137e-07 -3.39594e-06 0.0161755)
(6.69671e-07 -3.22557e-06 0.0161397)
(1.57677e-06 -3.95649e-06 0.0162205)
(1.38832e-06 -3.88447e-06 0.0162131)
(1.14524e-06 -3.76264e-06 0.0161965)
(8.70304e-07 -3.60011e-06 0.0161665)
(1.60881e-06 -4.12299e-06 0.0162278)
(1.4786e-06 -4.0741e-06 0.0162212)
(1.29171e-06 -3.97136e-06 0.0162065)
(1.0626e-06 -3.82434e-06 0.0161792)
(1.00184e-06 -2.11236e-06 0.016178)
(8.0512e-07 -2.03125e-06 0.016166)
(5.75163e-07 -1.92953e-06 0.01614)
(3.43709e-07 -1.81509e-06 0.0160945)
(1.04779e-06 -2.43974e-06 0.0162057)
(8.86103e-07 -2.37465e-06 0.0161965)
(6.87942e-07 -2.28045e-06 0.0161763)
(4.75051e-07 -2.16379e-06 0.0161405)
(1.08489e-06 -2.66332e-06 0.0162209)
(9.60283e-07 -2.6127e-06 0.0162136)
(7.97636e-07 -2.52869e-06 0.0161971)
(6.11776e-07 -2.41764e-06 0.0161671)
(1.10852e-06 -2.7768e-06 0.0162279)
(1.02303e-06 -2.74195e-06 0.0162215)
(8.98074e-07 -2.67109e-06 0.0162069)
(7.42841e-07 -2.57086e-06 0.0161796)
(6.97489e-07 -1.35669e-06 0.0161785)
(5.7066e-07 -1.30159e-06 0.0161666)
(4.20705e-07 -1.23393e-06 0.0161406)
(2.67391e-07 -1.15917e-06 0.0160952)
(7.29877e-07 -1.56735e-06 0.0162061)
(6.2517e-07 -1.52247e-06 0.016197)
(4.94896e-07 -1.45945e-06 0.0161768)
(3.52577e-07 -1.38304e-06 0.0161411)
(7.56392e-07 -1.7117e-06 0.0162212)
(6.75318e-07 -1.67667e-06 0.0162139)
(5.67454e-07 -1.62059e-06 0.0161975)
(4.4194e-07 -1.54794e-06 0.0161676)
(7.73801e-07 -1.78562e-06 0.0162281)
(7.17733e-07 -1.76139e-06 0.0162217)
(6.33898e-07 -1.71442e-06 0.0162071)
(5.27912e-07 -1.64922e-06 0.0161799)
(5.49988e-07 -8.83407e-07 0.016179)
(4.6009e-07 -8.39938e-07 0.0161671)
(3.50126e-07 -7.85756e-07 0.0161412)
(2.32974e-07 -7.24538e-07 0.0160958)
(5.76936e-07 -1.01977e-06 0.0162065)
(5.03138e-07 -9.84207e-07 0.0161974)
(4.08026e-07 -9.35736e-07 0.0161772)
(3.00263e-07 -8.77403e-07 0.0161415)
(5.98793e-07 -1.1142e-06 0.0162214)
(5.41226e-07 -1.08708e-06 0.0162142)
(4.61949e-07 -1.046e-06 0.0161978)
(3.66967e-07 -9.93873e-07 0.0161679)
(6.13298e-07 -1.16299e-06 0.0162282)
(5.72414e-07 -1.14476e-06 0.0162219)
(5.09359e-07 -1.11188e-06 0.0162073)
(4.28174e-07 -1.0676e-06 0.0161802)
(0.00820456 0.00264266 -0.00379442)
(0.00516333 0.00343913 0.00261525)
(-0.00240387 -0.00201355 0.0133005)
(-0.00499211 -0.000370575 0.00140248)
(-0.00260363 -0.000846639 0.0129544)
(0.00131769 0.00733637 0.00823538)
(0.00315587 0.00695402 0.00530792)
(-0.00223554 0.0035949 0.00396444)
(-0.00127882 -0.00045939 0.01413)
(-0.00227489 0.00218493 0.0148844)
(-0.00318053 0.00342794 0.0128984)
(-0.000779133 0.00393024 0.00714364)
(0.00233712 0.000813197 0.00647482)
(-0.00129157 0.000909616 0.0139257)
(-0.00764165 -0.00213904 0.00530195)
(-0.00418458 -0.00109982 0.00405451)
(-0.00171854 -0.00133881 0.015038)
(-0.000341966 -0.00063022 0.0184163)
(0.000378174 0.000617656 0.0204078)
(0.00185381 0.000678326 0.0311671)
(-0.00184194 -0.0021608 0.0166682)
(0.000543053 -0.000805456 0.0180476)
(0.00150719 0.00127194 0.0216989)
(0.00221001 0.000261998 0.0288205)
(-0.00178595 -0.000139714 0.0176786)
(-1.37637e-05 -0.000296805 0.0185949)
(0.00141528 0.00148089 0.0209705)
(0.00204684 0.000882488 0.0252364)
(-0.00137419 0.0010736 0.0184046)
(-4.96567e-05 0.000606431 0.0188315)
(0.00126035 0.00145645 0.0196676)
(0.00156459 0.000763804 0.022268)
(-0.000222705 -0.000422311 0.0112065)
(-0.000771407 -0.000487491 0.0113082)
(-0.00135225 -0.000537119 0.0137598)
(-0.000326614 0.000109032 0.0149982)
(-0.000239533 -0.000826347 0.0126591)
(-0.000417379 -0.000841131 0.012637)
(-0.000934203 -0.000323741 0.0140047)
(-0.000394011 0.000322691 0.0151562)
(-0.000335705 -0.000606955 0.0135268)
(-0.000348995 -0.000815047 0.0138999)
(-0.000565732 -0.000245498 0.0144099)
(-0.000295575 0.000292275 0.0149785)
(-0.000335948 -0.000518372 0.0137397)
(-0.000274448 -0.00064764 0.0142914)
(-0.0003195 -0.000251038 0.014081)
(-0.000264915 0.000144447 0.0145142)
(0.000313625 -0.000189741 0.0134506)
(-0.000344435 -0.000328424 0.0135097)
(-0.000777151 -0.000465001 0.0150267)
(-0.000286469 -0.000200203 0.0164781)
(0.000236777 -0.000500938 0.0139232)
(-0.000214275 -0.00063042 0.0140544)
(-0.000586398 -0.000481228 0.0151495)
(-0.000268448 -0.000158708 0.0163596)
(0.000146969 -0.000607876 0.0143965)
(-0.000128039 -0.000695984 0.0146552)
(-0.000382221 -0.000458648 0.015313)
(-0.000236559 -0.000153554 0.016183)
(0.000103267 -0.000726539 0.0147792)
(-3.98464e-05 -0.000731825 0.0150278)
(-0.000195036 -0.000520754 0.0153166)
(-0.000169772 -0.000254114 0.0159443)
(0.000232845 -0.000103671 0.0143113)
(-0.000239998 -0.000203309 0.0143472)
(-0.000520667 -0.000315218 0.0150264)
(-0.00030023 -0.000216581 0.0156603)
(0.000194268 -0.000314547 0.0145998)
(-0.000167483 -0.000391023 0.0146812)
(-0.000416241 -0.000346913 0.0152071)
(-0.000280184 -0.000187249 0.0157335)
(0.000158444 -0.00045034 0.0149095)
(-9.48282e-05 -0.000475566 0.015014)
(-0.000290714 -0.000364859 0.0153521)
(-0.000237105 -0.000190739 0.0157404)
(0.000144936 -0.000559839 0.0152138)
(-1.50592e-05 -0.000533576 0.0152863)
(-0.00015941 -0.000409911 0.0154531)
(-0.000169921 -0.000237727 0.0157125)
(0.00014241 -6.49604e-05 0.0148267)
(-0.000144609 -0.000121605 0.0148595)
(-0.0003075 -0.000196505 0.015185)
(-0.000226482 -0.000183074 0.0154974)
(0.00013232 -0.000205743 0.015037)
(-0.000101225 -0.000242196 0.0150819)
(-0.000250766 -0.000236829 0.015336)
(-0.000207202 -0.000180889 0.0155873)
(0.000126934 -0.000312738 0.0152558)
(-5.12075e-05 -0.000316545 0.015297)
(-0.00017966 -0.000267653 0.0154627)
(-0.000175474 -0.000190557 0.0156439)
(0.00013123 -0.000393675 0.0154695)
(5.25403e-06 -0.000370894 0.0154867)
(-0.000100006 -0.000305904 0.0155672)
(-0.000128702 -0.000219406 0.0156772)
(9.70139e-05 -4.21302e-05 0.0151656)
(-7.38926e-05 -7.14354e-05 0.0151778)
(-0.000174034 -0.000119592 0.0153185)
(-0.000156966 -0.000136328 0.0154598)
(9.81358e-05 -0.000136882 0.0153409)
(-4.65301e-05 -0.00015247 0.015353)
(-0.000140434 -0.000158567 0.0154591)
(-0.000140127 -0.000146989 0.0155649)
(0.000103048 -0.000213763 0.015511)
(-1.38519e-05 -0.000211683 0.0155161)
(-9.87766e-05 -0.000191791 0.0155802)
(-0.000116435 -0.000162628 0.0156477)
(0.000111802 -0.000272818 0.0156683)
(2.26752e-05 -0.000258367 0.0156595)
(-5.15052e-05 -0.000226722 0.0156822)
(-8.46843e-05 -0.000186551 0.0157102)
(7.19694e-05 -2.7355e-05 0.0153843)
(-3.05109e-05 -4.16434e-05 0.0153815)
(-9.50583e-05 -7.21699e-05 0.0154347)
(-0.000102653 -9.52334e-05 0.0154935)
(7.569e-05 -9.18644e-05 0.0155424)
(-1.29305e-05 -9.79209e-05 0.0155359)
(-7.37009e-05 -0.000105861 0.0155694)
(-8.85497e-05 -0.000110324 0.0156037)
(8.21305e-05 -0.000146295 0.0156859)
(8.02302e-06 -0.000143226 0.0156737)
(-4.81547e-05 -0.000135846 0.0156859)
(-7.08578e-05 -0.00012716 0.0156966)
(9.00429e-05 -0.000189681 0.0158104)
(3.08999e-05 -0.000181085 0.0157909)
(-1.96336e-05 -0.000165876 0.0157831)
(-4.90397e-05 -0.000147353 0.0157706)
(5.42608e-05 -1.79221e-05 0.0155255)
(-8.44587e-06 -2.46016e-05 0.0155144)
(-5.13248e-05 -4.3961e-05 0.0155262)
(-6.55692e-05 -6.45517e-05 0.0155439)
(5.7759e-05 -6.23907e-05 0.0156742)
(3.08356e-06 -6.43447e-05 0.0156587)
(-3.69975e-05 -7.10433e-05 0.0156575)
(-5.42237e-05 -7.92951e-05 0.015656)
(6.31474e-05 -0.000101065 0.0158026)
(1.66286e-05 -9.82707e-05 0.0157834)
(-2.05242e-05 -9.57374e-05 0.0157705)
(-4.09635e-05 -9.45243e-05 0.0157526)
(6.90903e-05 -0.000133066 0.015908)
(3.10245e-05 -0.000127805 0.0158855)
(-2.67869e-06 -0.00012012 0.0158631)
(-2.56887e-05 -0.000111067 0.0158305)
(4.05628e-05 -1.19667e-05 0.0156183)
(1.15886e-06 -1.49646e-05 0.0156035)
(-2.78879e-05 -2.73865e-05 0.0155959)
(-4.18913e-05 -4.35307e-05 0.0155926)
(4.32312e-05 -4.30239e-05 0.0157616)
(8.86921e-06 -4.33229e-05 0.0157425)
(-1.79652e-05 -4.82885e-05 0.0157248)
(-3.30658e-05 -5.61196e-05 0.015705)
(4.72021e-05 -7.06835e-05 0.0158812)
(1.77827e-05 -6.84211e-05 0.0158598)
(-6.93008e-06 -6.76181e-05 0.015835)
(-2.31901e-05 -6.87014e-05 0.0158027)
(5.13833e-05 -9.42959e-05 0.0159751)
(2.70345e-05 -9.09047e-05 0.0159528)
(4.67353e-06 -8.6661e-05 0.0159238)
(-1.23306e-05 -8.17775e-05 0.0158814)
(3.00056e-05 -8.15803e-06 0.0156807)
(4.52903e-06 -9.42606e-06 0.0156644)
(-1.54386e-05 -1.75314e-05 0.0156476)
(-2.70798e-05 -2.95168e-05 0.0156333)
(3.18983e-05 -3.01066e-05 0.0158206)
(9.77634e-06 -2.9806e-05 0.0158005)
(-8.44167e-06 -3.3298e-05 0.0157749)
(-2.03747e-05 -3.95859e-05 0.0157455)
(3.46938e-05 -5.00179e-05 0.0159348)
(1.57622e-05 -4.82636e-05 0.0159132)
(-8.44936e-07 -4.80126e-05 0.015883)
(-1.3063e-05 -4.94904e-05 0.0158431)
(3.75779e-05 -6.74246e-05 0.0160216)
(2.18661e-05 -6.51276e-05 0.0160004)
(6.95418e-06 -6.2533e-05 0.0159687)
(-5.26534e-06 -5.95756e-05 0.0159215)
(2.20328e-05 -5.6647e-06 0.0157233)
(5.12769e-06 -6.13829e-06 0.0157068)
(-8.75802e-06 -1.15197e-05 0.0156855)
(-1.77849e-05 -2.0205e-05 0.0156652)
(2.33393e-05 -2.13247e-05 0.0158611)
(8.75097e-06 -2.08596e-05 0.015841)
(-3.77368e-06 -2.32617e-05 0.0158117)
(-1.27696e-05 -2.7983e-05 0.015777)
(2.52792e-05 -3.57311e-05 0.0159719)
(1.28464e-05 -3.43939e-05 0.0159509)
(1.55299e-06 -3.42876e-05 0.0159181)
(-7.3834e-06 -3.55697e-05 0.0158742)
(2.72698e-05 -4.85455e-05 0.016054)
(1.69754e-05 -4.69284e-05 0.0160341)
(6.92946e-06 -4.51976e-05 0.0160014)
(-1.75047e-06 -4.32221e-05 0.0159518)
(1.61044e-05 -3.99089e-06 0.0157529)
(4.64359e-06 -4.1108e-06 0.0157367)
(-5.0997e-06 -7.73965e-06 0.0157132)
(-1.18675e-05 -1.39669e-05 0.0156894)
(1.69999e-05 -1.52433e-05 0.0158894)
(7.17527e-06 -1.47812e-05 0.0158697)
(-1.5273e-06 -1.64195e-05 0.0158385)
(-8.1543e-06 -1.9856e-05 0.0158008)
(1.8345e-05 -2.57027e-05 0.0159979)
(1.00212e-05 -2.46894e-05 0.0159776)
(2.25354e-06 -2.46042e-05 0.0159437)
(-4.20122e-06 -2.55733e-05 0.0158975)
(1.97307e-05 -3.51226e-05 0.0160768)
(1.28735e-05 -3.39528e-05 0.0160581)
(6.02792e-06 -3.27262e-05 0.0160252)
(-1.17237e-07 -3.13171e-05 0.0159743)
(1.17381e-05 -2.84188e-06 0.0157738)
(3.83769e-06 -2.81389e-06 0.0157579)
(-3.04615e-06 -5.29308e-06 0.0157333)
(-8.03266e-06 -9.73975e-06 0.0157074)
(1.23529e-05 -1.09669e-05 0.0159093)
(5.6231e-06 -1.05647e-05 0.0158901)
(-4.75975e-07 -1.16798e-05 0.015858)
(-5.30167e-06 -1.41446e-05 0.0158186)
(1.32904e-05 -1.85767e-05 0.0160163)
(7.62494e-06 -1.78106e-05 0.0159966)
(2.22917e-06 -1.77201e-05 0.0159622)
(-2.40822e-06 -1.84092e-05 0.0159148)
(1.42653e-05 -2.54918e-05 0.0160931)
(9.62737e-06 -2.46309e-05 0.0160752)
(4.91209e-06 -2.37305e-05 0.0160423)
(5.59034e-07 -2.26885e-05 0.0159909)
(8.53979e-06 -2.03873e-06 0.0157886)
(3.02555e-06 -1.95771e-06 0.0157731)
(-1.86346e-06 -3.6696e-06 0.0157478)
(-5.50356e-06 -6.84203e-06 0.0157208)
(8.96415e-06 -7.9239e-06 0.0159235)
(4.29337e-06 -7.59435e-06 0.0159047)
(-1.00282e-08 -8.35436e-06 0.0158721)
(-3.50388e-06 -1.01106e-05 0.0158316)
(9.6219e-06 -1.34664e-05 0.0160294)
(5.71413e-06 -1.28883e-05 0.0160103)
(1.93532e-06 -1.27945e-05 0.0159757)
(-1.39033e-06 -1.327e-05 0.0159275)
(1.03146e-05 -1.85361e-05 0.0161046)
(7.13634e-06 -1.78964e-05 0.0160875)
(3.85803e-06 -1.72239e-05 0.0160548)
(7.67816e-07 -1.64411e-05 0.0160031)
(6.20357e-06 -1.46937e-06 0.0157991)
(2.32026e-06 -1.3778e-06 0.015784)
(-1.16502e-06 -2.56986e-06 0.0157584)
(-3.80844e-06 -4.83424e-06 0.0157306)
(6.49819e-06 -5.73899e-06 0.0159337)
(3.2248e-06 -5.47777e-06 0.0159152)
(1.73076e-07 -5.99751e-06 0.0158824)
(-2.34908e-06 -7.24574e-06 0.0158412)
(6.96254e-06 -9.77627e-06 0.0160388)
(4.23931e-06 -9.34116e-06 0.0160201)
(1.57607e-06 -9.25131e-06 0.0159854)
(-8.08094e-07 -9.57449e-06 0.0159368)
(7.45835e-06 -1.34871e-05 0.0161129)
(5.25722e-06 -1.30101e-05 0.0160963)
(2.96074e-06 -1.25049e-05 0.0160637)
(7.61706e-07 -1.19143e-05 0.0160119)
(4.49804e-06 -1.06123e-06 0.0158067)
(1.74739e-06 -9.76843e-07 0.0157918)
(-7.42506e-07 -1.81204e-06 0.0157661)
(-2.65529e-06 -3.42901e-06 0.0157377)
(4.70358e-06 -4.15868e-06 0.015941)
(2.3944e-06 -3.95616e-06 0.0159227)
(2.23378e-07 -4.31293e-06 0.0158898)
(-1.59363e-06 -5.19937e-06 0.0158482)
(5.03283e-06 -7.09628e-06 0.0160455)
(3.12126e-06 -6.77023e-06 0.0160272)
(1.23611e-06 -6.68983e-06 0.0159925)
(-4.72674e-07 -6.90801e-06 0.0159435)
(5.38929e-06 -9.80624e-06 0.0161189)
(3.85288e-06 -9.45077e-06 0.0161027)
(2.23542e-06 -9.07154e-06 0.0160702)
(6.67915e-07 -8.62711e-06 0.0160184)
(3.25099e-06 -7.65878e-07 0.0158122)
(1.29782e-06 -6.94866e-07 0.0157974)
(-4.8082e-07 -1.28198e-06 0.0157716)
(-1.85962e-06 -2.43565e-06 0.0157429)
(3.39479e-06 -3.00799e-06 0.0159462)
(1.76061e-06 -2.85366e-06 0.0159282)
(2.14937e-07 -3.09929e-06 0.0158952)
(-1.09045e-06 -3.72803e-06 0.0158533)
(3.62862e-06 -5.13902e-06 0.0160503)
(2.28156e-06 -4.89627e-06 0.0160323)
(9.4485e-07 -4.82806e-06 0.0159976)
(-2.78025e-07 -4.97494e-06 0.0159484)
(3.88511e-06 -7.11043e-06 0.0161232)
(2.80773e-06 -6.84667e-06 0.0161072)
(1.66546e-06 -6.56359e-06 0.0160749)
(5.48255e-07 -6.23133e-06 0.016023)
(2.33571e-06 -5.50127e-07 0.0158161)
(9.51367e-07 -4.93472e-07 0.0158015)
(-3.14601e-07 -9.05849e-07 0.0157756)
(-1.30238e-06 -1.7257e-06 0.0157467)
(2.43623e-06 -2.16389e-06 0.0159499)
(1.28118e-06 -2.04822e-06 0.0159321)
(1.83958e-07 -2.21731e-06 0.0158991)
(-7.48849e-07 -2.66159e-06 0.0158569)
(2.60191e-06 -3.70008e-06 0.0160538)
(1.65317e-06 -3.52109e-06 0.0160359)
(7.07385e-07 -3.46568e-06 0.0160013)
(-1.63851e-07 -3.56431e-06 0.015952)
(2.78579e-06 -5.12426e-06 0.0161262)
(2.03017e-06 -4.93021e-06 0.0161105)
(1.22456e-06 -4.72098e-06 0.0160783)
(4.31057e-07 -4.47519e-06 0.0160264)
(1.66024e-06 -3.90823e-07 0.0158189)
(6.87161e-07 -3.47232e-07 0.0158044)
(-2.05453e-07 -6.34614e-07 0.0157785)
(-9.05302e-07 -1.21147e-06 0.0157494)
(1.73017e-06 -1.53906e-06 0.0159526)
(9.201e-07 -1.45387e-06 0.0159349)
(1.481e-07 -1.56943e-06 0.0159018)
(-5.11514e-07 -1.88036e-06 0.0158596)
(1.84659e-06 -2.6331e-06 0.0160563)
(1.18319e-06 -2.503e-06 0.0160385)
(5.19494e-07 -2.45961e-06 0.0160039)
(-9.51359e-08 -2.52534e-06 0.0159545)
(1.97712e-06 -3.64898e-06 0.0161284)
(1.45059e-06 -3.50822e-06 0.0161129)
(8.86716e-07 -3.3559e-06 0.0160807)
(3.28265e-07 -3.17693e-06 0.0160288)
(1.16054e-06 -2.71726e-07 0.0158208)
(4.88805e-07 -2.3878e-07 0.0158064)
(-1.29011e-07 -4.3496e-07 0.0157805)
(-6.15576e-07 -8.3273e-07 0.0157513)
(1.20881e-06 -1.07181e-06 0.0159545)
(6.50678e-07 -1.0101e-06 0.0159368)
(1.17256e-07 -1.08728e-06 0.0159038)
(-3.40634e-07 -1.30056e-06 0.0158614)
(1.2894e-06 -1.83418e-06 0.016058)
(8.33448e-07 -1.74137e-06 0.0160404)
(3.75845e-07 -1.70833e-06 0.0160057)
(-5.00137e-08 -1.75132e-06 0.0159563)
(1.38048e-06 -2.54282e-06 0.01613)
(1.01959e-06 -2.44273e-06 0.0161145)
(6.31576e-07 -2.33419e-06 0.0160824)
(2.45391e-07 -2.20696e-06 0.0160305)
(7.96869e-07 -1.81726e-07 0.0158222)
(3.46641e-07 -1.56053e-07 0.0158078)
(-6.91632e-08 -2.84273e-07 0.0157818)
(-3.98277e-07 -5.48429e-07 0.0157526)
(8.30291e-07 -7.20394e-07 0.0159558)
(4.5689e-07 -6.75502e-07 0.0159381)
(9.82851e-08 -7.23882e-07 0.0159051)
(-2.11369e-07 -8.64292e-07 0.0158627)
(8.85172e-07 -1.23292e-06 0.0160592)
(5.80779e-07 -1.16757e-06 0.0160416)
(2.73703e-07 -1.14233e-06 0.016007)
(-1.38708e-08 -1.16865e-06 0.0159575)
(9.47473e-07 -1.7097e-06 0.016131)
(7.06994e-07 -1.63979e-06 0.0161156)
(4.46947e-07 -1.56407e-06 0.0160836)
(1.86561e-07 -1.47596e-06 0.0160317)
(5.5526e-07 -1.14949e-07 0.015823)
(2.64677e-07 -9.14521e-08 0.0158087)
(-6.33877e-09 -1.677e-07 0.0157827)
(-2.26186e-07 -3.34685e-07 0.0157534)
(5.79512e-07 -4.6269e-07 0.0159566)
(3.39225e-07 -4.27524e-07 0.015939)
(1.06196e-07 -4.5312e-07 0.015906)
(-1.00035e-07 -5.413e-07 0.0158635)
(6.17112e-07 -7.90771e-07 0.01606)
(4.21569e-07 -7.43227e-07 0.0160424)
(2.22222e-07 -7.22118e-07 0.0160078)
(3.07342e-08 -7.37746e-07 0.0159583)
(6.59875e-07 -1.09688e-06 0.0161317)
(5.05451e-07 -1.04712e-06 0.0161163)
(3.36585e-07 -9.9416e-07 0.0160843)
(1.6346e-07 -9.36127e-07 0.0160324)
(4.32702e-07 -6.35843e-08 0.0158237)
(2.28819e-07 -3.85631e-08 0.0158094)
(3.63481e-08 -8.34047e-08 0.0157835)
(-1.14359e-07 -1.85954e-07 0.0157541)
(4.55097e-07 -2.89487e-07 0.0159572)
(2.83538e-07 -2.56466e-07 0.0159397)
(1.14591e-07 -2.674e-07 0.0159066)
(-2.86796e-08 -3.18198e-07 0.0158642)
(4.85431e-07 -5.12853e-07 0.0160606)
(3.4555e-07 -4.72703e-07 0.016043)
(2.00268e-07 -4.50873e-07 0.0160084)
(6.58184e-08 -4.50773e-07 0.015959)
(5.18891e-07 -7.14523e-07 0.0161322)
(4.08111e-07 -6.72289e-07 0.0161169)
(2.84161e-07 -6.2681e-07 0.0160849)
(1.6006e-07 -5.76536e-07 0.016033)
(0.00431297 -0.00117625 0.00221203)
(0.000627704 0.00134456 0.00784349)
(0.000548283 0.00155791 0.00389498)
(0.000726454 -0.000182375 0.00215219)
(-0.00463442 0.00188481 0.0133804)
(-0.00710962 0.00216542 0.00389847)
(0.00340498 -0.00290892 0.0109724)
(0.00136029 0.000465305 0.012833)
(-0.000416586 0.000812358 0.00805321)
(-0.00190904 -0.0001361 0.00376058)
(0.000364259 -0.0019525 0.000727029)
(0.00145988 0.00299072 0.0048193)
(0.00141425 -0.00137644 0.00392145)
(0.00177272 -0.00215294 0.00318808)
(-0.000935958 -0.00188955 0.00286796)
(-0.00115416 0.0037843 0.00935881)
(0.00141813 -0.000652493 0.0244306)
(0.00153816 -9.59626e-05 0.0257664)
(0.00160228 -0.000562713 0.0258675)
(0.00045466 -0.00065626 0.025222)
(0.00126358 -0.000714142 0.0269736)
(0.00112613 8.04912e-05 0.0269796)
(0.000910665 4.32126e-05 0.0209755)
(0.000276939 0.000483181 0.0186435)
(0.00249245 0.000616761 0.0267146)
(0.00234986 0.000430254 0.0276924)
(0.00156264 0.00126692 0.0271172)
(0.000975305 0.00258895 0.021194)
(0.00307228 0.00059063 0.0244575)
(0.00299826 0.000427148 0.0226146)
(0.00147505 0.0011706 0.0130129)
(0.000230966 0.00290564 0.0112587)
(0.000249041 -1.69601e-05 0.0150446)
(0.000517442 0.000368607 0.0152284)
(0.000600257 0.000655902 0.0149756)
(0.000586074 0.000798327 0.0145743)
(0.000922733 -2.47344e-06 0.0161373)
(0.00135382 0.000469315 0.0153921)
(0.00124905 0.000954886 0.0143323)
(0.000894397 0.00135996 0.0139083)
(0.00145203 0.000659884 0.0157095)
(0.00185911 0.00101653 0.0150168)
(0.00150236 0.00164934 0.0137794)
(0.000882604 0.00223303 0.0124679)
(0.00175633 0.000651909 0.0141489)
(0.00209119 0.000812738 0.012951)
(0.00154673 0.00108074 0.0104216)
(0.000585456 0.00147823 0.00958392)
(0.000141543 -0.000188372 0.0161662)
(0.000216656 -3.31644e-06 0.0163272)
(0.00029836 0.000144313 0.0163973)
(0.000271683 0.000255588 0.0164175)
(0.000433673 -0.000120931 0.0161344)
(0.000652375 0.000119355 0.0159803)
(0.000707465 0.000377226 0.015718)
(0.000510329 0.000622249 0.0155536)
(0.000659206 0.000165684 0.0157317)
(0.000893726 0.00043572 0.015405)
(0.000870565 0.00074667 0.0148618)
(0.000529407 0.0010063 0.014497)
(0.000769239 5.03962e-05 0.0150687)
(0.000992128 0.000113928 0.0145035)
(0.000867805 0.000167869 0.0136287)
(0.000354256 0.00022193 0.0131529)
(-5.57348e-06 -0.000150781 0.0158346)
(8.59773e-08 -5.78188e-05 0.0158558)
(2.28732e-05 1.28278e-05 0.015833)
(3.12846e-05 4.68874e-05 0.0157458)
(0.000152461 -0.000112304 0.0158521)
(0.000210686 1.71039e-05 0.0157932)
(0.000235752 0.000141736 0.0156569)
(0.000183521 0.000244425 0.0154858)
(0.000257142 -8.15076e-05 0.0157302)
(0.000322008 5.16876e-05 0.0155894)
(0.000315707 0.000189272 0.0153405)
(0.000186611 0.000295305 0.0150838)
(0.000284912 -0.000262387 0.0155424)
(0.000352225 -0.000267051 0.0153113)
(0.000313244 -0.000274829 0.0149437)
(0.000116917 -0.000280581 0.0146297)
(-5.74023e-05 -0.000175473 0.0157549)
(-7.0062e-05 -0.000129065 0.015731)
(-6.91167e-05 -9.73157e-05 0.0156805)
(-7.01109e-05 -8.39534e-05 0.0155956)
(2.32556e-05 -0.000169346 0.0157932)
(2.65326e-05 -0.000103881 0.015744)
(3.05962e-05 -4.72251e-05 0.0156523)
(1.36275e-05 -8.61725e-06 0.0155275)
(7.53439e-05 -0.000202045 0.0157777)
(8.13887e-05 -0.000142747 0.0156932)
(7.16595e-05 -8.48843e-05 0.0155534)
(2.4346e-05 -4.43163e-05 0.0153849)
(8.59424e-05 -0.000332553 0.0157596)
(9.49206e-05 -0.000347962 0.015651)
(8.10061e-05 -0.000361926 0.0154737)
(1.73481e-05 -0.000371482 0.0152814)
(-5.99359e-05 -0.000174899 0.015764)
(-7.57559e-05 -0.000146693 0.0157118)
(-8.36328e-05 -0.000126051 0.0156375)
(-9.02837e-05 -0.000115259 0.0155393)
(-1.8882e-05 -0.000186809 0.015828)
(-3.09903e-05 -0.000151925 0.0157684)
(-3.63876e-05 -0.000122371 0.0156792)
(-4.59693e-05 -0.000103697 0.0155618)
(8.96373e-06 -0.00022269 0.0158651)
(-1.00964e-06 -0.000194724 0.0157938)
(-1.00847e-05 -0.000168034 0.0156857)
(-2.92128e-05 -0.000150193 0.0155486)
(1.69128e-05 -0.000297675 0.0159059)
(1.0944e-05 -0.000306373 0.0158336)
(6.11641e-06 -0.000313199 0.0157175)
(-1.21595e-05 -0.000317615 0.0155711)
(-4.43523e-05 -0.000150506 0.0158073)
(-5.897e-05 -0.000131253 0.0157409)
(-6.94289e-05 -0.000115395 0.0156549)
(-7.86019e-05 -0.000104784 0.0155502)
(-2.25209e-05 -0.000168009 0.015882)
(-3.73514e-05 -0.000147546 0.0158133)
(-4.65292e-05 -0.000129484 0.0157196)
(-5.54017e-05 -0.000117614 0.0156015)
(-6.35406e-06 -0.000195606 0.0159382)
(-1.93402e-05 -0.000180363 0.0158681)
(-2.82157e-05 -0.000165639 0.0157671)
(-3.85928e-05 -0.000155779 0.0156378)
(9.35038e-07 -0.000235907 0.0159922)
(-7.98488e-06 -0.000237965 0.015927)
(-1.13707e-05 -0.00023858 0.0158261)
(-1.66557e-05 -0.000238756 0.0156925)
(-2.79824e-05 -0.000118589 0.0158557)
(-3.98885e-05 -0.000104298 0.0157831)
(-4.9949e-05 -9.1525e-05 0.0156912)
(-5.91525e-05 -8.17204e-05 0.015583)
(-1.5637e-05 -0.000135848 0.0159308)
(-2.90814e-05 -0.000122457 0.0158569)
(-3.88509e-05 -0.000110004 0.0157591)
(-4.74687e-05 -0.000101168 0.0156389)
(-5.31075e-06 -0.00015557 0.0159898)
(-1.73155e-05 -0.000145827 0.015918)
(-2.58198e-05 -0.00013616 0.0158173)
(-3.35094e-05 -0.000129421 0.0156891)
(1.29563e-06 -0.00017749 0.0160411)
(-7.27283e-06 -0.000175973 0.0159747)
(-1.11503e-05 -0.000173475 0.0158757)
(-1.38478e-05 -0.000171513 0.0157446)
(-1.64055e-05 -8.94955e-05 0.0158985)
(-2.56748e-05 -7.8718e-05 0.0158234)
(-3.421e-05 -6.85796e-05 0.0157289)
(-4.22608e-05 -6.01898e-05 0.0156191)
(-8.72288e-06 -0.000104117 0.0159704)
(-1.97145e-05 -9.47173e-05 0.0158938)
(-2.8492e-05 -8.55906e-05 0.0157935)
(-3.62825e-05 -7.86419e-05 0.0156718)
(-1.55717e-06 -0.00011807 0.0160261)
(-1.15057e-05 -0.000111149 0.0159526)
(-1.9109e-05 -0.000104137 0.0158508)
(-2.56125e-05 -9.90018e-05 0.0157221)
(4.15397e-06 -0.000130607 0.0160705)
(-3.13405e-06 -0.000127781 0.0160018)
(-7.31157e-06 -0.000124328 0.0159016)
(-9.97786e-06 -0.000121706 0.01577)
(-9.18422e-06 -6.61072e-05 0.0159332)
(-1.62207e-05 -5.79711e-05 0.0158572)
(-2.30385e-05 -5.00856e-05 0.0157617)
(-2.96014e-05 -4.32774e-05 0.0156512)
(-4.0329e-06 -7.76935e-05 0.0160009)
(-1.26044e-05 -7.08508e-05 0.0159232)
(-1.98839e-05 -6.40076e-05 0.0158216)
(-2.64803e-05 -5.85202e-05 0.0156989)
(1.18808e-06 -8.76272e-05 0.0160518)
(-6.65832e-06 -8.24789e-05 0.0159773)
(-1.30777e-05 -7.71932e-05 0.0158746)
(-1.86266e-05 -7.31563e-05 0.0157451)
(5.90529e-06 -9.52769e-05 0.0160893)
(3.31724e-08 -9.23221e-05 0.0160189)
(-3.9722e-06 -8.89739e-05 0.0159172)
(-6.81415e-06 -8.64382e-05 0.0157849)
(-4.96253e-06 -4.8329e-05 0.0159598)
(-1.02223e-05 -4.22109e-05 0.0158838)
(-1.54856e-05 -3.61764e-05 0.0157881)
(-2.06217e-05 -3.08321e-05 0.0156774)
(-1.33234e-06 -5.72015e-05 0.0160238)
(-7.84939e-06 -5.21392e-05 0.0159458)
(-1.36228e-05 -4.69809e-05 0.0158436)
(-1.89587e-05 -4.26941e-05 0.0157204)
(2.55812e-06 -6.43424e-05 0.0160702)
(-3.46847e-06 -6.04579e-05 0.0159953)
(-8.67146e-06 -5.64399e-05 0.015892)
(-1.32827e-05 -5.32724e-05 0.015762)
(6.32152e-06 -6.93113e-05 0.016102)
(1.72818e-06 -6.67082e-05 0.0160306)
(-1.80477e-06 -6.38605e-05 0.0159279)
(-4.56913e-06 -6.16952e-05 0.0157949)
(-2.58222e-06 -3.51608e-05 0.0159799)
(-6.4774e-06 -3.05824e-05 0.0159041)
(-1.04585e-05 -2.60192e-05 0.0158084)
(-1.4379e-05 -2.19127e-05 0.0156977)
(4.96071e-08 -4.18303e-05 0.0160408)
(-4.83431e-06 -3.80633e-05 0.0159628)
(-9.29144e-06 -3.41806e-05 0.0158605)
(-1.34765e-05 -3.08741e-05 0.0157371)
(2.97061e-06 -4.70074e-05 0.0160835)
(-1.58719e-06 -4.4073e-05 0.0160085)
(-5.68688e-06 -4.10263e-05 0.0159049)
(-9.41028e-06 -3.8568e-05 0.0157746)
(5.90039e-06 -5.04013e-05 0.0161109)
(2.37195e-06 -4.82799e-05 0.016039)
(-5.77928e-07 -4.60066e-05 0.0159358)
(-3.05552e-06 -4.42686e-05 0.0158024)
(-1.27455e-06 -2.55255e-05 0.0159948)
(-4.14263e-06 -2.21148e-05 0.0159194)
(-7.11578e-06 -1.86941e-05 0.0158238)
(-1.00617e-05 -1.55834e-05 0.0157132)
(6.60745e-07 -3.04863e-05 0.0160533)
(-2.96762e-06 -2.76809e-05 0.0159756)
(-6.35015e-06 -2.47694e-05 0.0158732)
(-9.56489e-06 -2.22477e-05 0.0157498)
(2.85487e-06 -3.42628e-05 0.0160932)
(-5.58879e-07 -3.20535e-05 0.0160183)
(-3.72634e-06 -2.97563e-05 0.0159146)
(-6.66258e-06 -2.78709e-05 0.0157842)
(5.09728e-06 -3.66637e-05 0.0161173)
(2.41922e-06 -3.50046e-05 0.0160452)
(4.42283e-08 -3.32509e-05 0.0159417)
(-2.05243e-06 -3.19033e-05 0.0158081)
(-5.75022e-07 -1.85136e-05 0.0160058)
(-2.67885e-06 -1.59831e-05 0.0159307)
(-4.88094e-06 -1.34357e-05 0.0158353)
(-7.07168e-06 -1.11028e-05 0.0157248)
(8.56449e-07 -2.21799e-05 0.0160625)
(-1.824e-06 -2.0094e-05 0.015985)
(-4.36182e-06 -1.79204e-05 0.0158828)
(-6.79567e-06 -1.60155e-05 0.0157593)
(2.50023e-06 -2.49448e-05 0.0161002)
(-3.98037e-08 -2.32894e-05 0.0160256)
(-2.45269e-06 -2.15677e-05 0.0159219)
(-4.72601e-06 -2.01369e-05 0.0157914)
(4.19609e-06 -2.66808e-05 0.0161219)
(2.18104e-06 -2.54136e-05 0.0160498)
(3.1629e-07 -2.40877e-05 0.0159463)
(-1.38908e-06 -2.30642e-05 0.0158126)
(-2.13871e-07 -1.34198e-05 0.0160138)
(-1.75259e-06 -1.15497e-05 0.015939)
(-3.37399e-06 -9.66271e-06 0.0158437)
(-4.99126e-06 -7.92639e-06 0.0157333)
(8.46066e-07 -1.61174e-05 0.0160692)
(-1.12584e-06 -1.45709e-05 0.015992)
(-3.01417e-06 -1.29558e-05 0.0158899)
(-4.83733e-06 -1.15284e-05 0.0157665)
(2.07256e-06 -1.81446e-05 0.0161054)
(1.923e-07 -1.69104e-05 0.0160309)
(-1.62608e-06 -1.56277e-05 0.0159273)
(-3.36094e-06 -1.45517e-05 0.0157969)
(3.34362e-06 -1.94147e-05 0.0161253)
(1.83797e-06 -1.84612e-05 0.0160533)
(4.00423e-07 -1.74714e-05 0.0159498)
(-9.48049e-07 -1.67045e-05 0.0158161)
(-3.75315e-08 -9.71683e-06 0.0160197)
(-1.15958e-06 -8.34046e-06 0.0159451)
(-2.34746e-06 -6.94988e-06 0.01585)
(-3.53427e-06 -5.66602e-06 0.0157397)
(7.45721e-07 -1.16937e-05 0.0160742)
(-6.99236e-07 -1.05518e-05 0.0159972)
(-2.09465e-06 -9.35774e-06 0.0158951)
(-3.44855e-06 -8.29604e-06 0.0157718)
(1.65624e-06 -1.3179e-05 0.0161092)
(2.71089e-07 -1.2264e-05 0.0160349)
(-1.08686e-06 -1.1314e-05 0.0159313)
(-2.39496e-06 -1.05115e-05 0.015801)
(2.60168e-06 -1.41127e-05 0.0161278)
(1.48388e-06 -1.34029e-05 0.0160559)
(3.91629e-07 -1.26706e-05 0.0159525)
(-6.52059e-07 -1.21016e-05 0.0158188)
(4.02574e-08 -7.01716e-06 0.016024)
(-7.74555e-07 -6.0097e-06 0.0159496)
(-1.64003e-06 -4.99102e-06 0.0158546)
(-2.50559e-06 -4.0483e-06 0.0157443)
(6.16326e-07 -8.4588e-06 0.0160778)
(-4.3731e-07 -7.62036e-06 0.016001)
(-1.46119e-06 -6.74313e-06 0.015899)
(-2.45821e-06 -5.95967e-06 0.0157757)
(1.28785e-06 -9.54355e-06 0.0161119)
(2.73288e-07 -8.86978e-06 0.0160378)
(-7.31731e-07 -8.17092e-06 0.0159344)
(-1.70699e-06 -7.57759e-06 0.015804)
(1.9856e-06 -1.02293e-05 0.0161296)
(1.16167e-06 -9.70583e-06 0.0160579)
(3.42481e-07 -9.16853e-06 0.0159545)
(-4.51017e-07 -8.75018e-06 0.0158209)
(6.7483e-08 -5.03849e-06 0.0160271)
(-5.2017e-07 -4.3071e-06 0.0159528)
(-1.14583e-06 -3.5672e-06 0.0158579)
(-1.77193e-06 -2.88127e-06 0.0157477)
(4.87679e-07 -6.08175e-06 0.0160804)
(-2.74856e-07 -5.47147e-06 0.0160037)
(-1.0193e-06 -4.83277e-06 0.0159018)
(-1.74615e-06 -4.26042e-06 0.0157786)
(9.78279e-07 -6.86857e-06 0.0161139)
(2.41301e-07 -6.37708e-06 0.01604)
(-4.94546e-07 -5.86785e-06 0.0159366)
(-1.21265e-06 -5.43377e-06 0.0158062)
(1.48809e-06 -7.36915e-06 0.016131)
(8.86511e-07 -6.98723e-06 0.0160593)
(2.80542e-07 -6.59689e-06 0.015956)
(-3.1245e-07 -6.29242e-06 0.0158224)
(7.09237e-08 -3.57621e-06 0.0160293)
(-3.47923e-07 -3.05239e-06 0.0159551)
(-7.94576e-07 -2.52225e-06 0.0158603)
(-1.24174e-06 -2.03008e-06 0.0157501)
(3.73171e-07 -4.3214e-06 0.0160822)
(-1.71864e-07 -3.8834e-06 0.0160057)
(-7.05804e-07 -3.42491e-06 0.0159038)
(-1.22824e-06 -3.01288e-06 0.0157806)
(7.26313e-07 -4.88487e-06 0.0161154)
(1.97944e-07 -4.53159e-06 0.0160415)
(-3.32819e-07 -4.16592e-06 0.0159382)
(-8.53154e-07 -3.85314e-06 0.0158079)
(1.09321e-06 -5.2456e-06 0.016132)
(6.60105e-07 -4.97124e-06 0.0160604)
(2.19492e-07 -4.69183e-06 0.0159571)
(-2.15153e-07 -4.47351e-06 0.0158235)
(6.67324e-08 -2.48431e-06 0.0160309)
(-2.2615e-07 -2.11754e-06 0.0159568)
(-5.3871e-07 -1.74616e-06 0.0158619)
(-8.51961e-07 -1.40073e-06 0.0157518)
(2.79076e-07 -3.00494e-06 0.0160836)
(-1.02858e-07 -2.6978e-06 0.0160071)
(-4.77974e-07 -2.37618e-06 0.0159053)
(-8.45911e-07 -2.08625e-06 0.0157821)
(5.27232e-07 -3.39965e-06 0.0161164)
(1.55966e-07 -3.1517e-06 0.0160426)
(-2.18752e-07 -2.89527e-06 0.0159393)
(-5.87753e-07 -2.67514e-06 0.015809)
(7.84927e-07 -3.65395e-06 0.0161327)
(4.79401e-07 -3.46164e-06 0.0160611)
(1.66145e-07 -3.26644e-06 0.0159579)
(-1.45104e-07 -3.11361e-06 0.0158243)
(6.62534e-08 -1.66235e-06 0.016032)
(-1.33515e-07 -1.41424e-06 0.0159579)
(-3.46497e-07 -1.1628e-06 0.0158631)
(-5.59985e-07 -9.28492e-07 0.015753)
(2.10542e-07 -2.01391e-06 0.0160845)
(-5.02403e-08 -1.8059e-06 0.016008)
(-3.06836e-07 -1.588e-06 0.0159063)
(-5.59288e-07 -1.39065e-06 0.0157831)
(3.78687e-07 -2.28155e-06 0.0161171)
(1.24227e-07 -2.1137e-06 0.0160434)
(-1.33592e-07 -1.94039e-06 0.0159401)
(-3.88919e-07 -1.79083e-06 0.0158099)
(5.53086e-07 -2.45541e-06 0.0161331)
(3.42366e-07 -2.32571e-06 0.0160617)
(1.24916e-07 -2.19473e-06 0.0159584)
(-9.29513e-08 -2.09192e-06 0.0158249)
(8.36354e-08 -1.05775e-06 0.0160327)
(-5.17769e-08 -8.96962e-07 0.0159586)
(-1.93943e-07 -7.34373e-07 0.0158639)
(-3.39327e-07 -5.80286e-07 0.0157538)
(1.76083e-07 -1.28614e-06 0.0160851)
(-1.61283e-10 -1.15138e-06 0.0160087)
(-1.72465e-07 -1.01052e-06 0.0159069)
(-3.45461e-07 -8.8089e-07 0.0157838)
(2.84959e-07 -1.45992e-06 0.0161176)
(1.11772e-07 -1.35145e-06 0.0160439)
(-6.34707e-08 -1.24023e-06 0.0159406)
(-2.40375e-07 -1.1432e-06 0.0158104)
(3.97798e-07 -1.5748e-06 0.0161335)
(2.52163e-07 -1.49183e-06 0.016062)
(1.01466e-07 -1.4093e-06 0.0159588)
(-5.23668e-08 -1.34451e-06 0.0158253)
(1.11962e-07 -6.5271e-07 0.0160333)
(1.51383e-08 -5.45393e-07 0.0159592)
(-8.91792e-08 -4.35474e-07 0.0158645)
(-1.89547e-07 -3.35203e-07 0.0157544)
(1.8055e-07 -8.06387e-07 0.0160856)
(5.31654e-08 -7.14052e-07 0.0160092)
(-7.7772e-08 -6.17811e-07 0.0159075)
(-2.02295e-07 -5.31368e-07 0.0157844)
(2.54964e-07 -9.31194e-07 0.016118)
(1.24933e-07 -8.58087e-07 0.0160443)
(-1.30745e-08 -7.83831e-07 0.0159411)
(-1.45223e-07 -7.18903e-07 0.0158109)
(3.30056e-07 -1.01752e-06 0.0161337)
(2.15971e-07 -9.64421e-07 0.0160623)
(9.2573e-08 -9.12627e-07 0.0159592)
(-2.7363e-08 -8.70582e-07 0.0158257)
)
;

boundaryField
{
    inlet
    {
        type            uniformFixedValue;
        uniformValue    table
        
2
(
(0 (0 0 0.002))
(0.1 (0 0 0.02))
)
;
        value           uniform (0 0 0.0164);
    }
    outlet
    {
        type            zeroGradient;
    }
    wall
    {
        type            slip;
    }
    procBoundary1to0
    {
        type            processor;
        value           nonuniform List<vector> 
192
(
(-0.00230909 -0.000751075 0.0126319)
(-0.00222262 0.00124209 0.00501476)
(0.00100035 -0.000435066 0.00088257)
(0.000308414 -0.000161609 0.00163344)
(-0.00069626 0.00101839 0.0220565)
(-0.002022 0.00232016 0.0247516)
(-0.00187784 0.00173739 0.0268942)
(-0.00219783 0.00157257 0.0265591)
(-3.70886e-05 -0.000522698 0.0148994)
(-0.000348638 -0.000229475 0.0154285)
(-0.000431456 1.44326e-05 0.0158631)
(-0.000579644 0.000305427 0.0155235)
(0.000178507 -0.000802945 0.0153965)
(0.000104391 -0.000743453 0.0158909)
(6.6254e-05 -0.000516848 0.0162685)
(1.98468e-05 -0.000269191 0.0163386)
(0.000229363 -0.000633284 0.0156038)
(0.000201519 -0.000631816 0.0159266)
(0.000193497 -0.000533978 0.0161806)
(0.000188255 -0.000418631 0.0163077)
(0.000219488 -0.00045112 0.0157298)
(0.000210249 -0.000464333 0.015923)
(0.000212415 -0.000436329 0.0160794)
(0.000216139 -0.000394642 0.0161863)
(0.000183557 -0.000317084 0.0158547)
(0.000181161 -0.00033414 0.0159813)
(0.000183435 -0.000331631 0.0160864)
(0.000185334 -0.000318987 0.0161688)
(0.000140695 -0.00022387 0.0159507)
(0.000140175 -0.000240306 0.0160415)
(0.000140763 -0.000245636 0.0161175)
(0.000139968 -0.0002431 0.0161804)
(0.000102506 -0.000159393 0.0160184)
(0.000102324 -0.000173654 0.0160883)
(0.000101869 -0.000180646 0.0161459)
(9.99692e-05 -0.000181476 0.0161941)
(7.28884e-05 -0.000114402 0.0160657)
(7.27362e-05 -0.000126095 0.0161226)
(7.19614e-05 -0.000132657 0.016168)
(7.00145e-05 -0.000134416 0.0162051)
(5.14169e-05 -8.26352e-05 0.0160989)
(5.12811e-05 -9.18872e-05 0.0161471)
(5.05545e-05 -9.74092e-05 0.016184)
(4.89686e-05 -9.92423e-05 0.016213)
(3.62816e-05 -5.99629e-05 0.0161222)
(3.61823e-05 -6.7114e-05 0.0161645)
(3.56225e-05 -7.15305e-05 0.0161952)
(3.446e-05 -7.31531e-05 0.0162183)
(2.5695e-05 -4.36429e-05 0.0161387)
(2.56366e-05 -4.90843e-05 0.0161768)
(2.52465e-05 -5.25193e-05 0.0162032)
(2.44409e-05 -5.3861e-05 0.0162217)
(1.82779e-05 -3.18228e-05 0.0161505)
(1.8253e-05 -3.59194e-05 0.0161856)
(1.79974e-05 -3.85458e-05 0.0162087)
(1.74565e-05 -3.96163e-05 0.016224)
(1.3054e-05 -2.32241e-05 0.016159)
(1.30519e-05 -2.6285e-05 0.0161918)
(1.28916e-05 -2.82707e-05 0.0162126)
(1.25349e-05 -2.91062e-05 0.0162255)
(9.35131e-06 -1.69476e-05 0.016165)
(9.36223e-06 -1.92212e-05 0.0161963)
(9.26532e-06 -2.071e-05 0.0162154)
(9.0324e-06 -2.13525e-05 0.0162265)
(6.70929e-06 -1.23516e-05 0.0161694)
(6.72614e-06 -1.40312e-05 0.0161995)
(6.66945e-06 -1.51395e-05 0.0162174)
(6.51806e-06 -1.56279e-05 0.0162272)
(4.81063e-06 -8.97338e-06 0.0161725)
(4.82883e-06 -1.02065e-05 0.0162018)
(4.79681e-06 -1.10252e-05 0.0162188)
(4.69859e-06 -1.13925e-05 0.0162276)
(3.43517e-06 -6.47695e-06 0.0161748)
(3.45214e-06 -7.37429e-06 0.0162035)
(3.43483e-06 -7.9731e-06 0.0162198)
(3.37121e-06 -8.24582e-06 0.0162279)
(2.42996e-06 -4.61805e-06 0.0161764)
(2.44448e-06 -5.26182e-06 0.0162047)
(2.43572e-06 -5.69322e-06 0.0162205)
(2.39477e-06 -5.89203e-06 0.0162281)
(1.69122e-06 -3.22157e-06 0.0161775)
(1.70305e-06 -3.67261e-06 0.0162055)
(1.69924e-06 -3.97588e-06 0.016221)
(1.67339e-06 -4.11689e-06 0.0162282)
(1.15507e-06 -2.16909e-06 0.0161783)
(1.16485e-06 -2.47345e-06 0.0162061)
(1.16428e-06 -2.67857e-06 0.0162213)
(1.14886e-06 -2.77455e-06 0.0162283)
(7.94642e-07 -1.3965e-06 0.0161788)
(8.03912e-07 -1.59229e-06 0.0162064)
(8.06215e-07 -1.72419e-06 0.0162215)
(7.98478e-07 -1.78602e-06 0.0162284)
(6.15903e-07 -9.14924e-07 0.0161792)
(6.26361e-07 -1.04131e-06 0.0162067)
(6.31703e-07 -1.12622e-06 0.0162217)
(6.29364e-07 -1.16545e-06 0.0162284)
(-0.0111861 -0.00682359 0.00816278)
(-0.00513308 -0.00163931 0.00577624)
(0.00112386 -0.000349137 0.00463084)
(0.0120827 -0.00117533 0.000333829)
(-0.00224836 -0.00101475 0.0159241)
(-0.00178421 -0.000865067 0.0174146)
(-0.000844288 0.000121376 0.0183182)
(0.000284849 0.000334554 0.0189807)
(0.00090285 -0.000218553 0.0124454)
(0.000550584 -0.000244512 0.0128742)
(0.000325809 -0.000304799 0.0132805)
(0.000201254 -0.000488833 0.0136445)
(0.000830953 -0.000170281 0.0141497)
(0.000647485 -0.000295667 0.014222)
(0.000455761 -0.000444317 0.0144424)
(0.000294869 -0.000650255 0.0147894)
(0.000531677 -0.000121614 0.0146537)
(0.000458677 -0.00024988 0.0148097)
(0.00037055 -0.000389356 0.0150097)
(0.000286561 -0.000532737 0.0152648)
(0.000347001 -8.81698e-05 0.0150004)
(0.000317196 -0.000192166 0.0151629)
(0.000280882 -0.000296878 0.015336)
(0.000243759 -0.000389409 0.0155222)
(0.000236647 -6.36815e-05 0.0152601)
(0.00022313 -0.000140893 0.0154173)
(0.000208344 -0.000214147 0.0155687)
(0.000192787 -0.000275267 0.0157129)
(0.000162953 -4.49889e-05 0.0154393)
(0.00015622 -0.000100319 0.0155906)
(0.000150259 -0.000151329 0.0157264)
(0.000143959 -0.000193404 0.0158446)
(0.00011226 -3.14159e-05 0.0155593)
(0.000108559 -7.06301e-05 0.0157054)
(0.000106134 -0.000106547 0.0158306)
(0.000103613 -0.000136454 0.0159329)
(7.7586e-05 -2.19453e-05 0.0156402)
(7.53317e-05 -4.97593e-05 0.0157824)
(7.42854e-05 -7.53301e-05 0.0159005)
(7.32546e-05 -9.69886e-05 0.0159928)
(5.39961e-05 -1.54211e-05 0.0156952)
(5.24966e-05 -3.52503e-05 0.0158347)
(5.1981e-05 -5.36228e-05 0.0159482)
(5.15319e-05 -6.9457e-05 0.016034)
(3.78857e-05 -1.09176e-05 0.0157332)
(3.68284e-05 -2.51389e-05 0.0158709)
(3.6525e-05 -3.84275e-05 0.0159813)
(3.63079e-05 -5.00508e-05 0.0160627)
(2.67831e-05 -7.78325e-06 0.0157598)
(2.60132e-05 -1.80361e-05 0.0158962)
(2.58058e-05 -2.76895e-05 0.0160045)
(2.56876e-05 -3.62325e-05 0.016083)
(1.90517e-05 -5.58024e-06 0.0157786)
(1.84823e-05 -1.30014e-05 0.0159141)
(1.83279e-05 -2.00326e-05 0.0160209)
(1.82567e-05 -2.63108e-05 0.0160974)
(1.36164e-05 -4.01751e-06 0.015792)
(1.31928e-05 -9.40342e-06 0.0159269)
(1.30738e-05 -1.45315e-05 0.0160327)
(1.30279e-05 -1.91413e-05 0.0161077)
(9.76339e-06 -2.90009e-06 0.0158016)
(9.44807e-06 -6.81412e-06 0.0159361)
(9.35568e-06 -1.0555e-05 0.0160411)
(9.32486e-06 -1.39348e-05 0.0161151)
(7.01176e-06 -2.0954e-06 0.0158085)
(6.77757e-06 -4.93917e-06 0.0159427)
(6.70618e-06 -7.66495e-06 0.0160472)
(6.685e-06 -1.01371e-05 0.0161205)
(5.03216e-06 -1.51188e-06 0.0158135)
(4.85909e-06 -3.57313e-06 0.0159474)
(4.80445e-06 -5.55311e-06 0.0160516)
(4.78969e-06 -7.354e-06 0.0161243)
(3.59637e-06 -1.08546e-06 0.015817)
(3.46958e-06 -2.57081e-06 0.0159509)
(3.42833e-06 -3.99975e-06 0.0160547)
(3.41797e-06 -5.30225e-06 0.0161271)
(2.54549e-06 -7.70997e-07 0.0158196)
(2.45403e-06 -1.8289e-06 0.0159533)
(2.42355e-06 -2.84749e-06 0.016057)
(2.41637e-06 -3.77741e-06 0.0161291)
(1.77094e-06 -5.37009e-07 0.0158213)
(1.70688e-06 -1.27467e-06 0.015955)
(1.68526e-06 -1.98482e-06 0.0160585)
(1.68065e-06 -2.63383e-06 0.0161304)
(1.20471e-06 -3.62842e-07 0.0158226)
(1.16234e-06 -8.59565e-07 0.0159562)
(1.14838e-06 -1.33676e-06 0.0160596)
(1.14642e-06 -1.77328e-06 0.0161314)
(8.16219e-07 -2.38499e-07 0.0158234)
(7.9131e-07 -5.58631e-07 0.0159569)
(7.84527e-07 -8.63107e-07 0.0160603)
(7.86014e-07 -1.14271e-06 0.016132)
(6.11649e-07 -1.57463e-07 0.015824)
(6.02051e-07 -3.64701e-07 0.0159575)
(6.01296e-07 -5.69623e-07 0.0160608)
(6.06014e-07 -7.52849e-07 0.0161325)
)
;
    }
    procBoundary1to3
    {
        type            processor;
        value           nonuniform List<vector> 
192
(
(0.00477354 -0.00240617 0.00803116)
(0.00124568 -0.0016007 0.00365384)
(-0.000191118 -0.00123422 0.00328684)
(0.00210405 -0.00113699 0.00361055)
(-0.000819091 0.000812504 0.0239119)
(0.00047746 0.00127462 0.0269377)
(0.000993512 0.00182836 0.0253793)
(0.00175446 0.000878764 0.024024)
(-0.000383101 0.00022862 0.0154125)
(0.000102585 0.000305691 0.0155231)
(0.000538661 0.00037803 0.0147441)
(0.000823616 0.000126255 0.0138741)
(3.384e-05 -0.000177626 0.0161727)
(0.00017782 -0.000189401 0.0159528)
(0.000320973 -0.000213123 0.0155733)
(0.000343091 -0.000319889 0.0152201)
(0.000183106 -0.00033853 0.0161973)
(0.000195097 -0.000349253 0.0160202)
(0.000186655 -0.000382243 0.0158355)
(0.000130667 -0.000462619 0.0157097)
(0.000195662 -0.000352487 0.0161395)
(0.000160548 -0.000358966 0.0160291)
(0.000108012 -0.000380262 0.0159404)
(4.58859e-05 -0.000428136 0.0158949)
(0.000158941 -0.000303063 0.0161575)
(0.000118002 -0.000307695 0.016091)
(6.73518e-05 -0.000318748 0.0160435)
(1.86471e-05 -0.000341814 0.0160187)
(0.000115803 -0.000238112 0.0161855)
(8.43119e-05 -0.000242007 0.0161441)
(4.76915e-05 -0.000247501 0.0161127)
(1.45197e-05 -0.000257023 0.0160895)
(8.19028e-05 -0.000180467 0.016205)
(6.09604e-05 -0.00018326 0.0161774)
(3.72588e-05 -0.000185643 0.0161527)
(1.60236e-05 -0.000188676 0.0161271)
(5.77883e-05 -0.000134585 0.0162169)
(4.47644e-05 -0.000136379 0.016197)
(3.01264e-05 -0.000137139 0.0161754)
(1.68193e-05 -0.000137349 0.0161477)
(4.11141e-05 -9.96308e-05 0.0162235)
(3.32369e-05 -0.000100688 0.0162081)
(2.43102e-05 -0.000100666 0.0161882)
(1.59436e-05 -9.9814e-05 0.0161595)
(2.95513e-05 -7.34871e-05 0.0162269)
(2.48195e-05 -7.40604e-05 0.0162143)
(1.93432e-05 -7.37113e-05 0.0161956)
(1.39972e-05 -7.25869e-05 0.0161665)
(2.14182e-05 -5.40937e-05 0.0162285)
(1.85649e-05 -5.43736e-05 0.0162178)
(1.5155e-05 -5.39269e-05 0.0162)
(1.16669e-05 -5.28525e-05 0.016171)
(1.56103e-05 -3.9764e-05 0.0162292)
(1.38745e-05 -3.98768e-05 0.0162197)
(1.17122e-05 -3.94399e-05 0.0162027)
(9.38907e-06 -3.85251e-05 0.0161739)
(1.14123e-05 -2.91953e-05 0.0162295)
(1.03447e-05 -2.92191e-05 0.0162209)
(8.94813e-06 -2.88356e-05 0.0162045)
(7.37273e-06 -2.8099e-05 0.016176)
(8.35151e-06 -2.14046e-05 0.0162295)
(7.68707e-06 -2.13851e-05 0.0162215)
(6.76976e-06 -2.10673e-05 0.0162056)
(5.68571e-06 -2.04928e-05 0.0161774)
(6.10591e-06 -1.56576e-05 0.0162294)
(5.68738e-06 -1.56206e-05 0.0162219)
(5.0761e-06 -1.53667e-05 0.0162064)
(4.32205e-06 -1.49277e-05 0.0161784)
(4.44963e-06 -1.1409e-05 0.0162293)
(4.18302e-06 -1.13682e-05 0.0162221)
(3.77114e-06 -1.11708e-05 0.0162069)
(3.24316e-06 -1.08405e-05 0.0161791)
(3.22118e-06 -8.25474e-06 0.0162291)
(3.04991e-06 -8.21708e-06 0.0162223)
(2.77056e-06 -8.06692e-06 0.0162072)
(2.40031e-06 -7.82224e-06 0.0161797)
(2.30466e-06 -5.8969e-06 0.016229)
(2.19427e-06 -5.8652e-06 0.0162224)
(2.00477e-06 -5.7538e-06 0.0162075)
(1.74644e-06 -5.57589e-06 0.0161801)
(1.6197e-06 -4.11961e-06 0.016229)
(1.54875e-06 -4.09475e-06 0.0162224)
(1.42113e-06 -4.01465e-06 0.0162077)
(1.24313e-06 -3.88876e-06 0.0161803)
(1.11758e-06 -2.77596e-06 0.0162289)
(1.07207e-06 -2.75766e-06 0.0162225)
(9.86856e-07 -2.70245e-06 0.0162078)
(8.65862e-07 -2.6169e-06 0.0161805)
(7.81069e-07 -1.78619e-06 0.0162289)
(7.50753e-07 -1.77346e-06 0.0162225)
(6.92372e-07 -1.73734e-06 0.0162079)
(6.0847e-07 -1.68228e-06 0.0161807)
(6.19544e-07 -1.16404e-06 0.0162288)
(5.95727e-07 -1.15509e-06 0.0162225)
(5.49413e-07 -1.13119e-06 0.016208)
(4.83132e-07 -1.0958e-06 0.0161808)
(0.00198475 -0.000617011 0.00373579)
(0.000186507 0.00195875 0.00632408)
(0.00118267 0.00569332 0.00967668)
(-0.00295027 0.0305982 0.00580653)
(0.00175008 0.000809991 0.023161)
(0.00112225 0.00167385 0.0204193)
(0.000703377 0.003361 0.0174984)
(-0.00030951 0.00663121 0.0169199)
(0.000941036 -1.19653e-05 0.0136379)
(0.00087168 -0.00012407 0.0133577)
(0.000511446 -0.00024363 0.0128302)
(0.000171369 -0.000377014 0.0125126)
(0.000339718 -0.000500607 0.0151167)
(0.000363314 -0.000805823 0.0150537)
(0.000333574 -0.00117724 0.014924)
(0.000242107 -0.00147372 0.0148635)
(8.90277e-05 -0.000606997 0.0156945)
(9.49996e-05 -0.000822037 0.0157066)
(0.000125318 -0.00105505 0.0156585)
(0.000142794 -0.00122722 0.0155521)
(6.55649e-06 -0.000510682 0.0158961)
(4.67691e-06 -0.000622359 0.0159045)
(3.51692e-05 -0.00073264 0.0158663)
(7.38418e-05 -0.000811225 0.0157669)
(-1.08117e-05 -0.000380538 0.016009)
(-1.41366e-05 -0.00042976 0.0159924)
(7.47876e-06 -0.000474732 0.0159367)
(3.91231e-05 -0.000505229 0.0158305)
(-5.72168e-06 -0.000272486 0.0160656)
(-9.51538e-06 -0.000290966 0.0160269)
(2.64875e-06 -0.000306132 0.0159527)
(2.26424e-05 -0.000315477 0.0158363)
(2.53162e-06 -0.000193433 0.0160927)
(-1.34727e-06 -0.000198554 0.0160392)
(4.08148e-06 -0.00020158 0.0159521)
(1.47801e-05 -0.000202745 0.0158283)
(7.83581e-06 -0.000137697 0.0161069)
(4.22618e-06 -0.000137659 0.0160447)
(5.79535e-06 -0.000136398 0.0159499)
(1.06117e-05 -0.00013491 0.0158215)
(9.88219e-06 -9.86185e-05 0.0161152)
(6.74594e-06 -9.69414e-05 0.0160481)
(6.41935e-06 -9.45771e-05 0.0159491)
(7.9943e-06 -9.25644e-05 0.015818)
(9.83368e-06 -7.10488e-05 0.0161205)
(7.23497e-06 -6.91154e-05 0.0160509)
(6.13724e-06 -6.68043e-05 0.0159496)
(6.11922e-06 -6.49842e-05 0.0158171)
(8.75841e-06 -5.14235e-05 0.0161241)
(6.67377e-06 -4.97097e-05 0.0160533)
(5.38031e-06 -4.77918e-05 0.0159508)
(4.68712e-06 -4.63386e-05 0.0158176)
(7.32966e-06 -3.73392e-05 0.0161268)
(5.69482e-06 -3.59597e-05 0.0160554)
(4.46964e-06 -3.4472e-05 0.0159524)
(3.57209e-06 -3.33724e-05 0.0158188)
(5.90014e-06 -2.71657e-05 0.0161288)
(4.63893e-06 -2.61043e-05 0.0160572)
(3.58381e-06 -2.49875e-05 0.0159539)
(2.70399e-06 -2.41766e-05 0.0158203)
(4.62598e-06 -1.97789e-05 0.0161303)
(3.66529e-06 -1.89818e-05 0.0160587)
(2.80323e-06 -1.81577e-05 0.0159553)
(2.03256e-06 -1.75676e-05 0.0158216)
(3.55696e-06 -1.43912e-05 0.0161315)
(2.83303e-06 -1.3801e-05 0.0160598)
(2.15207e-06 -1.31991e-05 0.0159565)
(1.51695e-06 -1.27728e-05 0.0158228)
(2.69083e-06 -1.04426e-05 0.0161323)
(2.15102e-06 -1.00101e-05 0.0160607)
(1.62626e-06 -9.57376e-06 0.0159574)
(1.12308e-06 -9.26748e-06 0.0158238)
(2.00326e-06 -7.53088e-06 0.016133)
(1.60558e-06 -7.21739e-06 0.0160614)
(1.20978e-06 -6.90377e-06 0.0159581)
(8.22929e-07 -6.68523e-06 0.0158245)
(1.4638e-06 -5.3661e-06 0.0161335)
(1.17545e-06 -5.14224e-06 0.016062)
(8.83465e-07 -4.91985e-06 0.0159587)
(5.94028e-07 -4.76577e-06 0.0158251)
(1.04509e-06 -3.74156e-06 0.0161338)
(8.40277e-07 -3.58559e-06 0.0160623)
(6.30101e-07 -3.43163e-06 0.0159591)
(4.19294e-07 -3.32545e-06 0.0158256)
(7.28991e-07 -2.51771e-06 0.016134)
(5.86038e-07 -2.41348e-06 0.0160626)
(4.3774e-07 -2.31152e-06 0.0159594)
(2.87171e-07 -2.24166e-06 0.0158259)
(5.11415e-07 -1.6192e-06 0.0161342)
(4.09501e-07 -1.55405e-06 0.0160628)
(3.03087e-07 -1.49178e-06 0.0159596)
(1.92795e-07 -1.45006e-06 0.0158261)
(4.04109e-07 -1.0564e-06 0.0161344)
(3.19064e-07 -1.01819e-06 0.016063)
(2.26251e-07 -9.83128e-07 0.0159598)
(1.34448e-07 -9.5848e-07 0.0158263)
)
;
    }
}


// ************************************************************************* //
