FoamFile
{version 2.0; format ascii;class vectorField; location 0;object  v;}
29
(
( -0.0106887 -0.011824 -0.00309514 )  
( -7.6591e-07 1.29732e-06 -4.46154e-08 )  
( 4.48111e-08 1.90549e-07 2.19549e-07 )  
( 0.00825304 -0.0109942 -0.00283105 )  
( -0.00078508 0.00219212 2.10361e-05 )  
( 0.00089745 -0.00697679 -0.00028279 )  
( 0.0116557 -0.0204878 -0.00483303 )  
( 0.00139091 0.0167611 -0.00885142 )  
( 0.00275925 -7.61197e-05 -0.0017919 )  
( -0.0022724 -0.00312595 -4.50972e-05 )  
( -0.00929785 0.00384507 -0.000841921 )  
( 0.01169 0.00097762 -0.00439084 )  
( -0.0131999 0.00121648 -7.91766e-06 )  
( 0.000529205 0.00349678 -2.40847e-05 )  
( -0.0172516 -0.0111033 0.0080923 )  
( -0.00177243 -0.00261301 -0.00026789 )  
( -1.24566e-07 1.13321e-06 1.6499e-07 )  
( 0.00470205 0.0138289 -0.000696014 )  
( 0.0160221 -0.000404774 -0.00516449 )  
( 0.00925158 -0.00496043 -0.00069495 )  
( 0.00398831 0.0170152 -0.00454067 )  
( -0.00128425 -0.002795 -0.000277698 )  
( -0.000373793 0.00473446 0.000322977 )  
( -0.00979694 -0.0149017 0.00292381 )  
( 0.00072892 0.00169599 2.73048e-05 )  
( 0.00209367 0.000375023 5.63977e-05 )  
( -0.00120144 -0.00347586 6.68079e-06 )  
( -0.00388417 0.00680637 0.00283513 )  
( -0.00302562 -0.000229755 -0.00028665 )  
)
