/*--------------------------------*- C++ -*----------------------------------*\
  =========                 |
  \\      /  F ield         | OpenFOAM: The Open Source CFD Toolbox
   \\    /   O peration     | Website:  https://openfoam.org
    \\  /    A nd           | Version:  6
     \\/     M anipulation  |
\*---------------------------------------------------------------------------*/
FoamFile
{
    version     2.0;
    format      ascii;
    class       volVectorField;
    location    "0.07";
    object      stored_U;
}
// * * * * * * * * * * * * * * * * * * * * * * * * * * * * * * * * * * * * * //

dimensions      [0 1 -1 0 0 0 0];

internalField   nonuniform List<vector> 
1152
(
(-0.00252938 0.00259786 0.000316748)
(0.000949794 -0.000133553 0.0102662)
(0.00354773 0.0105726 -0.00273569)
(-0.000703558 0.00484741 0.0013298)
(-0.000820439 -0.000134826 0.00617138)
(-0.00141198 -0.00146942 0.0117521)
(0.00316329 0.0109232 0.000179176)
(-0.000619284 0.00321575 0.00695022)
(0.00647611 -0.000226297 0.0128156)
(-0.00111834 -0.00216688 0.0137066)
(-0.00139473 0.00392783 0.00924777)
(0.00445332 0.0028458 0.00554028)
(0.00525993 -0.000901993 0.0123073)
(0.000525213 -0.00605813 0.0135037)
(-0.000102053 -0.00143388 0.0132238)
(0.00510177 -0.00307582 0.00838356)
(-0.000519159 -0.000494665 0.0177166)
(2.73625e-05 -0.00143311 0.01641)
(0.00065515 -0.000860086 0.0157695)
(0.00018159 -0.00189277 0.0190037)
(-0.00109416 -0.00125123 0.0191779)
(-0.000585374 -0.00216116 0.0178962)
(-0.000105123 -0.00193128 0.018702)
(-0.000379227 -0.00234621 0.0218218)
(-0.000763197 -0.000230496 0.0204776)
(-0.000489382 -0.00103425 0.0188727)
(0.00027774 -0.00104469 0.0196442)
(0.00104432 -0.000337481 0.0221489)
(-0.00134484 0.0015013 0.0206281)
(-0.000439798 0.000830144 0.0196545)
(0.000913747 0.000747355 0.0189304)
(0.00220096 0.000925774 0.0191843)
(0.00030365 -0.0011453 0.0126993)
(0.000182412 -0.00125916 0.0128122)
(-0.000103949 -0.000947417 0.0123082)
(-0.000471052 -0.000576077 0.0127033)
(0.000267637 -0.00114183 0.0134654)
(0.000231877 -0.0012135 0.0134511)
(3.22367e-05 -0.00107337 0.0130751)
(-0.000135316 -0.000644419 0.0135155)
(0.000295052 -0.000591622 0.0140229)
(0.000383376 -0.000674343 0.0137381)
(0.000398208 -0.000612373 0.013259)
(0.000372355 -9.47518e-05 0.0130532)
(9.15072e-05 7.31317e-05 0.0137817)
(0.000370046 -5.44564e-05 0.0134522)
(0.000645505 -0.000133207 0.0127243)
(0.000742845 7.7022e-05 0.011924)
(0.000365833 -0.000896149 0.0135437)
(0.000260546 -0.000823884 0.0135757)
(6.87965e-05 -0.000615357 0.013584)
(-8.07282e-05 -0.000354072 0.013908)
(0.000424665 -0.000809032 0.0139551)
(0.000362705 -0.000679657 0.0138605)
(0.000223152 -0.000491458 0.0137253)
(0.000117825 -0.000222734 0.0138517)
(0.000489863 -0.00058683 0.0142014)
(0.000471837 -0.000488593 0.0139405)
(0.000386476 -0.000354291 0.0136452)
(0.000279708 -0.000129411 0.0135045)
(0.000461975 -0.000383368 0.014208)
(0.000490903 -0.000380866 0.013853)
(0.000460762 -0.000368928 0.0134429)
(0.000342101 -0.000310471 0.0131168)
(0.000276788 -0.000610722 0.0137655)
(0.000161023 -0.000536075 0.0137346)
(1.68987e-05 -0.000403827 0.0137604)
(-8.95689e-05 -0.000248824 0.0138805)
(0.000329373 -0.000572104 0.0140005)
(0.000246645 -0.000466137 0.013905)
(0.000134958 -0.000333183 0.013851)
(4.3688e-05 -0.000186286 0.0138803)
(0.000387775 -0.000500643 0.014144)
(0.000324024 -0.000414492 0.0139663)
(0.000227967 -0.000320249 0.0138302)
(0.000127562 -0.000223382 0.0137703)
(0.00040804 -0.000444352 0.0142134)
(0.000353148 -0.000416945 0.0139821)
(0.000258548 -0.000399609 0.0137917)
(0.000136364 -0.000399482 0.0136829)
(0.000216773 -0.000425869 0.0139075)
(0.000112611 -0.000381607 0.0138713)
(3.58664e-06 -0.000314138 0.0138796)
(-7.5962e-05 -0.000241531 0.0139245)
(0.000251265 -0.000422009 0.0140559)
(0.000165966 -0.000364522 0.013989)
(7.18078e-05 -0.000295875 0.0139591)
(-3.65375e-06 -0.000228032 0.0139645)
(0.000287855 -0.000404909 0.0141581)
(0.000212127 -0.00035879 0.0140541)
(0.000122687 -0.000311989 0.0139867)
(4.09538e-05 -0.000272808 0.0139582)
(0.000308151 -0.000391304 0.0142316)
(0.000232699 -0.000374311 0.0141016)
(0.000137638 -0.000367013 0.0140122)
(4.23373e-05 -0.00037658 0.0139726)
(0.000169337 -0.000301212 0.0140478)
(9.08007e-05 -0.000277924 0.0140125)
(1.26114e-05 -0.000245791 0.0140009)
(-4.60656e-05 -0.000213145 0.0140018)
(0.000189424 -0.000311708 0.0141522)
(0.000120285 -0.000284039 0.0141033)
(4.85369e-05 -0.000252008 0.0140767)
(-8.84812e-06 -0.000221969 0.0140654)
(0.000208853 -0.000312955 0.0142327)
(0.000144726 -0.000292126 0.0141679)
(7.47333e-05 -0.000271461 0.0141265)
(1.42238e-05 -0.000255645 0.0141045)
(0.000219218 -0.000310865 0.0142993)
(0.000155416 -0.000304708 0.0142235)
(8.2193e-05 -0.000303072 0.0141748)
(1.52059e-05 -0.000309807 0.0141523)
(0.000127847 -0.000214359 0.0141582)
(7.44692e-05 -0.000202049 0.0141265)
(2.15657e-05 -0.000186305 0.0141044)
(-2.0003e-05 -0.000170863 0.0140825)
(0.000138849 -0.000228787 0.0142367)
(9.01922e-05 -0.000215682 0.0141999)
(4.03337e-05 -0.000200633 0.0141739)
(-4.09055e-07 -0.000186615 0.0141521)
(0.000148208 -0.000235426 0.0143006)
(0.000102495 -0.000226616 0.0142577)
(5.38257e-05 -0.000217479 0.0142273)
(1.21396e-05 -0.000210207 0.0142044)
(0.000152151 -0.000236378 0.014356)
(0.000107386 -0.000235143 0.0143091)
(5.78897e-05 -0.000235154 0.0142772)
(1.38542e-05 -0.00023807 0.0142565)
(9.39206e-05 -0.000153391 0.0142372)
(5.92199e-05 -0.000146484 0.01421)
(2.44017e-05 -0.000138037 0.0141836)
(-4.25177e-06 -0.000129796 0.0141504)
(9.9935e-05 -0.000167262 0.014299)
(6.78468e-05 -0.000160724 0.0142708)
(3.47799e-05 -0.000153028 0.0142457)
(6.95234e-06 -0.000145563 0.014218)
(0.000104318 -0.000174713 0.0143498)
(7.41989e-05 -0.000170911 0.0143199)
(4.22504e-05 -0.000166381 0.0142949)
(1.45913e-05 -0.000162103 0.01427)
(0.000105416 -0.000176433 0.0143939)
(7.65101e-05 -0.000176691 0.0143631)
(4.49721e-05 -0.000176682 0.0143387)
(1.69035e-05 -0.000177059 0.0143164)
(6.80822e-05 -0.000110321 0.0142926)
(4.57755e-05 -0.00010614 0.0142696)
(2.29814e-05 -0.00010109 0.0142422)
(3.44874e-06 -9.60588e-05 0.0142036)
(7.15091e-05 -0.000122074 0.0143431)
(5.08197e-05 -0.00011849 0.0143209)
(2.92154e-05 -0.000114047 0.0142971)
(1.04806e-05 -0.000109431 0.0142665)
(7.36457e-05 -0.000128774 0.0143837)
(5.43845e-05 -0.000126941 0.0143618)
(3.38173e-05 -0.000124253 0.0143401)
(1.56643e-05 -0.000121161 0.0143137)
(7.37711e-05 -0.000130592 0.0144183)
(5.56979e-05 -0.00013103 0.0143966)
(3.59748e-05 -0.000130673 0.0143761)
(1.81497e-05 -0.000129777 0.0143524)
(4.9143e-05 -7.96581e-05 0.0143313)
(3.47255e-05 -7.69341e-05 0.0143117)
(1.96987e-05 -7.36097e-05 0.0142845)
(6.3844e-06 -7.01853e-05 0.0142437)
(5.12317e-05 -8.90338e-05 0.0143739)
(3.79091e-05 -8.68422e-05 0.014356)
(2.37631e-05 -8.39573e-05 0.0143335)
(1.1149e-05 -8.07535e-05 0.0143016)
(5.23914e-05 -9.45698e-05 0.0144068)
(4.01417e-05 -9.35065e-05 0.0143899)
(2.68912e-05 -9.16345e-05 0.0143703)
(1.49229e-05 -8.91821e-05 0.0143434)
(5.23008e-05 -9.62531e-05 0.0144337)
(4.10793e-05 -9.65192e-05 0.0144175)
(2.87116e-05 -9.59157e-05 0.0143994)
(1.726e-05 -9.45566e-05 0.014375)
(3.54753e-05 -5.7679e-05 0.0143585)
(2.60456e-05 -5.57953e-05 0.0143414)
(1.60243e-05 -5.34528e-05 0.014315)
(6.90034e-06 -5.09625e-05 0.0142732)
(3.68446e-05 -6.49227e-05 0.0143954)
(2.8197e-05 -6.34457e-05 0.0143805)
(1.8845e-05 -6.14073e-05 0.0143592)
(1.0293e-05 -5.90346e-05 0.0143268)
(3.75722e-05 -6.93127e-05 0.0144225)
(2.97373e-05 -6.85724e-05 0.014409)
(2.1115e-05 -6.71444e-05 0.0143909)
(1.31332e-05 -6.51603e-05 0.0143638)
(3.7506e-05 -7.07777e-05 0.0144435)
(3.05038e-05 -7.08518e-05 0.0144308)
(2.26501e-05 -7.01578e-05 0.0144143)
(1.51604e-05 -6.8759e-05 0.0143897)
(2.56501e-05 -4.18446e-05 0.0143775)
(1.93995e-05 -4.04867e-05 0.0143624)
(1.26333e-05 -3.87682e-05 0.0143368)
(6.33426e-06 -3.68977e-05 0.0142948)
(2.66043e-05 -4.73405e-05 0.0144103)
(2.09272e-05 -4.62754e-05 0.0143976)
(1.46699e-05 -4.47639e-05 0.0143774)
(8.81729e-06 -4.2957e-05 0.014345)
(2.71224e-05 -5.07437e-05 0.0144332)
(2.20592e-05 -5.01677e-05 0.014422)
(1.63736e-05 -4.90402e-05 0.0144051)
(1.09784e-05 -4.74473e-05 0.0143782)
(2.71247e-05 -5.19713e-05 0.0144499)
(2.27104e-05 -5.19158e-05 0.0144395)
(1.76417e-05 -5.12395e-05 0.0144242)
(1.26503e-05 -4.99868e-05 0.0143998)
(1.85798e-05 -3.0396e-05 0.014391)
(1.43827e-05 -2.93924e-05 0.0143773)
(9.76123e-06 -2.8106e-05 0.0143524)
(5.3791e-06 -2.66842e-05 0.0143105)
(1.92731e-05 -3.45207e-05 0.0144209)
(1.55008e-05 -3.37229e-05 0.0144097)
(1.12636e-05 -3.25772e-05 0.0143903)
(7.22002e-06 -3.11906e-05 0.0143581)
(1.96708e-05 -3.71225e-05 0.0144406)
(1.63598e-05 -3.66552e-05 0.014431)
(1.25592e-05 -3.57606e-05 0.014415)
(8.86508e-06 -3.45002e-05 0.0143884)
(1.9726e-05 -3.81243e-05 0.014454)
(1.69088e-05 -3.80018e-05 0.0144452)
(1.35832e-05 -3.73996e-05 0.0144309)
(1.01993e-05 -3.63529e-05 0.0144068)
(1.34777e-05 -2.20955e-05 0.0144006)
(1.06265e-05 -2.13443e-05 0.0143879)
(7.4379e-06 -2.0374e-05 0.0143636)
(4.36788e-06 -1.92919e-05 0.0143219)
(1.39933e-05 -2.51695e-05 0.0144283)
(1.14578e-05 -2.45618e-05 0.0144182)
(8.55684e-06 -2.36875e-05 0.0143995)
(5.73895e-06 -2.26254e-05 0.0143676)
(1.43082e-05 -2.71399e-05 0.0144457)
(1.21171e-05 -2.67592e-05 0.0144372)
(9.54405e-06 -2.60542e-05 0.0144221)
(6.98603e-06 -2.50716e-05 0.0143958)
(1.43909e-05 -2.79408e-05 0.0144568)
(1.25703e-05 -2.77951e-05 0.0144491)
(1.03545e-05 -2.72878e-05 0.0144356)
(8.02693e-06 -2.64479e-05 0.0144119)
(9.78312e-06 -1.60623e-05 0.0144075)
(7.82703e-06 -1.54976e-05 0.0143955)
(5.60857e-06 -1.47653e-05 0.0143717)
(3.44523e-06 -1.3945e-05 0.0143302)
(1.01707e-05 -1.83412e-05 0.0144336)
(8.44868e-06 -1.78764e-05 0.0144243)
(6.44396e-06 -1.72103e-05 0.0144062)
(4.46615e-06 -1.64016e-05 0.0143745)
(1.04209e-05 -1.98227e-05 0.0144493)
(8.95477e-06 -1.95158e-05 0.0144417)
(7.1935e-06 -1.89665e-05 0.0144271)
(5.40595e-06 -1.82105e-05 0.0144011)
(1.05114e-05 -2.04521e-05 0.0144586)
(9.32054e-06 -2.03089e-05 0.0144518)
(7.82419e-06 -1.98972e-05 0.0144389)
(6.20481e-06 -1.92407e-05 0.0144155)
(7.09746e-06 -1.16644e-05 0.0144124)
(5.74489e-06 -1.12403e-05 0.014401)
(4.19178e-06 -1.06899e-05 0.0143775)
(2.66104e-06 -1.0072e-05 0.0143362)
(7.38923e-06 -1.33457e-05 0.0144374)
(6.20962e-06 -1.29915e-05 0.0144287)
(4.81418e-06 -1.24868e-05 0.0144109)
(3.41885e-06 -1.18759e-05 0.0143795)
(7.58651e-06 -1.44521e-05 0.0144519)
(6.59588e-06 -1.42088e-05 0.0144448)
(5.37963e-06 -1.3786e-05 0.0144307)
(4.12223e-06 -1.32113e-05 0.0144049)
(7.67245e-06 -1.49395e-05 0.0144599)
(6.88501e-06 -1.48119e-05 0.0144537)
(5.86336e-06 -1.44866e-05 0.0144412)
(4.72736e-06 -1.39831e-05 0.0144181)
(5.1359e-06 -8.44608e-06 0.0144159)
(4.19596e-06 -8.12947e-06 0.0144049)
(3.10494e-06 -7.7186e-06 0.0143817)
(2.02008e-06 -7.25724e-06 0.0143406)
(5.35456e-06 -9.67936e-06 0.0144401)
(4.54168e-06 -9.41155e-06 0.0144318)
(3.5661e-06 -9.03257e-06 0.0144144)
(2.57934e-06 -8.5755e-06 0.0143831)
(5.50796e-06 -1.04994e-05 0.0144537)
(4.83368e-06 -1.03099e-05 0.0144471)
(3.98899e-06 -9.98881e-06 0.0144332)
(3.10148e-06 -9.55713e-06 0.0144077)
(5.58317e-06 -1.08716e-05 0.0144608)
(5.05781e-06 -1.07644e-05 0.014455)
(4.3549e-06 -1.05131e-05 0.0144429)
(3.55441e-06 -1.01328e-05 0.01442)
(3.69417e-06 -6.07745e-06 0.0144184)
(3.0405e-06 -5.8434e-06 0.0144077)
(2.27469e-06 -5.54003e-06 0.0143847)
(1.50763e-06 -5.1996e-06 0.0143437)
(3.85642e-06 -6.97423e-06 0.0144421)
(3.29522e-06 -6.7743e-06 0.0144341)
(2.61314e-06 -6.49316e-06 0.0144168)
(1.91654e-06 -6.15539e-06 0.0143858)
(3.97355e-06 -7.57581e-06 0.014455)
(3.51307e-06 -7.43114e-06 0.0144487)
(2.92569e-06 -7.19099e-06 0.0144351)
(2.29992e-06 -6.87119e-06 0.0144098)
(4.03574e-06 -7.8556e-06 0.0144614)
(3.68334e-06 -7.76953e-06 0.014456)
(3.19831e-06 -7.57923e-06 0.0144441)
(2.63443e-06 -7.29658e-06 0.0144214)
(2.62572e-06 -4.31924e-06 0.0144202)
(2.17388e-06 -4.14901e-06 0.0144097)
(1.64037e-06 -3.92875e-06 0.0143869)
(1.10277e-06 -3.68187e-06 0.0143459)
(2.74409e-06 -4.96195e-06 0.0144434)
(2.35857e-06 -4.81544e-06 0.0144357)
(1.88488e-06 -4.61059e-06 0.0144186)
(1.39721e-06 -4.36536e-06 0.0143876)
(2.83145e-06 -5.39622e-06 0.0144559)
(2.51806e-06 -5.28846e-06 0.0144498)
(2.11191e-06 -5.11243e-06 0.0144364)
(1.67413e-06 -4.87988e-06 0.0144112)
(2.88048e-06 -5.60224e-06 0.0144618)
(2.64435e-06 -5.5358e-06 0.0144566)
(2.31107e-06 -5.39516e-06 0.0144449)
(1.9168e-06 -5.1892e-06 0.0144224)
(1.82759e-06 -3.00032e-06 0.0144214)
(1.52055e-06 -2.87963e-06 0.0144111)
(1.15559e-06 -2.72385e-06 0.0143884)
(7.85902e-07 -2.54954e-06 0.0143475)
(1.91172e-06 -3.44969e-06 0.0144444)
(1.65104e-06 -3.34523e-06 0.0144368)
(1.32774e-06 -3.19997e-06 0.0144198)
(9.92532e-07 -3.02668e-06 0.014389)
(1.97486e-06 -3.75509e-06 0.0144565)
(1.7646e-06 -3.67734e-06 0.0144506)
(1.48828e-06 -3.55198e-06 0.0144373)
(1.18743e-06 -3.38751e-06 0.0144122)
(2.01174e-06 -3.90228e-06 0.0144621)
(1.85534e-06 -3.85313e-06 0.0144571)
(1.62971e-06 -3.75242e-06 0.0144455)
(1.35882e-06 -3.6066e-06 0.0144231)
(1.23358e-06 -2.00509e-06 0.0144223)
(1.03147e-06 -1.92236e-06 0.0144121)
(7.89627e-07 -1.81608e-06 0.0143894)
(5.43091e-07 -1.69736e-06 0.0143486)
(1.29142e-06 -2.30698e-06 0.014445)
(1.12043e-06 -2.23512e-06 0.0144375)
(9.06474e-07 -2.13587e-06 0.0144207)
(6.82759e-07 -2.01792e-06 0.0143899)
(1.33545e-06 -2.51317e-06 0.0144569)
(1.19833e-06 -2.4592e-06 0.0144512)
(1.01577e-06 -2.37333e-06 0.014438)
(8.14843e-07 -2.26151e-06 0.0144129)
(1.36199e-06 -2.61391e-06 0.0144623)
(1.26095e-06 -2.57914e-06 0.0144574)
(1.11232e-06 -2.50998e-06 0.0144459)
(9.31423e-07 -2.4109e-06 0.0144236)
(8.12744e-07 -1.26738e-06 0.0144228)
(6.85909e-07 -1.21234e-06 0.0144127)
(5.32724e-07 -1.14313e-06 0.0143901)
(3.74441e-07 -1.06704e-06 0.0143493)
(8.51536e-07 -1.45946e-06 0.0144454)
(7.44115e-07 -1.41156e-06 0.014438)
(6.07981e-07 -1.34666e-06 0.0144212)
(4.62976e-07 -1.27058e-06 0.0143904)
(8.81636e-07 -1.59127e-06 0.0144572)
(7.95539e-07 -1.55491e-06 0.0144515)
(6.78969e-07 -1.49861e-06 0.0144384)
(5.47953e-07 -1.42645e-06 0.0144134)
(9.00452e-07 -1.65672e-06 0.0144624)
(8.37141e-07 -1.63286e-06 0.0144576)
(7.4195e-07 -1.58746e-06 0.0144462)
(6.23907e-07 -1.52365e-06 0.0144239)
(5.57445e-07 -7.77029e-07 0.0144232)
(4.74968e-07 -7.36039e-07 0.0144131)
(3.7265e-07 -6.8472e-07 0.0143906)
(2.6289e-07 -6.27772e-07 0.0143498)
(5.85925e-07 -8.95471e-07 0.0144457)
(5.16872e-07 -8.6069e-07 0.0144384)
(4.26844e-07 -8.1441e-07 0.0144216)
(3.26422e-07 -7.60087e-07 0.0143909)
(6.08494e-07 -9.7751e-07 0.0144574)
(5.53246e-07 -9.51163e-07 0.0144518)
(4.76373e-07 -9.1228e-07 0.0144387)
(3.86214e-07 -8.63454e-07 0.0144137)
(6.23242e-07 -1.01918e-06 0.0144625)
(5.82354e-07 -1.00172e-06 0.0144577)
(5.19144e-07 -9.71108e-07 0.0144464)
(4.38739e-07 -9.29768e-07 0.0144242)
(-0.0159918 -0.000235329 0.0153006)
(0.00435807 0.00194617 0.0019405)
(-0.00485706 -0.00206128 0.00948547)
(0.000585061 0.00276292 0.00172016)
(-0.00464113 0.0014574 0.013128)
(0.000497191 0.00363829 0.00692933)
(0.000191255 0.00600014 0.00524524)
(-0.0014578 0.00279284 0.00344014)
(-0.0013816 0.00186128 0.0118466)
(-0.00137218 0.00157256 0.0122037)
(-0.00221702 0.00413291 0.0108335)
(0.0007019 0.00375445 0.00572471)
(-0.00143508 0.0030902 0.00554793)
(-0.00117155 0.00118317 0.0115498)
(-0.000834302 0.00303715 0.00478163)
(0.000548718 0.00200873 0.0026928)
(-0.00261277 -0.000600224 0.0159551)
(0.00123741 -0.000710599 0.00914277)
(-0.000221604 -0.000116973 0.0150879)
(0.00146443 0.000313073 0.0254235)
(-0.000665444 -0.000232572 0.0146385)
(0.00160784 -0.00147285 0.0129272)
(0.000955959 0.000266412 0.0168582)
(0.00155404 -0.000489494 0.023886)
(-0.000401363 0.000713774 0.0144738)
(0.000908972 -0.000715709 0.0144968)
(0.00120497 0.000703086 0.0167395)
(0.00139485 -0.000165338 0.021413)
(-0.000678744 0.000760408 0.0147677)
(0.00034257 -0.000199914 0.0150585)
(0.00119723 0.000784278 0.0159356)
(0.000994793 -0.000335724 0.0195739)
(0.000811591 2.5418e-05 0.0109786)
(0.00031368 -0.000474447 0.00865126)
(-0.00133774 -0.000759323 0.0112783)
(-0.000637344 -0.000293861 0.0129228)
(0.000733546 -0.000131212 0.0113354)
(0.000450632 -0.00110018 0.0103579)
(-0.000830632 -0.000759463 0.0117403)
(-0.000649767 -0.000221383 0.0131074)
(0.000500696 -0.000370755 0.0116001)
(0.000313255 -0.00108757 0.0115911)
(-0.000428818 -0.000695041 0.0121667)
(-0.000533398 -0.000270133 0.0129934)
(0.000325502 -0.000734719 0.0118054)
(0.000192807 -0.00103347 0.0121064)
(-0.000210832 -0.000680639 0.0120638)
(-0.000487931 -0.000382198 0.0126677)
(0.000700891 -3.55962e-05 0.012217)
(3.94413e-05 -0.000302858 0.0115556)
(-0.000724992 -0.000499182 0.0129574)
(-0.000434988 -0.000345471 0.0144012)
(0.000575202 -0.000267649 0.0123597)
(0.000122892 -0.000671223 0.0121282)
(-0.000506101 -0.000582416 0.013122)
(-0.000408625 -0.000325509 0.0143162)
(0.000445932 -0.000516978 0.0126287)
(0.000149113 -0.000754147 0.0126972)
(-0.000285808 -0.000570416 0.0133082)
(-0.000355297 -0.000301251 0.0141761)
(0.00037853 -0.000760962 0.0129996)
(0.000197594 -0.0008011 0.0131193)
(-8.55443e-05 -0.000599745 0.0133948)
(-0.000256425 -0.000360609 0.0139855)
(0.000326847 -5.96073e-05 0.0127319)
(-0.000113822 -0.000184831 0.0125487)
(-0.0004727 -0.000307611 0.0131286)
(-0.000359931 -0.000270389 0.013736)
(0.000296267 -0.000239739 0.0129165)
(-4.63249e-05 -0.000379746 0.012859)
(-0.000368378 -0.00036126 0.0133019)
(-0.000346634 -0.000247095 0.0138079)
(0.000266539 -0.0004122 0.0131548)
(1.36101e-05 -0.000472476 0.0131687)
(-0.00024398 -0.00038445 0.0134541)
(-0.00030146 -0.000241298 0.0138248)
(0.00026137 -0.000551541 0.0134412)
(8.80772e-05 -0.000529022 0.0134483)
(-0.000107809 -0.000413459 0.0135818)
(-0.000221881 -0.000269222 0.0138135)
(0.000173577 -5.22871e-05 0.0131453)
(-8.71963e-05 -0.000109467 0.0131078)
(-0.000268259 -0.000183994 0.0133657)
(-0.000244707 -0.000201733 0.0136571)
(0.000178899 -0.000181535 0.01332)
(-4.10613e-05 -0.000229294 0.0133087)
(-0.000214427 -0.000235603 0.0135083)
(-0.00023058 -0.000206468 0.0137442)
(0.000183791 -0.000297488 0.01351)
(6.22134e-06 -0.00030806 0.0135076)
(-0.000148081 -0.000271828 0.0136362)
(-0.000201737 -0.000217163 0.0138041)
(0.000196759 -0.000384726 0.0137091)
(6.15587e-05 -0.000360889 0.0136923)
(-6.97728e-05 -0.000303616 0.0137485)
(-0.000153329 -0.000239504 0.0138439)
(0.00011497 -3.786e-05 0.0134477)
(-4.02436e-05 -6.34312e-05 0.0134343)
(-0.000145137 -0.00010911 0.0135371)
(-0.000156975 -0.000139507 0.0136651)
(0.000127429 -0.000128171 0.0136104)
(-9.37973e-06 -0.000143466 0.0135981)
(-0.000112614 -0.000154394 0.0136734)
(-0.000142612 -0.000156099 0.0137691)
(0.000139314 -0.000207222 0.0137673)
(2.30085e-05 -0.000205138 0.0137513)
(-7.40262e-05 -0.000191684 0.0137938)
(-0.000121472 -0.000175242 0.0138528)
(0.000153565 -0.000267104 0.013914)
(5.92109e-05 -0.000250535 0.0138879)
(-2.8505e-05 -0.00022342 0.0138965)
(-9.01867e-05 -0.000196752 0.0139175)
(8.4248e-05 -2.56221e-05 0.0136527)
(-9.7284e-06 -3.665e-05 0.0136389)
(-7.55257e-05 -6.47227e-05 0.0136724)
(-9.67272e-05 -9.26882e-05 0.0137233)
(9.52593e-05 -8.8237e-05 0.0138065)
(1.08422e-05 -9.21515e-05 0.0137883)
(-5.3955e-05 -0.000101613 0.0138058)
(-8.36092e-05 -0.000111791 0.0138342)
(0.000105924 -0.000143062 0.0139426)
(3.22953e-05 -0.000138616 0.0139199)
(-2.97612e-05 -0.000133977 0.0139208)
(-6.7667e-05 -0.000131668 0.013927)
(0.000117135 -0.000186016 0.014059)
(5.53725e-05 -0.00017521 0.0140309)
(-2.09802e-06 -0.000161832 0.0140161)
(-4.65812e-05 -0.00015073 0.0140008)
(6.28778e-05 -1.70977e-05 0.0137882)
(4.50483e-06 -2.15847e-05 0.0137715)
(-3.87158e-05 -3.90418e-05 0.0137732)
(-5.91972e-05 -6.08549e-05 0.013786)
(7.10221e-05 -6.06674e-05 0.0139361)
(1.83477e-05 -6.07477e-05 0.0139146)
(-2.37043e-05 -6.76135e-05 0.0139051)
(-4.81794e-05 -7.80396e-05 0.0139001)
(7.89975e-05 -9.92821e-05 0.0140594)
(3.26014e-05 -9.51532e-05 0.0140348)
(-7.64342e-06 -9.35582e-05 0.0140164)
(-3.60654e-05 -9.53965e-05 0.0139963)
(8.697e-05 -0.000130624 0.0141579)
(4.74588e-05 -0.000123514 0.0141312)
(1.00233e-05 -0.000116226 0.0141059)
(-2.13447e-05 -0.000111155 0.014073)
(4.67812e-05 -1.1505e-05 0.0138787)
(9.49302e-06 -1.30982e-05 0.0138606)
(-1.96813e-05 -2.4136e-05 0.0138475)
(-3.65373e-05 -4.01336e-05 0.0138408)
(5.2471e-05 -4.20847e-05 0.0140228)
(1.89238e-05 -4.1032e-05 0.0140003)
(-9.0197e-06 -4.56918e-05 0.0139784)
(-2.77706e-05 -5.41794e-05 0.0139565)
(5.80908e-05 -6.9588e-05 0.0141381)
(2.85192e-05 -6.6303e-05 0.0141139)
(2.01586e-06 -6.56641e-05 0.0140868)
(-1.86396e-05 -6.81799e-05 0.0140536)
(6.35766e-05 -9.25787e-05 0.0142257)
(3.82875e-05 -8.77835e-05 0.0142014)
(1.37598e-05 -8.33466e-05 0.0141719)
(-8.14407e-06 -8.06383e-05 0.0141305)
(3.46047e-05 -7.85332e-06 0.0139399)
(1.01415e-05 -8.2011e-06 0.0139216)
(-9.915e-06 -1.53085e-05 0.0139016)
(-2.29061e-05 -2.6744e-05 0.0138847)
(3.8512e-05 -2.95075e-05 0.0140816)
(1.66451e-05 -2.82637e-05 0.0140595)
(-2.27576e-06 -3.13385e-05 0.0140317)
(-1.61573e-05 -3.76866e-05 0.0140009)
(4.24019e-05 -4.92496e-05 0.0141919)
(2.32057e-05 -4.67569e-05 0.0141689)
(5.46845e-06 -4.63818e-05 0.0141379)
(-9.33157e-06 -4.85308e-05 0.0140979)
(4.61616e-05 -6.6127e-05 0.0142725)
(2.97792e-05 -6.28041e-05 0.0142506)
(1.35112e-05 -5.9839e-05 0.0142196)
(-1.76213e-06 -5.81157e-05 0.0141741)
(2.54788e-05 -5.4367e-06 0.0139821)
(9.06771e-06 -5.28015e-06 0.0139642)
(-4.89253e-06 -9.93276e-06 0.0139408)
(-1.45968e-05 -1.80221e-05 0.0139183)
(2.81582e-05 -2.08838e-05 0.0141222)
(1.36005e-05 -1.9753e-05 0.0141008)
(6.0398e-07 -2.17568e-05 0.0140704)
(-9.50606e-06 -2.63305e-05 0.0140347)
(3.08484e-05 -3.51264e-05 0.0142291)
(1.81514e-05 -3.32591e-05 0.0142075)
(6.10905e-06 -3.29458e-05 0.0141749)
(-4.43898e-06 -3.45411e-05 0.0141313)
(3.34469e-05 -4.75056e-05 0.0143051)
(2.26692e-05 -4.51463e-05 0.0142852)
(1.1733e-05 -4.30363e-05 0.014254)
(1.05315e-06 -4.17911e-05 0.0142065)
(1.86971e-05 -3.80839e-06 0.0140114)
(7.49322e-06 -3.47894e-06 0.0139941)
(-2.30882e-06 -6.5674e-06 0.0139692)
(-9.44349e-06 -1.22697e-05 0.0139434)
(2.05437e-05 -1.4889e-05 0.0141504)
(1.06806e-05 -1.39477e-05 0.01413)
(1.65537e-06 -1.52464e-05 0.0140983)
(-5.65218e-06 -1.84845e-05 0.0140598)
(2.24151e-05 -2.51964e-05 0.0142551)
(1.38759e-05 -2.37992e-05 0.0142348)
(5.60078e-06 -2.35053e-05 0.0142015)
(-1.90985e-06 -2.46179e-05 0.014156)
(2.42331e-05 -3.42656e-05 0.014328)
(1.70346e-05 -3.25582e-05 0.0143097)
(9.58963e-06 -3.10022e-05 0.0142787)
(2.08784e-06 -3.00426e-05 0.0142304)
(1.36884e-05 -2.69237e-06 0.014032)
(5.93644e-06 -2.33481e-06 0.0140154)
(-9.89855e-07 -4.40904e-06 0.0139897)
(-6.19209e-06 -8.42836e-06 0.013962)
(1.49701e-05 -1.06724e-05 0.0141704)
(8.19364e-06 -9.91985e-06 0.0141507)
(1.87349e-06 -1.07599e-05 0.0141184)
(-3.39144e-06 -1.30354e-05 0.0140784)
(1.62821e-05 -1.81464e-05 0.0142735)
(1.04584e-05 -1.70995e-05 0.0142542)
(4.71578e-06 -1.68269e-05 0.0142207)
(-6.37897e-07 -1.75791e-05 0.0141741)
(1.7569e-05 -2.47834e-05 0.0143442)
(1.26957e-05 -2.35316e-05 0.0143272)
(7.57162e-06 -2.23644e-05 0.0142965)
(2.27652e-06 -2.16091e-05 0.0142477)
(1.0004e-05 -1.91632e-06 0.0140466)
(4.58604e-06 -1.58971e-06 0.0140306)
(-3.31588e-07 -2.9966e-06 0.0140045)
(-4.10847e-06 -5.83427e-06 0.0139757)
(1.08998e-05 -7.67877e-06 0.0141845)
(6.19313e-06 -7.0904e-06 0.0141655)
(1.73849e-06 -7.63406e-06 0.014133)
(-2.05078e-06 -9.22959e-06 0.014092)
(1.18265e-05 -1.31041e-05 0.0142866)
(7.8095e-06 -1.23192e-05 0.014268)
(3.79258e-06 -1.20767e-05 0.0142346)
(-3.06244e-08 -1.25775e-05 0.0141873)
(1.27462e-05 -1.79561e-05 0.0143557)
(9.40875e-06 -1.70315e-05 0.0143396)
(5.84949e-06 -1.61508e-05 0.0143093)
(2.0951e-06 -1.55564e-05 0.0142604)
(7.2994e-06 -1.37023e-06 0.0140571)
(3.48473e-06 -1.09439e-06 0.0140415)
(-1.88211e-08 -2.05659e-06 0.0140152)
(-2.75426e-06 -4.06438e-06 0.0139856)
(7.92926e-06 -5.53741e-06 0.0141946)
(4.6332e-06 -5.08421e-06 0.0141761)
(1.47815e-06 -5.43681e-06 0.0141435)
(-1.24847e-06 -6.55619e-06 0.0141019)
(8.58764e-06 -9.47674e-06 0.0142959)
(5.79213e-06 -8.88885e-06 0.0142779)
(2.96495e-06 -8.68186e-06 0.0142446)
(2.29856e-07 -9.01309e-06 0.014197)
(9.24928e-06 -1.30194e-05 0.0143639)
(6.942e-06 -1.23342e-05 0.0143485)
(4.45144e-06 -1.167e-05 0.0143185)
(1.77969e-06 -1.12063e-05 0.0142695)
(5.31467e-06 -9.82113e-07 0.0140645)
(2.61579e-06 -7.59389e-07 0.0140493)
(1.14782e-07 -1.42182e-06 0.0140229)
(-1.86243e-06 -2.84495e-06 0.0139929)
(5.75937e-06 -3.99573e-06 0.0142018)
(3.43807e-06 -3.65079e-06 0.0141837)
(1.19652e-06 -3.88021e-06 0.0141511)
(-7.64553e-07 -4.66665e-06 0.0141091)
(6.22887e-06 -6.8536e-06 0.0143026)
(4.2709e-06 -6.41474e-06 0.014285)
(2.27266e-06 -6.24418e-06 0.0142518)
(3.14132e-07 -6.46292e-06 0.014204)
(6.70649e-06 -9.43509e-06 0.0143698)
(5.10001e-06 -8.92765e-06 0.0143549)
(3.34805e-06 -8.42886e-06 0.0143251)
(1.44235e-06 -8.07142e-06 0.0142762)
(3.85562e-06 -7.03764e-07 0.0140698)
(1.9425e-06 -5.29369e-07 0.0140549)
(1.57501e-07 -9.87389e-07 0.0140285)
(-1.26736e-06 -1.99628e-06 0.0139982)
(4.17007e-06 -2.87864e-06 0.014207)
(2.53092e-06 -2.61908e-06 0.0141892)
(9.37239e-07 -2.76885e-06 0.0141566)
(-4.70563e-07 -3.32169e-06 0.0141144)
(4.50512e-06 -4.94623e-06 0.0143073)
(3.12909e-06 -4.62053e-06 0.0142902)
(1.7144e-06 -4.48414e-06 0.014257)
(3.13196e-07 -4.62871e-06 0.014209)
(4.84988e-06 -6.82053e-06 0.014374)
(3.72667e-06 -6.44619e-06 0.0143595)
(2.49113e-06 -6.07431e-06 0.0143299)
(1.13172e-06 -5.80246e-06 0.014281)
(2.77845e-06 -5.0223e-07 0.0140737)
(1.42534e-06 -3.69094e-07 0.0140589)
(1.56215e-07 -6.85939e-07 0.0140325)
(-8.64559e-07 -1.39892e-06 0.014002)
(3.00027e-06 -2.06306e-06 0.0142107)
(1.84464e-06 -1.87034e-06 0.0141931)
(7.15067e-07 -1.96827e-06 0.0141605)
(-2.90454e-07 -2.35597e-06 0.0141181)
(3.23853e-06 -3.54971e-06 0.0143108)
(2.27232e-06 -3.31029e-06 0.0142938)
(1.27308e-06 -3.20421e-06 0.0142607)
(2.74945e-07 -3.29978e-06 0.0142127)
(3.48621e-06 -4.90124e-06 0.014377)
(2.701e-06 -4.62735e-06 0.0143628)
(1.83103e-06 -4.35307e-06 0.0143333)
(8.64843e-07 -4.14953e-06 0.0142845)
(1.97772e-06 -3.54647e-07 0.0140764)
(1.02912e-06 -2.55553e-07 0.0140618)
(1.35772e-07 -4.7336e-07 0.0140353)
(-5.87071e-07 -9.72483e-07 0.0140047)
(2.13283e-06 -1.46178e-06 0.0142133)
(1.32485e-06 -1.3212e-06 0.0141959)
(5.31762e-07 -1.38495e-06 0.0141633)
(-1.78591e-07 -1.65448e-06 0.0141209)
(2.30056e-06 -2.51765e-06 0.0143132)
(1.62732e-06 -2.34432e-06 0.0142964)
(9.27747e-07 -2.26413e-06 0.0142634)
(2.2415e-07 -2.32698e-06 0.0142153)
(2.4765e-06 -3.47971e-06 0.0143792)
(1.93138e-06 -3.28222e-06 0.0143651)
(1.32384e-06 -3.08324e-06 0.0143358)
(6.44009e-07 -2.93383e-06 0.014287)
(1.37839e-06 -2.45105e-07 0.0140783)
(7.26251e-07 -1.73364e-07 0.0140638)
(1.10071e-07 -3.20259e-07 0.0140373)
(-3.91102e-07 -6.62647e-07 0.0140066)
(1.48485e-06 -1.01337e-06 0.0142151)
(9.30722e-07 -9.13276e-07 0.0141979)
(3.84895e-07 -9.53939e-07 0.0141653)
(-1.0659e-07 -1.13762e-06 0.0141228)
(1.60061e-06 -1.74635e-06 0.0143149)
(1.14023e-06 -1.6238e-06 0.0142982)
(6.59938e-07 -1.56507e-06 0.0142653)
(1.74124e-07 -1.60566e-06 0.0142172)
(1.72295e-06 -2.41537e-06 0.0143807)
(1.3513e-06 -2.27635e-06 0.0143667)
(9.35032e-07 -2.13563e-06 0.0143375)
(4.66463e-07 -2.02889e-06 0.0142887)
(9.31919e-07 -1.62808e-07 0.0140796)
(4.98398e-07 -1.1207e-07 0.0140651)
(8.72538e-08 -2.07114e-07 0.0140387)
(-2.48676e-07 -4.3312e-07 0.014008)
(1.00273e-06 -6.76375e-07 0.0142164)
(6.35362e-07 -6.06948e-07 0.0141992)
(2.71947e-07 -6.31128e-07 0.0141666)
(-5.69087e-08 -7.51138e-07 0.0141241)
(1.08017e-06 -1.16587e-06 0.0143161)
(7.75812e-07 -1.08177e-06 0.0142995)
(4.56854e-07 -1.0399e-06 0.0142665)
(1.32745e-07 -1.06438e-06 0.0142184)
(1.16257e-06 -1.61338e-06 0.0143817)
(9.17452e-07 -1.51877e-06 0.0143679)
(6.41494e-07 -1.42262e-06 0.0143387)
(3.29737e-07 -1.34842e-06 0.0142899)
(6.17541e-07 -1.01573e-07 0.0140804)
(3.43144e-07 -6.45777e-08 0.014066)
(8.1091e-08 -1.20447e-07 0.0140396)
(-1.37201e-07 -2.62012e-07 0.0140088)
(6.62301e-07 -4.2741e-07 0.0142172)
(4.31093e-07 -3.79305e-07 0.0142)
(2.0084e-07 -3.90633e-07 0.0141675)
(-1.11987e-08 -4.65036e-07 0.0141249)
(7.1224e-07 -7.35818e-07 0.0143168)
(5.21405e-07 -6.78812e-07 0.0143003)
(3.20089e-07 -6.48629e-07 0.0142673)
(1.12593e-07 -6.62384e-07 0.0142192)
(7.65988e-07 -1.01917e-06 0.0143823)
(6.12628e-07 -9.56633e-07 0.0143686)
(4.38752e-07 -8.93098e-07 0.0143394)
(2.40726e-07 -8.43662e-07 0.0142907)
(4.26989e-07 -5.31112e-08 0.014081)
(2.46327e-07 -2.36804e-08 0.0140667)
(7.29615e-08 -5.58166e-08 0.0140402)
(-6.59554e-08 -1.39734e-07 0.0140095)
(4.54667e-07 -2.52473e-07 0.0142178)
(3.01415e-07 -2.16288e-07 0.0142007)
(1.47799e-07 -2.19763e-07 0.0141681)
(1.32129e-08 -2.60553e-07 0.0141255)
(4.8778e-07 -4.49487e-07 0.0143173)
(3.61988e-07 -4.08159e-07 0.0143009)
(2.28363e-07 -3.83648e-07 0.0142679)
(9.81346e-08 -3.8236e-07 0.0142198)
(5.23998e-07 -6.26351e-07 0.0143828)
(4.23266e-07 -5.82292e-07 0.0143691)
(3.07888e-07 -5.35934e-07 0.01434)
(1.84085e-07 -4.92562e-07 0.0142913)
(0.0056464 0.00276866 0.00210223)
(0.001915 -0.000676836 0.00728641)
(0.000839298 0.00108874 0.00357548)
(0.000640757 -7.59772e-05 0.00188769)
(-0.00520792 0.000963356 0.0124017)
(-0.0090912 0.00464705 -0.00131023)
(0.0042196 -0.00353321 0.00748559)
(0.00174933 0.0010053 0.0123366)
(-0.000590646 -0.00102266 0.0129153)
(-0.00206716 -0.000466987 0.00477442)
(-0.0030095 -0.00203563 0.0012857)
(-0.000347891 0.00247748 0.00446468)
(0.00552494 -0.00368482 0.00562055)
(0.00437189 -0.0027438 0.00265255)
(-0.00182556 -0.00170867 0.000588807)
(-0.000480888 0.00501798 0.00761306)
(0.000429708 -0.00188169 0.0232502)
(0.00109397 -0.00134651 0.0238677)
(0.00114499 -0.00142573 0.0239494)
(-2.51259e-05 -0.00126906 0.0237429)
(0.000816666 -0.00235331 0.0244548)
(0.00151823 -0.00120871 0.025762)
(0.00111057 -0.000508194 0.0197163)
(0.000370594 0.00038677 0.0185149)
(0.00169078 7.18378e-05 0.0238731)
(0.00283377 0.000115209 0.0264633)
(0.00236658 0.00134377 0.0244106)
(0.00130369 0.00278278 0.0184481)
(0.00273068 0.00154371 0.020989)
(0.00382089 0.00157362 0.0205414)
(0.0025525 0.00224876 0.0109777)
(0.000694137 0.00343265 0.00973618)
(-0.000222074 -0.000285827 0.013391)
(0.000105246 3.06934e-05 0.0137158)
(0.000160449 0.000245716 0.0136779)
(0.000154936 0.000322346 0.013439)
(0.000453599 -0.000143538 0.0139373)
(0.000955199 0.000421451 0.0135574)
(0.000847575 0.000992201 0.0132514)
(0.000713111 0.00134165 0.0133846)
(0.00085823 0.000452916 0.0133994)
(0.00147342 0.000884381 0.0129819)
(0.00127796 0.00159073 0.0119978)
(0.000797974 0.00212095 0.0112178)
(0.0010719 0.000419256 0.0119627)
(0.00162805 0.000546397 0.0112506)
(0.00126492 0.000801172 0.00923659)
(0.000459498 0.00110379 0.0088584)
(-8.90171e-05 -0.00014654 0.0142795)
(-3.94982e-05 -3.67081e-05 0.0145236)
(2.20347e-05 1.48941e-05 0.0146804)
(3.5626e-05 4.01103e-05 0.0147609)
(0.000160304 2.16921e-05 0.0140552)
(0.000287946 0.000257475 0.0141087)
(0.000342822 0.00046583 0.0141755)
(0.000334424 0.000591594 0.0142625)
(0.000339161 8.99003e-05 0.013567)
(0.00051098 0.000339921 0.0134032)
(0.000523017 0.000629212 0.0131235)
(0.000365288 0.000828823 0.0130151)
(0.000369257 -0.000268577 0.0130502)
(0.00054508 -0.000256285 0.0127591)
(0.000485196 -0.000200902 0.0122275)
(0.000189436 -0.000125147 0.0120351)
(-0.000133725 -0.000136445 0.0139809)
(-0.000141398 -8.5651e-05 0.0140383)
(-0.000124098 -6.56018e-05 0.0140518)
(-9.18963e-05 -7.19044e-05 0.0139969)
(-5.816e-06 -6.59715e-05 0.0139382)
(6.4076e-06 4.39552e-05 0.0139762)
(3.48694e-05 0.000129692 0.0139704)
(7.29882e-05 0.000172792 0.0139115)
(8.34703e-05 -0.000140823 0.0137767)
(0.000107113 -3.29672e-05 0.0137299)
(0.00011471 7.91249e-05 0.013608)
(8.43172e-05 0.000154281 0.0134701)
(8.12233e-05 -0.000429701 0.0136696)
(0.000108027 -0.000463188 0.0135853)
(9.94443e-05 -0.000472451 0.0133901)
(2.58799e-05 -0.000459049 0.0132173)
(-0.000118725 -0.000185064 0.0139464)
(-0.000135452 -0.000156963 0.013936)
(-0.000136302 -0.000143918 0.0138985)
(-0.000126558 -0.000142606 0.0138259)
(-5.83156e-05 -0.000173731 0.0139728)
(-7.04974e-05 -0.000120925 0.0139652)
(-6.33111e-05 -8.13661e-05 0.0139231)
(-4.25535e-05 -6.27704e-05 0.013841)
(-1.31029e-05 -0.00024239 0.0139489)
(-2.28566e-05 -0.000198553 0.013912)
(-2.33329e-05 -0.000154387 0.0138271)
(-2.50536e-05 -0.000124295 0.0137068)
(-1.53098e-05 -0.000404295 0.0139689)
(-2.3145e-05 -0.000431865 0.0139326)
(-1.99074e-05 -0.000445944 0.0138336)
(-2.46999e-05 -0.000444405 0.0137013)
(-8.24997e-05 -0.000182184 0.0139817)
(-9.93e-05 -0.000161575 0.0139353)
(-0.000108494 -0.000147101 0.0138664)
(-0.000111026 -0.000138341 0.0137727)
(-5.42046e-05 -0.000195995 0.014045)
(-7.09945e-05 -0.000167563 0.0140038)
(-7.49532e-05 -0.000144119 0.0139341)
(-6.9282e-05 -0.000130012 0.0138322)
(-3.09199e-05 -0.000243116 0.0140822)
(-4.65288e-05 -0.000222984 0.0140351)
(-5.0943e-05 -0.000201879 0.0139516)
(-4.98665e-05 -0.000185634 0.0138326)
(-2.92756e-05 -0.000324759 0.0141395)
(-4.19616e-05 -0.000338261 0.0141028)
(-3.84248e-05 -0.000344102 0.014022)
(-3.00307e-05 -0.000341273 0.0138994)
(-4.8796e-05 -0.000151868 0.0140419)
(-6.36454e-05 -0.000135667 0.0139788)
(-7.52418e-05 -0.000121774 0.0138952)
(-8.30316e-05 -0.000110435 0.013791)
(-3.51244e-05 -0.000172378 0.0141159)
(-5.11954e-05 -0.00015482 0.0140568)
(-6.01622e-05 -0.000138629 0.0139713)
(-6.28026e-05 -0.000126451 0.0138581)
(-2.17706e-05 -0.000203277 0.0141723)
(-3.68872e-05 -0.000191738 0.0141159)
(-4.4028e-05 -0.000178867 0.014027)
(-4.57042e-05 -0.000167651 0.013904)
(-1.75738e-05 -0.000243863 0.0142329)
(-2.96285e-05 -0.000247917 0.0141866)
(-2.96536e-05 -0.000247448 0.0141027)
(-2.34809e-05 -0.000242615 0.0139778)
(-2.60606e-05 -0.000116914 0.0140996)
(-3.80718e-05 -0.000104005 0.0140294)
(-4.90012e-05 -9.1835e-05 0.0139389)
(-5.79498e-05 -8.09827e-05 0.013829)
(-1.86502e-05 -0.000136491 0.0141733)
(-3.22451e-05 -0.000124386 0.0141055)
(-4.2143e-05 -0.000112299 0.0140119)
(-4.83676e-05 -0.000102125 0.0138918)
(-9.86006e-06 -0.000157029 0.0142314)
(-2.27945e-05 -0.000149025 0.0141685)
(-3.09388e-05 -0.000139773 0.0140746)
(-3.49857e-05 -0.00013112 0.0139476)
(-4.69216e-06 -0.000177992 0.0142846)
(-1.50406e-05 -0.000177406 0.0142298)
(-1.79475e-05 -0.000174087 0.0141401)
(-1.60094e-05 -0.000168679 0.0140112)
(-1.27141e-05 -8.68062e-05 0.0141479)
(-2.20935e-05 -7.67377e-05 0.014075)
(-3.13244e-05 -6.682e-05 0.0139814)
(-3.95344e-05 -5.75783e-05 0.0138685)
(-8.11928e-06 -0.000103029 0.0142176)
(-1.89978e-05 -9.42006e-05 0.0141457)
(-2.80415e-05 -8.49744e-05 0.0140481)
(-3.49226e-05 -7.66508e-05 0.0139245)
(-1.73865e-06 -0.000117016 0.0142714)
(-1.21888e-05 -0.000110939 0.0142047)
(-1.99978e-05 -0.000103865 0.0141074)
(-2.50431e-05 -9.70349e-05 0.0139776)
(3.32676e-06 -0.000128611 0.0143155)
(-5.14285e-06 -0.000126279 0.0142552)
(-9.35453e-06 -0.000122275 0.0141609)
(-1.03211e-05 -0.000117295 0.0140288)
(-5.45474e-06 -6.33571e-05 0.0141857)
(-1.26108e-05 -5.56348e-05 0.014112)
(-1.99768e-05 -4.78597e-05 0.0140172)
(-2.68178e-05 -4.04504e-05 0.0139027)
(-2.28647e-06 -7.60021e-05 0.0142507)
(-1.07187e-05 -6.9414e-05 0.0141773)
(-1.82978e-05 -6.23713e-05 0.0140778)
(-2.45979e-05 -5.57843e-05 0.0139521)
(2.55176e-06 -8.57653e-05 0.0142991)
(-5.62426e-06 -8.10398e-05 0.0142306)
(-1.24337e-05 -7.55729e-05 0.0141314)
(-1.74673e-05 -7.02206e-05 0.0139997)
(6.98865e-06 -9.2727e-05 0.0143354)
(2.56841e-07 -9.00558e-05 0.0142719)
(-4.14437e-06 -8.63505e-05 0.0141748)
(-6.51701e-06 -8.22005e-05 0.0140406)
(-1.72535e-06 -4.58719e-05 0.0142143)
(-7.10494e-06 -4.00233e-05 0.0141406)
(-1.27948e-05 -3.40684e-05 0.0140454)
(-1.82149e-05 -2.83209e-05 0.0139301)
(5.9773e-07 -5.54415e-05 0.0142752)
(-5.81372e-06 -5.04927e-05 0.0142014)
(-1.1868e-05 -4.51487e-05 0.0141011)
(-1.71616e-05 -4.00495e-05 0.0139744)
(4.30878e-06 -6.23961e-05 0.0143187)
(-1.9653e-06 -5.87287e-05 0.0142495)
(-7.58185e-06 -5.45301e-05 0.0141493)
(-1.2084e-05 -5.03956e-05 0.0140165)
(7.95734e-06 -6.69141e-05 0.0143489)
(2.71009e-06 -6.44791e-05 0.0142838)
(-1.30556e-06 -6.13989e-05 0.0141852)
(-4.09743e-06 -5.81229e-05 0.0140497)
(6.20431e-08 -3.30947e-05 0.0142356)
(-3.94459e-06 -2.87049e-05 0.0141622)
(-8.25534e-06 -2.42104e-05 0.014067)
(-1.2426e-05 -1.98394e-05 0.0139513)
(1.81358e-06 -4.02294e-05 0.0142932)
(-3.00394e-06 -3.65122e-05 0.0142195)
(-7.70535e-06 -3.24839e-05 0.0141189)
(-1.19485e-05 -2.85957e-05 0.0139917)
(4.65489e-06 -4.52579e-05 0.0143329)
(-1.0072e-07 -4.24362e-05 0.0142634)
(-4.57585e-06 -3.92415e-05 0.0141629)
(-8.35807e-06 -3.60887e-05 0.0140295)
(7.54382e-06 -4.83739e-05 0.0143585)
(3.50958e-06 -4.63525e-05 0.0142927)
(1.00202e-07 -4.39248e-05 0.0141933)
(-2.58546e-06 -4.14176e-05 0.0140571)
(8.20077e-07 -2.38472e-05 0.0142513)
(-2.14577e-06 -2.0574e-05 0.0141783)
(-5.37216e-06 -1.72142e-05 0.0140832)
(-8.52459e-06 -1.39313e-05 0.0139673)
(2.15233e-06 -2.9125e-05 0.0143065)
(-1.43971e-06 -2.63405e-05 0.014233)
(-5.02611e-06 -2.33225e-05 0.0141324)
(-8.33209e-06 -2.03894e-05 0.0140049)
(4.31427e-06 -3.27966e-05 0.0143432)
(7.39832e-07 -3.06461e-05 0.0142738)
(-2.7456e-06 -2.82362e-05 0.0141732)
(-5.80081e-06 -2.58569e-05 0.0140394)
(6.54788e-06 -3.50346e-05 0.0143655)
(3.47776e-06 -3.34345e-05 0.0142994)
(7.05538e-07 -3.15765e-05 0.0141997)
(-1.64382e-06 -2.96926e-05 0.0140631)
(1.05383e-06 -1.71817e-05 0.0142628)
(-1.1321e-06 -1.47534e-05 0.0141902)
(-3.52759e-06 -1.22586e-05 0.0140953)
(-5.88306e-06 -9.81355e-06 0.0139793)
(2.06666e-06 -2.10686e-05 0.0143162)
(-5.97146e-07 -1.89906e-05 0.014243)
(-3.30052e-06 -1.67416e-05 0.0141426)
(-5.82943e-06 -1.45469e-05 0.0140148)
(3.70001e-06 -2.37646e-05 0.0143508)
(1.0301e-06 -2.21395e-05 0.0142816)
(-1.64179e-06 -2.03351e-05 0.0141809)
(-4.04558e-06 -1.8554e-05 0.014047)
(5.39985e-06 -2.54097e-05 0.0143706)
(3.08225e-06 -2.41772e-05 0.0143045)
(8.9101e-07 -2.27797e-05 0.0142047)
(-1.05522e-06 -2.13801e-05 0.014068)
(1.03646e-06 -1.23811e-05 0.0142712)
(-5.69017e-07 -1.05873e-05 0.0141989)
(-2.33727e-06 -8.74444e-06 0.0141042)
(-4.08313e-06 -6.93464e-06 0.0139881)
(1.80283e-06 -1.52348e-05 0.0143233)
(-1.64015e-07 -1.36906e-05 0.0142504)
(-2.1841e-06 -1.2023e-05 0.0141501)
(-4.09377e-06 -1.03914e-05 0.0140223)
(3.02821e-06 -1.72191e-05 0.0143563)
(1.04432e-06 -1.60004e-05 0.0142874)
(-9.79708e-07 -1.46578e-05 0.0141868)
(-2.83552e-06 -1.33336e-05 0.0140528)
(4.30729e-06 -1.84419e-05 0.0143744)
(2.56984e-06 -1.75086e-05 0.0143084)
(8.72181e-07 -1.64691e-05 0.0142086)
(-6.84499e-07 -1.54371e-05 0.0140718)
(9.12027e-07 -8.91823e-06 0.0142774)
(-2.62929e-07 -7.59885e-06 0.0142053)
(-1.5616e-06 -6.24411e-06 0.0141107)
(-2.84722e-06 -4.91184e-06 0.0139946)
(1.48798e-06 -1.10069e-05 0.0143285)
(4.19694e-08 -9.86502e-06 0.0142559)
(-1.45653e-06 -8.63468e-06 0.0141557)
(-2.88397e-06 -7.42902e-06 0.0140278)
(2.40086e-06 -1.24668e-05 0.0143604)
(9.34299e-07 -1.15594e-05 0.0142917)
(-5.83834e-07 -1.05666e-05 0.0141912)
(-1.9955e-06 -9.58804e-06 0.0140572)
(3.3546e-06 -1.33782e-05 0.0143772)
(2.06074e-06 -1.26802e-05 0.0143114)
(7.65776e-07 -1.19133e-05 0.0142116)
(-4.48618e-07 -1.11569e-05 0.0140748)
(7.53695e-07 -6.41104e-06 0.0142819)
(-1.0211e-07 -5.44598e-06 0.01421)
(-1.05044e-06 -4.45574e-06 0.0141155)
(-1.99082e-06 -3.48096e-06 0.0139994)
(1.18285e-06 -7.93313e-06 0.0143323)
(1.25487e-07 -7.09401e-06 0.0142599)
(-9.7771e-07 -6.19189e-06 0.0141598)
(-2.03451e-06 -5.3069e-06 0.0140319)
(1.85758e-06 -9.00351e-06 0.0143634)
(7.80192e-07 -8.33335e-06 0.0142948)
(-3.47482e-07 -7.60418e-06 0.0141945)
(-1.40717e-06 -6.88602e-06 0.0140604)
(2.56247e-06 -9.68086e-06 0.0143793)
(1.60621e-06 -9.16431e-06 0.0143136)
(6.3194e-07 -8.60291e-06 0.0142139)
(-2.96661e-07 -8.05178e-06 0.0140771)
(5.96396e-07 -4.58453e-06 0.0142851)
(-2.22199e-08 -3.88453e-06 0.0142134)
(-7.08991e-07 -3.16678e-06 0.0141189)
(-1.39074e-06 -2.4597e-06 0.0140028)
(9.12559e-07 -5.68549e-06 0.014335)
(1.45693e-07 -5.0745e-06 0.0142628)
(-6.58531e-07 -4.41894e-06 0.0141628)
(-1.43217e-06 -3.77529e-06 0.0140349)
(1.40609e-06 -6.46444e-06 0.0143656)
(6.21692e-07 -5.97464e-06 0.0142972)
(-2.06271e-07 -5.4442e-06 0.0141969)
(-9.90568e-07 -4.92204e-06 0.0140629)
(1.92143e-06 -6.9636e-06 0.0143809)
(1.22184e-06 -6.58585e-06 0.0143153)
(4.99508e-07 -6.17882e-06 0.0142157)
(-1.97272e-07 -5.78066e-06 0.0140789)
(4.55148e-07 -3.24136e-06 0.0142874)
(1.38148e-08 -2.74071e-06 0.0142158)
(-4.76783e-07 -2.22766e-06 0.0141214)
(-9.64164e-07 -1.72188e-06 0.0140053)
(6.84232e-07 -4.02706e-06 0.014337)
(1.35597e-07 -3.58878e-06 0.0142649)
(-4.41975e-07 -3.11927e-06 0.014165)
(-9.99422e-07 -2.65791e-06 0.0140371)
(1.03952e-06 -4.58611e-06 0.0143672)
(4.76622e-07 -4.23378e-06 0.0142989)
(-1.21368e-07 -3.85366e-06 0.0141986)
(-6.91407e-07 -3.47956e-06 0.0140646)
(1.41025e-06 -4.94829e-06 0.014382)
(9.06309e-07 -4.67662e-06 0.0143165)
(3.80716e-07 -4.38588e-06 0.0142169)
(-1.30973e-07 -4.10223e-06 0.0140802)
(3.35927e-07 -2.24195e-06 0.0142891)
(2.79573e-08 -1.89234e-06 0.0142175)
(-3.14569e-07 -1.5342e-06 0.0141232)
(-6.55262e-07 -1.18079e-06 0.0140071)
(4.97693e-07 -2.7894e-06 0.0143384)
(1.13902e-07 -2.48273e-06 0.0142664)
(-2.91141e-07 -2.1546e-06 0.0141665)
(-6.83357e-07 -1.83183e-06 0.0140387)
(7.4688e-07 -3.18094e-06 0.0143683)
(3.5221e-07 -2.93392e-06 0.0143001)
(-6.90314e-08 -2.66828e-06 0.0141999)
(-4.72898e-07 -2.40682e-06 0.0140659)
(1.00668e-06 -3.43703e-06 0.0143828)
(6.52317e-07 -3.24668e-06 0.0143174)
(2.79904e-07 -3.04419e-06 0.0142179)
(-8.55159e-08 -2.84706e-06 0.0140811)
(2.41834e-07 -1.49137e-06 0.0142902)
(3.37559e-08 -1.25622e-06 0.0142187)
(-1.97277e-07 -1.01537e-06 0.0141244)
(-4.27211e-07 -7.7777e-07 0.0140083)
(3.52413e-07 -1.85797e-06 0.0143394)
(9.24016e-08 -1.65154e-06 0.0142674)
(-1.82007e-07 -1.43098e-06 0.0141676)
(-4.48733e-07 -1.21384e-06 0.0140397)
(5.2014e-07 -2.12199e-06 0.0143691)
(2.52324e-07 -1.95555e-06 0.0143009)
(-3.41799e-08 -1.77729e-06 0.0142007)
(-3.10782e-07 -1.60197e-06 0.0140668)
(6.94723e-07 -2.29633e-06 0.0143833)
(4.53665e-07 -2.16831e-06 0.014318)
(1.98954e-07 -2.0332e-06 0.0142185)
(-5.31214e-08 -1.90225e-06 0.0140817)
(1.81048e-07 -9.37594e-07 0.0142909)
(4.40358e-08 -7.87363e-07 0.0142195)
(-1.05469e-07 -6.34148e-07 0.0141251)
(-2.56805e-07 -4.81792e-07 0.0140091)
(2.53079e-07 -1.16941e-06 0.01434)
(8.12003e-08 -1.03803e-06 0.014268)
(-9.77601e-08 -8.98478e-07 0.0141682)
(-2.75048e-07 -7.60604e-07 0.0140404)
(3.59542e-07 -1.33762e-06 0.0143696)
(1.82582e-07 -1.23162e-06 0.0143014)
(-5.39745e-09 -1.11959e-06 0.0142013)
(-1.906e-07 -1.0101e-06 0.0140673)
(4.70049e-07 -1.45046e-06 0.0143837)
(3.10311e-07 -1.36938e-06 0.0143184)
(1.41518e-07 -1.28572e-06 0.0142189)
(-2.85157e-08 -1.20633e-06 0.0140822)
(1.45638e-07 -5.51673e-07 0.0142914)
(5.51999e-08 -4.56741e-07 0.01422)
(-4.40087e-08 -3.59383e-07 0.0141257)
(-1.39136e-07 -2.67364e-07 0.0140097)
(2.01882e-07 -6.92873e-07 0.0143405)
(8.50512e-08 -6.09204e-07 0.0142685)
(-3.89264e-08 -5.21637e-07 0.0141688)
(-1.56197e-07 -4.39044e-07 0.0140409)
(2.69732e-07 -8.04714e-07 0.0143699)
(1.47237e-07 -7.3793e-07 0.0143019)
(1.4022e-08 -6.69698e-07 0.0142018)
(-1.12278e-07 -6.05841e-07 0.0140678)
(3.37858e-07 -8.8304e-07 0.014384)
(2.25789e-07 -8.34123e-07 0.0143187)
(1.03599e-07 -7.86455e-07 0.0142193)
(-1.47317e-08 -7.43386e-07 0.0140825)
)
;

boundaryField
{
    inlet
    {
        type            calculated;
        value           uniform (0 0 0.01451);
    }
    outlet
    {
        type            calculated;
        value           nonuniform List<vector> 
48
(
(5.57445e-07 -7.77029e-07 0.0144232)
(5.85925e-07 -8.95471e-07 0.0144457)
(6.08494e-07 -9.7751e-07 0.0144574)
(6.23242e-07 -1.01918e-06 0.0144625)
(4.74968e-07 -7.36039e-07 0.0144131)
(5.16872e-07 -8.6069e-07 0.0144384)
(5.53246e-07 -9.51163e-07 0.0144518)
(5.82354e-07 -1.00172e-06 0.0144577)
(3.7265e-07 -6.8472e-07 0.0143906)
(4.26844e-07 -8.1441e-07 0.0144216)
(4.76373e-07 -9.1228e-07 0.0144387)
(5.19144e-07 -9.71108e-07 0.0144464)
(2.6289e-07 -6.27772e-07 0.0143498)
(3.26422e-07 -7.60087e-07 0.0143909)
(3.86214e-07 -8.63454e-07 0.0144137)
(4.38739e-07 -9.29768e-07 0.0144242)
(1.45638e-07 -5.51673e-07 0.0142914)
(2.01882e-07 -6.92873e-07 0.0143405)
(2.69732e-07 -8.04714e-07 0.0143699)
(3.37858e-07 -8.8304e-07 0.014384)
(5.51999e-08 -4.56741e-07 0.01422)
(8.50512e-08 -6.09204e-07 0.0142685)
(1.47237e-07 -7.3793e-07 0.0143019)
(2.25789e-07 -8.34123e-07 0.0143187)
(-4.40087e-08 -3.59383e-07 0.0141257)
(-3.89264e-08 -5.21637e-07 0.0141688)
(1.4022e-08 -6.69698e-07 0.0142018)
(1.03599e-07 -7.86455e-07 0.0142193)
(-1.39136e-07 -2.67364e-07 0.0140097)
(-1.56197e-07 -4.39044e-07 0.0140409)
(-1.12278e-07 -6.05841e-07 0.0140678)
(-1.47317e-08 -7.43386e-07 0.0140825)
(4.26989e-07 -5.31112e-08 0.014081)
(4.54667e-07 -2.52473e-07 0.0142178)
(4.8778e-07 -4.49487e-07 0.0143173)
(5.23998e-07 -6.26351e-07 0.0143828)
(2.46327e-07 -2.36804e-08 0.0140667)
(3.01415e-07 -2.16288e-07 0.0142007)
(3.61988e-07 -4.08159e-07 0.0143009)
(4.23266e-07 -5.82292e-07 0.0143691)
(7.29615e-08 -5.58166e-08 0.0140402)
(1.47799e-07 -2.19763e-07 0.0141681)
(2.28363e-07 -3.83648e-07 0.0142679)
(3.07888e-07 -5.35934e-07 0.01434)
(-6.59554e-08 -1.39734e-07 0.0140095)
(1.32129e-08 -2.60553e-07 0.0141255)
(9.81346e-08 -3.8236e-07 0.0142198)
(1.84085e-07 -4.92562e-07 0.0142913)
)
;
    }
    wall
    {
        type            calculated;
        value           nonuniform List<vector> 
192
(
(-0.0158611 -0.00156218 0.0153006)
(-0.00264621 -0.000260629 0.0159551)
(0.000806273 7.94109e-05 0.0109786)
(0.000690686 6.80266e-05 0.012217)
(0.000317893 3.13097e-05 0.0127319)
(0.000166809 1.64292e-05 0.0131453)
(0.000110172 1.0851e-05 0.0134477)
(8.09393e-05 7.97182e-06 0.0136527)
(6.06059e-05 5.96916e-06 0.0137882)
(4.52095e-05 4.45275e-06 0.0138787)
(3.35062e-05 3.30007e-06 0.0139399)
(2.47037e-05 2.4331e-06 0.0139821)
(1.8146e-05 1.78723e-06 0.0140114)
(1.32943e-05 1.30937e-06 0.014032)
(9.72093e-06 9.57428e-07 0.0140466)
(7.09561e-06 6.98857e-07 0.0140571)
(5.16781e-06 5.08985e-07 0.0140645)
(3.74993e-06 3.69335e-07 0.0140698)
(2.70277e-06 2.66199e-07 0.0140737)
(1.92413e-06 1.8951e-07 0.0140764)
(1.34124e-06 1.32101e-07 0.0140783)
(9.07085e-07 8.93401e-08 0.0140796)
(6.017e-07 5.92623e-08 0.0140804)
(4.17706e-07 4.11405e-08 0.014081)
(0.00453145 0.0013746 0.0019405)
(0.00093575 0.000283857 0.00914277)
(0.000155453 4.71563e-05 0.00865126)
(-4.80117e-05 -1.45642e-05 0.0115556)
(-0.000155574 -4.71929e-05 0.0125487)
(-0.000110257 -3.34461e-05 0.0131078)
(-5.44727e-05 -1.65241e-05 0.0134343)
(-1.90895e-05 -5.79072e-06 0.0136389)
(-1.87067e-06 -5.67461e-07 0.0137715)
(5.0546e-06 1.5333e-06 0.0138606)
(7.00874e-06 2.12608e-06 0.0139216)
(6.83687e-06 2.07394e-06 0.0139642)
(5.8954e-06 1.78835e-06 0.0139941)
(4.78763e-06 1.45231e-06 0.0140154)
(3.75799e-06 1.13998e-06 0.0140306)
(2.88708e-06 8.75787e-07 0.0140415)
(2.18443e-06 6.62639e-07 0.0140493)
(1.63176e-06 4.9499e-07 0.0140549)
(1.2027e-06 3.64837e-07 0.0140589)
(8.71412e-07 2.6434e-07 0.0140618)
(6.16896e-07 1.87133e-07 0.0140638)
(4.25269e-07 1.29004e-07 0.0140651)
(2.9629e-07 8.98787e-08 0.014066)
(2.18992e-07 6.64306e-08 0.0140667)
(-0.00463469 -0.0024773 0.00948547)
(-0.00022099 -0.000118122 0.0150879)
(-0.00135615 -0.00072488 0.0112783)
(-0.000771415 -0.00041233 0.0129574)
(-0.000495544 -0.000264874 0.0131286)
(-0.000285141 -0.000152411 0.0133657)
(-0.000158247 -8.45845e-05 0.0135371)
(-8.56503e-05 -4.5781e-05 0.0136724)
(-4.63436e-05 -2.47712e-05 0.0137732)
(-2.5342e-05 -1.35456e-05 0.0138475)
(-1.4076e-05 -7.52379e-06 0.0139016)
(-7.93473e-06 -4.2412e-06 0.0139408)
(-4.52606e-06 -2.41923e-06 0.0139692)
(-2.60289e-06 -1.39127e-06 0.0139897)
(-1.5037e-06 -8.03742e-07 0.0140045)
(-8.69635e-07 -4.64829e-07 0.0140152)
(-5.01825e-07 -2.68231e-07 0.0140229)
(-2.8799e-07 -1.53934e-07 0.0140285)
(-1.63667e-07 -8.74819e-08 0.0140325)
(-9.11908e-08 -4.87425e-08 0.0140353)
(-4.75317e-08 -2.54062e-08 0.0140373)
(-1.82399e-08 -9.74942e-09 0.0140387)
(1.29975e-08 6.94729e-09 0.0140396)
(3.35434e-08 1.79293e-08 0.0140402)
(0.00170452 0.00139886 0.00172016)
(0.00102859 0.000844144 0.0254235)
(-0.000524949 -0.000430815 0.0129228)
(-0.000429341 -0.000352351 0.0144012)
(-0.000347672 -0.000285327 0.013736)
(-0.000245152 -0.000201191 0.0136571)
(-0.000162213 -0.000133125 0.0136651)
(-0.000103252 -8.47371e-05 0.0137233)
(-6.52158e-05 -5.35212e-05 0.013786)
(-4.15139e-05 -3.40696e-05 0.0138408)
(-2.68025e-05 -2.19963e-05 0.0138847)
(-1.75602e-05 -1.44113e-05 0.0139183)
(-1.16599e-05 -9.569e-06 0.0139434)
(-7.83326e-06 -6.42859e-06 0.013962)
(-5.31608e-06 -4.36279e-06 0.0139757)
(-3.63894e-06 -2.9864e-06 0.0139856)
(-2.50803e-06 -2.05828e-06 0.0139929)
(-1.73627e-06 -1.42492e-06 0.0139982)
(-1.20263e-06 -9.86976e-07 0.014002)
(-8.277e-07 -6.79276e-07 0.0140047)
(-5.58658e-07 -4.58479e-07 0.0140066)
(-3.60994e-07 -2.9626e-07 0.014008)
(-2.10472e-07 -1.7273e-07 0.0140088)
(-1.07936e-07 -8.85809e-08 0.0140095)
(0.000220617 0.000268822 0.00188769)
(0.000806663 0.00150916 0.0123366)
(0.000658892 0.00217208 0.00446468)
(0.00048486 0.00492287 0.00761306)
(-0.000632449 -0.000770642 0.0237429)
(0.000243145 0.000454893 0.0185149)
(0.00088287 0.00291043 0.0184481)
(0.000341507 0.00346738 0.00973618)
(0.000220431 0.000268596 0.013439)
(0.000716234 0.00133998 0.0133846)
(0.00065641 0.00216389 0.0112178)
(0.000112083 0.001138 0.0088584)
(3.40076e-05 4.14384e-05 0.0147609)
(0.00032026 0.000599165 0.0142625)
(0.000261016 0.000860454 0.0130151)
(-1.03875e-05 -0.000105467 0.0120351)
(-7.22455e-05 -8.80314e-05 0.0139969)
(8.80549e-05 0.000164739 0.0139115)
(4.99621e-05 0.000164703 0.0134701)
(-4.45294e-05 -0.000452115 0.0132173)
(-0.000120867 -0.000147276 0.0138259)
(-3.55519e-05 -6.65129e-05 0.013841)
(-3.66384e-05 -0.000120781 0.0137068)
(-4.35868e-05 -0.000442545 0.0137013)
(-0.000112524 -0.000137111 0.0137727)
(-6.94462e-05 -0.000129925 0.0138322)
(-5.57684e-05 -0.000183844 0.0138326)
(-3.3578e-05 -0.000340923 0.0138994)
(-8.75731e-05 -0.000106708 0.013791)
(-6.65257e-05 -0.000124461 0.0138581)
(-5.04222e-05 -0.00016622 0.013904)
(-2.38915e-05 -0.000242574 0.0139778)
(-6.30355e-05 -7.68089e-05 0.013829)
(-5.32047e-05 -9.9539e-05 0.0138918)
(-3.93713e-05 -0.00012979 0.0139476)
(-1.66076e-05 -0.00016862 0.0140112)
(-4.41468e-05 -5.3793e-05 0.0138685)
(-3.96267e-05 -7.41364e-05 0.0139245)
(-2.90651e-05 -9.58148e-05 0.0139776)
(-1.15408e-05 -0.000117175 0.0140288)
(-3.06295e-05 -3.73222e-05 0.0139027)
(-2.86575e-05 -5.36144e-05 0.0139521)
(-2.09781e-05 -6.91556e-05 0.0139997)
(-8.08087e-06 -8.20465e-05 0.0140406)
(-2.1219e-05 -2.58555e-05 0.0139301)
(-2.04635e-05 -3.82846e-05 0.0139744)
(-1.50174e-05 -4.95057e-05 0.0140165)
(-5.70897e-06 -5.79642e-05 0.0140497)
(-1.473e-05 -1.79485e-05 0.0139513)
(-1.45433e-05 -2.72087e-05 0.0139917)
(-1.07292e-05 -3.53694e-05 0.0140295)
(-4.06493e-06 -4.12719e-05 0.0140571)
(-1.02626e-05 -1.2505e-05 0.0139673)
(-1.03281e-05 -1.93225e-05 0.0140049)
(-7.67146e-06 -2.52894e-05 0.0140394)
(-2.91216e-06 -2.95677e-05 0.0140631)
(-7.18016e-06 -8.74905e-06 0.0139793)
(-7.34305e-06 -1.37379e-05 0.0140148)
(-5.49494e-06 -1.81144e-05 0.014047)
(-2.09566e-06 -2.12776e-05 0.014068)
(-5.04397e-06 -6.1461e-06 0.0139881)
(-5.22977e-06 -9.78422e-06 0.0140223)
(-3.94282e-06 -1.29977e-05 0.0140528)
(-1.51239e-06 -1.53556e-05 0.0140718)
(-3.55461e-06 -4.3313e-06 0.0139946)
(-3.72936e-06 -6.97715e-06 0.0140278)
(-2.83157e-06 -9.33443e-06 0.0140572)
(-1.09261e-06 -1.10934e-05 0.0140748)
(-2.50825e-06 -3.05632e-06 0.0139994)
(-2.65836e-06 -4.97344e-06 0.0140319)
(-2.03141e-06 -6.69666e-06 0.0140604)
(-7.88262e-07 -8.00336e-06 0.0140771)
(-1.76593e-06 -2.15179e-06 0.0140028)
(-1.88777e-06 -3.53177e-06 0.0140349)
(-1.45074e-06 -4.78245e-06 0.0140629)
(-5.65771e-07 -5.74437e-06 0.0140789)
(-1.23243e-06 -1.50172e-06 0.0140053)
(-1.32707e-06 -2.48278e-06 0.0140371)
(-1.02483e-06 -3.37842e-06 0.0140646)
(-4.01411e-07 -4.07559e-06 0.0140802)
(-8.42765e-07 -1.02691e-06 0.0140071)
(-9.13408e-07 -1.70887e-06 0.0140387)
(-7.08427e-07 -2.33537e-06 0.0140659)
(-2.78539e-07 -2.82805e-06 0.0140811)
(-5.53346e-07 -6.74254e-07 0.0140083)
(-6.04352e-07 -1.13066e-06 0.0140397)
(-4.71191e-07 -1.55331e-06 0.0140668)
(-1.86066e-07 -1.88916e-06 0.0140817)
(-3.3962e-07 -4.13828e-07 0.0140091)
(-3.77329e-07 -7.05933e-07 0.0140404)
(-2.96651e-07 -9.77927e-07 0.0140673)
(-1.17946e-07 -1.19753e-06 0.0140822)
(-1.87109e-07 -2.27993e-07 0.0140097)
(-2.17235e-07 -4.06418e-07 0.0140409)
(-1.77755e-07 -5.85979e-07 0.0140678)
(-7.26553e-08 -7.37681e-07 0.0140825)
)
;
    }
    procBoundary1to0
    {
        type            processor;
        value           nonuniform List<vector> 
192
(
(-0.00292671 0.00281042 0.00867229)
(-0.00557546 0.0106743 0.0011533)
(0.00114047 0.00388849 0.000925339)
(0.000756189 0.000276708 0.000582097)
(0.000150393 0.000923558 0.0196965)
(-0.000407366 0.00180971 0.0227099)
(-0.000263966 0.001628 0.0263742)
(-0.00132776 0.00181263 0.0251666)
(0.000484378 -0.000878174 0.0131249)
(0.000463379 -0.000758683 0.013668)
(0.000416279 -0.000355309 0.0142711)
(8.15301e-05 9.33232e-05 0.013876)
(0.000381997 -0.00090977 0.0136505)
(0.000423324 -0.00089078 0.0140864)
(0.000458137 -0.000669356 0.0144363)
(0.000411842 -0.000431643 0.0145096)
(0.00033968 -0.000648417 0.0138494)
(0.000365993 -0.000655186 0.014129)
(0.000404109 -0.000578231 0.0143499)
(0.000417669 -0.000486902 0.0144742)
(0.000295094 -0.000450899 0.0139807)
(0.000311005 -0.000465216 0.0141524)
(0.000334857 -0.000444988 0.0142906)
(0.000350062 -0.000413224 0.0143931)
(0.000233575 -0.000315587 0.0141054)
(0.000243061 -0.000332045 0.0142208)
(0.000254717 -0.000330059 0.0143169)
(0.000260935 -0.000317663 0.0143961)
(0.000172612 -0.00022249 0.0142003)
(0.000177835 -0.000238098 0.0142841)
(0.00018258 -0.000241795 0.0143547)
(0.00018352 -0.000236845 0.014415)
(0.000123184 -0.000158132 0.0142669)
(0.000125922 -0.000171621 0.0143313)
(0.000127474 -0.000176759 0.0143849)
(0.000126397 -0.000175008 0.0144307)
(8.68322e-05 -0.000113225 0.0143134)
(8.82718e-05 -0.000124257 0.0143652)
(8.85707e-05 -0.000129278 0.0144069)
(8.70968e-05 -0.000128992 0.0144418)
(6.11638e-05 -8.15387e-05 0.0143459)
(6.19618e-05 -9.02498e-05 0.0143891)
(6.18654e-05 -9.46135e-05 0.0144224)
(6.05862e-05 -9.49833e-05 0.0144493)
(4.32514e-05 -5.89617e-05 0.0143686)
(4.37366e-05 -6.56878e-05 0.0144059)
(4.35735e-05 -6.92714e-05 0.0144332)
(4.26202e-05 -6.98926e-05 0.0144541)
(3.07401e-05 -4.27569e-05 0.0143847)
(3.10665e-05 -4.78752e-05 0.0144177)
(3.09386e-05 -5.07246e-05 0.0144406)
(3.02787e-05 -5.13954e-05 0.0144572)
(2.19524e-05 -3.10639e-05 0.0143961)
(2.21902e-05 -3.49206e-05 0.0144261)
(2.21139e-05 -3.71405e-05 0.0144458)
(2.16755e-05 -3.77659e-05 0.0144592)
(1.57381e-05 -2.25929e-05 0.0144043)
(1.59199e-05 -2.54784e-05 0.0144321)
(1.58849e-05 -2.71838e-05 0.0144495)
(1.56008e-05 -2.77255e-05 0.0144605)
(1.13139e-05 -1.64354e-05 0.0144101)
(1.14555e-05 -1.85823e-05 0.0144363)
(1.14473e-05 -1.98782e-05 0.014452)
(1.1266e-05 -2.03272e-05 0.0144613)
(8.14298e-06 -1.19445e-05 0.0144143)
(8.25361e-06 -1.35333e-05 0.0144394)
(8.26028e-06 -1.4509e-05 0.0144538)
(8.14569e-06 -1.48698e-05 0.0144619)
(5.85427e-06 -8.65562e-06 0.0144173)
(5.94e-06 -9.82394e-06 0.0144415)
(5.95347e-06 -1.05516e-05 0.0144551)
(5.88157e-06 -1.08344e-05 0.0144622)
(4.18874e-06 -6.23271e-06 0.0144194)
(4.25418e-06 -7.08402e-06 0.0144431)
(4.26944e-06 -7.62031e-06 0.014456)
(4.22465e-06 -7.83694e-06 0.0144625)
(2.9646e-06 -4.43246e-06 0.0144209)
(3.01348e-06 -5.04355e-06 0.0144442)
(3.02774e-06 -5.43212e-06 0.0144567)
(3.00009e-06 -5.59383e-06 0.0144626)
(2.0561e-06 -3.08089e-06 0.014422)
(2.09162e-06 -3.50856e-06 0.014445)
(2.1036e-06 -3.78257e-06 0.0144571)
(2.08687e-06 -3.89932e-06 0.0144627)
(1.3828e-06 -2.06082e-06 0.0144227)
(1.40797e-06 -2.34811e-06 0.0144455)
(1.41761e-06 -2.53336e-06 0.0144574)
(1.40811e-06 -2.61382e-06 0.0144628)
(9.05185e-07 -1.30576e-06 0.0144232)
(9.23388e-07 -1.48801e-06 0.0144458)
(9.31676e-07 -1.60625e-06 0.0144576)
(9.27589e-07 -1.6585e-06 0.0144628)
(6.15778e-07 -8.06476e-07 0.0144235)
(6.304e-07 -9.17453e-07 0.0144461)
(6.38893e-07 -9.90255e-07 0.0144577)
(6.3911e-07 -1.02269e-06 0.0144629)
(-0.0117959 -0.00417842 0.00166689)
(-0.00473953 0.00134383 0.004608)
(-0.00443461 0.00259373 0.00495101)
(-0.00310721 0.003672 0.00482107)
(-0.000725827 -0.000329512 0.0188037)
(-0.000407563 0.000546414 0.0168436)
(-0.000359553 0.000861027 0.0161557)
(-0.000163113 0.000695592 0.0170037)
(0.000651887 0.000115796 0.0124734)
(0.000657816 0.000245187 0.0118709)
(0.000593506 -0.000174424 0.0117169)
(0.000535788 -0.000647061 0.0120862)
(0.000505743 -1.88089e-05 0.012914)
(0.000534807 -0.000109946 0.0127225)
(0.000499095 -0.000403858 0.0127878)
(0.000435852 -0.00072131 0.0131161)
(0.000396735 -6.91289e-05 0.0130821)
(0.000413308 -0.000190436 0.0131558)
(0.000396594 -0.000375533 0.0133034)
(0.000363026 -0.000551333 0.0135413)
(0.000311677 -7.22941e-05 0.0133256)
(0.000319611 -0.000176545 0.0134624)
(0.000313246 -0.0002946 0.013615)
(0.000300048 -0.000395928 0.0137891)
(0.000232646 -5.90089e-05 0.0135466)
(0.000237308 -0.000137763 0.0136963)
(0.000236152 -0.000215045 0.0138384)
(0.000232368 -0.000278713 0.0139738)
(0.000166372 -4.36238e-05 0.0137108)
(0.000169613 -0.000100303 0.0138605)
(0.000170563 -0.000152493 0.0139907)
(0.000170361 -0.000195336 0.0141019)
(0.00011681 -3.10803e-05 0.0138245)
(0.000119093 -7.12429e-05 0.0139714)
(0.000120509 -0.000107404 0.0140922)
(0.000121323 -0.00013749 0.0141881)
(8.18055e-05 -2.19326e-05 0.0139025)
(8.3357e-05 -5.03525e-05 0.0140465)
(8.46126e-05 -7.58549e-05 0.0141607)
(8.55233e-05 -9.74735e-05 0.0142468)
(5.75486e-05 -1.54941e-05 0.0139562)
(5.85671e-05 -3.5681e-05 0.0140979)
(5.95183e-05 -5.38812e-05 0.0142076)
(6.02741e-05 -6.95894e-05 0.0142873)
(4.0736e-05 -1.09958e-05 0.0139933)
(4.13899e-05 -2.54076e-05 0.0141335)
(4.20645e-05 -3.84964e-05 0.0142401)
(4.26382e-05 -4.99654e-05 0.0143155)
(2.90026e-05 -7.84349e-06 0.0140193)
(2.94169e-05 -1.81812e-05 0.0141585)
(2.98822e-05 -2.76396e-05 0.0142629)
(3.03053e-05 -3.60286e-05 0.0143353)
(2.07471e-05 -5.62018e-06 0.0140376)
(2.10076e-05 -1.3064e-05 0.0141761)
(2.13253e-05 -1.99195e-05 0.014279)
(2.16354e-05 -2.60581e-05 0.0143494)
(1.48952e-05 -4.0413e-06 0.0140507)
(1.50583e-05 -9.41635e-06 0.0141886)
(1.52751e-05 -1.43938e-05 0.0142905)
(1.55026e-05 -1.88841e-05 0.0143594)
(1.07196e-05 -2.91273e-06 0.0140599)
(1.08216e-05 -6.80032e-06 0.0141975)
(1.09698e-05 -1.04163e-05 0.0142987)
(1.1137e-05 -1.36978e-05 0.0143666)
(7.7215e-06 -2.10098e-06 0.0140666)
(7.78522e-06 -4.91322e-06 0.0142039)
(7.88696e-06 -7.53834e-06 0.0143046)
(8.00978e-06 -9.93177e-06 0.0143717)
(5.55469e-06 -1.51328e-06 0.0140714)
(5.59444e-06 -3.54358e-06 0.0142085)
(5.66439e-06 -5.44413e-06 0.0143088)
(5.75436e-06 -7.18343e-06 0.0143754)
(3.97639e-06 -1.08446e-06 0.0140748)
(4.00108e-06 -2.54212e-06 0.0142118)
(4.04909e-06 -3.90958e-06 0.0143119)
(4.1145e-06 -5.16473e-06 0.014378)
(2.81548e-06 -7.68498e-07 0.0140772)
(2.83068e-06 -1.80282e-06 0.0142141)
(2.86339e-06 -2.77457e-06 0.014314)
(2.91032e-06 -3.66854e-06 0.0143799)
(1.9531e-06 -5.33176e-07 0.0140789)
(1.96233e-06 -1.25103e-06 0.0142158)
(1.98432e-06 -1.92585e-06 0.0143155)
(2.01733e-06 -2.54765e-06 0.0143812)
(1.31282e-06 -3.57228e-07 0.0140801)
(1.31823e-06 -8.36874e-07 0.0142169)
(1.33286e-06 -1.28742e-06 0.0143165)
(1.35566e-06 -1.70306e-06 0.0143821)
(8.57204e-07 -2.29631e-07 0.0140808)
(8.59715e-07 -5.32926e-07 0.0142176)
(8.69612e-07 -8.16247e-07 0.0143172)
(8.85699e-07 -1.07843e-06 0.0143827)
(5.82573e-07 -1.42234e-07 0.0140813)
(5.83198e-07 -3.25847e-07 0.0142181)
(5.89347e-07 -5.0524e-07 0.0143177)
(6.00731e-07 -6.66843e-07 0.0143831)
)
;
    }
    procBoundary1to3
    {
        type            processor;
        value           nonuniform List<vector> 
192
(
(0.00733254 -0.0017281 0.00151653)
(0.00654129 -0.00236473 0.00070485)
(0.00403736 -0.000879515 0.00459675)
(0.00499692 0.000112757 0.000465833)
(-0.000885001 0.00118226 0.0210954)
(-2.35064e-05 0.00125321 0.0237346)
(0.000824126 0.00118544 0.0202188)
(0.00101387 0.000817876 0.0153591)
(1.45639e-05 9.98354e-05 0.0133004)
(0.000243435 -4.1666e-05 0.0131094)
(0.000450886 -0.00026321 0.0122345)
(0.000305389 -0.000516342 0.0110646)
(0.000384476 -0.000315168 0.0142024)
(0.00038933 -0.00041358 0.0138243)
(0.000335415 -0.000556158 0.0134201)
(0.000121674 -0.00073831 0.0131189)
(0.00038598 -0.000408768 0.0142992)
(0.000310899 -0.000449404 0.0140567)
(0.000188217 -0.000522731 0.0138708)
(1.99359e-05 -0.000638933 0.0137999)
(0.000303081 -0.000373928 0.0143113)
(0.000215748 -0.000392106 0.0141753)
(0.000102536 -0.000428398 0.0140917)
(-1.46168e-05 -0.000490015 0.0140798)
(0.000215467 -0.000300569 0.0143649)
(0.000147129 -0.000311573 0.0142872)
(6.58307e-05 -0.000329875 0.0142433)
(-1.03198e-05 -0.00035895 0.0142367)
(0.000148457 -0.0002293 0.0144078)
(0.000102769 -0.000236415 0.014361)
(5.07434e-05 -0.000245603 0.0143323)
(3.59139e-06 -0.000258109 0.0143194)
(0.000102364 -0.000171449 0.0144335)
(7.39974e-05 -0.000175908 0.0144033)
(4.23442e-05 -0.000180266 0.0143808)
(1.36892e-05 -0.000184901 0.0143621)
(7.15804e-05 -0.00012716 0.0144481)
(5.44858e-05 -0.000129826 0.014427)
(3.54935e-05 -0.000131664 0.0144075)
(1.79804e-05 -0.000132776 0.0143853)
(5.08652e-05 -9.39587e-05 0.0144559)
(4.0631e-05 -9.54821e-05 0.0144402)
(2.91619e-05 -9.6063e-05 0.0144225)
(1.82446e-05 -9.57349e-05 0.0143986)
(3.66229e-05 -6.92803e-05 0.01446)
(3.0466e-05 -7.01108e-05 0.0144475)
(2.34265e-05 -7.01081e-05 0.0144313)
(1.64475e-05 -6.92945e-05 0.0144068)
(2.66083e-05 -5.10125e-05 0.014462)
(2.28675e-05 -5.14394e-05 0.0144518)
(1.84601e-05 -5.11974e-05 0.0144366)
(1.38857e-05 -5.03101e-05 0.0144121)
(1.94387e-05 -3.75202e-05 0.014463)
(1.71389e-05 -3.772e-05 0.0144543)
(1.43233e-05 -3.74072e-05 0.01444)
(1.12582e-05 -3.66066e-05 0.0144157)
(1.42408e-05 -2.75658e-05 0.0144634)
(1.28091e-05 -2.76428e-05 0.0144558)
(1.09764e-05 -2.73365e-05 0.0144422)
(8.88494e-06 -2.66706e-05 0.0144183)
(1.04405e-05 -2.02226e-05 0.0144635)
(9.53789e-06 -2.02369e-05 0.0144567)
(8.32501e-06 -1.99685e-05 0.0144437)
(6.8777e-06 -1.94383e-05 0.0144202)
(7.64519e-06 -1.48012e-05 0.0144635)
(7.06929e-06 -1.47863e-05 0.0144573)
(6.2555e-06 -1.45647e-05 0.0144447)
(5.24378e-06 -1.41539e-05 0.0144215)
(5.57837e-06 -1.07896e-05 0.0144635)
(5.20715e-06 -1.07636e-05 0.0144577)
(4.65553e-06 -1.05875e-05 0.0144455)
(3.94417e-06 -1.02755e-05 0.0144225)
(4.04124e-06 -7.80792e-06 0.0144634)
(3.80025e-06 -7.78024e-06 0.0144579)
(3.42432e-06 -7.64447e-06 0.014446)
(2.92391e-06 -7.4118e-06 0.0144233)
(2.88965e-06 -5.57523e-06 0.0144633)
(2.73291e-06 -5.55037e-06 0.0144581)
(2.47719e-06 -5.44875e-06 0.0144464)
(2.1276e-06 -5.27887e-06 0.0144238)
(2.02116e-06 -3.88757e-06 0.0144633)
(1.91991e-06 -3.8674e-06 0.0144582)
(1.7481e-06 -3.79402e-06 0.0144466)
(1.50813e-06 -3.6736e-06 0.0144242)
(1.37018e-06 -2.60655e-06 0.0144632)
(1.30595e-06 -2.59138e-06 0.0144583)
(1.19325e-06 -2.54075e-06 0.0144468)
(1.0332e-06 -2.45896e-06 0.0144244)
(9.07293e-07 -1.65397e-06 0.0144632)
(8.67234e-07 -1.64301e-06 0.0144583)
(7.94762e-07 -1.60982e-06 0.0144469)
(6.90636e-07 -1.55733e-06 0.0144246)
(6.29464e-07 -1.01906e-06 0.0144632)
(6.03164e-07 -1.01074e-06 0.0144584)
(5.54127e-07 -9.88956e-07 0.014447)
(4.83948e-07 -9.5622e-07 0.0144248)
(0.00486584 -7.215e-05 0.00276465)
(0.00487642 0.00346289 0.00575462)
(0.00206902 0.0110414 0.00605881)
(-0.00550089 0.0323981 0.00232512)
(0.00077484 0.00137208 0.0185256)
(0.00131008 0.0024834 0.0182828)
(0.000619435 0.0041201 0.0143204)
(-0.000596222 0.00590687 0.0149765)
(0.000194154 -0.000587161 0.0115439)
(0.000340662 -0.000735959 0.011774)
(0.000173544 -0.000873939 0.0112914)
(8.64777e-05 -0.0010494 0.0112527)
(-2.28396e-05 -0.000952238 0.0132658)
(1.77718e-05 -0.00127689 0.0134557)
(0.000106183 -0.00159108 0.0134926)
(0.000182896 -0.00176516 0.0135425)
(-8.79803e-05 -0.000800553 0.0139078)
(-8.75046e-05 -0.00101275 0.0140563)
(-1.71363e-06 -0.00120311 0.0141147)
(0.000102224 -0.00130078 0.0140671)
(-8.49317e-05 -0.000577851 0.0141419)
(-9.13183e-05 -0.000682823 0.0142184)
(-3.42772e-05 -0.000769419 0.0142345)
(4.8025e-05 -0.00081095 0.0141622)
(-5.47564e-05 -0.000399462 0.0142576)
(-6.14169e-05 -0.000444192 0.014275)
(-2.80839e-05 -0.000477166 0.0142459)
(2.42964e-05 -0.000489084 0.014151)
(-2.41674e-05 -0.0002745 0.0143124)
(-3.0692e-05 -0.000290811 0.0142922)
(-1.40531e-05 -0.000300217 0.0142319)
(1.48319e-05 -0.0002999 0.0141193)
(-3.77849e-06 -0.00019031 0.0143385)
(-9.88351e-06 -0.000194592 0.0142966)
(-3.18511e-06 -0.000194931 0.0142177)
(1.08174e-05 -0.000190821 0.0140942)
(6.73152e-06 -0.000133609 0.0143526)
(1.351e-06 -0.000133334 0.0142988)
(2.91063e-06 -0.000130825 0.0142097)
(8.60651e-06 -0.000126286 0.0140798)
(1.07878e-05 -9.48891e-05 0.0143612)
(6.2672e-06 -9.32053e-05 0.0143012)
(5.48831e-06 -9.02497e-05 0.0142067)
(6.96923e-06 -8.63736e-05 0.0140733)
(1.13675e-05 -6.79997e-05 0.014367)
(7.69703e-06 -6.61284e-05 0.0143039)
(6.0442e-06 -6.35279e-05 0.0142066)
(5.59088e-06 -6.05166e-05 0.0140714)
(1.03473e-05 -4.90462e-05 0.0143714)
(7.43875e-06 -4.74026e-05 0.0143068)
(5.61864e-06 -4.53368e-05 0.0142081)
(4.41548e-06 -4.30958e-05 0.0140719)
(8.75306e-06 -3.55313e-05 0.0143747)
(6.48865e-06 -3.42111e-05 0.0143094)
(4.81011e-06 -3.26444e-05 0.0142101)
(3.4352e-06 -3.10108e-05 0.0140734)
(7.09147e-06 -2.5811e-05 0.0143772)
(5.35215e-06 -2.47951e-05 0.0143117)
(3.92586e-06 -2.36342e-05 0.0142121)
(2.63831e-06 -2.24552e-05 0.0140753)
(5.58474e-06 -1.87737e-05 0.0143792)
(4.26322e-06 -1.801e-05 0.0143136)
(3.10652e-06 -1.71604e-05 0.0142139)
(2.00424e-06 -1.63134e-05 0.014077)
(4.30851e-06 -1.36507e-05 0.0143807)
(3.31409e-06 -1.30845e-05 0.0143151)
(2.40429e-06 -1.24673e-05 0.0142155)
(1.50768e-06 -1.18604e-05 0.0140786)
(3.2678e-06 -9.90026e-06 0.0143819)
(2.52688e-06 -9.48499e-06 0.0143164)
(1.82757e-06 -9.03937e-06 0.0142167)
(1.12293e-06 -8.60563e-06 0.0140799)
(2.43709e-06 -7.13595e-06 0.0143828)
(1.89164e-06 -6.83473e-06 0.0143173)
(1.36516e-06 -6.51545e-06 0.0142177)
(8.26432e-07 -6.20713e-06 0.0140809)
(1.78114e-06 -5.07977e-06 0.0143834)
(1.38637e-06 -4.86465e-06 0.014318)
(9.98979e-07 -4.63889e-06 0.0142185)
(5.98103e-07 -4.4222e-06 0.0140817)
(1.26649e-06 -3.53378e-06 0.0143839)
(9.87904e-07 -3.384e-06 0.0143185)
(7.11058e-07 -3.22816e-06 0.014219)
(4.21998e-07 -3.07939e-06 0.0140822)
(8.69165e-07 -2.36477e-06 0.0143842)
(6.79052e-07 -2.26477e-06 0.0143189)
(4.88076e-07 -2.16192e-06 0.0142194)
(2.87089e-07 -2.0647e-06 0.0140827)
(5.80268e-07 -1.49746e-06 0.0143844)
(4.53631e-07 -1.43515e-06 0.0143191)
(3.2511e-07 -1.37308e-06 0.0142197)
(1.88473e-07 -1.31671e-06 0.0140829)
(4.04292e-07 -9.19978e-07 0.0143846)
(3.14565e-07 -8.85206e-07 0.0143194)
(2.1879e-07 -8.5372e-07 0.0142199)
(1.22585e-07 -8.27197e-07 0.0140832)
)
;
    }
}


// ************************************************************************* //
