/*--------------------------------*- C++ -*----------------------------------*\
  =========                 |
  \\      /  F ield         | OpenFOAM: The Open Source CFD Toolbox
   \\    /   O peration     | Website:  https://openfoam.org
    \\  /    A nd           | Version:  6
     \\/     M anipulation  |
\*---------------------------------------------------------------------------*/
FoamFile
{
    version     2.0;
    format      ascii;
    class       volVectorField;
    location    "0.07";
    object      U;
}
// * * * * * * * * * * * * * * * * * * * * * * * * * * * * * * * * * * * * * //

dimensions      [0 1 -1 0 0 0 0];

internalField   nonuniform List<vector> 
1152
(
(-0.00229541 0.00246803 0.000192209)
(0.000771921 -1.40131e-05 0.0102477)
(0.00383771 0.0109894 -0.0026231)
(-0.000792711 0.00488885 0.00126067)
(-0.000598687 -0.000288667 0.0062452)
(-0.00128818 -0.0014768 0.0118396)
(0.00338273 0.0113631 0.00053694)
(-0.000661474 0.0032981 0.00724184)
(0.0064933 -0.000150954 0.0129384)
(-0.00114151 -0.00212967 0.0138366)
(-0.0015304 0.00403924 0.00957813)
(0.00420828 0.00320378 0.00565823)
(0.00531557 -0.000851276 0.0123963)
(0.000478113 -0.00594092 0.01364)
(-0.000249557 -0.00127267 0.0133985)
(0.00451005 -0.00311166 0.00836358)
(-0.000468329 -0.000480235 0.017411)
(1.89918e-05 -0.00140418 0.0163425)
(0.000693616 -0.000802828 0.0156751)
(0.000181679 -0.00189918 0.019045)
(-0.00110817 -0.00127947 0.0192987)
(-0.000604154 -0.00217838 0.0179891)
(-9.66497e-05 -0.00188054 0.0188276)
(-0.000387608 -0.00231208 0.0220927)
(-0.000805187 -0.000209297 0.0206507)
(-0.000544715 -0.00101981 0.0190719)
(0.000262277 -0.000977428 0.0199254)
(0.00104515 -0.000256263 0.0225835)
(-0.00136411 0.00155248 0.0207709)
(-0.000475018 0.000896005 0.0198727)
(0.000878175 0.000862915 0.0192387)
(0.00217291 0.000991786 0.0195335)
(0.00031767 -0.0011494 0.0127201)
(0.000169506 -0.00127114 0.0128488)
(-0.000131345 -0.000964604 0.012348)
(-0.000505454 -0.000608379 0.0127894)
(0.000260184 -0.00115531 0.0135492)
(0.00020269 -0.00124365 0.0135418)
(-8.36419e-06 -0.00110475 0.013186)
(-0.000175773 -0.000680205 0.0136808)
(0.000273346 -0.000581411 0.0141412)
(0.000344126 -0.000677744 0.0138745)
(0.000356639 -0.000610855 0.013432)
(0.000337992 -8.67084e-05 0.0132529)
(6.80716e-05 0.000113211 0.0138926)
(0.00033479 -1.53744e-05 0.0135913)
(0.000609672 -8.01775e-05 0.0128948)
(0.000714924 0.000135974 0.0121103)
(0.000376168 -0.000902297 0.0136223)
(0.000255286 -0.000836344 0.0136534)
(5.06014e-05 -0.000632737 0.013666)
(-0.000101819 -0.00037661 0.0140096)
(0.000426274 -0.000815357 0.0140506)
(0.000349884 -0.000695692 0.0139586)
(0.000198833 -0.0005134 0.0138327)
(9.22707e-05 -0.000247168 0.0139801)
(0.000483626 -0.000578903 0.0143103)
(0.000454046 -0.000488055 0.0140557)
(0.00036102 -0.000355513 0.0137725)
(0.000253819 -0.000127783 0.0136465)
(0.00045116 -0.000358144 0.0143141)
(0.000472537 -0.000357327 0.0139683)
(0.000438584 -0.000341249 0.0135687)
(0.000319415 -0.000276606 0.0132513)
(0.000283493 -0.000612696 0.0138587)
(0.000160355 -0.000540952 0.013827)
(9.63062e-06 -0.000410774 0.0138553)
(-9.87059e-05 -0.000257373 0.0139832)
(0.000332084 -0.000571981 0.0141001)
(0.000242722 -0.000469819 0.0140054)
(0.000125233 -0.000339469 0.0139553)
(3.2301e-05 -0.000193596 0.0139929)
(0.00038663 -0.000493225 0.0142481)
(0.000317714 -0.000409805 0.0140726)
(0.000217131 -0.00031645 0.0139411)
(0.000114884 -0.000218822 0.0138883)
(0.000404269 -0.000428598 0.0143157)
(0.000345848 -0.000401771 0.0140874)
(0.000248374 -0.000383072 0.013901)
(0.000124228 -0.000380701 0.0137971)
(0.000220783 -0.000425222 0.014005)
(0.000113024 -0.00038228 0.0139683)
(7.31647e-07 -0.000315612 0.0139779)
(-8.02244e-05 -0.000243494 0.0140261)
(0.00025338 -0.000419386 0.0141558)
(0.000164931 -0.00036342 0.0140892)
(6.79184e-05 -0.000295751 0.014061)
(-9.03004e-06 -0.000228355 0.0140699)
(0.000288197 -0.000398593 0.0142591)
(0.000209929 -0.000353481 0.014156)
(0.000118129 -0.000307047 0.0140907)
(3.47712e-05 -0.000267786 0.0140655)
(0.000307407 -0.000381169 0.0143312)
(0.000230002 -0.000364277 0.0142023)
(0.000133103 -0.000356501 0.0141147)
(3.62331e-05 -0.000365432 0.0140777)
(0.0001719 -0.000299602 0.0141468)
(9.14143e-05 -0.000276987 0.0141111)
(1.14513e-05 -0.00024525 0.0141001)
(-4.8293e-05 -0.000212834 0.0141024)
(0.000191056 -0.00030866 0.014252)
(0.000120201 -0.000281708 0.0142031)
(4.68782e-05 -0.000250143 0.0141773)
(-1.17121e-05 -0.000220391 0.0141675)
(0.000209647 -0.000307935 0.0143325)
(0.00014407 -0.000287566 0.0142681)
(7.26998e-05 -0.000267114 0.0142276)
(1.09722e-05 -0.000251408 0.0142071)
(0.000219504 -0.000303967 0.014398)
(0.000154502 -0.000297872 0.0143226)
(8.00757e-05 -0.000296094 0.0142747)
(1.20003e-05 -0.000302701 0.0142536)
(0.000129601 -0.000212574 0.0142577)
(7.51221e-05 -0.000200634 0.0142256)
(2.12068e-05 -0.000185135 0.0142037)
(-2.11512e-05 -0.000169857 0.0141823)
(0.000140133 -0.000226021 0.0143363)
(9.0481e-05 -0.000213299 0.0142994)
(3.9699e-05 -0.000198528 0.0142737)
(-1.94393e-06 -0.000184719 0.0142526)
(0.000149075 -0.000231534 0.0144)
(0.000102478 -0.00022298 0.0143571)
(5.29659e-05 -0.000214004 0.0143271)
(1.0412e-05 -0.000206876 0.0143049)
(0.000152761 -0.000231496 0.0144545)
(0.000107212 -0.00023033 0.0144077)
(5.69317e-05 -0.000230338 0.0143762)
(1.21633e-05 -0.000233284 0.0143561)
(9.51534e-05 -0.000151745 0.0143366)
(5.98389e-05 -0.000145046 0.0143092)
(2.44452e-05 -0.000136761 0.0142828)
(-4.76288e-06 -0.000128644 0.0142497)
(0.000100926 -0.000164959 0.0143985)
(6.82636e-05 -0.000158639 0.0143701)
(3.46543e-05 -0.000151123 0.014345)
(6.18559e-06 -0.000143812 0.0143175)
(0.000105089 -0.000171734 0.014449)
(7.44384e-05 -0.000168088 0.014419)
(4.1978e-05 -0.000163684 0.0143941)
(1.37194e-05 -0.000159534 0.0143694)
(0.000106042 -0.000172899 0.0144924)
(7.66409e-05 -0.000173224 0.0144615)
(4.46084e-05 -0.000173262 0.0144373)
(1.60565e-05 -0.000173711 0.0144152)
(6.89527e-05 -0.000108926 0.0143919)
(4.63134e-05 -0.000104862 0.0143686)
(2.31979e-05 -9.9919e-05 0.0143411)
(3.28517e-06 -9.49782e-05 0.0143025)
(7.22533e-05 -0.000120237 0.0144424)
(5.12412e-05 -0.00011678 0.0144201)
(2.93238e-05 -0.000112455 0.0143962)
(1.01438e-05 -0.000107949 0.0143654)
(7.42699e-05 -0.000126516 0.0144828)
(5.4698e-05 -0.000124782 0.0144607)
(3.38261e-05 -0.000122186 0.0144389)
(1.52665e-05 -0.000119195 0.0144126)
(7.43081e-05 -0.000128006 0.0145168)
(5.59333e-05 -0.000128501 0.014495)
(3.59072e-05 -0.000128199 0.0144745)
(1.7768e-05 -0.000127377 0.0144508)
(4.97586e-05 -7.85291e-05 0.0144305)
(3.51667e-05 -7.58715e-05 0.0144106)
(1.99643e-05 -7.26187e-05 0.0143832)
(6.39255e-06 -6.92589e-05 0.0143422)
(5.1781e-05 -8.7606e-05 0.014473)
(3.82817e-05 -8.54883e-05 0.014455)
(2.39581e-05 -8.26812e-05 0.0144323)
(1.1038e-05 -7.95547e-05 0.0144002)
(5.28738e-05 -9.28723e-05 0.0145058)
(4.04464e-05 -9.1871e-05 0.0144888)
(2.70174e-05 -9.00651e-05 0.014469)
(1.4775e-05 -8.76889e-05 0.0144419)
(5.27294e-05 -9.4355e-05 0.0145323)
(4.13281e-05 -9.46648e-05 0.014516)
(2.87777e-05 -9.41102e-05 0.0144978)
(1.71224e-05 -9.28149e-05 0.0144732)
(3.59124e-05 -5.67922e-05 0.0144574)
(2.63949e-05 -5.49466e-05 0.0144401)
(1.62796e-05 -5.26523e-05 0.0144135)
(6.98106e-06 -5.0208e-05 0.0143715)
(3.72469e-05 -6.38309e-05 0.0144943)
(2.85048e-05 -6.23977e-05 0.0144793)
(1.90534e-05 -6.04108e-05 0.0144578)
(1.0291e-05 -5.80926e-05 0.0144252)
(3.79366e-05 -6.80437e-05 0.0145213)
(3.00016e-05 -6.73429e-05 0.0145077)
(2.12755e-05 -6.59617e-05 0.0144895)
(1.31082e-05 -6.4034e-05 0.0144622)
(3.78371e-05 -6.93829e-05 0.0145421)
(3.07284e-05 -6.94889e-05 0.0145293)
(2.27647e-05 -6.88341e-05 0.0145127)
(1.51422e-05 -6.74864e-05 0.0144879)
(2.59623e-05 -4.11615e-05 0.0144763)
(1.96698e-05 -3.9826e-05 0.014461)
(1.28544e-05 -3.81405e-05 0.0144351)
(6.43621e-06 -3.63027e-05 0.0143929)
(2.68982e-05 -4.6515e-05 0.0145092)
(2.1172e-05 -4.54762e-05 0.0144963)
(1.48594e-05 -4.39992e-05 0.0144758)
(8.86129e-06 -4.22309e-05 0.0144432)
(2.73945e-05 -4.97994e-05 0.0145319)
(2.22757e-05 -4.92488e-05 0.0145206)
(1.65297e-05 -4.81543e-05 0.0145036)
(1.10079e-05 -4.66026e-05 0.0144764)
(2.7376e-05 -5.09463e-05 0.0145485)
(2.28989e-05 -5.09135e-05 0.014538)
(1.77636e-05 -5.02674e-05 0.0145226)
(1.26845e-05 -4.9054e-05 0.0144979)
(1.88039e-05 -2.98768e-05 0.0144896)
(1.45888e-05 -2.88867e-05 0.0144757)
(9.94243e-06 -2.76232e-05 0.0144506)
(5.47811e-06 -2.62247e-05 0.0144085)
(1.94877e-05 -3.39017e-05 0.0145196)
(1.5691e-05 -3.31199e-05 0.0145082)
(1.14233e-05 -3.19974e-05 0.0144887)
(7.27817e-06 -3.06382e-05 0.0144563)
(1.98728e-05 -3.64227e-05 0.0145393)
(1.65313e-05 -3.59717e-05 0.0145295)
(1.26954e-05 -3.51002e-05 0.0145135)
(8.91393e-06 -3.38699e-05 0.0144866)
(1.99147e-05 -3.73711e-05 0.0145526)
(1.70608e-05 -3.72648e-05 0.0145437)
(1.36943e-05 -3.66852e-05 0.0145293)
(1.02515e-05 -3.56683e-05 0.0145049)
(1.36392e-05 -2.17049e-05 0.0144991)
(1.0782e-05 -2.09619e-05 0.0144863)
(7.5814e-06 -2.00076e-05 0.0144618)
(4.45414e-06 -1.89423e-05 0.0144198)
(1.41501e-05 -2.47082e-05 0.014527)
(1.16031e-05 -2.41102e-05 0.0145167)
(8.68555e-06 -2.32519e-05 0.0144978)
(5.79625e-06 -2.22093e-05 0.0144657)
(1.44575e-05 -2.6623e-05 0.0145444)
(1.225e-05 -2.62528e-05 0.0145358)
(9.65614e-06 -2.55641e-05 0.0145204)
(7.03733e-06 -2.46032e-05 0.0144939)
(1.45317e-05 -2.73878e-05 0.0145554)
(1.26896e-05 -2.72536e-05 0.0145476)
(1.04484e-05 -2.67629e-05 0.0145339)
(8.08074e-06 -2.59453e-05 0.0145099)
(9.89992e-06 -1.57705e-05 0.0145059)
(7.94332e-06 -1.5211e-05 0.0144938)
(5.71962e-06 -1.44902e-05 0.0144698)
(3.51607e-06 -1.36817e-05 0.014428)
(1.02851e-05 -1.79992e-05 0.0145322)
(8.55841e-06 -1.75405e-05 0.0145228)
(6.54475e-06 -1.68853e-05 0.0145044)
(4.51639e-06 -1.60905e-05 0.0144725)
(1.0531e-05 -1.94419e-05 0.0145479)
(9.0562e-06 -1.9142e-05 0.0145402)
(7.28254e-06 -1.86041e-05 0.0145254)
(5.45233e-06 -1.78637e-05 0.0144992)
(1.06159e-05 -2.00468e-05 0.0145572)
(9.41247e-06 -1.99117e-05 0.0145503)
(7.90009e-06 -1.95121e-05 0.0145372)
(6.25311e-06 -1.8872e-05 0.0145136)
(7.18194e-06 -1.1448e-05 0.0145107)
(5.83121e-06 -1.10273e-05 0.0144992)
(4.27625e-06 -1.0485e-05 0.0144755)
(2.71711e-06 -9.87565e-06 0.0144339)
(7.47262e-06 -1.30934e-05 0.0145359)
(6.29163e-06 -1.2743e-05 0.0145271)
(4.89149e-06 -1.22459e-05 0.0145091)
(3.46022e-06 -1.16449e-05 0.0144775)
(7.66734e-06 -1.41726e-05 0.0145505)
(6.67224e-06 -1.39339e-05 0.0145433)
(5.44861e-06 -1.35191e-05 0.014529)
(4.1611e-06 -1.29557e-05 0.014503)
(7.74972e-06 -1.46434e-05 0.0145585)
(6.95469e-06 -1.45212e-05 0.0145522)
(5.92285e-06 -1.42047e-05 0.0145395)
(4.76772e-06 -1.37132e-05 0.0145162)
(5.19693e-06 -8.28678e-06 0.0145142)
(4.25957e-06 -7.97243e-06 0.0145031)
(3.16829e-06 -7.56731e-06 0.0144797)
(2.0633e-06 -7.1121e-06 0.0144383)
(5.41515e-06 -9.49433e-06 0.0145386)
(4.6024e-06 -9.22903e-06 0.0145302)
(3.62444e-06 -8.85532e-06 0.0145126)
(2.61208e-06 -8.40532e-06 0.0144811)
(5.56704e-06 -1.02952e-05 0.0145522)
(4.89052e-06 -1.01088e-05 0.0145456)
(4.04142e-06 -9.79339e-06 0.0145315)
(3.13259e-06 -9.36986e-06 0.0145058)
(5.64e-06 -1.06561e-05 0.0145594)
(5.10993e-06 -1.05527e-05 0.0145535)
(4.40049e-06 -1.03076e-05 0.0145412)
(3.58665e-06 -9.93604e-06 0.0145181)
(3.7381e-06 -5.9614e-06 0.0145166)
(3.08697e-06 -5.72887e-06 0.0145058)
(2.32156e-06 -5.4296e-06 0.0144827)
(1.54023e-06 -5.09356e-06 0.0144414)
(3.90021e-06 -6.83982e-06 0.0145405)
(3.33974e-06 -6.64154e-06 0.0145324)
(2.6565e-06 -6.36409e-06 0.014515)
(1.94168e-06 -6.03135e-06 0.0144837)
(4.01645e-06 -7.42783e-06 0.0145535)
(3.5549e-06 -7.2853e-06 0.0145472)
(2.96486e-06 -7.0492e-06 0.0145334)
(2.32399e-06 -6.73524e-06 0.0145078)
(4.07723e-06 -7.69999e-06 0.01456)
(3.72183e-06 -7.61649e-06 0.0145545)
(3.23256e-06 -7.43066e-06 0.0145424)
(2.65936e-06 -7.15431e-06 0.0145195)
(2.65709e-06 -4.23615e-06 0.0145184)
(2.20741e-06 -4.06697e-06 0.0145078)
(1.67447e-06 -3.84959e-06 0.0144848)
(1.12681e-06 -3.60578e-06 0.0144436)
(2.77545e-06 -4.86591e-06 0.0145418)
(2.39078e-06 -4.72051e-06 0.014534)
(1.91654e-06 -4.51821e-06 0.0145167)
(1.41599e-06 -4.27653e-06 0.0144855)
(2.86228e-06 -5.29068e-06 0.0145544)
(2.5484e-06 -5.1844e-06 0.0145483)
(2.14062e-06 -5.01123e-06 0.0145347)
(1.69222e-06 -4.78282e-06 0.0145092)
(2.91044e-06 -5.49163e-06 0.0145604)
(2.67232e-06 -5.42691e-06 0.0145551)
(2.33628e-06 -5.28941e-06 0.0145433)
(1.93552e-06 -5.08793e-06 0.0145205)
(1.84959e-06 -2.94279e-06 0.0145196)
(1.54421e-06 -2.8228e-06 0.0145092)
(1.17975e-06 -2.66899e-06 0.0144863)
(8.03103e-07 -2.49678e-06 0.0144451)
(1.93378e-06 -3.38328e-06 0.0145428)
(1.67384e-06 -3.27955e-06 0.0145351)
(1.35025e-06 -3.13603e-06 0.014518)
(1.00613e-06 -2.96516e-06 0.0144868)
(1.99661e-06 -3.68219e-06 0.014555)
(1.78611e-06 -3.60547e-06 0.0145491)
(1.50877e-06 -3.48208e-06 0.0145356)
(1.2006e-06 -3.32046e-06 0.0145103)
(2.03299e-06 -3.82614e-06 0.0145607)
(1.87521e-06 -3.7781e-06 0.0145556)
(1.64778e-06 -3.67955e-06 0.0145438)
(1.37245e-06 -3.5368e-06 0.0145212)
(1.24845e-06 -1.96801e-06 0.0145204)
(1.04746e-06 -1.88571e-06 0.0145101)
(8.0591e-07 -1.78067e-06 0.0144873)
(5.54754e-07 -1.66327e-06 0.0144462)
(1.30636e-06 -2.2642e-06 0.0145434)
(1.13589e-06 -2.19279e-06 0.0145358)
(9.21724e-07 -2.09464e-06 0.0145188)
(6.92117e-07 -1.97823e-06 0.0144877)
(1.35022e-06 -2.46624e-06 0.0145555)
(1.21296e-06 -2.41293e-06 0.0145496)
(1.02974e-06 -2.32834e-06 0.0145363)
(8.23982e-07 -2.21835e-06 0.014511)
(1.37651e-06 -2.56506e-06 0.0145609)
(1.27451e-06 -2.53096e-06 0.0145559)
(1.12472e-06 -2.46317e-06 0.0145443)
(9.409e-07 -2.36608e-06 0.0145217)
(8.21852e-07 -1.24758e-06 0.014521)
(6.95568e-07 -1.19273e-06 0.0145107)
(5.42428e-07 -1.12418e-06 0.014488)
(3.8139e-07 -1.0488e-06 0.0144469)
(8.60705e-07 -1.43662e-06 0.0145438)
(7.53517e-07 -1.38893e-06 0.0145363)
(6.17155e-07 -1.32461e-06 0.0145193)
(4.68681e-07 -1.24936e-06 0.0144883)
(8.90731e-07 -1.5662e-06 0.0145557)
(8.04506e-07 -1.5302e-06 0.01455)
(6.87478e-07 -1.47459e-06 0.0145367)
(5.53615e-07 -1.40343e-06 0.0145114)
(9.09449e-07 -1.63069e-06 0.014561)
(8.45529e-07 -1.60719e-06 0.0145561)
(7.49616e-07 -1.56253e-06 0.0145445)
(6.29834e-07 -1.49981e-06 0.014522)
(5.6197e-07 -7.74459e-07 0.0145214)
(4.79311e-07 -7.3343e-07 0.0145112)
(3.76578e-07 -6.82181e-07 0.0144884)
(2.65457e-07 -6.25251e-07 0.0144474)
(5.90501e-07 -8.92485e-07 0.0145441)
(5.21248e-07 -8.57689e-07 0.0145367)
(4.30794e-07 -8.11463e-07 0.0145197)
(3.28819e-07 -7.5724e-07 0.0144887)
(6.13061e-07 -9.74203e-07 0.0145559)
(5.57581e-07 -9.47916e-07 0.0145502)
(4.8029e-07 -9.09147e-07 0.014537)
(3.88869e-07 -8.60495e-07 0.0145118)
(6.2779e-07 -1.01576e-06 0.0145611)
(5.8658e-07 -9.98395e-07 0.0145562)
(5.22946e-07 -9.67938e-07 0.0145447)
(4.41731e-07 -9.2682e-07 0.0145223)
(-0.0150186 -0.000239177 0.014349)
(0.0043277 0.00202623 0.00197798)
(-0.00477136 -0.00202622 0.0096509)
(0.00028768 0.00259926 0.00169611)
(-0.00456331 0.00118856 0.0131715)
(0.000497879 0.00387799 0.00695933)
(0.000309904 0.00601992 0.00529561)
(-0.00151214 0.00284368 0.00349034)
(-0.00135215 0.00180561 0.011954)
(-0.00147371 0.0016566 0.0123056)
(-0.00230079 0.00414291 0.0109034)
(0.000555385 0.00380504 0.00579348)
(-0.0012426 0.00327182 0.00557089)
(-0.0012454 0.0013045 0.0115789)
(-0.00124472 0.0028126 0.00454568)
(0.000127208 0.00175573 0.0024998)
(-0.00263018 -0.000674089 0.0157911)
(0.00111076 -0.000716926 0.00946853)
(-0.000234037 -0.000100193 0.0152736)
(0.00146882 0.000318749 0.0256386)
(-0.000725301 -0.000365612 0.0146579)
(0.00152172 -0.00145068 0.0130736)
(0.000939323 0.000304136 0.0170128)
(0.00156281 -0.00047074 0.0240574)
(-0.000438582 0.00067788 0.0145437)
(0.000846918 -0.000691109 0.0146043)
(0.00117311 0.000746375 0.0168735)
(0.00138685 -0.000136201 0.0215525)
(-0.000666976 0.000809443 0.0147774)
(0.000313022 -0.000147904 0.015115)
(0.00116091 0.000811687 0.0159935)
(0.000959549 -0.000338917 0.0196344)
(0.000783103 3.36398e-07 0.0109557)
(0.000269857 -0.000481078 0.00871927)
(-0.00136041 -0.000764473 0.0113611)
(-0.000645592 -0.000298245 0.0130068)
(0.000718601 -0.00017194 0.0113693)
(0.00041701 -0.00110474 0.0104197)
(-0.000856176 -0.000759956 0.0118206)
(-0.000662339 -0.000227824 0.013194)
(0.000497995 -0.000387172 0.011662)
(0.000288779 -0.00108918 0.0116616)
(-0.000457389 -0.000693906 0.0122467)
(-0.000552911 -0.000280288 0.0130812)
(0.000331717 -0.000730917 0.011857)
(0.000175623 -0.00102938 0.0121659)
(-0.000241332 -0.000683896 0.0121241)
(-0.000516318 -0.000402271 0.0127477)
(0.000706511 -4.23179e-05 0.0122695)
(3.16243e-05 -0.00030644 0.0116197)
(-0.000738052 -0.000506008 0.01304)
(-0.000442672 -0.000352783 0.0144974)
(0.000584821 -0.000281128 0.0124269)
(0.00011706 -0.000678986 0.0121993)
(-0.000519201 -0.000590947 0.0132072)
(-0.000417477 -0.000336528 0.0144144)
(0.000457533 -0.00052581 0.012706)
(0.000145038 -0.000762133 0.0127755)
(-0.000299473 -0.000579665 0.0133949)
(-0.000366512 -0.000314984 0.014275)
(0.000389855 -0.000764998 0.013078)
(0.00019381 -0.000808281 0.013198)
(-0.000100663 -0.000611377 0.0134781)
(-0.000270788 -0.000378963 0.0140835)
(0.000336862 -6.12189e-05 0.0128108)
(-0.000113807 -0.00018666 0.0126274)
(-0.00047974 -0.000312013 0.0132177)
(-0.000365077 -0.000275193 0.0138338)
(0.000306513 -0.000244446 0.0130005)
(-4.57414e-05 -0.000384788 0.0129424)
(-0.00037464 -0.000367178 0.0133938)
(-0.000351878 -0.000253582 0.013908)
(0.000276357 -0.000416293 0.0132431)
(1.46271e-05 -0.00047786 0.0132564)
(-0.000249647 -0.000390708 0.0135472)
(-0.000306831 -0.000248439 0.0139254)
(0.000269936 -0.00055413 0.0135319)
(8.88416e-05 -0.000533883 0.0135384)
(-0.000113492 -0.000420473 0.0136752)
(-0.000227464 -0.000278054 0.0139141)
(0.00018035 -5.26194e-05 0.0132347)
(-8.63658e-05 -0.000110275 0.0131955)
(-0.000271975 -0.000186334 0.0134587)
(-0.000247863 -0.00020441 0.0137551)
(0.000185482 -0.000183131 0.0134119)
(-3.99508e-05 -0.000231683 0.0133995)
(-0.000217568 -0.00023858 0.0136036)
(-0.00023369 -0.00020951 0.0138443)
(0.000189928 -0.000298949 0.0136039)
(7.57714e-06 -0.000310523 0.0136007)
(-0.000150598 -0.000274702 0.0137324)
(-0.000204486 -0.000219907 0.0139044)
(0.000202049 -0.000385327 0.0138049)
(6.2822e-05 -0.000362799 0.0137874)
(-7.19559e-05 -0.000306536 0.0138454)
(-0.000155528 -0.000242669 0.0139443)
(0.000119073 -3.78411e-05 0.013542)
(-3.94378e-05 -6.36872e-05 0.0135273)
(-0.000146892 -0.000110182 0.0136325)
(-0.000158759 -0.000140885 0.013763)
(0.000131428 -0.000128565 0.0137063)
(-8.40287e-06 -0.000144349 0.013693)
(-0.000114052 -0.000155616 0.0137705)
(-0.000144327 -0.00015734 0.0138688)
(0.000143084 -0.000207411 0.0138642)
(2.41387e-05 -0.0002059 0.0138475)
(-7.5085e-05 -0.000192656 0.0138914)
(-0.000122832 -0.000175983 0.0139526)
(0.000156865 -0.00026662 0.014012)
(6.03128e-05 -0.000250788 0.0139854)
(-2.9311e-05 -0.000224213 0.0139948)
(-9.09767e-05 -0.000197408 0.0140173)
(8.67735e-05 -2.54886e-05 0.0137492)
(-8.96338e-06 -3.66143e-05 0.0137345)
(-7.61579e-05 -6.50867e-05 0.013769)
(-9.7585e-05 -9.32747e-05 0.0138211)
(9.77581e-05 -8.81308e-05 0.0139042)
(1.17142e-05 -9.22717e-05 0.0138854)
(-5.44168e-05 -0.000101905 0.0139037)
(-8.43847e-05 -0.000112089 0.0139335)
(0.000108327 -0.000142683 0.0140409)
(3.32557e-05 -0.000138529 0.0140176)
(-3.00245e-05 -0.000134 0.0140191)
(-6.8169e-05 -0.000131503 0.0140263)
(0.000119292 -0.000185093 0.0141579)
(5.63144e-05 -0.000174694 0.0141294)
(-2.2272e-06 -0.000161628 0.0141148)
(-4.66382e-05 -0.000150318 0.0141002)
(6.4479e-05 -1.69323e-05 0.0138857)
(5.1981e-06 -2.14202e-05 0.0138684)
(-3.8769e-05 -3.90469e-05 0.0138704)
(-5.94842e-05 -6.09852e-05 0.0138835)
(7.26287e-05 -6.03656e-05 0.0140346)
(1.91095e-05 -6.0523e-05 0.0140126)
(-2.36587e-05 -6.74519e-05 0.0140034)
(-4.83769e-05 -7.7862e-05 0.013999)
(8.05719e-05 -9.86957e-05 0.0141581)
(3.3412e-05 -9.4698e-05 0.0141331)
(-7.49928e-06 -9.31505e-05 0.0141149)
(-3.60644e-05 -9.48444e-05 0.0140953)
(8.84188e-05 -0.000129604 0.0142571)
(4.82527e-05 -0.000122711 0.01423)
(1.0226e-05 -0.000115602 0.0142047)
(-2.10239e-05 -0.000110324 0.014172)
(4.78205e-05 -1.13443e-05 0.0139765)
(1.00816e-05 -1.28981e-05 0.0139579)
(-1.94842e-05 -2.39881e-05 0.0139448)
(-3.65269e-05 -4.00394e-05 0.0139381)
(5.35253e-05 -4.17341e-05 0.0141214)
(1.95578e-05 -4.06869e-05 0.0140986)
(-8.75985e-06 -4.53501e-05 0.0140767)
(-2.76744e-05 -5.38039e-05 0.014055)
(5.91396e-05 -6.89757e-05 0.0142369)
(2.91795e-05 -6.57394e-05 0.0142124)
(2.32336e-06 -6.51112e-05 0.0141852)
(-1.84016e-05 -6.75132e-05 0.0141522)
(6.45624e-05 -9.1628e-05 0.0143248)
(3.89333e-05 -8.69438e-05 0.0143002)
(1.40877e-05 -8.26054e-05 0.0142706)
(-7.68005e-06 -7.97118e-05 0.0142291)
(3.52934e-05 -7.71269e-06 0.0140377)
(1.06173e-05 -8.01033e-06 0.0140191)
(-9.6397e-06 -1.51153e-05 0.0139989)
(-2.27648e-05 -2.65612e-05 0.0139818)
(3.92164e-05 -2.91762e-05 0.0141801)
(1.71521e-05 -2.79089e-05 0.0141578)
(-1.95761e-06 -3.09591e-05 0.01413)
(-1.59403e-05 -3.7265e-05 0.0140991)
(4.31108e-05 -4.86955e-05 0.0142905)
(2.37267e-05 -4.62122e-05 0.0142674)
(5.80888e-06 -4.58289e-05 0.0142362)
(-9.0139e-06 -4.78877e-05 0.0141962)
(4.68391e-05 -6.53133e-05 0.0143714)
(3.02883e-05 -6.20441e-05 0.0143493)
(1.38544e-05 -5.91306e-05 0.0143181)
(-1.28543e-06 -5.72506e-05 0.0142725)
(2.59441e-05 -5.32055e-06 0.0140797)
(9.44055e-06 -5.11625e-06 0.0140616)
(-4.61922e-06 -9.7445e-06 0.014038)
(-1.44156e-05 -1.78224e-05 0.0140152)
(2.86371e-05 -2.05987e-05 0.0142205)
(1.39954e-05 -1.94361e-05 0.014199)
(9.07984e-07 -2.14058e-05 0.0141684)
(-9.2615e-06 -2.59367e-05 0.0141327)
(3.13345e-05 -3.46603e-05 0.0143276)
(1.85537e-05 -3.27859e-05 0.0143058)
(6.42278e-06 -3.24567e-05 0.014273)
(-4.12303e-06 -3.3981e-05 0.0142294)
(3.39175e-05 -4.6843e-05 0.0144038)
(2.3062e-05 -4.45075e-05 0.0143838)
(1.20424e-05 -4.24228e-05 0.0143523)
(1.4812e-06 -4.10499e-05 0.0143047)
(1.9017e-05 -3.71583e-06 0.0141089)
(7.77961e-06 -3.3457e-06 0.0140914)
(-2.06944e-06 -6.40387e-06 0.0140662)
(-9.26644e-06 -1.2086e-05 0.0140402)
(2.08748e-05 -1.46562e-05 0.0142486)
(1.0983e-05 -1.36839e-05 0.014228)
(1.91735e-06 -1.49481e-05 0.0141962)
(-5.42399e-06 -1.81477e-05 0.0141576)
(2.27531e-05 -2.48209e-05 0.0143534)
(1.41821e-05 -2.3411e-05 0.0143329)
(5.86639e-06 -2.30997e-05 0.0142995)
(-1.63095e-06 -2.41572e-05 0.0142538)
(2.45636e-05 -3.37426e-05 0.0144265)
(1.73334e-05 -3.20442e-05 0.0144081)
(9.84869e-06 -3.04992e-05 0.0143769)
(2.44608e-06 -2.94385e-05 0.0143283)
(1.39115e-05 -2.62034e-06 0.0141293)
(6.15356e-06 -2.23001e-06 0.0141126)
(-7.92982e-07 -4.27521e-06 0.0140866)
(-6.03737e-06 -8.27286e-06 0.0140587)
(1.5202e-05 -1.04884e-05 0.0142683)
(8.42268e-06 -9.70892e-06 0.0142486)
(2.08722e-06 -1.05184e-05 0.0142162)
(-3.19642e-06 -1.27612e-05 0.014176)
(1.652e-05 -1.78521e-05 0.0143716)
(1.06893e-05 -1.6792e-05 0.0143521)
(4.9303e-06 -1.65032e-05 0.0143186)
(-4.06758e-07 -1.72132e-05 0.0142718)
(1.78033e-05 -2.4379e-05 0.0144425)
(1.29209e-05 -2.31292e-05 0.0144254)
(7.77953e-06 -2.19657e-05 0.0143945)
(2.56409e-06 -2.11319e-05 0.0143455)
(1.01613e-05 -1.8612e-06 0.0141438)
(4.74911e-06 -1.50904e-06 0.0141276)
(-1.75548e-07 -2.8909e-06 0.0141013)
(-3.98108e-06 -5.70864e-06 0.0140722)
(1.10641e-05 -7.5364e-06 0.0142823)
(6.36512e-06 -6.92613e-06 0.0142632)
(1.90718e-06 -7.44434e-06 0.0142306)
(-1.89219e-06 -9.01333e-06 0.0141895)
(1.19955e-05 -1.28779e-05 0.0143845)
(7.98229e-06 -1.20811e-05 0.0143659)
(3.9608e-06 -1.18248e-05 0.0143323)
(1.53762e-07 -1.22935e-05 0.0142849)
(1.29135e-05 -1.76481e-05 0.0144539)
(9.57723e-06 -1.67223e-05 0.0144377)
(6.0119e-06 -1.58418e-05 0.0144072)
(2.31979e-06 -1.51872e-05 0.0143581)
(7.41127e-06 -1.32857e-06 0.0141541)
(3.60631e-06 -1.03323e-06 0.0141384)
(1.01902e-07 -1.97505e-06 0.0141119)
(-2.65313e-06 -3.96591e-06 0.0140821)
(8.04644e-06 -5.42897e-06 0.0142923)
(4.76146e-06 -4.95858e-06 0.0142737)
(1.60836e-06 -5.29085e-06 0.014241)
(-1.12352e-06 -6.38928e-06 0.0141993)
(8.7085e-06 -9.30514e-06 0.0143937)
(5.92067e-06 -8.70746e-06 0.0143757)
(3.09424e-06 -8.48934e-06 0.0143422)
(3.73259e-07 -8.79638e-06 0.0142945)
(9.36938e-06 -1.27873e-05 0.014462)
(7.06728e-06 -1.20998e-05 0.0144465)
(4.57593e-06 -1.14343e-05 0.0144163)
(1.95197e-06 -1.09251e-05 0.0143672)
(5.39457e-06 -9.5096e-07 0.0141615)
(2.70583e-06 -7.13569e-07 0.0141462)
(2.06563e-07 -1.35998e-06 0.0141196)
(-1.78415e-06 -2.76938e-06 0.0140893)
(5.84332e-06 -3.91416e-06 0.0142994)
(3.5331e-06 -3.55602e-06 0.0142813)
(1.2954e-06 -3.76964e-06 0.0142485)
(-6.68287e-07 -4.53989e-06 0.0142065)
(6.31558e-06 -6.72489e-06 0.0144003)
(4.36595e-06 -6.27829e-06 0.0143827)
(2.37052e-06 -6.09901e-06 0.0143493)
(4.2361e-07 -6.29967e-06 0.0143014)
(6.79289e-06 -9.26179e-06 0.0144678)
(5.19261e-06 -8.7519e-06 0.0144528)
(3.44211e-06 -8.25133e-06 0.0144229)
(1.57255e-06 -7.85971e-06 0.0143738)
(3.91278e-06 -6.80698e-07 0.0141667)
(2.0087e-06 -4.95407e-07 0.0141517)
(2.26282e-07 -9.4114e-07 0.0141251)
(-1.20792e-06 -1.93928e-06 0.0140946)
(4.23031e-06 -2.81797e-06 0.0143045)
(2.60085e-06 -2.54847e-06 0.0142867)
(1.01129e-06 -2.68621e-06 0.0142539)
(-3.97712e-07 -3.22676e-06 0.0142117)
(4.5674e-06 -4.85069e-06 0.014405)
(3.19894e-06 -4.51904e-06 0.0143878)
(1.78753e-06 -4.37599e-06 0.0143545)
(3.95501e-07 -4.50717e-06 0.0143064)
(4.91205e-06 -6.69233e-06 0.014472)
(3.79469e-06 -6.31578e-06 0.0144574)
(2.56132e-06 -5.94213e-06 0.0144276)
(1.2289e-06 -5.64488e-06 0.0143785)
(2.81927e-06 -4.85359e-07 0.0141705)
(1.47359e-06 -3.44225e-07 0.0141557)
(2.07021e-07 -6.51844e-07 0.0141291)
(-8.20252e-07 -1.35663e-06 0.0140984)
(3.04339e-06 -2.01854e-06 0.0143081)
(1.89566e-06 -1.81844e-06 0.0142905)
(7.6976e-07 -1.90737e-06 0.0142578)
(-2.36264e-07 -2.28591e-06 0.0142154)
(3.28316e-06 -3.4797e-06 0.0144084)
(2.32324e-06 -3.23579e-06 0.0143914)
(1.32701e-06 -3.12471e-06 0.0143582)
(3.35879e-07 -3.21049e-06 0.0143101)
(3.53084e-06 -4.80751e-06 0.0144749)
(2.75058e-06 -4.53178e-06 0.0144606)
(1.88275e-06 -4.25596e-06 0.014431)
(9.36415e-07 -4.03376e-06 0.014382)
(2.00666e-06 -3.42532e-07 0.0141732)
(1.06379e-06 -2.37658e-07 0.0141585)
(1.72607e-07 -4.48706e-07 0.0141319)
(-5.54762e-07 -9.41771e-07 0.0141011)
(2.16347e-06 -1.42975e-06 0.0143107)
(1.36157e-06 -1.28377e-06 0.0142933)
(5.71427e-07 -1.34095e-06 0.0142606)
(-1.39124e-07 -1.60381e-06 0.0142181)
(2.3323e-06 -2.46732e-06 0.0144108)
(1.66397e-06 -2.29068e-06 0.0143939)
(9.66838e-07 -2.20682e-06 0.0143608)
(2.6839e-07 -2.26263e-06 0.0143127)
(2.50828e-06 -3.41243e-06 0.0144771)
(1.96708e-06 -3.21349e-06 0.0144629)
(1.36133e-06 -3.01326e-06 0.0144334)
(6.95785e-07 -2.85038e-06 0.0143844)
(1.39855e-06 -2.36682e-07 0.014175)
(7.50558e-07 -1.60875e-07 0.0141605)
(1.35977e-07 -3.02998e-07 0.0141339)
(-3.68342e-07 -6.41109e-07 0.014103)
(1.50625e-06 -9.9111e-07 0.0143125)
(9.56509e-07 -8.87188e-07 0.0142952)
(4.12825e-07 -9.23196e-07 0.0142625)
(-7.87794e-08 -1.10222e-06 0.01422)
(1.6228e-06 -1.71141e-06 0.0144125)
(1.16599e-06 -1.58648e-06 0.0143957)
(6.87484e-07 -1.52514e-06 0.0143626)
(2.05258e-07 -1.56084e-06 0.0143145)
(1.7452e-06 -2.3687e-06 0.0144785)
(1.37643e-06 -2.22859e-06 0.0144645)
(9.61483e-07 -2.0869e-06 0.0144351)
(5.02827e-07 -1.97074e-06 0.0143862)
(9.45455e-07 -1.57328e-07 0.0141763)
(5.14601e-07 -1.03881e-07 0.0141618)
(1.04424e-07 -1.95783e-07 0.0141352)
(-2.3367e-07 -4.19016e-07 0.0141043)
(1.01711e-06 -6.6197e-07 0.0143137)
(6.52598e-07 -5.89965e-07 0.0142965)
(2.90516e-07 -6.11059e-07 0.0142639)
(-3.8514e-08 -7.28037e-07 0.0142213)
(1.0951e-06 -1.14329e-06 0.0144136)
(7.93076e-07 -1.05756e-06 0.014397)
(4.75226e-07 -1.01396e-06 0.0143639)
(1.53373e-07 -1.03524e-06 0.0143157)
(1.17756e-06 -1.58326e-06 0.0144795)
(9.34354e-07 -1.48787e-06 0.0144656)
(6.59202e-07 -1.39102e-06 0.0144363)
(3.53838e-07 -1.31059e-06 0.0143874)
(6.25824e-07 -9.85701e-08 0.0141771)
(3.52695e-07 -5.99968e-08 0.0141627)
(9.0947e-08 -1.1413e-07 0.0141361)
(-1.28796e-07 -2.54265e-07 0.0141051)
(6.71088e-07 -4.19662e-07 0.0143145)
(4.41298e-07 -3.70039e-07 0.0142973)
(2.11588e-07 -3.79623e-07 0.0142647)
(-7.62567e-10 -4.52397e-07 0.0142221)
(7.21347e-07 -7.23716e-07 0.0144143)
(5.31683e-07 -6.65724e-07 0.0143977)
(3.3081e-07 -6.34534e-07 0.0143647)
(1.24389e-07 -6.46527e-07 0.0143165)
(7.75149e-07 -1.00307e-06 0.0144802)
(6.22759e-07 -9.40014e-07 0.0144663)
(4.49186e-07 -8.7603e-07 0.014437)
(2.54592e-07 -8.23038e-07 0.0143881)
(4.30958e-07 -5.24561e-08 0.0141777)
(2.49859e-07 -2.25174e-08 0.0141633)
(7.58282e-08 -5.4369e-08 0.0141368)
(-6.41093e-08 -1.38295e-07 0.0141058)
(4.58941e-07 -2.51243e-07 0.0143151)
(3.0541e-07 -2.14502e-07 0.014298)
(1.5127e-07 -2.17532e-07 0.0142653)
(1.60464e-08 -2.58046e-07 0.0142227)
(4.92223e-07 -4.47824e-07 0.0144149)
(3.66196e-07 -4.06081e-07 0.0143983)
(2.32098e-07 -3.81233e-07 0.0143653)
(1.01717e-07 -3.79414e-07 0.0143171)
(5.28503e-07 -6.24239e-07 0.0144806)
(4.27607e-07 -5.79873e-07 0.0144668)
(3.11806e-07 -5.33231e-07 0.0144376)
(1.88669e-07 -4.88523e-07 0.0143887)
(0.00546172 0.0026211 0.0022085)
(0.00178231 -0.000749692 0.00730865)
(0.000823185 0.00110079 0.00357571)
(0.000630074 -8.02061e-05 0.00189983)
(-0.00558525 0.0010073 0.0125043)
(-0.00948256 0.00483963 -0.00109859)
(0.00429981 -0.00378745 0.00754326)
(0.00167968 0.000942374 0.0122726)
(-0.000594672 -0.00102714 0.0129193)
(-0.00224363 -0.000452751 0.00483927)
(-0.00308392 -0.0021587 0.00126952)
(-0.000233286 0.00229727 0.00455139)
(0.00520395 -0.00377454 0.0056554)
(0.00402718 -0.00301056 0.00273605)
(-0.00224569 -0.00206599 0.000686734)
(-0.000622186 0.00460721 0.00769854)
(0.000427045 -0.0019099 0.0233635)
(0.00109797 -0.00136338 0.0239881)
(0.00115227 -0.00142192 0.0240228)
(-1.43821e-05 -0.00125969 0.0238011)
(0.000782177 -0.00236178 0.0248032)
(0.00148514 -0.00124607 0.0261378)
(0.00111406 -0.000590715 0.0197334)
(0.000351596 0.000325698 0.0184579)
(0.00168503 8.44926e-05 0.0242867)
(0.00279392 6.255e-05 0.0268599)
(0.00231546 0.00122582 0.0248676)
(0.00127778 0.00267145 0.0185922)
(0.00269706 0.00156622 0.021283)
(0.00371406 0.00150553 0.0208417)
(0.00243901 0.00208304 0.011145)
(0.000654748 0.00326233 0.00983129)
(-0.000245072 -0.000328784 0.0134964)
(9.70382e-05 -4.94157e-06 0.0138026)
(0.000158282 0.000223442 0.0137486)
(0.00015438 0.000313782 0.0135015)
(0.000432578 -0.000191821 0.014119)
(0.000956271 0.000359994 0.0137077)
(0.000857147 0.00092935 0.0133195)
(0.00070868 0.00129634 0.013415)
(0.000835804 0.000449784 0.0136145)
(0.00146572 0.000855567 0.013194)
(0.00127693 0.00154274 0.0121712)
(0.000793049 0.00207782 0.0113261)
(0.00104517 0.000470593 0.0121441)
(0.00160051 0.000568263 0.0114357)
(0.001248 0.000781431 0.00938757)
(0.00045514 0.00106697 0.00897461)
(-0.000103651 -0.000174204 0.0143881)
(-4.65314e-05 -6.07545e-05 0.0146276)
(1.84011e-05 -2.19105e-06 0.0147796)
(3.26714e-05 3.12032e-05 0.0148555)
(0.00014673 -6.81224e-06 0.0141906)
(0.000287177 0.000223801 0.0142334)
(0.000347255 0.000433642 0.01428)
(0.000332736 0.000569221 0.0143512)
(0.000322207 8.93821e-05 0.0137192)
(0.000505523 0.000330846 0.0135563)
(0.000525399 0.000613803 0.0132632)
(0.000365718 0.000815034 0.0131362)
(0.000349494 -0.000234845 0.0131912)
(0.000532703 -0.000231943 0.0129045)
(0.000481627 -0.000191676 0.0123664)
(0.000189344 -0.000126317 0.0121604)
(-0.000140758 -0.000147852 0.0140866)
(-0.00014584 -9.56826e-05 0.014143)
(-0.000127194 -7.31852e-05 0.0141551)
(-9.42296e-05 -7.64872e-05 0.0140972)
(-1.24557e-05 -7.50701e-05 0.0140543)
(3.88145e-06 3.27582e-05 0.0140901)
(3.47124e-05 0.000118733 0.0140791)
(7.19067e-05 0.00016506 0.0140137)
(7.44425e-05 -0.000137342 0.0139003)
(0.000102184 -3.2723e-05 0.0138557)
(0.000113787 7.68964e-05 0.0137312)
(8.41865e-05 0.000151869 0.0135863)
(7.01345e-05 -0.000411073 0.0137889)
(0.000100287 -0.000447995 0.0137083)
(9.61892e-05 -0.000462668 0.0135128)
(2.52795e-05 -0.00045421 0.0133348)
(-0.000122328 -0.000188928 0.0140495)
(-0.000138419 -0.000160466 0.0140391)
(-0.00013863 -0.000146918 0.0140014)
(-0.000128271 -0.000144948 0.0139267)
(-6.15948e-05 -0.000174983 0.0140801)
(-7.29511e-05 -0.000123326 0.0140725)
(-6.46303e-05 -8.42253e-05 0.0140294)
(-4.35108e-05 -6.5299e-05 0.0139445)
(-1.77036e-05 -0.000238048 0.0140591)
(-2.63696e-05 -0.000195695 0.0140239)
(-2.49641e-05 -0.000152811 0.0139392)
(-2.55033e-05 -0.000123566 0.0138162)
(-2.11339e-05 -0.000393428 0.014077)
(-2.78765e-05 -0.000422519 0.0140432)
(-2.25019e-05 -0.000438816 0.0139452)
(-2.53823e-05 -0.000439852 0.0138109)
(-8.4399e-05 -0.000183293 0.0140831)
(-0.000101198 -0.00016262 0.0140369)
(-0.000109998 -0.000148181 0.0139681)
(-0.000112146 -0.000139517 0.0138726)
(-5.58433e-05 -0.000194995 0.0141482)
(-7.27362e-05 -0.000167282 0.0141074)
(-7.60727e-05 -0.000144386 0.0140378)
(-6.99617e-05 -0.000130718 0.0139343)
(-3.32996e-05 -0.00023933 0.0141863)
(-4.87479e-05 -0.000220008 0.0141403)
(-5.21731e-05 -0.000199704 0.0140574)
(-5.02469e-05 -0.000184366 0.0139372)
(-3.24039e-05 -0.000317908 0.0142424)
(-4.47637e-05 -0.000332202 0.0142072)
(-4.01262e-05 -0.000339123 0.0141273)
(-3.05306e-05 -0.000337854 0.0140038)
(-4.96137e-05 -0.000151886 0.014142)
(-6.47033e-05 -0.000135714 0.0140791)
(-7.6074e-05 -0.000121987 0.0139956)
(-8.36752e-05 -0.000110946 0.01389)
(-3.57788e-05 -0.000170876 0.0142168)
(-5.2184e-05 -0.000153798 0.014158)
(-6.08004e-05 -0.000138066 0.0140727)
(-6.3187e-05 -0.000126435 0.0139584)
(-2.29163e-05 -0.000200259 0.0142735)
(-3.81419e-05 -0.000189219 0.0142176)
(-4.47368e-05 -0.000176884 0.0141292)
(-4.59272e-05 -0.000166434 0.0140053)
(-1.92346e-05 -0.000239281 0.0143333)
(-3.12222e-05 -0.000243802 0.0142877)
(-3.06583e-05 -0.000243941 0.0142044)
(-2.37893e-05 -0.000240138 0.0140789)
(-2.62305e-05 -0.000116488 0.0141989)
(-3.85214e-05 -0.000103603 0.0141289)
(-4.93014e-05 -9.15774e-05 0.0140384)
(-5.81873e-05 -8.10308e-05 0.0139271)
(-1.87354e-05 -0.000135014 0.014273)
(-3.26789e-05 -0.000123231 0.0142053)
(-4.23827e-05 -0.000111479 0.0141118)
(-4.85043e-05 -0.000101769 0.0139908)
(-1.03058e-05 -0.00015468 0.0143311)
(-2.34129e-05 -0.000147003 0.0142684)
(-3.12578e-05 -0.000138117 0.0141747)
(-3.50719e-05 -0.000130053 0.014047)
(-5.51632e-06 -0.000174801 0.0143837)
(-1.58904e-05 -0.000174516 0.0143292)
(-1.84863e-05 -0.000171573 0.0142397)
(-1.61742e-05 -0.000166871 0.0141103)
(-1.25566e-05 -8.62372e-05 0.0142467)
(-2.21999e-05 -7.61819e-05 0.0141738)
(-3.13336e-05 -6.63763e-05 0.0140802)
(-3.95471e-05 -5.7401e-05 0.0139661)
(-7.92195e-06 -0.00010174 0.0143165)
(-1.91036e-05 -9.31272e-05 0.0142446)
(-2.80414e-05 -8.41394e-05 0.014147)
(-3.49171e-05 -7.61849e-05 0.0140225)
(-1.81339e-06 -0.000115207 0.0143702)
(-1.24324e-05 -0.00010935 0.0143035)
(-2.00801e-05 -0.000102527 0.0142064)
(-2.50406e-05 -9.61341e-05 0.0140758)
(2.96854e-06 -0.000126331 0.014414)
(-5.55672e-06 -0.000124204 0.0143536)
(-9.61074e-06 -0.000120447 0.0142594)
(-1.03945e-05 -0.000115962 0.0141268)
(-5.16401e-06 -6.27902e-05 0.0142841)
(-1.25459e-05 -5.50732e-05 0.0142103)
(-1.98477e-05 -4.7381e-05 0.0141155)
(-2.67223e-05 -4.01877e-05 0.0139999)
(-1.98118e-06 -7.49399e-05 0.0143491)
(-1.06583e-05 -6.84992e-05 0.0142756)
(-1.81799e-05 -6.16244e-05 0.0141761)
(-2.45205e-05 -5.5316e-05 0.0140496)
(2.65058e-06 -8.43838e-05 0.0143974)
(-5.67002e-06 -7.98105e-05 0.0143288)
(-1.23951e-05 -7.45182e-05 0.0142296)
(-1.74207e-05 -6.94853e-05 0.0140972)
(6.87459e-06 -9.1076e-05 0.0144335)
(8.27622e-08 -8.85497e-05 0.0143698)
(-4.24393e-06 -8.50135e-05 0.0142727)
(-6.53931e-06 -8.12132e-05 0.0141379)
(-1.40787e-06 -4.53707e-05 0.0143124)
(-6.97121e-06 -3.95228e-05 0.0142386)
(-1.26181e-05 -3.36279e-05 0.0141434)
(-1.80814e-05 -2.80495e-05 0.0140271)
(9.16502e-07 -5.45971e-05 0.0143733)
(-5.68594e-06 -4.97498e-05 0.0142993)
(-1.17095e-05 -4.45241e-05 0.014199)
(-1.70595e-05 -3.96314e-05 0.0140715)
(4.47153e-06 -6.13502e-05 0.0144168)
(-1.91919e-06 -5.77896e-05 0.0143474)
(-7.49343e-06 -5.37134e-05 0.0142471)
(-1.20216e-05 -4.98108e-05 0.0141137)
(7.9607e-06 -6.57099e-05 0.0144468)
(2.65911e-06 -6.33793e-05 0.0143815)
(-1.32552e-06 -6.04177e-05 0.0142828)
(-4.09443e-06 -5.73913e-05 0.0141467)
(3.5548e-07 -3.26786e-05 0.0143335)
(-3.79619e-06 -2.82873e-05 0.01426)
(-8.07757e-06 -2.38361e-05 0.0141648)
(-1.2291e-05 -1.95948e-05 0.0140481)
(2.10209e-06 -3.95734e-05 0.0143912)
(-2.86142e-06 -3.59268e-05 0.0143172)
(-7.54671e-06 -3.19821e-05 0.0142166)
(-1.18467e-05 -2.82458e-05 0.0140885)
(4.82622e-06 -4.44714e-05 0.0144309)
(-2.05252e-08 -4.17256e-05 0.0143611)
(-4.47568e-06 -3.86174e-05 0.0142604)
(-8.29549e-06 -3.56327e-05 0.0141264)
(7.59633e-06 -4.74924e-05 0.0144563)
(3.51657e-06 -4.55469e-05 0.0143902)
(1.16498e-07 -4.32039e-05 0.0142907)
(-2.57182e-06 -4.08758e-05 0.0141539)
(1.0701e-06 -2.35147e-05 0.014349)
(-2.00796e-06 -2.02392e-05 0.014276)
(-5.21405e-06 -1.69106e-05 0.0141808)
(-8.40426e-06 -1.37259e-05 0.0140639)
(2.39512e-06 -2.86232e-05 0.0144043)
(-1.30717e-06 -2.58883e-05 0.0143306)
(-4.88529e-06 -2.29296e-05 0.01423)
(-8.2418e-06 -2.0108e-05 0.0141016)
(4.46957e-06 -3.22085e-05 0.0144411)
(8.25268e-07 -3.01122e-05 0.0143714)
(-2.65176e-06 -2.77639e-05 0.0142706)
(-5.745e-06 -2.55065e-05 0.0141362)
(6.61498e-06 -3.43881e-05 0.0144632)
(3.50829e-06 -3.28436e-05 0.0143969)
(7.35257e-07 -3.10464e-05 0.014297)
(-1.62717e-06 -2.92917e-05 0.0141598)
(1.25703e-06 -1.69225e-05 0.0143604)
(-1.01453e-06 -1.44918e-05 0.0142878)
(-3.39581e-06 -1.20196e-05 0.0141927)
(-5.78268e-06 -9.64823e-06 0.0140758)
(2.26235e-06 -2.06889e-05 0.0144139)
(-4.83998e-07 -1.86461e-05 0.0143405)
(-3.18327e-06 -1.64394e-05 0.01424)
(-5.75421e-06 -1.43263e-05 0.0141115)
(3.83071e-06 -2.33268e-05 0.0144486)
(1.10792e-06 -2.17407e-05 0.0143791)
(-1.56132e-06 -1.99802e-05 0.0142783)
(-3.99889e-06 -1.82877e-05 0.0141437)
(5.46535e-06 -2.49354e-05 0.0144684)
(3.11912e-06 -2.37435e-05 0.014402)
(9.22937e-07 -2.239e-05 0.014302)
(-1.03919e-06 -2.10838e-05 0.0141646)
(1.19662e-06 -1.21825e-05 0.0143688)
(-4.73509e-07 -1.03866e-05 0.0142964)
(-2.23171e-06 -8.55999e-06 0.0142015)
(-4.0027e-06 -6.80519e-06 0.0140846)
(1.95616e-06 -1.49501e-05 0.014421)
(-7.20762e-08 -1.34309e-05 0.0143479)
(-2.09023e-06 -1.17936e-05 0.0142475)
(-4.03348e-06 -1.02216e-05 0.0141189)
(3.1335e-06 -1.68946e-05 0.0144541)
(1.10996e-06 -1.5704e-05 0.0143849)
(-9.14105e-07 -1.4393e-05 0.0142841)
(-2.79798e-06 -1.3133e-05 0.0141495)
(4.36457e-06 -1.8094e-05 0.0144722)
(2.6051e-06 -1.71905e-05 0.0144059)
(9.01346e-07 -1.61829e-05 0.0143059)
(-6.70558e-07 -1.52186e-05 0.0141685)
(1.03552e-06 -8.76809e-06 0.0143749)
(-1.87805e-07 -7.44702e-06 0.0143028)
(-1.47931e-06 -6.10401e-06 0.014208)
(-2.78451e-06 -4.81248e-06 0.014091)
(1.6057e-06 -1.0795e-05 0.0144261)
(1.14294e-07 -9.67101e-06 0.0143533)
(-1.38337e-06 -8.46238e-06 0.014253)
(-2.83693e-06 -7.30021e-06 0.0141244)
(2.48322e-06 -1.22273e-05 0.0144582)
(9.87173e-07 -1.13402e-05 0.0143891)
(-5.32081e-07 -1.03701e-05 0.0142885)
(-1.96612e-06 -9.43816e-06 0.0141538)
(3.40176e-06 -1.31236e-05 0.014475)
(2.09122e-06 -1.24473e-05 0.0144088)
(7.9039e-07 -1.17035e-05 0.0143089)
(-4.37165e-07 -1.09961e-05 0.0141715)
(8.47242e-07 -6.29896e-06 0.0143793)
(-4.44331e-08 -5.33256e-06 0.0143074)
(-9.87643e-07 -4.35077e-06 0.0142127)
(-1.94296e-06 -3.40597e-06 0.0140957)
(1.27173e-06 -7.77676e-06 0.0144299)
(1.81017e-07 -6.9504e-06 0.0143572)
(-9.21875e-07 -6.06383e-06 0.0142571)
(-1.99857e-06 -5.21044e-06 0.0141285)
(1.9206e-06 -8.82786e-06 0.0144611)
(8.2145e-07 -8.17231e-06 0.0143923)
(-3.07649e-07 -7.45943e-06 0.0142917)
(-1.38468e-06 -6.77503e-06 0.0141571)
(2.5998e-06 -9.49527e-06 0.0144771)
(1.63107e-06 -8.99453e-06 0.0144111)
(6.51736e-07 -8.44979e-06 0.0143112)
(-2.876e-07 -7.93411e-06 0.0141738)
(6.66051e-07 -4.50201e-06 0.0143826)
(2.11164e-08 -3.801e-06 0.0143107)
(-6.62007e-07 -3.08929e-06 0.0142162)
(-1.35494e-06 -2.40403e-06 0.0140992)
(9.78551e-07 -5.57135e-06 0.0144326)
(1.87415e-07 -4.96944e-06 0.0143601)
(-6.16755e-07 -4.32497e-06 0.01426)
(-1.40527e-06 -3.70411e-06 0.0141315)
(1.45333e-06 -6.33683e-06 0.0144633)
(6.53051e-07 -5.85749e-06 0.0143946)
(-1.76281e-07 -5.33868e-06 0.0142941)
(-9.73701e-07 -4.84079e-06 0.0141595)
(1.9501e-06 -6.82938e-06 0.0144786)
(1.24131e-06 -6.46305e-06 0.0144127)
(5.14872e-07 -6.06798e-06 0.0143129)
(-1.90318e-07 -5.69529e-06 0.0141755)
(5.05942e-07 -3.18184e-06 0.0143849)
(4.55989e-08 -2.68041e-06 0.0143131)
(-4.42444e-07 -2.17161e-06 0.0142186)
(-9.38017e-07 -1.68146e-06 0.0141017)
(7.32245e-07 -3.94525e-06 0.0144346)
(1.66196e-07 -3.51333e-06 0.0143622)
(-4.11445e-07 -3.05162e-06 0.0142622)
(-9.79776e-07 -2.60646e-06 0.0141336)
(1.07415e-06 -4.49495e-06 0.0144649)
(4.99825e-07 -4.15001e-06 0.0143963)
(-9.9345e-08 -3.7781e-06 0.0142959)
(-6.79074e-07 -3.42121e-06 0.0141612)
(1.43166e-06 -4.85275e-06 0.0144798)
(9.2104e-07 -4.58919e-06 0.014414)
(3.92258e-07 -4.30693e-06 0.0143142)
(-1.25798e-07 -4.04134e-06 0.0141768)
(3.71795e-07 -2.20052e-06 0.0143865)
(5.04704e-08 -1.85033e-06 0.0143148)
(-2.90346e-07 -1.49506e-06 0.0142204)
(-6.36862e-07 -1.15249e-06 0.0141034)
(5.31548e-07 -2.73271e-06 0.014436)
(1.35582e-07 -2.43037e-06 0.0143637)
(-2.69608e-07 -2.10757e-06 0.0142637)
(-6.69557e-07 -1.79597e-06 0.0141352)
(7.71478e-07 -3.11795e-06 0.014466)
(3.68781e-07 -2.876e-06 0.0143975)
(-5.34307e-08 -2.61596e-06 0.0142971)
(-4.64233e-07 -2.36636e-06 0.0141625)
(1.02214e-06 -3.37118e-06 0.0144806)
(6.63048e-07 -3.18644e-06 0.0144148)
(2.88245e-07 -2.98978e-06 0.0143151)
(-8.18231e-08 -2.80511e-06 0.0141777)
(2.65672e-07 -1.46458e-06 0.0143876)
(4.87152e-08 -1.22897e-06 0.014316)
(-1.81292e-07 -9.89912e-07 0.0142216)
(-4.15159e-07 -7.59328e-07 0.0141046)
(3.7492e-07 -1.82139e-06 0.0144369)
(1.06824e-07 -1.61772e-06 0.0143647)
(-1.67804e-07 -1.40054e-06 0.0142648)
(-4.39745e-07 -1.19063e-06 0.0141362)
(5.36649e-07 -2.08144e-06 0.0144668)
(2.63458e-07 -1.91825e-06 0.0143983)
(-2.38334e-08 -1.7436e-06 0.014298)
(-3.05149e-07 -1.57596e-06 0.0141634)
(7.05321e-07 -2.25406e-06 0.0144811)
(4.61054e-07 -2.12967e-06 0.0144154)
(2.04622e-07 -1.99833e-06 0.0143158)
(-5.06737e-08 -1.87547e-06 0.0141784)
(1.94727e-07 -9.23357e-07 0.0143883)
(5.25316e-08 -7.72725e-07 0.0143168)
(-9.65185e-08 -6.20372e-07 0.0142223)
(-2.50227e-07 -4.71833e-07 0.0141054)
(2.66037e-07 -1.14989e-06 0.0144376)
(8.94078e-08 -1.01995e-06 0.0143654)
(-8.98335e-08 -8.82184e-07 0.0142655)
(-2.70248e-07 -7.48256e-07 0.0141369)
(3.69208e-07 -1.31602e-06 0.0144673)
(1.89034e-07 -1.2118e-06 0.0143988)
(4.35734e-10 -1.10171e-06 0.0142986)
(-1.87617e-07 -9.96454e-07 0.014164)
(4.76483e-07 -1.42803e-06 0.0144815)
(3.14783e-07 -1.34897e-06 0.0144158)
(1.44858e-07 -1.26739e-06 0.0143162)
(-2.71658e-08 -1.1925e-06 0.0141788)
(1.5009e-07 -5.50135e-07 0.0143888)
(5.75864e-08 -4.54603e-07 0.0143173)
(-4.18226e-08 -3.57015e-07 0.0142229)
(-1.381e-07 -2.65832e-07 0.014106)
(2.0629e-07 -6.90314e-07 0.014438)
(8.74529e-08 -6.06732e-07 0.0143659)
(-3.70242e-08 -5.19292e-07 0.014266)
(-1.55731e-07 -4.37582e-07 0.0141374)
(2.73346e-07 -8.0201e-07 0.0144676)
(1.49372e-07 -7.35535e-07 0.0143993)
(1.55444e-08 -6.67582e-07 0.014299)
(-1.12089e-07 -6.04747e-07 0.0141644)
(3.40734e-07 -8.80407e-07 0.0144818)
(2.27698e-07 -8.31979e-07 0.0144162)
(1.04804e-07 -7.84724e-07 0.0143165)
(-1.45091e-08 -7.42816e-07 0.0141792)
)
;

boundaryField
{
    inlet
    {
        type            uniformFixedValue;
        uniformValue    table
        
2
(
(0 (0 0 0.002))
(0.1 (0 0 0.02))
)
;
        value           uniform (0 0 0.0146);
    }
    outlet
    {
        type            zeroGradient;
    }
    wall
    {
        type            slip;
    }
    procBoundary1to0
    {
        type            processor;
        value           nonuniform List<vector> 
192
(
(-0.00238295 0.00247101 0.00911985)
(-0.00565221 0.0108991 0.00154589)
(0.00123581 0.00390099 0.000934844)
(0.000699959 0.000330018 0.000583597)
(0.000198748 0.000923446 0.0198767)
(-0.000452049 0.00190454 0.022937)
(-0.000299887 0.00169711 0.0265302)
(-0.00134182 0.00187677 0.0252737)
(0.00051624 -0.0008671 0.0132245)
(0.000471326 -0.000730789 0.013772)
(0.000411469 -0.000315746 0.0143818)
(7.4561e-05 0.000144039 0.013968)
(0.000405959 -0.000907602 0.0137464)
(0.000437262 -0.000882468 0.0141897)
(0.000462295 -0.000650009 0.0145443)
(0.000410473 -0.000401365 0.0146098)
(0.000352869 -0.000646788 0.0139483)
(0.000374464 -0.000650073 0.0142316)
(0.000407532 -0.000566769 0.0144543)
(0.000417776 -0.00046939 0.0145749)
(0.000302238 -0.000448549 0.0140807)
(0.000315826 -0.00046058 0.0142537)
(0.000337352 -0.000437109 0.0143919)
(0.000351011 -0.000402406 0.0144924)
(0.000237829 -0.000313111 0.0142058)
(0.000246173 -0.000328062 0.0143215)
(0.000256742 -0.000324334 0.0144171)
(0.000262236 -0.000310468 0.0144948)
(0.000175311 -0.000220257 0.0143006)
(0.000179975 -0.000234858 0.0143844)
(0.000184197 -0.000237543 0.0144544)
(0.000184781 -0.000231796 0.0145137)
(0.000124934 -0.000156259 0.0143669)
(0.0001274 -0.000169072 0.0144312)
(0.000128693 -0.000173586 0.0144843)
(0.000127433 -0.00017137 0.0145294)
(8.79743e-05 -0.000111718 0.014413)
(8.92829e-05 -0.000122292 0.0144648)
(8.94531e-05 -0.000126915 0.0145062)
(8.78824e-05 -0.000126342 0.0145406)
(6.19154e-05 -8.0357e-05 0.0144452)
(6.2652e-05 -8.8756e-05 0.0144884)
(6.24917e-05 -9.28579e-05 0.0145215)
(6.11613e-05 -9.30447e-05 0.014548)
(4.37521e-05 -5.80519e-05 0.0144677)
(4.421e-05 -6.45627e-05 0.014505)
(4.40159e-05 -6.7971e-05 0.0145321)
(4.3036e-05 -6.84723e-05 0.0145528)
(3.10783e-05 -4.20651e-05 0.0144836)
(3.1394e-05 -4.70333e-05 0.0145166)
(3.12517e-05 -4.97636e-05 0.0145395)
(3.05783e-05 -5.03547e-05 0.0145559)
(2.2184e-05 -3.05427e-05 0.0144948)
(2.24188e-05 -3.42938e-05 0.0145249)
(2.23364e-05 -3.64316e-05 0.0145446)
(2.18914e-05 -3.70037e-05 0.0145579)
(1.58987e-05 -2.22029e-05 0.0145028)
(1.60808e-05 -2.50137e-05 0.0145307)
(1.60437e-05 -2.66618e-05 0.0145482)
(1.57565e-05 -2.71676e-05 0.0145591)
(1.14263e-05 -1.61454e-05 0.0145085)
(1.15695e-05 -1.8239e-05 0.0145349)
(1.15611e-05 -1.94948e-05 0.0145507)
(1.13787e-05 -1.99192e-05 0.0145599)
(8.22215e-06 -1.17301e-05 0.0145126)
(8.33471e-06 -1.32808e-05 0.0145379)
(8.34207e-06 -1.42282e-05 0.0145524)
(8.22735e-06 -1.45719e-05 0.0145605)
(5.91028e-06 -8.49811e-06 0.0145155)
(5.99783e-06 -9.63926e-06 0.01454)
(6.01224e-06 -1.03469e-05 0.0145537)
(5.94068e-06 -1.06178e-05 0.0145608)
(4.22839e-06 -6.11814e-06 0.0145176)
(4.29536e-06 -6.95011e-06 0.0145415)
(4.31156e-06 -7.47235e-06 0.0145546)
(4.26727e-06 -7.68056e-06 0.0145611)
(2.99254e-06 -4.35054e-06 0.0145191)
(3.04264e-06 -4.94801e-06 0.0145426)
(3.0577e-06 -5.3268e-06 0.0145552)
(3.03057e-06 -5.4826e-06 0.0145612)
(2.07553e-06 -3.02425e-06 0.0145202)
(2.11195e-06 -3.44259e-06 0.0145434)
(2.12458e-06 -3.70999e-06 0.0145556)
(2.10832e-06 -3.82264e-06 0.0145613)
(1.39591e-06 -2.02437e-06 0.0145209)
(1.42171e-06 -2.30569e-06 0.0145439)
(1.4318e-06 -2.48675e-06 0.0145559)
(1.42268e-06 -2.56451e-06 0.0145614)
(9.13343e-07 -1.28636e-06 0.0145214)
(9.319e-07 -1.4654e-06 0.0145442)
(9.40448e-07 -1.58142e-06 0.0145561)
(9.36587e-07 -1.63218e-06 0.0145614)
(6.20285e-07 -8.04084e-07 0.0145217)
(6.34969e-07 -9.14569e-07 0.0145444)
(6.43485e-07 -9.87026e-07 0.0145563)
(6.4371e-07 -1.01916e-06 0.0145615)
(-0.0126018 -0.00437644 0.00143413)
(-0.00472649 0.00115487 0.00462263)
(-0.00408557 0.00243157 0.00494289)
(-0.00228699 0.00336428 0.00453322)
(-0.000766244 -0.000395287 0.0185832)
(-0.00039569 0.000426018 0.0168579)
(-0.000312127 0.000809965 0.0162523)
(-8.56597e-05 0.000665909 0.0170654)
(0.00070896 8.63371e-05 0.0124498)
(0.00070878 0.000201084 0.0119157)
(0.000637918 -0.000193034 0.0117932)
(0.000574838 -0.000648124 0.0121595)
(0.000547288 -3.0714e-05 0.0129752)
(0.000572423 -0.000126544 0.0128003)
(0.000531743 -0.000412385 0.0128753)
(0.000463859 -0.000723373 0.0132055)
(0.00041802 -7.35606e-05 0.0131675)
(0.000433632 -0.000196301 0.0132468)
(0.000415005 -0.000378835 0.0133979)
(0.000378947 -0.000552123 0.0136375)
(0.000322556 -7.4e-05 0.0134195)
(0.000330387 -0.00017848 0.0135587)
(0.000323326 -0.000295418 0.0137128)
(0.000308828 -0.000395358 0.0138879)
(0.000238668 -5.97031e-05 0.0136438)
(0.000243376 -0.00013826 0.0137949)
(0.000241952 -0.000214827 0.0139376)
(0.000237499 -0.000277537 0.0140736)
(0.000169888 -4.39026e-05 0.0138091)
(0.000173183 -0.000100254 0.0139599)
(0.000174036 -0.000151896 0.0140904)
(0.000173501 -0.00019403 0.0142019)
(0.00011891 -3.11704e-05 0.0139231)
(0.000121236 -7.09913e-05 0.0140708)
(0.000122629 -0.000106717 0.0141919)
(0.000123285 -0.00013627 0.014288)
(8.3076e-05 -2.1937e-05 0.0140009)
(8.4659e-05 -5.0049e-05 0.0141457)
(8.59226e-05 -7.52059e-05 0.0142601)
(8.67623e-05 -9.64246e-05 0.0143464)
(5.83283e-05 -1.54632e-05 0.0140543)
(5.937e-05 -3.53911e-05 0.0141968)
(6.03393e-05 -5.3321e-05 0.0143066)
(6.10664e-05 -6.87308e-05 0.0143865)
(4.12232e-05 -1.09539e-05 0.0140912)
(4.18942e-05 -2.51568e-05 0.0142321)
(4.25884e-05 -3.80372e-05 0.0143388)
(4.3153e-05 -4.92846e-05 0.0144144)
(2.93131e-05 -7.80194e-06 0.0141169)
(2.97402e-05 -1.79756e-05 0.0142567)
(3.02232e-05 -2.72752e-05 0.0143613)
(3.06458e-05 -3.55001e-05 0.014434)
(2.0949e-05 -5.58362e-06 0.014135)
(2.12192e-05 -1.2901e-05 0.0142741)
(2.15516e-05 -1.96365e-05 0.0143772)
(2.18646e-05 -2.5654e-05 0.0144478)
(1.50289e-05 -4.01105e-06 0.0141479)
(1.51994e-05 -9.28991e-06 0.0142864)
(1.54279e-05 -1.41774e-05 0.0143885)
(1.56591e-05 -1.85786e-05 0.0144577)
(1.08096e-05 -2.88862e-06 0.014157)
(1.09172e-05 -6.70377e-06 0.0142952)
(1.10745e-05 -1.02528e-05 0.0143966)
(1.12452e-05 -1.34688e-05 0.0144647)
(7.78282e-06 -2.08225e-06 0.0141636)
(7.85076e-06 -4.84042e-06 0.0143015)
(7.95938e-06 -7.41597e-06 0.0144024)
(8.08528e-06 -9.76137e-06 0.0144698)
(5.5969e-06 -1.49902e-06 0.0141683)
(5.63981e-06 -3.48933e-06 0.014306)
(5.71492e-06 -5.35344e-06 0.0144065)
(5.80736e-06 -7.05771e-06 0.0144734)
(4.00561e-06 -1.07383e-06 0.0141716)
(4.03266e-06 -2.50226e-06 0.0143093)
(4.08447e-06 -3.84319e-06 0.0144095)
(4.1518e-06 -5.07299e-06 0.014476)
(2.83574e-06 -7.60781e-07 0.014174)
(2.85267e-06 -1.77414e-06 0.0143116)
(2.88813e-06 -2.7269e-06 0.0144116)
(2.93649e-06 -3.60281e-06 0.0144778)
(1.96707e-06 -5.27811e-07 0.0141757)
(1.97753e-06 -1.23114e-06 0.0143132)
(2.00145e-06 -1.89281e-06 0.0144131)
(2.03548e-06 -2.50215e-06 0.0144791)
(1.32232e-06 -3.53814e-07 0.0141768)
(1.32855e-06 -8.24088e-07 0.0143142)
(1.34444e-06 -1.26616e-06 0.0144141)
(1.36792e-06 -1.67378e-06 0.01448)
(8.63417e-07 -2.27927e-07 0.0141775)
(8.66365e-07 -5.26206e-07 0.0143149)
(8.76946e-07 -8.04974e-07 0.0144147)
(8.93387e-07 -1.06286e-06 0.0144806)
(5.86645e-07 -1.42286e-07 0.0141781)
(5.87441e-07 -3.25202e-07 0.0143155)
(5.93754e-07 -5.04028e-07 0.0144152)
(6.05163e-07 -6.65039e-07 0.014481)
)
;
    }
    procBoundary1to3
    {
        type            processor;
        value           nonuniform List<vector> 
192
(
(0.00769281 -0.00179075 0.00170097)
(0.00657225 -0.00257983 0.000715392)
(0.00386077 -0.000923757 0.00455938)
(0.00551327 -0.000103676 0.000996785)
(-0.000843216 0.00121342 0.0211526)
(6.57077e-06 0.00132603 0.0238416)
(0.000788699 0.00133782 0.0203984)
(0.00101634 0.000998011 0.0157581)
(1.94029e-06 0.000142712 0.0133792)
(0.000225365 1.86395e-05 0.0132118)
(0.000426863 -0.000173915 0.0123509)
(0.000278939 -0.000405776 0.0112005)
(0.000374105 -0.000284881 0.0142948)
(0.000375352 -0.000376921 0.013925)
(0.000319074 -0.000509105 0.0135256)
(0.000100167 -0.000681426 0.0132284)
(0.000381786 -0.000389386 0.0143952)
(0.000304742 -0.000427728 0.0141554)
(0.000179993 -0.000497475 0.0139713)
(8.49406e-06 -0.000610257 0.0139029)
(0.000302164 -0.000361727 0.0144074)
(0.000213447 -0.000378958 0.0142723)
(9.86309e-05 -0.000413936 0.0141897)
(-2.02275e-05 -0.00047443 0.0141795)
(0.000215708 -0.000292603 0.0144615)
(0.000146372 -0.000303223 0.014384)
(6.39284e-05 -0.000321014 0.0143407)
(-1.31715e-05 -0.000349719 0.0143352)
(0.000149028 -0.000223855 0.0145049)
(0.000102634 -0.000230833 0.0144582)
(4.98345e-05 -0.000239841 0.0144297)
(2.12637e-06 -0.000252249 0.0144174)
(0.000102949 -0.000167607 0.0145311)
(7.41123e-05 -0.000172035 0.0145009)
(4.19607e-05 -0.000176351 0.0144784)
(1.29762e-05 -0.000180991 0.0144599)
(7.20795e-05 -0.000124401 0.014546)
(5.46864e-05 -0.000127077 0.0145248)
(3.53832e-05 -0.000128926 0.0145052)
(1.7676e-05 -0.000130079 0.014483)
(5.12626e-05 -9.19603e-05 0.014554)
(4.08438e-05 -9.35054e-05 0.0145382)
(2.91831e-05 -9.4115e-05 0.0145204)
(1.81516e-05 -9.38342e-05 0.0144964)
(3.69299e-05 -6.78269e-05 0.0145583)
(3.066e-05 -6.86796e-05 0.0145457)
(2.3502e-05 -6.8707e-05 0.0145293)
(1.64554e-05 -6.79369e-05 0.0145046)
(2.6842e-05 -4.9953e-05 0.0145604)
(2.30317e-05 -5.03988e-05 0.01455)
(1.85504e-05 -5.01832e-05 0.0145347)
(1.39355e-05 -4.93323e-05 0.01451)
(1.96154e-05 -3.67467e-05 0.0145614)
(1.72721e-05 -3.69615e-05 0.0145526)
(1.44098e-05 -3.66701e-05 0.0145381)
(1.13199e-05 -3.58984e-05 0.0145136)
(1.43737e-05 -2.70006e-05 0.0145618)
(1.29143e-05 -2.70892e-05 0.0145541)
(1.10515e-05 -2.67996e-05 0.0145404)
(8.94478e-06 -2.6156e-05 0.0145163)
(1.05398e-05 -1.981e-05 0.014562)
(9.61945e-06 -1.98329e-05 0.0145551)
(8.38687e-06 -1.95771e-05 0.0145419)
(6.92993e-06 -1.90637e-05 0.0145182)
(7.7188e-06 -1.45006e-05 0.014562)
(7.13159e-06 -1.44919e-05 0.0145557)
(6.30471e-06 -1.42796e-05 0.014543)
(5.2868e-06 -1.38813e-05 0.0145195)
(5.63256e-06 -1.05715e-05 0.014562)
(5.2541e-06 -1.05498e-05 0.0145561)
(4.69366e-06 -1.03805e-05 0.0145438)
(3.97827e-06 -1.00778e-05 0.0145206)
(4.08079e-06 -7.65081e-06 0.0145619)
(3.83516e-06 -7.62616e-06 0.0145564)
(3.45324e-06 -7.49528e-06 0.0145443)
(2.95015e-06 -7.26931e-06 0.0145213)
(2.91813e-06 -5.46375e-06 0.0145619)
(2.75846e-06 -5.44097e-06 0.0145566)
(2.49865e-06 -5.34282e-06 0.0145447)
(2.14727e-06 -5.17771e-06 0.0145219)
(2.04124e-06 -3.81094e-06 0.0145618)
(1.93822e-06 -3.79216e-06 0.0145567)
(1.76363e-06 -3.72116e-06 0.0145449)
(1.52243e-06 -3.60404e-06 0.0145223)
(1.38381e-06 -2.55743e-06 0.0145618)
(1.31858e-06 -2.54313e-06 0.0145568)
(1.20406e-06 -2.49403e-06 0.0145451)
(1.04318e-06 -2.41438e-06 0.0145225)
(9.15728e-07 -1.62781e-06 0.0145618)
(8.75149e-07 -1.61734e-06 0.0145568)
(8.01604e-07 -1.58498e-06 0.0145452)
(6.96924e-07 -1.53367e-06 0.0145227)
(6.3382e-07 -1.01558e-06 0.0145618)
(6.07298e-07 -1.00743e-06 0.0145569)
(5.57803e-07 -9.85865e-07 0.0145454)
(4.87289e-07 -9.53412e-07 0.0145229)
(0.00491347 1.54439e-05 0.00282436)
(0.00424229 0.00375734 0.0058529)
(0.00210562 0.00815165 0.0063594)
(-0.00537061 0.0313633 0.00268969)
(0.000717496 0.00152454 0.0187516)
(0.00108627 0.002551 0.0185614)
(0.000464404 0.0038213 0.0146829)
(-0.000629613 0.00563593 0.0153571)
(0.000135725 -0.000478504 0.0116707)
(0.000247472 -0.000659658 0.0119441)
(9.34377e-05 -0.000872422 0.0115281)
(5.9106e-05 -0.001082 0.0115193)
(-5.78138e-05 -0.0008939 0.0133826)
(-2.36637e-05 -0.00122844 0.0135923)
(7.09965e-05 -0.00156485 0.0136579)
(0.000169271 -0.00175695 0.0137199)
(-0.000105152 -0.000771483 0.0140164)
(-0.000105772 -0.000987233 0.0141737)
(-1.69544e-05 -0.00118475 0.0142429)
(9.60814e-05 -0.00129027 0.0141996)
(-9.31876e-05 -0.000562315 0.0142447)
(-9.96301e-05 -0.000668795 0.0143253)
(-4.11222e-05 -0.000758068 0.0143458)
(4.52466e-05 -0.000803348 0.0142748)
(-5.90063e-05 -0.000390355 0.0143576)
(-6.55243e-05 -0.000435824 0.0143769)
(-3.14135e-05 -0.000469984 0.0143499)
(2.29464e-05 -0.000483946 0.0142552)
(-2.64627e-05 -0.000268764 0.0144112)
(-3.28544e-05 -0.000285491 0.0143917)
(-1.57997e-05 -0.000295507 0.0143323)
(1.41182e-05 -0.000296419 0.0142195)
(-5.02166e-06 -0.000186512 0.0144366)
(-1.10423e-05 -0.000191057 0.0143949)
(-4.13559e-06 -0.000191753 0.0143164)
(1.0421e-05 -0.000188431 0.0141924)
(6.07442e-06 -0.000131006 0.0144503)
(7.38101e-07 -0.000130915 0.0143965)
(2.38946e-06 -0.000128635 0.0143075)
(8.3816e-06 -0.000124626 0.0141771)
(1.04542e-05 -9.30667e-05 0.0144588)
(5.95262e-06 -9.15163e-05 0.0143986)
(5.20386e-06 -8.87181e-05 0.014304)
(6.84038e-06 -8.52086e-05 0.0141701)
(1.12082e-05 -6.6705e-05 0.0144646)
(7.54307e-06 -6.4933e-05 0.0144013)
(5.89056e-06 -6.24445e-05 0.0143038)
(5.51652e-06 -5.96918e-05 0.0141681)
(1.02793e-05 -4.81177e-05 0.014469)
(7.36934e-06 -4.65484e-05 0.014404)
(5.5369e-06 -4.45638e-05 0.0143052)
(4.37225e-06 -4.25074e-05 0.0141685)
(8.731e-06 -3.4861e-05 0.0144723)
(6.46242e-06 -3.35966e-05 0.0144067)
(4.76764e-06 -3.20893e-05 0.0143072)
(3.40986e-06 -3.05884e-05 0.01417)
(7.09122e-06 -2.53252e-05 0.0144749)
(5.34696e-06 -2.43509e-05 0.014409)
(3.90463e-06 -2.32336e-05 0.0143092)
(2.62332e-06 -2.21504e-05 0.0141718)
(5.59368e-06 -1.84209e-05 0.0144769)
(4.26742e-06 -1.7688e-05 0.0144109)
(3.0966e-06 -1.68703e-05 0.0143111)
(1.99529e-06 -1.60927e-05 0.0141736)
(4.32028e-06 -1.33943e-05 0.0144784)
(3.32175e-06 -1.28509e-05 0.0144125)
(2.40024e-06 -1.22571e-05 0.0143126)
(1.50229e-06 -1.17005e-05 0.0141752)
(3.27936e-06 -9.71437e-06 0.0144796)
(2.53508e-06 -9.31584e-06 0.0144137)
(1.82645e-06 -8.88726e-06 0.0143139)
(1.11965e-06 -8.48995e-06 0.0141765)
(2.44715e-06 -7.00208e-06 0.0144805)
(1.89906e-06 -6.71302e-06 0.0144147)
(1.3654e-06 -6.40607e-06 0.0143149)
(8.24441e-07 -6.12396e-06 0.0141775)
(1.78931e-06 -4.98479e-06 0.0144812)
(1.39252e-06 -4.77836e-06 0.0144154)
(9.99764e-07 -4.56138e-06 0.0143157)
(5.96912e-07 -4.36328e-06 0.0141783)
(1.27282e-06 -3.46849e-06 0.0144816)
(9.92737e-07 -3.32475e-06 0.014416)
(7.12e-07 -3.17498e-06 0.0143163)
(4.21336e-07 -3.03906e-06 0.0141789)
(8.73868e-07 -2.32297e-06 0.014482)
(6.82672e-07 -2.22691e-06 0.0144163)
(4.89017e-07 -2.12802e-06 0.0143167)
(2.86816e-07 -2.03916e-06 0.0141793)
(5.83491e-07 -1.47536e-06 0.0144822)
(4.56133e-07 -1.41527e-06 0.0144166)
(3.25981e-07 -1.35542e-06 0.0143169)
(1.88522e-07 -1.30373e-06 0.0141796)
(4.06457e-07 -9.17574e-07 0.0144824)
(3.16315e-07 -8.83409e-07 0.0144168)
(2.19802e-07 -8.52429e-07 0.0143172)
(1.23101e-07 -8.27152e-07 0.0141798)
)
;
    }
}


// ************************************************************************* //
