FoamFile
{version 2.0; format ascii;class vectorField; location 0;object  v;}
28
(
( -0.00772028 -0.0056616 -0.000868421 )  
( 5.65452e-08 -1.1495e-07 -2.44665e-09 )  
( 5.79479e-10 -3.38901e-07 -2.9608e-08 )  
( 0.0031391 -0.0019492 2.70138e-06 )  
( -0.000294747 0.00101063 3.76702e-05 )  
( 0.000106696 0.000337827 -3.4644e-05 )  
( 0.000757508 -0.0165993 0.000624753 )  
( 0.000659843 -0.000426188 -0.000112367 )  
( 0.0048137 -0.00306305 -0.00391313 )  
( 0.000207388 0.000341122 1.13464e-05 )  
( -0.00762485 -0.00354135 0.000376092 )  
( 0.0161784 -0.00148136 -0.00356819 )  
( -0.00722398 0.000406925 -1.23217e-05 )  
( 0.00649544 -0.00331416 -0.00034284 )  
( -0.0139563 -0.00915732 0.00641683 )  
( -0.00137142 -0.00217461 -3.64688e-05 )  
( 3.91642e-08 -8.42892e-08 4.18218e-08 )  
( -0.00366442 0.0016941 0.00147619 )  
( 0.00102515 0.00137291 -5.66117e-06 )  
( -0.00245857 0.00911599 -0.00253401 )  
( -0.0467404 -0.0140312 0.0323764 )  
( 0.000293977 -0.00401337 -0.000245473 )  
( -0.00626243 -0.010939 0.00416898 )  
( 0.000276846 0.000140273 2.46578e-07 )  
( 0.00115021 0.000228539 5.88339e-05 )  
( -0.00031791 -0.000154212 1.33554e-06 )  
( 0.00493374 0.00808087 -0.000385855 )  
( 0.00103432 -0.00124142 -9.44459e-05 )  
)
