FoamFile
{version 2.0; format ascii;class Cloud<passiveParticle>; location 0;object  positions;}
23
(
( 0.00238307 0.005083 0.00072127 ) 0 
( 0.000986759 0.00587283 0.000741829 ) 0 
( 0.000623554 0.0130274 0.000699259 ) 0 
( 0.0114518 0.00141077 0.00117275 ) 0 
( 0.00317286 0.00117676 0.000682603 ) 0 
( 0.00581774 0.011211 0.000717416 ) 0 
( 0.00581979 0.00936114 0.000754931 ) 0 
( 0.00563565 0.00183358 0.000678002 ) 0 
( 0.00504084 0.00802505 0.000684098 ) 0 
( 0.00374033 0.00427667 0.000682057 ) 0 
( 0.00735994 0.0104393 0.00105283 ) 0 
( 0.0036032 0.00260534 0.000679089 ) 0 
( 0.0039828 0.00712282 0.000677968 ) 0 
( 0.00884781 0.00961281 0.000682956 ) 0 
( 0.00677956 0.000839164 0.000739007 ) 0 
( 0.000971462 0.00332168 0.000801038 ) 0 
( 0.0113148 0.00594692 0.000712828 ) 0 
( 0.00762759 0.00432012 0.000683734 ) 0 
( 0.00849572 0.00174832 0.000678998 ) 0 
( 0.00989923 0.00367986 0.000683565 ) 0 
( 0.00907806 0.00607221 0.000730595 ) 0 
( 0.00331556 0.0122929 0.00069251 ) 0 
( 0.00244618 0.0107786 0.000693375 ) 0 
)
