FoamFile
{version 2.0; format ascii;class vectorField; location 0;object  v;}
23
(
( -0.00934435 -0.011567 0.00666187 )  
( -0.00859387 -0.00719765 0.00297625 )  
( 0.00347854 0.0077601 1.72201e-05 )  
( 0.00333964 0.0130769 0.000874445 )  
( 0.00144688 0.000534624 -0.000312844 )  
( -0.0523933 -0.0115968 -0.0282923 )  
( 0.0133997 -0.00639134 0.00975044 )  
( -0.0020392 0.000490981 4.0709e-05 )  
( 0.0159902 -0.0164532 0.00510978 )  
( -0.00756543 0.000208283 -0.00101952 )  
( 0.00259958 -0.00150947 0.000235649 )  
( 0.0046911 -0.0015151 -0.000419932 )  
( 0.0107293 -0.00753244 0.000211462 )  
( -0.00247246 -0.0127409 -0.00210731 )  
( 0.00701387 0.00652897 -0.00522352 )  
( -5.10666e-05 0.0172564 -0.010361 )  
( 0.020676 -0.0268524 0.0114489 )  
( 0.00857248 0.0132513 0.00242539 )  
( 0.0124237 0.00795211 0.000342122 )  
( 0.0149258 0.00970184 0.000223287 )  
( 0.0202519 0.00158009 0.00186767 )  
( -0.00176989 0.00231832 -0.000888413 )  
( 0.0019197 0.0199701 -0.00650799 )  
)
