FoamFile
{version 2.0; format ascii;class vectorField; location 0;object  v;}
20
(
( -6.12431e-06 -4.53573e-06 -2.03485e-06 )  
( -0.00107944 0.00502257 0.000385199 )  
( 0.000183672 -0.000480243 -7.47042e-07 )  
( 0.0138523 0.00633561 0.00311235 )  
( 0.00986541 -0.0192179 -0.00564834 )  
( -0.0134015 -0.00767417 -0.00466163 )  
( 0.00656752 0.00287097 -0.000738319 )  
( -0.00118304 -0.00278282 2.89297e-06 )  
( 0.00660306 0.00948244 -0.00245113 )  
( -0.00532827 0.0111284 0.00748866 )  
( 0.0406835 0.00178202 0.0259195 )  
( 0.0166564 0.000809431 -0.00803414 )  
( -0.0112007 -0.0083032 -0.000678413 )  
( -0.0158887 0.000561863 0.00344647 )  
( 0.0110758 0.000418947 0.00722245 )  
( -0.000769892 -0.00472931 -0.00098394 )  
( 0.0204681 0.00655387 -0.0026892 )  
( -0.000834638 -0.00751686 0.000250459 )  
( -0.00625382 -0.0138163 0.0012953 )  
( 0.00931497 -0.00404166 0.000459462 )  
)
